1.00029
1.0124
1.05769
1.00028
1.00035
1.01656
1.00027
1.0003
1.00022
1.00022
1.00557
1.00047
1.00036
1.00029
1.00027
1.03138
1.06049
1.00599
1.00241
1.00172
1.00027
1.07513
1.00793
1.07018
1.00023
1.00031
1.00041
1.00031
1.00039
1.01428
1.00031
1.09602
1.00044
1.00035
1.00032
1.02169
1.0002
1.0003
1.02663
1.00024
1.0002
1.01755
1.05709
1.00021
1.00211
1.00058
1.00194
1.00324
1.06312
1.0003
1.00614
1.0003
1.09488
1.00037
1.02724
1.06045
1.00375
1.02751
1.09425
1.12806
1.00028
1.03066
1.04799
1.00039
1.00026
1.00372
1.00022
1.00054
1.00021
1.05866
1.0004
1.03221
1.04135
1.00519
1.10411
1.08862
1.00021
1.00786
1.09206
1.00013
1.00538
1.00034
1.00027
1.00037
1.00023
1.0053
1.00025
1.00015
1.03891
1.00499
1.00029
1.15773
1.00218
1.05022
1.07211
1.00038
1.02275
1.01103
1.00028
1.00209
1.00024
1.02049
1.08224
1.00025
1.00108
1.00211
1.03694
1.00029
1.0003
1.02794
1.00163
1.01063
1.00032
1.00017
1.03867
1.00982
1.0004
1.00017
1.00033
1.00233
1.00035
1.06834
1.03322
1.05999
1.00024
1.08435
1.00029
1.07597
1.00191
1.00022
1.18072
1.00027
1.00028
1.01793
1.00032
1.00031
1.00017
1.00032
1.02774
1.001
1.00036
1.00025
1.08156
1.00023
1.00029
1.00049
1.0002
1.00244
1.0003
1.00179
1.00032
1.00033
1.06646
1.00033
1.00028
1.00033
1.00182
1.06115
1.31158
1.00216
1.00022
1.00014
1.10336
1.10959
1.0002
1.0045
1.00547
1.00046
1.00036
1.00035
1.04066
1.00032
1.00029
1.00016
1.02822
1.0018
1.0002
1.09387
1.00962
1.08432
1.07613
1.00124
1.03301
1.03912
1.0004
1.00783
1.0002
1.00037
1.00042
1.00393
1.00031
1.00022
1.00041
1.0004
1.05659
1.00357
1.03371
1.00023
1.00028
1.00646
1.09055
1.00015
1.00679
1.00039
1.00038
1.00249
1.00021
1.13755
1.03094
1.00049
1.00015
1.00022
1.0002
1.03173
1.00781
1.1003
1.00017
1.00017
1.00021
1.00035
1.00023
1.00307
1.00037
1.00375
1.00025
1.00562
1.00023
1.00034
1.00311
1.09353
1.00036
1.03876
1.00032
1.00066
1.00796
1.10704
1.06413
1.00042
1.00438
1.00036
1.00037
1.05984
1.00026
1.00028
1.00027
1.00022
1.00026
1.07418
1.00022
1.00046
1.02224
1.07164
1.00029
1.00175
1.00032
1.07563
1.00029
1.02742
1.00507
1.00025
1.00042
1.09619
1.00017
1.00052
1.0004
1.12713
1.07507
1.00029
1.03031
1.05734
1.00155
1.00333
1.00023
1.05643
1.00634
1.04992
1.09311
1.05928
1.00151
1.0457
1.00028
1.00038
1.05605
1.00029
1.03421
1.00532
1.00019
1.00047
1.00065
1.04882
1.00032
1.04004
1.00085
1.00028
1.10813
1.00029
1.05527
1.07352
1.01067
1.00032
1.0003
1.00034
1.00023
1.00016
1.00018
1.00023
1.00027
1.06898
1.00017
1.0089
1.00036
1.00033
1.00029
1.0003
1.00032
1.09989
1.00092
1.00016
1.00438
1.00328
1.00866
1.00108
1.13945
1.06542
1.00023
1.00209
1.01405
1.00026
1.00026
1.0002
1.0003
1.0003
1.00022
1.07537
1.00425
1.05726
1.08421
1.00026
1.02713
1.04578
1.03851
1.07252
1.00042
1.00031
1.00859
1.06253
1.00037
1.00032
1.00025
1.00423
1.00218
1.0003
1.00017
1.09284
1.00036
1.00026
1.00332
1.00258
1.00031
1.05275
1.03018
1.05405
1.0003
1.00023
1.06231
1.00034
1.0277
1.00028
1.05827
1.00066
1.00032
1.00446
1.00875
1.00321
1.00024
1.07695
1.0284
1.0007
1.00032
1.00025
1.00016
1.00024
1.00027
1.0002
1.00269
1.00132
1.07876
1.07421
1.02219
1.00025
1.05576
1.00416
1.0003
1.00032
1.00796
1.00729
1.00029
1.00023
1.05038
1.0056
1.06859
1.00026
1.00031
1.0206
1.00023
1.0037
1.00025
1.04711
1.00028
1.09999
1.06577
1.0953
1.0376
1.00022
1.00023
1.00015
1.00024
1.00767
1.00948
1.00124
1.0526
1.00032
1.11644
1.00245
1.00043
1.00024
1.0217
1.00024
1.09682
1.00023
1.00018
1.04004
1.06836
1.00878
1.00033
1.00029
1.00015
1.00017
1.03898
1.0299
1.00035
1.01576
1.00083
1.05151
1.00028
1.00015
1.02108
1.0004
1.00046
1.05554
1.00024
1.00086
1.06785
1.00022
1.00036
1.02788
1.05389
1.00028
1.04149
1.05751
1.00042
1.01498
1.00561
1.0006
1.00023
1.00046
1.00022
1.02466
1.09642
1.00018
1.00029
1.00034
1.00026
1.0023
1.00027
1.00047
1.06772
1.0003
1.11267
1.00024
1.05396
1.00026
1.0003
1.07623
1.00031
1.00023
1.00262
1.00027
1.00033
1.00046
1.00018
1.00016
1.00081
1.0002
1.0081
1.00027
1.04421
1.00968
1.00329
1.00933
1.00098
1.03548
1.08104
1.00018
1.00031
1.00426
1.00249
1.03364
1.00038
1.00028
1.00022
1.02723
1.34845
1.0003
1.00031
1.03711
1.00024
1.00029
1.0002
1.05131
1.00349
1.0517
1.00528
1.05425
1.00149
1.0003
1.00029
1.00714
1.07877
1.06371
1.00044
1.00023
1.00046
1.00372
1.03055
1.00378
1.06489
1.00023
1.00034
1.00156
1.00029
1.02329
1.00032
1.0043
1.00017
1.00168
1.00027
1.00024
1.04316
1.00019
1.00049
1.00247
1.00135
1.00252
1.00022
1.00022
1.00471
1.06563
1.00022
1.03958
1.00149
1.03291
1.00018
1.00028
1.00027
1.00025
1.07791
1.00031
1.00032
1.00048
1.05596
1.00059
1.07898
1.04669
1.00024
1.00039
1.02703
1.00138
1.00019
1.02898
1.00159
1.0003
1.00145
1.07205
1.00023
1.00506
1.00012
1.00029
1.00018
1.00033
1.0005
1.00023
1.00019
1.00882
1.00022
1.0005
1.00037
1.005
1.00457
1.10041
1.00029
1.00041
1.00041
1.0054
1.0002
1.00074
1.00028
1.00027
1.01564
1.00787
1.04276
1.00024
1.2409
1.00055
1.0853
1.00023
1.00036
1.00281
1.00023
1.00019
1.10608
1.00034
1.00125
1.03983
1.0002
1.00203
1.0021
1.00018
1.00029
1.00024
1.00025
1.1101
1.00034
1.00023
1.00243
1.00022
1.05539
1.00024
1.00863
1.00028
1.00023
1.06161
1.00025
1.00046
1.00234
1.05709
1.01179
1.0002
1.06073
1.0776
1.00224
1.00027
1.00037
1.00019
1.00021
1.00024
1.11794
1.00022
1.0004
1.0001
1.00046
1.04033
1.00029
1.00025
1.02964
1.0006
1.00617
1.04798
1.00031
1.03153
1.06237
1.00029
1.03249
1.08446
1.00039
1.0003
1.07739
1.00051
1.00144
1.00568
1.00065
1.00034
1.00016
1.00026
1.06735
1.00044
1.00038
1.00046
1.00026
1.04603
1.00036
1.02709
1.00027
1.00031
1.00036
1.00405
1.00289
1.03314
1.00136
1.00033
1.00026
1.00498
1.00898
1.00028
1.0003
1.00039
1.03492
1.00288
1.00245
1.00035
1.11539
1.00021
1.0079
1.00044
1.00032
1.00038
1.00023
1.0003
1.14361
1.00097
1.0004
1.00025
1.00027
1.00031
1.00024
1.00023
1.00033
1.00031
1.06909
1.00154
1.00242
1.01484
1.0002
1.00094
1.00546
1.03699
1.00359
1.00026
1.00038
1.03675
1.0003
1.09402
1.00016
1.02455
1.00905
1.00023
1.05811
1.00021
1.0004
1.00037
1.00702
1.00024
1.00017
1.00036
1.00033
1.00016
1.0267
1.00039
1.00529
1.00035
1.06998
1.07828
1.00019
1.0559
1.00036
1.00024
1.00028
1.00404
1.00387
1.17185
1.02584
1.00024
1.02202
1.00029
1.00062
1.00023
1.00137
1.12951
1.00341
1.00109
1.07808
1.09566
1.00021
1.00045
1.00022
1.00036
1.05623
1.00038
1.00032
1.01559
1.00038
1.00033
1.10266
1.00013
1.0002
1.00021
1.04883
1.04575
1.00033
1.00195
1.04978
1.00039
1.00763
1.00031
1.00024
1.00046
1.11127
1.00033
1.01414
1.00025
1.00038
1.00795
1.00018
1.00829
1.00035
1.01205
1.00028
1.00042
1.00042
1.00027
1.00023
1.00031
1.00024
1.00024
1.00028
1.00023
1.00034
1.01142
1.00021
1.00023
1.03859
1.02649
1.09739
1.00021
1.00093
1.016
1.00033
1.03692
1.00091
1.04798
1.10183
1.0002
1.00026
1.00021
1.00855
1.00036
1.08027
1.00021
1.00566
1.07934
1.00645
1.11014
1.00021
1.00035
1.06298
1.00045
1.00032
1.00031
1.00018
1.07529
1.04734
1.01162
1.00513
1.00028
1.00032
1.07351
1.15066
1.04094
1.0003
1.00027
1.03232
1.00037
1.00016
1.02628
1.03852
1.0385
1.00023
1.00019
1.00024
1.0003
1.00037
1.00288
1.00281
1.03214
1.0043
1.00033
1.03209
1.01921
1.00027
1.04689
1.09133
1.05501
1.00129
1.00032
1.00043
1.00148
1.0001
1.07532
1.00131
1.00024
1.00028
1.00018
1.07072
1.00031
1.07913
1.00637
1.00035
1.00049
1.00502
1.00595
1.00025
1.00525
1.031
1.00021
1.00023
1.00029
1.0035
1.05499
1.00027
1.00023
1.09598
1.06071
1.0577
1.00027
1.03688
1.08297
1.03559
1.0936
1.00023
1.00031
1.00012
1.00023
1.08962
1.10855
1.00068
1.00021
1.00048
1.00015
1.00687
1.0002
1.02069
1.0003
1.00029
1.00019
1.001
1.00714
1.02081
1.0004
1.04734
1.00026
1.0003
1.00017
1.00023
1.00036
1.00038
1.00664
1.00045
1.07537
1.00024
1.02614
1.01048
1.00029
1.00251
1.00034
1.00812
1.00044
1.10908
1.00324
1.0002
1.08377
1.0003
1.07802
1.06282
1.00024
1.13966
1.02919
1.11684
1.0183
1.00035
1.00035
1.00036
1.05332
1.04293
1.04878
1.00594
1.00023
1.0003
1.00241
1.00036
1.00131
1.02167
1.00019
1.00026
1.00469
1.00148
1.00321
1.00118
1.00039
1.0003
1.00039
1.06261
0.771408
0.522714
0.837367
0.689603
0.905496
0.830345
0.818282
0.601819
0.872706
0.983812
0.760781
0.608301
1.00029
0.91058
0.957277
1.05686
0.634481
0.738482
0.683215
1.00589
1.07513
0.746428
1.07018
0.982655
0.555452
0.944482
0.862599
0.708204
1.01428
0.759461
0.799107
0.750438
1.20719
1.00032
0.647971
0.79691
0.994188
0.701644
0.524941
0.965345
0.870043
0.903082
0.687768
0.756769
0.839518
0.940333
0.990088
0.875493
1.25334
1.06593
1.0003
0.681248
0.667603
0.92489
0.816133
0.935784
0.805431
1.09425
1.12806
0.936521
0.731745
0.996902
1.00039
0.864611
0.585937
0.821068
1.09248
0.849577
0.694591
0.890358
0.722435
1.02952
0.620036
1.10411
0.58805
0.750664
0.847712
1.09206
1.00013
1.00538
0.767201
1.00027
0.787964
0.747857
0.719862
0.994989
0.507663
0.937844
0.667425
0.730751
1.03462
0.686049
0.788694
0.706704
0.99844
0.858119
0.78109
1.00028
0.748635
0.799987
0.87118
0.932841
0.846529
0.997743
0.961789
0.890567
0.745622
0.642439
0.749935
0.721724
0.804861
0.981976
0.986121
0.767379
0.961026
0.632009
1.00017
1.01268
1.01783
0.800391
0.953918
0.816282
0.768729
0.66445
1.08435
0.734701
0.893769
0.72793
1.06151
1.18072
0.796882
0.58637
0.971328
1.00032
0.851114
0.665005
0.756954
0.818801
0.943398
0.828108
0.84539
1.08156
1.09029
0.599118
0.601208
0.767359
0.677904
0.750689
0.942829
0.808882
0.731802
0.648311
0.983855
0.711293
0.596461
0.591881
0.902737
1.02129
0.734479
0.673844
0.823007
0.931129
1.00671
0.73149
1.0045
0.986133
0.714399
0.782569
0.821169
0.719982
0.640445
0.820522
0.642855
0.791012
0.441813
0.84355
0.746547
0.576956
1.08432
1.07613
1.00124
0.745751
0.982527
0.696967
0.678926
0.753542
1.02001
1.00042
0.919746
1.06292
0.913697
0.744346
0.772305
1.05659
0.979392
0.499891
0.511175
0.841316
0.928468
0.560166
0.560912
0.96854
0.875323
0.534139
0.770786
0.909497
0.711507
1.03094
0.883979
0.820485
0.791391
0.808026
0.469852
1.00393
0.724249
0.70397
0.722832
0.882437
1.04234
0.794554
0.747036
0.780068
1.00375
0.746849
0.759132
0.711256
0.80168
0.832361
0.878567
0.784417
1.03876
0.863608
0.777844
0.891521
1.10704
1.06413
0.947976
1.03229
0.728588
0.694767
1.12891
0.779443
0.848939
0.768411
0.753964
0.848938
0.766242
0.65063
0.951449
0.972883
1.04587
0.978298
0.859218
0.568235
1.07563
0.607043
0.581198
0.904487
0.700129
1.01149
1.11037
0.666645
0.752742
0.673656
1.12713
0.774921
1.01408
0.818714
0.76654
0.734016
1.00333
0.963865
0.601181
1.00634
0.804527
1.09311
0.931444
0.990239
1.06581
0.783855
0.62564
0.958429
0.984607
0.630373
0.886985
0.953923
1.04618
0.801576
0.629265
1.00032
0.710603
0.688087
0.794799
1.10813
0.685786
0.951716
1.07352
0.661207
0.65948
0.939532
0.792688
1.03362
0.75251
0.960333
0.933394
0.994111
0.908698
0.889213
0.73978
1.03051
0.683006
0.769759
0.757019
0.694755
1.08067
0.607603
0.852109
0.766137
0.770607
0.821333
1.00448
0.708549
0.840314
1.00572
1.00209
1.07457
0.740918
0.565756
0.670806
0.775337
0.742376
0.745387
1.07537
0.9966
0.791689
0.700592
0.98089
0.675007
1.04578
0.84521
0.776801
0.661387
0.849378
1.00859
0.685504
0.783166
0.764929
1.01712
1.01823
1.00218
0.785507
0.636018
1.06058
0.563673
0.670176
1.00329
1.00225
0.788211
0.756364
0.644189
0.832463
0.777867
1.00023
0.969789
0.735181
0.762016
0.693031
0.843908
0.828051
0.887967
1.12951
0.979892
0.87404
0.745258
0.540547
0.824059
0.720189
0.844593
0.873761
0.789925
0.847551
0.962524
0.741522
0.815262
0.657655
1.0592
0.871392
0.643602
1.02107
0.696126
0.727851
0.807029
0.824209
0.929628
0.889963
0.765981
0.705655
0.894337
0.725963
0.852133
0.667181
0.831385
0.88733
0.737121
0.759333
0.60524
0.940036
0.661869
0.818024
1.04364
1.0953
0.819185
0.914145
0.772926
0.940962
0.987362
1.00767
0.869356
0.71424
1.0526
0.893398
0.643474
0.509241
0.740737
1.00012
1.16315
0.787979
0.962078
0.786973
0.793515
0.67135
0.861984
0.985336
0.956157
0.808963
0.76792
0.750499
0.793366
0.662085
0.813233
0.772406
0.893042
0.94849
0.773801
0.686786
0.683712
0.714831
0.822665
0.667248
0.791589
0.637847
0.827378
0.859022
0.941482
0.907202
0.921852
1.00028
0.866045
0.805451
0.627466
1.01498
0.923275
0.510998
0.855747
0.744136
0.670304
0.662204
1.09642
0.71608
0.960188
0.839573
0.904754
0.986142
0.708888
0.831326
0.752343
0.562286
1.10053
0.615979
0.769914
0.799267
0.81226
1.01817
0.921448
0.773938
0.832448
0.78679
0.897906
1.00046
0.734437
0.576213
0.713316
1.09225
0.856791
0.792017
0.661864
0.903532
0.76387
0.99546
0.399924
0.680715
1.08655
0.711667
0.731047
0.730216
1.00249
0.81692
0.825504
0.823201
0.958819
0.903007
1.05489
0.67623
0.70705
0.830236
0.67165
0.666132
0.696316
0.795776
0.993942
1.06289
0.759081
0.787597
0.754467
0.450185
0.779642
1.0532
1.04619
0.753262
1.00044
0.732376
1.03257
0.716254
0.995091
0.912173
0.933726
0.599042
0.739531
1.00736
0.799223
0.680122
0.919944
1.04373
0.868031
0.782014
0.859369
0.674968
1.09724
0.732574
0.677853
0.886975
0.723421
0.963859
1.0201
0.919411
1.00471
1.02725
0.694842
1.03958
1.0855
0.785339
0.84428
0.761736
0.854723
0.74509
1.0835
0.683828
0.686451
0.958424
0.845902
1.00417
0.717748
1.01767
0.742187
0.777278
1.03215
0.981469
0.611034
0.902119
1.00486
1.0003
0.90594
1.02771
0.712004
0.654663
0.759508
0.987648
1.00018
0.901122
0.499244
0.879193
0.702616
0.652743
0.638795
0.960608
0.747501
1.005
0.882747
0.704197
0.506823
0.934421
0.881983
0.790861
0.861554
0.72637
1.00028
0.645388
0.782738
0.706631
0.956795
0.827027
1.2409
1.00055
0.942764
1.00023
1.09509
0.711455
0.589335
0.824241
1.0817
0.93651
0.7085
0.610143
0.841533
0.85319
0.710328
0.86778
0.753827
0.623513
1.04678
0.788764
0.728615
1.0002
0.711688
0.822677
0.879191
0.864951
1.00815
0.992344
0.834207
0.658318
0.986877
0.991914
0.774193
0.871924
0.759826
0.830026
0.996214
0.7755
1.02991
1.04193
0.69573
0.697036
0.870152
0.756153
1.11794
0.606432
0.915606
0.952668
0.944871
0.919695
0.662533
0.688991
1.08165
0.666213
1.00232
0.742435
0.816919
0.990553
1.06237
0.93523
0.592298
0.896224
0.602356
1.01558
1.07739
0.98999
1.0111
0.830434
0.868283
1.00797
0.81599
1.00026
0.983133
0.825882
0.611022
0.729094
0.872691
0.940535
0.905761
0.971965
1.00027
0.746273
0.6698
0.824357
1.00289
0.749589
0.882961
1.00033
0.961017
0.848687
1.00642
0.570157
0.945922
0.738894
0.685003
0.933128
0.563578
0.652664
1.11539
0.787855
1.0079
0.941529
0.917853
0.893641
0.735891
0.836493
1.14361
0.975158
0.796991
0.780981
0.824591
0.844462
0.823029
0.80015
0.517158
0.969746
0.969037
0.996412
1.00242
0.876772
0.609686
0.779802
0.886343
1.0473
1.00359
0.733176
0.843598
0.759909
0.662952
0.958052
0.677284
0.972127
0.810493
1.00023
0.961541
0.532309
0.890138
1.00032
0.784729
0.8749
0.457809
0.973128
0.960748
0.978301
0.911362
0.732079
1.00529
0.770433
0.961031
0.707256
0.683151
0.613943
0.749574
0.692569
1.00664
0.945347
1.00387
1.24059
1.02584
0.676844
0.85575
0.945783
0.873229
0.634711
0.649686
1.12951
1.00341
1.00109
0.873511
1.10375
0.805999
0.776556
0.535035
0.99329
1.05623
0.800607
0.86819
1.0063
0.812957
0.69622
0.850522
0.957735
0.441128
0.755898
0.692929
1.01695
0.870783
0.795163
1.03452
0.801914
1.00763
0.864296
0.769256
0.678605
0.849341
1.00033
0.642556
1.02647
0.774862
0.693969
0.897495
1.03772
0.931713
1.01205
0.787479
0.985951
0.96421
0.792187
0.720477
0.937514
0.758856
0.706186
1.00988
0.762111
0.979635
0.688772
1.03018
0.828562
0.995019
0.596519
0.79924
0.569191
0.930692
1.016
0.953146
1.03989
0.758564
0.908867
0.972516
0.985035
0.842144
0.850546
0.761301
0.7137
0.931275
0.804342
0.919227
0.925205
0.847256
1.09663
0.589779
0.961481
0.673508
1.00041
0.793539
0.737375
0.721265
0.894465
0.993554
0.851016
1.05227
1.07397
0.733633
0.789228
1.15066
0.819797
0.986524
0.81863
0.840608
0.656587
0.618096
0.848099
0.730643
0.79823
0.619789
0.691535
0.666058
0.738359
0.708485
0.760869
0.797075
1.00684
0.791065
0.966526
0.886934
0.788491
0.778472
0.782893
0.850726
0.808821
0.90185
1.00032
1.00043
0.953813
1.0001
1.07532
0.809201
0.551512
0.803428
1.00015
0.770448
0.741051
1.07913
0.712837
0.686044
0.485188
0.96435
0.762895
0.872295
0.813316
0.856315
1.00021
0.833013
0.563668
0.91621
0.754079
0.890556
0.808588
0.995094
0.978042
0.826165
0.697011
1.08561
1.0243
0.774962
1.12011
0.825505
0.820936
1.0224
0.549415
0.933349
0.693167
0.744194
0.735446
0.576082
0.710569
0.647975
1.0002
0.658044
0.826462
0.976804
0.893752
0.765877
0.733939
0.717753
1.01046
1.00203
0.591515
0.876233
1.03571
0.711096
0.812581
0.958529
0.974003
1.03023
0.869069
1.00003
0.832785
0.836094
1.01646
0.941825
0.617841
0.635308
0.713047
0.873702
0.804663
0.701599
0.686854
0.80895
0.93778
1.02351
0.683854
1.19162
0.954349
0.926815
0.687711
0.935939
0.866945
0.835844
0.831848
1.04293
0.694919
0.607174
0.808544
0.857309
0.688717
0.795385
0.807607
0.55458
0.683368
0.986568
0.912744
0.842832
0.98612
0.682694
0.702439
0.761987
0.9218
