0.855464
1.00027
1.0904
0.824623
0.960113
0.765959
0.695606
0.772678
0.802968
0.843814
0.505722
0.779736
0.984221
0.764186
0.615559
0.766284
0.73163
0.878271
0.671205
0.834521
0.856166
1.1595
0.8341
0.642207
1.00046
0.885757
0.977488
0.702567
0.952202
0.858883
0.997107
1.0583
1.00111
0.778507
0.643828
1.02892
1.00613
1.10701
1.00022
0.939722
0.641845
1.03156
0.584547
0.785527
0.710292
0.867836
1.00043
0.700626
0.619159
0.693384
0.653096
0.96314
0.672025
0.911803
0.955194
0.870913
0.74182
0.781403
0.866761
1.01215
0.72777
0.833448
0.797286
0.895382
0.74308
1.127
0.675338
0.735555
0.589757
0.766355
1.05589
1.04627
0.853906
0.800172
1.06263
0.834324
1.06742
0.64338
0.687082
0.90584
0.887372
0.853967
0.838129
1.05289
0.706163
0.891475
1.00735
0.898192
0.549523
0.923318
0.826998
0.75102
0.693973
0.904475
0.643502
0.850979
0.977712
0.799309
1.13326
0.615471
0.818576
0.760928
0.778515
0.715203
0.765651
1.06705
0.896344
1.0067
0.569852
0.614193
1.0003
1.20766
0.702407
1.00695
0.777889
0.828033
0.878189
0.967508
0.598803
0.75826
0.711137
0.720072
0.887936
1.02586
1.01109
0.661599
0.91257
1.04222
0.778744
0.852519
1.00025
0.853159
0.917138
0.670601
0.821131
0.93935
0.807465
0.896392
0.75454
0.990346
0.818684
0.920725
0.904596
1.02847
1.04801
1.08395
0.694375
1.11576
0.952364
0.905275
0.825719
0.873241
0.857945
1.04667
0.994258
0.668358
0.976825
0.837358
1.05931
0.631135
0.645988
1.00043
0.605209
1.01049
1.10216
0.765767
0.67445
0.72589
0.837645
1.01192
1.00246
0.926814
0.666072
0.763669
0.986581
0.812379
0.9697
1.00303
1.04871
0.613184
0.872778
0.797844
0.942373
0.746162
0.764823
1.04309
1.05057
0.745269
0.685649
0.686354
0.797384
1.03315
0.845544
1.10301
0.778404
0.745172
0.916565
0.766316
0.817576
0.779102
0.976416
0.819064
0.772662
0.678799
1.08412
0.976917
0.771137
0.826444
0.766121
0.733496
0.954589
0.832757
0.825283
0.735252
0.979903
0.835252
0.915098
0.830917
1.08685
0.698487
0.794594
0.822004
1.00383
0.662262
0.682589
1.10138
1.16752
0.836809
0.758795
0.986784
0.691931
1.07898
0.774342
0.796154
1.00025
0.793973
0.862339
0.689364
1.00964
0.849231
0.950073
0.652054
0.947712
0.591657
0.935814
0.902594
1.2986
0.779753
0.867627
0.781016
0.868933
0.72153
0.778882
0.744243
0.741916
0.782603
0.710488
0.863983
0.727303
1.02284
0.689883
0.959368
0.948094
0.69918
1.02277
0.814412
0.929337
0.898947
0.787173
1.03819
0.723787
1.00093
0.873822
0.637784
0.649318
0.742995
0.81032
0.778482
0.747042
0.854264
0.733883
0.991319
1.07941
0.841042
0.661091
0.76513
0.760616
0.869419
0.907605
1.11739
0.810695
0.749553
1.00037
0.719649
0.946321
0.589583
0.563246
0.736967
0.763576
1.07186
0.888264
0.839542
0.711282
0.833666
0.888167
0.717987
0.970491
0.732414
0.71646
0.598969
1.23363
0.898458
1.08867
0.717949
0.777672
0.748491
1.00374
0.901534
0.748083
0.591727
0.957634
1.01195
0.688509
0.998642
0.497563
1.06867
1.15235
0.843627
0.912646
0.715686
0.71127
0.849692
1.0686
0.709006
0.672301
0.638188
0.947361
0.99198
1.11113
0.888839
1.00009
0.757314
0.997362
0.687046
0.720838
0.844592
0.828824
0.919653
0.757083
0.821406
0.802104
1.09674
0.932667
0.711497
0.741905
0.767024
0.719724
0.781158
0.839474
0.970957
1.0116
1.14266
0.645227
1.00024
0.691806
0.978128
0.928934
0.674002
1.00129
0.775723
0.783232
0.918824
0.99531
1.00475
0.924393
0.925257
0.636548
0.581509
0.804461
1.04751
0.738475
0.868244
0.856905
0.848688
1.2177
0.966312
0.731669
0.702627
1.02149
0.821698
0.43695
1.04982
1.00027
0.828847
0.764575
0.818424
0.839348
0.783081
0.884359
1.1062
0.835471
0.627752
0.857771
0.980639
0.855011
0.859075
0.684781
0.660752
1.07861
0.707823
0.6303
1.00025
0.715665
0.755667
0.849188
0.632194
0.646063
1.07135
0.665529
0.953271
0.665007
1.29154
0.931269
0.724948
0.61488
1.00028
1.14102
0.706962
0.947804
0.656744
0.772407
0.651113
1.00072
0.781593
0.987839
0.971377
0.822501
0.685298
0.748236
0.957189
1.00123
0.974307
0.898084
0.847647
0.550315
0.744972
0.736052
0.950219
1.00522
0.768208
0.657407
0.916051
0.920827
0.99553
1.02305
1.00784
0.902457
0.866369
0.534535
0.803605
0.686376
1.14405
0.857793
0.759612
0.736263
0.687974
0.800089
0.703529
0.946769
0.889321
1.09477
0.753777
0.855697
0.629772
0.699793
0.980342
0.855267
1.04211
0.750914
0.86182
0.984087
0.87616
0.742057
0.735551
0.947598
1.00046
0.844294
0.788457
0.786212
0.877203
1.00979
0.78251
0.904181
0.810355
1.01558
1.05043
0.922591
0.847374
1.00257
0.971643
1.0556
1.08156
0.859673
0.693033
0.783523
1.05995
0.836377
1.00031
0.890477
0.684156
1.07022
0.751241
0.719474
0.623059
0.635971
1.06949
0.728289
0.72737
0.945342
0.811603
0.901047
0.652548
0.625484
0.977453
0.941537
1.00024
0.601028
0.734397
0.805003
1.02268
0.766455
0.830922
0.545975
0.862442
0.954927
0.429332
0.910095
1.10596
0.799194
0.641093
0.633162
0.925088
0.871921
0.712732
0.771953
1.00642
1.08252
1.06947
0.989687
0.974883
1.05152
0.794368
0.793872
0.919314
0.71354
0.9283
0.886114
1.07024
0.546987
0.952067
0.823125
0.695803
1.0092
0.78274
0.605198
0.751262
0.861311
0.979762
0.838082
0.836009
0.584702
1.04136
0.843465
0.926702
0.892646
0.915736
0.883644
0.830424
0.58921
0.911795
0.734706
0.788548
0.796246
0.785798
0.875792
0.758522
1.03397
0.801055
0.79327
0.989731
0.687041
0.977981
1.04938
1.09502
0.984645
0.707388
0.975739
0.749882
0.671046
0.682281
1.11368
0.771607
1.06195
0.986099
0.835711
0.641989
0.777721
1.06667
0.861147
0.930921
0.49018
1.00648
0.794499
0.861941
0.778468
0.73614
0.879401
0.911311
1.0055
0.88337
0.609341
0.850172
1.01308
0.82969
1.04655
1.03121
0.831982
0.903316
1.02274
0.883689
0.60205
0.582027
1.01221
0.804989
0.948623
0.912517
0.736531
0.713255
0.543593
0.914588
0.689669
1.05382
0.918981
0.638698
0.856282
0.77642
0.618949
1.01286
0.747032
0.86738
0.612362
0.910022
1.01281
1.03053
1.07367
0.709707
0.957493
1.11656
0.686387
0.969514
0.76396
0.850878
0.89961
0.999681
1.08429
0.875668
0.786641
0.92355
0.786805
0.734617
0.827103
0.82853
0.775733
0.636382
0.827927
1.09057
0.869163
0.99648
0.99028
1.00838
0.602968
0.891449
0.814063
0.599829
1.00922
0.861759
0.642818
0.826052
0.723973
0.850504
1.17241
0.755948
0.796676
0.87596
0.806147
1.0222
0.632088
0.805364
0.865903
0.663552
0.881253
0.530206
0.814351
0.834808
0.914799
1.00016
0.612535
0.842598
0.881428
0.734541
1.00002
0.870698
0.743091
1.22593
0.976573
0.73257
0.622864
1.00166
0.702604
0.993239
1.11212
0.800146
0.951538
0.833382
1.0271
0.777669
0.724643
0.93237
0.852383
0.777125
0.97764
0.976957
0.925714
0.785934
0.693478
0.781428
0.735401
1.02383
0.729629
0.749791
0.907688
0.727238
0.864638
0.784238
0.883498
1.00006
0.830116
1.08264
1.00049
0.654585
0.757511
1.0027
0.978065
0.980392
0.998708
0.87875
0.658447
0.954309
0.828348
0.978326
0.824329
0.717953
0.806206
1.01913
0.69038
0.875061
0.817191
0.614772
1.02405
0.762716
1.09955
0.896098
0.714034
0.720745
1.0433
0.725109
0.957395
0.623155
0.920578
1.08467
0.711601
1.00612
1.02504
0.717989
0.817031
0.824616
1.05192
0.851392
0.790648
0.886209
0.967217
0.727895
0.808128
0.760104
1.02953
0.88678
0.965638
0.660347
0.855614
0.670476
0.679302
0.707273
0.689405
0.714635
0.732035
0.912303
1.13207
0.763407
0.805832
0.900759
0.868842
0.556437
0.802166
0.964039
0.916582
0.767018
1.01138
0.566112
0.951716
1.10148
1.01219
0.691919
0.706755
1.00028
0.778476
0.922691
0.993159
0.750807
1.10427
0.753096
0.739523
0.629995
0.876684
1.10787
0.73741
0.856846
1.08213
1.00094
0.709223
0.852851
1.05765
0.570999
0.747362
0.918176
0.925952
0.769725
0.852129
1.17573
0.830581
0.918272
0.62705
0.809178
1.01218
0.828152
1.01564
1.0079
0.968777
0.877374
0.877675
0.834743
0.812082
0.729758
0.782134
0.519334
0.884309
0.828395
1.09488
1.00036
1.02268
0.794959
0.881522
0.656718
0.849145
0.664234
0.824718
1.00669
0.794126
0.866667
0.512258
1.01379
0.998683
0.925445
0.639455
0.774571
0.986766
0.756701
0.866167
0.576338
0.845091
0.784181
0.806306
0.797595
0.71776
0.946069
0.589372
0.877559
0.708619
0.595771
0.900255
0.745019
0.752722
0.781924
1.11372
0.688348
0.792868
0.897121
0.607769
0.975437
0.677623
0.757346
0.720283
0.823536
0.724323
0.753549
0.681605
0.904806
0.665627
0.771008
1.01676
0.791764
0.854198
0.76833
0.850874
0.915234
0.715767
0.87682
0.854016
0.735885
0.796137
0.953318
0.680704
0.864653
0.744943
1.05682
0.743605
0.967211
0.801457
0.769833
0.86472
0.992875
1.04989
1.09556
1.00023
1.04326
0.597364
1.00143
0.998666
0.904283
1.08722
1.07125
0.81029
0.81913
0.734103
0.656458
0.89595
0.951437
0.683162
0.929032
0.589586
0.86487
0.782933
0.926605
0.972129
1.08379
1.08707
0.832763
0.73793
0.886196
0.72835
0.821275
0.767274
0.668168
1.06299
1.01255
0.919308
0.863945
0.813594
0.736035
0.973801
0.659929
0.718915
0.934682
0.855859
0.781711
0.870157
1.10955
0.682587
0.94926
0.727059
0.89877
0.869404
0.775652
0.934402
0.605601
0.798308
0.720285
1.00873
0.672863
0.805914
0.77306
