1.00023
1.00022
1.02082
1.00017
1.00024
1.00019
1.01615
1.00023
1.00016
1.00029
1.00992
1.00022
1.06947
1.06815
1.0003
1.03596
1.08895
1.00448
1.00882
1.06241
1.0003
1.08345
1.00033
1.011
1.00028
1.00623
1.04568
1.00025
1.04628
1.00122
1.00028
1.0433
1.04481
1.00076
1.0049
1.04899
1.04174
1.00241
1.00142
1.00044
1.00026
1.00032
1.11733
1.09339
1.00024
1.00116
1.07762
1.00024
1.00036
1.00019
1.01006
1.00032
1.00057
1.00025
1.07049
1.04596
1.03205
1.05306
1.06441
1.00026
1.00027
1.00305
1.00019
1.14778
1.05605
1.01753
1.03415
1.00339
1.00031
1.0069
1.00016
1.00645
1.20841
1.00029
1.00083
1.11996
1.13401
1.00022
1.00023
1.0015
1.04795
1.07824
1.07592
1.01383
1.07569
1.00012
1.08786
1.00022
1.02932
1.09979
1.11352
1.08376
1.00036
1.00025
1.05469
1.00019
1.00018
1.06066
1.0499
1.00022
1.00035
1.00071
1.00026
1.00478
1.00034
1.00031
1.00007
1.0002
1.00025
1.00026
1.00373
1.00211
1.00162
1.00027
1.00041
1.0521
1.03867
1.00848
1.00019
1.02666
1.00035
1.04521
1.00017
1.05972
1.04668
1.00182
1.00024
1.00206
1.00263
1.03235
1.00028
1.03743
1.00019
1.0003
1.00079
1.00031
1.07149
1.04347
1.00541
1.08482
1.02049
1.21052
1.00025
1.07068
1.01411
1.09953
1.0893
1.00728
1.00027
1.07145
1.00019
1.00041
1.00021
1.0002
1.00017
1.06606
1.00029
1.06843
1.00022
1.0508
1.00031
1.00015
1.01522
1.0013
1.06691
1.0003
1.0002
1.00022
1.00024
1.00021
1.00021
1.00124
1.00027
1.00202
1.00213
1.00022
1.01222
1.08732
1.00033
1.0023
1.00655
1.00053
1.0002
1.00016
1.11272
1.00019
1.0003
1.00028
1.00033
1.0002
1.03078
1.00018
1.1042
1.00229
1.00946
1.05367
1.06966
1.09529
1.00026
1.00027
1.00024
1.02013
1.00028
1.007
1.0023
1.06768
1.00829
1.01176
1.06925
1.00028
1.00043
1.00019
1.00033
1.00592
1.02413
1.06412
1.00013
1.00035
1.0002
1.00148
1.00017
1.04547
1.05346
1.10187
1.01211
1.01822
1.00245
1.13397
1.00298
1.00021
1.00251
1.09899
1.0002
1.00017
1.05655
1.00021
1.00021
1.00039
1.00027
1.08322
1.06181
1.0198
1.0178
1.0789
1.00023
1.01119
1.00353
1.00613
1.01878
1.00028
1.02231
1.01743
1.0097
1.03075
1.00021
1.0044
1.13598
1.10757
1.00019
1.00022
1.03218
1.00014
1.02441
1.04528
1.00026
1.00027
1.05089
1.04679
1.00678
1.00035
1.05741
1.03541
1.05687
1.08168
1.00022
1.00017
1.08818
1.01224
1.00021
1.00268
1.01865
1.00023
1.06285
1.00054
1.01048
1.01259
1.00033
1.03659
1.09028
1.0319
1.00022
1.00032
1.12708
1.00025
1.00022
1.00043
1.00023
1.03067
1.04932
1.00021
1.00031
1.00425
1.00786
1.00024
1.00022
1.01908
1.00582
1.00018
1.06656
1.04221
1.00033
1.00045
1.06855
1.00079
1.01258
1.10715
1.0396
1.00036
1.00018
1.10358
1.00018
1.00016
1.01575
1.00185
1.00214
1.00026
1.06389
1.00042
1.00363
1.04861
1.07826
1.00022
1.00027
1.00029
1.00024
1.00028
1.00019
1.01217
1.01203
1.04151
1.028
1.00005
1.04671
1.00033
1.00027
1.0052
1.06926
1.00173
1.07832
1.00037
1.00029
1.00405
1.03375
1.00021
1.00027
1.00267
1.03159
1.04655
1.00332
1.00026
1.00844
1.00027
1.00526
1.00024
1.03902
1.07881
1.00025
1.00027
1.00593
1.02704
1.00031
1.00023
1.01788
1.00019
1.00047
1.00255
1.0013
1.03232
1.00019
1.00408
1.05413
1.0005
1.0576
1.00027
1.00926
1.00896
1.00017
1.00025
1.14192
1.00021
1.00034
1.02026
1.05622
1.00084
1.00017
1.01441
1.0003
1.01631
1.03588
1.06072
1.00028
1.10996
1.0003
1.00017
1.0013
1.11646
1.00029
1.00026
1.00025
1.00015
1.00002
1.00118
1.00748
1.0013
1.12973
1.00164
1.00836
1.00029
1.06032
1.00024
1.00337
1.00022
1.00023
1.00023
1.00352
1.00017
1.0002
1.04541
1.00031
1.0002
1.0933
1.00026
1.0003
1.12376
1.00029
1.06909
1.0326
1.0649
1.00037
1.02485
1.07261
1.08238
1.09351
1.00031
1.03009
1.00015
1.00023
1.00029
1.09173
1.00024
1.05154
1.00881
1.00028
1.06557
1.12047
1.04048
1.00018
1.00023
1.00028
1.04318
1.00025
1.00024
1.00583
1.00016
1.12527
1.00087
1.00022
1.06996
1.00029
1.00411
1.00036
1.07834
1.00013
1.02979
1.00014
1.00021
1.00024
1.00018
1.01824
1.01192
1.01678
1.00026
1.00019
1.05005
1.08362
1.0689
1.00352
1.03247
1.0002
1.00247
1.05425
1.09895
1.21052
1.00648
1.00106
1.03377
1.00026
1.00019
1.00302
1.06884
1.00032
1.00369
1.00023
1.00027
1.00018
1.00035
1.00025
1.0037
1.00034
1.0003
1.00132
1.00027
1.00031
1.02879
1.00826
1.00313
1.00027
1.08836
1.02341
1.00453
1.00024
1.08701
1.00028
1.00018
1.00315
1.05461
1.00257
1.11832
1.09078
1.00019
1.0085
1.0787
1.00192
1.10007
1.13106
1.00019
1.05121
1.00026
1.03325
1.00023
1.0002
1.00021
1.00082
1.00027
1.04315
1.00567
1.0058
1.002
1.00727
1.00025
1.00336
1.0428
1.00535
1.00029
1.05546
1.04313
1.00248
1.0745
1.00033
1.13738
1.02686
1.05107
1.00022
1.00047
1.02135
1.0003
1.00016
1.00022
1.00217
1.01504
1.0002
1.03582
1.00241
1.00029
1.00097
1.05696
1.01717
1.00014
1.00021
1.01654
1.00028
1.05729
1.06217
1.00018
1.0003
1.05976
1.04089
1.0003
1.00249
1.01372
1.00499
1.00028
1.0015
1.02049
1.00138
1.0506
1.04036
1.00019
1.00749
1.00018
1.00242
1.00023
1.0172
1.0002
1.00035
1.00028
1.00017
1.00024
1.01523
1.00027
1.02182
1.07827
1.00365
1.00609
1.04202
1.00378
1.00022
1.00027
1.00522
1.00009
1.00021
1.00551
1.00026
1.00016
1.00026
1.05984
1.00029
1.02724
1.05718
1.00609
1.04818
1.04459
1.03086
1.03016
1.00014
1.00245
1.00026
1.03646
1.05547
1.04498
1.0003
1.01282
1.00029
1.14591
1.08165
1.00021
1.06956
1.02549
1.0001
1.00107
1.00039
1.00019
1.00019
1.12268
1.00627
1.00065
1.00196
1.00781
1.00026
1.00031
1.01231
1.00024
1.00199
1.00047
1.01152
1.00031
1.06561
1.05175
1.00302
1.00036
1.00148
1.00035
1.00021
1.00022
1.02942
1.02605
1.01516
1.00017
1.02339
1.0572
1.00556
1.17419
1.00023
1.01335
1.00051
1.00021
1.00036
1.02605
1.07995
1.00031
1.07833
1.04559
1.00099
1.00025
1.0899
1.04382
1.00907
1.02782
1.08995
1.0023
1.07903
1.04257
1.10512
1.00017
1.00018
1.00016
1.03499
1.0096
1.01198
1.00437
1.00023
1.0002
1.00024
1.0004
1.00017
1.02461
1.00638
1.07433
1.00018
1.03716
1.03833
1.00032
1.00015
1.00016
1.00271
1.00019
1.00031
1.00022
1.00901
1.00015
1.00033
1.02879
1.00446
1.00916
1.00024
1.00022
1.00032
1.00026
1.00292
1.00034
1.04911
1.00045
1.00608
1.04559
1.00025
1.00029
1.00044
1.02579
1.00073
1.03651
1.02151
1.00033
1.00019
1.00102
1.00022
1.00987
1.0144
1.00037
1.04077
1.00022
1.00016
1.02893
1.09242
1.01537
1.00019
1.00031
1.00019
1.00019
1.0003
1.00166
1.44028
1.00019
1.01571
1.16839
1.00024
1.00427
1.08111
1.02742
1.00014
1.00024
1.00029
1.00025
1.00028
1.00187
1.00014
1.00026
1.00025
1.00023
1.01963
1.127
1.00049
1.04566
1.09239
1.0002
1.00249
1.00018
1.08075
1.02631
1.0667
1.00314
1.00649
1.02842
1.00036
1.00036
1.00639
1.00693
1.00017
1.10257
1.04246
1.03604
1.03263
1.00035
1.0003
1.00021
1.08065
1.00481
1.00014
1.06287
1.00037
1.11067
1.0004
1.0503
1.06545
1.00091
1.06257
1.08611
1.00023
1.00022
1.00022
1.00987
1.00476
1.00248
1.02211
1.00586
1.00023
1.0003
1.08672
1.00023
1.10119
1.0096
1.07304
1.0002
1.00027
1.00781
1.00089
1.01772
1.00182
1.09185
1.13926
1.07972
1.00025
1.00137
1.00081
1.04622
1.00232
1.05908
1.00376
1.0002
1.06131
1.00102
1.00031
1.00657
1.06497
1.0403
1.00733
1.00115
1.01718
1.00021
1.05094
1.00405
1.04242
1.00077
1.00392
1.28833
1.00023
1.0002
1.00039
1.00023
1.04425
1.00017
1.16173
1.00034
1.00019
1.00019
1.00025
1.01242
1.00027
1.00752
1.00026
1.01917
1.02902
1.05226
1.00015
1.00059
1.00025
1.10272
1.01152
1.00024
1.0003
1.00539
1.00409
1.06966
1.00017
1.03409
1.00028
1.00098
1.00018
1.00212
1.00014
1.00026
1.00018
1.00027
1.00022
1.00027
1.00029
1.02601
1.00024
1.00489
1.05092
1.00035
1.00437
1.03608
1.00518
1.07715
1.01352
1.07312
1.0234
1.00022
1.00026
1.0223
1.05626
1.00019
1.00021
1.00026
1.09165
1.00021
1.00021
1.02581
1.03288
1.00024
1.05214
1.00022
1.03669
1.00018
1.09605
1.00025
1.00045
1.09594
1.00019
1.00339
1.00178
1.0003
1.00025
1.08347
1.05309
1.03538
1.06417
1.00045
1.01296
1.04913
1.03795
1.00025
1.06838
1.00856
1.01142
1.00036
1.05434
1.00025
1.00236
1.00428
1.01065
1.00026
1.00032
1.00032
1.04899
1.05443
1.00248
1.00314
1.00022
1.00017
1.00027
1.00234
1.0025
1.00295
1.00026
1.00024
1.02693
1.08171
1.00118
1.00019
1.04858
1.00074
1.00037
1.02628
1.00035
1.04673
1.00016
1.00037
1.03312
1.00023
0.902561
0.642495
0.852877
0.935054
1.02915
0.914509
0.78245
0.847708
0.76792
0.789325
0.711336
0.764052
1.05092
0.691842
0.719493
0.754515
1.03511
0.759754
1.06484
1.13363
0.815629
1.03946
0.798717
0.793474
0.886103
1.02614
0.623907
0.872595
0.755462
0.744196
1.01535
0.673397
1.04481
0.599741
0.996901
0.620549
1.04174
0.961932
0.79859
0.731363
1.07258
0.854431
1.11733
0.990303
0.892776
0.723266
1.02433
0.79855
0.743691
0.511692
0.813653
0.812237
0.915312
0.907091
0.882961
0.879081
0.770421
0.923875
0.780691
0.882887
1.03774
1.00848
0.889346
1.15384
0.999108
0.991053
0.9205
0.660321
1.00031
0.934343
1.06577
0.803606
0.992381
1.0241
0.93085
0.821717
0.928521
0.759523
0.574982
0.77747
0.83582
0.816761
1.07592
0.792572
0.835906
0.737642
0.864662
0.725753
0.727769
1.09979
0.851815
1.06961
0.737886
0.821549
1.00963
0.737509
0.827208
0.834527
0.89751
0.67547
1.00035
0.814419
0.826207
0.917845
0.812038
0.502146
0.832881
0.976532
0.856375
0.887606
0.713766
0.633762
0.815998
0.87611
1.05573
1.05866
0.918755
1.00848
0.875713
0.817474
0.636066
0.827833
0.868085
0.785283
0.611939
0.983412
0.845187
0.961022
0.936668
0.921342
0.879199
0.741923
0.873284
0.823088
1.00991
0.760545
1.05533
0.78439
0.715031
1.04936
0.789545
0.935877
0.737268
0.999148
0.852181
0.812514
0.959684
0.702189
0.99395
0.717154
0.799111
1.00041
0.764287
0.838857
0.899543
1.02952
0.684458
1.06843
0.891823
0.700452
0.926812
0.776244
0.555099
0.869854
0.762158
0.910346
0.757608
0.771457
0.817477
0.766974
1.05508
0.85851
0.643884
0.957181
1.00213
0.924155
1.01222
0.937299
0.824933
0.812046
0.82388
0.722695
0.702731
0.87256
1.04668
0.799263
1.00514
0.992981
0.822493
0.784272
0.877993
0.953351
1.1042
0.768941
0.824658
0.8222
1.00451
1.136
0.742505
0.891403
0.863563
0.623506
0.744517
0.734374
0.949607
1.05521
0.990503
0.715569
0.685897
0.930797
0.838895
0.905221
1.00033
0.825242
0.723592
0.816677
0.643446
0.85196
0.828624
0.66009
0.889527
0.991426
1.05346
0.826958
0.857508
0.865152
0.946591
1.13397
0.765886
0.939136
1.17989
1.04083
0.958342
0.845462
0.748461
0.78721
0.729287
1.17702
0.604886
1.06889
1.13521
0.777858
0.794503
0.760849
0.798983
0.822954
1.05268
1.0256
0.794336
1.00028
0.997964
0.968542
0.827858
1.06137
0.830126
0.762128
0.892494
0.941878
0.701752
0.802795
1.01968
0.682993
0.796923
0.713865
0.532402
0.892717
0.957012
0.891336
1.02671
1.02196
0.990398
0.669984
0.804311
0.749773
0.863774
1.00017
0.92216
0.78663
0.663616
1.00268
0.551469
0.844576
1.05929
1.00054
0.839661
0.714744
0.918303
1.03659
1.05674
0.786965
0.891718
0.808866
0.89121
0.840498
0.667181
0.973056
1.00023
0.869873
0.777131
0.719683
0.916152
0.808332
0.807902
0.624398
0.693077
1.01908
1.00582
0.667633
0.867911
0.830731
1.01946
1.05874
1.042
0.714351
0.780465
1.08654
0.64916
0.861733
0.777501
0.902391
0.734253
0.740551
0.983399
0.903363
0.638565
0.87426
1.12308
0.812636
0.941554
1.04861
0.85721
0.739067
0.650688
0.745641
0.876342
0.722248
0.719498
1.01217
0.891617
0.803678
0.847941
0.763996
0.667249
0.958439
0.791439
0.962175
1.05936
0.999694
1.07832
0.916221
0.935518
1.00896
0.960376
0.852318
0.828011
1.05093
0.863403
0.955499
0.855794
0.917394
1.00844
0.847977
1.00526
0.833514
0.801804
1.07881
0.846772
0.784493
0.873728
0.962169
1.00031
0.809185
0.687951
0.612574
0.802799
0.68336
0.830933
0.676551
0.953076
0.911758
0.641909
0.779499
0.818301
0.568342
1.00922
0.700262
0.914073
1.00555
1.14192
0.816426
0.932557
0.649303
0.718357
0.905534
0.820785
0.618716
0.900365
0.80732
0.810782
0.782113
0.976625
1.12916
0.985872
0.764554
0.690052
1.21256
0.825863
0.978964
0.795269
0.845656
1.00002
0.671843
0.593916
1.0163
1.12973
1.05094
0.808026
0.607305
0.825405
0.776447
0.769421
0.939279
0.801072
0.749951
0.701358
0.750217
0.933676
0.956335
0.816657
1.05448
1.0933
0.7361
0.903631
1.10219
0.811817
0.910326
1.04467
1.0649
0.842175
0.826244
0.84933
0.929574
0.815558
1.00031
0.772171
0.964837
0.807101
0.885371
0.955963
1.00022
0.786052
1.11695
1.00026
0.864579
1.12044
0.949299
0.9232
0.758541
0.743552
0.946697
0.833266
0.772678
1.06549
0.860252
1.12527
0.61002
0.773266
0.870791
0.757212
0.739225
1.00036
0.863988
0.696362
0.816792
0.996444
0.881346
0.870521
0.967752
0.837871
0.642858
0.913447
0.828986
0.871361
0.720594
1.09109
1.0689
1.07688
0.636169
0.765314
1.00247
1.09002
1.17616
1.19141
0.626098
0.943331
1.01703
0.708221
1.03018
0.7475
0.824955
0.692557
1.02272
0.775674
0.65406
0.757359
0.938287
0.984526
0.723054
0.736907
0.999259
0.947314
0.778233
0.966001
0.644679
0.807313
0.814089
0.873854
0.800995
1.02341
1.07835
0.730087
0.828008
0.926256
0.898561
1.09153
0.887538
0.896971
0.913812
0.928352
0.736075
0.741457
0.796441
0.946491
0.867669
1.13105
0.854349
0.928441
1.0695
0.61467
0.984217
0.765101
0.985805
0.713231
0.765155
0.718043
1.00922
0.820364
0.990887
1.00725
0.657735
0.932054
0.853292
1.17199
1.03618
1.06731
0.70775
0.871495
0.812108
0.96327
0.950281
0.808822
0.536233
1.00022
0.768836
0.548986
0.961582
0.695329
0.722503
0.883914
0.91132
0.642037
0.870873
0.996443
1.01637
0.628119
1.04962
0.848495
0.704518
0.708669
0.942439
1.0425
0.708226
0.740464
0.688788
0.853562
1.05976
0.902465
0.81754
0.876003
1.06772
0.834222
0.948109
0.894124
0.861059
0.914254
0.906308
0.635655
0.656531
0.907494
0.982498
0.706221
0.771578
0.998715
0.775153
1.00538
1.04726
0.941855
0.640024
0.897328
0.836236
0.761037
0.801769
0.86696
0.832664
0.843626
0.750699
0.785049
0.877158
0.878078
0.727648
0.775539
0.759137
0.691765
0.853191
0.780542
0.678429
0.788333
0.726235
1.0074
0.857108
0.922662
1.04459
0.762753
1.0094
0.799556
0.764646
0.884005
0.624209
0.804909
0.950423
0.704361
1.12196
0.977845
1.14591
1.08165
0.722006
1.06956
0.677016
0.796953
1.26698
0.978385
0.857
0.685449
1.12268
1.00627
0.801221
0.667729
0.80799
0.660573
0.990481
1.07245
1.00581
0.904439
0.989082
0.780575
1.01208
0.619144
0.680272
0.918058
0.790542
0.718409
1.05636
0.789475
0.784371
1.10109
1.05565
1.00655
0.494834
1.08883
0.848232
1.00556
1.0465
1.03359
0.721528
0.866166
0.77109
0.82623
1.02393
1.07995
0.697633
0.73301
0.564629
0.946483
0.800218
0.822692
0.815769
0.587999
0.67426
0.906016
0.74809
0.983484
0.982286
1.04101
0.858716
0.949518
0.700021
0.898924
0.680116
0.826871
0.789583
0.799717
0.996563
0.880642
0.777567
0.88206
0.741327
0.829733
0.874089
0.876131
0.675833
0.897918
0.857609
0.60274
0.819181
0.684188
0.489243
0.779393
0.755632
1.07695
0.927618
1.00033
0.800344
0.599634
0.90914
0.613448
0.761183
0.801719
0.891353
1.00292
0.740127
0.784054
1.0004
0.906551
0.968657
0.712822
0.799014
0.860409
0.64374
1.04114
1.03651
0.713201
1.00033
0.954216
0.80893
0.716574
1.03297
1.0144
0.843406
0.789802
0.8564
1.00727
0.768785
1.0929
0.910715
0.985064
0.658006
0.829457
0.977857
0.811071
1.00166
1.37977
0.770922
1.04471
1.15348
0.948244
0.978174
0.833216
0.760233
0.815996
0.945184
0.931802
0.592256
0.654199
0.602201
0.89678
0.686487
0.958614
0.941653
0.795239
0.878845
1.00053
0.726261
0.690874
0.901891
0.786505
0.779912
0.751266
0.785599
0.73268
0.685054
0.838798
0.819927
0.713616
1.06382
1.00639
0.974077
0.785289
0.985667
0.980964
1.00832
0.772041
0.812779
0.972561
1.06533
0.680984
0.84993
0.843516
1.03125
0.653305
1.11067
0.997394
0.682392
0.595263
0.983112
0.825976
1.08611
0.85869
0.734656
0.858809
1.00876
0.711308
1.00244
0.796265
0.715159
0.801429
0.980806
1.08672
0.705402
0.94196
0.608714
0.845233
0.796969
0.81478
0.991931
0.549948
0.99658
0.788261
0.802756
0.953886
1.07972
0.74321
0.943653
0.949989
0.794169
0.545607
0.802293
0.973409
0.78054
0.777075
0.750543
0.834553
1.00657
0.659582
1.15196
1.1312
0.958094
0.811248
0.755685
0.819118
1.0504
0.807799
0.790306
0.897719
0.847229
1.00216
0.782345
0.996401
0.857968
0.925011
0.831023
0.90693
0.722463
1.00875
0.935526
0.954586
0.681052
0.970987
0.612843
0.876831
0.954286
1.02902
1.00344
0.919892
0.845498
1.00025
1.10272
0.985978
0.827918
0.641304
0.776309
0.75862
0.689407
0.978619
0.879465
0.776644
0.704485
0.742477
1.00002
0.631831
0.983019
0.814741
0.692207
0.880745
0.900741
1.00029
0.907754
0.671047
1.00487
0.813457
0.9045
0.950072
0.944117
1.00518
0.80825
0.619385
1.07307
0.773913
0.884609
0.785384
0.991804
1.09523
0.797447
0.75496
0.821312
0.878033
0.855063
0.847756
0.651174
0.728094
0.967659
0.729313
0.858272
0.827917
0.682896
1.03691
0.833584
0.707695
1.04579
0.768022
1.00339
0.954608
0.888462
0.938653
0.867131
0.624427
0.789649
0.957656
0.785069
1.01296
1.1583
0.982693
0.850872
0.754457
0.840201
0.980535
0.841744
0.710921
0.986787
1.05044
0.784673
0.907777
0.732722
0.974371
0.894987
0.797603
0.909689
0.86983
0.719553
0.770667
0.734371
0.922868
0.847903
0.916952
0.966784
0.62761
0.719272
0.864497
0.904999
0.873034
0.875316
1.04858
1.00073
0.742537
0.953257
0.716618
0.790468
0.5995
0.853686
0.913673
0.817322
