1.09097
1.00011
1.06596
1.00194
1.05081
1.00184
1.00249
1.05625
1.00029
1.00223
1.06646
1.06569
1.00033
1.00025
1.04728
1.04572
1.00163
1.00036
1.00026
1.00028
1.00533
1.00017
1.02995
1.06496
1.09504
1.10201
1.00024
1.00016
1.16367
1.00027
1.00036
1.04604
1.00014
1.03505
1.0532
1.00033
1.00071
1.14232
1.10554
1.00015
1.00017
1.00026
1.00524
1.08021
1.07912
1.00027
1.00024
1.00217
1.01242
1.0003
1.00024
1.00591
1.04848
1.00022
1.0438
1.00017
1.04846
1.00017
1.05908
1.05354
1.0348
1.03186
1.00024
1.00017
1.00072
1.00114
1.00236
1.00026
1.03774
1.00021
1.0822
1.00028
1.00175
1.00018
1.00021
1.00023
1.00018
1.00033
1.00599
1.00704
1.00039
1.0002
1.00025
1.00021
1.00028
1.00019
1.00622
1.00293
1.00027
1.0002
1.06003
1.12923
1.0526
1.03026
1.03044
1.00016
1.00029
1.0345
1.01096
1.00018
1.00018
1.07606
1.0363
1.07396
1.00025
1.01572
1.00345
1.04087
1.00026
1.00023
1.00136
1.02287
1.09148
1.00026
1.00034
1.04339
1.00017
1.10964
1.00033
1.0027
1.00031
1.0449
1.10833
1.0002
1.03863
1.03264
1.0002
1.0232
1.08204
1.00029
1.00029
1.00023
1.00029
1.00026
1.12004
1.0002
1.01759
1.00066
1.09084
1.00026
1.00019
1.00306
1.0054
1.00028
1.00187
1.0069
1.09723
1.00025
1.00025
1.00028
1.00031
1.00019
1.00025
1.06114
1.00742
1.00039
1.00019
1.00031
1.03933
1.00324
1.07462
1.00025
1.01487
1.00024
1.00024
1.06142
1.00019
1.13033
1.02297
1.00024
1.06716
1.00412
1.00013
1.02022
1.00031
1.00021
1.03954
1.0002
1.03907
1.00013
1.01163
1.00025
1.00021
1.00027
1.00209
1.03819
1.00619
1.00017
1.00022
1.00022
1.03209
1.00015
1.00526
1.00021
1.00373
1.00021
1.06041
1.06912
1.00023
1.08365
1.00031
1.00024
1.00014
1.00024
1.00021
1.09995
1.13385
1.02937
1.05057
1.0261
1.04597
1.00405
1.02005
1.15451
1.00143
1.0002
1.05886
1.0003
1.05783
1.09817
1.00024
1.0005
1.00024
1.00312
1.05301
1.00024
1.0003
1.00024
1.00026
1.00024
1.02969
1.07823
1.08318
1.00641
1.05476
1.00021
1.00005
1.00232
1.0002
1.03941
1.00021
1.00029
1.21216
1.00106
1.00022
1.00012
1.08786
1.01328
1.00026
1.08833
1.00175
1.00031
1.01483
1.00023
1.03814
1.00023
1.00077
1.01513
1.00764
1.00783
1.00329
1.00176
1.16063
1.00016
1.00031
1.00035
1.01182
1.07271
1.00346
1.12106
1.00033
1.02968
1.00022
1.0134
1.00024
1.09925
1.00014
1.0003
1.04982
1.01703
1.00024
1.03576
1.00542
1.00036
1.00032
1.05518
1.00463
1.0002
1.00024
1.0002
1.00021
1.00101
1.00084
1.00022
1.03827
1.00335
1.01437
1.00029
1.00748
1.00025
1.02559
1.00019
1.02854
1.06832
1.00016
1.00025
1.00771
1.04565
1.05567
1.00026
1.04346
1.06412
1.00032
1.09431
1.00029
1.00022
1.04383
1.00017
1.13113
1.00032
1.00023
1.00026
1.09368
1.00141
1.04799
1.00024
1.00024
1.06681
1.0002
1.02173
1.00015
1.00026
1.00028
1.0003
1.00023
1.00024
1.00017
1.00026
1.00025
1.00027
1.00019
1.03295
1.05303
1.05521
1.00029
1.09749
1.0002
1.00042
1.00021
1.01476
1.00888
1.00021
1.00023
1.04768
1.00018
1.04354
1.00279
1.05153
1.00249
1.10008
1.03649
1.02472
1.00022
1.00015
1.00023
1.00009
1.00456
1.04826
1.00019
1.0003
1.00019
1.05328
1.02827
1.00034
1.00316
1.0003
1.10747
1.00028
1.05009
1.00022
1.00018
1.06295
1.00014
1.11852
1.004
1.00023
1.00029
1.03264
1.03596
1.00056
1.14912
1.00012
1.00363
1.06425
1.00021
1.00018
1.07209
1.00021
1.00025
1.00026
1.0068
1.0002
1.0332
1.06775
1.00023
1.00016
1.00034
1.09064
1.00036
1.00049
1.00026
1.07108
1.00031
1.00008
1.04414
1.02363
1.05421
1.06442
1.12349
1.08873
1.03621
1.00631
1.0002
1.09305
1.00031
1.08825
1.03561
1.04744
1.00022
1.08788
1.00127
1.00309
1.03431
1.0002
1.00014
1.03514
1.00027
1.00026
1.00441
1.00104
1.00027
1.00033
1.00018
1.10106
1.00018
1.00406
1.06137
1.05167
1.00029
1.0002
1.03344
1.00046
1.00023
1.00022
1.00018
1.00423
1.06693
1.00025
1.00029
1.00612
1.00018
1.01232
1.00032
1.06143
1.00022
1.01474
1.13206
1.06444
1.00231
1.07526
1.0023
1.00024
1.00195
1.02424
1.00022
1.00054
1.00021
1.00081
1.00027
1.00617
1.00088
1.06242
1.04751
1.00157
1.00028
1.00039
1.00026
1.00017
1.03498
1.01498
1.03285
1.0003
1.03869
1.00027
1.02721
1.11428
1.00023
1.08759
1.00025
1.00138
1.05351
1.00019
1.00013
1.07578
1.00114
1.00916
1.05055
1.05012
1.09412
1.00019
1.09128
1.00114
1.0002
1.00755
1.00023
1.05844
1.00177
1.04229
1.00195
1.0002
1.00024
1.00219
1.05459
1.06459
1.00313
1.01101
1.00019
1.00025
1.00024
1.03342
1.0186
1.0767
1.0002
1.00128
1.00174
1.00036
1.06982
1.08614
1.0002
1.14883
1.00184
1.06761
1.00029
1.00017
1.00023
1.07223
1.00028
1.00083
1.01692
1.00022
1.00313
1.08669
1.05829
1.05474
1.00052
1.00639
1.03004
1.01112
1.05383
1.00021
1.00017
1.03258
1.03043
1.01649
1.05081
1.00021
1.01058
1.01391
1.02285
1.00024
1.0002
1.00024
1.00022
1.0003
1.03331
1.02733
1.10344
1.02972
1.00828
1.04687
1.00029
1.00026
1.00015
1.05813
1.00014
1.0034
1.01107
1.14046
1.00029
1.09573
1.01909
1.00027
1.00349
1.00032
1.00016
1.00024
1.0003
1.00031
1.0667
1.14419
1.0002
1.00063
1.05326
1.00018
1.00008
1.04377
1.0002
1.01317
1.04304
1.00408
1.00183
1.03355
1.13699
1.04618
1.0003
1.00021
1.0003
1.06275
1.00022
1.0035
1.00159
1.0002
1.00217
1.03734
1.06765
1.00317
1.00193
1.00016
1.00012
1.00023
1.00025
1.04465
1.00022
1.00021
1.08243
1.00016
1.0002
1.07648
1.0031
1.00021
1.0004
1.00017
1.00027
1.00019
1.0002
1.01418
1.00193
1.00016
1.06753
1.00022
1.05003
1.00207
1.06637
1.00029
1.00299
1.00029
1.03259
1.0067
1.08904
1.00019
1.00023
1.08078
1.0004
1.00029
1.00204
1.04039
1.0002
1.00245
1.00018
1.00318
1.04999
1.03504
1.00021
1.00025
1.00024
1.00017
1.01235
1.01582
1.00024
1.04607
1.11306
1.03003
1.00013
1.06047
1.01006
1.00025
1.01968
1.06143
1.00031
1.00022
1.00234
1.00019
1.00016
1.00027
1.04198
1.02847
1.00837
1.00021
1.00022
1.03543
1.03966
1.00056
1.00185
1.00028
1.00023
1.00025
1.02747
1.00019
1.00688
1.04688
1.00027
1.04727
1.00024
1.00069
1.00018
1.00028
1.05839
1.05025
1.00036
1.0008
1.12376
1.00509
1.00026
1.00459
1.00017
1.00029
1.00015
1.00026
1.00027
1.00641
1.00026
1.01144
1.00032
1.07033
1.00031
1.15625
1.04905
1.00018
1.00025
1.0002
1.00025
1.05616
1.07863
1.00026
1.00014
1.04816
1.00023
1.00029
1.00023
1.08855
1.04355
1.0092
1.14259
1.07511
1.02258
1.11638
1.00012
1.00506
1.03199
1.05794
1.00029
1.00018
1.0058
1.00031
1.00012
1.06041
1.07878
1.02404
1.00019
1.00019
1.02859
1.00035
1.00016
1.00077
1.003
1.01502
1.00021
1.02861
1.00273
1.05754
1.00022
1.00018
1.04301
1.05997
1.01771
1.07302
1.00019
1.05964
1.01367
1.12521
1.08486
1.09399
1.09017
1.00016
1.00032
1.00026
1.06703
1.02961
1.00019
1.00035
1.0002
1.06323
1.0471
1.12456
1.00703
1.00138
1.0558
1.06371
1.00057
1.00021
1.00032
1.02399
1.00123
1.05061
1.00026
1.11561
1.03957
1.00077
1.00026
1.00116
1.00031
1.0002
1.00028
1.00052
1.00029
1.09106
1.03926
1.07994
1.05417
1.05441
1.00132
1.00017
1.00016
1.00427
1.05525
1.00159
1.04539
1.00024
1.0002
1.00547
1.16961
1.12383
1.00256
1.07523
1.06186
1.00091
1.07421
1.04734
1.0003
1.00449
1.00023
1.00029
1.09299
1.00024
1.00127
1.00023
1.00842
1.00163
1.00023
1.04587
1.00178
1.06878
1.00377
1.01416
1.00044
1.00023
1.00218
1.00025
1.10126
1.00016
1.00415
1.09484
1.0002
1.00025
1.00035
1.08605
1.0504
1.0917
1.0002
1.10435
1.00021
1.04035
1.07127
1.00016
1.03427
1.00398
1.01715
1.00957
1.00024
1.00034
1.00018
1.02993
1.0529
1.00019
1.04522
1.09734
1.06873
1.00026
1.00018
1.00443
1.00161
1.02158
1.00026
1.00016
1.06313
1.05517
1.00019
1.05716
1.06051
1.00073
1.00027
1.07061
1.00016
1.03082
1.00022
1.10973
1.06173
1.00023
1.04493
1.00018
1.00013
1.00381
1.04491
1.00303
1.05057
1.00023
1.00019
1.00228
1.01554
1.00022
1.00021
1.00105
1.0718
1.00023
1.00024
1.0003
1.00025
1.09499
1.00026
1.0821
1.00027
1.02134
1.00483
1.05866
1.00022
1.00675
1.06209
1.00023
1.00016
1.0002
1.00019
1.02032
1.10492
1.00022
1.0002
1.05069
1.00891
1.00273
1.05954
1.01269
1.0889
1.00035
1.0164
1.01227
1.096
1.00018
1.01466
1.00189
1.00026
1.0076
1.00032
1.00027
1.00031
1.00962
1.00027
1.00089
1.00752
1.04883
1.03785
1.05958
1.06719
1.00099
1.00014
1.00025
1.00213
1.0711
1.03974
1.05112
1.00032
1.11611
1.0293
1.02496
1.01576
1.05283
1.00736
1.05576
1.00028
1.00041
1.07464
1.02259
1.10726
0.70254
0.839581
0.620915
1.05081
0.918359
0.916956
0.99669
0.789512
0.672293
0.855985
0.860554
0.828797
0.843914
0.716901
0.806273
0.717136
0.695315
0.936583
0.983104
1.02903
0.884512
0.880019
0.942932
1.10979
1.10201
0.956565
0.740291
0.909775
0.712269
0.987416
0.816031
0.840778
0.901387
0.841063
1.09094
0.893459
1.10599
1.10554
0.650443
0.661471
0.851814
0.851105
0.972425
0.792607
0.927684
1.10713
1.00501
0.792051
0.7911
0.810165
0.974731
0.684475
0.8646
0.773991
0.737777
0.878431
0.692692
0.85867
0.642002
0.80579
1.0475
0.686177
0.806568
0.704517
0.700997
0.598909
0.761393
0.609371
0.845393
0.67145
0.679055
0.637342
0.756832
0.787965
0.72894
0.825393
1.00033
1.02295
0.833032
0.784297
0.750307
0.948903
0.647608
0.802939
0.838677
1.00622
0.852054
0.919583
1.0002
0.69762
1.12923
0.949081
0.836471
0.796802
0.828833
0.985145
0.898979
0.966159
0.814254
0.85143
0.824896
0.81989
0.879822
0.848198
0.90265
0.902781
0.978121
0.612973
0.83691
0.897745
0.918445
0.685638
1.00026
0.89529
1.02949
0.825277
0.774921
1.00033
0.678908
0.746934
1.0449
1.10833
1.0002
0.93946
1.03264
0.919347
0.77364
0.719449
0.894047
0.995374
0.602238
0.822326
0.938349
0.830292
0.886606
1.02186
0.72938
0.948063
0.819442
1.05448
0.737569
0.849869
0.949376
0.63986
0.921289
0.804765
0.960407
0.786625
0.614547
0.826683
0.910865
0.733272
0.979217
0.929796
0.89703
0.856391
0.827398
0.867026
0.574236
1.08553
0.72895
1.11157
0.852745
0.694454
0.713351
0.762539
0.885205
0.885058
0.99985
0.970695
0.985193
0.480787
0.716724
0.737646
0.803119
0.783771
0.801919
1.05971
0.844041
1.01163
0.987873
0.637679
0.856007
0.849584
0.637339
0.887857
0.977747
0.870615
0.955263
0.973501
1.00015
0.715735
0.691274
0.789898
0.642323
1.07907
0.722981
0.754926
0.750269
0.996283
1.00024
0.7699
0.833135
0.906592
1.09995
1.13385
1.02937
0.841103
0.723247
0.889097
0.584195
1.02005
1.04181
1.00143
0.979367
0.855861
0.916335
0.940855
0.920258
0.778699
0.628315
0.830007
0.90212
0.797022
0.720111
0.871596
0.831859
1.00026
1.08646
0.87749
0.920241
1.08318
0.840795
0.958017
0.865992
0.747203
0.987515
0.81809
0.891952
0.798414
0.990811
1.21216
0.841142
0.850957
0.790854
1.08786
0.720562
0.773892
1.04851
0.568092
0.99656
0.876802
1.12919
1.03814
1.06542
1.00077
0.936865
0.72544
0.996771
1.00329
0.70839
1.12566
0.72861
0.589839
0.660471
0.90583
1.07271
0.681214
1.14775
0.805238
0.886086
0.829518
1.08785
0.832149
1.07481
0.704144
1.00589
0.92018
0.954294
0.805714
0.824424
1.0745
0.87084
0.710812
1.05518
1.00463
0.552489
0.759249
0.762797
0.863186
0.980703
0.761037
0.893259
0.781651
0.94263
0.733671
0.749017
0.992404
0.733008
0.932485
0.710243
0.789881
0.812859
0.644353
1.01252
0.685682
0.702477
0.845783
0.813058
0.948349
0.89521
0.792152
0.855989
0.871123
0.917761
0.93735
0.966142
1.13113
1.00032
0.849095
0.792359
0.938617
1.00607
0.815354
0.723987
0.896452
1.06767
0.917722
0.665484
0.741551
0.973757
0.856181
0.954477
1.07414
0.835366
0.785613
0.994134
1.03006
0.993023
1.08022
0.82931
0.756667
0.864844
1.02976
0.857069
1.05891
0.819835
0.840875
0.802904
0.782545
0.700139
0.740764
0.85306
0.745074
0.758966
1.02923
0.913646
0.777487
1.13635
0.759807
0.8164
1.01462
0.633094
0.929316
0.907157
0.898658
0.979212
0.926816
0.763144
0.78555
0.651141
1.18188
0.735534
0.808672
0.924225
0.949547
0.83553
0.731464
0.830526
0.919165
1.04787
0.725333
0.760581
0.971204
1.01578
0.817347
0.903102
0.854235
0.717399
1.10604
0.965169
0.943577
1.06425
0.855759
0.781212
1.07209
0.796445
0.927755
0.906732
1.00311
0.763563
0.952918
0.891647
0.865596
0.82782
0.885799
0.97805
0.792216
0.936932
0.989062
0.963158
1.00031
0.868057
0.69743
0.704899
0.830992
0.798603
0.864397
0.920034
0.741734
0.695164
0.707381
1.09305
0.975464
0.790676
0.721718
0.874036
0.829301
1.08788
0.773034
0.816625
0.721611
0.602563
0.746685
0.652424
0.966162
0.926985
0.798431
0.988197
0.785077
1.00033
0.930678
1.002
0.762531
0.795176
0.738754
0.702599
0.621569
0.797232
0.95368
1.03409
0.869087
0.728672
0.854837
1.01023
0.705152
0.917339
1.00029
0.688604
0.833446
0.802801
0.704205
0.995703
0.758878
0.698121
0.851358
0.875063
0.882199
0.798153
0.812616
0.983366
0.791392
0.643664
0.609834
0.808371
0.743487
1.03616
0.873899
0.933689
0.825032
0.963508
0.947879
0.834588
0.719452
0.671843
0.783265
0.698085
0.935145
0.642793
0.784577
0.786391
1.05025
0.972072
0.868332
1.13905
0.776038
1.00733
0.965863
0.538668
0.626682
0.899576
0.746651
1.01606
1.06861
0.784974
1.04281
1.03245
1.09469
0.845275
0.981748
0.965093
1.0002
0.982973
1.00023
0.76434
0.93188
1.04229
0.690132
0.96548
1.0107
0.620792
0.791333
1.04223
0.769519
1.10202
0.615708
0.740135
0.837418
0.875575
0.737437
0.859338
0.643872
0.985104
0.708428
0.707258
1.06979
1.06395
0.887232
1.11769
0.748524
1.0682
0.900251
0.825866
0.896121
1.07219
0.802834
0.738054
0.629659
0.746206
1.02656
0.947451
0.806479
0.973427
0.858783
0.887728
0.79075
0.889057
0.637795
0.978033
0.523493
1.10482
0.68385
0.797302
0.674587
0.690039
0.568136
0.958852
0.747973
0.94489
0.828461
1.02462
0.785614
0.761865
0.835125
1.05604
0.95446
0.791873
1.00828
0.701585
0.71142
0.956793
0.706001
0.671284
0.738422
0.968236
0.705738
1.14046
0.821671
1.09573
0.930497
0.924904
0.664954
0.837196
0.986006
0.877739
0.815792
0.762235
0.922725
1.28584
0.826859
0.865425
0.671172
0.869552
0.699332
0.726822
0.914962
0.872834
1.04303
0.777259
0.610343
1.11208
0.905825
0.848891
0.736616
0.978821
0.770893
0.795878
1.10931
0.860114
0.951758
1.0002
0.846804
0.784909
1.06762
0.886272
0.929347
0.720894
0.767498
1.13227
0.647476
0.777839
0.711959
0.968172
0.991433
0.879336
1.00019
0.853274
0.677687
0.702024
0.742969
0.737398
0.724499
0.947982
0.817411
0.724283
0.721765
0.905923
0.926745
0.874837
0.71071
0.786288
0.798046
0.940756
0.586832
0.754629
0.963766
0.833711
1.08904
0.855382
0.75755
0.656692
0.737135
0.986876
0.911159
0.900637
1.0002
0.810373
0.741974
0.614275
0.883471
0.81905
0.803528
1.03899
0.798351
0.749558
0.602118
1.00982
0.943877
1.03339
1.11301
0.882609
0.64967
1.06047
0.997566
0.802484
0.843048
0.764225
0.887139
0.734336
0.68909
0.706063
0.970374
0.901358
1.09753
0.83434
1.07811
0.960818
0.795429
0.879924
0.950924
0.9177
0.976558
1.00028
0.957193
1.18294
0.830371
0.806554
0.934548
0.879758
0.71019
0.887272
0.995849
0.646207
0.775293
0.911899
0.848637
0.879858
0.956597
1.02511
0.861118
0.971945
0.695149
0.891542
0.979901
0.893463
0.90524
1.03
0.84399
0.956472
0.724648
0.864801
0.765144
0.85017
0.853239
1.01884
1.01404
1.09508
0.674649
0.668475
0.890352
0.777266
0.862879
0.833607
0.682691
0.761195
0.90646
1.05744
0.762465
0.845423
1.02098
1.04356
1.10325
0.71526
0.925887
0.869925
0.793469
0.769926
0.718064
1.05113
0.818456
0.841277
0.82968
0.729781
0.786329
0.703172
0.887231
0.738744
0.6528
0.982564
0.958529
0.888475
0.982384
0.960726
0.783228
1.01502
0.872154
1.02632
0.853917
0.804114
1.00022
0.73494
0.689433
0.848367
0.773549
0.800815
0.793415
1.02304
0.850865
0.953689
0.95904
0.705836
0.930852
0.916075
0.993831
0.653206
1.00275
0.840036
0.766581
1.04402
0.682305
0.627212
0.926045
0.915064
0.742207
1.01978
0.812225
0.836842
0.805886
0.825569
0.861738
0.595801
0.808178
0.979365
0.81928
1.11561
0.853285
0.845263
0.992079
0.878721
0.858979
0.904422
0.694325
0.89102
0.935606
1.09106
0.887917
0.841985
0.935812
1.05441
0.717869
0.671537
0.769209
0.783237
0.820705
0.849192
0.82712
0.950592
0.853764
0.988078
0.882278
0.963289
1.00256
1.04437
0.923886
0.888584
0.765741
0.913215
1.05817
0.912536
0.987782
0.982295
1.09299
0.989822
0.834092
0.751391
1.00842
0.822196
0.980487
0.733271
0.963675
0.842236
0.862344
0.914949
0.86091
0.835322
0.951372
0.800612
0.991767
0.72392
1.01117
0.903667
0.727292
0.700348
0.863027
0.959126
0.808269
0.941844
0.975759
0.896285
0.865758
1.0483
0.897059
0.970782
0.853745
0.692098
1.00787
0.76677
0.958262
0.786245
1.00602
0.959176
0.625021
0.964871
1.00604
0.83433
0.919478
0.980878
0.900652
0.944493
0.642308
0.806814
0.664019
0.73267
0.819766
0.788252
0.996635
0.753522
0.907916
0.997293
0.979642
1.07058
0.899962
0.7373
0.72972
0.819859
0.730951
0.871439
0.931752
0.836263
0.76453
0.72793
0.897015
0.916522
0.674511
0.937613
0.673231
0.995835
0.889754
0.859657
0.654447
0.961467
0.838734
0.812855
0.634421
0.877943
0.673726
1.09496
0.972908
1.01628
0.771824
1.13095
1.00436
0.833173
0.752967
0.807008
1.0418
0.873882
0.7307
0.871354
0.646641
1.0673
1.1288
0.817619
0.937034
0.687359
0.830155
0.766403
1.0419
0.706272
0.937515
0.839486
0.887783
0.719378
0.93979
0.735917
0.770904
1.00138
0.7223
0.984388
0.832202
0.855021
0.60429
0.664325
0.785994
0.9372
0.798193
0.69817
0.65731
1.00008
1.05452
0.763169
0.750347
0.976279
0.919205
0.822528
0.870817
0.915128
0.844578
0.902844
0.676776
1.02496
0.945613
0.670422
0.757471
0.781621
0.543065
0.841134
0.678587
0.591191
