0.815527
0.716592
0.895334
0.896307
0.912539
1.03593
0.784538
1.00202
0.966207
0.773945
0.830641
0.852619
0.901769
0.830628
0.96712
0.859971
0.76372
1.01941
0.869394
0.888618
0.941799
0.727746
1.08748
0.619475
0.757876
0.916899
0.895289
0.822085
0.971757
0.960285
1.00902
0.9313
1.06157
1.0897
0.791256
0.744489
0.826082
0.848001
0.956868
0.701485
0.769122
0.691357
0.826308
0.930495
1.1094
1.10044
0.958627
0.874389
0.733214
0.927134
1.04503
0.897682
0.853164
0.765886
0.910451
0.747123
0.883759
0.901083
0.969041
0.658219
0.545546
0.887549
0.702982
0.916677
0.979052
0.863223
0.707825
1.00753
1.10078
0.794634
0.981391
0.808636
1.0458
0.973917
0.84195
1.02221
0.867352
1.00021
0.870954
0.68008
0.841585
1.04773
0.788593
0.906644
0.88649
0.872862
1.0202
0.677313
1.07542
0.595131
1.10999
0.969557
0.820402
1.09444
0.819171
0.902375
0.863799
0.796147
1.00894
0.821275
0.943362
0.67827
0.996073
1.05664
0.873476
0.727716
0.918529
0.847238
0.880132
0.875985
0.665536
0.868139
0.905807
0.691464
1.01126
0.7713
0.763453
0.929355
0.810053
0.797015
0.975415
0.681721
0.963387
1.03981
1.0003
1.01595
0.575867
0.80442
0.803553
0.847253
0.905766
0.698552
0.805329
0.843285
1.08906
1.05716
0.958051
0.729808
0.766599
0.773575
1.09391
1.00176
0.847407
0.897719
1.04831
0.830871
0.793802
0.862939
0.778297
1.06748
0.815907
0.871095
1.00639
1.0393
0.880826
1.00525
0.917934
1.00561
0.805401
0.880984
1.00037
0.965231
0.821774
0.840422
0.813573
1.08396
0.817551
0.849162
1.13797
1.02817
0.74381
1.0002
0.67469
0.956135
1.11718
0.957191
0.9248
0.882876
0.867521
0.830122
0.697906
0.715013
0.778809
1.08362
0.862711
0.820291
0.902654
0.771355
0.839564
0.814095
1.06326
0.989247
0.851475
0.861301
0.909385
1.08529
0.60317
1.22044
0.621363
0.782069
0.835145
0.747595
0.912137
0.909715
1.06375
0.715486
0.805005
0.945117
0.764111
0.780025
0.919881
1.00026
1.02912
0.945538
0.655706
0.796235
0.898872
0.877257
0.699073
1.11874
0.704087
0.732864
0.993875
0.800224
0.84731
1.02869
0.805453
0.719532
0.982504
0.683906
0.646486
0.998553
0.855491
0.838434
0.928913
0.988673
1.07613
0.882483
1.107
1.04275
0.791517
0.836363
0.97561
0.939833
0.93132
0.864107
0.788753
0.696905
0.838085
1.06295
1.10825
0.772437
0.988779
0.793646
0.735027
1.16688
0.958697
0.802581
0.685977
0.997091
0.945382
0.623241
0.824239
0.806536
1.00018
0.785224
0.759356
0.480237
0.849777
1.0807
0.813524
1.04689
0.730219
0.734613
0.677458
0.786052
0.776985
0.886424
0.796831
0.891647
0.590411
0.705817
0.682429
0.837791
0.74254
0.849981
0.767108
0.952755
0.564474
0.939011
1.20334
0.925466
0.885962
1.0058
0.789071
0.730067
0.727268
0.836693
0.830249
0.918353
1.00188
0.876074
1.00949
1.06342
1.01705
0.986031
0.815154
1.00018
0.83448
0.921434
1.09452
1.04055
1.00334
0.873609
0.684475
0.820423
0.822827
0.727325
0.82288
0.859366
1.03455
0.831808
0.969768
0.919851
1.0559
0.804899
0.957108
1.15234
0.795458
1.01675
0.98207
0.988058
1.06161
0.670521
0.835936
0.714963
0.749121
1.12815
0.849047
0.747963
0.947657
0.817249
0.993648
0.992044
0.691518
0.762902
0.784802
0.830353
1.0029
1.00024
1.14747
0.631422
1.00008
0.735539
0.804733
0.713547
0.675602
1.09897
0.833063
0.844764
0.924452
0.807778
0.635313
0.806412
1.17619
0.923446
0.903951
0.88951
0.672935
0.756375
0.90462
0.97468
0.723427
0.911309
0.807489
0.751979
0.885202
0.670618
0.761036
0.949071
0.932344
0.918996
1.0101
1.00022
0.839374
1.10754
0.720166
0.895464
0.97367
0.811756
0.834662
0.998547
0.74964
1.04234
0.720449
0.787357
0.998481
0.99456
0.877906
0.92273
1.0686
0.83764
0.965016
0.683531
0.874703
0.887071
0.996757
0.884007
1.00024
0.95296
0.732941
0.884891
0.97638
0.947796
0.727644
0.895886
0.781105
0.768482
0.726808
0.865146
0.883437
0.922544
0.777641
0.771234
0.97722
1.02026
0.723099
0.803897
0.577952
0.927374
0.673083
1.16316
0.698748
1.2712
1.12058
0.967946
1.00027
1.02897
0.81211
1.05137
0.902604
1.03755
1.03617
0.854762
0.735646
0.793485
1.0005
0.790024
0.972235
0.618392
0.791649
0.931851
0.6851
0.880056
0.603566
0.948366
1.03322
0.826044
1.04565
1.03153
0.645273
1.08737
0.899281
0.986787
0.882347
0.83795
0.578632
0.768627
0.805975
0.91815
0.833208
0.976142
0.830491
0.985169
1.00363
0.872825
0.740555
0.802143
1.08022
0.761023
0.698144
0.992774
0.799774
0.821367
0.796472
0.810713
0.749471
1.00024
0.80277
0.779963
0.728098
1.02719
1.02588
0.775148
0.52574
0.767045
0.772735
0.789706
0.768466
0.690076
0.841461
1.10766
0.804202
0.851626
0.776566
0.588124
0.878412
0.915067
0.654206
1.0873
0.963721
0.820243
1.04894
0.763924
0.672978
0.791183
1.02971
0.991817
0.911594
0.769562
0.812597
1.03177
0.667799
0.753558
0.862537
1.05077
0.838564
0.985684
0.72688
0.747811
0.921024
1.00791
0.570085
0.989804
1.00023
0.748472
0.866648
0.909989
0.831703
1.09645
0.769349
0.70718
0.73133
0.822499
1.07067
1.02696
0.840078
0.944089
0.80359
0.997104
1.00769
1.0186
0.655986
0.69284
1.00026
0.777109
0.98252
0.984824
1.01752
0.880232
1.12082
0.805094
0.944675
0.972394
0.840068
0.704363
0.775342
0.70372
0.886972
1.05224
0.731194
0.799401
0.906055
0.784423
1.04906
0.884662
0.864129
1.00015
0.776286
0.973492
0.895095
0.851443
0.673597
0.655933
0.798158
0.846001
0.917576
0.993107
0.88468
1.07848
0.870013
1.0036
0.975211
1.09285
0.686538
0.60729
0.649598
0.845078
1.02631
0.791261
0.917218
0.868338
0.794547
1.00239
0.693537
0.932468
0.892313
1.05739
0.713561
0.997802
0.894788
0.699189
0.915893
0.762597
0.68188
0.83034
0.934462
0.852768
0.601768
0.962515
0.987584
1.00595
0.788893
0.719583
1.05167
0.898733
0.774567
1.01145
0.993224
1.17924
0.879697
0.801475
0.728354
0.738623
1.09997
0.898743
0.767288
0.751131
0.970945
0.823409
0.776956
1.00375
0.833192
1.08232
0.817707
0.853785
0.927113
1.06545
0.849969
1.03792
0.820953
0.75639
0.803581
0.952171
0.953786
0.798813
0.84621
0.87499
0.812001
1.11775
0.924245
0.555651
1.03435
0.697612
0.958928
0.924833
0.941205
0.623432
0.728562
0.823664
0.717879
0.911141
0.945833
0.757554
0.698145
0.804042
0.645463
0.977081
0.911449
0.584377
1.02314
0.686099
0.801337
0.954271
1.00024
0.765857
0.801046
1.00031
0.962079
0.841983
0.661231
0.912729
0.880836
1.07294
1.06319
0.834451
1.14203
0.971763
1.0691
0.778678
0.891424
0.991593
0.942877
0.902759
0.923003
0.569466
1.09394
1.06014
0.813832
0.999239
0.852479
0.931133
0.851427
1.21619
0.847667
1.06727
0.773533
0.795758
0.994146
0.931528
0.690791
0.843229
0.943984
0.821327
0.708363
0.694774
0.891492
0.884424
0.848696
0.941748
0.815854
0.80131
0.823709
0.871907
0.997177
1.07374
0.809322
0.725903
0.608105
0.737178
0.946442
0.858679
0.914756
1.0298
0.910244
0.715314
0.849264
1.08928
0.894018
0.744894
0.736944
0.844122
0.840656
0.851624
0.884976
1.01046
1.00904
0.946494
1.07111
0.924179
1.03418
0.960997
0.976787
0.901186
0.739308
0.852104
0.759248
0.936832
0.777688
0.747809
0.944063
0.678341
0.714273
0.82804
0.960626
1.10013
0.749111
0.882623
1.08449
0.81568
0.826514
0.977256
0.866638
0.834808
0.608414
0.812497
1.05698
1.06585
1.00735
0.702491
1.02203
0.908164
0.827465
0.853992
0.709678
0.751398
0.903976
0.711335
1.08639
0.776896
0.787635
1.07393
0.666004
0.719884
0.733512
0.793952
1.14173
1.09221
0.820293
0.64433
1.09199
0.877059
1.0355
0.874592
0.743186
0.88713
0.675869
0.702947
0.980441
0.818678
0.86525
0.936473
0.637558
0.948863
0.735827
0.85226
0.994533
1.05333
0.713012
0.996575
1.09342
0.900318
0.921196
0.764472
0.925512
0.89772
0.969621
1.04872
0.746658
0.775939
0.85736
0.858077
0.770169
0.810993
0.876511
0.880577
0.859815
0.875825
0.954659
0.761133
0.77683
1.07732
1.00033
1.06421
0.931333
0.782444
0.913912
0.799198
0.97793
0.577191
0.918682
0.911931
0.994285
0.729005
0.983776
1.05908
0.788067
0.815726
0.919513
0.766948
1.01517
0.631497
0.677286
0.78312
1.10863
0.892169
0.524286
1.08604
0.819799
1.08621
0.937516
0.882876
0.793271
1.00015
0.453076
0.899363
0.754713
1.14431
0.784541
0.902664
0.742847
0.917627
0.923135
0.677793
0.891206
1.11186
0.675818
1.11768
0.783178
0.880509
0.823927
0.863828
0.744002
0.744925
0.856236
0.720631
0.789674
0.814489
1.00313
0.854367
0.777421
1.1063
0.843725
0.674049
0.661066
0.62931
0.765095
0.773141
0.796862
0.826897
0.962967
0.751762
0.717893
0.635506
0.834774
0.991115
0.900802
0.931504
0.586386
0.983899
0.888346
0.788779
0.873397
0.848605
0.65428
0.711449
0.771904
0.718761
0.853604
0.964592
1.03205
0.978704
1.05031
1.03645
0.949754
0.988624
0.872799
1.06951
0.775804
0.868716
0.898079
1.059
0.582769
0.725108
1.04049
0.869116
1.00835
0.861272
1.04574
1.00769
0.843029
0.736808
0.631706
0.905808
0.952338
0.999471
0.839391
0.581244
0.898448
0.713688
1.02388
0.814467
0.614048
1.02405
0.91833
0.908808
0.853397
0.878404
1.05648
0.862797
0.938954
0.932189
0.824227
0.843914
0.706662
0.760933
0.863064
1.08146
0.787714
1.08994
0.876884
1.09163
1.00432
0.733551
0.843714
0.876287
1.04569
1.05344
0.985389
0.762788
