1.11584
1.00233
1.00314
1.0799
1.00021
1.00019
1.06172
1.00088
1.06225
1.00018
1.00306
1.02597
1.0021
1.00019
1.03101
1.07832
1.06749
1.04882
1.00324
1.0025
1.0025
1.04995
1.07344
1.00026
1.02463
1.00021
1.00015
1.00129
1.00022
1.0002
1.03638
1.04
1.00347
1.00695
1.00016
1.00267
1.03194
1.00235
1.00301
1.00049
1.00022
1.00573
1.00025
1.07096
1.0001
1.04718
1.00293
1.00473
1.1127
1.00025
1.02512
1.08838
1.09176
1.06235
1.00023
1.10978
1.00017
1.09063
1.00302
1.00016
1.00016
1.00365
1.06001
1.00195
1.00014
1.10861
1.08249
1.00032
1.00016
1.03872
1.08384
1.01609
1.0002
1.02028
1.05023
1.00018
1.05036
1.06651
1.00023
1.02625
1.0249
1.0008
1.00021
1.0983
1.0002
1.14107
1.00164
1.06583
1.05901
1.00007
1.075
1.04516
1.00024
1.07768
1.00023
1.00028
1.00018
1.01793
1.00026
1.00015
1.06728
1.00608
1.06631
1.06996
1.12088
1.00018
1.073
1.1158
1.0003
1.00025
1.02243
1.001
1.0507
1.00132
1.00169
1.03839
1.00021
1.0002
1.00027
1.08723
1.06836
1.04894
1.07887
1.00511
1.00285
1.0602
1.00029
1.00032
1.05077
1.10372
1.07796
1.00807
1.00042
1.00459
1.05036
1.08803
1.00557
1.00016
1.10704
1.03366
1.00487
1.00255
1.05584
1.00021
1.00015
1.01483
1.12319
1.09042
1.00022
1.00022
1.05851
1.02369
1.00019
1.00323
1.00022
1.03409
1.00576
1.00015
1.00024
1.00318
1.00114
1.04091
1.00024
1.00005
1.08901
1.06644
1.00022
1.00017
1.08122
1.0481
1.02997
1.00049
1.00017
1.06595
1.00023
1.00017
1.00018
1.00094
1.00075
1.04793
1.0002
1.00031
1.00026
1.00804
1.00017
1.00027
1.00114
1.0249
1.001
1.00019
1.00169
1.0224
1.07442
1.00027
1.00014
1.0002
1.13249
1.03984
1.02128
1.05887
1.02495
1.00023
1.10268
1.00618
1.03038
1.00051
1.00019
1.00021
1.0101
1.05727
1.05728
1.00024
1.00118
1.00112
1.00019
1.03825
1.00636
1.00019
1.00021
1.10221
1.00023
1.00017
1.06663
1.00032
1.02549
1.00032
1.00445
1.00419
1.04456
1.06268
1.04626
1.0669
1.0035
1.01158
1.04214
1.00031
1.0018
1.03073
1.00018
1.00274
1.0026
1.00022
1.10012
1.09574
1.01102
1.07147
1.00025
1.06244
1.00791
1.00014
1.00094
1.03401
1.0216
1.06997
1.04495
1.10585
1.02952
1.00404
1.02086
1.00026
1.0002
1.00022
1.00365
1.00018
1.00022
1.00023
1.00091
1.00089
1.0005
1.00055
1.00018
1.00895
1.11103
1.00548
1.10669
1.06076
1.00029
1.0689
1.04566
1.00832
1.05254
1.00159
1.00501
1.03179
1.0002
1.00018
1.00015
1.09995
1.06405
1.00074
1.06482
1.00015
1.03435
1.07981
1.05067
1.00025
1.06502
1.00021
1.05778
1.00034
1.0001
1.02758
1.0857
1.00018
1.01558
1.00074
1.12118
1.03884
1.07836
1.08623
1.07295
1.0531
1.02194
1.0002
1.00256
1.0117
1.07854
1.00019
1.00114
1.00018
1.00019
1.03656
1.06788
1.00427
1.00012
1.04093
1.05323
1.00036
1.0331
1.05775
1.00036
1.04955
1.00024
1.0955
1.04756
1.00019
1.07958
1.00771
1.00023
1.00028
1.00072
1.00333
1.0145
1.07234
1.02311
1.05466
1.01654
1.00019
1.04213
1.00019
1.00342
1.06587
1.00019
1.06262
1.0002
1.00018
1.06315
1.06434
1.07754
1.0002
1.00025
1.08462
1.00025
1.00015
1.08509
1.0755
1.00034
1.03168
1.05172
1.08751
1.14227
1.00018
1.04808
1.10244
1.00153
1.00063
1.00958
1.05037
1.11692
1.02154
1.00022
1.0067
1.00051
1.00031
1.00017
1.00023
1.05391
1.10817
1.00438
1.02559
1.00013
1.00017
1.01411
1.09837
1.07372
1.0002
1.00361
1.06086
1.00011
1.05953
1.0502
1.00023
1.00035
1.00634
1.01973
1.00016
1.00021
1.035
1.09531
1.00014
1.00214
1.00022
1.02283
1.00014
1.00333
1.07958
1.0136
1.08297
1.09388
1.00023
1.04961
1.00013
1.02555
1.00026
1.00019
1.10154
1.00019
1.00023
1.00231
1.02089
1.00021
1.05945
1.0275
1.02975
1.08733
1.09256
1.05912
1.11435
1.0416
1.00021
1.00014
1.04203
1.03602
1.00027
1.01176
1.00021
1.03163
1.10261
1.03126
1.08577
1.00063
1.00404
1.00741
1.06117
1.00021
1.05189
1.0787
1.00021
1.01362
1.1583
1.00021
1.00137
1.08182
1.08731
1.11867
1.00019
1.00025
1.00018
1.00021
1.00078
1.06185
1.0164
1.0696
1.00433
1.06098
1.00034
1.00081
1.00156
1.00027
1.01819
1.00015
1.00719
1.00182
1.00029
1.00014
1.00019
1.00615
1.01513
1.02954
1.00023
1.00576
1.04166
1.00023
1.01694
1.00016
1.09197
1.10316
1.00018
1.05486
1.00028
1.07088
1.00401
1.08302
1.00512
1.00024
1.00024
1.00254
1.00019
1.0621
1.00035
1.00017
1.07039
1.00066
1.03884
1.00017
1.00248
1.0361
1.00022
1.00241
1.0422
1.06894
1.00017
1.00014
1.00025
1.03497
1.04756
1.05665
1.0376
1.09921
1.0002
1.00257
1.01413
1.00019
1.07076
1.10197
1.0002
1.00016
1.00021
1.00199
1.03526
1.08177
1.0002
1.05386
1.0002
1.00021
1.072
1.0002
1.08759
1.00383
1.06838
1.00623
1.05216
1.00018
1.00018
1.06386
1.00972
1.00015
1.00026
1.0002
1.00017
1.05145
1.00021
1.00021
1.04323
1.00017
1.0195
1.11393
1.03213
1.00053
1.03443
1.00374
1.06584
1.00013
1.0894
1.00024
1.00019
1.04131
1.00306
1.00086
1.00386
1.00019
1.04985
1.00019
1.00013
1.00881
1.05388
1.02526
1.0002
1.00386
1.00122
1.00235
1.00406
1.00198
1.00019
1.00464
1.15032
1.03405
1.00013
1.00016
1.01168
1.00015
1.00015
1.00244
1.00025
1.08402
1.00077
1.00016
1.05541
1.07648
1.00007
1.05113
1.04115
1.03438
1.0003
1.00023
1.06345
1.00015
1.0002
1.043
1.00126
1.07909
1.05689
1.00019
1.00023
1.00023
1.00046
1.00011
1.00511
1.03561
1.04773
1.0002
1.03882
1.05763
1.00018
1.00016
1.00021
1.00012
1.06017
1.00075
1.00026
1.00032
1.07911
1.08758
1.00183
1.09724
1.04786
1.0729
1.00404
1.02042
1.00053
1.07437
1.00384
1.09717
1.0669
1.00441
1.00997
1.02383
1.03661
1.03085
1.00021
1.00018
1.00103
1.00026
1.06023
1.05569
1.0014
1.00015
1.0399
1.00033
1.02001
1.00075
1.00085
1.00014
1.00344
1.00019
1.00023
1.03988
1.00415
1.00024
1.00833
1.0006
1.00091
1.00063
1.00383
1.0015
1.12785
1.15536
1.10777
1.00021
1.04216
1.00708
1.00019
1.00021
1.09904
1.10502
1.07146
1.00015
1.0392
1.04186
1.00018
1.00084
1.00024
1.08317
1.01367
1.03982
1.02969
1.00025
1.06442
1.00019
1.00053
1.00019
1.00918
1.00026
1.00019
1.0002
1.00019
1.00024
1.00138
1.07874
1.00022
1.03459
1.00672
1.00028
1.00032
1.03619
1.05016
1.07333
1.01758
1.36103
1.07247
1.02825
1.05572
1.11088
1.02317
1.00018
1.00018
1.00025
1.00026
1.00395
1.00036
1.00411
1.00005
1.0664
1.03047
1.00044
1.0034
1.0047
1.01993
1.00013
1.13115
1.00019
1.02022
1.00016
1.02409
1.0124
1.00045
1.02322
1.08394
1.05395
1.02149
1.06623
1.00206
1.00026
1.11992
1.00015
1.0002
1.00019
1.0655
1.02825
1.00283
1.03492
1.03852
1.02718
1.00102
1.00035
1.0025
1.00024
1.08068
1.00019
1.00071
1.00021
1.00741
1.0065
1.00021
1.00733
1.0002
1.00017
1.03176
1.00479
1.00019
1.10272
1.00019
1.052
1.00186
1.02966
1.01495
1.04003
1.00272
1.00022
1.00019
1.00478
1.04742
1.07129
1.0308
1.0173
1.09038
1.1148
1.00145
1.00024
1.0593
1.09811
1.00025
1.00014
1.05634
1.0549
1.02239
1.11582
1.00198
1.00017
1.05539
1.00034
1.03782
1.0002
1.0008
1.00023
1.04326
1.07512
1.00033
1.00023
1.02726
1.00021
1.11419
1.00018
1.06198
1.1072
1.0002
1.05614
1.02177
1.06499
1.00018
1.00152
1.00018
1.0002
1.01796
1.00024
1.09168
1.00032
1.0422
1.06459
1.00021
1.00179
1.00022
1.00514
1.02386
1.04418
1.0246
1.00015
1.00027
1.00144
1.06901
1.05323
1.02355
1.00017
1.00523
1.09726
1.00109
1.0002
1.00008
1.07238
1.0002
1.05603
1.00019
1.05802
1.00016
1.01214
1.00134
1.11337
1.00016
1.00114
1.09131
1.09227
1.03852
1.00578
1.00019
1.10017
1.01342
1.00019
1.02704
1.0003
1.00035
1.00569
1.00177
1.11313
1.00801
1.00028
1.02921
1.00023
1.04809
1.00281
1.00024
1.06803
1.00011
1.04716
1.00021
1.00095
1.00023
1.03112
1.07391
1.00181
1.02273
1.0002
1.02608
1.03208
1.00017
1.00022
1.00162
1.04264
1.00021
1.00029
1.02484
1.06997
1.02901
1.0001
1.00021
1.00273
1.00021
1.00022
1.13531
1.00022
1.09498
1.0002
1.06139
1.00135
1.06231
1.00114
1.02961
1.11044
1.04458
1.00016
1.00333
1.00019
1.00651
1.00013
1.00023
1.00021
1.00039
1.0002
1.0002
1.00043
1.00024
1.00016
1.07263
1.00025
1.00207
1.00166
1.00017
1.04791
1.00212
1.04475
1.06409
1.03325
1.00021
1.05307
1.11815
1.0199
1.00197
1.00033
1.00772
1.00022
1.00556
1.06954
1.04217
1.00533
1.04892
1.0972
1.00017
1.05413
1.00836
1.04179
1.00029
1.07908
1.00384
1.00011
1.0503
1.00303
1.03985
1.11491
1.0017
1.00334
1.00027
1.00014
1.00022
1.00023
1.00018
1.10596
1.0944
1.04179
1.00894
1.0333
1.00031
1.11584
0.919974
0.8673
1.07306
1.0075
1.00851
0.77167
0.622332
0.882468
0.870023
0.954753
0.995209
1.0163
0.93917
0.673747
1.05107
1.06749
1.04882
1.01104
0.934238
0.95928
1.06387
0.831102
0.794764
0.895739
0.883455
0.826155
0.854335
0.933728
0.79518
0.82698
0.681226
0.7371
0.845964
0.873386
0.861746
0.868267
0.87472
1.00298
0.768001
0.905971
0.698846
0.981703
0.995241
0.834293
0.584493
0.844458
0.977318
0.724052
0.893542
0.817137
1.08838
0.870854
1.06214
0.973116
1.10978
0.699243
0.838226
0.913774
0.851488
0.838183
0.893175
1.11485
1.13776
0.862933
0.899829
0.926095
0.97007
0.73067
0.667863
0.919604
1.01348
0.861551
0.721334
0.827358
0.859331
0.749391
0.87842
0.858776
0.931258
0.74644
1.00056
1.01347
1.0983
0.785085
0.963469
0.772581
0.839464
0.957807
0.887422
0.971958
0.84814
1.00699
0.91221
0.986857
0.775937
0.934356
0.644685
0.63282
0.686492
1.04985
0.91648
0.904432
0.846501
0.779208
0.650398
0.655405
1.1158
0.804009
0.80723
0.714625
1.0302
0.767894
0.616467
1.01475
1.03839
0.887768
0.818088
0.561622
0.876268
0.879622
0.902376
1.07887
0.70735
0.927874
0.972643
0.839924
0.775558
0.970957
0.896843
0.669275
0.692934
0.869076
0.843903
0.858496
1.08803
0.764727
0.669693
1.00058
0.837629
0.946676
0.888652
1.11651
0.853022
0.952078
0.792517
1.02255
1.07344
0.9433
0.828614
0.836966
0.953989
0.964261
0.812035
0.829704
0.861239
0.725377
0.879751
1.08039
0.973754
0.762667
0.868682
0.7936
0.85517
0.785635
1.10631
0.84553
0.878731
0.939806
1.04196
0.769307
1.02031
0.812822
0.968563
0.689473
0.741513
0.847848
0.950323
0.947113
0.770278
0.772867
0.868963
0.967038
0.7343
1.00621
0.895316
0.813587
0.862141
0.73797
0.80946
0.95617
0.769249
0.836128
0.869368
0.67695
0.950582
1.13249
0.934951
0.822073
1.09788
1.11273
0.937954
0.967996
0.819865
0.768437
0.72685
0.722984
1.00515
0.544631
0.784546
0.867478
0.967232
1.04204
0.786902
0.999166
0.730631
0.892137
1.05448
0.871377
1.10221
0.766092
1.00016
0.863227
0.60697
0.723224
0.915011
0.846896
0.973968
1.06175
0.875073
0.840066
0.741079
0.944304
0.996287
0.915008
0.978507
0.923157
0.881593
0.892011
0.877472
0.757209
0.956916
1.03047
0.809907
1.02575
0.700891
0.911346
0.94127
1.00715
0.796567
0.814785
0.753563
0.80615
0.613584
0.798471
0.92004
0.640313
0.792398
0.795088
0.877998
0.960556
0.751861
0.824543
0.702592
0.815037
0.870471
0.84038
1.00088
0.840682
0.83197
0.770625
1.09265
1.111
0.800186
0.856424
0.85785
0.688062
0.853779
0.981807
0.764735
0.77017
0.613949
0.769462
0.949477
0.856008
0.827433
0.656191
1.09995
0.758393
0.652009
0.75152
0.953418
0.707868
0.778637
0.911876
0.896288
0.735753
0.75877
0.854677
0.981013
0.698209
0.854146
1.01637
1.0188
0.789949
0.881361
1.08229
0.865176
0.963364
1.08619
1.14104
0.818743
0.690907
0.848812
0.824164
0.950489
0.77757
0.696601
0.730551
0.999046
0.759687
0.79138
1.03334
0.908327
0.774351
0.958394
0.944416
0.785406
0.673396
0.957929
0.742402
0.738387
0.721241
0.620379
0.817282
0.761261
0.906374
0.907137
0.625615
0.718566
1.00062
1.00333
0.790728
0.867674
1.01577
0.670661
0.637297
0.876166
0.866458
0.828121
0.678059
0.627912
0.841105
0.801001
0.805597
0.844565
0.977465
0.833378
1.11046
0.846667
0.718792
0.905158
1.00025
0.800859
0.910222
1.0755
0.778864
0.733746
0.750095
0.97131
0.940077
0.890966
0.721991
0.822775
1.00153
0.761689
1.00958
1.03878
0.74111
0.808278
0.8983
0.876888
0.909099
1.00031
0.756249
0.599324
0.693652
0.655158
0.752207
0.698252
0.813264
1.02796
0.731507
0.951157
0.797514
0.888497
0.550397
0.618286
0.807768
1.03531
0.719998
0.909123
1.00035
0.949323
1.01504
0.726861
0.585468
0.856677
0.956507
0.855594
0.790675
0.721406
0.980186
0.848788
0.855593
1.04817
1.00575
0.855177
0.882116
0.890147
0.771498
0.802189
1.04077
0.92938
0.614592
0.764796
0.818176
0.704438
0.965421
0.676353
0.707889
0.818718
0.928055
1.00309
1.12191
1.09635
0.873111
0.809828
0.824991
0.899704
0.936922
1.02304
0.7645
0.699774
1.0606
0.796174
1.04883
0.765031
0.646524
0.896514
0.533834
1.12986
0.815231
0.783936
0.615068
0.9275
1.0787
0.896197
0.796497
1.13186
0.801423
0.887624
1.03069
1.08731
1.07056
0.821971
0.727127
0.943665
0.797267
0.731671
0.847611
1.04435
1.10031
0.882804
0.713882
0.704007
0.879051
0.956777
0.968882
0.995281
0.824647
0.882107
0.722133
0.603003
0.898879
0.752784
1.02945
0.761589
0.768433
0.759085
0.949973
0.93348
0.900576
0.762089
0.788787
1.03449
0.919874
0.794682
1.05486
0.765075
1.0654
0.963229
0.794734
0.91319
0.85313
0.708328
0.781802
0.878996
0.825783
0.924668
0.797082
0.772149
0.940251
0.707668
0.776763
0.939779
0.826926
0.975125
0.856507
1.02084
0.809291
0.995766
0.911676
0.867556
0.728613
0.795957
0.943555
0.887136
0.793563
0.956294
1.00254
0.620453
0.651205
1.00396
0.883775
1.00019
0.701976
1.00684
0.98442
1.00638
1.05567
0.845319
0.828079
1.00018
0.851498
1.08812
0.871017
0.832841
0.69554
0.883794
0.782355
0.812082
0.799755
0.822015
1.09356
1.01269
0.762575
0.921952
0.846488
0.828357
0.924991
0.90049
0.994316
0.929794
0.654058
1.02357
1.11392
1.02263
1.0199
0.920122
0.634394
0.657062
0.771817
0.963747
1.0148
0.812391
0.903697
0.988612
0.914396
1.05299
0.927066
0.871951
0.768872
0.659984
0.816103
0.832044
1.03196
0.907704
0.774055
0.981884
0.744431
0.949041
0.63449
0.713089
0.964904
1.20345
0.881307
0.785911
0.85879
0.986752
0.888698
0.815422
0.850245
0.780638
0.836806
0.921357
0.764728
1.05541
1.00955
0.833241
0.978311
0.848703
0.893947
1.02757
0.872088
1.06345
0.760449
0.816574
0.794585
0.832639
0.746978
0.889198
0.9421
0.926114
0.744734
0.704547
0.780847
0.843992
1.06448
1.05108
0.820561
0.659085
0.783519
0.855028
0.714981
0.939711
0.8633
1.03879
0.991003
0.996925
0.894538
0.871147
0.907536
0.848756
0.812606
0.851435
0.997723
1.09609
0.866612
0.758154
0.791996
0.666518
0.905602
1.08588
0.998129
1.01334
0.770965
0.742074
0.888388
0.809069
0.784758
1.07976
0.895489
0.724255
0.872043
0.823044
0.831402
0.733198
0.712019
0.717617
0.726148
0.755969
0.949188
0.749891
0.77758
0.877487
0.930498
0.796479
0.760877
0.890646
0.940893
0.728364
0.719814
0.873132
0.669686
1.02117
1.15536
0.91586
0.820195
0.903578
0.827106
1.00015
0.805673
0.946557
0.812789
1.07146
0.926782
1.10326
0.989311
0.909358
0.794839
0.78125
1.05652
1.00183
0.733431
1.02969
0.845309
0.874735
0.810136
1.01633
0.907685
0.6745
0.995135
0.709387
0.98517
0.996335
0.8837
0.919982
0.989838
0.741493
0.73947
1.01549
0.89879
0.761447
0.839813
1.05835
0.993008
0.895555
0.677164
0.909149
0.775191
0.902522
0.833676
0.683592
0.844328
0.928709
0.940337
0.810268
1.00395
0.94892
0.830949
0.990211
0.929249
0.804729
1.0186
1.0034
0.646729
0.879348
0.793914
1.13115
1.0053
1.10529
0.867629
0.797212
0.745431
0.820009
0.629752
1.08394
0.883367
0.735688
0.852213
0.920025
0.732684
1.11992
0.793599
1.06191
0.730497
0.898211
0.679407
0.936279
1.03953
1.11744
0.793174
0.551632
0.942112
1.00731
0.618514
0.903447
0.739083
0.95938
0.908861
0.802095
0.650725
0.703054
1.04318
1.00018
0.951573
0.813146
0.654477
1.01802
1.00897
0.669437
0.851691
1.00186
0.999529
0.766873
0.900235
0.693561
0.93599
1.04055
0.88863
0.899857
0.827789
0.625951
0.966676
0.812632
0.775696
1.01849
0.863613
0.861251
0.785729
0.795629
0.929971
0.744937
0.664187
1.01785
0.917398
0.699052
0.802943
0.810852
0.742924
1.01287
0.846903
0.807047
0.77884
0.992655
1.1001
0.996017
1.04326
1.04023
0.890197
1.11419
0.897897
0.846049
1.01937
0.747861
0.96549
0.873309
0.964331
0.905813
0.995406
0.800302
0.830424
1.0868
1.00352
0.778825
0.884321
0.810314
1.00006
1.0196
0.812114
0.676709
0.999993
1.02383
1.05627
0.878955
0.63387
0.949924
0.950497
0.834365
0.810249
0.900951
0.832063
1.00891
1.03042
0.770171
0.7467
0.937205
1.0622
0.874983
0.768323
0.989466
0.975991
0.788155
1.10251
0.831172
1.11337
0.60817
0.773308
0.70251
0.964739
0.783991
0.710345
0.873309
1.10017
0.866174
0.879478
0.855208
0.647058
0.784136
0.968907
0.938279
1.04406
0.770785
0.784044
0.825164
0.847784
0.807354
0.888827
0.835781
0.990894
0.991986
0.868008
0.902227
0.999002
1.03748
0.749038
1.08616
1.00309
1.07008
0.894058
0.863026
0.695222
0.917626
0.764385
1.0016
0.918222
0.809727
1.03561
0.720297
0.813365
0.955808
0.76269
0.847069
0.834555
0.866673
0.580688
1.13531
0.836144
1.02794
0.604214
1.0531
0.980742
0.828923
0.748806
0.703921
1.18268
1.03354
0.725706
0.954589
0.832461
1.00627
1.0799
1.00018
0.924597
1.00647
0.951842
0.729643
1.00588
0.771525
0.767509
1.09977
1.02201
0.796834
0.835486
0.839109
0.905319
0.870308
0.813183
0.861579
1.0229
0.893576
0.779357
0.873984
1.13472
0.959656
1.1581
0.743161
0.603624
1.01839
0.757881
0.835129
0.991343
0.889404
1.00394
0.793396
0.980866
0.765575
0.944256
0.653329
0.918429
0.9014
0.914631
0.692454
1.15495
0.851023
0.949969
0.946641
1.00082
0.933074
0.658669
0.813302
0.994725
0.937407
0.82431
0.844176
0.724477
0.877914
1.05154
0.792336
