1.03343
1.00161
1.04274
1.00019
1.00516
1.00177
1.00126
1.06333
1.0002
1.01529
1.07345
1.04024
1.00317
1.01239
1.05506
1.04339
1.00027
1.00331
1.01251
1.05764
1.00013
1.08424
1.00017
1.00021
1.00202
1.03191
1.00014
1.00021
1.00012
1.00097
1.01355
1.04756
1.03057
1.01394
1.00017
1.07098
1.00311
1.04657
1.00014
1.00018
1.02738
1.03988
1.00022
1.00175
1.00014
1.00021
1.04467
1.00021
1.04261
1.05133
1.09154
1.00016
1.00023
1.08204
1.00138
1.03669
1.00169
1.15785
1.02689
1.00017
1.00037
1.00022
1.0759
1.00289
1.0002
1.00939
1.00022
1.00229
1.00029
1.04742
1.00016
1.00157
1.1465
1.0753
1.00017
1.01062
1.00022
1.00018
1.00099
1.0411
1.05811
1.0794
1.00021
1.00026
1.08941
1.00019
1.03529
1.00015
1.0002
1.00143
1.11122
1.03482
1.00022
1.00015
1.00404
1.06386
1.04092
1.00405
1.00444
1.00197
1.00015
1.00017
1.056
1.01772
1.00402
1.00016
1.00053
1.00017
1.00016
1.12564
1.00019
1.06607
1.03727
1.0003
1.01465
1.08828
1.00053
1.03769
1.02581
1.00079
1.08807
1.0611
1.0616
1.05641
1.00017
1.07453
1.04314
1.00022
1.01704
1.09148
1.00208
1.0008
1.00293
1.00017
1.00021
1.00027
1.0656
1.00023
1.08185
1.00022
1.00173
1.04038
1.00023
1.15151
1.11464
1.0013
1.08616
1.09075
1.08055
1.04873
1.00019
1.00018
1.00025
1.02316
1.08209
1.04378
1.00016
1.10655
1.09597
1.00015
1.0303
1.00022
1.02143
1.0002
1.00461
1.00276
1.00306
1.09489
1.00194
1.00689
1.00023
1.07881
1.09832
1.00017
1.06544
1.00647
1.02642
1.07216
1.00018
1.00263
1.00022
1.00069
1.00023
1.00017
1.06143
1.00025
1.02689
1.00654
1.0026
1.09577
1.01918
1.07185
1.06385
1.09355
1.00294
1.07752
1.04883
1.00866
1.00726
1.05853
1.0792
1.09096
1.03702
1.00023
1.06205
1.03289
1.00026
1.0002
1.07284
1.00571
1.00021
1.00018
1.03789
1.09106
1.04984
1.00018
1.06492
1.00024
1.00016
1.03687
1.05496
1.01277
1.03768
1.00026
1.00015
1.00025
1.00137
1.08045
1.09834
1.00021
1.00021
1.00544
1.04076
1.03238
1.15824
1.0403
1.0534
1.0491
1.00563
1.07286
1.04879
1.01751
1.00799
1.05678
1.07811
1.00025
1.00481
1.04258
1.00026
1.00383
1.00287
1.0002
1.00023
1.00574
1.00019
1.00015
1.00041
1.00217
1.00124
1.09342
1.00126
1.00019
1.0647
1.00631
1.00023
1.00022
1.00184
1.00022
1.00016
1.00012
1.06738
1.07563
1.00011
1.00018
1.05718
1.0016
1.08241
1.05074
1.00016
1.03006
1.00247
1.00024
1.01325
1.00017
1.03305
1.05421
1.0002
1.03577
1.04515
1.00015
1.07457
1.0208
1.11662
1.00246
1.00215
1.00376
1.00966
1.00018
1.0002
1.00052
1.02924
1.0284
1.00018
1.06121
1.00018
1.01118
1.01272
1.00065
1.00021
1.00033
1.04898
1.00016
1.05071
1.00711
1.06965
1.06372
1.00025
1.00027
1.0616
1.00018
1.00017
1.0002
1.00357
1.02458
1.02583
1.00016
1.09037
1.00285
1.02285
1.00383
1.0562
1.00021
1.00213
1.0016
1.00217
1.08876
1.06376
1.04434
1.00023
1.00025
1.00095
1.06905
1.03233
1.04039
1.03941
1.00118
1.00017
1.08665
1.0268
1.03161
1.00017
1.06266
1.0289
1.15845
1.00012
1.00022
1.00013
1.04358
1.05557
1.00218
1.00025
1.00039
1.00313
1.02407
1.02943
1.02748
1.09459
1.0492
1.01291
1.12819
1.03276
1.00107
1.00023
1.00027
1.00066
1.00153
1.04852
1.00016
1.00644
1.00015
1.03382
1.00012
1.00194
1.00019
1.01076
1.08036
1.10473
1.00022
1.10158
1.00014
1.00024
1.01474
1.00016
1.00089
1.00207
1.00019
1.06844
1.04982
1.10696
1.04408
1.03625
1.03759
1.00024
1.0002
1.0002
1.04956
1.00057
1.00027
1.00024
1.00075
1.03787
1.00672
1.09326
1.0002
1.00025
1.08179
1.07334
1.11905
1.13762
1.04668
1.01461
1.08617
1.03536
1.02303
1.00599
1.00017
1.01897
1.00018
1.00015
1.01024
1.00017
1.03157
1.00397
1.00021
1.00017
1.0528
1.00859
1.05439
1.07547
1.00545
1.02023
1.10616
1.00221
1.13237
1.05589
1.00019
1.00022
1.00017
1.05712
1.00017
1.08282
1.07557
1.04121
1.06642
1.00206
1.09803
1.03369
1.02531
1.05615
1.00018
1.00145
1.07425
1.06545
1.09147
1.00018
1.00022
1.00015
1.01053
1.00017
1.0976
1.02896
1.12977
1.006
1.03674
1.00059
1.08872
1.05717
1.00026
1.00016
1.00018
1.00014
1.03945
1.00015
1.00018
1.00019
1.05463
1.01479
1.00016
1.00462
1.00021
1.00026
1.00017
1.00375
1.00893
1.0002
1.00764
1.04288
1.04591
1.00013
1.14226
1.04277
1.00023
1.00025
1.00015
1.02555
1.01035
1.00019
1.08054
1.16075
1.00128
1.02661
1.00391
1.00028
1.00167
1.0002
1.00028
1.00672
1.04772
1.0002
1.00217
1.0709
1.00025
1.05996
1.04345
1.00067
1.11561
1.00269
1.00182
1.00013
1.00022
1.06451
1.07905
1.12026
1.00023
1.02065
1.00016
1.00015
1.00021
1.00022
1.00812
1.00022
1.07014
1.00025
1.00016
1.02007
1.02864
1.00022
1.00712
1.00021
1.00316
1.00673
1.00021
1.0346
1.07708
1.00012
1.00335
1.0336
1.08007
1.00127
1.00059
1.00024
1.01273
1.00438
1.11675
1.07991
1.00027
1.03743
1.05366
1.01199
1.05372
1.06548
1.03505
1.00028
1.0182
1.08353
1.0002
1.1038
1.00257
1.00027
1.09535
1.05939
1.07008
1.0601
1.08161
1.0511
1.11046
1.07905
1.03638
1.11243
1.00137
1.05916
1.07435
1.00302
1.13323
1.11155
1.09444
1.03002
1.07946
1.09001
1.00034
1.05811
1.06476
1.02343
1.00011
1.00014
1.08043
1.05854
1.00075
1.00022
1.06348
1.00022
1.00022
1.06348
1.0002
1.00027
1.00827
1.05633
1.09506
1.0197
1.00704
1.00147
1.12913
1.09513
1.00015
1.02543
1.00022
1.00016
1.00147
1.10103
1.06781
1.06765
1.00014
1.0022
1.00018
1.00105
1.07339
1.00544
1.00018
1.0623
1.00018
1.00016
1.00021
1.00461
1.00019
1.03764
1.06819
1.03815
1.00495
1.00225
1.00015
1.00243
1.00021
1.00739
1.00558
1.0003
1.00024
1.01271
1.01541
1.00016
1.00101
1.08822
1.00573
1.00398
1.07119
1.04316
1.0002
1.00465
1.00551
1.00022
1.00605
1.00023
1.05828
1.00016
1.00015
1.04319
1.03471
1.07887
1.00024
1.03172
1.05473
1.00018
1.02369
1.01835
1.00017
1.05246
1.00556
1.00102
1.00042
1.00204
1.00016
1.05521
1.0345
1.00039
1.00018
1.00428
1.01166
1.03467
1.04207
1.02831
1.02876
1.00034
1.00449
1.00022
1.10628
1.00014
1.00019
1.06322
1.00121
1.00021
1.06708
1.10104
1.00108
1.0002
1.02964
1.00021
1.00017
1.00015
1.00026
1.00014
1.00018
1.12134
1.08379
1.00498
1.00013
1.00021
1.0655
1.03924
1.00012
1.00021
1.00001
1.02505
1.00024
1.00021
1.00081
1.0002
1.06985
1.00022
1.00037
1.02804
1.00366
1.00024
1.0016
1.10838
1.00019
1.00012
1.08534
1.03207
1.02523
1.00016
1.00333
1.00021
1.00023
1.04457
1.00017
1.00025
1.06088
1.00689
1.08088
1.03882
1.00212
1.08202
1.04813
1.04577
1.00018
1.04521
1.0002
1.06609
1.06429
1.00013
1.02655
1.00783
1.07126
1.00018
1.07544
1.00019
1.00358
1.00261
1.0013
1.00014
1.0245
1.00028
1.05813
1.00015
1.00013
1.01716
1.05826
1.01106
1.00025
1.00026
1.04349
1.13006
1.00021
1.0002
1.04287
1.00031
1.00267
1.00022
1.00761
1.02741
1.00544
1.0763
1.00195
1.00093
1.19014
1.0005
1.09627
1.06059
1.07939
1.06314
1.04834
1.03982
1.00021
1.00022
1.00022
1.00021
1.00015
1.09415
1.00015
1.01319
1.01264
1.00218
1.04146
1.00021
1.13628
1.03031
1.09766
1.00073
1.00737
1.01024
1.11949
1.11171
1.08923
1.08178
1.00018
1.00017
1.00194
1.06197
1.03134
1.00205
1.0745
1.00206
1.0267
1.03043
1.00025
1.01955
1.00025
1.00021
1.13651
1.07164
1.06383
1.00023
1.0275
1.00016
1.00732
1.00218
1.00777
1.00018
1.00015
1.13829
1.00149
1.08712
1.18265
1.00558
1.00448
1.00065
1.00053
1.00019
1.0002
1.03749
1.06979
1.04398
1.03915
1.03875
1.09843
1.00017
1.00018
1.03952
1.00021
1.06044
1.00022
1.00015
1.00012
1.04728
1.01981
1.01268
1.00128
1.00017
1.05354
1.05939
1.13235
1.05798
1.0002
1.02967
1.0019
1.0373
1.00022
1.04607
1.03361
1.02013
1.00024
1.01034
1.00023
1.00278
1.00021
1.00013
1.00673
1.05817
1.004
1.00023
1.00584
1.01706
1.0002
1.00021
1.06537
1.00019
1.00174
1.03477
1.09093
1.00014
1.03562
1.00065
1.0002
1.12419
1.00271
1.00017
1.07234
1.02745
1.00597
1.00042
1.14223
1.0014
1.00019
1.05508
1.02434
1.00016
1.0055
1.00846
1.00908
1.04328
1.00023
1.00029
1.00012
1.05136
1.00014
1.00432
1.0002
1.17659
1.03365
1.00015
1.0002
1.00706
1.00017
1.00017
1.00018
1.01749
1.00017
1.00023
1.00015
1.05502
1.00024
1.06128
1.03808
1.00091
1.04471
1.00028
1.04435
1.00023
1.00021
1.00264
1.06401
1.07078
1.02071
1.00018
1.00019
1.00025
1.00404
1.03543
1.08636
1.0002
1.07984
1.00019
1.05587
1.0502
1.00255
1.02072
1.00019
1.0002
1.00023
1.06643
1.02234
1.06532
1.0392
1.01177
1.14896
1.05273
1.00025
1.15111
1.00019
1.06235
1.04301
0.964998
0.926905
0.694439
0.82067
0.731796
0.948244
0.910628
0.735118
0.862768
0.86872
1.0638
0.558148
0.807273
1.04219
0.913583
0.943726
0.910235
0.655083
0.902623
0.774368
0.8778
1.00607
1.03
0.725551
0.830078
0.701968
0.984114
1.0186
0.742606
0.869455
0.875183
0.699036
0.814985
1.0203
0.643126
1.07098
0.853444
0.737564
0.893522
0.977992
0.566631
0.948906
0.772375
0.816284
0.762176
0.860264
0.963212
1.08675
0.912214
0.903433
0.8209
0.771511
0.95609
0.965119
1.00138
0.901631
0.852274
1.16491
1.02689
0.878446
0.912066
0.961067
0.954218
0.907837
0.74956
0.858735
0.752356
0.935204
0.717188
1.04639
0.959814
0.827938
1.13856
1.03054
0.788533
1.08329
0.757596
0.752853
0.824578
1.06735
0.847485
0.95113
0.59361
0.971237
0.91291
0.902986
1.03526
0.798228
0.669529
0.908033
0.837295
1.06428
0.903403
0.98499
0.677885
1.1366
0.834148
1.0128
0.774114
1.02784
0.658765
0.829935
0.764493
0.720283
0.894607
0.691963
0.782516
0.912248
0.618526
0.934935
0.773715
0.879653
0.812612
0.868678
1.07455
1.08828
0.821054
1.03783
0.936485
0.813711
0.902808
1.00698
1.0616
0.824815
0.988645
0.861929
0.923989
1.01625
0.784361
0.85267
0.912783
0.642094
0.970446
0.874457
0.880355
0.804735
1.04006
0.806821
0.943209
0.986627
0.917
0.827684
0.965112
0.951991
1.11464
0.80326
0.746395
1.00385
0.70837
1.01326
1.03461
0.926562
0.909903
0.789002
1.10793
0.77931
0.941143
1.10655
0.949524
0.67585
0.769143
0.882892
0.805795
1.03487
0.856512
0.946336
0.807485
0.961402
0.791651
0.865511
0.93976
0.643279
1.07559
0.823053
0.744623
0.910099
0.854102
0.927234
1.00154
0.820999
0.92552
1.00069
0.962478
0.729388
0.881136
0.765488
0.951535
1.00965
0.982243
0.827772
0.988951
1.06165
0.725817
0.823338
0.945549
0.916132
0.785834
0.93366
1.008
1.02523
1.03159
0.861566
0.708143
0.974942
0.916507
0.816752
0.86732
0.659876
0.889782
1.12852
0.734545
0.951842
0.964056
1.09106
0.744403
1.14463
0.880349
0.800169
0.864799
0.818747
0.816791
0.814738
0.777663
0.875985
0.998743
0.956381
0.838128
0.957513
1.08196
0.822713
0.752327
0.663579
0.763532
0.938021
1.15822
0.772659
0.586035
0.854507
0.862949
0.929899
1.04229
0.988528
0.81712
0.954517
0.900911
0.729193
0.845552
0.79782
0.744484
0.871723
0.646555
0.813341
0.653129
0.961243
0.964779
0.825874
1.11481
0.688279
0.991846
1.10157
0.712264
0.768475
0.898469
0.835172
0.854942
0.760431
1.01241
0.925403
0.742732
1.00012
0.966551
0.824561
0.740132
0.709028
0.900316
0.891078
0.811806
0.869506
0.829895
0.88252
0.773093
0.803797
0.68844
0.740308
0.834689
0.625249
0.923629
0.816818
0.958772
0.872745
1.07456
0.934239
1.1166
0.837099
0.948883
0.798594
0.823203
0.756339
0.854491
0.832499
0.65854
0.853734
0.668707
0.950715
0.728909
0.833095
0.896021
1.00064
1.00376
0.765518
1.08217
0.87438
0.925862
0.68025
0.939109
0.917895
0.747969
0.827421
0.809448
0.908475
0.874413
0.743635
0.704805
0.925691
0.851591
0.734448
0.808475
1.00285
0.757588
1.02466
0.821923
0.783017
0.867641
0.999615
0.861644
1.08874
0.910827
0.943887
0.72884
0.742712
0.69658
0.831675
0.835918
0.695825
0.917876
0.827996
0.825632
0.9368
0.923509
0.881475
0.780621
0.883435
0.739322
0.960022
0.826026
0.927202
0.881212
0.84292
0.833603
0.765085
0.827161
0.805052
1.11316
0.812339
0.763889
0.840123
0.805674
1.03991
1.10655
1.02436
0.876817
0.913897
0.764305
0.96403
0.789272
0.918164
0.785458
0.980993
0.902925
0.729027
0.819475
0.801043
0.80098
1.01831
0.802223
0.885295
1.15511
0.988597
0.901118
0.783248
0.916962
0.926754
0.845836
0.726454
0.812331
0.779835
0.850253
0.914797
1.10696
0.703761
0.845166
0.938405
0.956
1.01231
0.748638
1.04953
0.837482
0.881276
0.854211
0.807074
0.988602
0.720884
0.880539
0.727809
0.747114
0.923553
1.00372
0.93024
0.949521
0.766128
1.00471
1.08612
0.842628
0.686185
0.83469
0.792313
0.826043
0.891834
0.687279
0.97013
1.05535
0.814291
1.08227
0.856835
1.07467
1.03316
1.12974
0.752431
0.781566
1.00039
0.802544
1.07806
0.923792
1.13445
0.856094
0.997295
0.976529
0.943143
0.821298
0.884277
0.970681
1.05384
0.828625
1.05847
0.976717
0.894208
0.767972
0.901762
0.849906
1.06571
0.770422
1.02922
0.986409
1.04862
0.757397
0.886488
0.829639
0.650969
0.907489
1.03161
1.01713
0.853823
0.895576
0.712256
0.757114
1.0773
0.900768
0.820359
0.790819
1.01932
0.824241
0.913105
1.00251
0.934639
0.878548
0.948521
0.947552
0.857304
0.794226
0.851802
0.845133
0.794282
0.85899
0.908255
0.968831
1.00764
1.04288
0.79565
0.804784
1.14226
0.837631
0.909052
1.04777
0.915563
0.848797
0.971113
0.695955
0.697537
1.16075
1.00128
0.767721
0.935327
0.697476
0.87317
0.778449
0.762338
1.01504
0.827571
0.864177
1.09835
0.835942
0.744634
0.70902
0.868554
0.71147
1.11561
0.897417
0.904206
0.876279
0.779765
0.811393
1.07903
1.14088
0.964237
0.975594
1.0533
0.830301
0.816352
0.85196
0.725903
0.891042
0.759331
0.788722
0.642596
0.695128
0.855817
0.941341
0.880385
0.772063
0.911167
0.872205
0.837317
0.785586
0.810908
0.731108
0.998464
0.836961
0.698526
0.888418
1.02375
0.828765
0.947428
0.785307
1.13855
1.04359
0.922996
0.755405
0.827932
0.848972
0.939721
0.809356
0.731324
0.942232
0.82337
1.07169
0.990253
0.961386
1.00257
0.933679
1.08747
0.87456
0.691291
0.696594
0.814348
0.808515
1.11039
0.95897
0.763275
0.825074
1.01772
1.11485
1.12025
1.01524
1.06144
0.862618
0.833501
0.9579
0.649289
1.02399
0.761852
0.856323
0.94345
0.793369
0.775742
0.890224
0.953584
1.07392
0.78087
0.84387
0.640921
1.07718
0.823822
0.704626
0.872826
0.899149
0.772572
1.0577
0.980326
0.957735
1.02959
0.884294
0.898149
0.949653
0.951695
0.790804
0.925176
0.850222
0.989046
0.985369
0.854933
0.868921
0.764633
0.753594
0.86318
0.718785
0.856338
0.998921
0.960667
1.0623
0.764914
0.736797
0.764182
0.971
1.06659
0.79201
1.00221
0.882336
0.808398
0.788315
0.793641
0.787799
0.718527
1.06832
0.998557
0.990545
0.923784
0.910473
1.12718
0.750173
0.941561
0.889051
1.10363
0.951504
0.976094
0.930561
0.74493
0.673425
0.993549
0.796834
0.981716
0.822506
1.05828
0.888426
0.885069
0.722745
0.690232
1.07882
1.01549
0.743738
0.673087
0.52094
0.807029
0.988157
0.986324
0.909465
0.836533
1.04464
0.882116
0.937375
0.836244
0.871787
0.850972
0.72677
0.977123
0.884525
0.873692
1.0823
0.779803
0.727739
0.792071
0.726838
1.00383
0.94308
0.95483
0.826616
0.921166
0.886944
0.872763
0.785585
0.832178
1.03668
0.665227
0.758758
0.851457
0.876496
0.927981
0.704926
1.03035
0.93194
0.968089
0.911452
0.809068
1.18739
0.928953
0.715235
0.930279
1.04002
0.880995
0.675112
0.73635
1.01796
0.759918
0.826625
0.799395
0.738922
1.01493
0.85908
0.620817
0.80197
1.00366
1.01623
1.0016
1.12277
0.97299
0.644528
1.03352
0.806519
0.765651
0.831532
1.00348
0.651288
0.892924
0.644742
0.970123
0.647145
0.985803
0.900573
0.96393
0.746292
0.911713
0.883161
0.908463
1.18169
0.833088
0.83903
0.801993
0.908161
1.03084
0.925305
0.878432
0.711915
1.07123
0.879351
0.713876
0.848148
0.895935
0.755395
0.816832
0.800151
0.804214
0.896761
0.517836
0.819125
0.782008
0.737485
1.05825
0.973474
0.772233
0.792024
1.00522
1.13006
0.846458
0.832658
0.821121
0.776371
0.879649
0.863501
0.775958
0.713605
0.808503
1.01823
0.765066
1.11163
1.17449
0.843597
0.855676
0.926319
1.07939
0.804863
0.769508
1.01753
0.835321
0.980091
1.01289
1.00021
0.934698
0.851204
1.01547
0.967182
0.925724
1.06196
0.747915
1.08606
0.931741
0.940452
1.08114
1.0007
0.885395
0.873681
0.870709
0.853254
0.858954
0.886074
0.815993
0.74649
0.991999
0.960193
0.958662
1.03986
1.1645
0.732742
0.914255
0.64946
0.934783
1.01102
1.01465
0.954956
1.10769
0.977977
0.771357
0.94945
0.640577
0.613184
0.962742
0.860071
0.854814
0.805877
0.578284
0.869718
0.995071
0.774433
1.13512
0.844706
0.717026
0.958146
0.929799
0.789809
0.898069
0.99605
0.930155
0.886565
1.01871
0.609335
0.929025
0.790287
0.922672
1.03952
0.768494
0.834405
0.839981
0.936143
0.903267
0.972156
0.822854
0.972171
0.880193
0.849417
0.888285
1.0564
0.945801
0.652309
0.811248
0.78264
0.847293
0.931648
0.884018
1.04605
0.825148
1.02012
1.08948
1.04454
0.884609
0.885764
1.01386
0.726815
0.651115
0.783093
0.69505
0.822898
1.0099
0.947449
0.681632
0.929019
0.857065
0.922536
0.854172
0.734018
0.940091
0.719524
0.926279
0.976914
1.03925
1.1144
1.00271
0.925582
0.88605
0.763939
0.852698
0.709717
1.02177
0.800254
0.995642
1.03662
0.797992
0.858467
0.744469
0.732451
1.00808
0.826935
0.885451
0.989568
0.831365
0.805827
0.928416
0.95915
1.025
0.772352
0.834889
0.895947
0.861172
0.850785
0.938103
0.812184
0.965251
0.888516
0.910864
0.99736
1.0614
0.840831
0.991279
0.86517
0.869588
0.886458
0.915358
1.00025
1.02341
0.793394
0.784134
0.872976
0.996107
1.04332
0.767416
1.00419
0.802078
0.715446
0.701717
1.01698
0.925578
0.879848
0.963755
0.990236
0.883379
0.996119
0.722758
0.594864
0.903394
0.892361
0.849509
0.726288
0.819819
1.0653
0.691448
0.661454
1.15924
0.78013
0.809279
1.15108
1.00019
0.917036
0.911886
