1.55657
1.38216
0.942137
0.946563
0.863498
1.13035
1.07301
0.961208
0.970444
1.11622
1.04708
0.909716
1.22046
0.971552
1.11028
1.22824
1.20242
1.2179
1.08082
1.04063
1.55551
0.87049
1.08739
0.988651
0.964189
0.693997
1.28896
0.80735
1.27369
0.987291
1.14736
1.21828
0.862213
1.1177
0.999765
0.976454
0.935544
1.56032
0.982406
0.823334
1.01749
1.1042
0.786964
1.13445
1.08579
0.832674
1.19042
0.940908
1.31304
1.31796
0.876736
1.17723
1.01671
1.03769
1.1367
1.25184
1.05536
0.909088
1.18524
0.909974
1.04602
1.41669
1.09361
0.861252
0.961094
0.806089
1.2194
0.923195
0.583679
1.22164
0.948048
1.05259
0.748069
0.921919
0.994194
1.335
0.788778
1.07877
1.22901
1.00442
0.938117
1.03594
1.03189
0.883904
0.762755
0.730824
0.949538
0.980758
0.947785
1.20384
0.799053
1.20465
1.12844
1.1927
1.09615
0.829617
0.947273
1.05266
1.07316
0.981748
1.16162
1.40601
0.875486
1.04559
1.09363
1.04999
1.3506
1.06291
0.915166
0.818797
0.937926
0.986096
1.22702
0.935378
0.889923
1.24413
1.03643
0.684021
0.918572
0.881409
0.970364
1.37478
0.690694
1.12708
1.41769
0.907025
1.12884
0.938356
0.621264
0.928485
0.850227
1.40333
0.76852
1.02594
0.828179
0.902812
0.984021
1.09678
1.09926
0.700783
0.89398
0.91019
1.07991
0.901153
1.10379
0.861156
1.10824
1.23143
0.807756
1.1149
0.936504
1.18968
0.943697
0.9716
1.19887
0.933479
0.938762
1.01596
1.24709
1.16519
1.26399
0.674053
0.959887
1.09324
0.945076
1.10951
0.875521
1.1682
1.3809
0.791733
1.1505
1.09668
0.842631
1.15847
0.820987
0.996627
0.933005
0.753968
1.45132
0.997728
0.838381
1.14152
0.84541
1.04632
0.898246
1.02859
0.880927
0.630019
1.36232
0.982476
1.39858
1.14006
0.914624
1.06341
0.943909
0.931495
0.845443
0.884986
1.11607
0.847398
1.07677
0.80284
0.977024
0.96262
0.867123
1.20049
0.951187
1.11733
0.871931
1.37844
0.966441
1.02835
1.04851
1.17152
1.14113
0.973234
1.04893
1.15151
0.80968
1.05647
0.920692
1.06668
1.33022
1.11573
0.912057
0.81817
0.898783
1.14864
0.952444
1.08879
0.838045
0.916623
1.4706
0.837601
1.06207
1.07068
1.16502
0.767715
0.85086
0.810443
0.892866
0.949704
1.17733
1.07828
1.46312
0.932667
1.03804
1.04478
1.06876
1.31714
0.678202
1.24212
0.694352
1.16442
1.21177
0.916581
1.37535
1.23904
0.637458
1.1961
1.3367
1.12542
0.965802
1.08339
1.1863
0.983623
0.792159
1.26594
0.900242
1.26922
1.23744
0.983041
1.14876
0.808191
1.18025
0.705456
1.09202
1.12459
1.13607
1.35561
1.10419
0.917339
1.01842
1.17512
1.13086
1.23363
0.967401
0.948513
1.09472
1.06581
1.12445
0.899997
1.09163
1.07493
1.03952
1.33783
0.787068
1.05844
1.00423
1.0687
1.22937
1.67241
1.29089
0.885744
0.925149
0.994603
0.996756
1.1773
0.925234
1.19916
1.01134
1.07433
1.32488
1.40135
1.04896
0.964661
0.959928
0.840459
1.17009
1.14359
1.29487
1.49278
0.967808
1.03724
1.12417
0.915905
1.0601
1.12824
1.08934
1.09938
0.964781
0.997759
0.974729
0.897527
1.42441
0.854515
1.21438
0.832166
1.1554
1.00752
0.983763
0.922171
1.1502
1.02728
0.915984
0.79422
1.14346
1.1433
1.11521
1.10003
1.13591
0.907493
1.31918
0.85806
1.06702
0.954844
1.07735
1.07391
1.20027
1.14037
0.835997
0.888989
1.12773
1.26324
0.875298
0.905656
0.994776
1.0438
1.0871
1.51752
1.36488
0.860477
0.878664
1.13426
1.01125
1.0437
0.831586
1.2102
1.1036
0.783427
0.895528
1.05359
1.21278
0.910814
0.828238
1.41523
1.11703
0.792729
1.00676
0.870752
1.46606
0.845906
0.932362
0.80233
0.767765
1.55706
0.711474
1.30918
0.782119
1.14963
1.04274
1.25454
1.02736
1.04682
1.09999
1.24867
1.47551
0.75509
0.957964
1.07599
0.963062
0.95625
1.10519
0.783448
0.82304
0.977461
0.990316
1.23247
1.26206
0.792763
0.962665
0.953974
0.919034
1.47647
1.01874
0.960163
1.21709
1.07728
1.29995
0.739258
0.964588
1.13008
0.91792
0.858906
0.707188
0.755552
0.877661
1.06035
1.2459
1.07387
1.02085
1.32098
1.20001
1.13849
1.09226
1.04876
1.01331
1.19659
1.41869
1.06838
0.897708
1.05215
0.788762
0.956479
0.845181
1.03731
0.859255
1.38376
1.10311
1.13626
1.12565
1.24164
1.23197
1.20026
0.915073
1.09823
1.04384
0.977439
0.932618
0.957201
0.972289
0.783871
1.25068
0.850046
1.24922
0.843094
0.738787
1.55784
1.06726
1.01222
1.38312
1.17396
1.13957
0.986861
1.23211
1.15799
1.03035
1.14433
0.910478
1.12239
0.780675
1.46706
0.790307
1.16699
1.06139
0.958498
1.173
1.57349
0.920817
1.09618
1.14671
1.00801
0.739221
0.841267
1.02375
1.02263
0.982844
0.797575
0.772227
0.974092
0.884373
0.947694
1.07991
1.06031
1.05905
0.8471
0.764195
1.01657
1.77847
1.54836
0.982167
1.14517
0.852435
0.892091
1.02372
1.78899
0.855188
1.22385
1.00175
0.816784
1.06924
1.06353
0.96491
0.687763
1.19608
1.08032
0.904901
0.95413
1.32872
0.835558
1.05699
0.992359
1.21227
0.894452
1.05202
1.07474
0.879867
1.00909
1.0846
1.20492
1.0915
0.933882
1.34211
0.753205
0.748678
0.81524
1.15765
0.83562
0.7789
1.14605
0.841535
1.35873
1.01792
1.13903
1.20408
0.951017
1.21413
1.11823
1.14432
1.06531
0.899894
1.28451
1.08509
1.22233
0.870201
1.09302
0.858008
0.800282
1.01634
0.994315
0.681687
0.909159
1.17872
1.13694
1.05669
1.33469
1.05851
0.987522
1.03499
1.26147
0.95537
0.840166
0.977638
1.5683
0.653057
1.01703
1.2757
0.849621
1.30227
0.89468
0.875708
0.989284
1.33687
1.06087
0.880179
1.11175
1.13402
1.00935
1.26867
0.895302
0.976998
0.84062
1.27007
0.803874
1.23991
0.823947
0.871668
0.95398
0.767685
1.44236
0.873361
1.1628
0.94672
1.04571
0.993255
1.27964
1.17913
0.727647
0.968735
0.968167
1.06438
0.71983
1.15814
1.3131
0.938024
1.23055
0.989451
1.07526
0.923258
1.10938
1.06744
1.2504
1.02267
1.00469
1.21246
1.26381
1.19717
0.96365
1.13073
0.925998
1.13132
0.89854
1.05517
1.26658
1.10508
1.50423
1.05468
0.804592
1.15033
1.04493
0.850075
1.09938
1.1217
1.08731
1.29009
1.13882
1.04614
1.11161
0.945717
1.12493
0.928959
1.02196
0.935035
1.04773
1.20423
1.5375
1.01949
1.40467
1.13376
1.07849
1.05455
0.850655
0.927049
0.882347
1.14022
1.22358
0.903742
0.932584
0.879444
1.33521
0.7315
1.12321
1.17873
1.05631
0.954756
0.882268
0.845244
1.33427
1.47584
1.14214
1.05149
1.19596
0.961314
1.27109
0.851945
0.931075
1.23027
1.18718
1.28278
1.09662
1.1273
1.27232
0.971816
1.06753
1.10246
0.980214
0.907422
0.744317
0.888673
0.861348
1.14123
0.876093
0.938132
1.25974
1.07014
0.887496
0.995219
1.04586
1.11166
0.910897
0.943506
1.0482
1.13051
0.992589
1.11293
1.25861
1.13803
0.922024
1.26681
1.09199
1.27171
0.996345
0.781187
1.00105
1.2206
1.23055
1.5852
0.985805
1.29516
1.40592
0.856912
1.20207
1.09352
1.18559
1.06933
0.878701
0.960673
0.95846
0.878129
0.83342
0.97169
1.20309
1.36687
0.985258
1.29621
1.32201
1.10525
0.896943
1.14818
1.12591
1.09625
1.26813
0.722731
1.0406
1.1605
1.20909
0.836774
0.877138
1.25597
0.81891
1.60389
1.39042
0.831566
0.929644
0.930347
1.27732
1.53133
0.949401
1.09234
1.19631
0.79561
0.741031
1.08198
0.84354
1.0262
1.12042
0.892069
0.724004
1.01713
0.938966
0.993268
0.924082
1.01282
1.26722
1.29263
0.964114
0.83281
1.18499
0.969773
0.98862
0.945791
0.837682
0.984049
1.00329
1.23502
1.12253
0.863295
1.06107
1.17091
1.08222
1.17671
0.982924
1.10663
1.04664
0.986968
1.08108
0.845961
0.875868
0.822544
1.21175
1.23309
0.913906
0.833723
1.22411
1.01815
0.989721
0.971471
1.37162
0.995109
1.0508
1.18443
1.00435
1.10615
0.993936
1.05742
0.818836
1.11785
0.998876
0.944933
1.00504
1.0286
0.752461
1.15792
0.72866
0.947193
1.12611
0.903856
1.11653
1.16253
1.13872
0.911814
1.04773
1.00469
0.986973
1.28414
0.841152
1.22371
0.96218
0.996083
0.831802
1.32044
0.901776
1.25533
0.918361
1.0228
1.0015
1.6017
1.06765
1.48479
0.970512
0.853787
0.837556
0.700726
1.14459
0.89227
0.876572
1.00138
1.2726
1.10744
0.870937
0.975508
0.965813
1.2664
0.979844
0.871926
0.976311
0.724494
1.00115
0.885365
1.02711
1.09033
1.31379
0.938912
0.794271
1.21354
0.966621
0.724913
1.14081
1.07682
0.899225
1.17197
1.146
1.17041
0.852099
0.867606
1.06552
1.3079
1.10127
1.05481
1.10697
1.16522
0.967704
1.07235
1.00347
0.911403
1.07948
0.980219
0.771078
0.821734
1.32845
1.34952
1.08238
0.94228
1.04501
1.0798
1.34185
0.994806
0.991069
1.16395
0.936347
0.834415
0.993196
0.955749
1.19252
1.2888
0.846675
0.971165
1.00431
0.885894
0.964084
1.22539
0.95557
0.921358
0.996625
0.96656
1.05249
1.06152
0.987032
1.34918
1.03163
1.21785
1.0448
1.28179
0.981008
1.23373
1.15865
1.17197
1.23687
1.22818
0.73513
0.938013
1.17934
1.0453
1.39798
0.914137
0.815415
0.922378
1.08248
0.97839
0.987709
1.39225
0.996326
0.958775
1.07663
1.13589
1.11279
1.12348
1.28741
1.22929
1.01612
0.909023
1.04569
1.08559
1.07375
0.818311
1.29344
1.04284
1.09463
1.45775
1.18591
1.01957
1.00634
0.957364
0.887908
0.863498
0.963968
1.00631
0.726995
0.743258
0.965446
0.86811
0.78439
1.08122
0.80926
0.983041
0.990773
1.06316
1.30107
0.776785
0.923705
1.10924
1.08321
0.866325
1.00894
0.776423
0.693997
0.926968
0.752081
1.09438
0.909506
1.19706
0.988974
0.855756
0.739622
0.759753
0.963259
0.978296
0.968849
1.04804
0.823334
0.844655
0.909408
0.786964
0.909589
1.03775
0.832674
0.744444
0.940908
1.20951
0.920115
0.876736
1.02483
0.877146
0.909936
0.863965
0.875802
0.686144
0.874337
0.831865
0.834161
0.803144
0.990093
0.94182
0.861252
0.79315
0.742902
1.01678
0.975407
0.583679
1.07488
0.948048
0.900601
0.748069
0.602604
0.879477
0.989081
0.788778
0.732352
1.04864
1.0011
0.918927
0.943428
0.837256
0.762301
0.656578
0.730824
0.845443
0.978937
0.947785
1.11144
0.803556
0.841554
0.952353
0.965952
0.86622
0.800788
0.783758
1.05661
0.955396
0.836072
0.946615
0.871199
0.85469
0.681917
0.902949
0.83887
1.20536
0.775895
0.895865
0.651966
0.937908
0.828038
0.972817
0.778449
0.815828
1.12643
0.963349
0.684006
0.781886
0.849098
0.945196
1.05725
0.613769
0.859154
1.33352
0.709778
0.971688
0.95347
0.576731
0.86203
0.91946
1.0268
0.737265
0.717685
0.836616
0.83048
0.707134
1.01202
1.03275
0.693584
0.831257
0.744765
0.762961
0.826489
1.01168
0.840986
1.03743
1.13086
0.720904
0.814869
0.843493
1.17155
0.698205
0.83711
0.820901
0.911988
0.968651
1.11054
0.785446
1.02746
0.849471
0.674052
0.912142
0.949882
1.04432
0.913272
0.942923
1.03866
0.930948
0.752633
0.977041
0.900025
0.821163
0.795873
0.600024
0.827235
0.807114
0.619863
1.00787
0.971823
0.653402
1.21935
0.794782
0.816025
0.792663
0.936173
0.89933
0.611631
1.01264
0.76408
0.93284
0.90329
0.764078
0.83732
0.997152
0.872117
0.873686
0.674061
0.828852
0.838296
0.730565
0.80284
0.837179
0.912783
0.902595
0.779418
0.854384
0.762919
0.817658
0.791111
0.903673
0.959037
1.04581
0.935239
0.828894
0.802098
0.850491
0.808503
0.809667
0.837575
0.920691
0.982695
0.954381
1.07498
0.915591
0.815161
0.908449
0.940863
0.832935
0.969909
0.812592
0.883176
0.996814
0.837601
1.19204
0.826785
0.848113
0.767715
0.823211
0.896946
0.758941
0.949696
1.02967
0.979726
0.868865
0.82169
0.960665
1.0199
0.849837
1.01641
0.647542
0.971262
0.677994
0.778642
1.11883
0.734505
1.07775
0.926819
0.642329
1.07388
0.950301
0.93462
0.860635
0.992394
1.02256
0.958226
0.719043
1.0153
0.900196
0.978477
1.02181
0.955974
0.89552
0.814937
0.956097
0.705439
0.87237
1.00478
1.10478
0.76105
0.822036
0.815294
0.766537
0.91142
0.818766
0.72183
0.859628
0.978861
1.09637
0.804404
0.952379
0.690374
0.883675
0.837875
0.869117
1.09858
0.681255
0.858678
0.87054
0.905751
0.979134
1.13411
0.972824
0.889823
1.08874
0.799723
0.803727
1.01062
0.925234
1.33673
1.04367
0.869403
1.004
1.04292
0.822158
0.868207
0.948446
0.835345
0.991895
0.865539
0.895729
1.17155
0.729581
0.863178
0.925185
0.888142
0.889636
0.803
0.935522
0.943603
0.896733
0.977773
0.844663
0.796354
1.22013
0.745412
0.850933
0.762042
0.882098
0.901839
0.776879
0.723005
0.860615
0.768419
0.847178
0.779028
1.04908
0.967806
1.0094
0.927596
0.791484
0.750928
1.02619
0.886077
0.971349
0.791692
0.904235
0.917673
0.833062
0.888035
0.768818
0.866089
1.18942
0.836449
0.875262
0.748178
0.875588
0.873843
0.972129
0.961904
1.00898
0.858571
0.732118
1.07896
0.883883
1.01581
0.490994
1.10554
0.814301
0.739862
0.819933
1.00474
1.1004
0.712745
0.667545
0.839697
0.897487
0.792716
0.939591
0.898583
0.822066
0.831194
0.855377
0.80233
0.767765
1.41492
0.711457
1.10424
0.819889
0.912962
0.83561
1.09524
1.11116
1.07603
1.0064
0.91145
1.01434
0.75509
0.901214
0.829881
0.899336
0.988472
0.843863
0.718919
0.73542
0.776771
0.852221
0.89964
1.18404
0.843113
0.798647
0.870268
0.919034
1.01741
0.942237
0.960163
0.967021
0.955172
1.00279
0.743461
0.910458
0.792654
1.00148
0.655343
0.704027
0.755534
0.712325
0.776502
0.8295
0.912218
0.920061
0.958837
0.925155
1.00258
1.00815
0.773197
0.748428
1.00482
1.04574
0.879846
0.897671
0.999911
0.774318
0.857364
0.781109
0.842662
0.859227
1.37492
0.856074
0.809348
0.93436
0.857828
0.915225
1.02145
0.901832
0.928619
1.04382
0.714708
0.792968
0.92619
0.702216
0.783854
0.964146
0.813943
1.01693
0.851598
0.738753
0.93977
0.948099
0.998769
0.99358
1.06706
1.01774
1.03615
0.926216
1.08526
0.894047
0.790202
0.883044
0.845147
0.780667
1.15078
0.695889
0.988543
0.981411
0.958483
0.800791
0.92671
0.682804
0.898744
0.965425
0.947721
0.750928
0.83616
0.820766
0.870629
0.776262
0.808684
0.791266
0.955003
0.673514
0.857485
1.06367
0.810245
0.86469
0.847094
0.76759
0.860164
1.08917
1.27883
0.825863
0.966128
0.7147
0.965657
0.960536
1.12462
0.767793
1.04359
0.786579
0.816769
0.875778
0.952991
0.900128
0.687745
0.878379
0.862742
0.823542
0.751155
1.18984
0.83032
0.925467
0.827898
0.881346
0.688973
0.937849
0.724853
0.781226
0.84261
1.04965
1.04562
1.10165
1.03343
0.95874
0.74408
0.748669
0.780452
1.02741
0.795425
0.778882
0.87029
0.830766
0.989308
0.957437
0.950922
1.14137
0.932569
1.00686
0.904172
0.847953
0.92329
0.899894
0.907726
1.01012
1.20778
0.870196
0.752758
0.887027
0.738508
1.01371
0.910008
0.637429
0.813488
1.01439
0.975994
0.8
1.10279
0.926948
0.836633
0.882832
1.04055
0.929214
0.778675
0.755434
0.984709
0.653039
0.932319
0.783825
0.849621
0.821433
0.800212
0.730715
0.943432
1.13211
0.945569
0.752535
0.805887
0.98603
0.87703
1.04518
0.954093
0.951831
0.84062
0.931128
0.803874
1.03897
0.781556
0.750728
0.734695
0.698791
1.06184
0.68643
0.673186
0.821587
0.782647
0.925141
0.941926
1.27906
0.701556
0.923386
0.962047
0.873419
0.71983
0.938364
0.952925
0.951915
0.893589
0.782225
0.957095
0.931823
0.704305
0.924143
1.1008
0.861813
0.723067
0.975947
0.898453
0.81151
0.868221
0.945923
0.812125
1.12315
0.825645
0.986072
1.00769
0.933694
0.958085
0.926996
0.899634
0.895392
0.949538
0.922805
1.04019
1.0339
0.916127
0.945343
0.937875
0.892609
1.04614
0.770466
0.869225
0.792381
0.761151
0.990164
0.918512
0.948469
1.01898
0.773169
0.862569
0.850313
0.966288
0.894417
0.782836
0.865919
0.862918
0.878515
1.00924
0.831322
0.791072
0.932747
1.15755
0.7315
1.02469
0.810755
0.910572
0.956571
0.780571
0.845244
1.15721
1.04751
0.823204
1.04503
0.883329
0.73479
1.14323
0.595574
0.931046
0.931414
0.873744
1.22249
1.15439
0.881215
1.03377
0.82853
0.749994
1.00802
0.836347
0.779539
0.703713
0.888653
0.839381
0.931653
0.773572
0.911831
0.914338
0.848396
0.900835
0.980072
0.877942
1.11164
0.838098
0.82604
1.03769
0.815608
0.831711
0.94486
1.24448
0.951801
0.856017
1.13169
0.91248
1.08606
1.02181
0.743596
0.873501
0.831249
0.880489
1.02492
0.994792
0.951865
1.02014
0.837171
1.06171
1.00369
0.830114
0.810706
0.878689
1.02553
0.972176
0.723643
0.83342
1.02888
0.826022
0.91403
0.882597
0.972289
0.970264
0.891511
0.88191
0.84433
0.956419
1.05402
1.16603
0.723973
0.790044
1.07051
0.970638
0.770796
0.722491
1.17706
0.81889
0.856187
0.969945
0.831566
0.69275
0.645667
0.975557
1.08504
0.949381
0.90143
0.867178
0.79558
0.61669
0.995993
0.915612
0.789686
0.823057
0.898994
0.680167
0.869585
0.625698
0.846979
0.870196
0.929564
1.01783
0.922693
0.788526
0.83281
0.712653
0.986501
0.751139
0.802042
0.837664
0.730343
0.883424
0.863927
0.900289
0.767326
0.966964
0.955961
0.815504
0.900675
0.862975
1.00037
0.925268
0.857306
0.985805
0.818963
0.870637
0.822544
0.964193
0.855686
0.764485
0.664638
1.0428
0.989907
0.819427
0.868132
0.756609
0.885643
1.03077
1.01375
0.886786
0.765481
0.834091
0.917616
0.739633
0.975135
0.931117
0.756892
0.933597
0.921242
0.752455
0.934234
0.674512
0.870202
1.03214
0.709313
0.683007
1.06898
0.920005
0.795942
1.09646
0.740874
0.911717
0.988904
0.865075
1.17807
0.890451
0.792124
0.818837
0.984044
0.791466
0.995625
0.859675
0.889649
0.822261
1.18597
0.761542
1.02216
0.908282
0.840837
0.837556
0.767365
0.898483
0.663147
0.832683
0.862599
0.95869
0.885681
0.79367
0.729637
0.813375
0.899082
1.10093
0.79054
0.658085
0.724485
1.0309
0.885348
0.743666
0.963802
0.935383
0.647376
0.713722
1.06854
0.972877
0.692057
0.820571
0.893596
0.803897
1.18222
1.00075
0.8389
0.852099
0.857094
0.957682
1.06219
1.00558
0.900772
1.06087
0.963549
0.787291
0.836175
0.67391
0.86647
0.799203
0.733012
0.738519
0.754165
0.978353
1.13506
1.03204
0.752096
0.908705
0.953339
0.881404
0.746058
0.888592
0.776861
0.844096
0.820391
1.03875
0.909324
0.965672
0.825709
0.846655
0.971131
0.733054
0.646388
0.739386
0.818939
0.751359
1.02902
1.03727
1.03156
0.926731
0.70063
0.70469
0.985882
0.870002
0.907483
0.848371
0.993632
0.950575
0.798732
0.882733
0.800256
0.850879
0.889197
0.756168
0.924891
1.00346
1.0453
0.930975
0.91412
0.815415
0.991061
0.851069
0.97839
0.872743
0.833302
0.750925
0.710149
0.961737
0.87688
1.04421
0.808885
1.0024
1.18748
0.988181
0.751515
0.844131
1.06954
0.809666
0.78898
0.853756
0.873565
1.1493
1.02602
1.00864
