0.986306
1.16198
1.09691
0.869581
1.11828
1.19425
0.892916
1.17387
0.785719
0.939379
1.09625
1.24092
1.35949
0.62997
1.13536
0.919265
0.927352
0.954026
1.38603
1.1184
0.812747
1.1225
1.0295
0.796592
1.20986
1.04323
1.09905
1.18273
0.982855
0.990496
0.749739
1.19391
1.09164
1.01909
1.23322
0.763345
0.82786
0.848692
1.09663
0.995726
0.765839
1.06129
0.900814
0.903433
1.21684
1.00356
1.27061
1.0419
1.1837
0.937794
1.0203
1.38477
0.942461
1.14972
0.93436
1.01565
1.26074
0.838405
1.01328
1.45382
1.02349
1.06877
1.22337
0.896267
1.1689
1.06533
1.28769
1.36897
1.29029
0.933439
1.19471
0.952741
1.03383
0.936569
0.891768
1.13748
1.13263
1.27939
1.12146
1.11078
1.37224
1.12067
0.985179
1.04023
1.00331
0.841082
1.29276
0.640521
1.1579
0.893731
1.05462
1.12882
0.782148
1.08456
1.16911
0.81031
1.36225
0.822096
0.883435
0.887993
1.12236
1.03226
1.21666
0.987007
1.2267
1.12277
1.06492
1.08632
1.37449
1.29583
1.08555
0.971862
1.20568
1.00652
1.06639
0.683855
0.991548
1.11592
1.07496
0.95191
0.993177
0.907654
1.49509
0.894865
1.3219
0.895918
0.948723
1.20635
0.874319
0.973163
1.29577
1.03753
0.804047
0.903979
0.79127
1.0513
0.991377
1.41941
1.06808
1.33964
1.05823
1.07121
0.809648
0.904621
1.00109
1.05544
1.20458
0.848437
0.801501
1.34663
1.41876
1.14034
1.02214
1.34285
0.989869
0.988225
1.16182
1.11657
1.02781
1.19405
1.21697
0.96446
1.03999
1.10952
1.20872
1.45223
1.177
0.749482
1.28866
0.957635
0.92858
1.27808
1.06864
0.960201
1.12244
0.801115
0.853154
0.844574
1.17209
0.89567
0.798505
1.37733
1.36069
0.968667
1.34063
1.16307
1.09689
1.04831
0.927526
1.07386
1.0271
0.992042
0.910704
0.979724
0.830806
1.28922
1.01625
0.830114
0.777032
0.766956
0.806853
0.846625
0.930279
1.17277
1.02809
1.23617
1.3427
0.852934
1.1067
0.953963
0.723316
0.991359
0.764634
0.869732
0.994817
0.793824
0.912304
0.969376
1.52873
1.01864
0.866058
1.13783
1.14406
1.31165
0.808814
0.975579
1.22
1.07101
1.09396
1.16378
1.01628
1.31459
0.990741
1.09039
1.10703
0.956361
1.1885
0.85009
1.38063
1.26952
0.943465
0.860274
0.945055
0.873608
1.15656
1.04762
1.09471
1.31666
1.28164
1.27039
0.764472
1.00566
0.909874
0.816191
1.12155
1.23123
1.00623
1.28405
0.929046
0.928685
1.19336
0.855193
1.02555
0.89553
1.0547
1.12984
1.22146
0.858894
0.904644
0.90242
1.15986
0.842789
0.735759
0.87764
1.31795
0.740701
0.984161
1.0112
0.973119
0.874542
0.865561
0.901188
1.05654
0.772675
1.05647
0.920177
1.20181
1.30386
0.999804
0.944434
1.34554
1.02213
1.0999
1.01091
0.979913
1.24732
0.818409
1.17327
1.49336
1.03272
0.853656
0.832374
1.06277
1.01219
1.01989
1.01915
0.818132
1.30467
0.902751
1.37216
0.995463
0.8807
1.44491
0.944042
0.606214
1.02235
1.00443
1.03872
0.970909
1.40163
1.07254
0.940987
1.14092
1.33172
0.994281
1.22224
1.08429
0.820019
1.1964
1.15518
1.3584
0.85041
1.133
1.08962
0.812313
1.05034
0.73667
0.835757
1.11163
0.846417
1.16027
1.14043
1.04569
1.23727
1.36841
0.97351
0.784509
1.27601
0.990356
1.03429
0.95723
0.851003
1.02202
0.962918
1.1395
1.30484
0.945167
1.07766
0.842956
0.851559
0.836911
1.01387
1.21585
1.35582
1.26637
0.881372
1.1243
0.962405
1.13931
1.19503
0.952274
0.845929
1.10883
0.82307
0.989503
0.908134
1.12443
0.94337
0.954198
0.846334
0.769257
1.02198
1.15074
1.13548
0.951423
0.964601
1.07054
0.957115
1.08481
0.986304
1.33563
1.06208
0.992723
1.29197
1.02691
1.59369
0.979529
1.00157
0.949731
0.858408
0.969003
1.14802
1.21867
1.08048
1.05046
1.1202
1.19495
1.39128
1.19042
0.918654
1.13428
1.01382
1.02003
1.23371
1.29934
1.20575
0.961642
1.14072
0.988058
1.05135
0.952561
1.09053
1.14794
1.05536
0.807378
0.791076
1.06421
0.893475
1.1093
0.896227
0.85457
0.922521
1.23709
1.04935
0.910078
1.04898
1.0889
1.08492
0.917247
1.45347
0.817112
1.12906
1.18112
1.19769
1.10204
1.09385
1.31398
1.21073
0.977693
1.05277
0.811418
1.03455
1.11394
0.996288
1.15373
0.825475
0.897729
0.669089
0.885415
0.75412
1.16909
1.16114
1.18506
1.22817
1.48304
1.05282
1.0174
1.74174
0.78962
0.777293
1.12193
0.900396
0.942169
1.30399
1.03449
0.800841
1.34598
0.811563
0.79796
1.11961
0.981605
1.05395
1.18656
0.878689
0.780279
1.08048
1.09176
0.913994
0.929481
1.15651
0.981827
1.08301
1.13426
0.931978
1.46675
0.994553
1.32012
0.757286
1.19906
0.923303
1.21335
0.977508
1.62287
1.4286
1.19211
1.00967
0.801465
0.977266
0.981318
0.918023
1.21064
1.08804
0.998944
0.808926
1.15862
0.99837
1.10999
1.10279
0.707034
0.865715
0.898273
1.23371
1.09825
0.948703
0.96589
1.06701
1.12579
0.859552
1.13056
1.32225
1.09908
1.00196
0.930532
1.08794
0.889626
0.958727
0.695299
0.879019
1.0808
1.11426
1.08072
1.13411
1.17022
0.778569
1.17297
1.06348
1.25965
1.21656
1.17248
1.20577
0.94122
0.82453
1.1094
0.906613
1.03737
1.26579
1.01959
0.866445
0.870776
1.23957
1.15297
0.887251
1.09803
1.11639
1.06466
1.37435
0.920306
1.17917
1.2002
1.09642
1.1498
0.769501
0.958992
0.881026
1.09516
1.20742
0.904017
1.02034
1.08975
1.46426
0.791589
1.28607
1.23185
1.19389
1.23129
1.33223
1.35934
1.20494
1.61526
1.20782
1.0223
0.810277
0.949467
0.950082
1.35904
1.13905
0.892171
1.26464
1.11282
0.96387
1.31072
1.16543
1.14981
1.09231
0.934791
0.897075
0.95847
1.53905
1.3664
1.01453
1.1265
1.13227
0.884719
1.02131
1.41211
1.31191
1.11947
1.06189
0.764234
1.21328
1.16421
1.15268
1.28999
0.934835
1.24939
0.881835
1.02779
1.12204
0.934921
0.982978
0.951967
0.871288
1.08146
0.757468
0.815115
0.908257
1.0917
0.989437
0.846454
1.22406
0.765824
0.980706
0.890758
1.25388
1.05917
0.976901
1.34227
1.0527
0.96102
0.903412
0.779573
1.08454
1.01652
0.951126
0.789686
1.15025
1.02136
0.87723
0.936931
1.34427
0.802904
1.01345
1.12233
0.751625
0.966679
1.09022
0.773898
1.01442
1.03898
0.998272
0.982852
0.912725
0.810746
0.857285
1.201
1.31031
1.40063
0.813007
1.04997
0.734588
0.90713
1.04958
1.0426
0.967231
0.877049
1.12484
1.05503
0.909072
1.12689
1.11955
1.31398
0.819363
1.19908
1.04274
0.834699
1.62371
0.612777
1.06767
1.1708
0.995954
1.13866
0.917262
1.17192
1.22882
1.02206
1.12571
1.17259
0.985211
0.940081
1.00304
1.07303
0.844933
1.2333
0.844117
1.23723
1.09974
1.13601
0.973648
1.40916
1.38305
1.20467
0.993343
0.876661
0.862847
0.96402
1.02781
0.958631
1.12924
1.01281
1.30358
0.729922
0.921896
1.20802
1.01646
1.21567
0.962511
0.625229
1.27668
1.28523
1.07024
1.03099
1.12765
0.987597
1.30151
0.736521
1.22668
0.957286
1.18043
0.998773
1.00052
1.44939
0.863219
1.17394
1.36826
1.11034
1.07577
1.14209
1.06372
0.947888
1.07245
1.06168
1.29821
0.913634
0.829854
1.33707
1.08935
0.929326
0.804798
0.878791
0.938495
1.50976
0.945135
0.736014
1.15444
1.00672
1.51791
1.00532
1.44171
0.816133
0.870527
0.99097
1.05918
1.18301
0.996339
0.834466
0.977929
0.950938
1.0066
1.08614
0.629133
1.13686
0.961672
1.13055
0.930343
0.99381
1.23177
0.916828
1.0732
1.02711
0.927926
1.04106
0.958974
1.03905
0.807451
0.885101
1.25452
1.01084
1.28962
1.06856
1.09236
1.07915
0.809044
1.02976
0.934079
0.991989
1.14277
1.25642
0.945855
0.98835
0.889181
1.27151
0.941336
0.974801
0.964578
1.01912
1.03009
0.826528
0.768278
0.964046
1.06195
1.01915
0.975564
1.21099
1.0001
1.00593
1.27083
1.03285
0.94416
1.03665
1.0949
1.05982
0.927912
0.943488
1.10618
1.03168
1.00394
0.958627
1.02153
0.932082
1.18258
0.91497
0.886002
1.32524
0.79403
1.06161
0.934239
1.32879
0.881926
1.01682
0.927594
0.998623
0.944185
1.11658
1.01497
0.941709
1.13576
0.862554
1.28303
0.959355
1.12296
1.29264
0.73463
1.3373
0.651648
0.904415
0.955935
0.82734
1.23137
1.32197
1.313
1.13534
1.32945
1.08295
0.955824
1.105
0.84813
1.12798
1.18008
0.864117
1.22102
1.40432
1.55954
1.09713
0.92072
1.30385
0.87083
0.733742
1.04564
0.985044
1.09206
1.14594
1.02807
1.02209
1.15036
0.834734
1.20077
0.8776
1.19484
0.924885
0.954186
1.07575
0.867414
0.957062
1.1387
1.07627
1.17097
0.841872
1.12916
1.02988
1.37862
0.690062
0.909995
1.08782
1.03781
1.42363
1.18577
0.923388
0.977484
0.991937
1.44844
1.21987
0.985541
0.944111
1.26499
0.834389
1.23456
1.06577
1.12484
1.04284
1.3738
0.866277
0.938276
1.26994
1.05798
1.25959
1.12189
0.749973
1.13954
0.8013
0.812073
1.13943
1.09906
1.13765
1.03493
0.879512
0.796334
1.04672
1.06854
1.25129
0.991242
0.991175
1.2748
1.23954
0.871563
1.25755
1.109
1.02753
1.09973
1.26187
0.951928
0.902955
1.36801
0.805926
1.15682
1.23174
0.81615
0.921706
1.11914
0.949939
1.28314
1.07098
0.855985
1.05593
1.21991
1.20417
1.01145
0.79069
1.24509
0.82208
0.792956
1.51387
1.48062
1.09591
1.03829
1.17989
1.18463
1.43041
0.807706
1.09012
0.990083
0.818876
0.774168
0.833379
0.880445
1.02725
0.836962
0.830534
0.931504
0.785719
0.706533
0.903987
0.956596
1.0163
0.623328
0.826065
0.715513
0.819389
0.750686
1.03948
0.83691
0.858107
0.950985
0.905565
0.74708
0.94897
0.857676
0.954229
0.947392
0.841975
0.767459
0.749739
0.935814
0.937312
0.696529
0.916416
0.79259
0.715728
0.858451
0.81184
0.77173
0.750491
0.97946
0.892187
0.906527
0.914979
0.770589
0.915959
0.794281
0.844638
0.849376
0.876047
1.09629
0.757771
0.93149
0.943795
0.857299
1.04982
0.672545
1.01055
1.06394
0.828977
0.938251
0.901358
0.642124
1.02872
0.853358
1.09355
0.818148
1.13917
0.895155
0.879027
0.87769
0.870534
0.60161
0.696141
0.92593
0.854006
1.04885
0.926057
0.828121
0.971919
0.925228
0.829978
0.864156
0.7345
0.841082
0.915707
0.640521
0.785285
0.744369
1.05462
0.787029
0.803174
1.00601
0.897314
0.759009
0.91124
0.819544
0.764509
0.887993
1.06385
0.860547
0.924774
0.955797
1.11016
0.933229
0.880727
0.888166
0.937118
1.02432
0.949514
0.770746
1.01311
0.909927
0.864073
0.67218
0.829102
0.929594
1.00293
1.00116
0.704978
0.797653
0.888601
0.942447
1.21032
0.899246
0.72507
1.06929
0.69717
0.973163
0.881521
1.12631
0.748961
0.836843
0.79127
1.03576
0.948526
1.01684
0.964817
0.88615
0.926787
0.817299
0.688951
0.916956
0.882483
0.972236
0.964308
0.837588
0.801501
0.901167
1.02307
0.939019
0.727539
0.915677
0.72359
0.722396
1.2897
0.931294
0.953327
0.995194
0.974322
0.819031
0.765883
1.01657
1.09606
1.12435
1.01746
0.595687
0.980041
0.935785
0.767105
0.722251
1.05136
0.836559
0.939703
0.737803
0.937817
0.702561
0.964582
0.802434
0.798472
0.883111
0.897904
0.726692
1.00052
0.936494
1.01149
0.896855
0.720921
0.891808
1.00298
0.853478
0.857934
0.682417
0.729578
0.881304
0.930546
0.846645
0.80294
0.708374
0.80057
0.702846
0.86072
0.973126
1.03618
0.997284
0.982283
0.852934
0.893809
0.71361
0.72838
0.752451
0.764634
0.727322
0.752939
0.760843
0.870403
0.740655
1.14034
0.916716
0.867924
1.0194
0.813391
1.0665
0.964969
0.840044
1.08921
0.809078
0.869378
0.897524
0.742653
1.094
0.892979
0.840058
0.943048
0.717837
0.876879
0.851814
1.08476
0.931988
0.621989
0.8307
0.74741
0.982879
0.958108
0.80371
0.91679
1.08491
1.03237
0.895168
0.733901
0.836072
0.908022
0.81619
0.915277
1.01519
1.00619
1.05294
0.811369
0.928685
0.957952
0.833187
0.975674
0.980476
0.872327
0.905135
0.882634
0.839032
0.887702
0.933422
1.06162
0.514892
0.735726
0.813382
1.12696
0.706148
0.848959
0.817606
0.886484
0.874518
0.865543
0.657641
0.844042
0.732423
0.879782
0.794487
0.96973
1.02776
1.04492
0.977046
1.01015
0.85217
1.02952
0.940615
0.822193
0.981352
0.830316
1.08332
0.902288
0.938849
0.933396
0.928343
0.765499
0.835214
0.856363
0.980501
0.731444
0.860811
0.905293
1.02203
0.732988
0.668447
0.851984
0.815013
0.593524
0.79141
0.810722
0.962927
0.743028
1.00735
1.0725
0.88948
0.786352
1.23866
0.927468
0.980386
0.902206
0.820018
1.08262
0.908835
0.936586
0.842448
0.973715
0.903613
0.856485
1.05032
0.741918
0.833161
0.942918
0.771856
0.955245
0.903151
0.761522
0.961828
1.03098
0.831101
0.699551
1.05006
1.1189
0.926397
0.785633
0.860227
0.732097
0.844803
0.877639
1.06582
0.907373
0.851353
0.842498
0.657774
0.723337
0.99237
1.00594
0.835725
1.10032
0.707913
0.976783
0.908414
0.834857
1.01099
0.704288
0.790725
0.785842
0.875359
0.964303
0.789588
1.00199
1.01041
0.71498
0.900829
0.751922
0.900588
0.965454
1.0435
0.970494
0.865104
0.781651
0.75225
0.871826
0.721992
1.20074
0.911705
0.822125
1.05283
0.879438
1.17667
0.956438
1.00736
0.798243
0.726789
0.905486
1.07848
0.836119
0.951538
1.04452
0.780034
0.856148
1.00296
0.928293
0.848672
1.07005
0.87372
0.911347
1.02071
0.962865
1.10648
0.683566
0.990901
0.875091
0.807483
0.958354
1.03689
0.703152
0.828346
0.829231
0.640227
0.804053
0.840893
1.37738
0.748828
0.853904
0.636968
0.862362
0.792121
0.910061
0.920902
0.889434
0.834293
0.957667
0.88281
0.802586
0.748073
1.03967
0.960135
1.01038
0.874297
1.1375
0.964213
0.980642
1.10041
0.766398
0.959157
0.939232
0.862038
0.939102
0.761393
0.82534
0.669073
0.907571
0.76033
0.904868
0.942787
0.786234
0.996291
1.05695
0.791757
0.8785
0.882637
0.628078
0.777049
0.835968
0.891883
1.00962
1.11927
0.827109
0.657452
1.13007
0.549101
0.810156
0.820329
0.92772
0.932533
0.900099
0.96478
0.780253
1.08038
0.863583
0.910003
0.823512
0.786542
0.77945
0.973571
0.974267
0.84006
1.00252
0.983674
0.932718
0.757285
0.930693
0.929671
0.954487
0.730266
0.978548
1.08344
0.813395
0.944455
0.677374
0.885025
1.00841
0.936984
1.1692
1.06628
0.869961
0.80892
0.983903
0.903249
1.01038
0.91186
0.707023
0.794404
0.789684
1.03098
0.887888
1.08142
0.791244
0.867205
0.978414
0.870481
0.679747
0.935527
1.00813
0.767948
0.870797
0.930581
0.934731
0.94345
0.692436
0.80122
0.991113
0.987869
1.05662
0.945931
1.06911
0.675203
0.998132
0.83179
0.921839
1.13566
0.876122
1.23742
0.821326
0.824512
0.899703
0.836269
0.67503
0.954528
0.590485
0.587062
0.870769
0.895892
0.931911
1.06205
0.914002
0.786161
0.995678
1.25478
0.920296
1.00286
0.979855
0.867465
0.811333
0.751651
0.889633
0.866974
0.947892
0.825811
0.890969
1.06627
0.939923
1.1061
0.693044
0.931656
1.02703
0.893201
0.877789
1.46494
0.894544
0.835137
1.14828
0.786459
0.894662
0.728904
0.954681
0.796745
1.01452
1.14389
0.790747
1.2111
1.00526
0.942153
1.16939
0.928184
0.954677
1.04149
0.765466
0.952427
0.897595
1.00716
0.924706
1.0145
0.909519
0.952457
0.799589
0.812521
0.88173
1.04781
0.899129
0.775059
0.698768
0.981109
1.049
0.86031
1.07806
0.675828
0.931805
0.818218
0.81763
0.952846
0.849671
0.977923
0.862484
0.92354
0.884769
0.723029
0.713774
0.789357
0.851976
0.939065
0.84906
0.949641
0.811567
0.996118
0.592719
1.07373
0.928354
0.830582
1.04048
0.998741
0.89062
0.715392
0.778813
0.939875
0.915062
0.914916
0.787338
1.02819
0.922323
0.877218
0.758301
1.29434
0.822819
0.883203
0.946499
0.656952
0.797731
0.975703
0.773886
0.884345
0.960886
0.786582
0.955924
0.928498
0.679735
0.804463
0.826307
1.18991
1.09568
0.633799
0.816115
0.706241
0.708839
0.870968
0.92053
0.845774
0.801411
0.78906
0.777522
0.918929
0.959262
0.930566
1.06524
0.691186
0.974686
0.879583
0.834699
1.119
0.525668
0.852907
0.91024
0.840523
0.904646
0.933537
1.00939
1.01368
0.973255
0.989333
1.03153
0.830166
0.71923
1.02734
0.98143
0.84835
0.876145
0.85532
0.8705
1.06008
0.960794
0.993831
0.95497
1.11232
0.873045
0.852099
0.844736
0.737254
0.790636
0.967849
0.851139
0.897662
0.810541
1.01887
0.624928
0.79691
0.957251
0.888289
0.967515
0.928954
0.661281
0.987617
0.998538
0.984151
0.954478
0.911554
0.905214
0.960647
0.732316
1.19795
0.977599
0.962125
0.883663
0.815122
0.954101
0.818521
1.10164
0.879275
0.850149
0.921525
0.946184
0.991328
0.947853
1.06069
0.907383
0.851721
0.767196
0.685404
1.14162
0.981412
1.00449
0.758876
0.920931
0.843034
0.910907
0.943765
0.736014
0.933516
0.742893
1.11152
0.970154
1.04038
0.816116
0.686632
0.895686
0.843183
0.940318
0.737015
0.834447
0.854083
0.818286
0.871771
0.855165
0.629133
0.889745
0.833294
0.856967
0.779955
0.934158
0.838423
0.935843
0.915558
0.721876
0.908303
0.867937
0.96549
0.975394
0.807451
0.724155
0.784795
1.01083
1.07028
0.845526
1.00903
0.861229
0.889616
0.82858
0.932031
0.955859
1.03073
1.0786
0.755706
1.03912
0.736478
0.848352
0.987153
0.920538
0.828164
0.740999
0.930761
0.834823
0.748303
0.880438
0.970949
0.759617
0.838257
1.0594
1.0152
0.854469
1.0092
0.915524
0.832382
0.894358
1.01951
1.05412
0.923861
0.821127
1.0517
0.853418
0.879897
1.02712
1.05026
0.968736
1.08529
0.789651
0.798082
1.02088
0.644633
0.785232
0.870219
0.958641
0.810908
0.896281
0.896423
0.924445
0.799703
0.955978
0.810197
0.863591
1.09202
0.688966
0.941238
1.01896
0.986979
0.944706
0.683379
0.906932
0.651633
0.821952
0.909625
0.761951
0.995624
0.972908
1.00457
0.816233
0.8973
0.860764
0.981096
1.08984
0.680853
0.895625
0.831808
0.840836
0.840255
1.06149
1.104
0.828376
0.92072
1.0276
0.861587
0.666816
0.839217
0.866421
0.945537
1.01209
1.03987
0.865421
0.880453
0.751351
1.03728
0.912821
0.953956
0.652246
0.835232
0.974774
0.70342
0.838454
0.828939
0.862952
1.01222
0.736621
0.990455
1.09793
1.08694
0.690062
0.864893
0.907851
0.942506
1.08762
1.02669
1.00688
0.871866
0.924733
0.952968
1.00494
0.876178
0.952852
0.980526
0.853953
0.965725
0.899477
0.895745
0.849187
0.959481
0.836348
0.976562
0.931546
0.900167
1.09889
0.942769
0.722572
0.930058
0.787507
0.803496
0.918824
0.882315
1.05922
1.0357
0.840727
0.734975
0.840264
0.942151
1.03717
0.928546
0.893511
1.0037
0.9219
0.849869
1.00095
1.06825
0.998902
0.886309
1.07597
0.702728
0.931528
0.910288
0.684683
0.949136
1.04591
0.701021
0.90415
0.896525
0.965827
1.04479
1.03838
0.757365
1.02368
0.806688
0.892661
0.981077
0.781427
1.13744
0.829518
0.789405
0.98417
1.02028
0.866167
0.837642
0.856476
0.956262
1.10502
0.843749
0.974581
0.995715
