1.14262
0.956223
0.948682
1.09905
1.12866
0.908129
1.04323
0.671901
0.763599
1.19266
0.90658
0.990233
1.01147
1.00693
0.967589
0.825133
1.1988
0.873717
0.932196
1.04337
0.713985
1.2618
0.764599
1.04141
0.93932
0.942133
1.04691
0.984887
1.10903
1.51616
1.02344
1.006
0.806177
1.06159
0.907145
0.8512
1.19105
0.981942
1.12881
1.17312
0.975475
0.771298
1.11095
0.862665
0.865516
0.986445
1.06066
1.14681
0.762885
1.01535
0.926758
1.15825
1.18326
1.07029
1.3702
1.03194
0.903306
1.16255
1.15535
1.29205
1.25766
0.927676
1.2002
1.21348
0.980437
0.915752
0.950228
1.22158
1.13352
1.0839
1.00782
1.09928
1.07079
1.12073
1.04054
0.952574
0.814944
0.879284
1.32312
1.05247
1.55296
1.02793
0.79353
1.22391
0.823795
1.01661
1.0504
1.07348
1.1876
1.2274
0.954581
0.990685
1.38775
0.835109
1.0622
0.952939
1.36549
1.02014
0.907016
0.98134
1.13259
0.837755
1.37085
1.25802
1.01979
1.1566
1.05324
1.12941
1.18933
0.956996
0.728164
1.04887
1.24556
1.17535
1.09593
0.990176
1.14797
1.17461
1.00357
0.8105
1.10998
0.759508
0.954295
1.10289
1.14475
0.974157
1.16307
1.02362
0.925181
1.25799
1.25798
1.02314
1.03951
0.985803
1.18804
1.16235
1.15748
0.925302
0.924547
0.839905
0.973798
1.14193
1.11125
0.941694
1.1106
1.13935
0.882804
1.07028
1.21707
1.07849
1.01538
1.16348
1.01304
1.04669
0.990716
0.969578
1.12103
0.949967
1.09094
0.931665
1.00241
1.09922
1.20467
1.15313
1.10082
0.982192
0.964254
1.13286
1.42875
1.55868
0.726525
0.977336
0.890109
1.23115
1.36774
0.960078
1.03087
1.13344
1.40072
0.932752
1.27431
1.02572
1.46334
1.20184
1.11592
1.04678
1.40757
0.883436
1.17048
1.20843
0.902654
0.925005
1.21333
1.23221
0.848587
1.11872
1.25185
0.809304
1.00755
1.05943
1.76939
0.954286
1.02356
0.921473
0.908717
1.01818
1.36073
1.19085
0.934634
1.03807
1.15036
1.08857
0.978503
0.886265
1.07548
1.03829
1.12571
0.99245
0.988879
0.789183
1.13994
1.14402
1.0585
1.04713
1.37364
0.923015
1.1526
0.96921
0.846228
0.800972
1.25991
0.858529
0.81619
0.998955
0.798099
0.827367
1.22414
0.803686
0.990636
1.37586
1.08961
1.32949
0.932107
1.03747
0.995742
1.1338
1.33646
0.734137
0.890275
1.23056
1.80401
1.25666
1.00575
1.00732
1.17729
1.12926
0.845406
0.925786
0.893566
1.07067
1.3339
0.846226
1.00981
1.37904
0.93458
0.95065
0.825704
1.19127
1.06043
1.50284
0.639217
1.09495
0.8389
1.2009
1.72019
1.08015
0.833479
0.91109
0.931467
0.855801
0.830203
1.07071
1.09675
0.948458
1.02004
0.8498
1.07042
0.996291
1.09274
1.06145
1.12214
1.07634
1.05049
1.24518
1.15649
0.958136
0.841473
1.26646
0.835547
1.24155
1.11592
1.68676
1.28827
0.951487
0.989692
1.92574
0.94371
0.904122
0.83743
1.03194
1.46306
0.804514
1.11667
0.830878
1.25467
1.05539
1.09521
0.934124
1.00454
0.997358
0.989791
0.765282
1.25646
0.882054
1.04918
1.06598
0.991562
0.896196
0.954417
0.911438
0.806424
0.927086
0.729544
0.851982
1.19567
1.14726
0.860491
0.991924
1.32004
0.966512
1.00839
0.853289
1.27632
1.20272
1.00262
0.979131
0.868775
0.877386
1.12872
1.30032
1.16448
0.847393
1.11844
0.807549
0.969398
0.992626
1.05223
1.06693
0.976067
0.830362
0.91801
0.980269
1.08286
1.47574
0.893195
1.06429
0.94038
1.20678
0.999382
1.17224
0.878158
0.971478
0.809387
0.837589
0.989166
1.49229
1.02944
0.977568
1.29099
0.85874
0.825046
1.06141
1.05613
1.03255
1.22444
1.39571
1.0698
1.0785
0.868696
0.911
1.06183
0.764204
1.05969
0.890487
0.89733
0.947827
0.695896
0.82945
1.00255
0.783622
1.00255
0.938323
1.36386
0.789438
1.20688
0.873776
1.23297
0.781707
1.018
1.20009
1.585
1.15361
0.946029
0.942524
0.888832
0.887478
0.789179
1.15972
0.807738
0.892509
0.863026
1.18731
1.14809
1.24851
1.09784
1.0905
0.829265
0.974085
0.651955
0.899299
1.1894
1.43885
0.984744
1.03735
1.05437
0.86144
1.27602
1.0596
1.13657
1.06002
0.928294
1.18086
1.10339
1.02538
0.940951
0.991655
0.909538
1.06101
1.40117
1.1073
1.01021
1.26761
1.21984
1.2886
0.989621
1.00679
1.06934
1.08056
0.947838
1.17526
0.931156
0.984888
0.902901
0.9253
1.11152
1.32792
1.0305
1.0926
1.17451
1.34417
1.02056
1.125
1.19386
0.828917
0.779115
0.971395
1.08563
1.07103
1.38215
1.00062
0.901969
1.26459
1.0048
0.742618
1.30261
1.10773
1.13417
1.20899
0.986654
1.11698
1.3753
1.00863
0.982936
1.13011
0.895135
0.935833
0.855686
1.35098
1.06534
1.02444
0.626089
1.13001
1.33842
0.744674
1.1772
0.986844
0.977824
0.952236
1.22236
0.999978
1.05721
0.916413
1.36098
1.25949
1.11434
1.14133
0.847278
0.930831
0.930818
1.08512
1.01404
1.1049
1.09174
1.23437
1.06481
0.940604
0.862737
1.31305
0.852277
0.908405
1.36815
1.08523
1.09461
0.821818
0.961355
1.46173
1.11474
1.00418
0.942919
1.05811
1.18428
1.01844
0.753006
1.05851
1.06531
1.27577
1.13707
0.922636
1.20488
1.08793
0.94129
0.865863
1.15939
1.23045
1.1609
1.15002
1.02003
1.0361
1.08908
0.783871
1.06354
0.976292
1.15599
0.718963
1.07612
0.84376
1.21994
1.2245
1.17914
0.862782
1.36043
0.842194
1.06203
1.07643
1.01569
0.922645
1.03345
1.232
0.871848
0.871457
0.836942
1.28032
1.05863
0.875397
1.16815
1.20494
1.16297
1.31174
0.955266
0.862871
1.08059
1.15077
0.969738
1.18307
0.974501
1.2019
1.23615
0.742031
1.13254
1.17311
1.02814
1.12604
0.868354
1.17702
0.88107
1.14595
1.37085
1.05569
0.905882
1.2176
1.11936
0.828695
0.950835
1.16328
1.39914
1.6615
1.43649
0.913809
0.951756
1.18418
1.19268
1.06076
0.921499
0.653668
0.943343
1.2793
1.30235
1.15393
1.10596
1.19911
0.725336
0.945816
1.00318
0.965942
0.890798
0.83973
1.05917
1.21104
1.21936
1.08785
0.97965
0.7531
0.799723
0.900314
1.01932
0.982373
1.14149
1.02629
0.921743
1.05542
1.17041
0.83912
0.942759
0.911212
0.936392
0.780673
1.18363
1.23429
1.13714
1.19203
0.874788
1.38384
1.22257
1.2252
0.862202
0.981895
0.998401
0.929874
1.03436
0.959427
1.00029
1.07536
1.28496
0.850705
0.887086
0.939587
1.53193
1.09936
1.11907
0.854464
0.906192
1.27019
0.909662
1.07349
1.18594
1.11131
1.06193
0.912291
1.01312
0.716002
1.27372
1.24914
0.813996
0.940953
1.05029
0.98977
1.23885
1.1569
1.04217
0.859779
1.08551
1.20387
0.979834
1.21747
1.29324
0.960567
1.33391
1.13923
1.3023
0.951962
0.872387
0.802037
0.97379
1.02675
1.03126
0.80911
1.37085
1.07365
0.990205
0.768503
0.829109
0.863617
0.946612
0.846932
0.832555
0.989812
0.966617
1.11005
0.889847
0.76562
1.18013
0.939097
0.93908
1.32906
1.099
0.990816
1.26246
0.743192
0.965889
0.921256
1.20933
1.31143
0.883576
1.16397
0.818439
0.996983
1.13569
1.1148
1.03618
0.800732
0.665214
1.0697
1.06285
0.825556
0.993341
1.09446
1.17758
1.22724
1.2898
0.992664
1.08205
0.988303
1.18226
1.01602
0.954688
1.14716
1.15885
1.1935
1.13271
0.83115
0.997587
1.01132
0.958595
1.03078
0.795346
1.19735
1.33688
1.06962
0.770322
0.816546
1.17391
0.967214
0.921372
1.08577
0.934196
1.08628
0.93834
0.906512
1.03877
0.948741
0.878216
0.983122
1.18057
1.17999
1.30402
1.01721
0.884614
1.01544
1.64109
0.936463
1.12059
0.885116
1.16322
0.699708
1.03496
0.803475
0.975313
0.913589
1.27109
0.913791
0.785285
1.13961
1.20312
1.03308
1.23227
0.990919
0.918072
1.58431
1.03007
1.0767
1.06932
0.82139
1.42058
0.802206
0.906739
0.801008
0.996098
0.88404
0.835806
1.08712
0.901358
1.11178
1.42359
0.904061
1.55035
1.13624
1.17872
0.918147
1.27546
0.959311
0.820585
0.985565
1.11883
0.753953
0.975232
1.11334
1.39637
0.882398
1.08612
1.05253
1.3845
1.15543
0.869886
1.01288
1.1568
1.01875
1.21307
0.814623
1.1907
0.88708
0.949093
1.27984
1.11149
0.793509
1.04428
1.06694
1.03577
1.46432
1.10771
1.18369
0.992051
1.331
0.852428
1.37496
1.42296
1.28195
0.991038
1.24439
0.7535
0.836841
1.0587
1.07241
1.20516
1.08614
1.06932
0.928128
1.43287
0.861814
1.04367
1.21297
1.27337
0.952802
1.18308
1.17687
0.830204
0.905746
1.44449
1.09444
0.969143
1.19302
1.31861
0.555871
1.18069
1.01098
0.951413
0.900711
1.08156
0.939563
1.43317
0.873643
1.19561
0.921318
1.01064
1.45257
0.950892
0.852075
0.944593
1.00073
0.839326
1.14763
0.855595
0.89485
1.08785
1.01231
1.24637
0.972578
1.02905
0.896401
1.02608
0.96275
0.966282
0.959753
1.20752
1.18545
1.16488
1.28212
1.10135
0.918872
1.01138
0.880415
0.893205
1.07361
0.983389
0.983271
0.82275
1.21757
0.97987
0.763994
0.773208
1.20788
1.04901
0.827904
0.702124
0.907398
1.03412
1.38711
0.944778
0.986758
0.995535
1.10234
1.12901
1.0841
1.03784
1.01185
0.999712
0.835682
1.11353
1.1398
0.969499
0.971309
1.07103
0.971767
0.820179
0.884788
1.19091
0.909628
1.05042
1.04705
1.29088
1.10193
1.15583
0.859209
0.965622
1.33062
0.864134
1.13228
1.03253
0.984724
0.870518
1.43806
1.06653
1.26254
0.868699
0.914455
0.979503
1.12507
0.8006
1.25287
1.3889
0.995921
0.919155
0.826088
0.783635
1.05986
0.975447
0.919728
0.81037
0.671901
0.776205
1.05085
0.913178
0.985243
0.890209
0.77533
0.856396
0.804352
0.953084
0.775136
0.807272
1.01817
0.763448
0.800233
0.764587
1.01142
0.849055
0.865021
0.820593
0.80851
0.930199
1.04542
0.806498
0.992459
0.806163
0.779058
0.772205
0.895586
0.932588
0.95286
1.09427
0.940345
0.712635
0.771298
0.856098
0.765123
0.861753
0.879382
0.919693
0.909984
0.720332
0.80768
0.926731
1.05284
0.870658
1.10936
1.19818
0.998975
0.928399
1.0952
0.892419
1.01319
1.02716
0.933563
0.843842
0.819408
0.915073
0.776712
0.919078
1.01576
0.995536
0.928673
1.0942
0.866482
0.897585
0.788491
0.982337
0.76526
0.86281
0.863269
1.09684
0.857678
1.09767
0.91254
0.793521
0.928468
0.785689
0.841059
0.984099
0.979518
0.880107
0.945562
0.790424
0.921594
1.03639
0.797798
0.678016
0.952732
0.932203
0.914576
0.847063
0.797376
0.91316
0.760866
0.974879
0.886568
0.923772
0.782634
0.994299
0.846368
1.10156
0.999674
0.717278
0.774186
0.945293
0.998819
0.828569
0.846621
0.909837
0.855796
0.884388
0.816091
0.826482
0.675001
0.937264
0.765266
0.832848
0.89227
0.830003
0.928005
0.938171
1.13283
1.10226
1.11336
0.854656
0.824455
1.07391
0.990782
0.987431
0.909563
0.807695
0.681976
0.723063
0.965236
0.98451
0.784291
1.02495
0.961155
0.959714
0.903301
0.881788
0.826836
0.850394
0.905745
0.843441
0.938694
0.769024
0.763896
0.916528
0.651016
1.00306
0.830658
0.800453
1.04644
0.966526
0.854846
1.14263
1.01153
0.91618
0.953569
1.16271
0.95875
0.69011
0.847225
0.775877
1.19686
0.857899
0.887058
0.951854
1.21663
1.06812
0.943783
0.778905
0.905187
0.967175
0.991306
0.89551
1.01115
0.996288
0.836826
0.738765
0.990998
0.865586
0.989884
0.892687
1.02099
0.848571
0.969799
0.936119
0.749477
0.954035
1.04978
0.970047
1.01942
0.850157
0.904182
0.804931
0.784615
1.07094
0.792033
0.795518
1.04176
0.823062
0.893247
0.873544
0.90927
0.992244
0.805626
1.00423
0.850937
1.08605
0.743868
0.874329
1.09066
0.925525
0.937125
1.17163
0.836463
0.840609
0.789577
0.854728
0.800953
0.958993
0.759779
0.669591
0.766494
0.798099
0.81607
1.20567
0.806155
0.829904
0.844753
0.782544
1.09565
0.790382
0.786778
0.81807
0.854495
1.05237
0.605821
0.859404
1.03777
1.21476
1.22623
0.917895
0.812755
1.00864
0.863459
0.642953
0.925754
0.949218
0.825766
1.00969
0.704966
0.829182
1.18686
0.719404
0.800281
0.818194
1.08871
1.04016
0.946094
0.595845
0.732321
0.871392
0.985825
1.2222
0.898432
0.833453
0.761239
0.831832
0.823388
0.830181
1.0606
0.842767
0.931507
0.963636
0.797549
1.00903
0.986635
0.997296
0.971027
0.893231
0.876789
1.00742
1.19186
0.76078
0.94584
0.946421
0.891012
0.691687
0.982441
0.878391
0.984233
1.06381
0.811924
0.726347
1.10975
1.02623
0.814857
0.842893
0.902549
1.07193
0.762096
0.960918
0.679846
0.947009
0.967936
0.839214
0.955926
0.883331
0.974492
0.829224
0.811906
1.03269
0.890612
0.810518
0.889949
1.02136
0.902498
0.773596
0.79663
0.806423
0.927065
0.660834
0.705538
0.871892
0.777749
0.860461
0.845474
1.03844
0.888799
0.876435
0.870105
1.0295
1.10088
0.702501
0.888715
0.85162
0.648249
0.881369
0.829654
0.90638
0.73606
0.884594
0.808248
0.884333
0.868277
0.772085
0.862458
0.798784
0.866979
0.845124
0.901399
0.880388
0.984053
0.803155
0.781936
0.687757
0.859396
0.83144
0.904541
0.798662
0.987946
0.734297
0.86487
0.837728
0.971989
0.876054
0.827434
0.976223
0.889048
0.818717
0.857604
1.02847
0.777896
0.969935
0.948505
0.860269
0.844114
0.847866
0.916976
0.952413
0.629177
0.776934
0.977962
0.897327
0.94779
0.628098
0.860375
1.02851
0.773557
0.966717
0.864331
1.1034
0.789438
1.03162
0.826287
1.03723
0.765299
0.978779
0.946933
1.17253
0.878798
0.898788
0.829122
0.81861
0.887466
0.789179
0.834918
0.706073
0.872935
0.839163
1.02685
1.08626
1.10727
0.939269
0.893138
0.806847
0.814989
0.644488
0.838265
0.818399
0.849081
0.899561
0.878172
0.922788
0.923955
0.779908
1.08285
0.896974
0.828086
0.917731
0.992811
0.93433
0.982192
0.907401
0.842711
0.782351
1.09898
1.33108
0.880169
0.90391
1.06167
0.883466
1.04249
0.849167
0.982964
0.885511
0.913051
0.623313
0.874481
0.861375
0.740422
0.825116
0.872874
1.04396
1.05557
0.901967
1.04508
1.00594
1.07049
0.961271
1.14562
0.910183
0.71854
0.76916
0.980913
1.00441
0.885729
1.05366
0.771057
0.852834
0.932827
0.788073
0.718203
0.91405
1.06434
0.925478
0.919833
0.906089
1.25637
0.87058
0.859367
0.814788
1.08729
0.83488
0.865927
0.769876
0.958949
0.81299
0.860428
0.643738
0.786911
1.0608
0.807584
1.06046
0.795651
1.0576
0.949747
0.988191
0.930094
0.621712
0.824829
0.945141
1.11887
1.11083
1.1163
0.792031
0.849416
0.894067
0.817967
0.869671
0.988834
1.11082
0.960493
0.935855
0.80667
0.862732
1.00834
0.79474
0.668397
1.03891
0.901529
0.902295
0.745687
0.936575
1.23453
0.94959
0.983825
0.842325
0.890617
0.870991
0.814674
0.741764
0.941537
0.851642
1.09415
0.712958
0.877722
0.91261
1.00472
0.908823
0.67391
0.828188
0.786564
1.04209
1.01957
0.718812
0.747461
1.11068
0.783802
0.940318
1.0969
0.999247
0.744471
0.979393
0.720388
1.00114
0.916809
0.987657
0.822174
1.0867
0.847796
0.856583
0.903643
0.658353
0.807501
0.936098
1.01835
0.871847
0.868405
0.696416
0.860146
1.00605
0.879262
1.14602
0.988568
0.856317
1.04085
0.719425
0.857897
0.908794
0.977037
0.778382
0.947927
0.984768
0.966115
1.05551
0.858039
0.885877
0.8661
0.947201
1.01992
0.787739
0.92307
0.872676
0.90731
1.13534
0.872571
0.913954
1.04282
0.908389
0.804799
0.94544
1.06292
1.0538
1.08875
1.15589
0.664246
0.857486
0.955884
1.01364
0.855526
0.699123
0.653658
0.755593
0.938956
0.916481
0.813079
0.967633
0.990375
0.725311
0.743913
0.870288
0.720691
0.877499
0.860141
0.878532
0.996254
0.833421
0.920321
0.990299
0.708138
0.780898
0.841906
0.884068
0.865915
1.05232
0.886557
0.950865
0.809537
0.971961
0.847788
0.703646
0.788143
0.876605
0.721713
1.13661
0.956893
0.802941
1.04455
0.908588
1.08432
0.837689
0.994554
0.848075
0.765778
0.938606
0.776495
0.88984
0.78007
0.867471
0.957133
0.938168
0.690569
0.886983
0.796448
1.18999
0.965105
0.888793
0.844046
0.82002
0.977117
0.629639
0.87537
1.00605
0.881783
0.883886
0.912289
0.891622
0.812351
0.992637
0.818403
0.813958
0.908727
0.692479
1.03575
1.00545
0.9167
0.937448
0.659112
0.711822
1.00384
0.716116
1.06582
1.04589
0.837012
0.876871
0.974457
1.18676
0.817783
0.846727
0.801719
0.947501
0.894558
0.953034
0.722394
1.23644
1.01352
0.82153
0.765434
0.822154
0.818409
0.837585
0.84693
0.832554
0.823174
0.828677
0.84901
0.761919
0.765516
1.05444
0.899736
0.860612
1.23458
1.11084
1.02632
0.896024
0.708344
0.680682
0.911342
1.07627
0.937208
0.827256
0.970556
0.81466
0.912734
0.802154
0.829674
1.13353
0.7205
0.681192
0.923953
0.957525
0.714962
0.994468
0.722194
0.967481
0.895876
1.04444
1.14576
0.934539
0.745155
0.867622
0.897326
0.874893
0.984903
1.0113
0.812509
0.925134
0.707943
0.761608
0.983681
0.952368
0.975962
0.676924
0.957437
0.907322
0.996563
0.770292
0.823678
0.896624
0.712817
0.741253
0.967888
0.591895
1.00098
0.780844
0.697006
1.07574
0.867187
0.892737
0.819248
0.830598
0.912946
1.223
1.13322
0.673224
0.837956
1.1296
0.864151
1.02464
0.770778
0.943576
0.699693
0.962071
0.756203
0.898395
0.827842
1.00414
0.804367
0.788869
1.01609
0.930278
0.822833
0.930835
0.785367
0.835102
1.1477
0.764506
0.824975
1.0501
0.689246
1.08526
0.802206
0.825261
0.812091
0.849641
0.929857
0.733654
1.10051
0.897023
0.897315
1.46221
0.849324
0.93801
0.942619
1.12357
0.807922
1.04785
0.959302
0.820553
0.748726
1.02666
0.737601
1.11874
0.935723
1.14323
0.748557
1.03232
0.880197
1.0785
0.988632
0.683072
0.822996
0.917294
0.954325
0.955363
0.814609
0.768507
0.877602
0.815279
1.12035
1.03016
0.734393
0.871974
0.78201
0.877985
1.0926
0.887186
1.03862
0.898398
0.875347
0.801968
1.10842
0.851288
1.06522
0.707226
0.916532
0.722125
0.836831
0.933261
0.937803
0.961016
0.889684
0.88079
0.820837
1.19556
0.861808
1.14908
0.926597
0.973395
0.958421
0.796659
0.921147
0.699352
0.77283
1.03246
1.15345
0.902599
1.10618
1.01231
0.558123
0.770268
0.812225
0.829921
0.813498
0.957889
0.932598
1.05816
0.627719
0.949409
0.865309
0.95703
1.17703
0.99771
0.822508
0.901467
0.800628
0.815393
1.03357
0.828072
0.903532
0.829019
0.795156
0.877559
0.892113
0.948047
0.886683
0.882689
0.776102
0.83591
0.999394
1.05445
1.08266
0.826134
1.13592
0.924867
0.726009
0.909653
0.730896
0.858996
0.937514
0.768908
0.921817
0.647882
0.970294
0.873013
0.773483
0.788087
0.93686
0.986973
0.813063
0.671122
0.722058
0.899011
0.984033
0.810288
0.855412
0.698348
1.03298
0.785192
0.951861
0.942109
0.784651
0.902165
0.87222
0.99015
0.994625
0.816759
0.921192
0.878391
1.03543
0.863345
0.860484
1.09864
0.904581
0.920526
0.823261
1.02761
0.887302
0.931686
0.8495
0.823469
0.936478
0.80334
0.838157
0.835904
0.951217
0.870497
1.09745
0.811741
0.853794
0.823755
0.943404
0.970609
0.896902
0.80059
1.09099
1.04001
0.868929
