1.09548
1.09548
1.06106
1.1039
1.00093
1.00119
1.02029
1.00031
1.00035
1.00066
1.00085
1.00039
1.0006
1.01939
1.12433
1.00053
1.07235
1.00039
1.00019
1.00037
1.00152
1.00015
1.001
1.00688
1.13309
1.00036
1.0004
1.00651
1.00085
1.00042
1.04367
1.00079
1.00774
1.00445
1.0003
1.00064
1.00106
1.00043
1.00558
1.04011
1.00031
1.00081
1.00069
1.00079
1.00042
1.00074
1.00052
1.00131
1.14629
1.0005
1.00053
1.02887
1.02022
1.00036
1.02142
1.00315
1.00051
1.00031
1.00062
1.00078
1.00045
1.00087
1.00031
1.00069
1.01085
1.00051
1.04906
1.00707
1.00056
1.00053
1.00077
1.00318
1.00051
1.00051
1.00044
1.00047
1.0003
1.02414
1.00056
1.00053
1.0006
1.00068
1.00043
1.0005
1.00072
1.00047
1.00034
1.00035
1.00024
1.00042
1.00056
1.00102
1.0003
1.00045
1.00029
1.00632
1.00081
1.00056
1.00101
1.00078
1.00078
1.0006
1.00077
1.00401
1.00061
1.0006
1.00061
1.00026
1.05305
1.00114
1.02233
1.25951
1.00097
1.01725
1.00037
1.00052
1.00023
1.00067
1.00069
1.00077
1.00035
1.00059
1.01036
1.00017
1.00054
1.05841
1.00041
1.00198
1.00041
1.00046
1.00128
1.00055
1.00061
1.00032
1.00091
1.03934
1.00046
1.00042
1.00092
1.00055
1.00054
1.00063
1.00024
1.02211
1.00037
1.10014
1.00055
1.00031
1.00046
1.00046
1.00037
1.00404
1.00597
1.0153
1.0008
1.00024
1.00089
1.00236
1.18339
1.00347
1.00038
1.00032
1.00496
1.00037
1.10322
1.00046
1.01688
1.00656
1.00046
1.00054
1.0008
1.0006
1.0005
1.00025
1.00023
1.00051
1.00033
1.00547
1.00048
1.00299
1.00049
1.00087
1.00043
1.02549
1.00044
1.01061
1.0009
1.00071
1.00071
1.00856
1.00048
1.00037
1.00792
1.11324
1.07369
1.00033
1.04344
1.00053
1.00041
1.00041
1.00178
1.00046
1.01258
1.00431
1.00032
1.00094
1.00041
1.0198
1.07345
1.0003
1.00045
1.00056
1.00185
1.00084
1.00047
1.00034
1.00506
1.00616
1.00055
1.03646
1.01155
1.00097
1.00036
1.07085
1.04495
1.00035
1.00062
1.00059
1.01686
1.00027
1.0005
1.00442
1.00474
1.00151
1.00565
1.00039
1.0007
1.00024
1.00031
1.04291
1.00978
1.00883
1.10094
1.12456
1.00103
1.00066
1.0007
1.05566
1.00063
1.1985
1.00051
1.00043
1.00054
1.0005
1.01701
1.00335
1.00463
1.00379
1.00029
1.00065
1.00061
1.00055
1.00045
1.00041
1.00037
1.00042
1.01306
1.00047
1.00039
1.10567
1.00511
1.37834
1.00044
1.00055
1.00071
1.00037
1.00061
1.01461
1.00038
1.00059
1.00035
1.00059
1.02295
1.00047
1.00032
1.00066
1.00065
1.00051
1.00052
1.00098
1.00079
1.00074
1.00015
1.00068
1.00076
1.00057
1.00638
1.00067
1.00068
1.00047
1.00038
1.00427
1.00134
1.00071
1.00074
1.00631
1.00036
1.0006
1.00027
1.0442
1.02765
1.01456
1.04833
1.0037
1.00034
1.00025
1.00103
1.10133
1.11118
1.05912
1.05632
1.00055
1.00688
1.19554
1.00982
1.00031
1.00045
1.2855
1.00997
1.00053
1.00071
1.00042
1.00083
1.0083
1.00149
1.00049
1.00033
1.0136
1.00059
1.10524
1.00076
1.00659
1.00041
1.00039
1.05349
1.00058
1.02029
1.00102
1.00034
1.00062
1.00168
1.04543
1.00024
1.00059
1.03539
1.00047
1.0003
1.00065
1.18896
1.01277
1.00046
1.09774
1.31966
1.00045
1.00051
1.00042
1.00043
1.03816
1.14362
1.00037
1.00031
1.00068
1.00083
1.00117
1.0287
1.00047
1.0011
1.00026
1.00077
1.0828
1.00038
1.00065
1.0003
1.00039
1.00043
1.00055
1.02037
1.03011
1.00057
1.0006
1.00048
1.06528
1.00064
1.00578
1.00064
1.0003
1.00042
1.00061
1.01289
1.00838
1.00036
1.0026
1.00058
1.00073
1.00032
1.00131
1.01572
1.00082
1.00052
1.00029
1.00058
1.00058
1.00032
1.00061
1.00057
1.00449
1.00045
1.02002
1.02837
1.0009
1.20071
1.00142
1.01548
1.00056
1.00035
1.02842
1.00044
1.00074
1.00081
1.02819
1.00092
1.00354
1.00058
1.00079
1.14679
1.00073
1.00055
1.00058
1.01388
1.01538
1.00061
1.02719
1.07831
1.00089
1.00239
1.0007
1.00054
1.00071
1.00127
1.00034
1.00048
1.0357
1.00871
1.0127
1.00046
1.00029
1.00062
1.00143
1.00033
1.10533
1.00097
1.00027
1.00104
1.00068
1.00032
1.00035
1.00058
1.00081
1.0522
1.00843
1.00584
1.10486
1.00033
1.00088
1.05552
1.00509
1.00047
1.0004
1.15468
1.00075
1.00023
1.00039
1.00041
1.00074
1.00045
1.00035
1.17091
1.00019
1.02554
1.0006
1.00029
1.00085
1.00036
1.00072
1.00114
1.00049
1.00372
1.00493
1.00041
1.00047
1.00051
1.09174
1.01957
1.03653
1.38405
1.00062
1.04649
1.0006
1.0964
1.18315
1.00027
1.04009
1.00033
1.05997
1.00043
1.00029
1.00076
1.00044
1.00041
1.04015
1.0008
1.00099
1.00045
1.00035
1.00027
1.00049
1.00271
1.0007
1.00967
1.00057
1.00404
1.00061
1.00072
1.00107
1.00854
1.00069
1.00023
1.00033
1.00738
1.05616
1.00047
1.00069
1.00068
1.00021
1.00065
1.00135
1.00059
1.00043
1.00084
1.00044
1.00045
1.00057
1.00072
1.0007
1.0016
1.00625
1.00011
1.00053
1.03869
1.00048
1.00136
1.00039
1.00025
1.00057
1.00033
1.00035
1.0003
1.0007
1.0012
1.04111
1.00037
1.00045
1.04006
1.00093
1.00028
1.00045
1.00064
1.0316
1.00057
1.00442
1.00049
1.00053
1.00033
1.22664
1.00037
1.00038
1.0002
1.00029
1.02603
1.1317
1.0006
1.16035
1.00231
1.00054
1.00015
1.00039
1.00088
1.00393
1.00095
1.00099
1.00073
1.00063
1.0046
1.0009
1.00025
1.11249
1.04373
1.00028
1.01107
1.00058
1.0191
1.01674
1.02985
1.00808
1.00091
1.0002
1.02276
1.00048
1.00024
1.00068
1.00067
1.0006
1.00066
1.00036
1.07504
1.00544
1.00033
1.00031
1.00405
1.00098
1.00047
1.00111
1.03848
1.0004
1.00085
1.00031
1.00066
1.00036
1.15593
1.15573
1.00043
1.00078
1.00169
1.0003
1.00068
1.00061
1.00045
1.00051
1.0005
1.00081
1.00043
1.00139
1.0148
1.00029
1.00065
1.00054
1.00038
1.0008
1.00076
1.00061
1.00125
1.07774
1.00054
1.05879
1.02964
1.07435
1.18071
1.03272
1.00069
1.00106
1.03372
1.00048
1.00041
1.00259
1.0006
1.02635
1.00052
1.00041
1.0003
1.00981
1.00045
1.00067
1.07483
1.10413
1.00045
1.0217
1.06369
1.0008
1.0006
1.00035
1.04102
1.00051
1.10863
1.00058
1.00021
1.00161
1.00045
1.00971
1.00031
1.00034
1.00044
1.00065
1.00039
1.02695
1.08404
1.0174
1.0005
1.00054
1.06469
1.01459
1.05275
1.00728
1.05308
1.00134
1.00062
1.01743
1.01511
1.01955
1.00023
1.00208
1.00064
1.00112
1.00031
1.0008
1.00065
1.03437
1.01343
1.06805
1.00046
1.00183
1.00065
1.00078
1.03235
1.00071
1.02168
1.03789
1.05436
1.00127
1.00057
1.0391
1.00053
1.00713
1.00085
1.00063
1.00073
1.00054
1.00083
1.00034
1.17203
1.00109
1.00057
1.00039
1.00056
1.00038
1.0008
1.00038
1.00057
1.00058
1.00125
1.00037
1.00035
1.00046
1.00078
1.00085
1.00046
1.00051
1.00129
1.01072
1.01412
1.10715
1.00056
1.00091
1.10121
1.00048
1.00113
1.00764
1.00083
1.00044
1.00033
1.00035
1.00045
1.0009
1.00035
1.00072
1.00052
1.00026
1.00061
1.00073
1.00029
1.00664
1.00035
1.00213
1.00036
1.00033
1.00065
1.00022
1.05024
1.03911
1.00028
1.00042
1.00042
1.00069
1.00041
1.06293
1.00019
1.00052
1.00472
1.00086
1.00042
1.00048
1.02215
1.00047
1.00077
1.00018
1.00048
1.00036
1.00097
1.01376
1.00051
1.00041
1.00135
1.00074
1.00056
1.00049
1.08807
1.00026
1.00069
1.01594
1.00044
1.17584
1.00037
1.00133
1.00112
1.02662
1.00109
1.00051
1.00068
1.00063
1.00129
1.00025
1.00053
1.00044
1.02861
1.00031
1.01549
1.00037
1.00059
1.00057
1.00062
1.01167
1.00051
1.00087
1.00034
1.00052
1.00054
1.13056
1.00566
1.0005
1.08841
1.00035
1.20488
1.006
1.00125
1.00142
1.12042
1.00042
1.00044
1.00039
1.039
1.00059
1.0004
1.0003
1.02525
1.00082
1.00047
1.00054
1.00155
1.00043
1.00027
1.0008
1.00072
1.13101
1.03305
1.01162
1.00054
1.00023
1.00309
1.00045
1.00058
1.01595
1.03108
1.00101
1.00094
1.00059
1.00064
1.0003
1.00048
1.0148
1.00046
1.00054
1.00096
1.00077
1.0155
1.00054
1.00037
1.00015
1.00018
1.00032
1.00068
1.00062
1.03345
1.01839
1.00033
1.0008
1.00112
1.00046
1.13138
1.00026
1.00052
1.00041
1.00075
1.01384
1.00049
1.00059
1.00091
1.00073
1.00059
1.00044
1.00073
1.00033
1.00059
1.00026
1.07767
1.00122
1.00112
1.00059
1.00018
1.00095
1.0107
1.00043
1.0003
1.0004
1.00106
1.00047
1.00049
1.00064
1.00046
1.00021
1.0005
1.00202
1.00121
1.00031
1.00037
1.00083
1.00018
1.00082
1.00045
1.00037
1.00072
1.15752
1.00046
1.09799
1.0569
1.00028
1.00055
1.00046
1.00017
1.00062
1.00034
1.00043
1.00046
1.00073
1.00078
1.00051
1.00057
1.00079
1.00047
1.0005
1.00042
1.00044
1.0005
1.00582
1.00038
1.00212
1.0005
1.00021
1.00045
1.01171
1.0005
1.00041
1.00118
1.00047
1.00057
1.00064
1.04283
1.00079
1.08809
1.00053
1.00084
1.00079
1.09548
1.09548
0.783927
1.10889
0.697035
0.660586
0.731449
0.807649
0.715105
1.00066
0.686785
0.598726
0.903497
0.98432
0.68545
0.761205
0.909809
0.574154
0.728712
0.782762
0.358652
0.743741
0.793221
1.10704
1.13309
0.643411
0.659237
0.900005
0.95446
0.734763
0.553431
0.546283
1.00774
0.737236
0.665579
1.00064
0.542287
0.759711
0.741002
0.755758
0.830338
0.760737
0.497643
1.00079
0.863845
0.981539
0.517575
0.851147
0.900522
0.537267
0.649137
0.765117
1.02022
0.645497
0.666665
0.96682
0.941212
1.09542
0.561701
0.619011
0.734523
0.792998
0.956779
0.852602
0.977295
1.00051
1.0476
1.00707
1.00056
0.84006
0.808437
0.762117
0.902289
1.0083
1.03177
0.726857
0.777154
0.461591
0.786127
0.661071
1.0006
0.639656
0.690962
0.790467
0.932788
0.568839
1.00034
1.02703
1.00024
0.588233
0.701465
0.979812
0.632433
1.0163
0.697705
0.631181
0.691889
1.00056
1.00101
0.863339
0.678455
0.699369
0.80538
0.903634
0.659451
0.708334
0.871591
0.556629
0.678958
0.640873
0.895446
1.25951
0.685333
0.593595
0.694042
0.814348
0.655276
0.703527
0.948887
1.00077
0.644642
0.815954
0.390309
0.93266
1.00054
0.952769
1.10545
0.720724
0.695882
0.756774
0.645863
1.00473
0.985442
1.0208
0.70311
0.661231
0.660844
0.625894
0.850022
0.920982
0.856506
0.948251
0.863537
0.694564
0.777441
1.10014
0.567099
0.671812
0.759932
1.00046
0.596822
1.00404
0.646156
0.770169
0.712095
0.689471
1.05539
0.696603
1.18339
0.766404
1.06192
0.643313
0.801487
0.83539
0.996154
0.752602
1.01688
0.839592
0.746066
0.764544
1.0008
0.97968
0.906524
0.914328
0.720843
0.793872
0.621425
0.720266
0.767476
0.75012
0.765329
0.946627
0.91752
0.956262
0.882905
0.912556
0.561176
0.809379
0.700279
0.443478
0.642903
0.723933
1.00792
1.11324
1.14636
0.798032
0.950812
0.920795
0.847379
0.755245
0.782833
0.606179
0.881408
1.00431
0.605
1.06088
0.94683
1.0198
0.727955
0.697619
0.94152
1.00056
0.70681
0.972743
0.821593
0.986263
0.550413
0.947314
0.621361
1.03646
1.01155
0.949589
1.00036
0.770601
0.913363
0.778769
0.521186
0.935075
0.94017
1.00027
0.685899
0.74951
0.469245
1.00151
0.880943
0.647225
0.890724
0.962439
0.662985
0.933346
1.00978
0.742538
0.646739
0.992041
0.826552
0.38135
0.694748
0.934463
0.756195
1.25749
0.703832
0.929144
0.585728
0.679368
1.01701
1.00335
0.741971
0.638154
0.790343
0.79614
0.802461
1.00055
1.00045
0.600534
1.00005
0.581522
0.839445
0.887586
0.788278
0.848779
1.00282
1.37834
0.719329
1.00055
0.839995
1.00037
0.966194
0.819872
0.865643
0.847383
0.932324
0.570357
1.00457
0.772261
0.949749
1.00066
0.876991
0.946757
0.997049
0.794162
0.92025
0.659682
1.00015
0.772384
0.797842
0.616194
1.00638
0.983241
0.944376
0.844828
0.747165
0.67495
0.82243
0.544305
1.05004
0.975063
0.51973
0.993367
0.803466
1.01043
0.93479
0.939552
1.04833
0.762554
0.910895
0.577611
1.00103
0.795953
1.11118
0.774085
1.05632
1.05409
1.05248
1.17164
1.00982
0.79287
0.58459
1.2855
0.992901
0.82142
0.521316
0.8028
0.782444
0.656763
0.957555
1.00049
0.812766
1.04523
0.416742
1.08103
0.937198
1.00659
0.654448
0.892113
1.08967
0.586315
0.825471
0.973837
0.948245
1.00062
0.585589
0.880272
0.972754
1.04202
0.721625
0.818687
0.68385
0.711638
1.18896
0.527775
0.807717
1.09774
1.31966
0.803349
0.64227
0.692086
1.01522
0.854784
0.733715
0.520789
0.595756
0.808583
0.648326
0.695112
1.02371
0.533604
0.519504
0.912378
0.923469
0.808239
1.00038
0.837915
0.714595
0.867907
0.637168
1.04273
0.851372
0.550125
0.564607
0.613398
1.01827
1.06528
0.787451
0.47752
0.820748
0.815408
0.774546
0.677571
1.01289
0.947967
0.872542
0.766045
1.00058
0.696853
0.505538
1.00131
0.681188
0.850606
0.665687
0.823576
0.827653
0.618371
0.74999
1.00061
0.785563
0.79045
0.784536
0.734792
0.826584
0.665421
1.20071
0.768802
1.01548
0.570473
0.701595
0.626323
0.978829
0.738239
0.643515
0.854232
0.759559
1.00354
0.772759
0.665124
1.14679
1.01455
0.866601
0.554233
0.948975
1.06243
0.746919
0.635358
0.591225
0.633157
0.975888
1.01881
0.846563
1.09822
1.00127
0.884561
0.969487
0.720479
0.819975
0.802843
0.700438
0.778849
0.937492
0.632465
0.649642
1.10533
0.748057
0.819922
0.679251
1.00068
0.53111
0.93244
0.625381
1.01584
0.990086
1.00843
0.870174
1.10486
1.00033
0.467121
0.908768
0.567368
0.794783
0.782359
1.03936
0.994459
0.882085
0.670414
0.858065
0.955699
0.676808
0.654584
1.14356
0.621633
0.865623
1.0006
0.604165
0.727715
0.77464
0.57651
1.00114
1.00049
0.816821
0.994691
0.705387
1.00047
0.625758
0.837495
1.01957
0.81571
1.38405
0.858054
0.762457
0.666842
0.86751
0.927139
0.765045
0.861086
0.603387
1.05997
0.846446
0.89044
0.476991
1.00614
0.679817
1.04015
0.70275
0.591933
0.564387
0.753012
0.919642
0.85377
0.504393
0.696934
0.981407
0.772857
1.00404
0.651302
0.617697
0.777806
0.623392
1.06479
0.957767
1.03398
0.898919
1.00523
0.681974
0.645806
0.492303
0.736106
0.758965
0.677579
1.00059
0.782354
0.520395
0.941191
0.925418
0.780595
0.768919
0.960953
0.67596
0.975584
0.62881
1.05474
0.804201
1.00048
1.00318
0.598311
0.587396
0.824762
0.695523
0.875506
0.773076
0.503984
0.728186
0.965641
0.851941
0.840492
0.767783
0.901796
0.626163
0.933801
1.00064
0.956305
0.740732
1.16827
0.657842
1.03642
0.928398
1.22664
0.917417
0.640684
0.866962
0.753236
0.986016
0.773793
1.0006
0.855267
0.665323
0.935814
0.99945
0.619214
0.896275
0.924309
0.653735
0.653958
0.85699
0.60453
0.746252
0.623639
0.741142
1.11249
0.724897
0.64285
1.01107
0.936192
1.05439
0.81007
0.603503
0.80499
0.89464
0.961764
0.786116
0.658314
1.01556
0.922298
0.937103
0.595019
1.00066
0.90282
1.01852
0.653646
0.564212
0.83101
1.00405
0.886237
1.00047
0.870448
0.868808
1.20595
1.00085
1.00031
0.978267
0.933706
1.15593
1.121
0.824854
0.994767
0.74498
1.03504
1.01453
0.491946
1.00045
0.742942
0.750346
1.00081
0.835047
0.855979
1.00172
0.738637
0.958858
1.00054
0.914649
0.624336
0.568922
1.00061
0.750989
1.01569
0.595546
1.05879
0.924556
0.92646
1.18071
1.0516
0.883231
0.753532
1.03372
1.03463
0.783008
0.844747
1.0006
0.880024
1.00191
0.750201
0.79553
0.98479
1.00045
0.903591
1.19728
1.10413
0.637063
0.759334
0.964097
0.806902
1.13557
0.807152
1.04102
0.617891
1.10863
0.648921
0.827383
0.688284
0.687651
0.688627
0.917926
0.815009
0.839332
0.586418
0.913144
0.650919
0.576952
0.96033
0.998898
0.597211
1.06469
0.551522
0.9214
1.00728
0.608212
1.00134
0.823924
1.07712
0.516087
0.76961
0.547722
0.519983
0.841147
0.987813
0.401935
0.872777
0.764596
1.00916
1.01343
1.06805
0.731598
0.711786
0.775658
1.00078
0.844578
0.442373
0.598163
0.793938
1.03263
0.798629
0.701359
0.836237
1.03652
1.00713
0.842944
1.00063
0.791212
0.804897
1.00083
0.856004
1.17203
0.825332
1.00057
0.678561
0.873284
0.827351
0.630602
0.833557
0.943974
0.919991
1.00125
0.392931
0.703429
0.944908
0.471206
0.58531
0.856436
0.604509
1.00129
0.699121
0.558664
1.10715
0.621358
0.764064
0.895776
0.65693
1.00113
0.786342
0.640346
0.746692
0.57411
0.98337
0.73415
0.368291
0.701035
0.665657
0.758266
1.00026
0.780083
0.629117
0.718501
0.907762
0.673696
1.00213
0.933168
1.00033
1.19499
0.76487
0.888603
0.639122
0.987037
0.591807
0.669157
0.848722
0.898437
1.06293
0.915391
0.849966
1.00472
0.827807
0.64356
0.678024
1.02215
0.985181
0.667476
0.650682
1.00048
1.00036
0.706631
1.01376
0.96964
0.637703
0.867519
1.05168
0.959023
0.756627
1.08807
0.5367
0.848405
0.611905
0.534235
1.17584
0.726497
1.00133
0.694282
0.853693
1.00109
0.600113
0.630523
0.799274
0.361125
0.455584
0.643259
0.587259
1.05131
1.00031
1.01549
0.703486
0.958646
1.00057
0.747115
0.922216
0.543778
1.06467
1.00034
0.779815
0.847655
1.1276
0.833751
0.872623
1.05743
0.705277
1.20488
0.947932
0.855304
0.565144
1.12042
0.321461
0.937104
1.00039
0.866571
0.758146
0.865148
0.83343
0.734903
1.06516
0.871112
1.00054
1.00155
0.474468
1.0609
1.0008
1.02787
1.13101
0.935195
0.915134
0.686877
0.709824
0.335534
1.00793
0.610371
0.569846
0.807019
1.00006
1.01731
0.829069
1.00064
0.971063
0.80788
0.662378
0.727347
0.510034
0.922684
0.633317
0.749133
0.940707
0.780402
0.839098
0.798225
0.821373
0.693736
0.950981
0.654938
0.634085
0.806769
1.0008
0.926959
0.759116
0.906305
0.875482
1.05507
1.00041
0.756204
0.996151
0.754551
0.903104
0.775775
0.608876
0.866529
0.665112
1.00073
1.08667
0.609239
1.03958
0.794673
0.889206
0.81234
0.70667
0.825205
1.07041
0.946492
0.698691
0.541536
0.697071
0.902778
0.509596
0.824154
0.612196
0.987592
1.00991
0.970148
0.861872
0.736462
0.543592
0.749819
0.470652
0.628123
0.775246
0.701534
0.611654
1.00072
1.15752
0.583903
0.681837
1.0569
1.00028
0.912968
0.841708
0.622519
0.679222
0.468795
0.63709
0.726978
1.00073
0.859466
0.656771
1.00057
0.606732
1.00047
0.735258
0.716206
0.636918
0.830661
1.00582
0.679035
1.00212
1.0005
0.944788
0.894663
0.939769
0.642509
0.717924
1.00118
1.00047
0.887631
1.00064
0.776862
0.806959
1.08373
0.598944
0.524933
0.655687
