1.0617
1.00058
1.00059
1.00033
1.00068
1.04186
1.00059
1.00032
1.00049
1.03
1.00137
1.00036
1.0003
1.00025
1.00045
1.00079
1.00041
1.00047
1.00144
1.00053
1.02503
1.10887
1.00034
1.0195
1.00041
1.0059
1.00056
1.01619
1.1402
1.0005
1.00025
1.00058
1.00044
1.0006
1.00041
1.00054
1.12793
1.00062
1.0006
1.00092
1.00955
1.04021
1.00041
1.02152
1.151
1.00053
1.13328
1.0004
1.00157
1.00074
1.00272
1.07053
1.00061
1.00037
1.00032
1.00029
1.0341
1.00096
1.00568
1.00042
1.00058
1.00426
1.09677
1.00025
1.00079
1.00091
1.00032
1.00091
1.00025
1.0159
1.01281
1.0002
1.00044
1.00708
1.00031
1.00054
1.00064
1.00068
1.00031
1.0004
1.00032
1.03118
1.0003
1.00306
1.07839
1.00089
1.01632
1.0512
1.00064
1.00059
1.00029
1.00053
1.00042
1.04068
1.00032
1.00043
1.01553
1.00044
1.00086
1.00065
1.02957
1.00051
1.00027
1.00032
1.00027
1.03336
1.00028
1.00034
1.00042
1.00048
1.0006
1.01325
1.00106
1.00045
1.00016
1.01962
1.00054
1.13187
1.00676
1.00156
1.00065
1.0007
1.00058
1.00026
1.00027
1.01493
1.00408
1.00053
1.00033
1.0005
1.0005
1.00046
1.04943
1.04345
1.00835
1.00075
1.00831
1.00931
1.0007
1.00038
1.06212
1.00143
1.0005
1.00122
1.00809
1.0081
1.00078
1.00615
1.00058
1.00068
1.00056
1.00064
1.00055
1.0003
1.02535
1.0004
1.00448
1.00056
1.00527
1.00028
1.00044
1.00034
1.00046
1.00081
1.00721
1.0649
1.00049
1.01088
1.00043
1.00026
1.00033
1.00043
1.04706
1.00039
1.13651
1.00037
1.02353
1.00038
1.1244
1.00058
1.00049
1.04397
1.00034
1.00042
1.04719
1.00091
1.00046
1.00063
1.09355
1.00043
1.00048
1.00061
1.0003
1.00048
1.00051
1.00041
1.00088
1.00032
1.00062
1.00046
1.00612
1.0121
1.00047
1.02126
1.00037
1.02067
1.05481
1.00069
1.02066
1.00045
1.00049
1.39132
1.0007
1.00046
1.00418
1.00057
1.00053
1.00069
1.00064
1.03947
1.02793
1.00089
1.00067
1.05177
1.00014
1.03945
1.00054
1.00498
1.00196
1.00153
1.01849
1.00059
1.0006
1.00071
1.00041
1.00062
1.06498
1.00043
1.00033
1.00055
1.00038
1.00081
1.01318
1.00029
1.00067
1.00057
1.06974
1.0006
1.05207
1.00049
1.02944
1.03181
1.12103
1.00032
1.11042
1.00077
1.01491
1.00047
1.00061
1.00044
1.00039
1.00065
1.00094
1.03614
1.02901
1.00037
1.0431
1.00364
1.00066
1.03271
1.00831
1.00018
1.00038
1.00055
1.15931
1.0005
1.0004
1.02763
1.03204
1.00041
1.00035
1.00059
1.00069
1.08429
1.00034
1.22476
1.00046
1.00028
1.00034
1.0001
1.00292
1.00037
1.00083
1.00084
1.00077
1.01078
1.00036
1.00041
1.00038
1.00044
1.03922
1.02244
1.0004
1.00033
1.00067
1.00068
1.04765
1.0002
1.04464
1.00082
1.00128
1.00029
1.01732
1.00015
1.00048
1.0008
1.00014
1.28038
1.0049
1.19965
1.00026
1.00077
1.00047
1.00064
1.00528
1.3111
1.03808
1.02441
1.00045
1.00039
1.01894
1.0008
1.0304
1.01173
1.07939
1.00067
1.02992
1.00056
1.00021
1.00054
1.00039
1.00063
1.04305
1.00035
1.00058
1.0002
1.01368
1.00053
1.00047
1.0091
1.0003
1.00037
1.06655
1.00085
1.04046
1.06643
1.00054
1.00383
1.12379
1.01615
1.13193
1.00037
1.00038
1.02715
1.00038
1.14795
1.00034
1.00086
1.00031
1.0007
1.00048
1.00034
1.00043
1.00066
1.07923
1.06543
1.1697
1.00074
1.00043
1.12823
1.00022
1.02242
1.00024
1.00061
1.00019
1.0003
1.00562
1.00034
1.00268
1.00079
1.00058
1.00026
1.0006
1.00065
1.00038
1.14625
1.04343
1.0195
1.00039
1.00056
1.08899
1.0002
1.12506
1.1186
1.00032
1.00075
1.00033
1.006
1.00075
1.00141
1.01819
1.00264
1.00059
1.00038
1.08848
1.00043
1.00695
1.00037
1.00837
1.00072
1.01654
1.00057
1.0003
1.00522
1.00018
1.00022
1.00057
1.00861
1.01162
1.00051
1.00059
1.04728
1.00022
1.00036
1.00027
1.00117
1.00054
1.01714
1.00038
1.00029
1.03055
1.00217
1.00044
1.00039
1.00114
1.0052
1.00218
1.04337
1.00059
1.00036
1.0011
1.00094
1.00044
1.05712
1.04116
1.00051
1.00049
1.02711
1.00048
1.01558
1.02185
1.00039
1.00391
1.00036
1.00013
1.00066
1.00059
1.04841
1.00049
1.00051
1.00027
1.01264
1.04772
1.1215
1.0456
1.00107
1.00061
1.00014
1.00054
1.00071
1.00041
1.00587
1.05059
1.00031
1.00686
1.0004
1.01226
1.00054
1.00079
1.01017
1.00025
1.29409
1.02934
1.00024
1.00009
1.0004
1.0023
1.06108
1.00044
1.00143
1.04936
1.02605
1.05354
1.00179
1.00052
1.00047
1.05874
1.0005
1.00059
1.00108
1.02132
1.00116
1.00053
1.00114
1.01045
1.00793
1.04261
1.00058
1.00039
1.0006
1.00037
1.00045
1.00188
1.00057
1.00045
1.03584
1.0013
1.00045
1.00019
1.00041
1.00049
1.00065
1.00083
1.00079
1.15701
1.00684
1.02438
1.00773
1.00078
1.00859
1.0003
1.10137
1.00045
1.01194
1.055
1.00052
1.00054
1.00042
1.00041
1.00051
1.00034
1.00028
1.12284
1.04399
1.00089
1.00099
1.00035
1.00429
1.00025
1.00037
1.00043
1.00046
1.00086
1.00038
1.07433
1.00051
1.0004
1.00054
1.00042
1.0002
1.00443
1.00445
1.02971
1.00073
1.00058
1.00038
1.00065
1.04157
1.00054
1.00098
1.0007
1.00029
1.0004
1.00043
1.00051
1.00049
1.02395
1.00032
1.00044
1.00095
1.00049
1.05419
1.00032
1.00018
1.00043
1.00044
1.00201
1.00049
1.12812
1.00079
1.00027
1.00044
1.00044
1.00043
1.03672
1.00056
1.00024
1.0007
1.00055
1.09201
1.00075
1.07008
1.01885
1.00041
1.00045
1.00038
1.00037
1.00085
1.00124
1.0004
1.02109
1.00358
1.00085
1.00045
1.03686
1.00039
1.00025
1.03673
1.07745
1.00031
1.00316
1.02225
1.00061
1.00037
1.04942
1.00021
1.06306
1.00045
1.00042
1.00038
1.00066
1.02617
1.0826
1.00025
1.0006
1.17154
1.00064
1.0005
1.00682
1.00052
1.00025
1.00042
1.0003
1.03366
1.00066
1.00096
1.00039
1.00027
1.00044
1.00053
1.06665
1.02489
1.03534
1.0005
1.00032
1.0003
1.02797
1.00022
1.06635
1.15042
1.00054
1.0005
1.00041
1.00061
1.00062
1.01374
1.03079
1.00365
1.00115
1.00046
1.04169
1.00042
1.0004
1.00024
1.21356
1.00172
1.00024
1.18034
1.00044
1.00048
1.00158
1.00046
1.02157
1.13432
1.00041
1.00037
1.00046
1.00059
1.00067
1.00052
1.00062
1.00038
1.00075
1.0009
1.01223
1.00026
1.00043
1.00039
1.00023
1.02205
1.00053
1.01675
1.00057
1.00032
1.00072
1.00096
1.00056
1.0181
1.00056
1.00066
1.1306
1.00058
1.00051
1.00061
1.00078
1.00052
1.00452
1.00659
1.00056
1.00041
1.0004
1.0007
1.00263
1.00049
1.00991
1.00062
1.00041
1.00431
1.0004
1.00641
1.03629
1.00533
1.00032
1.05794
1.0116
1.00025
1.00032
1.0006
1.00028
1.00432
1.05061
1.0006
1.00457
1.00826
1.00138
1.01257
1.00031
1.00028
1.00043
1.00045
1.00035
1.00046
1.00035
1.00034
1.00667
1.00047
1.00104
1.00053
1.00036
1.03783
1.00033
1.00945
1.00053
1.03242
1.00075
1.12202
1.00563
1.00137
1.00045
1.00091
1.00024
1.04658
1.00045
1.08171
1.00039
1.00044
1.19678
1.06651
1.00038
1.00085
1.02387
1.00409
1.04535
1.00028
1.1025
1.0904
1.00055
1.00052
1.08975
1.0005
1.0104
1.00101
1.00052
1.00035
1.00077
1.00075
1.00032
1.09626
1.00134
1.00023
1.00926
1.04248
1.00056
1.03752
1.0003
1.00061
1.00021
1.0005
1.00052
1.00059
1.00035
1.00116
1.00039
1.00052
1.00045
1.00028
1.00048
1.00659
1.0008
1.00133
1.00035
1.00019
1.1294
1.00035
1.00033
1.00054
1.00055
1.00007
1.05642
1.01424
1.00062
1.01584
1.00036
1.01724
1.03827
1.00041
1.00035
1.00979
1.0004
1.002
1.00054
1.00064
1.00039
1.00044
1.00024
1.00031
1.0813
1.05687
1.00026
1.00039
1.0007
1.00024
1.0003
1.00073
1.00048
1.00022
1.00089
1.00057
1.00041
1.00031
1.00064
1.0127
1.00044
1.00032
1.00073
1.0003
1.01955
1.00077
1.00076
1.01093
1.00082
1.05836
1.00111
1.00987
1.00079
1.00663
1.00055
1.04674
1.00087
1.0003
1.00059
1.00034
1.00056
1.00058
1.00015
1.00097
1.00042
1.00027
1.00052
1.05613
1.0007
1.00064
1.00044
1.00027
1.00035
1.00041
1.00038
1.00049
1.00487
1.0274
1.17145
1.00144
1.00108
1.04307
1.00023
1.00047
1.00052
1.04959
1.00049
1.00202
1.10926
1.00032
1.00066
1.00024
1.07325
1.00031
1.03289
1.06385
1.14311
1.00048
1.00068
1.0004
1.00036
1.00037
1.00053
1.07121
1.00028
1.06471
1.0004
1.00038
1.00024
1.00025
1.00058
1.00045
1.1485
1.00109
1.32493
1.00058
1.00053
1.00089
1.00021
1.00031
1.10416
1.00029
1.00065
1.01282
1.00041
1.09002
1.00037
1.00048
1.00068
1.08887
1.00086
1.00072
1.0004
1.07418
1.00045
1.00465
1.00056
1.0006
1.00073
1.00059
1.00158
1.00028
1.00844
1.00027
1.00081
1.00027
1.00036
1.00042
1.01094
1.0002
1.03883
1.01247
1.00045
1.00061
1.00044
1.0713
1.00075
1.0218
1.00035
1.00031
1.00542
1.15469
1.01361
1.00053
1.00036
1.30417
1.08154
1.00038
0.977614
1.00058
1.00059
0.745478
0.694103
1.0497
0.648956
0.627049
1.00049
0.986891
0.826669
0.629409
0.636193
0.832212
0.803523
0.919105
0.702513
0.864017
1.10169
0.610387
1.02503
0.895132
0.922461
1.0195
0.664879
0.981621
0.660012
0.736246
1.1402
0.898598
1.00025
0.590244
0.912245
0.959795
0.926998
0.756234
1.12793
1.03186
0.633804
0.99318
0.748901
0.853541
0.869107
0.723221
1.12781
0.56226
1.13328
0.842839
0.898504
0.654861
0.641883
0.777209
0.720757
0.815213
1.00032
0.966849
1.0341
0.881332
0.952299
1.03758
0.799699
1.01349
0.925783
0.525777
0.821838
0.983256
0.633804
1.00091
0.443193
0.609823
0.713426
0.647192
0.961341
0.557282
0.891371
0.998085
0.958584
0.607618
0.820689
0.686638
0.713772
0.940315
0.468803
0.511898
0.943733
0.849908
0.772627
0.911797
0.745857
0.99008
0.650579
1.00053
0.674655
0.70355
0.771541
0.990632
0.371563
0.967272
1.00086
0.709136
0.787598
0.973876
0.79691
0.775701
0.541468
0.630575
1.01253
0.665632
1.032
0.882092
0.665739
1.01325
0.500791
0.760029
0.761848
0.877066
1.00054
1.13187
1.00676
0.490873
0.638171
0.840769
1.00058
1.00026
0.604509
1.01493
0.749907
0.629786
0.9619
0.845964
1.03138
1.00046
0.769981
0.925732
1.00835
1.00075
0.553505
0.764653
0.745448
0.93458
0.766951
0.689578
1.0005
1.06334
1.00809
0.910943
0.849769
0.742251
0.840127
1.00068
0.914783
0.51296
0.648407
0.926959
0.438851
0.72993
0.99622
0.50572
0.951677
0.752625
1.00066
0.873806
0.591951
0.979579
0.835144
0.970565
0.658077
0.990539
1.04539
0.864616
0.529536
1.00043
0.921606
0.999279
0.684565
0.632072
0.923089
1.00011
0.70744
0.743445
0.849716
0.580223
1.00034
0.77094
0.596827
0.590555
0.955015
0.554274
0.934225
0.787578
0.825624
0.740915
0.625952
0.842903
0.674668
0.701939
0.739275
0.856292
1.00062
1.04646
1.01087
0.68342
1.03604
0.542434
1.02892
0.939108
0.697481
0.62317
1.1687
0.968396
0.794098
1.39132
1.0007
0.91911
0.631497
1.11456
0.567589
0.845934
0.699626
0.848888
0.974552
0.693679
1.00067
0.711628
0.889495
1.08901
0.441327
1.00498
0.98818
0.931281
0.830464
0.885704
0.645645
0.493195
0.921729
0.431858
1.06284
0.704795
0.783692
1.00055
0.592851
1.09449
0.967395
0.865286
0.752697
0.759852
1.06974
0.9667
1.05207
0.777509
0.780223
0.815119
0.378738
0.651423
1.11835
0.571732
0.750839
0.716525
0.709586
0.92352
1.00039
0.658353
1.14989
0.513027
0.704254
0.775297
1.0431
1.00364
0.78294
0.695664
0.821353
0.532214
0.770398
0.848296
1.13232
0.733399
1.0004
0.922939
0.78016
1.05194
1.03392
0.651428
0.910568
0.864351
0.775423
1.22476
1.04506
0.979999
0.819006
0.412779
0.516635
0.751177
0.949863
0.488333
0.77206
1.1122
1.00036
0.736484
0.632503
0.971314
0.70893
0.675754
0.953956
0.875156
0.966202
0.802538
0.983819
0.652439
0.840533
0.956204
0.780978
0.712212
0.85
0.868506
0.660038
0.847777
0.692464
1.23023
0.693934
0.896348
0.776513
0.981981
0.932354
0.541152
0.860685
1.3111
0.807
0.807986
0.919562
0.974496
0.650879
1.0008
0.568868
1.01173
0.855029
0.567615
1.02992
0.732741
0.546042
0.983147
0.457593
0.901247
0.890237
0.809077
1.00058
0.959978
1.01368
0.856044
0.784457
0.687978
0.92006
0.88263
0.993347
0.761436
0.802605
0.565051
0.675531
1.01849
1.02822
0.765857
0.956341
1.00037
0.691428
1.02715
0.804321
1.14795
0.821817
0.880649
0.48847
0.724734
0.497473
0.832955
0.912916
0.689052
0.720268
1.06543
1.10089
1.00074
1.00043
1.11318
0.701557
0.802548
0.891468
1.00061
0.634582
1.06581
0.710748
0.829042
0.732573
1.13576
0.52299
0.701455
0.638202
0.582769
1.00038
1.029
0.831166
0.638745
0.521407
0.724036
1.08899
0.670825
0.950058
1.1148
1.00032
0.641156
0.659974
0.861133
0.80724
1.00141
0.686587
0.650652
0.974438
0.774357
1.01585
0.75366
1.08366
0.604151
0.802078
0.826536
1.01654
0.934693
0.772919
0.886433
0.863644
0.750801
0.815774
0.992148
1.01162
0.758528
1.00059
0.9552
0.742393
0.617895
1.00027
0.978966
0.863074
1.01714
0.559971
0.94377
1.00822
1.00217
0.548954
0.532702
0.879952
1.0052
1.00218
1.01853
0.844805
0.81055
0.405218
0.454311
0.831369
1.05712
0.802034
0.601569
0.71425
0.731081
0.584129
1.01558
0.588353
0.661425
0.860464
0.577941
0.870554
0.974743
0.808812
1.04841
0.662288
0.768145
0.717603
1.01264
1.04772
1.00755
0.812298
0.724341
0.835164
0.743306
0.707096
0.762065
0.714366
0.580847
0.602588
0.852232
0.96954
0.951877
1.01226
0.649822
0.92259
1.01017
0.993823
1.29409
1.02934
0.887002
0.686009
0.792172
0.857282
0.804052
0.790302
1.00143
0.843417
0.895435
0.918424
0.807977
0.744084
0.587023
0.964346
0.607067
0.864767
0.70842
0.921605
1.00116
0.943553
0.453457
0.556867
0.903121
1.04261
0.55887
0.794655
0.9121
0.962367
0.857769
0.655836
0.719368
0.825598
0.626725
1.02222
1.00045
0.979923
0.66051
0.67034
0.830211
1.00083
0.998165
1.15701
1.00684
0.801095
0.717797
0.575149
1.00859
0.693779
1.10137
0.574916
0.819446
0.961304
0.860775
0.868437
0.828113
0.61074
1.04965
0.556597
0.45651
1.12284
1.04399
0.745883
1.03601
0.554053
0.426928
0.61127
0.654669
0.96122
0.561399
1.00086
0.703643
0.903862
0.709106
0.695866
1.10387
0.741034
0.742018
1.00443
1.00445
0.830542
1.03167
0.852526
0.926898
0.927739
0.926442
0.797527
0.952929
0.850931
0.742935
0.798153
0.682082
0.813035
0.83287
0.922544
0.765931
0.826637
0.795745
1.00049
0.653841
1.04533
0.492299
0.640047
1.00044
1.00201
0.927102
1.12812
1.00079
0.773522
0.888993
0.811039
0.895592
1.02515
0.745391
0.717053
0.633557
0.88194
0.853761
1.06482
0.731464
1.01885
0.817053
0.540748
1.00038
0.731494
0.998051
1.00124
0.754051
0.60911
1.00927
0.905816
1.00045
0.995146
0.652478
0.643732
1.02453
0.940763
0.897934
1.00316
0.995163
0.965559
0.722614
1.03978
0.747327
1.11405
0.699298
0.773642
1.00038
0.812024
0.787675
0.82667
0.467669
1.0006
1.13324
0.609649
0.658454
1.00682
0.730157
0.756535
1.00042
0.685281
0.783641
1.00066
0.733204
0.729642
0.587741
0.525017
0.641123
1.01656
0.676608
0.771538
0.749391
1.00032
0.584944
0.730762
1.03357
1.06635
1.08729
0.979935
0.606585
1.00041
0.866027
0.897001
0.971418
1.03079
0.674738
0.616588
0.768347
0.729619
0.769766
0.605783
0.625968
1.22447
0.747873
0.892572
0.755737
0.600573
0.755086
1.00158
0.716634
0.561169
0.810187
0.587491
0.947643
0.945703
1.08022
0.710978
0.606576
0.708582
1.00038
0.77082
1.0009
0.995448
0.630646
0.592016
0.379125
0.498334
1.02205
0.766483
0.866514
0.758989
0.618487
1.00072
0.747484
0.657547
0.58769
0.866783
0.899299
1.1306
0.790649
0.810313
0.817917
0.82488
0.920064
0.682999
0.960256
0.770242
0.721925
1.0004
0.850016
0.661091
0.879746
0.469891
0.698742
0.879164
0.68614
0.698551
0.973789
0.641803
0.9556
0.795891
0.686451
1.0116
0.844348
0.715033
0.751772
0.940256
1.00432
0.759556
1.0006
0.885456
0.929731
1.00138
0.988662
0.672818
0.746082
0.509729
0.594661
0.80688
0.844805
0.68251
0.630357
0.803902
1.00047
0.982159
0.841937
0.62617
0.706138
0.729834
0.921172
1.07255
0.707383
0.578254
0.807214
1.08709
0.398205
0.701556
1.00091
0.842912
0.667467
0.529546
1.08171
0.740439
0.687164
0.748191
1.11146
1.00038
0.547492
0.646354
0.8779
0.804325
0.727535
1.11009
0.95949
0.793181
0.819081
0.675158
1.03613
0.693163
0.815954
0.889872
0.610412
0.993329
0.827392
1.00494
0.985635
0.564746
0.546958
0.773324
0.642948
1.08452
0.89823
0.56695
0.767728
0.965763
0.591004
1.00052
1.01105
0.908629
0.759159
0.695023
0.636781
0.987948
1.00028
0.571667
0.957849
0.655343
0.61362
0.465336
0.913033
1.1294
0.715
1.00033
0.665778
0.562675
0.615762
0.92097
1.01424
0.668112
0.645615
0.77251
0.775287
0.627787
0.805321
0.80053
0.632672
0.73154
1.002
0.727883
0.846582
0.667354
1.00044
0.730715
0.587966
1.05702
1.05687
0.766621
0.531234
1.0007
0.590911
0.668462
1.00073
0.70733
0.902414
1.00089
0.702979
0.704618
0.682565
0.651864
0.718836
0.945516
0.835236
0.783495
0.940881
0.913535
0.58247
0.988474
0.658076
0.681371
0.920553
1.05532
0.893683
0.935551
1.12206
0.94686
0.777867
0.770994
0.869372
0.742928
0.86668
0.805942
0.560342
0.557796
1.00097
0.747751
0.563674
0.718411
0.730261
0.380031
1.00064
0.723138
0.83601
0.725271
1.06006
0.540815
0.785158
0.877186
0.809535
0.755719
0.680947
0.622099
1.01923
0.88857
0.735304
0.869084
0.934589
1.00049
0.555727
1.10926
0.747816
0.996947
0.742534
0.819282
0.628275
1.02993
0.784496
1.14311
0.594535
0.835189
0.896379
0.491988
1.04273
0.948521
0.864827
0.735799
0.669653
0.599221
0.594126
0.68242
0.721449
0.472403
0.775671
0.868512
1.00109
1.00349
0.714476
0.697297
0.89235
0.493097
0.550549
1.07857
0.728268
0.918468
0.592034
0.876056
0.845212
0.595685
0.946027
0.740561
0.870024
0.80939
0.599884
0.697573
1.07418
0.999551
0.95525
0.582644
0.645716
0.903482
0.960195
0.524763
0.743289
0.937702
0.90131
0.758198
0.765837
0.602636
0.65199
0.903102
0.788956
1.03883
0.622836
1.00045
1.00061
0.920744
1.0713
0.71536
0.623569
0.960211
0.811919
0.959823
0.915701
0.73971
0.638277
0.976151
1.30417
0.998768
1.00038
