1.00042
1.00044
1.0005
1.00809
1.00988
1.01409
1.0005
1.00038
1.00045
1.00044
1.04838
1.00226
1.018
1.00032
1.00061
1.00032
1.03246
1.11301
1.02952
1.00039
1.00024
1.00067
1.11151
1.00041
1.00053
1.00029
1.00043
1.13468
1.00059
1.00419
1.00046
1.01266
1.03175
1.00022
1.00038
1.0004
1.00039
1.0813
1.00036
1.0004
1.00037
1.00051
1.02772
1.00965
1.00053
1.00027
1.04334
1.0003
1.02326
1.0006
1.0002
1.00047
1.00042
1.02353
1.01223
1.00038
1.0002
1.00844
1.00043
1.06806
1.04811
1.00049
1.00342
1.00034
1.00067
1.00034
1.00029
1.03511
1.01297
1.00029
1.00024
1.15488
1.00033
1.00043
1.00929
1.00059
1.00586
1.03338
1.00039
1.00029
1.00031
1.00024
1.0006
1.00032
1.00529
1.00034
1.00045
1.0004
1.0738
1.00797
1.00017
1.00027
1.00044
1.04931
1.00028
1.00037
1.00027
1.00032
1.00725
1.00037
1.00045
1.00041
1.12967
1.00032
1.00028
1.00318
1.00062
1.00048
1.0004
1.00052
1.0028
1.08461
1.0035
1.00052
1.07483
1.00043
1.00038
1.04464
1.0003
1.00042
1.00049
1.00457
1.09693
1.008
1.00839
1.00022
1.00029
1.00025
1.00054
1.00172
1.00035
1.05743
1.00038
1.05717
1.01374
1.00031
1.01874
1.00072
1.00198
1.0003
1.06317
1.00056
1.00038
1.00034
1.03915
1.00041
1.00023
1.0742
1.00049
1.03556
1.00042
1.00027
1.0203
1.03584
1.03762
1.00695
1.00045
1.01512
1.00658
1.00042
1.00038
1.14292
1.00033
1.00018
1.00397
1.0003
1.00051
1.00047
1.00034
1.00041
1.04501
1.00031
1.00054
1.00025
1.00045
1.00025
1.00099
1.00189
1.17504
1.00042
1.00038
1.00109
1.00053
1.00851
1.00032
1.14437
1.00068
1.00134
1.0223
1.00024
1.00044
1.07535
1.00026
1.00025
1.0004
1.00028
1.00402
1.051
1.00044
1.0012
1.07407
1.01241
1.00051
1.00014
1.00064
1.0003
1.00025
1.06886
1.00029
1.00582
1.00035
1.0004
1.00031
1.00052
1.00037
1.09118
1.00046
1.00042
1.0233
1.04116
1.00048
1.00058
1.00035
1.0565
1.00031
1.00053
1.0404
1.00035
1.00025
1.03734
1.02195
1.0676
1.02694
1.00053
1.00033
1.0004
1.04794
1.00014
1.03764
1.00125
1.00038
1.00054
1.03147
1.00028
1.00032
1.01005
1.09082
1.00034
1.02168
1.04391
1.05986
1.0576
1.12404
1.00041
1.11787
1.00043
1.00033
1.0304
1.007
1.00034
1.00038
1.00021
1.18464
1.00355
1.00047
1.00121
1.00066
1.42482
1.00024
1.0004
1.00043
1.0002
1.00045
1.00037
1.00665
1.00047
1.00026
1.0003
1.08458
1.0349
1.00038
1.00045
1.00045
1.04667
1.00023
1.00073
1.00059
1.00039
1.00851
1.00033
1.00042
1.10672
1.01721
1.11025
1.00036
1.04019
1.00026
1.04694
1.00014
1.00041
1.00203
1.00046
1.00041
1.00424
1.00049
1.00035
1.00041
1.00153
1.00076
1.00031
1.01263
1.00032
1.00056
1.00573
1.07019
1.00066
1.00066
1.03771
1.06818
1.00087
1.00029
1.00036
1.07052
1.00066
1.00087
1.00036
1.03925
1.07537
1.00023
1.0003
1.08672
1.00031
1.00039
1.00032
1.00093
1.07243
1.00024
1.00035
1.00039
1.00042
1.00034
1.00063
1.003
1.00041
1.0002
1.00023
1.01085
1.00046
1.0455
1.02726
1.00021
1.00054
1.0005
1.00032
1.00041
1.3053
1.05041
1.00064
1.00411
1.05231
1.00018
1.08863
1.00042
1.00064
1.00709
1.00248
1.00039
1.00036
1.00024
1.0003
1.00038
1.00988
1.00044
1.01018
1.00235
1.00045
1.00042
1.00018
1.00025
1.00028
1.00022
1.38901
1.00054
1.01748
1.00116
1.06968
1.0005
1.00058
1.13667
1.00045
1.00062
1.0019
1.00034
1.00051
1.00037
1.00161
1.00042
1.07588
1.01001
1.00045
1.02769
1.00043
1.00029
1.04936
1.03505
1.00025
1.08148
1.01536
1.01537
1.00496
1.0738
1.08605
1.00992
1.00041
1.00051
1.00039
1.00047
1.00696
1.00034
1.01383
1.10463
1.0003
1.00043
1.07358
1.00049
1.00037
1.00034
1.00186
1.00028
1.08195
1.00119
1.00053
1.00043
1.01969
1.00036
1.00072
1.00028
1.0051
1.00041
1.04441
1.00047
1.12298
1.00048
1.00035
1.00049
1.00056
1.09862
1.001
1.00024
1.00028
1.00045
1.03397
1.1102
1.00034
1.03575
1.00062
1.00036
1.00048
1.00035
1.00044
1.00054
1.12543
1.00053
1.00028
1.00043
1.00194
1.00047
1.06006
1.05032
1.00047
1.00034
1.00639
1.00029
1.00029
1.00056
1.0006
1.00058
1.00038
1.00722
1.01282
1.0001
1.00125
1.00138
1.0162
1.00462
1.064
1.00607
1.02766
1.03563
1.00039
1.00026
1.03977
1.00051
1.00027
1.00049
1.03874
1.00049
1.00031
1.0004
1.0396
1.13626
1.00041
1.00034
1.00026
1.00052
1.00055
1.12598
1.02481
1.00045
1.00055
1.00023
1.00019
1.00038
1.00035
1.0003
1.09071
1.00064
1.00037
1.00034
1.00042
1.01272
1.00072
1.19107
1.00042
1.07153
1.00066
1.0003
1.00046
1.00041
1.00889
1.06203
1.00026
1.05946
1.00035
1.00031
1.00037
1.00037
1.00021
1.00054
1.0007
1.00031
1.00032
1.00037
1.00043
1.01671
1.01262
1.00041
1.0005
1.00066
1.00033
1.00048
1.00673
1.00044
1.00046
1.00069
1.00046
1.00025
1.04971
1.11904
1.00035
1.12325
1.00049
1.00034
1.05365
1.00037
1.04605
1.00039
1.09572
1.05259
1.00032
1.00025
1.00426
1.00511
1.01566
1.00029
1.00072
1.07836
1.00057
1.00051
1.07724
1.03244
1.00059
1.00038
1.00072
1.0006
1.00027
1.00075
1.08228
1.00024
1.0004
1.00034
1.00032
1.00126
1.00388
1.00058
1.00044
1.09168
1.05635
1.04479
1.00042
1.02725
1.00043
1.00031
1.00064
1.00293
1.00044
1.00034
1.00048
1.00034
1.00057
1.0003
1.00339
1.07232
1.01686
1.14315
1.00039
1.00031
1.05014
1.00026
1.00031
1.00042
1.00146
1.00046
1.01196
1.00068
1.0152
1.00027
1.0237
1.16264
1.02969
1.00034
1.04518
1.00027
1.0003
1.05227
1.00037
1.00021
1.0116
1.00035
1.05738
1.05515
1.00039
1.0073
1.00033
1.01784
1.06875
1.00057
1.0005
1.00268
1.07054
1.00026
1.00035
1.00037
1.00032
1.00037
1.02362
1.00044
1.00048
1.00019
1.00043
1.07585
1.0021
1.00033
1.0755
1.00052
1.06652
1.00042
1.02181
1.03713
1.016
1.00043
1.00037
1.00057
1.00033
1.05392
1.00076
1.00036
1.00268
1.00029
1.0514
1.00027
1.00335
1.08618
1.00058
1.00966
1.00064
1.10236
1.00044
1.00052
1.00705
1.00017
1.02563
1.02159
1.00029
1.00031
1.0006
1.00042
1.04408
1.00021
1.01344
1.00943
1.00031
1.00548
1.00038
1.00484
1.00026
1.02174
1.07312
1.05277
1.0774
1.04853
1.00039
1.01284
1.00044
1.07113
1.02387
1.00802
1.00039
1.0005
1.00041
1.00039
1.00639
1.00028
1.00092
1.01935
1.00025
1.00034
1.00038
1.00099
1.00862
1.00035
1.00027
1.18784
1.00497
1.00102
1.00033
1.0005
1.00025
1.01616
1.00021
1.00071
1.00046
1.00326
1.00074
1.00025
1.00105
1.00036
1.00039
1.00094
1.00132
1.04219
1.00049
1.0023
1.00041
1.00072
1.00027
1.0006
1.00057
1.00039
1.00237
1.00031
1.00036
1.0754
1.0077
1.03004
1.00034
1.00323
1.00045
1.00039
1.00026
1.00027
1.00027
1.08347
1.00377
1.00827
1.0029
1.00048
1.0004
1.05238
1.00054
1.00052
1.05733
1.00076
1.00024
1.0003
1.00037
1.00042
1.05765
1.00035
1.01696
1.00041
1.00062
1.08439
1.04394
1.00026
1.13026
1.00024
1.11187
1.00033
1.00083
1.00311
1.00043
1.00057
1.00045
1.00028
1.00963
1.01807
1.00032
1.11203
1.00026
1.00028
1.00134
1.00017
1.00043
1.07656
1.08394
1.00036
1.01883
1.04223
1.0149
1.00027
1.03847
1.00258
1.00098
1.05931
1.01228
1.00034
1.00078
1.00043
1.01586
1.00019
1.00045
1.00307
1.00036
1.00043
1.00035
1.04101
1.01234
1.01439
1.00827
1.13989
1.06267
1.00875
1.00042
1.08401
1.00055
1.00043
1.00034
1.00049
1.00022
1.00022
1.00031
1.00203
1.06248
1.00044
1.00026
1.00055
1.0002
1.00042
1.00036
1.00079
1.18033
1.00384
1.02457
1.00035
1.00041
1.00065
1.00042
1.0005
1.00023
1.00037
1.0011
1.01645
1.01402
1.0003
1.00038
1.00074
1.00041
1.03921
1.0191
1.00046
1.00062
1.00054
1.00071
1.00044
1.00026
1.00041
1.0004
1.02765
1.02215
1.17523
1.00031
1.00066
1.016
1.00489
1.00032
1.00028
1.00048
1.00026
1.00039
1.00057
1.0006
1.00548
1.0837
1.00037
1.00174
1.01389
1.00044
1.05709
1.01564
1.00053
1.03792
1.00663
1.00058
1.0003
1.00023
1.00021
1.00033
1.06927
1.00821
1.00121
1.0007
1.00234
1.00034
1.0003
1.03218
1.00149
1.00029
1.0004
1.00032
1.03786
1.03222
1.03037
1.00002
1.00047
1.00042
1.00032
1.12232
1.00372
1.00047
1.00034
1.06137
1.00114
1.00114
1.00032
1.00038
1.00049
1.08605
1.0009
1.08581
1.00034
1.00032
1.00049
1.00046
1.09745
1.03947
1.00022
1.00048
1.00247
1.00022
1.00077
1.0003
1.00042
1.27001
1.0003
1.01615
1.00039
1.03027
1.00046
1.03875
1.00026
1.00047
1.0008
1.00043
1.00354
1.00024
1.00046
1.06056
1.00064
1.06106
1.00248
1.00063
1.00041
1.04042
1.00031
1.09512
1.04825
1.00037
1.00065
1.00055
1.17184
1.00035
1.00041
1.00378
1.00027
1.00036
1.07207
1.00023
1.12173
1.00042
0.763264
0.611042
0.986303
0.983284
0.785379
0.955074
1.0005
1.00038
1.00045
1.12051
0.897319
0.635094
0.796648
0.906032
0.775673
0.827938
1.00228
1.11301
0.711588
0.619564
0.908953
1.00067
1.11151
0.761534
0.880492
1.01371
0.993161
0.801901
1.00059
0.561569
0.573845
0.97492
0.639997
0.980228
0.888758
0.864777
0.999116
0.890647
0.786804
0.728014
0.791763
0.549998
1.12612
0.877305
0.775693
0.982368
0.87424
0.788526
0.961706
0.738256
0.511245
0.733251
0.758597
1.02353
1.04157
0.564395
0.713572
0.611035
1.07574
0.943682
0.886985
0.786233
1.00342
1.00079
1.00067
0.724031
1.00029
0.849294
0.693443
0.738174
0.719269
0.878013
0.685515
0.660897
0.894162
0.88675
1.01136
0.53233
0.449515
0.692118
0.772531
0.813772
0.899078
0.729705
0.732518
1.00034
0.90552
0.657522
0.735094
0.928875
0.992171
1.01473
0.966938
0.86176
0.91045
0.708896
0.35018
0.862528
0.839952
0.556442
0.621288
0.700171
1.12967
1.07162
0.902733
0.97429
0.985296
0.903579
0.77077
0.813016
0.777413
1.0773
1.01457
0.915218
0.846293
0.626583
0.649933
1.04464
1.0003
0.656587
1.07582
0.57052
1.03637
0.807911
0.824097
0.556565
0.916434
1.00025
1.00054
0.955334
0.511539
0.925809
0.614528
1.093
0.984809
0.622638
0.516495
0.859408
0.749539
0.8615
1.06317
0.897567
0.767117
0.795229
0.683272
0.762791
0.906936
1.0742
0.965203
0.802775
0.999623
0.855538
0.842691
0.742387
0.945716
1.00695
0.764236
1.01512
1.00658
0.636848
0.767749
1.14292
0.537121
0.847834
0.934583
0.580502
0.770864
0.8743
0.768815
0.988257
0.815844
0.441617
0.597967
0.761924
0.719736
0.823032
0.924612
0.936847
0.791089
0.579433
0.79267
0.710908
0.792222
0.893086
0.573732
0.950587
0.563411
0.486923
0.738329
0.712612
1.00044
0.737298
0.772978
0.642761
0.856532
0.814517
0.672268
0.896885
0.623933
0.948479
1.0676
1.01241
0.557342
0.817949
0.54803
0.793851
0.780019
1.06886
0.732592
1.02372
1.0665
1.05888
0.671754
0.867817
0.709734
1.09118
1.006
0.732154
1.0814
0.865949
0.89207
0.90745
1.07015
0.797735
0.694296
0.879197
1.0404
0.849938
0.824123
0.722471
0.630335
0.982007
0.589612
0.8375
0.831271
0.629928
0.965104
0.655129
0.857192
0.683253
0.980057
0.968993
0.996793
0.851018
0.739882
0.926812
1.09956
0.684218
0.742956
1.02773
0.833067
0.985462
0.805211
0.654561
0.658441
0.998588
0.882919
0.815423
0.417107
0.877533
0.867557
0.826978
1.18464
0.972876
0.989272
1.00476
0.666402
1.42482
1.0035
0.747046
0.772701
0.881857
1.00045
0.86275
0.86034
1.00587
1.00026
0.940908
0.822888
0.602524
0.932758
1.01159
1.04309
1.07895
0.603643
1.00073
0.880067
0.621228
0.654739
0.877017
0.951056
0.791231
0.834921
0.831903
1.0678
0.982146
1.00026
0.702644
0.687115
0.795257
0.767924
0.898455
0.999802
0.760501
0.537509
0.692815
0.730201
0.692464
0.494091
0.685114
0.989496
0.762735
0.988889
0.932228
1.07019
0.958247
1.06657
0.653668
1.04316
0.827559
0.820679
0.778556
0.635275
0.711037
1.00087
0.57777
0.702494
0.717895
0.913909
1.0003
1.06536
0.853554
0.98691
0.678682
0.886808
0.981882
0.789568
0.894237
0.608988
0.876095
0.754592
0.565058
0.61008
0.716025
0.782667
0.815191
0.978622
0.811404
0.70754
0.621293
0.921911
0.690386
0.630592
0.865574
0.822505
1.3053
0.611587
0.688877
1.00411
1.05231
0.96517
1.02441
0.598919
1.00064
1.00709
0.705584
0.8119
0.936629
0.831677
1.0116
0.684556
0.871291
0.703561
0.940994
0.728678
0.679641
0.794772
0.687372
0.50445
0.708192
0.767364
1.38901
0.673356
0.767014
0.736295
0.890483
0.583186
0.545172
1.13667
0.863835
1.00062
0.77842
0.755957
1.00051
0.6876
0.935238
0.895917
1.07588
0.746439
0.899372
0.79774
0.717926
0.540564
0.736657
0.768003
0.600227
0.719838
0.965553
0.744925
0.943892
0.702278
1.08605
0.678355
0.702868
0.92505
0.869113
1.00429
1.00696
0.819801
0.998397
0.78405
0.77636
0.784451
1.07358
0.698378
1.00037
0.799893
1.00186
0.747584
0.717942
0.75994
1.01646
1.00043
0.787572
0.748566
0.939079
0.750365
0.748539
0.629188
0.808836
1.03235
1.12338
1.00824
0.978142
0.889435
0.624636
1.09862
0.931674
0.88223
0.90688
0.780819
0.884219
1.09107
0.735823
0.784183
0.883596
0.977296
0.653897
0.752387
1.00044
1.07026
1.12543
0.749549
0.759939
1.00043
0.755192
1.15434
1.06006
0.583773
0.797472
0.754501
1.00476
1.00029
0.610573
0.770597
0.921416
0.664745
0.626364
0.766923
0.816627
1.03104
1.00125
0.8
1.00533
1.00462
0.836736
1.00607
0.7774
0.832336
0.833781
0.625244
0.901292
0.882353
0.945134
0.711813
0.934837
0.707558
0.753846
0.975137
0.700637
0.77178
0.439819
1.04571
0.643648
1.00105
0.832617
1.12598
0.817353
1.00045
0.553596
0.529889
0.652958
0.975938
0.703461
0.722613
0.837518
0.719361
0.831775
0.921641
0.722017
1.03376
0.998222
1.19107
0.663347
0.738767
0.988266
1.0003
0.784055
0.872435
1.00889
0.72124
0.63264
1.05946
0.649295
0.74302
0.787177
0.819611
0.858096
0.891104
0.793519
0.560821
0.693623
0.565685
0.940104
0.595362
1.01262
0.659109
0.96636
0.663685
0.607516
0.951205
1.00673
0.737593
0.737422
0.808958
0.869909
0.612718
0.775081
1.11904
0.891395
1.12325
0.906458
0.678711
0.733744
0.645967
0.962278
0.95932
1.09572
0.776771
0.812068
0.73236
0.787155
0.970367
0.862408
0.546318
1.01321
1.04371
0.924106
1.04287
1.04706
0.687078
0.96139
0.773324
0.640688
0.817557
0.88072
0.533388
0.921936
0.648623
0.819011
0.79441
0.990964
0.775578
0.970376
0.994756
0.846776
0.709891
1.00841
0.922199
0.860982
0.940312
1.03235
1.02459
0.665607
0.524116
0.891554
0.850671
0.771479
0.689173
0.565798
0.874964
0.606751
1.07232
0.63359
1.14315
0.806566
0.553209
0.827087
0.838644
0.766112
0.762888
0.962059
0.709866
1.01196
0.591483
0.776946
1.00027
0.847739
0.765828
0.524972
0.879405
1.00419
0.545735
0.547631
0.745153
0.790503
0.986365
0.628954
0.655109
0.964553
0.795885
0.726695
0.882579
0.777979
0.970505
1.01869
0.635994
1.04957
0.955609
0.910792
1.19379
0.535044
0.78125
0.709847
1.00037
0.650461
0.819648
0.830919
0.641987
1.00879
1.02523
0.659825
0.820598
1.0755
0.948613
0.928233
0.95862
0.912206
0.994175
0.831074
0.71437
1.00037
0.929348
0.92477
0.811985
0.845309
1.04533
0.875984
0.79448
1.0514
0.722583
0.557012
0.544359
1.00058
0.444434
1.00064
1.10236
0.849021
0.962166
0.750357
0.798172
0.652515
0.906653
0.758958
0.462611
1.00348
0.899962
0.810047
0.91407
1.01344
0.583008
0.750043
0.999375
0.701447
1.00484
0.810741
0.70902
0.837952
0.872709
0.733715
0.905138
0.668658
0.615724
0.843856
1.08099
0.833774
0.964779
0.791029
0.673254
0.733019
0.87595
0.710784
0.478521
0.94183
0.86901
0.650833
0.687844
1.00038
0.946377
0.93252
0.646855
0.673404
0.706336
0.746257
0.445224
0.844622
0.737518
0.772444
0.698406
0.693874
0.748085
1.12016
0.895187
0.808839
0.992641
1.00105
0.760465
0.701104
1.00094
0.927219
0.798469
0.829245
0.708329
0.848494
0.663042
0.604277
0.999809
0.873261
1.00039
0.649016
1.04007
0.686769
0.763096
1.0077
0.891764
0.692722
0.586844
0.686133
0.812583
0.656481
1.00027
1.02101
0.794055
0.976724
0.924817
0.471424
0.986917
0.79808
0.609837
0.480177
0.76189
0.738459
0.71531
1.00024
0.761966
1.11494
0.746287
0.992148
0.554763
0.93896
0.814043
0.668195
1.08439
0.703243
0.907253
1.13026
0.688736
0.720334
0.890356
1.00083
0.956836
0.862584
0.695205
0.650798
0.781665
0.770846
1.05907
0.682985
1.11335
0.905742
0.553456
0.791974
0.532849
0.936353
1.07656
1.08394
0.732226
0.605329
0.808488
0.617769
0.666326
0.726966
1.0231
0.995713
1.05931
0.701839
0.704591
0.580243
0.852751
0.894995
0.568975
0.660733
0.797036
0.748087
1.00043
0.769993
0.635943
0.988876
0.942468
0.535498
1.11224
0.951398
0.921331
0.88848
1.0679
0.69683
0.565534
0.730951
0.762263
0.698875
0.713112
1.0094
0.938973
1.00205
0.665305
1.00026
1.00055
0.987038
0.710705
0.914128
1.00501
0.928983
0.644839
0.452353
0.802506
0.804267
0.761075
0.648405
0.715013
1.02496
0.950776
0.71675
0.652156
0.946289
1.0003
0.502874
0.75856
0.847533
0.795095
0.616968
0.74621
1.04473
1.00331
0.954249
0.62828
0.721393
0.963973
0.775205
0.676459
0.593125
1.17523
0.86716
0.911887
0.869456
1.00517
0.863687
0.830373
0.564608
0.913956
0.886065
0.679539
0.924865
0.61899
0.864751
0.712544
0.76724
0.937304
0.817029
0.962892
0.968491
0.596234
0.766294
0.688241
0.634196
0.602177
0.82325
0.695742
0.816314
0.827966
1.00564
0.998733
0.549873
1.01283
1.00034
0.701138
0.85221
1.14875
0.909727
0.732826
0.976463
0.994176
0.623379
0.967816
1.00002
0.637744
0.849806
0.70483
0.858159
0.881386
0.882569
0.75913
1.10283
0.841601
0.729813
1.04735
0.539754
0.889783
1.05464
0.812039
1.08581
0.986958
0.719767
0.771412
0.846717
0.887052
0.724632
0.854154
0.64238
0.670422
0.739735
0.776313
0.579553
0.967354
1.27001
0.749191
0.584622
0.811127
0.709695
0.867416
1.03875
0.666454
0.926958
1.0246
0.89449
1.00354
1.00106
0.749844
0.993037
1.01298
0.867758
0.841355
0.932132
0.980896
1.02681
0.606278
1.03705
0.719804
0.517688
0.453106
0.726652
0.922331
0.757538
0.568642
1.00969
0.8056
0.684658
1.07047
0.729511
1.11923
0.748858
