1.10234
1.00047
1.00087
1.00035
1.00036
1.00028
1.00383
1.00038
1.00361
1.10897
1.00545
1.09727
1.00034
1.00035
1.00027
1.03398
1.0005
1.0004
1.00339
1.00753
1.00039
1.01393
1.00155
1.01696
1.00027
1.00025
1.00026
1.03304
1.21577
1.01627
1.00036
1.00045
1.01137
1.00027
1.04625
1.00058
1.00031
1.04837
1.0003
1.00018
1.00547
1.00025
1.01008
1.18115
1.01769
1.00032
1.00076
1.04831
1.00031
1.0004
1.00091
1.01386
1.00049
1.00998
1.07082
1.00023
1.00576
1.10317
1.00037
1.0003
1.00169
1.00049
1.00038
1.01053
1.09249
1.00068
1.00044
1.0016
1.00335
1.00028
1.00072
1.00038
1.00066
1.00049
1.02343
1.03179
1.00052
1.00032
1.00161
1.00055
1.00044
1.0003
1.00037
1.00723
1.00029
1.00523
1.00524
1.10337
1.00058
1.0018
1.00022
1.00035
1.00021
1.0154
1.03093
1.0005
1.00112
1.06738
1.00028
1.00045
1.01894
1.04597
1.00029
1.02564
1.00064
1.0003
1.00025
1.00048
1.00238
1.00084
1.00034
1.00024
1.02166
1.00097
1.04617
1.00019
1.01631
1.00024
1.00024
1.0003
1.00017
1.00033
1.0247
1.0031
1.00032
1.00421
1.00067
1.00455
1.10037
1.00027
1.00049
1.04134
1.06711
1.04704
1.00034
1.00035
1.00052
1.00028
1.00048
1.00179
1.00033
1.03172
1.04718
1.00029
1.00029
1.00893
1.0004
1.00286
1.00023
1.00046
1.0004
1.00311
1.00199
1.00046
1.00039
1.00029
1.01748
1.08106
1.00033
1.0005
1.00025
1.05722
1.00049
1.02933
1.00024
1.00049
1.00178
1.0003
1.01254
1.00026
1.00961
1.00009
1.00026
1.00028
1.00058
1.00045
1.0002
1.01831
1.00036
1.01457
1.00551
1.0005
1.04151
1.0002
1.00035
1.01619
1.00024
1.0004
1.08083
1.00057
1.01463
1.00037
1.00031
1.011
1.05618
1.00024
1.00038
1.00017
1.00047
1.00204
1.00064
1.02743
1.00038
1.01886
1.00461
1.00034
1.00203
1.00521
1.00553
1.00054
1.01498
1.01854
1.00041
1.00061
1.08109
1.00898
1.00034
1.01002
1.00026
1.00042
1.02662
1.1051
1.00044
1.0459
1.00028
1.04493
1.00024
1.00043
1.00135
1.05001
1.00049
1.06493
1.09201
1.04316
1.01677
1.09033
1.05515
1.0738
1.00134
1.00041
1.07898
1.00054
1.04548
1.06581
1.00034
1.00023
1.00033
1.00065
1.00058
1.03928
1.02804
1.01932
1.00031
1.00034
1.00031
1.00018
1.0003
1.00047
1.07972
1.00058
1.00053
1.00028
1.0003
1.00053
1.00051
1.00028
1.00098
1.00021
1.00034
1.00034
1.05299
1.00058
1.00025
1.06114
1.00041
1.01038
1.00342
1.04409
1.03809
1.00054
1.0005
1.05579
1.03265
1.0333
1.00506
1.00028
1.07544
1.00045
1.00732
1.00036
1.00129
1.00038
1.00208
1.11628
1.00044
1.00033
1.00174
1.05101
1.03217
1.00025
1.08084
1.00188
1.00021
1.00178
1.04235
1.00813
1.00874
1.03742
1.00139
1.00829
1.17627
1.1837
1.00101
1.00034
1.00025
1.00071
1.09339
1.00052
1.00023
1.00033
1.04047
1.00024
1.07707
1.00035
1.05733
1.00023
1.0003
1.0004
1.00046
1.00028
1.00022
1.00034
1.02007
1.00049
1.00038
1.00073
1.00031
1.00342
1.03097
1.00036
1.00033
1.00039
1.0549
1.00051
1.06642
1.03015
1.00026
1.04355
1.00022
1.00031
1.00041
1.00378
1.0003
1.0003
1.0112
1.00039
1.08187
1.00659
1.01491
1.00049
1.04553
1.0003
1.00004
1.04811
1.00028
1.00032
1.06473
1.00024
1.00221
1.00051
1.0043
1.00026
1.00519
1.0004
1.00038
1.00886
1.0583
1.00035
1.00066
1.00083
1.00275
1.00065
1.00031
1.00028
1.00784
1.00029
1.00037
1.0003
1.00035
1.00026
1.00026
1.00039
1.00024
1.00212
1.01183
1.00058
1.00028
1.02501
1.00035
1.00643
1.00027
1.0504
1.02689
1.0006
1.00045
1.07624
1.00038
1.0379
1.00039
1.00023
1.0003
1.00021
1.02054
1.00027
1.04822
1.00038
1.00035
1.0064
1.04784
1.00769
1.0429
1.00027
1.00243
1.00461
1.00038
1.00042
1.00036
1.03765
1.06344
1.00725
1.00035
1.00016
1.0004
1.00042
1.00041
1.0004
1.0404
1.04417
1.00039
1.00042
1.00035
1.0002
1.00112
1.00063
1.0005
1.01375
1.00439
1.00206
1.00513
1.04037
1.00031
1.0005
1.04665
1.00024
1.00031
1.00151
1.04687
1.00442
1.0002
1.00057
1.00036
1.00039
1.00045
1.0051
1.00024
1.00035
1.00037
1.00789
1.00039
1.0653
1.00049
1.10521
1.00222
1.00018
1.00049
1.15306
1.00041
1.00034
1.00022
1.00034
1.04223
1.00032
1.05073
1.0017
1.06682
1.01696
1.00485
1.00026
1.00035
1.01307
1.03838
1.00034
1.00048
1.00742
1.00031
1.03009
1.07846
1.00029
1.06248
1.00406
1.1018
1.00608
1.0003
1.00017
1.00049
1.04618
1.00033
1.00023
1.00043
1.03754
1.00035
1.0028
1.06931
1.00091
1.0005
1.00716
1.00055
1.00051
1.0005
1.00667
1.00029
1.00293
1.00363
1.10854
1.00213
1.00016
1.00035
1.00044
1.00035
1.00032
1.00032
1.00043
1.00025
1.00016
1.00038
1.0005
1.00019
1.00034
1.001
1.00035
1.0003
1.00026
1.00396
1.00879
1.00056
1.01565
1.00036
1.00033
1.0007
1.00042
1.06755
1.00019
1.00133
1.00038
1.00027
1.00029
1.08702
1.00115
1.00205
1.00053
1.0004
1.00071
1.00037
1.01363
1.08427
1.00035
1.00028
1.00124
1.00042
1.00078
1.00044
1.00487
1.00063
1.00038
1.13648
1.0003
1.00036
1.00028
1.00504
1.11499
1.03889
1.0006
1.0363
1.00062
1.03251
1.04595
1.00031
1.00028
1.00044
1.00037
1.00037
1.00058
1.00025
1.0005
1.00026
1.00037
1.04982
1.08436
1.18593
1.00038
1.00048
1.00031
1.00039
1.00038
1.03301
1.00093
1.0003
1.07347
1.0005
1.00027
1.00227
1.00019
1.00026
1.00017
1.02836
1.00026
1.00029
1.00042
1.0003
1.0206
1.00087
1.09458
1.00025
1.00359
1.00096
1.00062
1.05342
1.00029
1.0004
1.03217
1.0004
1.00018
1.0004
1.00025
1.00075
1.14345
1.00033
1.00025
1.00685
1.00042
1.00034
1.00043
1.00328
1.00306
1.00022
1.02189
1.00034
1.0031
1.00057
1.00034
1.00029
1.00024
1.00005
1.00033
1.00023
1.00023
1.00286
1.01684
1.0002
1.00037
1.00035
1.08002
1.07654
1.00031
1.00022
1.00031
1.00051
1.00037
1.06154
1.00016
1.00029
1.04185
1.05297
1.00904
1.0004
1.00029
1.01904
1.00023
1.00012
1.00445
1.00052
1.00034
1.06959
1.00042
1.00281
1.00303
1.07586
1.00019
1.00042
1.0003
1.00026
1.00042
1.00029
1.00031
1.00438
1.00033
1.00556
1.00035
1.00809
1.00049
1.00026
1.00984
1.00037
1.00028
1.00055
1.00153
1.00073
1.00039
1.00044
1.00028
1.04316
1.07099
1.00029
1.05836
1.00029
1.00042
1.00035
1.00101
1.00411
1.00031
1.00031
1.00046
1.00039
1.00035
1.00411
1.00025
1.00732
1.00043
1.001
1.05629
1.00024
1.00038
1.00032
1.00029
1.01921
1.0003
1.06879
1.00204
1.10247
1.03989
1.00041
1.05393
1.00029
1.00034
1.00039
1.00056
1.0004
1.03982
1.04825
1.00029
1.00031
1.0335
1.00062
1.01849
1.04835
1.0002
1.01153
1.00048
1.13651
1.00036
1.00608
1.0797
1.01268
1.0249
1.01251
1.0004
1.00037
1.00033
1.00045
1.01477
1.05119
1.00044
1.00204
1.09913
1.00033
1.00024
1.00845
1.00065
1.00027
1.0135
1.00047
1.00047
1.00031
1.00026
1.00441
1.00918
1.00029
1.17439
1.03887
1.00037
1.02263
1.00477
1.00035
1.16587
1.00046
1.00038
1.00032
1.0003
1.0005
1.00776
1.00049
1.0002
1.00033
1.03907
1.03774
1.00053
1.00039
1.00052
1.15645
1.00035
1.00042
1.00047
1.00857
1.00048
1.08676
1.00119
1.00044
1.00772
1.00036
1.07027
1.00054
1.08307
1.00025
1.00439
1.00034
1.02827
1.00124
1.00035
1.08701
1.00027
1.0003
1.00655
1.0003
1.01845
1.00065
1.00024
1.00043
1.02138
1.00029
1.00025
1.04293
1.05931
1.00034
1.0002
1.00873
1.00034
1.00049
1.00021
1.00033
1.05999
1.00199
1.00053
1.00041
1.00054
1.00041
1.00039
1.00052
1.09315
1.01814
1.00042
1.14259
1.01165
1.00054
1.00071
1.00036
1.00262
1.01201
1.04007
1.03197
1.00025
1.00029
1.00038
1.00372
1.00029
1.00101
1.00066
1.07759
1.00556
1.00027
1.0003
1.01192
1.0005
1.00022
1.0111
1.03753
1.00033
1.0003
1.0006
1.0003
1.00035
1.00275
1.01323
1.00059
1.00026
1.09289
1.00056
1.00037
1.00046
1.07537
1.09561
1.00031
1.11575
1.05043
1.00042
1.04591
1.00035
1.02225
1.00023
1.00025
1.00032
1.00035
1.00047
1.03178
1.00033
1.00043
1.00058
1.00021
1.00063
1.00024
1.00051
1.00027
1.0618
1.00047
1.06614
1.06801
1.00054
1.00038
1.00058
1.01043
1.00035
1.00378
1.00016
1.00154
1.00042
1.00031
1.0021
1.00029
1.00038
1.00069
1.00018
1.00033
1.00426
1.00687
1.00033
1.00132
1.00018
1.00027
1.02845
1.0008
1.00034
1.00035
1.01443
1.00419
1.00035
1.00401
1.00046
1.05687
1.00028
1.00041
1.00017
1.00468
1.07764
1.00035
1.02934
1.00538
1.00036
1.00057
1.00856
1.00005
1.0308
1.00205
1.00038
1.00018
1.0004
1.0187
1.00025
1.00205
1.13872
1.00079
1.00047
1.00033
1.00039
1.06282
1.00034
1.00034
1.0033
1.00026
1.00042
1.00023
1.00021
1.05406
1.09721
1.00023
1.00043
1.01698
1.00035
1.00067
1.00848
1.00018
1.00034
1.10234
0.509157
0.633074
0.802271
1.00036
0.989406
0.659115
0.913156
1.00361
0.783908
0.979837
0.843484
0.774143
1.00369
0.537335
0.866685
0.909936
0.804447
0.923846
0.884935
0.669924
0.997901
1.00155
0.498523
1.02349
0.952768
0.649329
0.774945
0.716905
0.967115
0.831661
1.0415
0.838129
0.692328
0.988863
0.802641
0.915433
0.957852
0.828576
0.594297
1.00891
0.704089
0.587574
0.909636
0.984988
0.810339
0.800516
0.714879
0.965315
1.0004
0.78221
0.696191
0.806991
1.03515
1.07071
0.718051
1.00576
1.00907
1.04503
0.522649
0.877022
1.00049
0.676672
1.01053
0.798012
1.00379
1.00665
0.973418
0.962757
0.781108
1.00072
0.963127
1.00066
0.968036
0.85668
0.722235
0.7219
0.767801
0.533321
0.95597
0.758978
0.626281
0.680904
0.909631
0.537309
1.10058
0.570022
0.845124
0.416796
0.616304
0.902888
1.00035
0.79452
1.01294
0.754143
0.647071
0.760104
1.0549
0.623353
0.942194
0.982109
0.938596
0.749768
0.942374
0.837518
0.606641
0.987562
0.786748
0.832903
0.83731
1.00927
0.707481
0.722931
0.767676
0.840023
0.644866
0.667941
0.999321
0.611432
0.922798
0.739816
0.599948
1.0247
0.681157
0.965209
0.917903
0.828306
0.687793
1.04909
0.863712
1.08116
0.757032
0.697894
0.929391
0.892379
1.00035
0.771992
0.753539
0.963138
0.713562
0.775683
0.867354
0.663313
0.846031
0.576747
1.00842
0.84107
1.00267
0.685711
0.722106
1.0086
0.720949
0.85646
0.827346
0.542183
1.00029
0.841886
0.866476
0.672488
0.974527
0.792854
1.05722
1.00049
0.999176
0.668944
0.554092
1.1233
0.486125
1.03269
0.662159
0.837944
1.00009
0.566399
0.562392
0.696963
0.970541
0.611174
0.828545
0.518544
0.716546
0.625481
0.814421
0.848237
0.556839
0.995252
0.846803
0.696489
0.791715
0.945755
1.00057
1.05921
1.08225
0.489925
0.816814
0.777996
0.713279
0.861977
0.694746
0.92149
1.11126
0.967839
0.918774
0.906963
0.75042
0.562377
0.778692
0.666537
0.675257
0.534948
0.52858
0.962837
0.721621
0.73106
0.814202
1.09842
1.008
0.955997
0.765049
0.700501
0.666559
0.928799
1.03002
0.576686
1.03438
0.743489
0.734524
0.598056
0.899758
0.800197
0.619827
0.952962
0.799967
1.09201
0.769909
1.11383
1.09033
0.85491
0.583524
0.69075
0.483204
1.03718
0.714985
0.995538
0.723718
0.726158
0.939598
0.722602
0.994271
0.833503
1.03628
0.728922
0.715907
0.888279
0.554948
0.688137
0.898922
0.793012
0.715185
0.716626
0.743459
0.798328
0.446695
0.87017
0.710391
0.729286
0.563292
0.808734
0.877635
0.687805
0.820433
1.04252
1.00058
0.801854
1.05706
1.00041
0.84613
0.899682
0.660102
0.891025
0.892333
0.667322
0.782524
0.881829
0.730784
0.930179
0.540795
0.801552
0.905018
1.04923
0.994314
0.970623
0.737471
0.957661
0.896518
0.729356
0.760517
1.01739
0.819034
0.808627
0.667888
0.794724
0.943499
0.800822
0.589087
0.72534
0.960355
1.00874
0.765079
1.08077
0.995281
1.17627
1.17589
0.746591
0.966526
0.68751
0.623346
0.77546
0.748849
0.901547
0.598401
0.949755
0.633799
0.673002
0.55366
0.721249
1.00023
0.553592
0.521283
0.616145
0.611818
0.867892
0.784381
0.972919
1.00049
0.662689
0.997838
0.977696
0.689846
0.868048
0.882231
0.668794
0.950372
1.0549
0.841416
0.769825
0.577747
0.693294
0.827828
0.995192
0.980834
0.781576
1.12925
0.829802
1.00286
0.799997
0.685637
0.812896
0.910668
1.01491
0.994907
0.806398
0.866495
0.875641
0.734261
0.722375
0.753865
1.01113
0.70818
0.713724
0.882059
0.655851
0.691422
1.0237
0.884108
0.858948
1.02709
1.0516
0.967468
0.785095
0.66745
1.00275
0.915701
0.880744
0.863151
0.679025
0.756348
0.85114
0.515553
0.938564
0.925048
0.804466
1.00039
0.696446
0.987829
1.01183
0.938417
0.711606
0.743237
0.767561
0.848142
0.671852
0.584196
0.453609
0.759922
0.404987
0.958899
0.722102
1.0379
0.897853
0.781661
0.650559
0.783124
0.856196
0.665344
0.761309
0.807408
0.832005
0.580157
0.852621
0.832419
1.0429
0.977751
1.01575
0.830138
0.846504
0.87567
0.817117
1.06192
0.97526
0.960185
0.833523
0.818539
0.999953
0.770256
1.00041
0.807863
0.819586
0.759256
0.929512
0.678127
0.631119
0.779535
1.05088
0.962065
0.739453
0.858068
0.91691
0.877256
0.90387
0.914397
0.821473
0.707134
0.935693
0.948987
0.706888
0.969265
1.02429
0.969143
0.790353
0.845819
1.00036
1.00039
0.991276
0.990994
0.689081
0.817241
0.806696
1.00726
0.877241
0.809847
0.894846
1.07414
1.00222
0.386657
0.499338
1.04641
0.974761
1.00034
0.726735
0.825055
0.767877
0.712428
1.05315
0.701606
0.851293
0.720246
0.808378
0.840001
1.04427
0.513894
0.65564
1.00034
1.05959
0.84026
1.03048
0.99683
0.975124
0.874547
1.03654
1.00467
1.1018
0.906387
0.956241
0.791398
0.931853
1.08758
0.898203
0.959775
1.00043
0.807903
0.982827
0.716996
0.872081
0.814144
0.825009
0.643142
0.810916
1.00355
1.11371
1.00951
0.810588
0.693603
0.991205
1.10854
1.08364
0.865439
0.883178
0.821946
0.730358
0.986501
0.8723
0.710538
0.761772
0.590457
0.901487
1.02625
0.559414
0.910672
0.952195
0.880883
0.70471
0.753386
0.630165
0.70139
0.949746
0.784622
1.00036
0.699705
0.710062
0.957881
0.7615
0.921024
0.762507
0.660274
0.884412
0.749242
0.760968
0.571228
0.607168
0.807535
1.07947
1.01463
0.869682
1.01363
0.955559
0.787365
0.825224
1.00124
1.04199
0.758441
0.997773
0.750745
1.00577
0.992343
0.781
1.0003
0.747173
1.00028
0.735692
1.11499
0.880629
1.01536
1.00811
0.783967
0.634532
0.780032
0.755449
0.738335
0.610773
0.757922
0.686284
1.07432
0.869346
0.746586
0.83659
0.977859
1.04982
1.08436
0.91634
0.554835
1.00048
0.910959
1.00039
1.00038
0.750617
0.694557
0.620829
1.01827
0.675675
0.755534
0.855436
0.722732
1.06829
0.734341
0.771034
0.666925
0.620072
1.00042
0.595531
0.79373
0.821929
0.787461
0.81487
0.717445
0.923966
0.547817
0.834336
0.690382
0.770755
0.678839
0.808205
0.667433
0.577351
0.561207
0.724372
0.913268
0.636432
0.775324
0.708095
0.868921
0.78131
0.673265
1.00328
0.828993
0.81285
0.728674
1.00034
0.636265
0.760627
0.980199
0.575328
0.996031
1.00005
0.537967
0.61927
1.00023
0.529449
0.882835
1.0002
0.80476
1.00035
0.765163
0.796258
0.805439
0.68374
0.615584
0.33872
0.789952
0.749026
0.654489
0.676204
0.947541
0.817714
1.00904
0.769792
0.718876
0.861913
0.6611
0.569329
0.885666
0.594347
0.815346
0.927913
0.879259
0.774034
0.581119
1.07586
0.440718
0.943867
1.03475
0.920761
0.672892
0.845963
0.717479
0.84794
1.00033
0.708424
0.947894
0.741336
0.973317
0.744809
0.747235
0.623776
0.751736
0.932338
0.502251
1.05262
0.856719
0.820439
0.886216
0.653154
1.07099
1.00029
0.919066
0.993292
0.907551
0.748975
0.719921
0.889514
0.781585
0.377877
1.01323
0.74772
0.791072
1.00411
0.742954
0.783865
0.765958
0.981426
1.05629
0.75863
0.736435
0.803697
0.839915
1.01921
0.841441
1.06879
0.774946
1.1017
0.741126
0.989852
0.861219
0.735389
0.67645
0.836092
1.0327
0.437418
0.615869
0.720874
0.842021
0.725952
0.636713
0.564897
0.764439
0.886531
0.70162
0.911995
0.744403
1.1238
0.560274
0.99345
0.93917
0.738404
1.04321
1.02542
0.747974
1.00037
0.72848
0.805034
1.0332
1.02638
0.654783
1.00686
1.0686
0.796876
1.03831
0.670127
1.01736
0.714277
0.640095
0.609317
0.885129
0.762906
0.704248
1.00441
1.00918
0.815797
1.17848
0.700668
0.727009
0.725744
1.03331
1.01037
1.16587
0.961555
0.735632
0.883802
1.0003
0.693766
0.948279
0.690993
0.721442
0.783803
1.33181
0.852986
0.796198
0.923235
0.852466
0.75869
0.911398
0.999672
0.923133
0.971183
0.767142
0.737557
1.06548
0.611373
1.00772
0.651727
1.02588
1.00054
1.08307
0.756415
1.09906
1.00034
0.517556
0.65603
1.00035
1.06805
0.877665
0.486097
0.624633
1.05827
0.601805
0.939991
0.841188
0.993924
0.749397
1.01854
0.76312
0.865692
0.884644
0.744477
0.722597
0.986687
0.892635
0.716653
0.821713
0.846568
0.757785
0.625225
0.805908
0.970476
0.965142
0.731184
0.972226
0.949617
1.09315
0.694205
0.780064
1.14259
1.00967
1.00054
0.775032
0.748195
0.879747
0.759637
0.925393
0.767051
0.746407
0.677033
1.02255
0.948469
0.49914
0.8785
0.801338
0.649471
0.94207
0.635636
1.02806
1.05245
0.774219
0.777481
0.886246
0.993688
0.639352
1.0003
0.644177
0.726189
0.899183
0.969457
0.934685
1.03474
0.654191
1.0933
0.891701
1.02946
0.75504
0.951639
0.904679
0.674038
1.11575
1.05043
0.791497
0.771851
0.828691
1.02225
0.622609
0.833503
1.02851
0.549228
1.00047
0.855223
1.00033
0.850143
0.634133
0.783364
1.06575
0.774793
1.01846
0.697294
0.695689
0.922267
1.06614
1.03234
0.643328
0.804164
0.809676
0.710259
0.947864
0.806072
1.00016
0.625934
0.962612
0.719086
1.0021
1.00029
0.63946
0.787659
0.600257
1.06781
0.905496
1.00687
0.70369
1.00132
0.738622
0.991303
0.667243
1.0008
0.962527
0.898981
1.01443
0.928843
1.05635
0.713149
0.808669
0.843963
0.628871
0.67486
0.93989
1.0937
0.741007
0.732303
0.947097
0.868677
1.07299
0.912516
0.991755
1.00005
0.598331
0.832656
0.843086
0.988455
0.447125
0.988187
0.733792
1.00205
1.13872
1.00079
0.654712
0.855581
0.857777
0.775641
0.774009
1.02145
0.882944
0.821357
0.833949
0.628221
0.859264
0.745626
1.09721
0.778079
0.762063
0.8018
0.685678
0.708627
0.942369
1.02276
0.959518
