0.872538
0.851038
0.643478
1.06381
0.749189
1.01926
0.832936
0.735282
0.568809
0.659913
0.868078
0.667297
1.06689
0.859813
0.975221
1.00346
1.00275
0.8343
1.00028
0.784383
1.04462
0.943226
0.600935
0.86142
0.744556
1.00097
0.789118
0.784122
1.02274
0.923704
0.650435
0.737354
0.612267
0.992577
1.00026
0.835832
1.00035
0.703794
0.972256
0.897716
0.674011
0.944491
1.10333
0.666413
0.750721
0.940787
0.764503
0.779607
0.691535
0.634791
0.689637
1.00036
0.888836
1.00018
1.03511
0.744777
0.843932
0.887118
0.706622
0.651411
1.07122
0.878858
0.591818
0.750657
0.930588
0.669405
0.591355
1.0003
1.08359
1.00947
0.744386
0.790811
1.04114
0.807034
0.820435
0.694614
0.701885
1.03535
0.589846
0.840127
0.623758
0.934119
0.801166
0.693829
0.697257
0.69759
0.820639
1.0269
0.687784
0.846334
0.591277
0.852779
0.828011
0.724126
0.818833
1.01244
0.855982
0.757742
0.881965
0.670713
0.828026
1.00798
0.822282
1.00036
0.632596
0.779909
0.639302
0.982635
0.785257
0.860613
1.09587
0.717777
0.903822
0.679171
0.703993
0.790331
0.696123
0.901736
0.837055
0.765686
1.03346
0.690787
0.859195
1.00461
0.896152
0.710385
0.958834
1.00039
0.791972
1.00422
0.908767
0.757693
0.951087
0.768226
0.581487
0.753638
0.834673
0.518681
1.00022
1.01445
0.987007
0.780077
0.767732
1.01266
0.63521
0.905932
0.701937
0.761172
0.888014
0.980961
0.767373
0.878933
0.868445
0.782045
0.858537
1.0458
0.824775
1.00042
0.895457
0.986758
0.726368
0.601391
0.997398
0.797919
0.894259
0.834931
0.804303
1.00038
0.676423
0.837174
0.711348
0.687912
0.9283
0.873653
0.74482
0.608488
0.610809
0.901885
0.921032
0.811208
0.856951
0.980765
0.922124
0.956971
1.0003
0.617774
1.00052
0.845803
0.762423
0.721794
0.810416
0.746856
0.621229
0.756487
0.721738
0.929612
0.870526
0.883701
1.00034
1.21078
0.952574
0.668912
0.785297
0.634158
0.556707
0.781677
0.927119
0.782394
0.80432
0.976088
0.839407
0.921432
0.901795
0.869195
0.741017
0.702431
0.669919
0.632513
0.629219
0.826119
0.724714
1.11478
1.10627
1.03108
0.665447
0.797653
0.732276
0.547551
0.932814
0.663775
0.752054
0.855438
0.63108
0.919611
0.702456
0.66901
0.6729
0.584869
1.00795
0.861972
1.08684
0.822219
0.848717
0.746324
1.00197
0.743666
0.677408
1.00227
0.921366
0.781081
1.15827
0.887311
0.840025
0.725645
1.02501
0.803935
1.0049
0.916504
0.89413
1.11247
1.00042
0.721605
0.946808
0.952674
0.796271
0.996444
0.86975
0.930993
0.666109
0.828766
1.04845
0.83708
0.776381
1.04703
1.04504
0.504455
0.863235
1.16261
0.910556
0.770026
0.709273
0.554935
0.857238
0.922497
0.867196
0.522984
0.644881
1.00036
0.996605
0.781643
0.839486
0.869733
0.896172
0.700953
1.07649
0.890055
0.826864
1.00911
1.02332
0.695038
0.856097
0.625551
0.719505
1.02792
0.627124
0.889611
0.950523
0.686788
0.707856
0.807039
0.910474
0.810703
0.827154
0.722545
0.98891
0.976735
0.707033
1.00833
0.681769
0.79963
0.716043
0.615874
0.706174
1.00391
0.726142
0.991038
0.500121
1.02797
1.00396
0.703767
0.771769
0.688865
0.855421
0.603154
0.81245
0.561728
0.752726
1.00036
0.941213
0.893691
0.840846
0.830011
0.679156
0.897493
0.844206
0.951182
0.923845
0.874148
0.674421
1.12333
1.0003
1.04583
1.05912
0.922005
1.12299
0.64805
0.877333
0.661337
0.760731
0.505732
0.635747
0.790114
0.820204
0.928126
0.834309
0.822755
0.965856
0.670488
0.826075
1.02714
0.437228
0.691584
0.619375
0.767551
1.06216
0.730113
0.991071
0.916231
0.698806
0.765449
1.00653
0.848023
0.854378
0.617017
0.87444
0.750077
0.736648
0.861423
0.999055
0.531756
0.696538
1.09057
0.754485
0.771606
0.720876
0.69981
1.00284
0.699327
0.775267
0.878214
1.04318
0.909307
0.760175
1.08923
0.860663
0.698575
0.731992
1.00033
1.00033
1.04225
0.926145
0.823442
1.11485
0.936398
0.881845
0.888257
0.988996
0.603893
1.00033
0.810004
1.0003
0.891864
0.710615
0.995775
0.827953
0.636931
0.681481
0.633074
1.00025
0.782904
0.759753
0.66493
0.861709
0.988957
0.620345
0.969104
0.565137
0.798954
0.813186
0.811384
1.02379
0.675571
1.00004
0.661914
0.988648
0.960223
0.780835
0.728971
0.724273
0.732799
0.974073
0.98545
1.03991
0.536412
0.887277
0.642484
1.00044
0.715771
0.997476
0.968393
1.00047
0.626325
0.691891
0.713646
0.677053
0.862889
1.13372
0.839562
1.00041
0.646676
0.789727
0.599316
0.698705
0.541173
0.902377
0.954432
0.865496
0.790999
0.898342
0.779839
0.706068
0.671857
0.954952
0.783973
0.935826
0.971058
1.00028
0.710578
0.848006
0.815692
0.815686
0.871864
0.759848
0.733884
1.00357
1.04674
1.05606
1.07134
0.683374
0.994525
1.00027
0.503708
0.761657
0.816313
0.891663
0.720077
0.777227
0.888781
1.02525
0.713315
0.99525
0.701277
0.812877
0.931163
0.953877
0.659123
0.620472
1.08252
0.919145
0.528883
1.04369
0.711072
0.779942
0.509149
0.807774
0.855242
0.767413
0.983669
0.789241
0.830851
0.886434
0.800667
0.74497
0.693795
0.592117
0.774564
0.770379
1.02585
0.763303
0.6094
1.02639
0.73108
0.447845
1.01133
0.989723
1.00026
1.10135
0.778633
1.00404
0.921671
1.02851
0.982203
0.672862
0.700904
1.00394
1.00033
0.706537
1.00042
0.908487
0.929022
0.842628
0.991294
0.777425
0.982483
0.843773
0.780552
0.851363
0.818126
0.990574
1.04291
0.659422
0.954784
1.06344
1.00182
0.860505
0.655132
0.82595
1.0483
1.00343
1.00037
0.834587
0.666922
0.943071
0.69455
0.963863
1.01144
0.900458
0.91898
1.0675
0.722659
0.769898
0.933915
0.789873
0.848373
0.809368
1.00493
0.803389
1.10254
0.793178
0.801232
0.99395
1.0016
0.749865
0.934118
0.568618
0.899682
0.860401
0.976744
0.686525
0.924025
0.865292
0.991536
1.05032
1.03971
0.76467
0.856591
0.899103
0.722308
0.825121
1.08898
0.776817
1.05311
0.966446
0.595578
0.88278
0.793134
0.701414
0.661792
0.643127
0.705283
1.00068
0.80501
0.770307
0.815959
1.13014
0.819418
0.845424
0.713889
0.964235
0.601082
0.893036
0.911249
0.547145
0.980659
0.749493
0.705537
0.558577
0.855507
0.746571
0.884527
0.575822
0.959083
0.595633
0.752172
0.977919
1.00053
0.573
0.758684
0.917212
0.802579
0.74747
0.872398
0.914969
0.811967
0.585197
0.503727
0.962239
1.03493
0.709374
0.6036
0.660027
1.0867
0.655956
0.891499
0.794632
0.742719
1.12986
0.874964
0.923176
0.764015
0.892376
1.0026
0.86118
0.718632
0.838121
1.04309
0.62458
0.63631
1.11367
0.972993
1.00093
0.62658
0.778796
0.635605
0.888677
0.700291
0.960945
1.00663
0.729083
0.854
0.808681
1.02083
0.705021
0.866105
0.834975
1.0005
0.709084
0.745255
0.715704
0.874389
0.765192
0.818084
0.949613
0.986774
0.871367
0.999915
1.09311
0.850851
0.802504
0.681108
0.742407
1.10348
0.688959
0.753559
1.1427
0.829258
0.696873
1.00502
1.06741
1.00277
1.08119
0.743593
0.987143
0.891611
0.85052
0.514225
1.0083
0.757095
0.949012
0.816433
1.05273
0.65979
0.572226
0.694173
1.03574
0.725354
1.13145
1.05913
1.02519
1.00322
0.980011
0.893336
0.84105
0.774987
0.786174
0.707302
0.718722
0.885163
0.618113
0.641645
0.807772
0.746286
0.784766
0.788133
0.965533
0.786406
0.836083
0.897188
0.717182
0.8709
0.976378
0.6839
0.64992
0.697012
0.804804
0.721008
0.882776
0.59042
1.00046
1.0004
1.01941
0.489366
1.01998
0.897205
0.688353
0.804114
0.613333
0.940951
0.801873
0.918772
1.00044
1.00034
1.0725
1.02407
0.735226
0.761619
0.636879
1.01084
0.778067
0.722457
0.798988
1.01105
1.00041
1.00702
0.648825
0.691855
0.668377
0.750131
0.720226
0.60473
0.706491
0.637898
1.01362
1.00023
1.00054
1.1109
0.80289
0.520726
0.658984
0.653484
0.865014
0.961306
0.651319
0.726216
0.926663
0.957672
1.04795
0.770913
1.06229
1.00613
1.01848
0.683535
1.1555
0.766545
1.05286
1.00396
0.59693
0.595156
0.919813
0.67177
0.94205
0.821702
0.863669
1.00049
0.886217
1.02619
0.812537
0.933901
0.795311
0.731851
1.02852
0.787533
0.773455
0.844221
1.104
0.750419
0.755697
0.62761
1.01261
0.800103
0.896088
0.776193
0.909838
0.672101
0.79396
0.759036
0.944386
0.796094
0.938388
0.737814
0.791716
0.719329
0.863612
0.70795
1.02132
0.667045
0.62535
1.00037
1.00037
0.454633
0.928456
0.710334
1.08395
0.66746
1.02105
0.816284
0.727406
0.999662
1.02947
0.754383
0.87176
0.783823
0.662877
0.813523
0.685618
0.933015
0.831014
0.899174
0.549975
0.500059
0.852142
1.16265
0.676153
0.955623
1.02246
0.754356
0.731373
1.08302
0.843663
0.724442
0.592886
0.821016
1.02623
1.09019
0.958312
1.00413
0.612516
0.670732
0.872125
1.11513
0.556803
0.799146
1.00026
0.692746
0.988965
0.955594
1.00312
0.832148
0.657012
0.949111
1.04068
0.656223
0.987325
0.63559
0.785614
0.965672
1.01196
0.762234
1.10416
0.670811
0.76029
0.890584
0.840343
0.665149
0.705109
0.614631
0.81982
0.694216
0.972842
0.97235
0.808035
1.07228
0.901605
1.08915
1.08653
0.869203
0.789224
0.811061
0.878987
0.993741
0.694251
0.806555
0.650047
0.672944
1.00034
1.02547
1.00149
0.846074
1.00035
0.994066
0.79529
0.627724
0.790954
1.00897
0.907315
0.858944
0.951987
0.878615
0.888732
0.832413
0.856614
0.875478
1.01128
1.00794
0.744416
0.889198
0.861819
1.49914
0.68511
0.768384
1.00759
0.928528
0.980276
0.917977
0.829161
0.885987
0.972989
0.635337
0.649042
0.807864
