0.00524425
0.0041443
0.000155884
0.000166318
0.00561596
0.00308931
0.000157896
0.000150909
0.000157152
0.000149546
0.000151799
0.000153074
0.000150603
0.000177621
0.000156297
0.000153707
0.000163666
0.000156946
0.000157033
0.000154738
0.000152456
0.000146105
0.000152044
0.000160216
0.000148619
0.000152809
0.00014879
0.000157756
0.000152539
0.000148219
0.000148863
0.000147685
0.000190987
0.000147219
0.000151951
0.000149579
0.000153322
0.00015432
0.000146513
0.000150237
0.000159903
0.000149351
0.000162692
0.000148413
0.0001541
0.000146057
0.000148996
0.000152624
0.000171184
0.000153255
0.000149721
0.000149428
0.000150584
0.000149996
0.000149002
0.000150376
0.000144169
0.000148699
0.00015509
0.000147609
0.000165912
0.000154825
0.000151765
0.000153458
0.000147137
0.000146674
0.000178285
0.000146221
0.0163481
0.0157894
0.00208175
0.0022323
0.0021597
0.0021827
0.00210445
0.00209372
0.000437899
0.000385838
0.000688584
0.000677844
0.000733142
0.000689167
0.000765931
0.000705764
0.00155021
0.000406203
0.00094175
0.000918593
0.00121112
0.000483041
0.00117221
0.00133661
0.0012404
0.00119907
0.000474393
0.000191319
0.000169445
0.0031962
0.00319384
0.0004843
0.000496266
0.000373859
0.000866303
0.000675083
0.000714587
0.000938008
0.00097557
0.000956775
0.000932095
0.000866675
0.000915633
0.000183715
0.00105784
0.000911667
0.00092226
0.000900403
