1.03999
1.09387
1.03333
1.01256
1.02405
1.02653
1.02776
1.04969
1.02402
1.08822
1.03496
1.03089
1.21701
1.07979
1.03458
1.03454
1.02739
1.03183
1.0822
1.03301
1.06206
1.18887
1.00862
1.0407
1.10269
1.09882
1.04737
1.18355
1.04121
1.18912
1.20679
1.02141
1.0302
1.00288
1.23889
1.03612
1.00681
1.0604
1.00082
1.0423
1.09261
1.03485
1.01396
1.038
1.016
1.03576
1.23401
1.07035
1.00673
1.13319
1.00608
1.02327
1.02209
1.02196
1.02701
1.03064
1.00196
1.01869
1.05003
1.03939
1.05706
1.01881
1.0097
1.00645
1.02819
1.02035
1.05491
1.07022
1.03171
1.03934
1.07966
1.13686
1.04533
1.08368
1.06476
1.02644
1.03764
1.01743
1.04763
1.04838
1.03201
1.06523
1.05415
1.06588
1.02841
1.01536
1.05562
1.15628
1.03532
1.01301
1.03466
1.01716
1.04789
1.01375
1.00608
1.02249
1.04021
1.05962
1.0055
1.03651
1.25414
1.03098
1.08092
1.01848
1.09201
1.02038
1.15418
1.0411
1.02019
1.0334
1.03943
1.03894
1.04051
1.01257
1.03796
1.01976
1.03006
1.00623
1.03552
1.02766
1.0315
1.04371
1.13511
1.01883
0.997641
1.15465
1.03605
1.03233
1.18716
1.03362
1.02128
1.07449
1.07631
1.03304
1.08373
1.09963
1.02254
1.0394
1.00807
1.01843
1.02151
1.01291
1.01642
1.12463
1.04712
1.01073
1.01536
1.03514
1.02428
1.01233
1.02749
1.00559
1.01894
1.1099
1.08921
1.02302
1.08314
1.21254
1.00808
1.04212
1.03773
1.01295
1.03322
1.00758
1.03039
1.01668
1.08758
1.01336
1.02507
1.03009
1.05182
1.03865
1.06356
1.01843
1.00249
1.00819
1.03403
1.03945
1.03786
1.01519
1.00611
1.0387
1.04046
1.01286
1.01417
1.00226
1.01853
1.09248
1.02598
1.04023
1.04752
1.07324
1.0321
1.035
1.00213
1.05271
1.08648
1.09647
1.03337
1.04648
1.08942
1.03398
1.01301
1.00682
1.02593
1.03323
1.03545
1.00576
1.04358
1.03111
1.03474
1.045
1.03851
1.0328
1.02075
1.06247
1.04196
1.01823
1.02612
1.06924
1.01387
1.01152
1.01286
1.10002
1.11133
1.05093
1.04427
1.00892
1.00642
1.00258
1.06801
1.03029
1.01572
1.01391
1.04842
1.06097
1.00568
1.02754
1.02299
1.14297
1.03265
1.02251
1.15429
1.02198
1.05314
1.01802
1.04588
1.03317
1.03831
1.0239
1.03762
1.01691
1.07627
1.01795
1.02378
1.02362
1.06152
1.00865
1.02651
1.10932
1.01743
1.01094
1.01729
1.01265
1.04432
1.16289
1.02732
1.08354
1.04904
1.00717
1.1291
1.02483
1.10178
1.02565
1.00121
1.04219
1.02597
1.05423
1.01276
1.04964
1.028
1.0409
1.02544
1.05571
1.03859
1.02987
1.039
1.17446
1.01786
1.03056
1.02011
1.0395
1.04481
1.04621
1.00848
1.0129
1.03169
1.01442
1.10236
1.02607
1.03626
1.01869
1.09311
1.13117
1.01228
1.06001
1.05563
1.03506
1.01517
1.09592
1.03802
1.02278
1.05541
1.12165
1.03316
1.16582
1.01782
1.01697
1.00203
1.02291
1.02698
1.07211
1.08678
1.04031
1.00204
1.05661
1.01541
1.07179
1.07055
1.02185
1.07174
1.00722
1.01756
1.00239
1.02372
1.0379
1.04044
1.09322
1.0393
1.02877
1.0031
1.02228
1.02235
1.23599
1.04379
1.03005
1.05018
1.03311
1.02606
1.11622
1.04662
1.01588
1.026
1.08058
1.05179
1.03941
1.025
1.02687
1.23865
1.01644
1.03523
1.02573
1.02935
1.04841
1.02568
1.01753
1.00712
1.03697
1.02528
1.03989
1.0225
1.06649
1.02456
1.02456
1.05218
1.00334
1.06203
1.03326
1.03219
1.03588
1.03965
1.03654
1.01577
1.03533
1.02537
1.0331
1.01723
1.14058
1.01954
1.0155
1.03674
1.02221
1.01301
1.01942
1.01887
1.10497
1.00723
1.02075
1.01798
1.03119
1.07041
1.04036
1.01672
1.03587
1.03191
1.02605
1.02728
1.08495
1.09343
1.02219
1.03655
1.0205
1.01535
1.0052
1.00608
1.03324
1.04187
1.02484
1.02871
1.00439
1.01572
1.0343
1.05925
1.00704
1.00543
1.04586
1.03534
1.06537
1.00214
1.00004
1.04736
1.0293
1.08381
1.08916
1.0612
1.03954
1.02131
1.00455
1.09754
1.19194
1.02182
1.04459
1.04921
1.04307
1.03654
1.03542
1.0289
1.02479
1.07526
1.02467
1.00728
1.0487
1.02809
1.05051
1.03913
1.04374
1.0296
1.00955
0.999636
1.00771
1.02991
1.03417
1.03693
1.02153
1.03753
1.04882
1.01214
1.06326
1.00615
1.03413
1.06761
1.06792
1.07856
1.02248
1.10864
1.08391
1.00601
1.00473
1.14743
1.00551
1.16112
1.0257
1.05018
1.03461
1.14646
1.0569
1.00688
1.16743
1.19468
1.01869
1.0181
1.04272
1.08505
1.00957
1.02063
1.10893
1.07645
1.02608
1.18996
1.02617
1.02432
1.03563
1.02731
1.0083
1.03104
1.11531
1.05116
1.04164
1.24812
1.05077
1.08056
1.01602
1.01922
1.01902
1.00499
1.02106
1.06841
1.01831
1.0404
1.03797
1.01926
1.06599
1.0151
1.03652
1.00972
1.04178
1.02682
1.02241
1.03281
1.05626
1.00364
1.00996
1.02103
1.03334
1.01275
1.04842
1.04031
1.04448
1.0335
1.00881
1.08166
1.04381
1.03408
1.04846
1.06019
1.00476
1.01053
1.08812
1.01022
1.02718
1.0262
1.02097
1.01304
1.00693
1.01254
1.12301
1.03892
1.11106
1.01235
1.03382
1.03241
1.05802
1.02995
1.00354
1.08299
1.03306
1.03364
1.02828
1.02791
1.1074
1.02878
1.01559
1.00776
1.022
1.0393
1.00907
1.16851
1.00605
1.06758
1.06934
1.02053
1.02984
1.02116
1.04095
1.0332
1.01367
1.06229
1.03564
1.01259
1.01837
1.01417
1.02534
1.08607
1.02034
1.0217
1.02308
1.02251
1.03401
1.01728
1.02159
1.02981
1.07836
1.04344
1.01903
1.0315
1.02246
1.01946
1.02247
1.01622
1.03759
1.03485
1.07136
1.0413
1.04116
1.03491
1.03123
1.07198
1.07734
1.03137
1.0319
1.01406
1.09777
1.05417
1.01864
1.02086
1.0097
1.02678
1.01637
1.03675
1.00062
1.20873
1.05488
1.05282
1.07514
1.01498
1.03409
1.02712
1.04489
1.07169
1.03805
1.0171
1.01014
1.04149
1.07003
0.999967
1.00461
1.10863
1.08112
1.04156
1.02723
1.03589
1.04509
1.04194
1.22947
1.02889
1.02704
1.04555
1.03555
1.04685
1.03853
1.03642
1.0701
1.03059
1.02689
1.01826
1.02359
1.02527
1.04351
1.03047
1.02871
1.07935
1.03872
1.03761
1.09514
1.01921
1.04461
1.03483
1.03362
1.04158
1.04215
1.06284
1.2717
1.0009
1.08757
1.05368
1.03746
1.03268
1.05454
1.02914
1.02484
1.03846
1.11683
1.00094
1.00091
1.0155
1.28493
1.04966
1.04613
1.03341
1.00782
1.04282
1.03794
1.03493
1.04157
1.04174
1.09175
1.00627
1.1132
1.03412
1.01044
1.0115
1.02696
1.19339
1.09978
1.01682
1.09728
1.01778
1.0648
1.04374
1.0966
1.08709
1.07294
1.02492
1.0202
1.04217
1.05615
1.01812
1.0039
1.02673
1.03585
1.08439
1.0149
1.04988
1.01702
1.01017
1.01257
1.0021
1.08466
1.00745
1.02853
1.01698
1.08685
1.04007
1.15641
1.0818
1.15367
1.00065
1.0257
1.07571
1.02729
1.16284
1.01162
1.00314
1.01342
1.09329
1.18938
1.00778
1.02351
1.07455
1.00576
1.28372
1.01992
1.0697
1.03512
1.01685
1.09215
1.01907
1.02371
1.04173
1.04113
1.1233
1.06034
1.00191
1.02793
1.05321
1.01949
1.13796
1.0629
1.05992
1.01531
1.03944
1.02811
1.00927
1.05696
1.00176
1.01482
1.00787
1.03514
1.09423
1.04683
1.03609
1.01086
1.0375
1.01648
1.04694
1.04555
1.02631
1.05419
1.00691
1.01293
1.02725
1.01975
1.00102
1.00952
1.01581
1.02729
0.999659
1.02041
1.10589
1.07721
1.0081
1.0174
1.03154
1.00374
1.1287
1.03286
1.02372
1.00305
1.02731
1.01734
1.17374
1.01577
1.02747
1.15612
1.01772
1.02495
1.01176
1.03453
1.03162
1.31647
1.1621
1.03612
1.03138
1.07851
1.09273
1.07272
1.04967
1.00353
1.05786
1.03211
1.03637
1.0189
1.08013
1.01825
1.00104
1.02896
1.02759
1.0368
1.00521
1.03036
1.05966
1.01379
1.01931
1.04724
1.04928
1.06656
1.0469
1.02553
1.04741
1.04297
1.02482
1.06465
1.01305
1.04143
1.0142
1.01272
1.0841
1.0305
1.02952
1.02874
1.06271
1.02983
1.06327
1.03683
1.15179
1.02222
1.01156
1.04421
1.02211
1.00993
1.05288
1.00405
1.02918
1.05734
1.03758
1.02583
1.07331
1.02456
1.03054
1.09012
1.01777
1.02464
1.00548
1.01419
1.10538
0.999847
1.02274
1.02922
1.03618
1.01173
1.03462
1.07814
1.01403
1.03916
1.02035
1.26485
1.02544
1.03099
1.07499
1.22258
1.06219
1.01621
1.0157
0.999997
1.02335
1.0454
1.0486
1.19308
1.17382
1.01766
1.04704
1.01665
1.03844
1.10262
1.03458
1.02209
1.04206
1.00865
1.02038
1.04334
1.01522
1.07941
1.06336
1.01255
1.01619
1.04699
1.03471
1.01942
1.03835
1.00075
1.0386
1.02732
1.01147
1.01448
1.04517
1.16113
1.01732
1.04466
1.03582
1.05488
1.0567
1.02075
1.04929
1.03838
1.01206
1.03299
1.03073
1.03478
1.10448
1.00083
1.03559
1.02727
1.00983
1.03287
1.02413
1.0411
1.03523
1.01911
0.999365
1.03032
1.01793
1.0293
1.03347
1.02005
1.0943
1.02336
1.00295
1.0226
1.02788
1.03331
1.04931
1.09128
1.0818
1.02355
1.01813
1.07724
1.07434
1.01517
1.06551
1.03195
1.13076
1.00147
1.00232
1.01504
1.08112
1.00484
1.01366
1.07264
1.03976
1.03508
1.11024
1.09387
1.17184
1.01256
1.02406
1.50199
1.0909
1.09426
1.44342
1.14686
1.4661
1.37186
1.46503
1.07979
1.23411
1.15306
1.30996
1.0194
1.1891
1.26924
1.09724
1.79494
1.48391
1.27465
1.02109
1.09882
1.04737
1.32292
1.04121
1.08332
1.77228
1.53751
1.07164
1.00288
1.50805
1.27584
1.00681
1.0604
1.51175
1.04959
1.2354
1.28304
1.01396
1.038
1.46659
1.03576
1.69969
1.11523
1.00673
1.47476
1.00775
1.32253
1.22894
1.40491
1.36129
1.03064
1.00196
1.05965
1.08774
1.31415
1.05706
1.01881
1.0097
1.36888
1.3517
1.41237
1.05491
1.16081
1.04813
1.12259
1.07966
1.53557
1.15974
1.08789
1.06476
1.19145
1.03764
1.44227
1.04763
1.04838
1.23572
1.06523
1.05415
1.17337
1.17139
1.2124
1.07177
1.42053
1.45877
1.25427
1.1085
1.36869
1.04789
1.37378
1.00608
1.08133
1.25476
1.09475
1.0055
1.33377
1.584
1.23299
1.08092
1.43164
1.19766
1.35858
2.01399
1.21565
1.51254
1.2868
1.09111
1.05745
1.04051
1.04742
1.03796
1.59389
1.30739
1.00623
1.33476
1.08856
1.31097
1.25676
1.22886
1.50003
0.997641
1.22435
1.03605
1.20913
1.78076
1.24565
1.48209
1.14736
1.07631
1.12174
1.05928
1.11556
1.02254
1.25974
1.00807
1.05109
1.50374
1.05454
1.01642
1.06067
1.09951
1.01073
1.43748
1.23688
1.33964
1.48641
1.15024
1.00559
1.09732
1.31956
1.14857
1.02302
1.04277
1.78203
1.03365
1.09714
1.26134
1.01295
1.03322
1.00758
1.28667
1.35853
1.19336
1.48869
1.02507
1.07576
1.26991
1.24784
1.12291
1.20256
1.00249
1.00819
1.16045
1.07618
1.40312
1.42075
1.3731
1.19307
1.04046
1.02084
1.07464
1.00226
1.17445
1.15925
1.22463
1.20392
1.04752
1.07324
1.14857
1.15678
1.00213
1.05271
1.16161
1.13697
1.13174
1.3385
1.08942
1.22293
1.01301
1.50245
1.02957
1.22382
1.08307
1.00576
1.26519
1.44088
1.23994
1.30378
1.03851
1.04696
1.02075
1.14642
1.17246
1.19409
1.48726
1.06924
1.03824
1.55842
1.01286
1.1467
1.13051
1.05093
1.04427
1.00892
1.00642
1.01112
1.06801
1.19727
1.01572
1.4163
1.11129
1.15841
1.00568
1.02753
1.16228
1.3612
1.21332
1.03199
1.0198
1.4367
1.05314
1.01802
1.04588
1.17246
1.03831
1.49208
1.03762
1.01691
1.2278
1.46925
1.1061
1.10065
1.01279
1.00865
1.32452
1.10932
1.44651
1.59381
1.4609
1.01265
1.09856
1.01276
1.28494
1.08354
1.04904
1.02496
1.14252
1.02483
2.00016
1.02565
1.00121
1.18437
1.02597
1.05423
1.01276
1.07347
1.03511
1.22623
1.28764
1.05571
1.31064
1.42182
1.039
1.32724
1.27227
1.10419
1.28438
1.0395
1.04481
1.04621
1.37234
1.0129
1.03169
1.06483
1.15652
1.3949
1.12258
1.0742
1.09311
1.13117
1.44426
1.06001
1.24462
1.17955
1.06236
1.12609
1.03802
1.26768
1.08722
1.30356
1.07827
1.61025
1.14718
1.25062
1.52263
1.02291
1.02698
1.11711
1.09024
1.45137
1.00204
1.05661
1.06603
1.07179
1.07055
1.17772
1.15204
1.00722
1.01756
1.00239
1.02372
1.38247
1.07856
1.10189
1.07467
1.14317
1.0031
1.55745
1.39458
1.95095
1.21089
1.22832
1.05018
1.16205
1.05343
1.20906
1.04662
1.01588
1.32074
1.00834
1.05179
1.19517
1.05613
1.03864
1.38071
1.09507
1.08333
1.30145
1.10021
1.24661
1.48577
1.54679
1.42946
1.32319
1.35439
1.06586
1.25309
1.2049
1.34434
1.09062
1.12
1.00334
1.06203
1.21323
1.03343
1.1748
1.20482
1.41092
1.41768
1.27524
1.40187
1.3306
1.43722
1.10292
1.09677
1.0155
1.182
1.11864
1.02115
1.23221
1.10526
1.30458
1.00723
1.19422
1.07942
1.14196
1.0984
1.23056
1.01672
1.22274
1.03191
1.08221
1.03156
1.36372
1.13867
1.30338
1.23764
1.38775
1.01535
1.0052
1.00608
1.28381
1.28529
1.10112
1.15582
1.65651
1.02888
1.53115
1.05925
1.00704
1.56928
1.04586
1.24911
1.06537
1.00981
1.00004
1.30744
1.03008
1.32317
1.08916
1.0612
1.27455
1.15247
1.00455
1.12499
1.69271
1.37205
1.04459
1.3187
1.29216
1.38763
1.28838
1.03872
1.07325
1.10444
1.15075
1.00728
1.0487
1.42826
1.05051
1.24843
1.04374
1.03797
1.53206
0.999636
1.05567
1.02991
1.08986
1.03693
1.02153
1.26909
1.22441
1.01214
1.06326
1.41486
1.1761
1.06761
1.06792
1.07856
1.02248
1.10864
1.21598
1.41951
1.5453
1.4892
1.00551
1.96724
1.15662
1.05018
1.37159
1.14646
1.15863
1.00688
1.37756
1.39492
1.25587
1.03875
1.11171
1.08505
1.0138
1.48455
1.1433
1.07645
1.14523
1.64837
1.08979
1.09696
1.17906
1.46119
1.0083
1.08521
1.17522
1.07862
1.25986
1.70371
1.05077
1.2786
1.01602
1.08575
1.38825
1.00499
1.48562
1.06841
1.09032
1.22898
1.22166
1.03944
1.06599
1.08087
1.03652
1.01299
1.04178
1.20214
1.30817
1.4059
1.26694
1.00416
1.46961
1.02103
1.3368
1.02212
1.24091
1.04031
1.30921
1.16854
1.01437
1.124
1.25143
1.34932
1.1402
1.06019
1.00476
1.36741
1.08812
1.04877
1.02718
1.03507
1.39553
1.55794
1.03262
1.01254
1.12935
1.21923
1.15977
1.01235
1.26602
1.14277
1.14495
1.02994
1.00354
1.08299
1.16453
1.4177
1.39539
1.24578
1.13374
1.28861
1.17683
1.00776
1.38608
1.17837
1.00907
1.84616
1.00605
1.00098
1.06934
1.40692
1.38576
1.02116
1.22482
1.15312
1.01367
1.0623
1.36732
1.01259
1.01837
1.01417
1.02534
1.08607
1.10085
1.13504
1.42777
1.32842
1.03401
1.49772
1.27597
1.16786
1.07836
1.06557
1.47069
1.0315
1.28
1.01946
1.39763
1.01622
1.03759
1.42755
1.16969
1.25331
1.12141
1.13547
1.41827
1.15357
1.11221
1.04564
1.05186
1.01406
1.09777
1.16328
1.36651
1.39167
1.0097
1.10025
1.01637
1.31221
1.00062
1.50568
1.05488
1.0831
1.07514
1.01498
1.03409
1.47799
1.29294
1.07785
1.24954
1.40196
1.46268
1.22887
1.07002
0.999967
1.00461
1.17305
1.08112
1.0732
1.08257
1.1275
1.04509
1.04194
1.57246
1.374
1.23144
1.16687
1.30741
1.04685
1.03866
1.03642
1.07232
1.2693
1.03344
1.04781
1.19553
1.18665
1.4315
1.03047
1.23956
1.21488
1.57696
1.08212
1.09514
1.14835
1.25041
1.3077
1.17498
1.20784
1.41787
1.06284
1.808
1.0122
1.08757
1.05368
1.3646
1.03268
1.09608
1.10496
1.16248
1.12706
1.18329
1.00094
1.00091
1.02267
1.4909
1.04966
1.0882
1.1814
1.00782
1.04282
1.42408
2.09292
1.25066
1.22698
1.09175
1.00627
1.22131
1.06857
1.01044
1.41321
1.35945
1.53972
1.38695
1.28482
1.01148
1.22649
1.0648
1.26372
1.0966
1.10174
1.10332
1.10317
1.0202
1.07378
1.27296
1.56103
1.52815
1.18349
1.28243
1.2182
1.05123
1.04988
1.33565
1.44596
1.01257
1.0021
1.08466
1.48755
1.02853
1.09784
1.12987
1.33149
1.28383
1.0818
1.48721
1.00065
1.20238
1.07571
1.05413
1.33487
1.01162
1.00314
1.06874
1.09329
1.33083
1.45046
1.46686
1.07455
1.47505
1.74282
1.03419
1.09496
1.25443
1.02291
1.09215
1.0442
1.28093
1.1934
1.47109
1.19647
1.06034
1.00191
1.49999
1.05321
1.07034
1.02566
1.14839
1.05992
1.05471
1.27884
1.12059
1.39414
1.28449
1.00176
1.42333
1.00787
1.03514
1.30015
1.07127
1.03609
1.61457
1.11155
1.01648
1.53704
1.04555
1.11887
1.05419
1.00691
1.46501
1.366
1.03171
1.00102
1.00952
1.50987
1.19584
1.00134
1.02041
1.01325
1.27682
1.01793
1.41331
1.21596
1.00374
1.3648
1.45207
1.43335
1.00305
1.2852
1.14238
1.72305
1.33381
1.02747
1.38522
1.01772
1.05186
1.13773
1.30349
1.14657
1.56847
1.29799
1.05111
1.06743
1.10415
1.15911
1.07352
1.21695
1.44537
1.05786
1.18007
1.29064
1.0189
1.08013
1.22597
1.00104
1.27252
1.086
1.43567
1.02371
1.31327
1.13487
1.06327
1.16289
1.1528
1.04928
1.07575
1.0469
1.02553
1.04741
1.26587
1.16576
1.06465
1.22695
1.09334
1.06315
1.18321
1.0841
1.31596
1.19761
1.15812
1.06271
1.37945
1.14086
1.05314
1.209
1.39731
1.4121
1.04421
1.02211
1.00993
1.08046
1.00449
1.413
1.05734
1.06342
1.15641
1.08992
1.39055
1.38788
1.09012
1.46969
1.07707
1.46815
1.01419
1.14311
0.999847
1.15728
1.26762
1.38928
1.42424
1.25066
1.07814
1.01403
1.19097
1.35586
1.66153
1.09911
1.03246
1.07499
1.38278
1.0747
1.04643
1.42444
1.00055
1.08184
1.08585
1.06028
1.35369
1.36633
1.32104
1.0494
1.50837
1.28325
1.1134
1.34455
1.0959
1.04206
1.29762
1.03403
1.04334
1.32388
1.07941
1.06336
1.03228
1.02105
1.22476
1.03471
1.05521
1.26133
1.00075
1.51857
1.11022
1.01147
1.5192
1.05707
1.74886
1.45584
1.04466
1.11264
1.05488
1.0567
1.35701
1.06138
1.24191
1.01206
1.03299
1.08357
1.25639
1.11809
1.00083
1.3037
1.33029
1.08434
1.05079
1.06712
1.0411
1.17548
1.42692
0.999365
1.2416
1.01793
1.10319
1.35055
1.02005
1.18418
1.47854
1.00305
1.46353
1.2645
1.36283
1.04931
1.09128
1.1358
1.02355
1.39789
1.07724
1.0771
1.25624
1.06551
1.1431
1.13076
1.00147
1.00232
1.05067
1.19328
1.02047
1.36864
1.07264
1.28928
1.08515
227245000.0
526952000.0
194239000.0
410146000.0
811672000.0
152356000.0
285093000.0
281384000.0
154067000.0
315242000.0
158516000.0
153370000.0
341323000.0
394054000.0
189589000.0
205719000.0
150255000.0
736740000.0
636933000.0
183711000.0
301317000.0
350645000.0
136246000.0
169297000.0
601580000.0
504835000.0
556330000.0
408975000.0
701012000.0
405583000.0
343129000.0
141011000.0
214933000.0
277214000.0
385075000.0
187011000.0
334479000.0
706298000.0
129907000.0
346439000.0
403400000.0
174960000.0
254240000.0
426179000.0
142530000.0
440705000.0
364934000.0
329009000.0
235149000.0
497105000.0
272321000.0
169658000.0
158136000.0
150404000.0
160148000.0
771515000.0
278369000.0
244586000.0
384539000.0
177258000.0
644753000.0
234580000.0
300092000.0
132221000.0
160219000.0
155961000.0
285419000.0
441354000.0
219725000.0
169735000.0
605517000.0
367306000.0
189842000.0
493977000.0
576888000.0
201807000.0
444367000.0
146738000.0
289055000.0
748930000.0
181723000.0
604114000.0
390889000.0
300329000.0
202071000.0
189280000.0
579748000.0
336949000.0
153516000.0
141343000.0
210326000.0
157194000.0
549090000.0
161387000.0
255108000.0
234148000.0
190546000.0
296024000.0
271676000.0
171418000.0
414837000.0
159415000.0
568215000.0
140135000.0
304890000.0
148239000.0
304330000.0
205297000.0
147516000.0
182153000.0
203845000.0
597948000.0
365801000.0
234432000.0
312802000.0
138969000.0
166585000.0
266925000.0
167438000.0
226689000.0
186665000.0
190543000.0
504272000.0
142067000.0
287016000.0
493693000.0
476676000.0
179666000.0
352126000.0
149302000.0
141652000.0
642850000.0
508769000.0
217774000.0
547066000.0
311088000.0
556448000.0
170354000.0
354563000.0
217427000.0
144660000.0
251877000.0
378095000.0
522057000.0
203286000.0
267223000.0
146071000.0
189663000.0
159547000.0
131251000.0
199818000.0
278508000.0
237766000.0
515009000.0
529585000.0
333779000.0
573013000.0
307630000.0
264952000.0
421993000.0
172952000.0
382238000.0
294784000.0
258099000.0
164491000.0
148576000.0
368292000.0
147905000.0
511204000.0
278450000.0
292232000.0
181250000.0
309220000.0
189647000.0
275799000.0
314493000.0
203327000.0
345667000.0
159565000.0
151790000.0
129473000.0
176619000.0
718169000.0
366498000.0
241004000.0
828322000.0
209137000.0
500770000.0
195959000.0
179851000.0
400124000.0
657702000.0
198385000.0
203096000.0
262670000.0
312544000.0
305943000.0
407362000.0
195953000.0
169243000.0
421633000.0
175810000.0
318425000.0
145760000.0
344669000.0
181827000.0
213640000.0
289795000.0
183393000.0
151862000.0
187889000.0
169840000.0
405681000.0
374685000.0
308170000.0
288264000.0
208798000.0
210303000.0
144679000.0
638450000.0
236515000.0
135666000.0
230036000.0
338538000.0
310936000.0
572046000.0
299317000.0
243885000.0
253324000.0
277342000.0
542649000.0
196856000.0
240421000.0
143521000.0
194824000.0
370350000.0
339537000.0
224060000.0
191856000.0
518753000.0
174768000.0
382906000.0
376756000.0
151318000.0
725425000.0
310728000.0
671859000.0
198993000.0
759698000.0
143420000.0
602434000.0
304092000.0
317068000.0
151285000.0
356702000.0
213565000.0
612599000.0
242196000.0
164876000.0
569077000.0
150249000.0
128522000.0
144182000.0
389301000.0
417262000.0
361235000.0
162291000.0
536484000.0
467785000.0
251804000.0
373778000.0
334498000.0
292024000.0
469142000.0
282840000.0
195821000.0
749227000.0
746289000.0
256427000.0
200077000.0
324119000.0
192774000.0
158567000.0
363218000.0
162676000.0
156559000.0
300608000.0
542471000.0
148123000.0
208158000.0
156519000.0
728483000.0
387474000.0
624812000.0
160430000.0
243973000.0
311367000.0
244144000.0
464432000.0
153670000.0
212399000.0
234460000.0
665591000.0
520982000.0
149812000.0
301453000.0
426689000.0
208211000.0
256450000.0
605356000.0
342126000.0
158209000.0
401426000.0
536902000.0
219163000.0
322655000.0
228205000.0
191582000.0
130987000.0
310165000.0
244855000.0
368700000.0
305390000.0
143232000.0
278695000.0
366697000.0
245736000.0
647674000.0
595238000.0
214394000.0
393741000.0
250899000.0
245626000.0
272073000.0
227914000.0
156924000.0
203025000.0
527024000.0
206077000.0
222190000.0
270642000.0
137529000.0
143697000.0
296890000.0
199153000.0
184363000.0
576937000.0
195719000.0
247404000.0
496120000.0
359162000.0
338744000.0
181978000.0
413721000.0
454122000.0
290087000.0
188772000.0
238808000.0
380075000.0
241792000.0
215288000.0
167838000.0
216799000.0
323883000.0
155194000.0
139137000.0
151188000.0
162496000.0
158762000.0
720433000.0
182930000.0
358253000.0
163522000.0
301130000.0
345652000.0
330818000.0
681924000.0
183512000.0
360338000.0
523034000.0
187331000.0
167522000.0
141100000.0
186556000.0
152649000.0
182701000.0
161455000.0
280000000.0
231760000.0
409699000.0
205396000.0
232581000.0
375677000.0
189433000.0
239757000.0
304927000.0
253933000.0
199884000.0
244488000.0
217329000.0
466664000.0
185472000.0
320766000.0
184915000.0
217188000.0
225477000.0
193850000.0
486670000.0
343766000.0
192202000.0
156484000.0
144032000.0
248443000.0
247271000.0
265702000.0
166565000.0
180367000.0
229688000.0
212791000.0
131080000.0
229047000.0
137872000.0
647018000.0
262240000.0
130071000.0
447930000.0
170219000.0
476010000.0
276841000.0
278481000.0
181416000.0
331430000.0
283573000.0
482535000.0
521328000.0
187936000.0
225132000.0
322595000.0
555897000.0
365756000.0
167293000.0
365103000.0
167505000.0
172943000.0
166756000.0
169656000.0
356752000.0
239046000.0
408190000.0
211293000.0
252522000.0
331451000.0
152271000.0
392855000.0
176718000.0
569722000.0
432882000.0
138389000.0
285480000.0
257159000.0
236106000.0
303680000.0
199701000.0
580914000.0
182172000.0
180446000.0
260313000.0
604589000.0
131283000.0
197784000.0
643250000.0
488759000.0
701960000.0
707480000.0
450047000.0
319845000.0
133454000.0
143664000.0
421613000.0
347992000.0
324526000.0
216551000.0
380801000.0
168623000.0
511035000.0
411784000.0
246359000.0
413590000.0
391642000.0
180222000.0
329068000.0
203563000.0
588074000.0
256317000.0
141225000.0
322672000.0
349370000.0
222678000.0
364113000.0
238219000.0
215954000.0
184216000.0
151411000.0
291700000.0
219305000.0
619833000.0
648015000.0
184774000.0
365826000.0
325486000.0
354658000.0
240907000.0
233188000.0
149729000.0
255495000.0
142168000.0
308760000.0
236803000.0
175522000.0
191658000.0
471342000.0
634088000.0
237857000.0
507572000.0
439879000.0
395482000.0
200646000.0
158286000.0
152869000.0
289189000.0
271068000.0
144808000.0
435590000.0
162292000.0
257268000.0
175810000.0
215374000.0
180898000.0
296452000.0
249837000.0
417904000.0
189321000.0
173741000.0
534917000.0
462018000.0
258771000.0
147595000.0
631798000.0
252931000.0
219427000.0
224301000.0
148809000.0
133938000.0
261473000.0
244335000.0
381563000.0
171505000.0
348118000.0
357495000.0
181706000.0
216937000.0
287329000.0
236221000.0
277670000.0
584437000.0
204736000.0
151840000.0
157572000.0
179284000.0
619542000.0
186108000.0
213166000.0
249662000.0
161487000.0
395017000.0
250813000.0
301941000.0
289410000.0
346603000.0
700764000.0
160270000.0
168154000.0
323372000.0
190197000.0
164935000.0
238415000.0
445804000.0
159057000.0
308042000.0
252506000.0
369273000.0
381008000.0
610324000.0
207287000.0
213820000.0
152301000.0
152591000.0
201216000.0
140529000.0
172591000.0
203499000.0
698159000.0
217366000.0
144834000.0
455451000.0
179242000.0
240200000.0
168304000.0
379999000.0
453675000.0
158937000.0
419157000.0
198204000.0
205112000.0
435188000.0
162788000.0
564828000.0
337748000.0
591461000.0
318948000.0
220844000.0
560364000.0
306335000.0
151616000.0
150594000.0
242419000.0
282668000.0
227438000.0
175239000.0
276264000.0
373009000.0
525966000.0
195501000.0
295141000.0
247840000.0
406589000.0
144326000.0
173297000.0
331315000.0
170035000.0
148278000.0
133969000.0
174814000.0
689634000.0
286099000.0
263500000.0
475135000.0
630581000.0
524497000.0
212681000.0
310361000.0
386388000.0
425648000.0
321944000.0
157840000.0
172665000.0
192805000.0
180485000.0
721203000.0
222206000.0
491594000.0
421085000.0
152831000.0
811821000.0
461810000.0
197609000.0
190193000.0
155649000.0
754076000.0
191390000.0
301353000.0
137610000.0
224697000.0
370943000.0
177933000.0
170569000.0
177198000.0
201718000.0
188383000.0
146314000.0
421598000.0
291019000.0
278050000.0
508310000.0
595389000.0
161201000.0
301151000.0
480005000.0
222865000.0
216608000.0
300335000.0
300060000.0
279784000.0
278131000.0
263273000.0
344732000.0
499963000.0
507727000.0
198649000.0
233824000.0
395475000.0
151647000.0
300932000.0
162155000.0
176720000.0
556601000.0
259080000.0
355897000.0
226600000.0
264575000.0
155411000.0
177511000.0
333692000.0
518192000.0
152343000.0
493595000.0
182105000.0
387302000.0
171820000.0
563898000.0
460701000.0
690437000.0
361899000.0
364897000.0
215640000.0
307024000.0
132137000.0
135682000.0
195218000.0
163528000.0
341809000.0
250709000.0
607606000.0
159908000.0
144608000.0
415997000.0
293169000.0
605656000.0
133662000.0
545297000.0
238807000.0
291574000.0
172731000.0
512487000.0
501713000.0
468954000.0
275702000.0
210264000.0
436214000.0
223741000.0
360726000.0
299001000.0
269584000.0
221572000.0
485514000.0
429539000.0
136395000.0
147285000.0
324845000.0
144215000.0
342092000.0
247052000.0
293367000.0
188585000.0
246922000.0
472982000.0
296278000.0
187584000.0
173567000.0
143154000.0
602193000.0
496357000.0
277938000.0
148080000.0
422964000.0
210221000.0
289848000.0
392842000.0
516418000.0
222084000.0
188944000.0
629494000.0
133887000.0
187148000.0
280589000.0
148168000.0
246389000.0
331818000.0
513111000.0
200652000.0
428408000.0
137846000.0
205145000.0
241103000.0
141299000.0
700135000.0
671239000.0
696083000.0
256649000.0
137501000.0
156796000.0
245980000.0
274881000.0
283634000.0
143117000.0
205910000.0
285085000.0
497664000.0
424687000.0
544963000.0
253525000.0
144653000.0
193320000.0
256722000.0
459910000.0
155629000.0
150308000.0
276402000.0
187681000.0
215734000.0
374033000.0
151821000.0
265092000.0
508393000.0
258336000.0
232945000.0
218017000.0
177866000.0
296852000.0
322025000.0
502681000.0
217157000.0
221283000.0
289567000.0
380187000.0
581420000.0
182304000.0
131954000.0
595453000.0
170082000.0
168364000.0
791834000.0
504575000.0
202574000.0
281614000.0
178302000.0
212212000.0
157963000.0
249812000.0
159940000.0
623887000.0
232364000.0
205806000.0
187693000.0
433889000.0
466160000.0
633207000.0
349724000.0
381972000.0
175722000.0
195076000.0
284267000.0
136828000.0
386956000.0
225322000.0
201879000.0
456528000.0
167438000.0
202704000.0
173618000.0
398286000.0
167114000.0
325042000.0
209840000.0
421781000.0
142416000.0
144049000.0
482317000.0
232341000.0
238400000.0
550907000.0
271450000.0
155441000.0
361944000.0
223705000.0
221584000.0
639677000.0
155742000.0
153803000.0
471373000.0
158649000.0
232900000.0
138387000.0
326800000.0
415398000.0
281445000.0
205453000.0
161797000.0
158238000.0
132146000.0
174843000.0
436125000.0
359841000.0
193862000.0
174506000.0
378361000.0
224471000.0
222630000.0
514715000.0
400364000.0
312576000.0
249096000.0
149898000.0
287062000.0
227979000.0
578047000.0
314961000.0
502049000.0
429667000.0
159781000.0
214205000.0
143454000.0
168131000.0
420246000.0
169008000.0
223481000.0
295355000.0
134731000.0
553526000.0
213828000.0
139893000.0
646075000.0
544255000.0
265033000.0
364453000.0
177104000.0
479625000.0
236508000.0
166206000.0
277896000.0
140638000.0
218607000.0
253335000.0
142060000.0
580372000.0
340812000.0
154308000.0
486823000.0
221247000.0
291301000.0
581622000.0
176181000.0
693947000.0
193519000.0
257497000.0
335699000.0
285296000.0
186485000.0
457396000.0
285393000.0
176824000.0
167215000.0
243783000.0
189954000.0
240800000.0
529724000.0
202875000.0
149112000.0
286029000.0
175054000.0
766632000.0
213238000.0
175638000.0
468305000.0
404695000.0
142112000.0
272325000.0
144316000.0
188055000.0
149223000.0
741198000.0
530446000.0
293976000.0
629769000.0
142454000.0
676409000.0
297441000.0
189316000.0
589059000.0
173581000.0
548016000.0
298167000.0
258975000.0
323745000.0
432684000.0
264145000.0
153077000.0
617209000.0
170192000.0
223224000.0
269357767.820928
745653248.5908
341799803.659299
678312262.383592
397546882.714073
422572630.239895
547051590.608917
279678000.544809
324760995.760928
582765137.204793
458134754.017112
456418817.202211
660802620.561041
325183347.753009
252172084.73237
417330341.41925
468207995.146728
390355198.036997
371690093.913917
477806603.314757
293953226.402995
307265098.185562
222468987.148362
370750947.434971
367840114.877128
748185881.491472
351468580.411819
711817452.449181
844991517.568109
326323262.567728
586422742.024064
361371571.188977
578782476.016114
622462360.05632
687973683.444617
469707552.513281
651726881.001627
392374087.112071
432518210.884499
649817596.742484
604586861.951074
530468867.125787
608456630.556939
710093316.706434
450438606.876639
717163222.942457
536496893.682087
614370639.231293
269327306.372452
343522334.796798
635368598.599931
489986300.284084
302100133.741056
508291894.261293
360850521.246029
396851991.396358
534546016.785471
265402295.891401
698524510.576435
536464784.343849
375448580.830824
270476963.416995
603734416.935839
381889500.708774
523775172.150081
508083319.740237
578684380.031266
708995171.898498
440198957.063145
243605355.917719
827809349.34252
312665344.802466
251896104.468774
334468530.247088
747190693.658829
504786743.003011
716963764.090191
490684165.439107
283721206.387921
890389446.177492
454826776.775265
778034611.422312
678277044.112487
650421806.397095
452143169.109805
444071645.264477
356231621.634432
445023635.792136
233788436.013431
420791610.697807
521464412.285031
486711761.268032
357401440.29009
360462223.032404
537308076.196065
548317813.926843
389420818.878856
600894535.547653
546587768.500542
245924983.629999
733231577.990949
463541772.463659
783127833.140434
492390670.552532
290603100.057231
431235569.487814
637359271.829568
259057998.015474
450102813.877734
244744377.119935
260292522.256344
361064990.298822
596345831.556004
437867762.623662
630466910.264407
375188029.125604
486563879.074812
280583287.734141
494144610.608585
518784886.694453
399357232.337233
537412058.683818
349690117.056735
488132771.007508
447124697.41545
347653387.533684
688944001.374825
487104391.388762
691528242.45068
472731020.71262
375989105.800853
378331279.253171
347643746.815969
575181519.055937
791453084.217163
487113400.606298
766301003.395747
409450894.137496
610088992.95371
498095134.117214
353466285.287879
270024351.543515
308134945.734352
353834457.025752
558858060.415938
601576810.976233
476957684.090664
250052307.977418
457822140.852173
318185019.134775
488944226.381372
614715269.074163
496071164.65426
337305307.737625
783530469.305944
635684769.254086
361166477.455885
613084848.651118
278037772.082516
682606660.541848
354257220.880879
578270795.919115
611608644.286695
568861565.779701
509580576.734457
449333600.275025
287377017.901775
367684727.327063
335339880.651581
565623183.624482
289132277.917633
245000605.780653
526283245.985631
454223651.280112
619363862.758837
658570810.184741
565473186.927696
660633451.528426
380805935.342881
471119717.308063
409458794.894722
377545855.303606
369634287.608801
611065166.686013
271380883.923308
379546173.741527
573349315.673177
348953355.31767
495720522.689178
489669645.981621
318864320.27255
816892769.521039
487864235.14407
257650648.874631
384304830.408406
657699940.076807
290955633.068826
324551014.379801
509737124.855368
390774844.443526
690303721.932155
537050862.102285
294858584.059353
454610097.738383
587901239.935161
525863795.406746
498366665.755288
285364738.045764
464826769.90146
260948418.073112
536360424.003083
473618461.41002
318604806.045429
628405583.48437
588744865.712804
515674451.074161
546873472.043381
432043184.393712
493167647.512494
372145304.862958
488187919.359686
225026929.912832
548395269.142856
300613274.942206
634298805.411345
787977454.325366
447129084.894386
593654298.687696
267139079.78164
375416415.750087
356989785.810412
255694708.950772
516036456.840982
229333331.721858
563532012.351603
309657240.243118
676805524.656326
476088519.732927
554388434.883022
348871346.387596
459944419.80329
316564009.226981
611047965.868149
407104255.33947
387877282.811065
291261369.169348
858481433.722592
509498640.866435
885367691.925742
240944468.4
367819625.462924
628801062.575595
300790781.221219
380576267.465404
661205376.234663
418436980.664795
372387964.837309
417766508.039558
529533248.707737
807811254.545557
245716010.301961
223284255.878461
250957774.237077
688179696.313453
695180541.614278
304733096.605556
474618717.111004
721348230.349315
757090343.457225
566022856.308687
639700464.37842
296343720.776201
290463096.341051
710337472.560144
610525593.854033
438551607.195245
397790145.952647
398650011.658665
529344052.537923
563066980.313699
587692603.509149
559399291.638145
431917531.981402
315495984.687285
452509824.578451
528534681.574492
623152443.485858
353953325.463138
464515153.573439
519045653.898676
464948214.33595
393771854.075304
706170357.177911
790142488.223743
498919221.585371
273725599.821052
673900263.299193
509303306.577517
702832087.050648
443120744.364072
507224257.531737
516260957.716452
860628259.962602
356312568.187576
483795078.672655
296121704.107111
319273002.122833
535810640.930915
278273933.931434
370355977.464735
629302971.042257
420829100.228424
319576886.561201
766892118.26847
564880518.226033
299989856.288315
581702736.5504
556120993.803551
414326079.07358
639463452.416952
480601057.898618
647566592.487973
296030404.348767
445432926.606038
578547289.784754
308345235.121913
474182111.588277
381997501.801532
365446603.735049
509247017.683419
601802980.078917
470490724.695157
554426078.042739
285215574.883678
548816479.817683
435611565.268428
257221132.81755
347491952.692339
519864335.775905
505686263.037673
274753910.347759
406953682.954513
346578810.105956
630130304.053623
555838435.886796
489963826.334749
794265662.195894
251663391.772989
507604161.641282
751182533.818323
695936972.772707
545638866.316943
424050185.550446
324568273.638803
610580630.027437
272083547.898328
251713808.031015
467143184.437358
636771667.459497
543363266.581701
474966155.788705
244798069.891167
264008338.572086
613046851.44684
381353370.345335
384690033.446106
318481892.747146
466839241.037395
467792333.097839
390259187.809244
428845895.200586
297947520.049103
451564674.683208
284992763.93668
308069614.303418
305376312.033763
794609846.292173
503318196.876502
661978845.084751
354147987.483091
507234042.760551
477492090.575879
367605431.479745
500016250.053899
483018001.163564
471005673.318319
238745230.862447
547051564.976655
261494511.46466
309770024.882346
545626279.953671
576167335.888324
311125234.763057
436270377.169029
579204174.023338
583133110.808784
579648280.282832
405953887.035531
508315983.80674
541551154.395214
318481642.310133
534846693.639856
628266049.197876
541694507.81759
492078147.90851
456851040.895054
416019657.425561
753139706.374999
636983512.734026
375300562.826739
327522620.327946
387615983.670363
542792672.226921
584974723.503829
440148066.24349
489292504.569666
244667597.229258
527554993.478045
261612119.8567
382501977.072377
469943235.181248
338584721.670938
822947489.471867
498606121.207192
221370475.73317
733446523.303892
472880957.382797
757745507.853829
572801848.376053
639282699.946266
405270764.715324
300515635.604357
628544503.585727
702797294.290553
782544815.854472
431036624.973336
507318451.425873
672537751.663692
800595605.758531
314038467.057793
243616090.771765
311246900.316741
243691313.179963
480810911.14376
381195336.390317
484493053.132816
303927480.74926
583305886.184393
311676629.393208
480996798.661003
280015789.14782
663953965.272008
507621998.131502
653467433.745978
482423253.210208
794868071.942184
703612356.264304
410150365.890464
289914294.113856
278924945.655417
273598119.183528
619037421.761934
578683609.403252
783776907.544643
239526967.975977
546398825.316544
599224538.220659
359579039.267492
481129008.278289
554569600.085131
380083989.187568
721932733.030519
822461428.656703
379242360.383717
332817563.234744
575651673.400544
223869741.771877
415897496.026107
633159976.731124
670038837.246078
296096608.056423
472864689.986487
663544440.099579
242082381.289203
351653214.214965
677163809.727422
536673554.264609
640968365.767244
319415417.224094
509245364.188349
634437282.14957
307639864.75867
785632951.367332
490204986.824579
435461758.148102
299562484.461586
299995688.734692
267193571.811356
573958271.543395
272714417.737955
570144352.636981
523073951.173766
504924573.069802
494532855.38913
262559705.763072
357159116.068298
378245352.236475
460799456.582486
313599091.241187
289155336.810061
586536100.482624
476013037.928683
555313539.599604
415997779.089829
273929276.33438
474389892.036073
581455895.663938
418827149.315765
500864605.782849
436184133.273161
731513597.769218
376710770.666792
571460000.638882
346356029.456905
330807497.492985
682700191.547313
503927409.849118
329799282.738079
469095452.967508
535638979.983121
280620888.786161
453976254.659057
329271676.600929
431515169.499536
571930854.222729
540211756.493558
540760259.328736
543085901.756462
612488170.739479
515785692.116788
657560695.319658
461586594.075463
495465778.766905
353293331.12704
656459370.077497
507507682.995151
374987911.356086
783580722.423653
580202696.785964
573422633.181076
556486235.597891
231029734.578709
484151501.989129
618672358.19772
598504067.951803
675131778.077132
461729285.374394
610690251.615972
663683500.551365
481810333.732382
530509847.098767
440433454.440783
602835683.48473
594721762.437375
365013846.728363
556693599.226864
315109613.659982
478925651.963075
493190538.665639
797475277.052051
246671364.74574
261666456.979179
473961029.837956
425024759.270994
322192065.42862
273202827.893408
289253399.792783
621780785.785075
641491748.744309
830225368.396968
478924475.935578
240800660.622704
569545652.437063
251950569.581619
527411535.896713
261837643.87202
626847287.141734
523189546.584064
537179242.910549
276175089.163423
673468586.442833
708471389.28556
835331382.349545
531605400.649568
532118453.544676
459913885.466066
316826648.615435
367874097.096092
261261609.921661
492326003.05864
465543794.194352
379547115.920073
564650275.256702
232893915.812232
751267685.261828
456071202.535168
453574042.174465
404846668.392469
684287455.655735
695067269.71209
512914784.401622
703332762.905813
560682369.489413
257653742.02278
700391593.679956
239531440.552815
352828619.113971
656591139.251775
811340096.582263
650705887.222571
576589625.759436
356562118.569141
550010608.251778
234114391.911802
520420460.492534
539954443.278924
627405503.950169
588218346.260059
391629706.549962
282708821.525325
694589993.448655
343064999.972499
443683375.591874
577880697.412426
598188213.661152
688744164.532033
445156610.230311
471534833.928338
624894124.298738
541479767.208315
506550888.693228
480492632.371637
513493198.231514
387301339.85204
520077571.872399
577898299.740302
340829720.808531
372014528.599566
346310310.24169
547760058.492038
621008224.13246
698238430.410181
332990735.282718
592946196.763361
316997237.666689
467333100.880511
442779038.612274
424566798.42459
832008846.50825
490323746.705648
666507350.994155
330563108.765358
499393460.607458
392967807.938087
336617266.057998
481709444.789505
244038876.550929
518276046.182347
399046704.610645
556136633.325693
544668289.699422
348678260.840831
461330302.821095
308935869.449459
337998450.666338
238934331.161178
444377666.735264
257367407.371674
480703977.451125
492765529.406634
721842045.933704
284569288.558971
617623578.66588
341070050.574865
358422064.79177
540487874.819784
633771389.984328
340919337.521598
563499734.080615
529220167.539866
619806258.143591
289766596.913727
627819121.226573
617972663.104872
628588715.42277
655223014.639579
349710030.363845
643144987.515892
253835190.843405
263964673.287145
691523898.837229
467617524.836407
579634578.683825
423360934.395535
236102635.878134
789597755.50632
273498002.039256
659969989.896769
561807876.799401
550844388.271456
232011912.187844
516886435.370027
302768781.464998
772638525.441132
401884672.571085
742773642.813301
442405788.356011
671994567.311194
487756290.018121
788856182.13373
722796896.567989
385237868.660801
288244197.732281
300902098.417989
536288749.570809
615407598.578272
418593275.584793
447171718.699049
542912824.3227
524066251.779559
299367640.40865
443120333.19303
369794089.964429
370870817.819851
477181901.093085
323554305.226368
632223366.058847
808543795.953429
460344545.291818
348034237.46913
496124217.490433
581267182.823722
488538575.740764
711829309.928181
349934368.552476
323075606.409857
616009100.586495
519149466.302626
724897673.909982
268162552.41612
656752535.306703
569724775.394512
285243089.680038
478395335.900691
746872221.59403
692538666.466716
222575633.862469
458462176.126024
303461146.001915
397142631.461133
631557750.462638
269969403.856409
626008768.91789
500318696.093459
498845520.756324
340291061.624611
286414911.052331
489903854.263216
442963936.241855
390789677.606415
361549943.432848
740271908.10393
591225919.024233
469510854.646235
701407103.373597
555890492.117283
285916777.413464
693131368.384156
696357744.448281
523719338.013084
246374884.829599
374738755.308493
327628640.275664
503275263.834247
290185870.52905
422108039.994461
585838274.17682
655616728.161682
346841617.28635
413059477.84456
743511016.056363
226392685.495964
488186350.714819
558353316.000434
408963509.446373
800815493.217128
381936413.995331
768577039.768194
459433216.978264
469412580.258848
432620888.665192
547267903.823601
551653242.146217
538941372.122973
413011419.470379
538232733.518717
565309363.437329
769197806.243257
329352378.334698
803089668.504931
606510611.22003
360285357.116239
539476694.356507
575805391.508238
339745315.015368
469037465.918152
321423649.281413
619201694.93928
394366510.327962
539950893.223907
573308956.571773
386918176.234581
510142987.699513
690514790.941827
561219855.425155
576845300.32868
570414291.341863
472843895.302417
292936319.183472
608728910.718404
346514816.662583
580055563.07726
558346465.522318
631452699.734899
602870196.635199
360983789.732271
531349356.275687
373522385.623892
744652858.661158
486971888.125083
488234102.559147
389330119.144798
350215207.97843
470105885.564699
285396507.190801
420845701.803346
491228824.685418
238063045.32269
274518423.53824
501753647.347118
357438104.702378
557335082.671957
530444096.616756
532470604.121474
329041529.774127
644619257.392632
366217069.702771
671933708.211897
316594476.696539
446887591.484827
513409920.096224
595415558.746641
337723086.46693
318467425.848041
265016094.77036
332346307.16416
328819287.997392
434274241.274005
503262867.479768
531651056.417082
560650467.112629
243136395.277914
634683279.7124
471421488.904314
331067021.214676
226990897.912032
482625857.455968
658674634.829709
270563821.186001
271861974.927276
349914595.588822
536782935.073595
407079736.575523
685122535.905043
451338464.148462
445589714.806024
811373104.677698
414478327.839233
444206404.828537
699962629.529045
486982499.715649
600847824.03954
307788784.645413
600951779.118234
723720073.858564
285431525.566161
259437321.622156
226998576.865481
428440049.977162
399656632.341508
480226721.509233
672793622.733147
680696750.419716
494151981.984541
239510379.907594
316990708.362715
494632093.9733
572499451.62882
353845054.97169
712629940.77433
619018427.408701
536002072.798195
425414724.313874
290273660.242705
254418342.740623
364562606.276896
462906552.060027
340406516.452901
328469128.134796
283937752.383219
557295887.628312
424334575.749064
464473158.031772
679945907.725988
521257234.813048
423420850.269722
590523882.326469
418462748.226821
352369867.558974
561476038.686014
462147357.157883
819100305.13684
783743828.40336
438833369.892592
460885547.245253
407918335.182184
722528175.420247
506672099.144143
364798260.223528
541282572.942825
225284319.310837
372359448.809089
459489504.10417
452003497.320802
787036853.898828
602855879.038555
458091815.578669
719125729.865351
513258117.72539
602747652.150924
365508494.913826
488434497.255123
381773360.39306
354537436.007182
591800114.263874
587137620.975958
285734756.265643
469946194.104668
698369817.990384
633818308.108649
532964161.958433
439933301.7966
530196361.905065
329132805.550471
504394399.588498
354401168.195511
258527233.195099
231969629.037345
645627224.582697
237345481.851388
891824897.142569
572661703.950788
535067082.798378
342731670.456239
733852614.889725
488192762.995803
286626143.860725
428019982.037575
245417952.73473
224226917.255244
385535852.815421
627631615.479049
536759612.230584
365150947.261126
338077145.983054
384812998.419195
582865656.946429
247131308.440366
735290866.856143
536226001.99588
745442585.065411
647525933.462487
598709066.18786
301268949.757458
318280756.792423
522982813.900528
435810360.337497
374367111.229345
532927090.243714
548789091.892385
