1
1.00049
1.00442
1.00279
1
1.00001
1.00228
1.02892
1.00361
1.00353
1.03006
1.0107
1.00002
1.00001
1.00001
1
1.00001
1.00016
1.00009
1
1.00399
1
1
1.00001
1.00216
1.00123
1
1.00001
1.03693
1.00001
1.00841
1.03829
1
1
1.00001
1
1.00521
1.02754
1.00401
1.00001
1.00001
1.00001
1.00499
1.00549
1
1.01721
1.00001
1.00192
1.01342
1
1.00002
1.01349
1.00984
1.01163
1.00001
1.00001
1.00468
1
1.02394
1.01823
1.00434
1
1.00001
1.00006
1.00003
1.00088
1.0021
1.00001
1.00968
1
1.00002
1.00001
1.01862
1.00002
1.00139
1
1.00001
1.02435
1.0054
1.00684
1.00001
1.01884
1.02115
1
1
1.00003
1.00591
1.03605
1.00807
1.10281
1.00003
1.06112
1.02004
1.00001
1.00409
1.00001
1.00001
1.05629
1.05903
1.00001
1.00005
1.00001
1.00844
1.00002
1.00001
1.00731
1.00324
1.01548
1.00001
1.00002
1.0011
1.00001
1.02701
1
1.00001
1.01494
1.00001
1.00001
1
1.00258
1.06539
1.00943
1.02012
1.00001
1.00322
1.00504
1.00001
1.00002
1.02136
1.00001
1.00001
1
1
1.00001
1.07279
1
1.14116
1.00003
1.00524
1.00001
1.00001
1.00046
1.00503
1.0185
1
1.00661
1.00089
1.07499
1.00002
1
1
1.00002
1.00995
1.00001
1.04126
1.01434
1
1
1.00001
1.00066
1.00434
1.00001
1.00001
1
1.00001
1.00001
1.00001
1
1
1.00008
1.01906
1.04562
1.00027
1.00234
1.00001
1.00001
1.00379
1.00001
1.00361
1.00265
1.0114
1
1.00001
1.00002
1.00186
1.03138
1.1476
1.00001
1.00973
1.00005
1.02246
1.00001
1.02683
1.00001
1.00001
1.00004
1
1.00001
1.00002
1.02534
1
1.00001
1.00002
1.00002
1.01062
1.04512
1.00821
1.00157
1.03229
1.01851
1.01775
1.00002
1.02623
1.00443
1.00966
1.00001
1
1.00001
1
1
1
1.0003
1.00259
1.00294
1.01881
1.00078
1
1.00114
1
1.00003
1.02775
1.02675
1
1.00604
1.04378
1
1.00173
1.00203
1.08835
1.00169
1
1.00337
1.00005
1.00071
1.00001
1.00001
1.17855
1
1.00001
1.00001
1.00002
1.00001
1.00002
1.00002
1.00001
1.02198
1.00037
1.0026
1
1.01673
1.0029
1.00152
1.00001
1
1.00005
1
1.00772
1.00132
1.00326
1.04378
1.00001
1.00003
1.00001
1.03144
1.00001
1.06066
1.00003
1
1.0002
1.00061
1.00006
1
1.00506
1
1.00001
1.00631
1.00411
1.00001
1.00701
1.00001
1
1.0007
1.00059
1
1.02697
1.00312
1.04254
1.00002
1.00716
1
1.02084
1.00003
1.00765
1.00193
1.00002
1.00002
1.00362
1.00001
1.03972
1
1.0222
1.01822
1.00003
1.03655
1.00001
1.0299
1.00001
1.00001
1.00001
1
1.01232
1.00363
1.01417
1.00001
1
1.00001
1.00002
1.00001
1.0065
1.00001
1.00004
1
1.00001
1.00001
1.07072
1.00005
1.0007
1.00001
1.11479
1.00001
1.00001
1.00001
1.00069
1.00311
1.02151
1.05534
1
1.01709
1
1.01449
1.00862
1
1.00871
1
1.02071
1.02878
1.00001
1.00001
1.00235
1.02374
1.00002
1.00001
1.00001
1
1.00001
1.00674
1.00415
1.04091
1.00001
1
1.00001
1.00001
1.01324
1
1.0016
1.01066
1
1.01162
1.00751
1
1.00007
1.0331
1.00001
1.02868
1.00372
1.00001
1.00001
1
1.01122
1.00003
1.03039
1.00462
1.00277
1.0047
1
1
1.01295
1.00001
1.00001
1
1.00655
1.00001
1.00001
1.00002
1.00001
1.00001
1.00001
1
1.00048
1.00028
1.00278
1
1.00169
1.00797
0.999999
1
1.00199
1
1
1
0.999999
1
1
1
1.00015
1
1
1.00398
1
1
1
1.00215
1.00122
0.999999
1
1.00642
0.999999
1
1
1
1
1
1
1.00519
1.01425
1.00401
1.00189
0.999999
0.999999
1.00498
1.00548
0.999999
1
0.999999
1.00191
1.00117
1
1
1.01349
1.00701
1
1
1
1.00467
1
1
1
1.00434
0.999999
0.999999
1
0.999999
1.00088
1.0021
1
1
1
1
0.999999
1.00155
0.999999
1
1
1
1
1.0054
1.00684
0.999998
1
1
1
1
1
1.00587
1.00251
1
1
1
1.01056
0.999999
1
1.00409
1
0.999999
1.01271
1.01059
1
1
1.01276
1
1
1
1.00731
1.00324
1.00219
1
1
1.0011
1
1.00198
1
1
1.00001
1
1
1
1.00256
0.999999
1.00002
1.00756
1
1.00321
1.00504
1
1
1.00262
1
1
1
1
1
0.999999
0.999999
0.999999
1
1
1
0.999999
1.00273
1.00502
1
0.999998
1.0066
1.00476
1
0.999999
0.999999
1
1
1
1
1.00352
1
1
0.999998
1
1
1.00435
1
1
1
1
1
1
1
1
1.00007
1.00809
1.00386
1.00293
1.00229
0.999998
1
1.00379
1
1.00252
1.00264
1.01139
1
1
0.999998
1.00186
1.00133
1.00069
1
1
0.999999
1
1
1.00799
1
1
1
0.999999
0.999999
0.999999
0.999999
0.999999
1
1
0.999999
1
1.00589
1.00821
1.00156
1.01567
0.999999
0.999999
0.999999
1.02623
1
1.00965
1
1
1
0.999999
0.999998
0.999999
1.00029
1
1.00293
1.0041
1
1
1.00113
1
1
1
1.00162
0.999999
1.00604
1.01362
0.999999
1.00172
1.00202
0.999999
1.00169
1
1.00336
1
1.0007
1
1
1
1
1
0.999999
1
1
1
0.999999
1
1
1.00035
1.0026
0.999999
1.01672
1.0029
1.0015
1
1
1.00005
1
1.01148
1.00131
1.00325
1.02449
1
1
1
0.999999
1
1.01032
1
0.999999
1.0002
1.00505
1
1
1.00506
0.999999
1
1.0063
1.0041
1
1
1
1
1.0007
1.00058
0.999999
1.00109
1.00311
1.01412
1
1.00716
1
1
0.999999
1.00671
1
1
0.999998
1.00357
1
1
0.999999
1
0.999999
0.999999
1.00776
1
1
1
1
1
1
1
1
0.999999
1.00123
1
1
1
1
0.999999
0.999999
1
1
1
1
0.999999
1
1
1.00001
0.999999
1
0.999999
1
1.01082
1.00578
1
1
0.999999
1.00022
0.999999
1.01449
1.00862
1
1
0.999998
1
1.00097
1.0026
1
1.00235
1
1
1
1
0.999999
1
1.00673
1.00414
1.00067
0.999999
1
1
1
1.00119
0.999998
1.00281
0.999998
0.999999
1
1
1
0.999998
1.01382
1.00038
1
1.00371
1
1
1
1.0058
1.00438
1
1.00462
1.00275
1.00722
1
1
1.01294
1
1
1
1.00653
1
1
1
1
1
1
1.00278
1
1.00439
0.999999
1.00239
0.999998
1.00071
1
0.999999
1
0.999999
1.00446
1.01738
1
1
1
1.003
0.999999
1.01573
1.00105
1.00015
1
1
1.00101
1.00154
1.00252
0.999999
1.00474
1.0019
1
1
1.00383
1.00082
1
1
1
1
1
1.00367
1.00388
1.00221
1
0.999999
1.00093
1
1
0.999999
1
1.01549
1.00454
1
1
1.00588
1
1
1
1.00086
1
1
1
1
1.00205
1
1
1
1.00154
0.999999
1
1.00016
1
1.0006
1
1.00591
1.00062
1.00011
1.00434
1.009
1
1
1
1
1.00233
1
1
0.999999
1
1
1
1.01317
1
1.01391
1
1.00384
0.999999
0.999999
0.999999
1.01119
1.0009
1.00886
1.00011
1
1.0004
1
1
0.999999
1
1.00731
1
1
1.00152
1
1.00165
1
1
1.00054
0.999999
1.00139
1.00288
1.01075
1
1
1
1
1.0041
1.00089
0.999999
1.00097
1.00013
0.999999
1
1
0.999999
1.00547
1.00163
1.01878
0.999998
1
1
1
0.999998
0.999998
1.00896
0.999999
1.00285
1.0028
0.999999
1
1
1.0062
1
1.00572
1.01027
0.999999
1
0.999999
1.00146
1
1
1
1.01098
1.01119
1
1
1
1
1
1
1
1.0043
1
1.00532
1.00793
0.999999
1
0.999999
1
1
1
1.00323
1.00285
1.00628
0.999998
1.00916
0.999999
0.999998
1
0.999998
1
0.999999
1
0.999998
1.00189
1.00934
1
1.00041
1.00651
1
1
1
1
1
1.0046
1.00374
1
1.00492
1
1
0.999999
0.999999
0.999999
1.00139
1
1.00339
1.00134
1
1.00186
0.999999
1.00826
1.00285
1.00166
1
1
1
1
1.00816
1.00002
0.999999
0.999999
1
1
1
0.999999
1
1.00022
1
1
1
1
1
1.00064
1
1
0.999999
1
1.01312
1
1
1
1
1.00276
1.00651
0.999999
1
0.999999
0.999999
1
1
1.00185
1
1
1.00208
1
1.00287
1
1
1
1
1
1
1.00381
1
0.999999
0.999999
1.00971
1
1
1.00035
1.00981
0.999999
1.00161
1.00034
1
1
1.00222
1
1
1
1.00737
0.999999
1.00813
1
0.999999
1
0.999999
1
1.00162
1
1
1
1
0.999999
1
1.00069
0.999999
1.0045
1
1.0005
1
0.999999
1
1.00548
1
1.00057
1.00252
1
0.999999
1.00424
0.999999
1
1
1
0.999999
1.00616
0.999999
1
1
1
0.999999
1.00675
1
0.999999
1
1
0.999999
1
1
0.999998
1.00527
1
1
1
1
1
1.00782
1.00415
1.00636
1.00191
1.0113
1
1
1.00484
1
1.00542
1
0.999999
1.00555
1
1.00082
1
1.01634
1.00159
1
1
0.999999
1
1
1.00056
1.0028
1.0148
0.999999
0.999999
1.00252
1
1
0.999999
1
1.0042
1.02005
0.999999
1
1.00156
1.0016
1.00708
1.00431
1.00872
1
1
1
1
1
1
0.999999
0.999999
1
1
1
1.01461
1
1.00096
1.00026
1.00646
1.00031
1
1
1.00432
1.00105
1
1
1.00092
1
1.00064
1
1
1
1
1
1.00025
0.999998
0.999999
0.999999
1.00439
1.00176
1.01009
1.00781
0.999998
1
1.00401
1.00002
1.00993
1.01545
1
1
1.00521
1
1
1.00385
1.00881
1.00395
1.0007
1.0027
1.00345
1
1
1
1
1
1
1.00104
1
1.008
1.00137
1
1.00197
1.00153
1.00199
1.00347
1
1
1
1.00187
1
0.999998
1
1.00397
1.00201
1
1
1
1.01264
1
0.999999
1
1.00114
1
1.00906
1
0.999999
1.00951
1.0052
1.01685
1.00085
0.999999
0.999999
1
1.00418
1.00027
1
1
1
1
0.999998
1
1.00418
1
0.999999
1
1
1.00974
1.00197
1
1.00387
1
1.00053
1
1.00475
1
1
0.999999
1.00835
1
1
1.0011
1
1.00012
1.00359
0.999999
1.00285
1.00003
1
1
1.00199
1
1
1
1.00071
1
1
1
1
0.999999
1.00319
0.999999
0.999999
1
0.999999
1.004
1
1
1.0065
1.01311
1
1
1
1
1.01985
1
1
0.999999
1
1.00112
1
1.01751
1.00653
1.0003
1
1
0.999998
1.00768
1
1
1.00162
1.00006
1.00729
1
1
1
1.00375
1
1.00057
1
1
1.00204
1.02054
1.0018
1.00065
1
0.999999
1.00172
1
1.01685
1.01523
1
1.00703
1.00417
1
1.0018
1
1.00712
1.00027
1
1.00443
1.00116
1
1
1.00049
1
1.00048
1.00028
