1.01169
1.01775
1.04342
1.03154
1.02196
1.01687
1.08271
1.02829
1.10857
1.01163
1.0535
1.02577
1.03076
1.0207
1.08099
1.09701
1.01231
1.03416
1.02562
0.999159
1.00766
1.03133
1.02387
1.01982
1.02004
1.02675
1.04662
1.01809
1.19799
1.03142
1.01624
1.04951
1.0194
1.26319
1.01671
1.03473
1.00789
1.03099
1.01463
0.999953
1.04072
1.01173
1.08924
1.1088
1.02168
1.01142
1.06063
1.04494
1.0777
1.01304
1.02856
1.02463
1.01767
1.09509
1.00474
1.03416
1.06524
1.02207
1.02756
1.02516
1.11078
1.00883
1.03257
1.05876
1.01155
1.01639
1.00184
1.0713
0.999283
1.01961
1.02496
1.06287
1.00609
1.03455
1.15341
1.02925
1.02641
1.01556
1.00021
1.0391
1.0575
1.00956
1.02777
1.20956
1.08175
1.04424
1.02546
1.03206
1.01194
1.01117
1.03283
1.03128
1.03755
1.00852
1.05386
1.15424
1.03913
1.01955
1.16189
1.12869
1.02562
1.0392
1.03705
0.999105
1.00995
0.999349
1.1138
1.14817
1.18997
1.03794
1.02375
1.04601
0.999903
1.01816
1.04304
1.01285
1.04999
1.03236
1.02788
1.04454
1.00536
1.04293
1.02066
1.16551
1.02694
1.03131
1.0412
1.07862
1.00043
1.10617
1.03771
1.06785
1.08552
1.07142
1.00656
1.00717
1.02036
1.04872
1.01582
1.04541
1.02329
1.01311
1.02769
1.03905
1.03525
1.10611
1.01838
1.0576
1.04103
1.01421
1.01617
1.04472
1.01906
1.03687
1.20917
1.00728
1.06265
1.03677
1.02734
1.08507
1.05514
1.02852
1.10134
1.06205
1.05807
1.02031
1.05896
1.0257
1.03384
1.14289
1.03923
1.00755
1.03616
1.02506
1.01941
1.00847
1.04091
1.01673
1.06692
1.0376
1.18577
1.04371
1.00897
1.23463
1.06903
1.01687
1.00471
1.00061
1.00862
1.03259
1.00855
1.06549
1.07003
1.02614
1.0427
1.02386
1.06953
1.04379
1.02249
1.00061
1.02881
1.10964
1.17859
1.04674
1.03049
1.03374
0.99935
1.02915
1.19428
1.04847
1.02802
1.01029
1.00772
1.02829
1.0442
1.10156
1.09951
1.01751
1.03339
1.0054
1.02873
1.0005
1.0098
1.03595
1.02734
1.03714
1.02108
1.01363
1.18023
1.07319
1.05034
1.03905
1.01048
1.02527
1.03106
1.01589
1.01513
1.06696
1.04611
1.02423
1.03166
1.02968
1.00806
1.00969
1.02981
1.11673
1.02407
1.15955
1.06748
1.12269
1.02782
1.02894
1.00349
1.02714
1.02552
1.03174
1.03765
1.04786
1.07015
1.03176
1.04692
1.03472
1.00762
1.01752
1.03185
1.01904
1.01312
1.042
1.04491
1.02227
1.02167
1.00411
1.02718
1.0463
1.02241
1.22165
1.12428
1.01828
1.10482
1.0397
1.03825
1.09343
1.032
1.02858
1.02743
1.03323
1.01065
1.01304
1.03428
1.03806
1.02358
1.00485
1.01618
1.03361
1.03284
1.05868
1.07668
1.01985
1.02735
1.02355
1.00701
1.04042
1.0389
1.02742
1.01884
1.03075
1.01151
1.03618
1.09879
1.03542
1.04159
1.01605
1.21297
1.03598
1.00624
1.0251
1.01991
1.04203
1.03974
1.02926
1.01534
1.06803
1.02224
1.07399
1.03614
1.03643
1.02475
1.02379
1.0782
1.02885
1.08263
1.03908
1.0337
1.04108
1.01589
1.0156
1.02417
1.02485
1.02814
1.06262
1.03795
1.20806
1.00403
1.02682
1.01397
1.23727
1.02978
1.03539
1.18291
1.03199
1.06608
1.03638
1.03736
1.03972
1.01516
1.10293
1.01236
1.07997
1.04779
1.01295
1.07888
1.03422
1.00465
1.01073
1.0035
1.04653
1.1525
1.03529
1.15716
1.0228
1.02983
1.08662
1.00407
1.21607
1.01709
1.01835
1.04493
1.00163
1.01542
1.01897
1.00475
1.03788
1.09012
1.00095
1.09862
1.03299
1.03624
1.0093
1.0215
1.02814
1.05036
1.01953
1.04198
1.01889
1.02382
1.05349
1.0156
1.17816
1.02177
1.03872
1.01854
1.05107
1.04365
1.03029
1.03841
1.02362
1.01881
1.02854
1.02162
1.05054
1.00438
1.06714
1.03788
1.03723
1.10628
1.0333
1.04038
1.05725
1.00703
1.0749
1.02407
1.07191
1.00296
1.02167
1.03135
1.01465
1.24257
1.0394
1.03391
1.04715
1.02874
1.01446
1.10147
1.02827
1.06533
1.03296
1.00912
1.04826
1.08621
1.02754
1.01937
1.07203
1.01181
1.03183
1.21946
1.02385
1.07362
1.13299
1.09362
1.04426
1.02664
1.00161
1.01936
1.033
1.0048
1.02127
1.02938
1.01681
1.03538
1.02662
1.01866
1.02182
1.02158
1.01705
1.02492
1.02196
1.01389
1.01256
1.06918
1.03877
1.13508
1.02519
1.04144
1.02243
1.07893
1.02184
1.02673
0.999986
1.07366
1.03227
1.02723
1.00706
1.05752
1.01689
1.08311
1.04209
1.02969
1.01049
1.14706
1.04066
1.01417
1.03009
1.05512
1.00587
1.01352
1.1201
1.02532
1.06297
1.02901
1.03269
1.01709
1.04014
1.00313
1.02489
1.05231
1.25313
1.09922
1.05978
1.02091
1.01106
1.02965
1.00478
1.06561
1.01837
1.01199
1.03304
1.03521
1.02294
1.03618
1.00938
1.1015
1.02863
1.04027
1.06698
1.00794
1.0205
1.02564
1.18881
1.02282
1.01356
1.035
1.01559
1.00875
1.00272
1.02597
1.06995
1.03262
1.03979
1.04636
1.1486
1.01952
1.02256
1.16944
1.05186
1.03669
1.07157
1.08992
1.02732
1.03332
1.06759
1.01382
1.04507
1.03239
1.04509
1.05087
1.03545
1.00646
1.03867
1.25936
1.06597
1.04756
1.03788
1.14499
1.07115
1.03617
1.04058
1.05412
1.09463
1.03547
1.18024
1.01979
1.03218
1.01126
1.05163
1.03697
1.04929
1.02777
1.03287
1.02726
1.0008
1.135
1.10693
1.03696
1.03437
1.05349
1.00066
1.02008
1.07484
1.03169
1.03696
1.02274
1.03921
1.04129
1.01574
1.02289
1.00835
1.00635
1.02501
1.03796
1.01902
1.01208
1.05282
1.04543
1.0293
1.00964
1.04037
1.03798
1.01385
1.02809
1.0077
1.02315
1.07806
1.01668
1.00398
1.03887
1.03073
1.03444
1.06939
1.12742
1.06521
1.07366
1.08686
1.09077
1.07874
1.01064
1.07573
1.03805
1.02088
1.02234
1.06635
1.03767
1.02229
1.03062
1.0244
1.06159
1.00016
1.03072
1.00335
1.03317
1.02599
1.03611
1.0847
1.02474
1.10105
1.01696
1.01718
1.00886
1.07081
1.02475
1.02085
1.02141
1.10147
1.01728
1.01972
1.01218
1.03539
1.06371
1.01098
1.03094
1.07944
1.058
1.01728
1.00861
1.02968
1.20281
1.02943
1.11905
1.02709
1.09465
1.03233
1.02186
1.14644
1.05743
1.01508
1.05357
1.0388
1.02781
1.02615
1.02455
1.02756
1.03355
1.00799
1.02273
1.00945
1.02624
1.02482
1.01235
1.01887
1.00704
1.05348
1.05476
1.01535
1.06776
1.01853
1.04103
1.02355
1.01836
1.05986
1.02277
1.0209
1.00081
1.0642
1.04512
1.02469
1.04879
1.02956
1.02883
1.03067
1.0209
1.12678
1.00438
1.05235
1.00957
1.0125
1.15069
1.07545
1.01086
1.03272
1.05313
1.00187
1.01689
1.0121
1.12056
1.03617
1.0173
1.06524
1.03098
1.02699
1.09446
1.02259
1.00538
1.01982
1.03378
1.08039
1.0125
1.09169
1.00653
1.00979
1.02476
1.05057
1.01478
1.05983
1.02505
1.0939
1.12741
1.22906
1.21087
1.067
1.03012
1.01453
1.11092
1.00926
1.03503
1.02782
1.02047
1.02174
1.02253
1.01299
1.02108
1.01484
1.01601
1.00984
1.09262
1.02292
1.02578
1.03566
1.01596
1.04617
1.02586
1.03192
1.03459
1.04808
1.04909
1.01565
1.06785
1.03007
1.21087
1.00414
1.03646
1.03716
1.02493
1.02992
1.10076
1.02965
1.00396
1.08109
1.03346
1.03858
1.01772
1.01668
1.02933
1.05282
1.02921
1.05105
1.15859
1.00626
1.03258
1.00819
1.01572
1.07539
1.0044
1.03583
1.06981
1.0065
0.997941
1.04289
1.00467
1.02742
1.19329
1.02966
1.09564
1.03528
1.057
1.02581
1.00479
1.038
1.02374
1.01917
1.07196
1.05082
1.02478
1.00878
1.0303
1.08156
1.02948
0.999539
1.07587
1.01795
1.04277
1.02192
1.05167
1.13576
1.22046
1.02248
1.05986
1.03055
1.02435
1.17363
1.03842
1.02305
1.05425
1.03946
1.02915
1.02998
1.0386
1.07851
1.0133
1.02191
1.03394
1.0013
1.04435
1.02385
1.00139
1.10484
1.07962
1.03023
1.12847
1.15999
1.02302
1.0553
1.07448
1.01748
1.07619
1.01148
1.03064
1.02717
1.04032
1.03026
1.00713
1.00086
1.03368
1.03873
1.00773
1.03606
1.03365
1.0737
1.02587
1.01794
1.01802
1.05891
0.999492
0.999238
1.03083
1.03365
1.25172
1.03837
1.00816
1.02917
1.09208
1.01932
1.1033
1.01468
1.0772
1.14876
1.00591
1.01874
1.01819
1.07547
1.03346
1.28002
1.01507
1.00468
1.03263
1.02212
1.03473
1.03019
1.03209
1.02281
1.04437
1.02672
1.09291
1.01868
1.09244
1.03614
1.00105
1.02435
1.0587
1.03599
1.00659
1.02426
1.03589
1.03414
1.00117
1.16372
1.01015
0.999751
1.02251
1.02276
1.07139
1.00278
1.20706
1.04118
1.18693
1.02811
1.04363
1.09708
1.00254
1.10121
1.0325
1.03873
1.03316
1.02546
1.03908
1.01727
1.01816
1.01481
1.03904
1.03396
1.13143
1.10436
1.01784
1.07656
1.00967
1.04024
1.02854
1.02916
1.02649
1.04878
1.07193
1.01949
1.02783
1.0089
1.02551
1.02252
1.04656
1.01525
1.03198
1.02768
1.05795
1.0094
1.0333
1.01781
1.0287
1.06218
1.08268
1.05286
1.0823
1.02897
1.02422
1.02692
1.06392
1.00376
1.04147
1.05562
1.01099
1.05134
1.02546
1.03373
1.0591
1.04402
1.03733
1.05865
1.03905
1.03623
1.05037
1.0398
1.01971
1.22546
1.03757
1.01172
1.01169
1.01775
1.23759
1.03154
1.41064
1.4538
1.08271
1.17889
1.42415
1.01163
1.0535
1.21738
1.36622
1.0207
1.08099
1.6908
1.42924
1.38024
1.13802
0.999159
1.00766
1.36398
1.41295
1.07665
1.02004
1.25746
1.04662
1.02721
1.10997
1.10707
1.35841
1.04951
1.30438
2.06399
1.47016
1.34303
1.00789
1.1628
1.03658
0.999953
1.04072
1.54635
1.08924
1.44482
1.07555
1.01142
1.15854
1.04494
1.0777
1.01304
1.10199
1.36731
1.00254
1.2937
1.00474
1.03643
1.06524
1.39214
1.26198
1.29009
1.80642
1.00883
1.03257
1.05876
1.05137
1.10608
1.00539
1.5369
0.999283
1.03766
1.16558
1.09324
1.07229
1.1379
1.15341
1.26884
1.14042
1.01556
1.00021
1.07996
1.0575
1.00956
1.35013
1.5334
1.08175
1.50357
1.09325
1.29917
1.01291
1.03384
1.03283
1.45759
1.25342
1.45503
1.19062
1.78439
1.134
1.13189
1.47963
1.50071
1.11138
1.09193
1.14242
0.999105
1.41204
0.999349
1.13447
1.978
1.27503
1.26055
1.02375
1.06006
0.999903
1.41153
1.19383
1.03588
1.11103
1.03236
1.29479
1.23291
1.46033
1.29464
1.39647
1.51869
1.16434
1.08457
1.36094
1.21356
1.00043
1.10617
1.16565
1.06785
1.09602
1.07142
1.43933
1.40604
1.45386
1.13671
1.37379
1.20247
1.02329
1.33383
1.4407
1.31213
1.39385
1.12917
1.0346
1.0576
1.17281
1.38891
1.04752
1.04472
1.03756
1.24058
1.5903
1.00728
1.06265
1.23697
1.08964
1.08507
1.08657
1.29841
1.10134
1.06205
1.0817
1.02031
1.09553
1.05659
1.38107
1.32387
1.04407
1.03793
1.0967
1.10646
1.35624
1.00847
1.28386
1.15733
1.8355
1.0376
1.45357
1.07527
1.00897
1.88478
1.09386
1.41734
1.00471
1.00061
1.00862
1.12707
1.02147
1.12638
1.23387
1.18535
1.07549
1.12021
1.07307
1.11476
1.07963
1.49022
1.25763
1.45431
1.19415
1.04674
1.06336
1.21746
0.99935
1.43334
1.41537
1.20125
1.32267
1.56798
1.49258
1.02829
1.09813
1.10156
1.12033
1.39063
1.26648
1.50239
1.13909
1.0005
1.56036
1.03595
1.08945
1.19614
1.02108
1.06563
1.3134
1.18419
1.05034
1.31954
1.03431
1.35168
1.13816
1.03032
1.01513
1.06696
1.05886
1.02423
1.32825
1.08629
1.45979
1.01534
1.02981
1.25188
1.02407
1.02723
1.06748
1.89648
1.29073
1.29287
1.44082
1.04015
1.26891
1.35423
1.05007
1.33809
1.17364
1.33666
1.04692
1.03472
1.00762
1.03781
1.35565
1.46767
1.06732
1.10829
1.04491
1.02227
1.24991
1.57273
1.11974
1.0463
1.21728
1.27846
1.34818
1.47879
1.10482
1.33699
1.03825
1.09343
1.0919
1.09867
1.16663
1.2161
1.49995
1.01304
1.16317
1.03806
1.16329
1.00485
1.02142
1.24978
1.34731
1.0722
1.65415
1.31315
1.25159
1.48807
1.00701
1.23903
1.12833
1.18062
1.07953
1.25488
1.01151
1.44547
1.09879
1.15831
1.27447
1.04943
1.45263
1.17522
1.552
1.41536
1.02124
1.1607
1.18014
1.18365
1.50989
1.06803
1.02224
1.07399
1.26296
1.03643
1.534
1.26964
1.33813
1.36417
1.02512
1.05827
1.37356
1.13091
1.32686
1.05899
1.02551
1.10476
1.05724
1.06262
1.1792
1.65265
1.00403
1.11579
1.63194
1.09794
1.15263
1.20107
1.57039
1.33453
1.14589
1.14149
1.11897
1.25613
1.43069
1.10602
1.01236
1.18302
1.04779
1.53857
1.54575
1.42927
1.00465
1.57629
1.48229
1.04687
1.63597
1.31387
1.18884
1.43101
1.39822
1.13336
1.00407
1.42556
1.01709
1.38608
1.08246
1.00458
1.0684
1.40837
1.00646
1.19993
1.09012
1.00095
1.26688
1.19305
1.3903
1.59889
1.0215
1.08982
1.05036
1.30929
1.24119
1.04629
1.02382
1.05349
1.0156
1.47367
1.08072
1.25797
1.06978
1.05107
1.1718
1.17791
1.23877
1.03144
1.01881
1.31648
1.39903
1.05054
1.00438
1.14276
1.27209
1.21247
1.11306
1.0333
1.18943
1.25513
1.00703
1.0749
1.02407
1.02637
1.00296
1.4975
1.30772
1.36927
1.36829
1.21955
1.22706
1.122
1.02874
1.44976
1.4809
1.29648
1.21313
1.13344
1.40013
1.05628
1.08621
1.331
1.0258
1.22723
1.01181
1.15351
1.64114
1.35536
1.07362
1.20941
1.09362
1.04426
1.27221
1.00877
1.48405
1.29813
1.35374
1.02127
1.14841
1.14156
1.03538
1.06438
1.52365
1.38253
1.10451
1.29861
1.23293
1.02196
1.38707
1.01256
1.11803
1.11108
1.63628
1.47311
1.14596
1.04345
1.08525
1.19564
1.37581
0.999986
1.07366
1.34854
1.02926
1.43317
1.05752
1.45627
1.26209
1.12981
1.28859
1.01049
1.16154
1.04066
1.01417
1.31917
1.07122
1.00587
1.01352
1.23113
1.12402
1.15422
1.35647
1.18356
1.05385
1.04014
1.0209
1.08985
1.05231
1.58253
1.09922
1.10198
1.12092
1.48037
1.05755
1.00478
1.14457
1.01837
1.56783
1.12829
1.23098
1.02294
1.11115
1.48488
1.13561
1.07552
1.43851
1.06698
1.05678
1.0205
1.09243
1.34359
1.02282
1.01356
1.28281
1.19296
1.3002
1.00272
1.02597
1.09605
1.07983
1.34747
1.08128
1.29185
1.38007
1.02256
1.41746
1.05186
1.03669
1.22735
1.14609
1.1719
1.25359
1.06759
1.01382
1.44736
1.03239
1.16188
1.05087
1.42738
1.00646
1.26197
1.57015
1.06597
1.42602
1.04302
1.47207
1.09662
1.33129
1.04058
1.14266
1.1495
1.24024
1.39699
1.02564
1.2778
1.38518
1.05163
1.29384
1.04929
1.18808
1.2997
1.04496
1.0008
1.21384
1.26584
1.30404
1.2166
1.11805
1.00066
1.13765
1.07484
1.09787
1.03696
1.31483
1.14385
1.10087
1.42164
1.45384
1.00835
1.00635
1.38547
1.05491
1.1442
1.47497
1.05282
1.04543
1.06369
1.00964
1.23456
1.18547
1.48785
1.15182
1.05157
1.09548
1.07806
1.01668
1.00398
1.26228
1.27543
1.03444
1.06939
1.21769
1.13091
1.07366
1.0946
1.23239
1.07874
1.01064
1.21159
1.17263
1.02088
1.0317
1.06635
1.45263
1.04252
1.43606
1.07209
1.0951
1.00016
1.13841
1.00335
1.35264
1.02599
1.27284
1.0847
1.41841
1.21677
1.01696
1.19602
1.00886
1.14695
1.02475
1.52501
1.04028
1.10147
1.11973
1.21087
1.02564
1.11451
1.2702
1.0347
1.33033
1.07944
1.28589
1.02099
1.00861
1.48253
1.52897
1.44507
1.49228
1.3527
1.22885
1.41209
1.02186
1.19877
1.5361
1.01508
1.05357
1.29588
1.22149
1.05476
1.19674
1.05343
1.07494
1.00799
1.08509
1.00945
1.36652
1.0896
1.02532
1.04423
1.0115
1.24542
1.06747
1.02247
1.06776
1.10788
1.22529
1.10649
1.06767
1.05986
1.28376
1.39012
1.00081
1.0642
1.22287
1.43148
1.2467
1.07788
1.36108
1.03067
1.43348
1.33091
1.00438
1.05625
1.31596
1.0125
1.48057
1.13343
1.55347
1.03272
1.05313
1.00984
1.30944
1.01269
1.12056
1.03617
1.39997
1.74053
1.20796
1.15493
1.09446
1.47723
1.00538
1.1275
1.03378
1.10263
1.05939
1.11361
1.00653
1.00979
1.02861
1.05057
1.07913
1.05982
1.26756
1.0939
1.69853
1.79908
1.50864
1.067
1.34568
1.01453
1.12705
1.01339
1.16935
1.22638
1.13394
1.42418
1.40125
1.01299
1.52999
1.01484
1.06385
1.04559
1.09262
1.21328
1.33183
1.2239
1.05427
1.04617
1.17069
1.27226
1.32954
1.04808
1.33903
1.53345
1.06785
1.03007
1.88001
1.00414
1.17059
1.05565
1.30714
1.42733
1.21574
1.34585
1.00396
1.08109
1.1818
1.05282
1.11986
1.38219
1.05839
1.05282
1.03548
1.09712
1.41463
1.02697
1.46611
1.62644
1.03825
1.07539
1.0044
1.32065
1.07394
1.00954
0.997941
1.13016
1.00467
1.09883
1.40186
1.11159
1.23697
1.23935
1.057
1.02581
1.00479
1.23968
1.37717
1.51113
1.22618
1.20419
1.41703
1.07095
1.23479
1.08666
1.18677
0.999539
1.12611
1.36511
1.04277
1.14735
1.13893
1.13576
1.72188
1.34814
1.05986
1.03055
1.02435
2.03411
1.21485
1.29934
1.09666
1.37368
1.02915
1.36291
1.20924
1.19139
1.59384
1.05062
1.13388
1.0013
1.20864
1.29163
1.00139
1.22043
1.28713
1.49347
1.17654
1.28076
1.27428
1.0553
1.15836
1.51604
1.1556
1.53183
1.42379
1.03539
1.04032
1.3666
1.00713
1.0055
1.03368
1.20671
1.00773
1.23699
1.23658
1.10639
1.15376
1.36071
1.04028
1.24164
0.999492
0.999238
1.28504
1.20558
1.77741
1.20976
1.54438
1.03033
1.09208
1.02124
1.1667
1.01468
1.0772
1.87654
1.00685
1.06119
1.40541
1.1465
1.12796
1.66157
1.4017
1.00468
1.22324
1.43942
1.26491
1.46887
1.10124
1.50086
1.04437
1.24552
1.09291
1.19932
1.18359
1.21071
1.00105
1.28276
1.0587
1.05479
1.00659
1.16026
1.05781
1.17423
1.00117
1.24915
1.01431
0.999751
1.02251
1.30818
1.07139
1.00278
1.70198
1.08652
1.25341
1.05243
1.04363
1.18375
1.00254
1.26357
1.2819
1.11822
1.03316
1.02546
1.19811
1.02591
1.19425
1.42141
1.17202
1.13769
1.18616
1.10436
1.28316
1.19403
1.00967
1.04024
1.24925
1.32972
1.02649
1.12307
1.08125
1.28318
1.16811
1.01857
1.2645
1.17506
1.06747
1.48799
1.03198
1.54366
1.08025
1.0094
1.05873
1.37539
1.10427
1.06218
1.08268
1.05286
1.0823
1.09226
1.04626
1.16365
1.06528
1.01803
1.32805
1.10104
1.01099
1.05134
1.04432
1.153
1.0591
1.04402
1.03733
1.12464
1.21959
1.0942
1.05037
1.0398
1.48246
1.45417
1.23498
1.53317
241209000.0
329453000.0
171308000.0
736069000.0
145806000.0
141105000.0
385682000.0
196427000.0
404079000.0
360588000.0
653051000.0
158220000.0
164694000.0
238215000.0
500094000.0
379462000.0
142580000.0
158818000.0
214314000.0
284335000.0
302758000.0
163399000.0
163761000.0
232412000.0
796309000.0
177481000.0
398571000.0
291911000.0
448173000.0
205676000.0
157440000.0
441345000.0
153318000.0
303164000.0
147526000.0
173324000.0
259155000.0
195414000.0
243595000.0
287284000.0
689355000.0
139019000.0
500012000.0
428244000.0
236704000.0
252344000.0
426797000.0
538690000.0
453063000.0
237602000.0
407776000.0
145874000.0
193954000.0
583567000.0
266089000.0
287990000.0
620953000.0
161185000.0
186939000.0
161725000.0
360314000.0
251154000.0
593395000.0
436683000.0
261689000.0
231179000.0
270378000.0
451267000.0
284996000.0
242989000.0
191712000.0
362729000.0
252818000.0
311644000.0
428076000.0
163109000.0
199317000.0
235727000.0
284558000.0
212956000.0
645925000.0
284509000.0
165065000.0
406924000.0
432110000.0
141199000.0
223058000.0
174633000.0
213939000.0
259562000.0
576426000.0
157574000.0
190696000.0
132900000.0
326226000.0
347850000.0
210664000.0
230599000.0
392213000.0
499644000.0
209570000.0
598982000.0
200468000.0
280509000.0
141192000.0
300924000.0
329678000.0
335555000.0
547395000.0
179882000.0
762517000.0
207350000.0
283507000.0
146162000.0
178716000.0
258434000.0
490181000.0
347585000.0
168401000.0
183163000.0
129002000.0
165941000.0
160473000.0
447399000.0
201831000.0
226097000.0
167759000.0
373587000.0
287945000.0
525165000.0
513732000.0
518640000.0
423485000.0
601607000.0
138548000.0
154710000.0
164028000.0
373152000.0
142023000.0
287480000.0
417464000.0
155161000.0
144959000.0
169996000.0
170830000.0
372112000.0
713490000.0
637337000.0
199269000.0
146809000.0
235835000.0
360935000.0
231517000.0
179029000.0
401997000.0
373951000.0
445845000.0
186986000.0
216076000.0
334477000.0
307781000.0
178162000.0
418281000.0
630498000.0
326953000.0
537919000.0
349923000.0
417475000.0
159423000.0
502635000.0
198822000.0
257828000.0
208547000.0
237155000.0
147140000.0
257264000.0
190274000.0
203659000.0
327952000.0
609424000.0
425255000.0
200224000.0
264923000.0
333395000.0
361273000.0
137584000.0
273882000.0
281671000.0
366113000.0
196612000.0
263149000.0
405382000.0
303144000.0
201846000.0
376397000.0
224014000.0
581502000.0
314794000.0
208965000.0
128512000.0
185076000.0
492624000.0
450687000.0
352642000.0
356050000.0
197596000.0
281453000.0
149616000.0
337126000.0
457536000.0
163523000.0
133154000.0
132608000.0
733058000.0
771681000.0
513890000.0
350831000.0
157871000.0
190272000.0
132509000.0
207543000.0
274980000.0
138775000.0
734749000.0
223497000.0
194906000.0
465900000.0
245471000.0
453549000.0
695777000.0
766623000.0
170770000.0
268306000.0
153243000.0
231489000.0
248518000.0
243543000.0
484426000.0
423352000.0
464909000.0
159285000.0
205197000.0
143015000.0
247525000.0
216412000.0
288710000.0
251899000.0
468357000.0
440880000.0
310504000.0
174804000.0
192197000.0
148332000.0
219402000.0
167520000.0
168515000.0
600906000.0
179266000.0
390416000.0
174804000.0
583751000.0
456819000.0
250071000.0
241748000.0
156184000.0
139428000.0
289395000.0
595459000.0
723182000.0
348086000.0
175465000.0
128970000.0
216024000.0
620557000.0
189538000.0
426120000.0
488048000.0
146010000.0
410753000.0
176538000.0
414021000.0
469602000.0
205157000.0
214006000.0
221376000.0
194738000.0
149536000.0
254932000.0
267365000.0
688882000.0
196094000.0
381081000.0
301736000.0
172239000.0
167273000.0
485667000.0
426076000.0
167000000.0
191940000.0
150461000.0
296074000.0
182085000.0
207111000.0
212060000.0
235238000.0
194664000.0
252304000.0
151634000.0
525054000.0
202305000.0
176817000.0
231510000.0
446113000.0
199763000.0
137169000.0
157555000.0
243122000.0
190784000.0
208944000.0
174394000.0
139639000.0
672772000.0
438432000.0
408875000.0
185910000.0
424377000.0
139484000.0
189458000.0
558597000.0
166136000.0
368885000.0
349235000.0
167829000.0
314477000.0
143572000.0
250567000.0
392025000.0
222798000.0
224334000.0
699728000.0
190663000.0
349680000.0
275942000.0
218124000.0
130940000.0
312161000.0
212269000.0
178066000.0
406860000.0
168591000.0
298485000.0
386023000.0
212015000.0
166316000.0
156117000.0
431283000.0
246837000.0
343345000.0
293797000.0
139974000.0
491031000.0
158866000.0
267685000.0
141970000.0
133355000.0
385332000.0
370899000.0
170639000.0
534526000.0
150790000.0
158868000.0
333246000.0
257540000.0
452238000.0
251702000.0
157086000.0
197381000.0
284460000.0
238756000.0
156514000.0
269550000.0
195387000.0
673517000.0
285917000.0
292890000.0
188667000.0
153317000.0
134332000.0
747503000.0
215801000.0
592169000.0
165121000.0
190015000.0
229904000.0
338559000.0
666902000.0
242486000.0
380786000.0
235151000.0
196881000.0
243363000.0
697505000.0
199867000.0
214658000.0
182395000.0
220594000.0
324181000.0
161875000.0
151854000.0
622692000.0
336865000.0
340722000.0
176227000.0
189726000.0
381162000.0
723133000.0
198971000.0
335649000.0
332681000.0
325660000.0
418950000.0
602250000.0
263897000.0
146811000.0
166664000.0
147987000.0
355585000.0
186479000.0
183756000.0
200044000.0
241324000.0
147525000.0
448536000.0
153930000.0
378624000.0
216036000.0
142291000.0
340334000.0
556774000.0
178908000.0
239915000.0
358862000.0
249311000.0
207986000.0
428969000.0
171771000.0
370384000.0
588705000.0
610774000.0
414270000.0
184628000.0
272537000.0
148011000.0
189289000.0
137051000.0
348400000.0
300162000.0
218381000.0
427023000.0
223965000.0
137693000.0
158006000.0
221760000.0
138839000.0
193105000.0
343419000.0
165961000.0
254606000.0
347369000.0
179914000.0
370711000.0
144640000.0
192955000.0
505970000.0
358281000.0
187937000.0
152763000.0
290246000.0
457362000.0
161899000.0
519260000.0
136022000.0
484742000.0
141951000.0
313699000.0
201883000.0
171606000.0
236847000.0
506938000.0
717818000.0
259580000.0
167118000.0
346611000.0
303186000.0
286849000.0
566683000.0
222097000.0
325796000.0
162953000.0
189183000.0
245061000.0
434127000.0
264511000.0
211375000.0
688999000.0
371723000.0
511975000.0
335339000.0
230138000.0
142053000.0
218442000.0
258120000.0
497207000.0
404160000.0
138267000.0
215416000.0
166779000.0
452304000.0
208918000.0
131407000.0
566155000.0
310087000.0
149715000.0
472759000.0
250805000.0
330841000.0
192824000.0
460797000.0
727128000.0
361850000.0
187551000.0
170316000.0
140081000.0
277119000.0
426419000.0
499122000.0
217987000.0
168319000.0
480051000.0
424988000.0
148088000.0
233992000.0
380249000.0
612647000.0
374676000.0
368596000.0
312148000.0
182204000.0
179107000.0
482771000.0
290527000.0
152763000.0
411583000.0
174677000.0
669887000.0
146011000.0
388650000.0
174885000.0
381535000.0
538634000.0
166531000.0
224262000.0
460056000.0
338010000.0
181206000.0
519264000.0
406427000.0
324628000.0
176304000.0
415190000.0
233009000.0
174531000.0
136397000.0
419658000.0
170974000.0
460273000.0
212090000.0
168007000.0
334774000.0
296870000.0
509216000.0
527754000.0
187295000.0
179711000.0
348630000.0
284245000.0
234799000.0
410752000.0
218361000.0
444251000.0
155179000.0
193889000.0
198620000.0
157305000.0
140322000.0
257988000.0
259236000.0
169018000.0
313823000.0
214771000.0
139746000.0
701907000.0
504156000.0
211970000.0
236505000.0
189448000.0
208224000.0
140203000.0
203718000.0
232618000.0
232850000.0
441945000.0
237701000.0
265054000.0
177180000.0
162704000.0
422621000.0
331645000.0
596601000.0
440658000.0
361711000.0
551812000.0
562371000.0
594549000.0
292153000.0
355495000.0
196333000.0
438741000.0
444598000.0
514582000.0
155306000.0
224108000.0
152931000.0
240462000.0
529576000.0
277261000.0
200303000.0
322208000.0
163879000.0
234579000.0
166175000.0
455563000.0
152778000.0
332409000.0
260328000.0
189751000.0
241697000.0
577115000.0
754227000.0
140265000.0
237954000.0
508618000.0
223290000.0
199423000.0
259171000.0
223312000.0
364726000.0
248038000.0
168880000.0
574033000.0
324282000.0
241999000.0
258443000.0
149764000.0
400556000.0
154694000.0
451100000.0
161232000.0
281338000.0
168820000.0
328873000.0
597600000.0
127988000.0
458485000.0
452229000.0
170173000.0
200599000.0
227956000.0
202013000.0
303792000.0
217806000.0
314050000.0
230099000.0
257653000.0
163338000.0
218427000.0
255421000.0
218371000.0
253306000.0
289372000.0
506504000.0
254884000.0
431766000.0
233795000.0
168536000.0
223353000.0
228181000.0
459529000.0
158502000.0
159936000.0
279284000.0
517740000.0
192379000.0
145249000.0
290750000.0
243917000.0
166206000.0
327375000.0
151776000.0
455177000.0
263915000.0
363433000.0
135402000.0
293905000.0
477862000.0
677247000.0
140451000.0
560551000.0
572024000.0
269926000.0
184770000.0
247612000.0
427779000.0
471479000.0
142106000.0
368121000.0
196619000.0
205985000.0
474646000.0
151038000.0
262564000.0
213341000.0
501817000.0
400063000.0
230486000.0
619893000.0
323499000.0
260021000.0
237895000.0
341664000.0
244241000.0
559975000.0
158086000.0
577860000.0
356891000.0
330173000.0
355336000.0
492370000.0
158346000.0
227174000.0
540951000.0
259089000.0
203620000.0
182864000.0
209093000.0
151441000.0
164270000.0
304976000.0
145100000.0
408712000.0
224396000.0
244227000.0
614887000.0
171928000.0
148667000.0
176774000.0
249887000.0
711133000.0
208405000.0
180515000.0
177051000.0
479000000.0
277685000.0
145493000.0
530779000.0
221899000.0
299697000.0
266475000.0
215254000.0
217907000.0
160755000.0
152103000.0
293538000.0
169407000.0
273060000.0
447446000.0
179615000.0
681103000.0
207703000.0
148070000.0
454995000.0
511373000.0
406801000.0
498935000.0
406325000.0
329376000.0
155372000.0
134404000.0
248299000.0
536148000.0
264472000.0
178192000.0
522783000.0
267426000.0
286957000.0
471819000.0
262548000.0
220013000.0
381959000.0
201093000.0
561717000.0
193348000.0
523964000.0
678950000.0
263555000.0
188604000.0
155884000.0
145889000.0
345010000.0
296771000.0
149878000.0
252744000.0
195548000.0
342009000.0
216953000.0
292270000.0
440163000.0
158649000.0
328502000.0
177768000.0
398473000.0
505742000.0
327126000.0
165087000.0
530095000.0
566919000.0
609652000.0
301312000.0
191157000.0
155277000.0
520369000.0
158255000.0
331700000.0
158010000.0
199885000.0
295171000.0
133606000.0
232733000.0
181323000.0
268749000.0
194291000.0
181126000.0
278241000.0
542589000.0
279682000.0
144005000.0
498225000.0
425457000.0
166245000.0
633341000.0
356669000.0
148189000.0
369523000.0
145861000.0
159679000.0
481577000.0
764087000.0
170666000.0
340219000.0
281570000.0
745394000.0
187391000.0
254742000.0
193044000.0
184008000.0
362618000.0
199505000.0
151208000.0
239757000.0
308260000.0
275355000.0
279753000.0
167910000.0
201566000.0
398338000.0
201212000.0
131939000.0
484625000.0
592568000.0
258128000.0
325541000.0
301136000.0
371712000.0
317189000.0
239903000.0
237175000.0
145413000.0
479811000.0
222937000.0
301194000.0
144636000.0
247432000.0
185389000.0
144548000.0
183929000.0
139689000.0
194198000.0
147870000.0
595122000.0
177987000.0
307406000.0
148113000.0
419871000.0
171955000.0
279465000.0
165232000.0
306994000.0
733694000.0
298570000.0
204345000.0
196259000.0
204206000.0
279508000.0
512191000.0
256881000.0
282652000.0
423845000.0
155578000.0
463588000.0
274924000.0
364866000.0
402349000.0
412293000.0
460362000.0
715754000.0
415069000.0
290871000.0
323188000.0
177579000.0
212343000.0
499078000.0
208158000.0
204621000.0
256393000.0
185989000.0
159511000.0
196228000.0
206446000.0
467035000.0
403104000.0
172223000.0
370839000.0
259482000.0
400826000.0
174300000.0
163870000.0
226598000.0
329169000.0
564939000.0
181745000.0
206339000.0
267583000.0
160064000.0
202262000.0
371351000.0
139251000.0
331741000.0
135004000.0
424720000.0
257158000.0
212841000.0
174615000.0
217701000.0
430401000.0
429742000.0
725827000.0
552463000.0
298059000.0
225014000.0
184853000.0
355750000.0
272357000.0
166999000.0
447730000.0
313469000.0
337948000.0
232412000.0
203529000.0
438306000.0
576833000.0
474566000.0
346044000.0
205721000.0
210809000.0
314824000.0
379754000.0
152450000.0
344479000.0
179671000.0
147520000.0
601038874.847202
301117224.366888
544542071.392365
391342339.283719
481456103.876163
329233712.023767
695012406.828983
561860510.654723
320044590.257053
696769951.058979
374421097.19793
494071691.434474
461777299.417439
267527602.340011
349044537.112702
552089775.683716
452167712.003557
235461225.464971
257416620.605042
638209047.209162
294475016.081487
443432948.570286
443291323.695105
584094068.741347
874450428.02946
362242418.826862
710278914.953966
604269568.146496
328186175.075609
556038311.807669
222076120.182177
731196931.675231
523416944.665782
650040345.776791
406161946.241876
244585436.691705
561628075.003696
564420912.169598
587845073.908852
583888686.971752
791718963.77595
343700284.826432
349958018.295173
329240021.563307
269231078.959991
583370011.567958
673100224.10266
352188071.82388
328158337.231379
502267688.650324
317780854.10011
464165860.412882
486986031.519216
366252398.367212
278723586.638665
282283545.589645
366044785.568127
503177751.559472
247030893.257475
241129383.634865
311130774.507776
271523740.632655
357935823.075159
715088420.53024
540013480.643933
262037611.868216
636426015.757684
687904642.692737
289631719.56692
273924356.144896
303202233.427749
615915165.261706
275397963.217257
296654977.319323
687086769.111159
489554735.034173
559610563.073251
513732438.394806
289192864.812468
513529341.062726
374438367.787345
570046470.997177
492577420.090428
723331584.515784
326427235.528696
429780339.322036
265599409.365094
500097762.540917
261788423.469581
580942422.511459
798760917.998715
231912061.005506
247231330.751935
436037336.278531
287028528.683943
565616783.998295
259712399.559098
379716062.978051
314423753.781361
348471483.20875
465939343.994596
365015241.432967
492876249.280452
630569702.216512
381272527.532899
576199018.317193
643321987.845317
305905623.8612
775163098.645514
448956009.532188
391932143.39227
258586432.111959
289085843.832059
419790450.026733
496916277.219085
618955041.986723
342735376.553683
306317403.579208
243168584.516065
443577394.717707
445804866.247823
521944253.085547
458176272.383517
744334235.519676
565711987.947762
266441621.702712
536514305.251451
304262990.421375
288272489.846358
357407426.601266
330835379.587919
350930269.448761
331158723.718347
368721083.904462
475424994.995114
232834323.5141
242241995.979421
315278797.837535
224247461.34164
545343457.885185
319419982.28791
502295196.805032
365091031.513276
239670063.648814
485517926.763322
644676726.933307
378261147.459708
828504929.411378
452000846.731466
508508686.952725
269839073.223908
311869803.516134
533808516.913595
308526704.906521
321218317.95645
675707694.52519
326791052.048845
241245154.66997
442471806.855069
645775620.220585
295042457.605368
534684163.568312
586215396.422964
349209593.477252
291682932.188659
338316221.409639
655109961.976864
698578816.545082
348350578.516141
777196756.0035
241009972.784972
277996295.452541
527271938.490578
269755353.136931
500719786.60919
273688050.305602
551157088.307381
241510069.508018
294468664.872967
835739988.155141
320663607.148994
502873992.615575
275216593.635129
525666031.382422
521162136.084023
431675994.662896
593822543.017661
549112579.908569
314624587.45086
238512837.874268
275370322.257721
692927981.288665
295435046.897985
540924775.832484
577353748.847063
505723461.865587
368428428.433934
290606423.682146
533334177.189677
441171475.72329
249435114.642447
730278507.749693
723448984.029286
307625361.29011
590148721.197304
542585043.117184
283413271.139735
471006781.112834
663721462.404174
686908159.725845
514220097.286507
481714106.32479
404955272.131497
395013198.938146
401496089.003215
777527108.722395
308970700.683332
491252618.916607
430577609.144652
444208932.032012
258630569.239534
626909210.242879
479685862.506048
393700969.69942
563761856.382075
255688017.043442
335908399.20041
271315668.276433
337307419.118266
388986825.717377
393007910.000234
460123469.085821
627329509.823661
389428850.948702
599582149.698096
610298317.966666
270433079.126696
343844892.816921
715034818.774202
337005251.8752
499706027.800399
490631946.005561
438371604.264246
568887946.461994
264342739.426153
274202920.64471
278981714.576084
687735736.179295
645552863.555769
286775768.526279
468428640.910501
470064293.84418
493976170.562778
257285070.071641
492226552.217962
499824886.253473
369021576.466772
516991022.747845
667260603.602728
244780505.489944
367200643.214971
335521096.303827
268154765.048151
267958472.634716
510297260.826354
453668923.294365
281805762.347435
369481447.578313
864739952.439759
308036140.719295
241353511.874923
221867586.989204
514212978.37053
811584842.514946
238148853.657599
330895166.630758
345762144.292811
509225601.551621
677601128.799452
522509111.901447
324321329.951835
331864637.424687
250766955.553785
470862637.597984
586205929.476598
497869150.225733
448481755.12639
615354126.862034
264658035.940531
389337241.357591
523491226.347289
320139390.015248
296116028.859996
236737189.984733
487529853.444855
346585121.654467
317569153.147123
380164440.050483
512825210.341382
517256009.857438
626631206.163832
248580023.268274
516104428.041415
549428905.514344
263089244.141424
536243960.60871
482460453.053489
490278742.898498
753493646.511781
258018056.835448
455504872.358711
563610630.462577
332415716.632951
251417673.770934
503795351.530649
530086164.892289
539550224.186694
521358778.472008
582782569.03763
460149051.983297
458124273.279881
382855449.092351
329215277.255568
687882003.031747
469377851.903726
319872113.790289
374833862.489394
491573517.105179
348381643.317028
477562637.945498
674482812.164576
596111849.660693
507905651.323325
297174206.726044
465879839.60174
612277731.464827
315528553.989325
507376334.138597
257140905.549548
371929909.790965
539128953.101818
672348424.95179
624783484.636417
560114380.820183
402884194.44129
299750696.490705
565659285.403817
243153130.05711
324523009.566483
499219491.730033
294730705.27756
665649324.559182
566555249.284705
239858751.816904
502513668.900932
327222773.571383
276528704.855236
604030208.120489
615837656.40421
227354981.196201
344755332.443
475865349.9115
537412820.421646
401699800.418702
475313965.590401
700735566.927328
681484717.782377
241556823.055988
355089191.012438
228276184.234431
333300078.380267
666439649.531389
268328047.416925
330532408.823407
278176711.292745
223054220.415966
256209799.322338
630448893.525915
270111701.649202
498047228.205161
597581633.820285
509188810.862005
865344561.935886
575470555.967667
287906785.825601
510057773.235469
238895823.564729
377169187.860486
897196757.477136
529764927.634549
364766399.951827
237596296.146607
456620807.937389
540194782.301666
300361834.038737
729792125.364256
270461212.763967
638566260.326024
524240790.415484
253768604.241476
267024555.014008
371385124.525562
483803017.385193
569813417.1824
248687268.929237
464954875.778735
585768940.492288
504147394.5344
503194917.281514
366991972.47959
509235585.83763
620109759.744741
536182693.566559
542268986.515467
305555157.700571
382765799.268271
556477862.895546
301348835.449564
665935892.162814
639916752.027038
318885288.189017
356473700.447842
267138577.116054
361760883.74576
512943587.472653
498729714.623574
620964376.616258
473049389.106887
480991673.984345
539181600.124255
513785051.68102
504080655.407011
755710407.734233
232047530.368868
301061406.441855
553619769.507174
431666838.980127
604052176.099962
356954170.184403
437752804.3051
592665972.794334
313442780.229157
570522622.941103
484686315.334396
324171112.246371
441370264.229384
702596546.86736
364090902.297562
790743656.54477
327335631.351489
248325496.872574
282944449.875185
481875108.376466
375147559.379104
497628478.506971
658012185.017442
598755683.998512
501471745.656987
656849066.069018
567353199.431677
497941321.549599
512213975.789229
564640063.056403
226989998.86896
243634795.994339
299690278.894005
506236768.885242
273904994.966184
609207901.036236
460224664.513116
637504578.248725
430071172.177484
248636904.271491
348668958.227808
310264950.31549
520031233.47734
407541371.675432
292740968.413135
717901390.207974
237036230.668103
335427911.306418
461189075.134396
339473250.714887
375528401.667631
650976864.807974
256778275.059384
529392109.331315
366456992.860728
352862841.922344
837824089.282537
621011946.098153
445811837.836862
292207704.856363
660260206.107677
634871537.454382
348773762.570007
560629748.538197
291706144.381563
472088628.150475
396203913.282505
567755755.948757
330264608.566108
274137252.729734
577357755.944511
370082830.885924
697879932.141149
347268483.554435
304070476.107437
262628347.162
429751306.788569
535026001.903567
270977346.800171
344678728.256221
318794200.198532
429688721.258506
260275515.861377
393207026.781907
330978864.358576
522150807.674685
472268082.672346
362122155.297453
603652201.047454
232693617.988161
330523469.473993
277902177.756983
301483373.937963
532384092.472885
719128964.450733
379399109.228754
302966601.089925
249468147.440293
243910391.776708
443208984.400319
287123788.769079
692947188.001554
343597267.725029
558176069.405024
351716651.742021
338025215.593799
654432730.681
400230822.945938
467566081.65082
550256110.586413
350772917.29021
597423350.774004
692013778.744949
545192380.803741
447704501.41378
244983546.348942
761975233.654174
629417927.764187
432784761.284667
733239533.163164
242993619.403974
379468395.776595
398626638.486394
321035840.184432
534312120.762449
657094922.847702
354309267.591888
242042774.933104
264667393.72907
324702580.653521
655229819.492476
372584764.342938
349244566.189959
323472351.058488
298379555.311806
438177319.83762
674918450.027545
560063314.874153
244346063.611134
224349869.775679
682573897.773403
493204934.958718
661739811.966679
535973708.371117
506971351.054764
622048774.892212
288777548.123788
350632360.372185
349052005.790612
506410943.37223
388631599.00832
593973214.825092
290833586.147523
456268214.507826
322255537.689027
573441422.813861
701339257.211173
414815198.25678
465146143.556477
500358460.260878
233331695.544407
476635342.855074
543986215.28657
529353070.374806
437264751.382016
593527112.015921
449026883.170208
345878483.288057
378910040.264451
350099446.429825
253964606.264768
468426509.845008
497688412.245853
483145569.923281
418630081.444043
257468598.53642
485484108.819379
263887569.756565
661293685.160781
270658246.763201
559000204.386041
470227119.051642
421401197.961226
710667904.687522
608923191.204802
353879750.621671
718964686.547152
689721646.374797
751900025.951858
356125133.153431
369477661.706575
576637155.52792
304339354.292458
554971111.959658
740980466.703216
328049926.975302
746030686.327859
237624970.524352
574940131.05264
465474947.35029
520487294.503141
342358575.322949
285209603.944669
256518526.638505
630626612.069612
447130263.284348
569621013.932383
228381763.57562
669298328.198584
436820813.710226
302726975.76071
608038660.398593
491678205.662548
532975751.890944
366373749.226433
875948834.789283
226449770.319891
530901653.850192
339514955.23642
261938953.499191
468573533.73187
273725738.801788
555030277.012143
311969595.680546
265643849.371845
477816029.46602
696917990.337314
292620205.648601
551027080.694083
590912979.213923
356146503.998349
675456249.739194
483403987.837848
690473447.082995
327330393.604936
605193615.548696
242523152.143407
303741796.150066
817194304.786703
222843774.267288
329851369.959824
334495824.368749
239755701.804295
500472085.301502
255441163.909189
510998323.164562
564010313.624122
538842304.357949
287914579.454652
514811701.992949
276286395.616161
396727941.547753
437663855.096295
273170781.959039
261166844.497207
530338575.069334
577469657.799943
346326267.051376
566116339.450291
606543425.985738
545486418.980753
482685695.580725
504516434.867376
440139926.145247
337825555.215932
507012896.602263
489723044.389989
282268777.182632
352430443.730981
531920395.92786
225085828.76048
531269011.792582
590974119.076102
486222723.790921
302838002.319723
225115325.610859
335009547.940217
274204765.179182
681350529.771838
469483446.39993
476467059.413646
726607789.358112
376229018.8756
227621858.401032
783498083.203671
355433336.222029
279653441.464617
248100130.407228
489566851.597346
329381842.418348
742098382.744751
456082925.020849
291741444.064183
529474692.833838
456673922.845949
755202991.563825
506768992.553692
548800797.033663
548023404.449484
694275698.513626
598946976.606512
264801340.507178
807861391.290484
301860106.020858
598963425.613528
269085698.305362
668756927.151441
584944023.594227
356036730.617106
479042778.574969
790392518.960637
625643692.428614
663130784.998044
307521279.750784
343629592.940916
492980019.640811
590594487.00667
340832038.175232
595460381.59954
546832018.489675
512484867.729623
262473490.121341
475121107.840682
505024744.401592
609674290.275541
340766560.237387
643599562.784294
463098029.775875
269332936.161186
374542717.708726
511905130.776273
233339382.965679
513995205.774262
561233623.059697
383174687.318854
543636016.610993
431675357.080689
502928418.302206
694645496.438002
616659021.594066
491189365.708312
348296169.707358
451347477.433346
285812438.714919
279194863.503731
263697825.321738
573956680.524836
236111114.522658
414307841.923434
653251044.903061
232150796.509386
282934784.07411
714725638.840254
501842707.897123
380924780.172554
507009274.400123
404076703.110336
329896799.413002
787254310.871155
715703010.463746
738935143.127679
594456889.23796
652879293.10998
525920254.819848
484120893.741876
274559074.547657
755617871.946011
277719215.760957
244364148.813545
352559068.789247
579285434.390973
594757447.185287
737069799.853621
517533604.936489
544377125.57322
562425095.674196
511066630.496415
757386170.218581
412486391.426996
348691336.849884
360982466.198276
584621327.614367
490552060.959514
235809815.209145
231746353.837496
306342035.281983
275009026.770115
448606384.109269
589788024.113861
246738149.198046
633735630.271795
532936764.945575
289744506.485646
332482908.482639
421864388.927855
666195547.876217
459000892.275928
315331104.466927
353007875.855945
298943374.894307
504038537.715302
781606949.583215
801584491.332562
361437996.039082
623917177.358006
472956672.580432
500925391.245496
352483259.122092
337423954.7097
302803189.904381
477717788.768838
256226450.337268
510691645.544639
472847109.646376
266033413.749558
437788902.526006
525398648.487757
544489893.944237
433634684.002693
583549250.800457
730319016.52756
594016757.363028
395111595.446366
347672181.861722
329169169.432795
530752956.619843
370467098.444729
308442704.083861
233207611.618769
669250189.99153
475775541.777337
521913188.564967
338411400.997869
392461901.690085
406141148.765901
297570790.851137
290405985.927496
398631483.330845
373901792.702095
274620336.150773
248339866.26065
556051185.376391
669799500.539263
476132940.888468
387026193.866402
272475408.212229
286730412.989897
580401361.468993
580062101.678024
489985115.625936
528442848.779925
716651347.541422
539201853.116117
480559396.310566
344590362.930635
363612648.445968
617190448.9299
655326665.716939
662985770.611255
686382976.649668
549063436.285566
577466508.579708
536412934.679193
404155128.029257
340597762.252579
513087363.30604
626697018.837316
470763180.496209
271603230.552862
500867314.516754
465827167.35678
241739802.737461
223524135.711352
508517034.658033
440183284.159777
371623114.460536
480855635.552712
298137582.881885
320900543.568133
640806503.621127
516288520.521897
287632077.39268
501834485.943628
289815568.364437
389301838.517785
285579945.664599
483764044.347903
574104126.932959
546408228.000548
604729934.347028
344253443.907903
592238711.523326
287173663.433841
326898164.503832
233683901.638038
767534109.668978
281571058.240534
310693945.176406
323280405.113132
634246682.046248
330105532.378389
381318640.007604
736563606.822615
280545221.497041
645470413.588696
542660910.557255
414542545.812804
704816385.429187
572614777.305782
466136834.524455
278492376.677117
245602634.982947
236674005.870773
256024359.382924
359197892.317686
754677145.988029
321468269.12446
243842674.459002
307405179.420996
566701207.059484
533988800.419616
442447500.194278
524033268.063336
550821939.320999
665814327.487481
350637582.270987
519908744.666694
406402688.040883
279657472.245858
466889184.727784
531698139.947503
310202309.33261
305411413.298255
602909355.302142
458868010.843797
706127501.879324
547289472.435102
560738002.130167
479908120.424593
261287531.508463
631314989.117408
323889708.701099
856516949.60543
360174875.807666
275966292.183334
540545311.84798
247632766.02452
627086807.4597
601712004.450509
525283595.451074
312292262.311525
294701803.754495
303867208.074726
269328930.714763
490927039.112761
724005580.521989
766435074.682682
339270065.871112
685557447.692987
576679391.998451
526228760.436362
630293221.351361
305315111.926259
387662841.304128
658189108.31614
517800595.396076
231882354.002282
