1.03273
1.0021
1.0029
1.02713
0.999999
1
1.0084
1.00071
1.00393
1
1.00262
1.00209
1.00189
1.00077
1
1.00101
1.00202
1
1.00831
1.00229
1.00223
1.00467
1
1
1.00046
1
0.999999
1.0011
1.00058
1
1
1
1.0032
1
1
1.00242
1
1.00205
1.01013
1.00276
1
1
1
0.999999
1.00113
1
1
1.00449
1.00136
1
1.00041
1.01092
1.01382
1
1
1.00003
1
1.0002
1.00488
1
0.999999
1
1
1.00167
1
1
0.999999
1
1
1
1.00013
1
0.999999
1.00219
1
1
1
1
1
1
1
1.00059
1
1
1
1.00066
1.00138
1.01263
0.999999
1.00258
1.00002
1
1
1.0042
0.999999
1.00714
0.999999
1.0001
1
1
1
1.00588
1.01833
1.01237
1
1
1.00973
1.01266
1
1
1
1.0008
1
1.0011
1.00149
1.00253
1
1
1
1.00459
1
1
1
0.999999
1.0026
1
1
1
1
1
1
1.01209
1.00019
1.00436
1.00222
1.00005
1.00539
1
1.0082
1.00541
1.00458
1.00228
1.003
0.999999
1
1.00019
1.00894
1.00151
1.00088
1
1
1.00353
1
1.00297
1
1
1.00555
1
1
1.00289
1.00014
1
1
1.00196
1
1.00082
1
1
1.00034
1.00015
0.999999
1.00028
1
1
0.999999
1
1
1.00713
1.00049
1
1
1
1
0.999999
1
1
1.00094
1.00202
1.00077
1
1.00147
1.00394
1.00185
0.999999
1
1
1
1.00016
1.01037
0.999999
1
1
1.00966
1
1.00259
1
1.00054
1
1.00412
1.00107
1
1
1.00098
1.00093
1
1.00185
1.00611
0.999999
1
1
1
0.999999
1
0.999999
1.00666
1
1.00425
1.00396
1
1.00668
1.00424
1
1.0032
1.02379
1.00389
1
1.0016
1
0.999999
1.00255
1.00233
1
1.00252
1
1.01063
1
1
0.999999
1.00765
1
1
1
1.00317
1.00437
1.00019
1.02141
1.00511
1.0079
1
0.999999
1
1
1.00339
1
1
1
1.00063
1.00449
1.00021
1.00496
1
1.00866
0.999999
1
1.00178
1.00278
1
1.00148
1.00095
1.00801
1.00651
1.00144
1.00589
1
1.00801
1
1
1.00056
1
1.00055
1.00652
1
1.00245
1.00129
1.00139
0.999999
1.00881
1
1.00201
1
1.0011
1
1.00137
1
1.00685
1.00048
1.00922
1
1
1
1
1
1.01233
1
1.00236
1
1
1
1.00099
1
1
1.011
1.00793
1.00408
1
1.00095
1
1.00012
1.00156
1
1.00023
1
1
1
1
1
1.00567
1
1
0.999999
1.00042
1.00303
1.0047
1
1
1
1
1
1
1
1.00329
1
1
1.00007
0.999999
1
1.00176
1.00057
1.01014
1
1
1.00349
0.999999
1
1.00076
1.00733
0.999999
1.01103
1
1
1.00974
1
0.999999
1.00708
1.00129
1
1.01307
1
1
1
0.999999
1.0065
1.00024
1.00199
1
1
0.999999
1.00117
1.00405
1.00504
1.00081
1
1.00248
1.00577
1
1
1
1.00338
1.00101
0.999999
1.00181
0.999999
1
1.00034
1.01936
1
0.999999
1
0.999999
1
1.00148
1
1
1
1.00312
0.999999
1.01391
1.00648
0.999999
1
1.00242
1
1
0.999999
1
1.00561
1.00017
0.999999
1.00346
0.999999
1
1
1.0017
1.00819
1.00049
1.00461
1.00196
1.00442
1
1
0.999999
1
1
1
1
1
1.00275
1.00113
1
1.00469
1.00209
1.00371
1
1.00609
1
1.0033
1.00019
0.999999
1.01335
1.00272
1
1.00113
1
1.00361
1
1
1
1
0.999999
1
1
1.00107
1.01175
1.00406
1.00015
1
1
1.00131
1.00119
1
1
1.00111
1.00851
1
1
1
1.00594
0.999999
0.999999
1
1.0055
1
1
1.00331
1
1.00263
1.00566
1
0.999999
0.999999
1
1.00377
1
1.00493
1
1
1.00238
0.999999
0.999999
1.00334
1
0.999999
1.00045
1
1
1.00232
1
1
1.00223
1.00026
1
1
1
1
0.999999
1.01394
1.00147
1
1.00141
1
1.00235
1.01296
1
1
1.0048
1
0.999999
1
1.0018
1.00334
1.00132
1
1
0.999999
1
1.00176
1
1.0088
1.00362
1
0.999999
1
1
1
1.00367
1.00943
1.00281
1
1
1
1
1
1
1.0121
1
1.01459
0.999999
1.00176
1.00528
1.00376
1
1
1
1.00224
1
1
1
1.00282
1.00064
1.00359
1
1.00832
1
1
1.00862
1
1
1
1.00369
1.00071
0.999999
1.0038
1.00174
1
1
1.01396
1
1
1
1.01142
1.00052
1
1.00223
1
1
1.00058
1
1.00085
1
1.00389
1.00179
1.0094
1
1
1
1.01214
1
1
1
1.00098
1
1.00552
1
1
1
1
1.00241
1.00492
1
1.00039
1.00022
1
1.00384
1
1
0.999999
1
1
1
1
1
1
1.00037
1.00155
1
1.01136
1
1.00379
1.00764
1.00028
1.00605
1
1
1.00362
1.00414
1.00966
1
1.00793
1
1
1.002
1.0008
0.999999
1.00069
1
1.00124
1
1
1.00006
1
1.00637
1
1
1.00333
0.999999
1
1.00083
1.00161
1
1
1.00039
1.00069
1.0029
1.00659
1.00129
1
1.01215
1.00572
1
1
1
1
1
1
1
1.01833
1
1.00112
1.00759
1
1.00059
1
1.0031
1
0.999999
1.00403
1
1.00069
0.999999
1
1
1.00886
1
1
0.999999
1
1
1.0043
0.999998
1
1
1.0013
0.999999
1
1
1
1.00163
1.00328
1.00103
1
1
1.00012
1.01109
1
1
1
1
1
1.00368
1
1.00395
1.00447
1
0.999999
1.00016
1.00311
1.0024
1
1
1.00398
1
1
1
0.999999
1.00583
1
1
1.00132
1
1
1
1.00186
1
1.02871
1.00195
1
1
1
1
1
1.00894
1
1
1.00612
0.999999
1.00731
1
1.00055
1
1.00053
1
1.00946
1.0115
1
1.00711
1
1
1.00076
1
0.999999
1
1
1.00266
1.0097
1
1.00244
1
1.00251
1
1
1.00462
1.00067
1.00004
0.999999
1
1
1
1.00776
1
1
1.00047
1
1
1.0089
1
1.00009
1.0042
1.0017
1
1.00058
0.999999
1.00414
1
1.00055
0.999999
1.00804
1.00851
0.999999
0.999999
1
1
1.00884
1
0.999999
0.999999
1
1
1
1
0.999999
1.00132
1
1
1.00403
1
1.00024
0.999999
1
1
1
1.00166
1
1.00493
1
1.00917
1.00185
1
1
1.00117
0.999999
1.00426
1.00283
0.999999
1.00157
1.01179
1.00093
1
1.00337
1
1
0.999999
1
1
1
1.00712
1.00148
1
0.999999
1.00087
1.00989
1.00072
1
1
1
1.00616
1
0.999999
1
1.00305
1
1.00546
1.00145
1.00838
1.01023
1
1
1
1
1.00253
0.999999
1
1.00002
1
1
1.00074
1
1
1
1.00156
0.999999
1
1
1
1
1
1.00136
1.00158
0.999999
1
1.00023
1
1
0.999999
1
1.00505
1
1
1.00063
1
1.01276
1
0.999999
1.0012
1.00479
1.00094
1.00186
1.00482
1.0026
1.00173
1.00311
1
1.00616
1.00419
1
1
1.00409
1
1
0.999999
0.999999
1
1.00205
1
1.00191
1.00146
1
1
1.00189
1.00167
1.01075
1.00261
1
0.999999
1
1.01965
1.00171
0.999998
1
0.999999
1.00537
1.00243
1
1.00509
1
1
1
1
1.00817
1
1.00014
1
1.00575
1.00386
0.999999
1.00571
1
1.00054
1.00887
1.00311
0.999999
1
1
1
1
0.999999
1
1.00009
1.02032
1
1
1.423
1.45911
1.00945
1.04244
1.0244
1.13485
1.07268
1.05364
1.03112
1.9174
1.10255
1.03767
1.43629
1.1549
1.90571
1.04278
1.05465
1.70493
1.00212
1.31328
1.6666
1.09694
1.00094
