0.676956
1.15653
0.775637
1.05119
0.747536
1.07379
1.22043
1.2113
0.905565
1.50098
0.958176
0.740807
1.10794
1.13793
1.22563
1.12841
0.696358
1.07914
1.17771
0.766817
1.2494
1.16182
1.13473
0.91516
0.879694
1.21836
1.204
0.98457
0.746078
1.02853
1.20738
0.788594
0.917285
1.04973
1.10019
0.950817
0.999128
1.14265
0.809803
0.975304
0.916759
0.935886
0.79842
0.986308
0.750925
1.00317
0.915242
1.00313
0.880984
0.733477
1.01749
1.02993
0.840044
1.18918
1.10523
1.07563
0.853458
1.05598
0.91442
0.823586
1.25943
1.37556
1.17413
1.34624
1.01706
1.0063
0.930405
0.99075
0.981604
0.806123
0.944491
0.921367
0.85398
1.18981
1.0765
0.917934
1.10212
0.781321
1.27263
0.954176
0.760243
0.898233
0.912512
0.95795
1.14559
0.910301
1.06436
1.05994
1.22827
1.10328
0.975287
1.08585
0.921297
1.05188
0.81305
0.705024
0.845516
0.83403
1.13089
1.15692
0.809651
0.945026
0.943218
1.11151
1.0383
0.946772
0.779389
1.02392
0.919846
1.11927
1.09332
0.861491
0.994403
1.20373
1.02449
1.10162
0.922755
1.27838
1.18263
0.986071
1.23548
1.22881
0.962268
0.999531
1.10941
0.602673
1.12694
1.01937
1.17391
0.922459
0.948249
0.965747
1.0548
1.392
1.14759
0.837097
1.43449
0.982233
0.760144
1.107
1.1802
0.798527
1.16614
1.30228
0.843566
1.19156
1.20055
0.802438
1.06308
0.939616
1.004
1.39162
1.11687
0.974864
1.12381
1.81381
1.1157
0.851088
0.872357
1.04183
0.902251
0.84389
0.944406
1.01142
0.922024
1.1076
1.07761
0.987293
0.993004
1.35197
0.935042
1.27434
1.1884
0.90272
1.09005
0.998721
0.902265
0.988304
1.10404
1.12902
1.29788
1.00512
1.13348
1.02089
1.21557
1.323
1.05241
0.738937
1.26181
0.880986
1.07429
0.91127
1.3021
1.2545
0.863649
1.29022
0.981759
1.31374
1.34143
0.850743
1.00133
1.2722
1.08975
0.976477
1.0028
0.814381
1.17071
1.27215
1.33169
0.942317
0.976812
1.0443
1.01876
1.07778
0.79282
0.923637
0.751382
1.34089
1.02674
1.32586
0.830908
1.45345
1.29501
0.828362
1.12268
0.963456
1.22033
1.13736
1.28752
1.31144
1.2491
1.10969
0.951205
0.870953
1.01496
1.16218
1.18697
0.925938
0.962732
1.13805
1.16445
1.06963
0.77448
0.924891
1.13399
0.976167
1.05128
0.882516
1.13861
0.925846
0.708168
1.11824
1.07948
0.672146
1.09483
1.09945
1.11357
1.21014
1.17507
1.1166
0.8497
0.782817
0.97241
1.18451
0.747497
1.16225
0.945206
1.08882
1.04335
1.04548
1.32975
1.0081
0.924852
0.890416
1.18391
0.817747
0.942394
1.1973
1.07426
1.34329
0.685466
1.28864
1.18463
1.24876
1.15936
0.879318
1.06936
0.871158
0.842976
0.875007
0.701176
1.10997
1.20021
1.12344
1.53866
1.02268
0.843422
0.849246
0.948519
0.685326
0.978098
0.684127
0.699672
1.35129
0.853407
1.10623
1.18015
0.835733
1.09629
0.776318
1.08632
0.991971
1.11104
0.88429
1.04752
1.1927
0.986639
1.05465
1.15046
0.921038
0.916336
1.11925
1.02846
1.00196
1.15393
0.938366
1.02863
1.27359
0.914615
0.88879
0.951043
0.896673
1.02157
0.964706
0.944931
0.9019
0.963971
1.14653
1.12127
0.72047
1.04529
1.02246
0.897813
1.07372
0.983098
1.09721
0.93351
0.886775
1.24482
1.04118
0.752114
1.34576
1.09834
1.08956
0.964548
0.862296
0.964015
1.06284
0.945321
1.07111
1.14055
1.1248
0.884645
1.18519
0.731627
0.953421
1.23118
1.36413
0.9398
1.04316
0.823881
1.33744
1.04334
1.27157
0.971768
0.83462
1.02894
0.868702
0.92677
0.707815
0.942923
1.13627
1.39844
0.836806
1.20498
0.923723
0.759678
1.07113
1.00659
1.09199
0.841156
0.879951
0.989872
1.28251
1.04546
0.845335
0.969735
1.10867
1.02113
0.817078
1.13993
1.18894
0.800163
1.05237
1.25746
0.946527
0.856468
1.1606
0.979948
1.07149
0.957449
0.90235
1.06308
0.886336
1.126
0.8521
1.38176
1.00971
1.06478
1.15086
1.11478
1.14736
1.07294
1.14798
1.15014
1.04737
1.0405
1.00313
0.905543
1.01064
1.02445
0.856464
1.01892
1.05506
0.938416
0.788914
0.926366
1.10642
1.04578
1.0911
0.902547
1.05168
0.875601
0.776271
1.13077
0.854139
0.935873
0.830773
0.862457
1.17636
0.734325
1.06031
1.13315
0.913256
0.825187
1.21299
0.84042
1.07147
0.803648
1.38403
1.11189
0.84473
0.997401
0.738134
1.13463
0.901933
1.05207
1.25359
0.878731
0.954327
0.955763
1.08065
0.918879
0.823704
0.896334
1.15317
0.956428
1.13896
0.892365
0.829291
0.747306
1.07989
0.997039
0.930112
1.16774
0.914072
1.47487
0.691802
0.967503
1.1534
0.886935
0.821734
0.84235
0.835851
0.972983
0.884452
1.11854
0.95516
1.30497
1.00372
1.13934
1.01399
1.16585
1.26535
0.809171
1.02719
0.846178
0.802301
1.13848
1.26756
0.848991
0.926749
0.675171
0.86716
0.8642
0.974345
1.15454
1.24087
0.612916
1.07129
1.42771
0.894657
0.786874
0.807267
0.986755
1.13069
1.1293
1.055
1.11133
0.860515
1.05205
0.688152
0.95805
1.00419
1.02664
0.973653
1.08627
1.02272
0.894536
1.02329
0.756072
0.96759
0.978263
0.956051
0.947707
1.08092
0.969128
1.50686
1.06042
0.758228
0.907876
1.43342
0.838622
0.916768
1.04002
1.07402
1.18274
0.990587
0.739779
0.913102
1.1269
0.912864
0.699908
0.83503
0.960841
1.08403
0.960383
0.980998
0.994564
0.917688
0.999588
1.10225
1.13623
0.902369
1.01051
1.24614
0.93676
1.26501
1.1965
0.953369
0.97503
1.05076
1.13873
0.853358
1.23254
0.921572
0.725878
1.16899
0.817911
1.08373
0.981535
1.16119
1.2223
0.920746
0.972614
1.15689
1.05098
0.86128
0.793056
1.02681
0.848648
1.02152
0.839151
1.25156
1.26401
0.971218
0.889283
1.17805
0.989423
0.928769
1.30716
1.2264
0.893889
0.76498
0.990806
1.0049
0.819376
1.18917
1.12484
0.755356
0.99214
1.11419
1.01407
1.1761
0.958495
1.15688
1.18133
0.82148
0.996993
0.975779
1.27117
1.1847
1.08241
1.10342
1.02552
0.749252
1.11569
1.06835
1.08783
0.775815
0.961212
0.748271
1.15724
0.946721
0.803092
1.10316
1.30325
1.06909
0.987601
1.108
0.980436
1.16186
0.931685
1.31586
1.03479
1.29577
1.29109
1.25362
0.953999
0.985031
1.20276
1.04464
1.56839
1.01004
0.975779
0.890877
1.13307
0.997748
0.967358
1.07321
0.925589
0.693182
1.11928
1.42503
0.892275
1.07365
1.06428
0.956323
0.849708
1.17563
0.876477
1.25407
0.590711
1.1241
0.773528
0.833441
1.1384
1.07965
0.691166
0.996366
1.08872
0.947535
0.813217
0.983765
1.01368
0.935855
0.895013
1.07121
0.830482
0.926533
1.09763
1.05598
0.884864
1.15549
0.971706
1.25445
1.03195
1.21073
1.00389
1.03283
1.07022
0.825635
0.859466
0.948503
0.851007
1.1261
1.01475
0.886049
1.45127
0.887536
0.762169
1.02954
0.853933
1.06362
0.970235
0.904313
1.31738
0.983186
1.02744
0.664153
1.17774
0.906242
0.949969
1.02055
0.993986
0.746376
1.00711
0.939557
1.07997
1.3095
0.832043
1.2649
1.25967
0.938357
0.768756
1.01274
1.03091
1.01816
0.905202
0.907398
0.843386
0.739018
1.16847
0.996259
0.844782
0.91794
0.934369
0.870622
1.09943
0.976792
1.20791
0.871677
1.16683
1.03077
0.867457
1.0018
0.833799
1.03509
0.916342
1.00559
1.23314
1.26621
1.02621
1.04254
0.930225
1.65261
0.762086
0.978399
0.927358
0.823193
1.17474
1.27249
1.11743
1.22001
1.07666
1.43452
1.25457
1.1392
0.913017
1.10319
0.817794
1.64603
1.15842
0.890709
1.12973
1.16559
0.988072
1.1211
1.09985
0.921837
0.848653
0.680408
1.14761
0.980648
0.892585
1.13838
0.928907
0.85124
1.25191
1.06332
1.45801
1.27827
1.1737
1.23024
0.895773
0.814489
1.03214
0.978742
1.0467
1.12767
1.02762
1.24074
1.07626
0.983993
0.811846
1.00871
0.822865
1.30693
0.970665
1.04255
0.957688
0.820779
1.04848
1.01666
1.38186
1.07922
1.27724
0.896173
0.838385
1.08021
1.06995
0.971593
0.979914
1.10693
1.01882
0.868573
1.13957
1.17487
1.14285
0.914008
1.00169
1.06659
0.771687
0.909964
0.863238
0.981519
1.218
0.862833
0.907602
1.02579
0.855773
0.906861
1.01332
0.925184
1.18827
0.941614
0.780165
1.42414
1.36855
1.15817
0.935717
1.00335
1.18201
1.07788
1.05813
0.791445
1.1752
0.949616
0.97798
0.939486
1.03462
1.06798
1.32218
0.799392
0.785013
1.29932
0.75178
1.22761
0.952484
0.874629
1.02393
1.03507
0.842467
0.982238
1.19677
1.00674
1.04226
0.939524
0.750681
1.02047
1.3346
0.893694
1.0809
1.19459
1.14518
1.00331
0.946965
0.950474
0.983231
1.05217
0.795514
0.936423
0.988587
1.05119
1.10934
1.20842
1.13941
1.12529
0.928555
0.839059
0.850008
1.36071
0.985816
1.46499
1.13133
0.832171
0.769234
0.888903
0.993647
0.648721
0.967689
1.07117
1.02701
0.862841
1.01243
1.24773
0.917355
0.924869
0.965578
1.19396
1.02091
1.07453
0.706025
0.87534
1.30593
1.04358
1.08248
0.917086
1.22417
1.01112
0.921361
1.08466
0.882146
1.00077
1.07191
1.19814
1.07331
1.14174
0.888952
1.08637
1.09702
0.944992
1.03014
0.777354
0.986967
1.04537
0.788218
0.807445
1.12662
1.03413
1.04357
0.844882
0.993636
0.892855
1.10123
1.09443
1.35137
0.792429
1.08406
1.37673
1.09108
1.23389
0.961057
0.918194
0.778162
0.869286
0.750294
0.763244
0.863482
1.20368
1.14386
0.93124
0.980381
1.21327
1.04721
0.786335
1.04853
1.1402
0.920071
0.900884
