1.05022
1.0184
1.03085
1.07299
1.01279
1.02552
1.02872
1.1016
1.02105
1.02268
1.02629
0.999878
1.02592
1.02747
1.05715
1.02694
1.01111
1.02536
1.05108
1.18651
1.0092
1.06423
1.05954
1.01529
1.01008
1.02836
1.03171
1.01926
1.02688
1.02902
1.01961
1.00876
1.03141
1.02435
1.03371
1.02385
0.999906
1.03385
1.00021
1.01984
1.03247
1.03972
1.03513
1.02652
1.04976
1.02863
1.02854
1.0227
1.01245
1.08987
1.01829
1.21596
1.03141
1.03516
1.03335
1.10458
1.02863
1.11346
1.01967
1.08964
1.02073
1.03222
1.00844
1.01874
1.02774
1.02682
1.02362
1.01257
1.02028
1.01032
1.01958
1.0309
1.03304
1.02295
1.09378
1.00159
1.05162
1.01508
1.07274
1.03707
1.01872
1.02298
1.00288
0.995612
1.03457
1.02989
1.0609
1.018
1.02145
1.05582
1.04593
0.997811
1.01039
1.12238
1.03304
1.01776
1.01266
1.02454
1.00255
1.04052
1.01087
1.01603
1.02094
1.0194
1.02314
1.0081
1.07755
1.02643
1.02043
1.00095
1.02621
1.01583
1.0283
1.02425
1.02502
1.03324
1.01713
1.01914
1.01302
1.02795
1.03347
1.00965
1.02646
1.01637
1.0226
1.03435
1.00896
1.19029
1.00905
1.02024
1.0289
1.00413
1.01275
1.01764
1.02669
1.01569
1.02736
1.08203
1.0343
1.02576
1.00201
1.01811
1.03776
0.999757
1.00312
1.21688
0.999196
1.02946
1.01567
0.998759
1.01317
1.02648
1.02618
1.20839
1.06833
1.01339
1.16611
1.03396
1.01569
1.02307
1.0256
1.0277
1.02982
1.02045
1.06113
1.09391
0.999438
1.06943
1.0244
1.02394
1.03426
1.03425
1.02768
1.02971
1.0122
1.02507
1.0263
1.15893
1.01688
1.01675
0.998037
1.02092
1.01793
1.02577
1.02349
1.00855
1.02571
0.996708
1.19315
1.02909
1.02629
1.02842
1.0272
1.04092
1.03008
1.04102
1.08547
1.01186
1.05925
1.02211
1.03513
1.0162
1.02372
1.02793
1.07097
1.00055
1.02792
1.00214
1.02711
1.02064
1.01272
1.01102
1.20299
1.02753
1.06878
1.00266
1.03897
1.0757
1.04822
1.06117
1.01948
1.06918
1.04455
1.02796
1.03255
1.0243
1.01093
1.14434
1.02906
1.02665
1.01638
1.01986
1.01768
1.09213
1.01239
1.0271
1.03635
1.00537
1.0841
1.029
1.10263
1.03594
1.0038
1.17528
1.06106
1.01044
1.03023
1.02637
1.02282
1.02003
1.02488
1.02944
1.01099
1.02918
1.04801
1.0194
1.0344
1.00813
1.04073
1.09066
1.02834
1.1912
1.05986
1.01875
1.05151
1.02647
1.06974
1.03397
1.03103
1.02006
1.02755
1.01969
1.00389
1.0419
1.0324
1.02116
1.02788
1.03116
1.01874
1.02279
1.01537
1.00778
1.03322
1.03353
1.03392
1.02836
1.03416
1.05574
1.00459
1.10852
1.07729
1.01761
1.01445
1.02292
1.02646
1.02372
1.01224
1.14464
1.01793
1.01469
1.02642
1.04292
1.00255
1.01081
1.02293
1.02598
1.068
1.03463
1.02217
1.06257
1.00956
1.01926
1.06641
1.01839
1.01635
1.02626
1.02741
1.09243
0.996136
1.18204
1.01768
1.01782
1.02335
1.01717
1.12764
1.11074
1.02587
1.01943
1.03335
1.01139
1.01832
1.02417
1.02173
1.01898
1.00585
1.06012
1.02143
1.05903
1.02899
1.01384
1.1406
1.01395
1.06386
1.0248
1.00017
1.03783
0.99641
1.02831
1.0439
1.0758
1.08929
1.21891
1.04978
1.0795
1.02754
1.02574
1.02743
1.018
1.00392
1.03089
1.01667
1.01252
1.0151
1.00858
1.06329
1.01531
1.01824
1.03739
1.01353
1.0109
1.02784
1.01829
1.03502
1.03543
1.0723
1.00788
1.02073
1.03747
1.00327
1.08763
1.03913
1.03385
1.02499
1.02764
1.05201
1.03192
0.998585
1.02438
1.02594
1.01647
1.0633
1.03133
1.07347
1.01497
1.04173
1.03592
1.1755
1.02478
1.02992
1.03139
1.20028
1.02304
1.02205
1.04996
1.02917
1.03006
1.00902
1.03067
1.06902
1.01367
1.02611
1.01495
1.20858
1.02171
1.02768
1.06462
1.04187
1.06448
1.02215
1.06718
1.02605
1.20515
1.03698
1.02777
1.02597
1.02128
1.02604
1.02132
1.06188
1.01366
1.00027
1.02217
1.02046
1.00629
1.00899
1.03474
1.014
1.01219
1.07272
1.00953
1.05764
1.00794
1.03917
1.0224
1.00283
1.06635
1.19256
1.01774
1.0255
1.20977
1.02731
1.03229
1.05656
1.01101
1.00819
1.01594
1.02473
1.04272
1.06557
1.0326
1.02876
1.0192
1.05837
1.02698
1.02945
1.12004
1.0203
1.02073
1.03262
1.01972
1.0278
1.02436
1.03877
1.03019
1.01335
1.09861
1.01325
1.00949
1.01269
1.0764
1.04214
1.01271
1.07518
1.00228
1.03581
1.03296
1.02013
1.02803
1.01883
1.0099
1.02427
1.02515
1.01134
1.00286
1.02151
1.0308
1.02564
1.02005
1.01474
1.01672
1.02997
1.00827
1.0028
1.03643
1.02557
1.02613
1.01656
1.02666
1.03098
1.09928
1.01892
1.03353
1.06864
1.0185
1.02605
1.03627
1.05766
1.04073
1.03434
1.02445
1.02466
1.00445
1.02393
1.07778
1.01421
1.05308
1.02848
1.02569
1.02557
1.09634
1.03358
1.02758
0.998269
1.10835
1.02327
1.01224
1.02681
1.02406
1.01313
1.02672
1.02768
1.02238
1.035
1.07591
1.08272
1.0534
1.02391
1.04982
1.03139
1.01255
1.01296
1.00726
1.04006
1.01964
1.02597
1.00269
1.07514
1.03669
1.02277
1.08515
1.02149
1.07873
1.02908
1.02883
1.02048
1.00347
1.00069
1.025
1.02769
1.01559
1.01448
1.03382
1.03111
1.01613
1.00547
1.00181
1.08532
1.01167
1.01417
1.019
0.997787
1.02811
1.02586
1.03545
1.01984
1.00541
0.999163
1.07182
1.02248
1.03835
1.0294
1.03816
1.02751
1.00293
1.09274
1.09143
1.00716
1.02602
1.00095
0.997782
1.16376
1.03295
1.07832
1.0313
1.02454
1.0217
1.04387
1.0304
1.07968
1.02478
1.0778
1.02368
1.01559
1.03533
1.02215
1.02376
1.01466
1.07142
1.01027
1.02691
1.00453
1.00405
1.01507
1.05858
1.00922
1.0943
1.07079
1.02047
1.01979
1.00318
1.06647
1.02983
1.02696
1.01054
1.02966
1.00324
1.01555
1.02716
1.13021
1.00211
1.21663
1.02313
1.03961
1.03311
1.03815
1.03501
1.03082
1.04084
1.01995
1.02075
1.0395
1.03899
1.02035
1.00413
1.02178
1.02229
1.00081
1.02321
1.02478
1.03064
1.0024
1.079
1.02132
1.02018
1.02253
1.06044
1.03067
1.117
1.02677
1.01691
1.02284
1.02741
1.01144
1.03249
1.00971
0.999665
1.03452
0.999079
1.06041
1.02379
1.03391
1.01084
1.07969
1.00991
1.05309
1.2156
1.02423
1.03339
1.01141
1.03
1.02601
1.04537
0.999628
1.00924
1.02124
1.02717
1.01908
1.0255
1.0073
1.02442
1.0217
1.13786
1.08078
1.01469
1.05413
1.01762
1.03934
1.0107
1.02901
1.04553
1.02107
1.01787
1.02037
1.00281
1.02015
1.01411
1.04612
1.02676
1.02343
1.0492
1.02996
1.03782
1.02386
1.02484
1.2386
1.03427
1.02004
1.01068
1.07275
1.01503
1.01135
1.01576
1.03032
1.02803
1.01414
1.05497
1.01483
1.03969
1.0216
1.01977
1.01201
1.00398
1.04566
1.01749
1.03006
1.02686
1.02045
1.01795
1.02151
1.00659
1.02749
1.05442
1.00187
1.02415
1.01888
1.04576
1.02528
1.02381
1.00658
1.01618
1.06213
1.06875
1.10885
1.0115
1.02186
1.02536
1.02631
1.05957
1.03314
1.0202
1.01047
1.02031
1.0198
1.01477
1.02122
1.07832
1.07081
1.00671
1.20736
1.00273
1.02778
1.06484
1.09673
1.04681
1.0065
1.18163
1.00876
1.03478
1.01567
1.06698
1.04892
1.03269
0.998087
1.0537
0.999059
0.998986
1.02991
1.01921
1.01763
1.02595
1.04909
1.01186
1.02529
1.02301
1.03303
1.00124
1.07971
1.04228
1.01515
1.01208
1.02601
1.01024
1.02382
1.02008
1.04076
1.02718
1.02861
1.02722
1.03405
1.03127
1.02082
1.04007
1.01448
1.02982
1.06949
1.02357
1.00721
1.02322
1.00211
1.03308
1.04229
1.02261
1.02251
1.07398
1.08248
1.03602
1.03656
1.02646
1.02766
1.01162
1.01267
1.02959
1.00879
1.0331
1.02179
1.00805
1.05188
1.0267
1.04004
1.08864
1.01692
1.03003
1.02514
1.02948
1.02625
1.03233
1.01808
1.03864
1.03068
1.0293
1.0345
0.999222
1.02981
1.02405
0.997999
1.02983
1.0053
1.0219
1.02028
1.19772
1.03209
1.0162
1.01661
1.01706
1.03001
1.04206
1.10373
1.02798
1.0203
1.2539
1.01494
1.02874
1.06433
1.05037
1.02346
1.01663
1.02145
1.01932
1.0351
1.01942
1.00333
1.02976
1.00119
1.01518
1.02059
1.07605
1.01251
1.03822
1.01266
1.01779
1.03004
1.05096
1.06931
1.16015
1.06766
1.02878
1.01311
1.03821
1.05673
1.01209
1.0317
1.04177
1.01996
1.02602
1.02831
1.03974
1.0077
1.03812
1.00106
1.03533
1.01997
1.01804
1.01866
1.0279
1.17689
1.0811
1.02663
1.01829
1.0383
1.02582
0.999616
1.06825
1.02458
1.07531
1.00872
1.02731
1.10647
1.02037
1.01586
1.0089
1.12192
1.05961
1.07806
1.02652
1.04664
1.03196
1.02465
1.08487
1.04072
1.02392
1.03584
1.01011
1.03168
1.0209
1.02738
1.03802
1.01539
1.01912
1.01729
1.01233
1.00806
1.01019
1.01598
1.03728
1.00262
1.06676
1.04589
1.07279
1.02164
1.18314
1.07637
1.02407
1.07332
1.02795
1.07953
1.02179
1.05898
1.02425
1.18398
1.1703
1.03748
1.02073
1.08412
1.03632
1.02577
1.02535
1.01203
1.04212
1.02051
1.02437
1.03969
1.00636
1.00296
1.0148
1.01375
1.00905
1.02095
1.14448
1.02651
1.00161
1.05824
1.05996
1.32313
1.13852
1.53804
1.05659
1.10232
1.1576
1.11198
1.05244
1.30475
0.999878
1.12238
1.27304
1.05715
1.15173
1.09578
1.24032
1.05108
1.52217
1.02052
1.19226
1.05954
1.46406
1.40014
1.05598
1.3122
1.20072
1.13194
1.1852
1.34809
1.00876
1.18658
1.14116
1.2211
1.4018
0.999906
1.20833
1.00021
1.17818
1.155
1.09693
1.17913
1.14854
1.04976
1.31412
1.35857
1.09826
1.46502
1.08987
1.4194
1.62567
1.03679
1.35914
1.25632
1.10458
1.25341
1.35316
1.03362
1.1987
1.25279
1.34372
1.00844
1.10208
1.25259
1.16778
1.26344
1.01257
1.39648
1.56743
1.36524
1.1951
1.13379
1.43493
1.23114
1.00159
1.05162
1.05031
1.20769
1.06459
1.29701
1.08539
1.0113
0.995612
1.2389
1.21349
1.08686
1.3838
1.40856
1.07338
1.04593
0.997811
1.47973
1.28624
1.31813
1.07201
1.41778
1.43174
1.00983
1.25066
1.54473
1.19437
1.02094
1.53139
1.41827
1.50602
1.23601
1.15589
1.0519
1.00095
1.09496
1.02246
1.15837
1.13739
1.35843
1.27791
1.06485
1.02521
1.01302
1.13473
1.40972
1.506
1.53464
1.03119
1.0226
1.09026
1.57345
1.92721
1.00905
1.03514
1.11348
1.57544
1.40507
1.04674
1.50427
1.09716
1.16749
1.08203
1.45814
1.44108
1.00201
1.3597
1.04945
0.999757
1.00312
1.55824
0.999196
1.21512
1.4601
0.998758
1.46696
1.22752
1.23908
1.86215
1.11608
1.03843
1.76491
1.28913
1.35415
1.11183
1.37574
1.19384
1.17901
1.15667
1.06113
1.09391
0.999438
1.07928
1.22825
1.06549
1.1694
1.11461
1.29941
1.25876
1.44297
1.30737
1.0263
1.45864
1.46246
1.04842
0.998037
1.27138
1.10451
1.27549
1.0715
1.00855
1.15797
0.996708
1.57833
1.46396
1.20414
1.21879
1.17532
1.30329
1.41188
1.25722
1.11192
1.01186
1.05925
1.38743
1.28203
1.42413
1.40451
1.31397
1.07917
1.0048
1.02792
1.38558
1.20199
1.06202
1.38333
1.01102
1.4325
1.35135
1.06878
1.00266
1.29936
1.11574
1.04822
1.08332
1.22532
1.06918
1.04455
1.21546
1.34677
1.03024
1.47744
1.35817
1.40009
1.19518
1.39272
1.41978
1.54236
1.11909
1.46894
1.37338
1.03635
1.00537
1.24406
1.33905
1.10434
1.03594
1.0038
1.19479
1.06106
1.03544
1.29061
1.32143
1.18849
1.36554
1.10637
1.11457
1.44286
1.40079
1.10356
1.11857
1.04219
1.00813
1.04073
1.09933
1.27839
1.82759
1.18177
1.17848
1.05151
1.14109
1.22087
1.14636
1.31569
1.06002
1.28855
1.1466
1.00389
1.17287
1.28667
1.20852
1.04824
1.21649
1.09925
1.04022
1.03936
1.40212
1.18555
1.4505
1.38263
1.33194
1.39561
1.07976
1.51628
1.23027
1.16645
1.36784
1.06208
1.12599
1.03885
1.05873
1.3187
1.28637
1.04625
1.06383
1.25406
1.07965
1.00531
1.45388
1.02293
1.21668
1.08348
1.3227
1.13079
1.18052
1.00956
1.13287
1.06641
1.3107
1.17564
1.1665
1.03589
1.19005
0.996136
1.96689
1.17884
1.26848
1.02335
1.32039
1.51034
1.14539
1.431
1.39787
1.13263
1.53078
1.36552
1.36845
1.44952
1.08984
1.00585
1.06012
1.32623
1.05903
1.40759
1.07738
1.50481
1.0628
1.15282
1.06056
1.00017
1.15635
0.9994
1.06805
1.23425
1.17776
1.1493
1.62326
1.08529
1.23387
1.13298
1.11202
1.24007
1.344
1.02607
1.21484
1.05276
1.01252
1.41285
1.00858
1.28744
1.39335
1.01824
1.21684
1.01353
1.01339
1.11379
1.01829
1.03502
1.03821
1.19269
1.01543
1.07515
1.22228
1.00327
1.15275
1.16857
1.18657
1.41118
1.42006
1.11134
1.08151
0.998585
1.25749
1.16608
1.01647
1.0633
1.22064
1.11381
1.08606
1.32695
1.04867
1.95858
1.47598
1.20816
1.1787
1.46659
1.02304
1.10606
1.12733
1.13142
1.20881
1.00902
1.22863
1.12175
1.08162
1.02611
1.05201
1.30079
1.46264
1.31081
1.14252
1.04187
1.06448
1.16483
1.23691
1.26262
1.86954
1.338
1.02777
1.14219
1.41998
1.04916
1.02132
1.12114
1.47646
1.00027
1.06732
1.08448
1.00629
1.02869
1.20269
1.014
1.43536
1.11738
1.50513
1.05764
1.36555
1.03917
1.43085
1.00283
1.1679
1.34527
1.08146
1.20754
1.53329
1.03678
1.32855
1.05656
1.03639
1.00819
1.04793
1.13056
1.04272
1.10485
1.30586
1.08088
1.14764
1.05837
1.26839
1.31657
1.25526
1.08422
1.3513
1.33405
1.05712
1.0278
1.3877
1.03877
1.16272
1.42782
1.1152
1.40762
1.00949
1.42986
1.0764
1.04214
1.50759
1.14502
1.00228
1.22259
1.16835
1.36125
1.02803
1.07958
1.02096
1.39079
1.08683
1.45361
1.00286
1.34133
1.17521
1.09491
1.30557
1.04304
1.03301
1.02997
1.00827
1.01871
1.05904
1.31605
1.15422
1.06329
1.264
1.34522
1.37982
1.01892
1.35406
1.11287
1.50673
1.43057
1.38138
1.05766
1.15725
1.20812
1.34901
1.07288
1.00445
1.23152
1.09508
1.42594
1.05308
1.34717
1.35506
1.37298
1.1183
1.33948
1.36502
0.998269
1.10835
1.21192
1.08813
1.41173
1.33881
1.01313
1.1021
1.09659
1.02971
1.035
1.33323
1.08445
1.0534
1.4022
1.04982
1.20562
1.01255
1.02391
1.00726
1.15728
1.44694
1.18945
1.00269
1.12609
1.38747
1.03587
1.13685
1.44563
1.08403
1.21006
1.02883
1.40679
1.00347
1.00069
1.025
1.32384
1.01559
1.27531
1.05417
1.08879
1.0858
1.00547
1.01374
1.25022
1.01472
1.43573
1.019
0.997787
1.24298
1.48031
1.0529
1.08391
1.59673
0.999163
1.18145
1.35127
1.28913
1.20889
1.25563
1.3046
1.48414
1.19237
1.17714
1.0132
1.43528
1.00242
0.997782
1.42865
1.31779
1.13891
1.08777
1.13658
1.02631
1.04387
1.03178
1.1521
1.26958
1.28657
1.05145
1.03105
1.03533
1.24903
1.33736
1.49548
1.25787
1.01027
1.26289
1.00453
1.5247
1.41558
1.26617
1.0202
1.38427
1.07079
1.42467
1.05453
1.00318
1.33241
1.18407
1.20653
1.06854
1.22722
1.00558
1.01581
1.38787
1.29575
1.00403
1.55854
1.0319
1.09466
1.38273
1.28586
1.03981
1.27475
1.24327
1.16547
1.02075
1.232
1.14293
1.02035
1.00413
1.38821
1.05994
1.00081
1.31651
1.15867
1.38441
1.0024
1.15108
1.02132
1.08436
1.03347
1.06044
1.28868
1.117
1.16124
1.01691
1.02284
1.05884
1.5078
1.45437
1.00971
0.999665
1.29778
0.999079
1.06041
1.29684
1.21297
1.47281
1.07969
1.08792
1.13413
1.66986
1.45205
1.12998
1.47833
1.13078
1.29599
1.16592
1.00085
1.01016
1.14474
1.20324
1.40903
1.38656
1.0073
1.09421
1.43938
1.443
1.11057
1.01469
1.12881
1.42595
1.03934
1.05739
1.28423
1.097
1.26329
1.36283
1.47777
1.00281
1.02015
1.46442
1.10856
1.10154
1.18302
1.14537
1.32971
1.10393
1.05046
1.09786
1.72876
1.16936
1.20787
1.01068
1.07275
1.01503
1.04342
1.42034
1.25933
1.255
1.48367
1.1098
1.46078
1.21062
1.07252
1.03787
1.51852
1.00398
1.05242
1.46932
1.30834
1.21291
1.19466
1.04336
1.02151
1.62249
1.30052
1.18114
1.00187
1.14427
1.03811
1.04576
1.11375
1.11605
1.00658
1.55445
1.13487
1.07585
1.23672
1.48283
1.17586
1.37401
1.36564
1.11138
1.03314
1.52571
1.53501
1.09427
1.37087
1.44118
1.4873
1.10949
1.15261
1.00671
1.39195
1.00273
1.11524
1.06484
1.23823
1.04681
1.0065
1.52007
1.00876
1.24448
1.01567
1.1731
1.04892
1.33623
0.998087
1.0537
0.999059
0.998986
1.02991
1.35832
1.06862
1.19193
1.1762
1.01788
1.38419
1.08582
1.20592
1.00124
1.07971
1.13177
1.50081
1.45712
1.10583
1.43704
1.0784
1.06672
1.22373
1.20679
1.23476
1.16617
1.2264
1.03127
1.39945
1.04109
1.01448
1.21611
1.06949
1.47845
1.00721
1.08137
1.00211
1.3355
1.04229
1.31099
1.44729
1.26217
1.16485
1.23838
1.17849
1.28694
1.15773
1.49796
1.42239
1.39159
1.0092
1.03309
1.02179
1.02177
1.07662
1.33525
1.13507
1.13506
1.3256
1.08604
1.12339
1.06455
1.3355
1.05368
1.17027
1.03864
1.14327
1.1933
1.09844
0.999222
1.15482
1.12182
0.998815
1.08369
1.0053
1.38571
1.02028
1.72884
1.31119
1.0162
1.46577
1.43991
1.26255
1.05669
1.14125
1.21016
1.43399
1.62199
1.43378
1.38446
1.15984
1.05065
1.34914
1.40575
1.47645
1.36306
1.10161
1.10027
1.00333
1.1617
1.00119
1.06168
1.36737
1.17327
1.47626
1.32047
1.55209
1.08994
1.43034
1.06093
1.06931
1.36133
1.19772
1.24176
1.48419
1.09679
1.05673
1.06254
1.32327
1.04177
1.09286
1.23814
1.18391
1.06983
1.04076
1.17889
1.00106
1.30155
1.20143
1.05495
1.09154
1.2605
1.76517
1.08252
1.15988
1.47126
1.2512
1.36068
0.999616
1.06825
1.04444
1.26077
1.49575
1.38008
1.24343
1.2767
1.39955
1.0089
1.15832
1.12848
1.08304
1.38171
1.2324
1.29902
1.17205
1.29723
1.43408
1.33643
1.27502
1.01089
1.20921
1.06767
1.09493
1.37325
1.08753
1.27378
1.33583
1.53991
1.50098
1.01861
1.42254
1.17534
1.00262
1.10062
1.04589
1.07279
1.10212
1.59128
1.19513
1.24705
1.12363
1.22228
1.07953
1.42749
1.19247
1.14514
1.57276
1.42895
1.06887
1.42315
1.19037
1.03632
1.31889
1.40695
1.46837
1.05324
1.02632
1.24217
1.03969
1.03066
1.00296
1.40539
1.39936
1.46018
1.07213
1.3527
1.33664
1.00161
604437000.0
232354000.0
167819000.0
336487000.0
134475000.0
230300000.0
215180000.0
308909000.0
217299000.0
237539000.0
169443000.0
284947000.0
215292000.0
178788000.0
627586000.0
210092000.0
236499000.0
199148000.0
577054000.0
418517000.0
250629000.0
366480000.0
502715000.0
136514000.0
139926000.0
230476000.0
171538000.0
176585000.0
219318000.0
207781000.0
151967000.0
264090000.0
199801000.0
213359000.0
197725000.0
152503000.0
267847000.0
189676000.0
258310000.0
186886000.0
183811000.0
357573000.0
194174000.0
215970000.0
692193000.0
180439000.0
168096000.0
226742000.0
140867000.0
541783000.0
156511000.0
363665000.0
373083000.0
167962000.0
184146000.0
572975000.0
185171000.0
413612000.0
440001000.0
304738000.0
182350000.0
179219000.0
346793000.0
237358000.0
172566000.0
203100000.0
186497000.0
297973000.0
159553000.0
140985000.0
154577000.0
180438000.0
211392000.0
151938000.0
340750000.0
271435000.0
530951000.0
241573000.0
290382000.0
382575000.0
155900000.0
215952000.0
265538000.0
276059000.0
196964000.0
195625000.0
319284000.0
151869000.0
149574000.0
376277000.0
730702000.0
313405000.0
141248000.0
518813000.0
167430000.0
236632000.0
143601000.0
147631000.0
268254000.0
180584000.0
134926000.0
203196000.0
345011000.0
142195000.0
155507000.0
142652000.0
305417000.0
213391000.0
417926000.0
274191000.0
219588000.0
241346000.0
212293000.0
222057000.0
156681000.0
178791000.0
233285000.0
235900000.0
245514000.0
219804000.0
160997000.0
140708000.0
144916000.0
257142000.0
372660000.0
205589000.0
136545000.0
314779000.0
437521000.0
318133000.0
225272000.0
136978000.0
147920000.0
232237000.0
148637000.0
227192000.0
202099000.0
610825000.0
150819000.0
146905000.0
265211000.0
152108000.0
279233000.0
276680000.0
274673000.0
411781000.0
263536000.0
199658000.0
148081000.0
280214000.0
154288000.0
198480000.0
174699000.0
318674000.0
476730000.0
245723000.0
305200000.0
173130000.0
167446000.0
219637000.0
172009000.0
211028000.0
211186000.0
213547000.0
537993000.0
576917000.0
282341000.0
515006000.0
178729000.0
221784000.0
195284000.0
201045000.0
180986000.0
181469000.0
152894000.0
165846000.0
306889000.0
423237000.0
149265000.0
244387000.0
320810000.0
171524000.0
221486000.0
177091000.0
234569000.0
334261000.0
199778000.0
282811000.0
385545000.0
146592000.0
189153000.0
191972000.0
192558000.0
180650000.0
157849000.0
182589000.0
506031000.0
516875000.0
352340000.0
154083000.0
168165000.0
146186000.0
151592000.0
172823000.0
399483000.0
275827000.0
289430000.0
140626000.0
194346000.0
230468000.0
142664000.0
248282000.0
421857000.0
163893000.0
631531000.0
269374000.0
179374000.0
349078000.0
366248000.0
466637000.0
194482000.0
662920000.0
687170000.0
205155000.0
163764000.0
360287000.0
142771000.0
519313000.0
159022000.0
182827000.0
146129000.0
153870000.0
140338000.0
328788000.0
149606000.0
156145000.0
631244000.0
263383000.0
374033000.0
174328000.0
494141000.0
415804000.0
270587000.0
476619000.0
321386000.0
243716000.0
182563000.0
174481000.0
203257000.0
160248000.0
232676000.0
219922000.0
145577000.0
159428000.0
516983000.0
222851000.0
313106000.0
266783000.0
603179000.0
414684000.0
171003000.0
345717000.0
390318000.0
204325000.0
623931000.0
200347000.0
290059000.0
193009000.0
167339000.0
219753000.0
173676000.0
224397000.0
262807000.0
194295000.0
179754000.0
200138000.0
230498000.0
194177000.0
234494000.0
324159000.0
226332000.0
138610000.0
198976000.0
157570000.0
164065000.0
156816000.0
155496000.0
402849000.0
141260000.0
316754000.0
417172000.0
147618000.0
224923000.0
221931000.0
425871000.0
450407000.0
154781000.0
500832000.0
247943000.0
238179000.0
184212000.0
578330000.0
264023000.0
145940000.0
400531000.0
193622000.0
386306000.0
167439000.0
207861000.0
276817000.0
251637000.0
218148000.0
626831000.0
162227000.0
203495000.0
193670000.0
232386000.0
330304000.0
271188000.0
293779000.0
196670000.0
185371000.0
379212000.0
161346000.0
439499000.0
318661000.0
148879000.0
154257000.0
208656000.0
139230000.0
156021000.0
149712000.0
158477000.0
231850000.0
268781000.0
582678000.0
159996000.0
366920000.0
159192000.0
238466000.0
441354000.0
239744000.0
328337000.0
237993000.0
276234000.0
195233000.0
281188000.0
226889000.0
190537000.0
287065000.0
316638000.0
353111000.0
418608000.0
366766000.0
217921000.0
210877000.0
186296000.0
151595000.0
263077000.0
189633000.0
229121000.0
243763000.0
153747000.0
258013000.0
361251000.0
154122000.0
484098000.0
186573000.0
467202000.0
238352000.0
211480000.0
432407000.0
401186000.0
524045000.0
285962000.0
259291000.0
230449000.0
182670000.0
267044000.0
338014000.0
355965000.0
208422000.0
160356000.0
158901000.0
357527000.0
330037000.0
274903000.0
169175000.0
215853000.0
239803000.0
660755000.0
174839000.0
464908000.0
239646000.0
171529000.0
211214000.0
293622000.0
152275000.0
200430000.0
200801000.0
458177000.0
480860000.0
229646000.0
333798000.0
208393000.0
178472000.0
263971000.0
191147000.0
371975000.0
240667000.0
369522000.0
245011000.0
292409000.0
145757000.0
166341000.0
303435000.0
743938000.0
603304000.0
209294000.0
330585000.0
187497000.0
290255000.0
175720000.0
385074000.0
217409000.0
156023000.0
229426000.0
429314000.0
361074000.0
140976000.0
269760000.0
230723000.0
382708000.0
263648000.0
256257000.0
182205000.0
242058000.0
150342000.0
513012000.0
142531000.0
612332000.0
149450000.0
695513000.0
150808000.0
273013000.0
393702000.0
439230000.0
235765000.0
198469000.0
341463000.0
234433000.0
169044000.0
590399000.0
256180000.0
259489000.0
308044000.0
200311000.0
386829000.0
496590000.0
163733000.0
217776000.0
202014000.0
455922000.0
177022000.0
173190000.0
275595000.0
218124000.0
159876000.0
164734000.0
237853000.0
302150000.0
158805000.0
409944000.0
198032000.0
146657000.0
579069000.0
156724000.0
302533000.0
158976000.0
597901000.0
542596000.0
141420000.0
370616000.0
270881000.0
194355000.0
201307000.0
161262000.0
237639000.0
242520000.0
240010000.0
148285000.0
317017000.0
143460000.0
263674000.0
159332000.0
199774000.0
219910000.0
180889000.0
244874000.0
242971000.0
403631000.0
355441000.0
255695000.0
330786000.0
172799000.0
198393000.0
245204000.0
184075000.0
167392000.0
525921000.0
219954000.0
162139000.0
524964000.0
144668000.0
151383000.0
162236000.0
473487000.0
188948000.0
199343000.0
169053000.0
232158000.0
262572000.0
188645000.0
293180000.0
152967000.0
581794000.0
154677000.0
161617000.0
157064000.0
397830000.0
174324000.0
154924000.0
285479000.0
447628000.0
206576000.0
227280000.0
149038000.0
172430000.0
252001000.0
226221000.0
222825000.0
235918000.0
424182000.0
597026000.0
539480000.0
596178000.0
153268000.0
500735000.0
195781000.0
237285000.0
232790000.0
255017000.0
293212000.0
146630000.0
179119000.0
384285000.0
472176000.0
160361000.0
403652000.0
409415000.0
150946000.0
428852000.0
186998000.0
432404000.0
157207000.0
267972000.0
274587000.0
465757000.0
165610000.0
396897000.0
173805000.0
219870000.0
218201000.0
223466000.0
259810000.0
246058000.0
283583000.0
254839000.0
154315000.0
374819000.0
268161000.0
201983000.0
147595000.0
329555000.0
224592000.0
132894000.0
271145000.0
407647000.0
158171000.0
167113000.0
202723000.0
184805000.0
172728000.0
129861000.0
366160000.0
634353000.0
263040000.0
156195000.0
266372000.0
280039000.0
420211000.0
172483000.0
394568000.0
210494000.0
220776000.0
410120000.0
573012000.0
327579000.0
431830000.0
167038000.0
290384000.0
232557000.0
245784000.0
805461000.0
174963000.0
162717000.0
147012000.0
290316000.0
451005000.0
187429000.0
258930000.0
133559000.0
142103000.0
301560000.0
357150000.0
519383000.0
688459000.0
160793000.0
233781000.0
290384000.0
292463000.0
196294000.0
198024000.0
255143000.0
170201000.0
263723000.0
245353000.0
153126000.0
529835000.0
273972000.0
399533000.0
237595000.0
428636000.0
168022000.0
169119000.0
333125000.0
173209000.0
178054000.0
211904000.0
292767000.0
195642000.0
204857000.0
329454000.0
263359000.0
155418000.0
225743000.0
269070000.0
165546000.0
217514000.0
163424000.0
247108000.0
480367000.0
391780000.0
230461000.0
344590000.0
388665000.0
185570000.0
494582000.0
205176000.0
246916000.0
490183000.0
389544000.0
139458000.0
150703000.0
231894000.0
298990000.0
177014000.0
278591000.0
539740000.0
162980000.0
188311000.0
143230000.0
522454000.0
241620000.0
300817000.0
303442000.0
145377000.0
213567000.0
146920000.0
212091000.0
180904000.0
306230000.0
284619000.0
254742000.0
212758000.0
205230000.0
158750000.0
152120000.0
235071000.0
235983000.0
146829000.0
467670000.0
498804000.0
331122000.0
317834000.0
144016000.0
383105000.0
235985000.0
171377000.0
334288000.0
174775000.0
160210000.0
152067000.0
264008000.0
484253000.0
142996000.0
336190000.0
214838000.0
207840000.0
411541000.0
168889000.0
452759000.0
288002000.0
213334000.0
325805000.0
205675000.0
186834000.0
243499000.0
461954000.0
311613000.0
249179000.0
149169000.0
184659000.0
169240000.0
144346000.0
278901000.0
142740000.0
187951000.0
214288000.0
235557000.0
139155000.0
349080000.0
360047000.0
148488000.0
163535000.0
197042000.0
202160000.0
246134000.0
367320000.0
132417000.0
172381000.0
331775000.0
270038000.0
215275000.0
234856000.0
650873000.0
223311000.0
215382000.0
255560000.0
139855000.0
399398000.0
309664000.0
611146000.0
141946000.0
189643000.0
158489000.0
153178000.0
468187000.0
755981000.0
144248000.0
140408000.0
228399000.0
148838000.0
140539000.0
146308000.0
331727000.0
318883000.0
260747000.0
404494000.0
271780000.0
295296000.0
431431000.0
562226000.0
352640000.0
263254000.0
383031000.0
332145000.0
176210000.0
362892000.0
303078000.0
345963000.0
165066000.0
264659000.0
403347000.0
275246000.0
273192000.0
391227000.0
164441000.0
236195000.0
194022000.0
302339000.0
250625000.0
155014000.0
230882000.0
181462000.0
265318000.0
395855000.0
288896000.0
146101000.0
150744000.0
211140000.0
145175000.0
231123000.0
275958000.0
178898000.0
195684000.0
165935000.0
213935000.0
183200000.0
462327000.0
149445000.0
304203000.0
393902000.0
178305000.0
407785000.0
153516000.0
260111000.0
229204000.0
273392000.0
171405000.0
418655000.0
163824000.0
153884000.0
273599000.0
288593000.0
166812000.0
194679000.0
178475000.0
221268000.0
139186000.0
161276000.0
161221000.0
255429000.0
383565000.0
293284000.0
257367000.0
311756000.0
162737000.0
276980000.0
414245000.0
155760000.0
289908000.0
206876000.0
200320000.0
168625000.0
222891000.0
174750000.0
329421000.0
209756000.0
183148000.0
218109000.0
282658000.0
212042000.0
221142000.0
254283000.0
222905000.0
263701000.0
151677000.0
244116000.0
378789000.0
162743000.0
376554000.0
149496000.0
148981000.0
173317000.0
465898000.0
395653000.0
192755000.0
154163000.0
360147000.0
145967000.0
155856000.0
306603000.0
363460000.0
161556000.0
139409000.0
142333000.0
163731000.0
297211000.0
236819000.0
268442000.0
215097000.0
271081000.0
225906000.0
149702000.0
370300000.0
142221000.0
170856000.0
141901000.0
237510000.0
156235000.0
397826000.0
395272000.0
480763000.0
323730000.0
185341000.0
148855000.0
202034000.0
318715000.0
242668000.0
161519000.0
512952000.0
221437000.0
197970000.0
187280000.0
299012000.0
252439000.0
177761000.0
269590000.0
165596000.0
197099000.0
233223000.0
238505000.0
180395000.0
309250000.0
388072000.0
198920000.0
153046000.0
191857000.0
150684000.0
279086000.0
544234000.0
212631000.0
358949000.0
140529000.0
162676000.0
292207000.0
181721000.0
157708000.0
261303000.0
386152000.0
360685000.0
314397000.0
157599000.0
301325000.0
181755000.0
208430000.0
361270000.0
153893000.0
174821000.0
177395000.0
257538000.0
183591000.0
229569000.0
213704000.0
165497000.0
227684000.0
180312000.0
155227000.0
141517000.0
137812000.0
255163000.0
148634000.0
200817000.0
262579000.0
359952000.0
330066000.0
554011000.0
233280000.0
393468000.0
464493000.0
164161000.0
469717000.0
200654000.0
505577000.0
150173000.0
392766000.0
223602000.0
373100000.0
435159000.0
206335000.0
150779000.0
372174000.0
675172000.0
182089000.0
152983000.0
150043000.0
305720000.0
429009000.0
188751000.0
447231000.0
263088000.0
256883000.0
150983000.0
161526000.0
145618000.0
229026000.0
489804000.0
176895000.0
275035000.0
