1.03751
1.01687
1.01867
1.03314
1.0286
1.00664
1.02568
1.02374
1.03034
1.00637
1.04487
1.02526
1.02985
1.02616
1.02455
1.00094
1.03198
1.02617
1.02733
1.02981
1.02563
1.01308
1.02706
1.00098
1.20674
1.01785
1.02114
1.01545
1.00394
1.02673
0.998305
1.01762
1.00765
1.02895
1.05756
1.04795
1.06744
1.00884
1.00986
1.02617
1.04291
1.0079
1.0294
1.22116
1.00208
1.04511
1.02857
1.02328
1.06458
1.01513
1.01831
1.03786
1.02445
1.01227
1.06329
1.03556
1.07145
1.01235
1.03622
1.02278
1.08033
1.00339
1.02963
1.07654
1.01879
1.00792
1.0218
1.01237
1.02696
1.00466
1.02114
1.16094
0.99875
0.996439
1.01259
1.04614
1.03446
1.0146
1.02672
1.02711
1.00071
1.02287
1.01933
1.02516
1.03306
1.03124
1.02671
1.02251
1.01644
1.02274
1.01004
1.02538
1.01036
1.00673
1.02676
1.0223
1.08054
1.01729
1.04048
1.02215
1.01644
1.02415
1.02325
1.05206
1.01673
1.01998
1.01653
1.02286
1.03311
0.999247
1.0015
1.01906
1.00405
1.02328
1.0279
1.04628
1.19015
1.03221
1.02032
1.02045
1.02185
1.00859
1.01947
1.03062
1.02128
1.15416
1.074
1.03107
1.00045
1.01016
1.01026
1.0288
1.03297
1.0113
1.00919
1.04547
1.07682
1.01739
1.06711
0.998213
1.06678
1.01428
1.01394
1.06976
1.02726
1.02725
1.19309
1.06613
1.009
1.03349
1.01429
0.998699
1.01877
1.0247
1.03201
1.00878
1.02597
1.02102
1.02558
1.15223
0.998198
1.01799
1.00666
1.01069
1.01829
1.02106
1.06538
1.03477
1.02457
1.08748
1.01618
1.01718
1.02861
1.23898
1.01542
1.02198
1.02297
1.05803
1.02446
1.01341
1.11254
1.0227
1.01414
1.02401
1.15648
1.0494
0.999661
1.02359
1.01558
1.01427
1.02016
1.05425
1.00796
1.0408
1.02171
1.02926
1.01919
1.01586
1.03148
1.01587
1.01286
1.00965
1.02287
1.03545
1.02305
1.22724
1.02783
1.02256
1.01655
1.03609
1.01415
1.05424
1.01812
1.06128
1.02829
1.01245
1.07842
1.08836
1.06711
1.03676
1.02581
1.02266
1.19153
1.0959
1.00347
1.03968
1.00685
1.02739
1.00541
1.02168
1.01634
1.03093
1.03009
1.20861
1.05622
1.02589
1.02074
1.06599
1.01072
1.00045
1.04483
1.01374
1.0143
1.01853
1.00459
1.01685
1.02658
1.02222
1.02037
1.01805
1.1268
1.02111
1.03313
1.00811
1.01413
1.0293
1.07407
1.02245
1.00088
1.01559
1.17723
1.00588
1.01814
0.998383
1.03276
1.07249
1.02695
1.07421
1.02911
1.00953
1.03977
1.03073
1.00958
1.02714
1.01116
1.03318
1.02899
1.02196
1.1784
1.01841
1.01353
1.02743
1.08049
1.02846
1.02101
1.03053
1.09061
1.00707
1.01005
1.03296
1.03168
1.06276
1.00368
1.02478
1.0027
1.00241
1.02516
1.0155
1.01204
1.01327
1.21194
1.03639
1.02388
1.01279
1.01697
1.0109
1.01709
1.0454
1.0094
1.06104
1.03375
1.0166
1.03572
1.01873
1.02126
1.04867
1.02189
1.02645
1.01358
1.01882
1.01206
1.08307
1.01711
1.03677
1.01172
1.03309
1.17407
1.08114
1.03029
1.03166
1.01298
1.01843
1.0158
1.03114
1.04705
1.00546
1.02389
1.02946
1.01978
1.02893
1.04011
1.00039
1.03576
1.02825
1.00029
1.00842
1.07689
1.01853
0.996086
1.06915
1.01699
1.03452
1.00696
1.14891
1.02757
1.05244
1.02178
1.17903
1.01655
1.01907
1.18162
1.0271
1.07415
1.03123
1.0283
1.03308
1.0671
1.02514
1.0107
1.01271
0.999335
1.0306
1.03526
1.01003
1.02404
1.01462
1.00914
1.02784
1.03243
1.03126
1.01883
1.08429
1.195
1.03348
1.09277
0.997564
1.01766
1.00277
1.00858
1.02257
1.2415
1.04654
1.00456
1.03383
1.00494
1.01473
1.00503
1.04619
1.00428
1.01944
1.19981
1.02849
1.01129
1.01698
1.08072
1.04648
1.00344
1.02073
1.00904
1.02028
1.07623
1.02576
1.04217
1.03699
1.02192
1.02725
1.01362
1.01249
1.01963
1.02012
1.01908
1.0579
1.05654
1.02654
1.00447
1.0217
1.02166
1.02346
1.01264
1.02035
1.05604
1.15634
1.01852
1.04755
1.02252
1.01627
1.01809
0.997408
1.03144
1.02896
1.01344
1.02032
1.035
1.01297
1.02904
1.08769
1.00478
1.05673
1.08798
1.03815
1.0105
1.02848
0.997744
1.01971
1.0311
1.00839
1.0676
1.02145
0.996501
1.02923
1.02433
1.00881
1.02897
1.09039
1.02634
1.09769
1.03298
1.01864
1.02226
1.02873
1.02725
1.02659
1.02494
1.01698
1.00465
1.03296
1.02184
1.0234
1.01237
1.09977
1.00994
1.00914
1.02796
1.02483
1.0269
1.00112
1.05095
1.01524
1.13125
1.01802
1.02227
1.01396
1.02243
1.02866
1.02731
1.03575
1.03311
1.05383
1.02683
1.00084
1.01984
1.00041
1.02865
1.00454
1.03148
1.06745
1.01525
1.02846
1.01918
0.998815
1.02419
1.02825
1.02272
1.01771
1.01555
1.02645
1.0272
1.02074
1.01041
1.02844
1.01282
0.995567
1.01047
1.0151
1.02426
1.06842
1.02986
1.13011
1.00716
1.02942
1.03225
1.0171
1.02692
1.01849
1.02318
1.01369
1.00361
1.02263
1.08656
1.02535
1.02712
1.03417
1.02436
1.02938
1.02793
1.0143
1.03361
1.02474
1.02777
1.0213
1.01853
1.01922
1.00786
1.04599
1.16007
1.04104
1.01639
1.04586
1.01889
1.04523
1.05235
1.01621
1.02281
1.0145
0.998156
1.03334
1.00846
1.01979
1.02303
1.02767
1.0096
1.03564
1.07929
1.08098
1.00682
1.02529
1.02541
1.14027
1.04612
1.08188
1.02043
1.08543
1.03075
1.04235
1.02686
1.01682
1.02721
1.02297
1.00523
1.03703
1.01886
1.06364
1.02321
1.03178
1.00044
1.02041
1.18632
1.03769
1.01954
1.0281
1.00841
1.07817
1.02049
1.01539
1.02341
1.03473
1.08169
1.02214
1.04098
1.02417
1.0174
1.08442
1.02676
1.02924
1.06573
1.0046
1.0227
1.01604
1.02455
1.03026
1.0245
1.02588
1.00622
1.00965
1.02426
1.19335
1.0266
1.02786
1.02032
1.17224
1.02807
1.22072
1.0235
1.02983
1.03318
1.02834
1.03209
1.05096
1.00675
1.03067
1.00385
1.02352
1.02518
1.16745
1.09278
1.00292
1.01087
1.02063
1.01269
1.02712
1.02959
1.01019
1.01746
1.0276
1.01696
1.03522
1.02708
1.00685
1.01133
1.01265
1.01956
0.999139
1.20244
1.01079
1.16047
1.03461
1.02655
1.21387
1.04766
1.00496
1.0731
0.999784
1.20493
0.997502
1.0057
1.02088
1.01031
1.03254
1.03483
1.02466
1.03629
1.03574
1.02619
1.0509
1.01846
1.17125
1.02851
1.01361
1.0291
1.00541
1.00497
0.998093
1.01279
1.03072
1.02315
1.02772
1.02164
1.06801
1.01923
1.02174
1.02672
1.03005
1.00772
1.00995
1.02027
1.2238
1.02362
1.03248
1.02656
1.03231
1.18233
1.02671
1.02566
1.03414
1.02133
1.23148
1.03079
1.02666
0.996761
1.03
1.03402
1.01405
1.02858
1.03668
1.19979
1.09743
1.01107
1.00448
1.00242
1.03356
1.02764
1.00385
1.05575
1.02227
1.02532
1.07732
1.01673
1.06591
1.01544
1.02871
1.12039
1.0539
1.01891
1.02293
1.03155
1.0325
1.03016
1.01974
1.07108
1.00365
1.00658
1.02094
1.02029
1.00494
1.02373
1.04336
1.0223
1.04204
1.03232
1.03077
1.02624
1.02376
1.02256
1.02806
1.00757
1.00535
1.01886
1.00603
1.02586
1.02359
1.03401
1.01633
1.03961
1.00455
1.08163
1.02341
1.01929
1.00594
1.02369
1.00593
1.06243
1.02817
1.18137
1.02771
0.999092
1.04373
1.03569
1.02039
1.02024
1.05278
1.05652
1.02424
1.02303
1.02517
0.999857
1.01945
1.02496
1.02229
1.03494
0.997325
1.05738
1.0301
1.03441
1.11735
1.03674
1.02376
1.03623
1.02106
1.00481
1.06974
1.02205
1.02629
1.0317
1.00193
1.04942
1.03555
0.999252
1.03557
1.02307
1.03163
1.02783
1.0404
1.03512
1.02874
1.0779
1.08371
1.06448
1.04834
1.03511
1.02787
1.01264
1.02996
1.0216
1.06953
1.05464
1.02739
1.02269
1.02769
1.14563
1.01817
1.03567
1.09444
1.00586
1.08711
1.02073
1.15685
1.02556
1.01373
1.02027
1.00198
0.996882
1.00509
1.02948
1.00744
0.999202
1.02063
1.02893
1.02681
1.01488
1.02894
1.01664
1.01305
1.00602
1.01839
1.03059
1.04904
1.01973
1.02709
1.01317
1.05607
1.0181
1.02371
1.01155
1.08845
1.04605
1.03738
1.03286
1.02737
1.03352
1.02306
1.00856
1.00737
1.022
1.02217
1.00218
1.01127
1.0846
1.01575
1.03701
1.0129
1.02513
1.01071
1.02218
0.99854
1.00156
1.01187
1.01915
0.997708
1.02371
1.06878
1.0291
0.997562
1.19648
0.999252
1.02721
1.03103
1.02412
1.02653
1.02938
1.02912
1.02312
1.0326
1.06502
1.05557
1.0146
1.02756
1.06953
1.02981
0.998488
1.06993
1.00963
1.03269
0.998267
1.00464
1.01198
1.08632
1.09874
1.01021
1.00547
1.06862
1.02241
1.02905
1.08949
1.02933
1.03168
1.02403
1.01626
1.05352
1.02485
1.00851
1.00722
1.17371
1.01498
1.03282
1.14159
1.02404
1.23943
1.02131
1.02512
1.03331
1.09796
1.02693
1.03173
1.02967
1.03187
1.01479
1.02389
1.01835
1.01904
0.997507
1.02868
1.0203
1.02757
1.03506
0.997226
1.01151
1.01267
1.05547
1.02643
1.02187
1.04007
1.08657
1.02114
1.02886
1.02784
1.02305
1.00481
1.01962
1.01284
1.02318
1.02043
1.23058
1.0873
1.05591
1.00272
1.00462
1.01448
1.01537
1.03618
1.01803
1.00521
1.01279
1.0299
1.01721
1.01534
1.03316
1.00728
1.0673
1.00844
1.03224
1.35319
1.44072
1.07831
1.23723
1.21466
1.45731
1.16687
1.38828
1.18465
1.01945
1.04487
1.32086
1.35126
1.36293
1.11236
1.00094
1.2654
1.35205
1.16594
1.30824
1.12605
1.01308
1.13207
1.00098
1.58757
1.48367
1.06171
1.26117
1.00394
1.08936
0.998305
1.36212
1.00765
1.27385
1.08296
1.16799
1.08261
1.01545
1.05896
1.35767
1.20898
1.0079
1.04118
1.26672
1.00208
1.04511
1.17797
1.30223
1.06458
1.41848
1.35551
1.03786
1.2996
1.53538
1.0891
1.23292
1.07145
1.34513
1.08794
1.15232
1.08033
1.00338
1.19253
1.07654
1.40973
1.02231
1.1963
1.08964
1.28693
1.01071
1.16409
1.0556
0.99875
0.996439
1.29724
1.04614
1.40296
1.45643
1.41962
1.28908
1.00071
1.12175
1.12779
1.1485
1.19446
1.25199
1.32881
1.13626
1.39645
1.10915
1.52217
1.02538
1.05848
1.01339
1.41302
1.37374
1.12284
1.0567
1.22652
1.55429
1.35811
1.37443
1.3856
1.11419
1.49727
1.46501
1.42512
1.26349
1.22578
0.999247
1.0015
1.03404
1.0102
1.4441
1.34849
1.07389
1.49252
1.18466
1.02032
1.38167
1.12505
1.50123
1.42266
1.34416
1.02688
1.22263
1.0843
1.09531
1.00045
1.01016
1.43253
1.37214
1.2469
1.42907
1.54763
1.11949
1.07682
1.16291
1.06711
0.998213
1.06678
1.42087
1.41699
1.06976
1.28737
1.42898
1.90462
1.06613
1.009
1.03349
1.36137
0.998699
1.12419
1.34289
1.21157
1.00878
1.10675
1.56591
1.21883
1.51051
0.998198
1.45348
1.00717
1.57938
1.10845
1.45797
1.14939
1.25448
1.14737
1.07166
1.0206
1.3731
1.40913
1.79799
1.47091
1.02197
1.33172
1.18954
1.42388
1.55887
1.11254
1.33014
1.01414
1.38218
1.17924
1.0494
0.99966
1.2062
1.47056
1.26407
1.2008
1.05425
1.03737
1.0408
1.02171
1.10359
1.48925
1.06349
1.35166
1.25783
1.43753
1.06616
1.04847
1.03545
1.07142
1.46511
1.29764
1.29643
1.37328
1.19623
1.38257
1.11644
1.31746
1.06128
1.04606
1.07502
1.11501
1.22754
1.07608
1.29427
1.37485
1.02734
1.59821
1.11637
1.00347
1.03968
1.01193
1.02739
1.00541
1.12881
1.03101
1.34213
1.36436
1.91886
1.05622
1.31537
1.33459
1.10129
1.39698
1.00247
1.04484
1.06382
1.48387
1.09593
1.6012
1.02529
1.03466
1.32903
1.02037
1.04868
1.1268
1.40272
1.09968
1.50236
1.47179
1.1268
1.07405
1.13701
1.00088
1.02983
1.46289
1.00588
1.44736
0.998383
1.21532
1.16361
1.27704
1.15767
1.16674
1.48055
1.04804
1.31809
1.39127
1.04445
1.01116
1.32282
1.37139
1.37251
1.8965
1.35114
1.49267
1.02743
1.14558
1.22613
1.30717
1.03053
1.14636
1.00707
1.55078
1.04253
1.29724
1.15946
1.00368
1.21544
1.5699
1.00241
1.21408
1.29139
1.03933
1.50624
1.79029
1.12907
1.16287
1.04575
1.39219
1.02122
1.1231
1.07781
1.04209
1.11439
1.1546
1.49221
1.34324
1.33826
1.44588
1.04867
1.07095
1.15632
1.14789
1.43759
1.01633
1.29107
1.36593
1.27728
1.414
1.41144
1.44471
1.13194
1.39354
1.50968
1.04609
1.35024
1.02879
1.1653
1.10845
1.00546
1.13336
1.2434
1.46593
1.02893
1.06556
1.00039
2.01831
1.17392
1.00029
1.00842
1.07689
1.61614
0.996086
1.06915
1.10314
1.25247
1.00696
1.16322
1.18927
1.17067
1.01825
1.49257
1.0688
1.10307
1.99695
1.33221
1.08131
1.26911
1.0283
1.19677
1.08246
1.30322
1.0107
1.04055
0.999335
1.28755
1.10996
1.01669
1.30107
1.54772
1.00914
1.05906
1.03243
1.20631
1.40305
1.14473
1.46452
1.14544
1.38541
0.997563
1.01766
1.00277
1.00858
1.5197
1.89493
1.13103
1.06745
1.12586
1.05437
1.02223
1.00503
1.04619
1.00428
1.33149
1.48102
1.32422
1.01916
1.40192
1.09293
1.18698
1.53961
1.29192
1.00904
1.03807
1.07623
1.38482
1.04217
1.18715
1.34905
1.16368
1.01412
1.49747
1.07614
1.45607
1.08937
1.0579
1.23714
1.35311
1.03586
1.21572
1.26581
1.05368
1.36572
1.21292
1.05604
1.22081
1.01852
1.15833
1.05866
1.07847
1.21496
0.997408
1.23644
1.35402
1.49025
1.06472
1.035
1.08739
1.13184
1.08769
1.46873
1.05673
1.10453
1.05357
1.04859
1.45349
0.998896
1.42351
1.0311
1.00839
1.16361
1.23553
0.996501
1.11887
1.08574
1.00933
1.24878
1.02653
1.30399
1.18041
1.25077
1.04424
1.24149
1.26696
1.03495
1.42785
1.25088
1.47783
1.00465
1.04835
1.10669
1.21379
1.03819
1.10631
1.00994
1.00914
1.33471
1.21329
1.05321
1.00112
1.09678
1.3779
1.4696
1.22001
1.10589
1.49106
1.42076
1.30395
1.37605
1.2588
1.22631
1.05855
1.44972
1.00084
1.45609
1.00376
1.41128
1.00454
1.29004
1.06745
1.47518
1.124
1.01918
0.999003
1.02419
1.02825
1.02272
1.41705
1.08887
1.26996
1.17464
1.07811
1.47956
1.37535
1.08551
0.995567
1.46377
1.0151
1.36103
1.16091
1.13483
1.84256
1.00716
1.1994
1.23943
1.07078
1.04247
1.01849
1.42732
1.44199
1.00361
1.28521
1.08656
1.33197
1.29083
1.11849
1.12658
1.34576
1.33872
1.0143
1.25359
1.02868
1.14316
1.03461
1.01853
1.47203
1.00787
1.08051
1.62399
1.17165
1.5264
1.21265
1.18742
1.18565
1.10395
1.01545
1.38253
1.35214
0.998156
1.48337
1.01106
1.35166
1.40911
1.1115
1.03729
1.31972
1.14711
1.08098
1.00682
1.15288
1.16798
1.32176
1.07185
1.18577
1.07832
1.12242
1.23404
1.13583
1.08725
1.41271
1.31227
1.23558
1.00523
1.1044
1.45524
1.06364
1.20743
1.30704
1.01608
1.45149
2.032
1.25286
1.05835
1.13688
1.04581
1.08803
1.07381
1.35917
1.33926
1.28007
1.20657
1.25385
1.04098
1.42654
1.0174
1.17629
1.33469
1.3585
1.105
1.03073
1.34692
1.0817
1.32685
1.24226
1.0245
1.33451
1.00622
1.02301
1.39131
1.88916
1.28172
1.36156
1.02032
1.4359
1.40199
1.93809
1.08016
1.43472
1.38978
1.26721
1.04388
1.08565
1.00675
1.17228
1.57189
1.1458
1.39419
1.78584
1.09278
1.00292
1.02141
1.25295
1.01269
1.07409
1.3788
1.0711
1.12106
1.29727
1.52782
1.21478
1.21294
1.00685
1.45553
1.01265
1.43512
0.999138
1.52088
1.55458
1.37232
1.03461
1.49379
1.7844
1.11051
1.00496
1.13198
0.999784
2.01876
0.997502
1.47704
1.14224
1.0273
1.07484
1.2628
1.17685
1.37256
1.15028
1.23177
1.09039
1.45761
1.6106
1.15491
1.07256
1.07988
1.00527
1.00497
0.998093
1.45047
1.25611
1.48168
1.10161
1.26406
1.17714
1.01923
1.31563
1.22699
1.13481
1.38669
1.49805
1.20005
1.27654
1.11117
1.20531
1.20335
1.21551
1.22476
1.27285
1.17778
1.3674
1.29589
1.11514
1.27903
1.13038
0.996761
1.11548
1.29735
1.39595
1.29684
1.13927
1.46755
1.14902
1.01107
1.00448
1.00242
1.35686
1.22896
1.0084
1.05575
1.38987
1.02532
1.25383
1.43839
1.13204
1.02327
1.38223
1.30065
1.0874
1.17054
1.24476
1.03155
1.03643
1.15098
1.11024
1.17078
1.00365
1.00658
1.09055
1.04502
1.50154
1.29324
1.06049
1.0223
1.04204
1.36108
1.28575
1.1974
1.40381
1.09454
1.31682
1.53027
1.00535
1.40169
1.00603
1.3653
1.07952
1.09946
1.07111
1.14311
1.02279
1.18748
1.46088
1.07501
1.01231
1.39141
1.33421
1.06243
1.43901
1.46857
1.2888
0.999817
1.04373
1.32385
1.11078
1.16336
1.05278
1.11186
1.11887
1.34426
1.1009
1.0102
1.38939
1.38761
1.31067
1.14491
0.997325
1.05738
1.20675
1.22065
1.54576
1.19512
1.27025
1.30484
1.34983
1.00481
1.24503
1.41749
1.34081
1.0317
1.00193
1.34112
1.25766
0.999252
1.13069
1.20143
1.2621
1.15753
1.0404
1.03512
1.32353
1.1884
1.11814
1.14131
1.04834
1.18724
1.08373
1.03857
1.20703
1.08257
1.06953
1.10686
1.48088
1.07209
1.07638
1.55679
1.18023
1.03567
1.09444
1.48944
1.1518
1.0972
1.59295
1.34833
1.0211
1.2912
1.00198
0.996882
1.00509
1.18131
1.42719
0.999202
1.08657
1.03089
1.10923
1.02208
1.07454
1.11217
1.01305
1.60193
1.08364
1.28088
1.1146
1.07894
1.23781
1.06225
1.06789
1.10237
1.15384
1.59575
1.15611
1.04605
1.20738
1.27187
1.31951
1.0408
1.30617
1.01418
1.01378
1.11592
1.25359
1.00218
1.01132
1.14629
1.36802
1.05978
1.0129
1.11458
1.47713
1.21479
0.99854
1.00156
1.45473
1.14773
0.997708
1.16107
1.06878
1.41548
0.997562
1.41998
0.999252
1.30372
1.16056
1.3034
1.35086
1.28914
1.35628
1.02312
1.32308
1.1323
1.17787
1.4869
1.32543
1.076
1.02981
0.998488
1.25201
1.00963
1.03269
0.998267
1.00464
1.01198
1.23699
1.09874
1.01021
1.00547
1.21221
1.18718
1.02905
1.11308
1.17133
1.23096
1.12967
1.43107
1.09595
1.05706
1.0438
1.00722
1.5037
1.04443
1.2914
1.32994
1.02404
1.60145
1.07525
1.02512
1.41987
1.10346
1.08245
1.22119
1.14387
1.18299
1.01479
1.45876
1.0502
1.10642
0.997507
1.19996
1.09604
1.21642
1.31801
0.997226
1.42999
1.03669
1.05547
1.13844
1.11963
1.08246
1.17367
1.3197
1.23067
1.02784
1.27583
1.48025
1.41265
1.54879
1.02318
1.34345
1.8245
1.22779
1.26383
1.00272
1.00462
1.49677
1.47345
1.3359
1.45244
1.00521
1.06258
1.0299
1.07276
1.04558
1.15529
1.00728
1.0673
1.54396
1.33757
173816000.0
146286000.0
238266000.0
197534000.0
177526000.0
141244000.0
204564000.0
155967000.0
205731000.0
262015000.0
602557000.0
167148000.0
160796000.0
163971000.0
211364000.0
267871000.0
192213000.0
165472000.0
203067000.0
168343000.0
213918000.0
256387000.0
217603000.0
265657000.0
339283000.0
150757000.0
225400000.0
178916000.0
260334000.0
217222000.0
272486000.0
153136000.0
395701000.0
172570000.0
353820000.0
343016000.0
368663000.0
421237000.0
243953000.0
169788000.0
192998000.0
359105000.0
228400000.0
456742000.0
305177000.0
712755000.0
214146000.0
166234000.0
402177000.0
155433000.0
152211000.0
426331000.0
172157000.0
142472000.0
467027000.0
187731000.0
526431000.0
140638000.0
293028000.0
208361000.0
390219000.0
266597000.0
197179000.0
585841000.0
159153000.0
288721000.0
203727000.0
243261000.0
183393000.0
256548000.0
179550000.0
451169000.0
271185000.0
292067000.0
150636000.0
472493000.0
161231000.0
146187000.0
153827000.0
163910000.0
275410000.0
217668000.0
219152000.0
217245000.0
187864000.0
180032000.0
172425000.0
218855000.0
145124000.0
228203000.0
146304000.0
418498000.0
236703000.0
254589000.0
147557000.0
163896000.0
344795000.0
239329000.0
295447000.0
137948000.0
154518000.0
159235000.0
162254000.0
296515000.0
147525000.0
149061000.0
165202000.0
183492000.0
177435000.0
277540000.0
335805000.0
242595000.0
261951000.0
150408000.0
164457000.0
325312000.0
433310000.0
211920000.0
310684000.0
167183000.0
209975000.0
139715000.0
155464000.0
165826000.0
232286000.0
485525000.0
348309000.0
209633000.0
276036000.0
440993000.0
142835000.0
164658000.0
188264000.0
143574000.0
137081000.0
282364000.0
425446000.0
218885000.0
629396000.0
287066000.0
553988000.0
154607000.0
151590000.0
408889000.0
167347000.0
155760000.0
287580000.0
607979000.0
397529000.0
427688000.0
152897000.0
268014000.0
208748000.0
163094000.0
191712000.0
244613000.0
233272000.0
142820000.0
184611000.0
437236000.0
270485000.0
152472000.0
291078000.0
137353000.0
219231000.0
145710000.0
292247000.0
173755000.0
207220000.0
377372000.0
249743000.0
148910000.0
150230000.0
285138000.0
145291000.0
237004000.0
173415000.0
311990000.0
152154000.0
139575000.0
584480000.0
168580000.0
304613000.0
159332000.0
528726000.0
539122000.0
277504000.0
201355000.0
153524000.0
164411000.0
185763000.0
425788000.0
251549000.0
449933000.0
556277000.0
214429000.0
145055000.0
234376000.0
164578000.0
158093000.0
143552000.0
240674000.0
242962000.0
531704000.0
241685000.0
355258000.0
160972000.0
162188000.0
159443000.0
200741000.0
154104000.0
320554000.0
163762000.0
551728000.0
318986000.0
246654000.0
417286000.0
398506000.0
372906000.0
183606000.0
160879000.0
301979000.0
325261000.0
606268000.0
274643000.0
361750000.0
283909000.0
370120000.0
255425000.0
221096000.0
236074000.0
159318000.0
165371000.0
289495000.0
469336000.0
158526000.0
165464000.0
507126000.0
144634000.0
276848000.0
606643000.0
244041000.0
143221000.0
214465000.0
133007000.0
232858000.0
397926000.0
167880000.0
421980000.0
234873000.0
519939000.0
154887000.0
218315000.0
137993000.0
147327000.0
219702000.0
377766000.0
199765000.0
262196000.0
240198000.0
449401000.0
258638000.0
150555000.0
276281000.0
189448000.0
376277000.0
170077000.0
349924000.0
204475000.0
144276000.0
326164000.0
165883000.0
145023000.0
217635000.0
293349000.0
170622000.0
158807000.0
163451000.0
289700000.0
164744000.0
142865000.0
346590000.0
410347000.0
171575000.0
175759000.0
442591000.0
386196000.0
259738000.0
136680000.0
409360000.0
156248000.0
391173000.0
256271000.0
190502000.0
132786000.0
271702000.0
162015000.0
156941000.0
243501000.0
146519000.0
285655000.0
200639000.0
201379000.0
248883000.0
145887000.0
253417000.0
224125000.0
374728000.0
317451000.0
447962000.0
197447000.0
145942000.0
168941000.0
158308000.0
152346000.0
548359000.0
231337000.0
212597000.0
219070000.0
148714000.0
245839000.0
597757000.0
152059000.0
174282000.0
143355000.0
162366000.0
450659000.0
331860000.0
149224000.0
141890000.0
249157000.0
155814000.0
235589000.0
321207000.0
316720000.0
273676000.0
217968000.0
190170000.0
145860000.0
659192000.0
473322000.0
275087000.0
306439000.0
205740000.0
274676000.0
304386000.0
680999000.0
131264000.0
285617000.0
437496000.0
217280000.0
175121000.0
252645000.0
420338000.0
196385000.0
314805000.0
438308000.0
416162000.0
243778000.0
214423000.0
281610000.0
176382000.0
415097000.0
182403000.0
414058000.0
203601000.0
443469000.0
174575000.0
345547000.0
250673000.0
276772000.0
185529000.0
278799000.0
428003000.0
169851000.0
136904000.0
246569000.0
538522000.0
482064000.0
204189000.0
152940000.0
440325000.0
342659000.0
206451000.0
280903000.0
273828000.0
363174000.0
360697000.0
257195000.0
145295000.0
312005000.0
324666000.0
248459000.0
212598000.0
257777000.0
240485000.0
378982000.0
319215000.0
284935000.0
158742000.0
382652000.0
177557000.0
251919000.0
156401000.0
470098000.0
348471000.0
133575000.0
159382000.0
245962000.0
313535000.0
620419000.0
158982000.0
373741000.0
193573000.0
170249000.0
200297000.0
250447000.0
137469000.0
239027000.0
153097000.0
239131000.0
396324000.0
295183000.0
158777000.0
253964000.0
196415000.0
185832000.0
224447000.0
153201000.0
195817000.0
673623000.0
414417000.0
397781000.0
324012000.0
353959000.0
228757000.0
190906000.0
265611000.0
172323000.0
167513000.0
148693000.0
226797000.0
678131000.0
234080000.0
213645000.0
552664000.0
143091000.0
372951000.0
641695000.0
313059000.0
254765000.0
150862000.0
264390000.0
158513000.0
501499000.0
261916000.0
320187000.0
185400000.0
287815000.0
208580000.0
206969000.0
250247000.0
175181000.0
571939000.0
166102000.0
373488000.0
185795000.0
242961000.0
185142000.0
177650000.0
449036000.0
158737000.0
170774000.0
146666000.0
263413000.0
369998000.0
221132000.0
181870000.0
242647000.0
532915000.0
384993000.0
309434000.0
171518000.0
197830000.0
292320000.0
272028000.0
384637000.0
144978000.0
434825000.0
170053000.0
229321000.0
150319000.0
158095000.0
178040000.0
162990000.0
184398000.0
189651000.0
494601000.0
155218000.0
282231000.0
153944000.0
275606000.0
155298000.0
274022000.0
175494000.0
364474000.0
140618000.0
225835000.0
476370000.0
259237000.0
535580000.0
380119000.0
551066000.0
144423000.0
239296000.0
174277000.0
184027000.0
239929000.0
136752000.0
162659000.0
245144000.0
283881000.0
138130000.0
567362000.0
163005000.0
346379000.0
208775000.0
318773000.0
248742000.0
195942000.0
194907000.0
243858000.0
410225000.0
366057000.0
157766000.0
150112000.0
332206000.0
168867000.0
624520000.0
161166000.0
169029000.0
314822000.0
228235000.0
163775000.0
155726000.0
244299000.0
180154000.0
533760000.0
203580000.0
377389000.0
441498000.0
145754000.0
257116000.0
302917000.0
401749000.0
196294000.0
140918000.0
299976000.0
188997000.0
194658000.0
289104000.0
429353000.0
159434000.0
157377000.0
273955000.0
144161000.0
246439000.0
160896000.0
157717000.0
206486000.0
253926000.0
166778000.0
360870000.0
513413000.0
252341000.0
203999000.0
207636000.0
502782000.0
602999000.0
407852000.0
227540000.0
483360000.0
185880000.0
305775000.0
233661000.0
153043000.0
182376000.0
174329000.0
292008000.0
189148000.0
149833000.0
635339000.0
203431000.0
174940000.0
276434000.0
144005000.0
287774000.0
187048000.0
230353000.0
217647000.0
256086000.0
328306000.0
233904000.0
145855000.0
163612000.0
177569000.0
291642000.0
172337000.0
661754000.0
148645000.0
345716000.0
327619000.0
166281000.0
158373000.0
319435000.0
266266000.0
165633000.0
212291000.0
163746000.0
191305000.0
468320000.0
169381000.0
248267000.0
244281000.0
152042000.0
302142000.0
160078000.0
167947000.0
234732000.0
426035000.0
155098000.0
288222000.0
212373000.0
160368000.0
163189000.0
183439000.0
210429000.0
466062000.0
286085000.0
193504000.0
134313000.0
210193000.0
152388000.0
331005000.0
453646000.0
402211000.0
259144000.0
163168000.0
351774000.0
357072000.0
168190000.0
249015000.0
232235000.0
172800000.0
141073000.0
180700000.0
189468000.0
261508000.0
146748000.0
245757000.0
154981000.0
280269000.0
349042000.0
139764000.0
434020000.0
333822000.0
138243000.0
340220000.0
335011000.0
262420000.0
401560000.0
383501000.0
285488000.0
274164000.0
136801000.0
209821000.0
255865000.0
345732000.0
188638000.0
198373000.0
167830000.0
195519000.0
181461000.0
307820000.0
151367000.0
351255000.0
204580000.0
233778000.0
223561000.0
261765000.0
255437000.0
301720000.0
150096000.0
184604000.0
143139000.0
202055000.0
176466000.0
369239000.0
352775000.0
169075000.0
193277000.0
199471000.0
150726000.0
147623000.0
199292000.0
422617000.0
214768000.0
192362000.0
191537000.0
179299000.0
489475000.0
180534000.0
212644000.0
169165000.0
166389000.0
357163000.0
182356000.0
222277000.0
271617000.0
223108000.0
174532000.0
149276000.0
180436000.0
197645000.0
421586000.0
336765000.0
422492000.0
255643000.0
268860000.0
163125000.0
193943000.0
270758000.0
500038000.0
159064000.0
499842000.0
301228000.0
154367000.0
285593000.0
242871000.0
166747000.0
550189000.0
301751000.0
192551000.0
188569000.0
738949000.0
321864000.0
211594000.0
234396000.0
340692000.0
249211000.0
254528000.0
231062000.0
240963000.0
141514000.0
174616000.0
306033000.0
219091000.0
658189000.0
170367000.0
179324000.0
201511000.0
160917000.0
223280000.0
160287000.0
135122000.0
262330000.0
149558000.0
265548000.0
164034000.0
387057000.0
290778000.0
228688000.0
299534000.0
256091000.0
307506000.0
149687000.0
313319000.0
280685000.0
161246000.0
141394000.0
609411000.0
150491000.0
418656000.0
174252000.0
269044000.0
409903000.0
174741000.0
219119000.0
213417000.0
503312000.0
461699000.0
215362000.0
161080000.0
222583000.0
324545000.0
152073000.0
158229000.0
172986000.0
181030000.0
275725000.0
571437000.0
195313000.0
186499000.0
482317000.0
186132000.0
183381000.0
170424000.0
156380000.0
260451000.0
290978000.0
155328000.0
166945000.0
411764000.0
281690000.0
285559000.0
183335000.0
279331000.0
197968000.0
194249000.0
168711000.0
206669000.0
471484000.0
316886000.0
178074000.0
337675000.0
335003000.0
388165000.0
297680000.0
195336000.0
211784000.0
294394000.0
195347000.0
237611000.0
568852000.0
308320000.0
146418000.0
215974000.0
219763000.0
396197000.0
207721000.0
369495000.0
367348000.0
135279000.0
657364000.0
209483000.0
397462000.0
173939000.0
240303000.0
160149000.0
248857000.0
284316000.0
265301000.0
194503000.0
141347000.0
277774000.0
215159000.0
226813000.0
213084000.0
244628000.0
289703000.0
213657000.0
249911000.0
133675000.0
226559000.0
162769000.0
397063000.0
229705000.0
169356000.0
319955000.0
416731000.0
225766000.0
215185000.0
136504000.0
424047000.0
575352000.0
185529000.0
188927000.0
171404000.0
408558000.0
169893000.0
245564000.0
251857000.0
223566000.0
167819000.0
264279000.0
255782000.0
299601000.0
153777000.0
310737000.0
314464000.0
201917000.0
139407000.0
206132000.0
259029000.0
276982000.0
147797000.0
201013000.0
302383000.0
216100000.0
496146000.0
155908000.0
268386000.0
424107000.0
286991000.0
170947000.0
205471000.0
175045000.0
160076000.0
174014000.0
168659000.0
436284000.0
168337000.0
368497000.0
326350000.0
147963000.0
177572000.0
360948000.0
362448000.0
273923000.0
284771000.0
244701000.0
406038000.0
281597000.0
262113000.0
327766000.0
311323000.0
546839000.0
253343000.0
263998000.0
296116000.0
198357000.0
234381000.0
416639000.0
203055000.0
192242000.0
212957000.0
142723000.0
362972000.0
220594000.0
260639000.0
272844000.0
418248000.0
246963000.0
171712000.0
511695000.0
409781000.0
377436000.0
209489000.0
396636000.0
160350000.0
329242000.0
202920000.0
194288000.0
197687000.0
197912000.0
390307000.0
156334000.0
242289000.0
232009000.0
280335000.0
195435000.0
229643000.0
189351000.0
176773000.0
277304000.0
138206000.0
250024000.0
707355000.0
206920000.0
228249000.0
364058000.0
368014000.0
166698000.0
189398000.0
431630000.0
163972000.0
145489000.0
158569000.0
144469000.0
476324000.0
157109000.0
328421000.0
342159000.0
325903000.0
267006000.0
294514000.0
150478000.0
150194000.0
173497000.0
148840000.0
263538000.0
242335000.0
403921000.0
231134000.0
248938000.0
202434000.0
326666000.0
471574000.0
139607000.0
170930000.0
