1.02085
1.09343
1.026
1.00915
1.02347
1.01893
1.02348
1.04045
1.01937
1.02983
1.025
1.01019
1.19854
1.07579
1.02887
1.02969
1.01271
1.02608
1.07389
1.02963
1.05648
1.16241
1.00497
1.01359
1.09951
1.09732
1.04497
1.09993
1.03071
1.18767
1.15746
1.01109
1.02724
1.00236
1.21807
1.02219
1.00436
1.06089
1.01413
1.03705
1.08666
1.02639
1.0146
1.03416
1.01283
1.03127
1.20283
1.0656
1.00628
1.12815
1.00749
1.00886
1.01806
1.01474
1.01645
1.02453
1.00268
1.0185
1.04391
1.03341
1.05168
1.01886
1.00512
1.00437
1.01563
1.01518
1.04925
1.06512
1.03147
1.02759
1.07896
1.11802
1.04742
1.07941
1.06066
1.02339
1.03618
1.01126
1.04149
1.04568
1.02676
1.06052
1.05052
1.06281
1.02581
1.01778
1.05262
1.13086
1.0174
1.00717
1.03084
1.01696
1.04163
1.01124
1.0057
1.02096
1.04428
1.05493
1.0064
1.02981
1.19379
1.01677
1.07977
1.00884
1.08557
1.01031
1.10519
1.0324
1.01869
1.03126
1.03882
1.03831
1.03772
1.01146
1.03048
1.00858
1.01597
1.00676
1.02022
1.02117
1.02454
1.04032
1.13221
1.01758
0.999335
1.11561
1.031
1.02467
1.16148
1.01576
1.01243
1.07198
1.07266
1.02946
1.05591
1.07899
1.02255
1.03318
1.00766
1.01871
1.01052
1.01328
1.01421
1.1299
1.03273
1.00882
1.01803
1.02619
1.0221
1.00599
1.02657
1.00523
1.02144
1.10259
1.05868
1.01574
1.08101
1.19762
1.00711
1.03833
1.03228
1.00954
1.02958
1.00784
1.026
1.01049
1.07946
1.00902
1.01918
1.0274
1.04362
1.02416
1.0561
1.01186
1.00312
1.00535
1.02099
1.02933
1.02039
1.00565
1.00156
1.03391
1.03906
1.00726
1.01252
1.00201
1.01959
1.08772
1.02097
1.01918
1.04145
1.07264
1.00887
1.02941
1.0053
1.04767
1.08265
1.08612
1.02944
1.02025
1.08216
1.03702
1.00967
1.00682
1.02056
1.01904
1.03216
1.00413
1.03373
1.0138
1.02743
1.03661
1.03469
1.03007
1.01596
1.05497
1.03748
1.00868
1.01107
1.06303
1.01274
1.00587
1.0123
1.08564
1.09388
1.05109
1.03595
1.01034
1.00854
1.00332
1.06471
1.02593
1.01699
1.00829
1.03849
1.04442
1.00537
1.02638
1.01953
1.15031
1.03311
1.02042
1.11147
1.02079
1.05344
1.01297
1.04351
1.01265
1.03837
1.01257
1.03596
1.01499
1.06839
1.00949
1.01875
1.01285
1.06152
1.00873
1.01664
1.10289
1.0168
1.00151
1.01425
1.07509
1.03538
1.17696
1.02377
1.07485
1.04644
1.00828
1.12525
1.02117
1.08497
1.02244
1.00129
1.02408
1.0249
1.05293
1.01053
1.04857
1.01902
1.02753
1.0166
1.0485
1.0272
1.01679
1.02998
1.16823
1.01828
1.01198
1.02103
1.03657
1.0407
1.04395
1.00554
1.01249
1.02833
1.01258
1.06143
1.01334
1.01888
1.01572
1.08917
1.13079
1.00973
1.05225
1.04333
1.03224
1.01051
1.08011
1.03004
1.02182
1.04801
1.1026
1.02241
1.11528
1.0116
1.00878
1.00304
1.01897
1.02659
1.06528
1.07694
1.01098
1.00559
1.05011
1.01245
1.06482
1.06533
1.0138
1.06635
1.00707
1.0149
1.00351
1.02282
1.00862
1.0388
1.08316
1.03154
1.0242
1.00273
1.00645
1.01885
1.21158
1.03618
1.02506
1.05001
1.02936
1.02366
1.09967
1.04114
1.01147
1.02172
1.07438
1.04892
1.0169
1.03273
1.02148
1.23405
1.01181
1.03751
1.01318
1.0282
1.0272
1.01623
1.01318
1.00655
1.0164
1.01406
1.03498
1.00908
1.0579
1.03347
1.01711
1.04602
1.00316
1.061
1.0308
1.02862
1.02799
1.03409
1.01372
1.01197
1.03376
1.0157
1.02913
1.01074
1.13309
1.01853
1.01364
1.03798
1.01498
1.00613
1.01982
1.015
1.09137
1.00854
1.01608
1.0077
1.02714
1.0698
1.03122
1.012
1.02792
1.02921
1.02119
1.01373
1.07304
1.08977
1.02014
1.00918
1.01497
1.01696
1.00768
1.00646
1.02791
1.02475
1.01801
1.02234
1.0034
1.0117
1.01161
1.05786
1.00746
1.00141
1.0434
1.02956
1.06063
1.00512
1.00337
1.02091
1.02062
1.06126
1.08273
1.05668
1.03698
1.02031
1.20533
1.09241
1.101
1.01009
1.0391
1.02833
1.01308
1.02705
1.02377
1.02703
1.02452
1.0564
1.0136
1.00683
1.04426
1.01676
1.04762
1.02447
1.03678
1.0244
1.01051
1.00275
1.00647
1.02932
1.01103
1.03613
1.02035
1.02701
1.03483
1.01134
1.05869
1.00364
1.02146
1.06669
1.0644
1.06642
1.02297
1.10041
1.0702
1.00501
1.00468
1.15416
1.07204
1.16134
1.02323
1.0455
1.02534
1.13554
1.04611
1.00857
1.15445
1.17061
1.01841
1.01535
1.03824
1.08597
1.00894
1.01395
1.08527
1.06757
1.02185
1.17162
1.02754
1.01615
1.03025
1.01119
1.00554
1.02489
1.10647
1.04191
1.02632
1.19945
1.04503
1.06814
1.01693
1.01734
1.01624
1.00507
1.01052
1.0653
1.0101
1.02018
1.0178
1.01492
1.06323
1.01265
1.03347
1.00424
1.03967
1.02612
1.00869
1.01581
1.04483
1.00375
1.00646
1.01818
1.02181
1.01155
1.02186
1.04066
1.02897
1.02878
1.00866
1.06791
1.03347
1.03041
1.04138
1.05911
1.00547
1.01016
1.08557
1.00538
1.02692
1.02348
1.01451
1.00185
1.00888
1.01184
1.11327
1.02625
1.09724
1.00997
1.02679
1.02139
1.02536
1.02736
1.00368
1.08299
1.02017
1.02972
1.01879
1.01865
1.08917
1.01378
1.01034
1.00672
1.01673
1.03064
1.00892
1.06513
1.00624
1.06281
1.06702
1.01569
1.01396
1.01607
1.0307
1.01748
1.01269
1.05985
1.01857
1.01014
1.01681
1.0143
1.02221
1.08252
1.01709
1.01951
1.02133
1.02589
1.03386
1.00635
1.01474
1.0263
1.06318
1.03224
1.01051
1.03021
1.01961
1.01926
1.01969
1.01287
1.03481
1.01131
1.06681
1.01873
1.0368
1.02991
1.02519
1.06271
1.06019
1.02723
1.02716
1.01401
1.08686
1.04179
1.02192
1.00926
1.00786
1.01853
1.01449
1.0309
1.00094
1.18433
1.0434
1.05386
1.07088
1.01343
1.02941
1.00998
1.03619
1.05606
1.02618
1.01411
1.00183
1.0234
1.06871
1.00065
1.00543
1.0942
1.07753
1.03184
1.02546
1.02638
1.04137
1.03544
1.20012
1.0193
1.02044
1.04239
1.02782
1.04534
1.03554
1.03666
1.06708
1.02489
1.02311
1.0726
1.01794
1.02487
1.03034
1.02931
1.01986
1.06824
1.00811
1.01218
1.0903
1.02734
1.02108
1.02899
1.03818
1.01619
1.01638
1.05869
1.25603
1.00282
1.08355
1.05114
1.0108
1.02548
1.0305
1.02751
1.02284
1.05092
1.09095
1.00195
1.00153
1.01382
1.25791
1.04783
1.07706
1.03292
1.00907
1.03716
1.01225
1.0258
1.02705
1.03732
1.08481
1.00721
1.10891
1.02707
1.0106
1.01194
1.02044
1.16399
1.08657
1.01267
1.09232
1.00986
1.06111
1.03742
1.08616
1.07998
1.06693
1.01955
1.01556
1.03918
1.03865
1.00827
1.01458
1.03601
1.00811
1.06826
1.01281
1.08179
1.01687
1.00827
1.0095
1.00199
1.07737
1.0079
1.09183
1.01695
1.05537
1.02438
1.15082
1.07216
1.1084
1.00298
1.0158
1.07323
1.02336
1.15678
1.01128
1.00527
1.01104
1.08899
1.14853
1.0108
1.00774
1.06746
1.0085
1.26707
1.01819
1.06509
1.03472
1.01737
1.08386
1.01288
1.01694
1.02459
1.01352
1.11654
1.05563
1.00195
1.02368
1.04928
1.01734
1.1305
1.0533
1.05401
1.0132
1.03736
1.0228
1.0039
1.02986
1.00408
1.01417
1.0063
1.03236
1.10617
1.02761
1.02995
1.00997
1.03415
1.01426
1.01869
1.04463
1.0171
1.05315
1.00703
1.00865
1.02298
1.01722
1.00153
1.00691
1.0133
1.02607
1.00095
1.08037
1.08754
1.06067
1.00811
1.01191
1.02017
1.00367
1.1285
1.02519
1.01022
1.00215
1.0307
1.01448
1.15486
1.01759
1.02216
1.12573
1.01306
1.01934
1.0095
1.02739
1.01862
1.30831
1.02942
1.03281
1.02767
1.07123
1.05441
1.06983
1.03704
1.00347
1.05501
1.02363
1.02963
1.0183
1.07558
1.02061
1.00207
1.02133
1.02692
1.02478
1.00814
1.01451
1.05475
1.01272
1.01912
1.0204
1.04435
1.06199
1.04621
1.02331
1.0408
1.01938
1.0221
1.05698
1.00702
1.02301
1.01246
1.01578
1.07884
1.02448
1.02857
1.0269
1.05152
1.02032
1.06111
1.02746
1.11886
1.01259
1.00455
1.04186
1.02181
1.00817
1.04582
1.00152
1.01985
1.05613
1.0207
1.01541
1.06291
1.01587
1.01809
1.08752
1.01891
1.01193
1.01054
1.01164
1.07555
1.00233
1.01951
1.0188
1.01705
1.00327
1.02773
1.07364
1.01078
1.02836
1.02587
1.20079
1.00669
1.02997
1.07184
1.20609
1.05881
1.01089
1.01424
1.00013
1.01433
1.03941
1.03835
1.13174
1.1091
1.01617
1.045
1.01576
1.02028
1.09638
1.00985
1.01946
1.03435
1.00708
1.01417
1.04362
1.01005
1.0777
1.05959
1.01112
1.01322
1.04199
1.02862
1.0174
1.02357
1.0022
1.00958
1.02352
1.01136
1.00814
1.04052
1.12532
1.00869
1.04301
1.03118
1.04799
1.0625
1.02034
1.04317
1.03114
1.0119
1.02989
1.02722
1.03402
1.09659
1.00091
1.02782
1.01714
1.00408
1.02913
1.0198
1.03554
1.03283
1.01369
1.00014
1.01272
1.01902
1.02765
1.02629
1.08403
1.08466
1.01733
1.00371
1.00597
1.02356
1.01853
1.05007
1.08765
1.07194
1.06372
1.00983
1.07585
1.06922
1.00782
1.05368
1.01612
1.11688
1.09852
1.00467
1.01429
1.07289
1.00329
1.01105
1.07251
1.0173
1.03314
