1.00846
1.02543
1.07662
1.00428
1.01332
1.04576
1.03922
1.06519
1.02397
1.06373
1.02534
1.02114
1.06904
1.01167
1.22927
1.02513
1.01804
1.01114
1.00852
1.01468
1.03632
1.07336
1.0718
1.0265
1.16
1.0604
1.05704
1.04713
1.04013
1.01936
1.05632
1.01152
1.00255
1.01846
1.08846
1.09801
1.0132
1.00887
1.02311
1.01517
1.02846
1.01592
1.02493
1.00944
1.02745
1.0283
1.01798
1.01133
1.00748
1.00339
1.07549
1.11678
1.02664
1.01733
1.05611
1.05179
1.02891
1.01942
1.02218
1.00827
1.01701
1.03388
1.00446
1.01988
1.02122
1.02044
1.18225
1.01167
1.02952
1.00474
1.01548
1.0245
1.01034
1.01703
1.02657
1.02498
1.1607
1.01577
1.04477
1.01153
1.06345
1.02362
1.02559
1.06399
1.07386
1.0171
1.07903
1.00522
1.02803
1.19398
1.02922
1.04147
1.00613
1.01618
1.02172
1.00735
1.09962
1.00966
1.01298
1.00833
1.00199
1.01534
1.07261
1.17182
1.01114
1.03053
1.00173
1.01864
1.01493
1.00809
1.03025
1.00372
1.01779
1.00623
1.02532
1.01633
1.04004
1.00504
1.00362
1.01045
1.03315
1.11654
1.03862
1.01034
1.03861
1.00793
1.03959
1.09015
1.0172
1.01417
1.01387
1.01674
1.04183
1.02028
1.09044
1.05816
1.05844
1.0482
1.01291
1.09085
1.00653
1.0946
1.02813
1.00793
1.03437
1.01487
1.12417
1.02384
1.03501
1.0255
1.00817
1.02174
1.02667
1.03432
1.07968
1.01328
1.00905
1.02934
1.01614
1.01295
1.06644
1.11967
1.0134
1.01895
1.01993
1.0151
1.01048
1.02282
1.02049
1.04958
1.02295
1.01976
1.045
1.0117
1.01583
1.01243
1.01295
1.03641
1.00824
1.01288
1.02892
1.00377
1.02025
1.06024
1.0212
1.00663
1.03627
1.09225
1.0181
1.01832
1.01044
1.06722
1.0121
1.21743
1.06054
1.01676
1.01929
1.0278
1.06504
1.02506
1.01945
1.0136
1.02157
1.02507
1.00844
1.08223
1.01604
1.00641
1.06321
1.02475
1.02408
1.02888
1.03341
1.01898
1.02143
1.01922
1.10118
1.00226
1.05583
1.01723
1.02633
1.19142
1.02708
1.02917
1.07005
1.0284
1.03907
1.0276
1.00335
1.02432
1.00554
1.017
1.01634
1.01366
1.00649
1.00838
1.00726
1.02659
1.05642
1.0125
1.01586
1.01263
1.00513
1.01645
1.01526
1.01919
1.01759
1.04417
1.0133
1.00987
1.01123
1.00991
1.01169
1.01232
1.02433
1.0198
1.09683
1.05156
1.12023
1.03312
1.00793
1.07188
1.03723
1.07062
1.05466
1.06826
1.10873
1.00533
1.00841
1.01314
1.01308
1.01033
1.13515
1.01163
1.02016
1.00953
1.01647
1.01822
1.03629
1.07837
1.13863
1.01589
1.01807
1.04837
1.0054
1.01072
1.07718
1.01014
1.02855
1.00748
1.01139
1.01865
1.01744
1.08299
1.02445
1.0587
1.00901
1.02702
1.01824
1.18664
1.04919
1.01841
1.02874
1.02046
1.04837
1.04568
1.0303
1.02541
1.05433
1.12002
1.07212
1.07413
1.0566
1.0234
1.01583
1.02898
1.02021
1.01295
1.11813
1.10294
1.03201
1.02658
1.04134
1.02999
1.00603
1.02923
1.07602
1.0692
1.04911
1.05586
1.01419
1.15334
1.03121
1.12749
1.10509
1.01829
1.07295
1.01843
1.03577
1.01109
1.01956
1.06751
1.02591
1.02321
1.0171
1.00207
1.02253
1.10184
1.06819
1.06918
1.02338
1.04119
1.01885
1.01728
1.0262
1.04724
1.06891
1.01057
1.02358
1.0736
1.02717
1.01429
1.01337
1.01422
1.05672
1.02002
1.04974
1.00348
1.02497
1.01203
1.08889
1.02287
1.06531
1.01215
1.01755
1.02624
1.01483
1.00714
1.0815
1.01268
1.00692
1.00836
1.0584
1.02685
1.00641
1.06658
1.01708
1.09701
1.04938
1.04578
1.00947
1.00984
1.02168
1.05513
1.04739
1.0081
1.00583
1.00282
1.01825
1.08729
1.19517
1.03177
1.0059
1.02145
1.02196
1.04266
1.00831
1.02909
1.02937
1.01977
1.01012
1.00279
1.02309
1.01927
1.06996
1.02236
1.02899
1.01074
1.01387
1.14206
1.02047
1.01754
1.01776
1.06803
1.01299
1.02793
1.02191
1.08236
1.02788
1.00632
1.00397
1.01924
1.0277
1.12975
1.07926
1.08527
1.0067
1.08803
1.0134
1.0801
1.03395
1.02101
1.0177
1.01492
1.01195
1.01686
1.01331
1.01371
1.00509
1.04771
1.00902
1.0548
1.16464
1.00237
1.01272
1.01491
1.03071
1.15246
1.05499
1.02038
1.04325
1.01189
1.00105
1.00699
1.02193
1.02511
1.03858
1.09183
1.01116
1.04665
1.03032
1.02
1.01872
1.05888
1.265
1.0227
1.07357
1.02212
1.03058
1.06821
1.02751
1.04903
1.0266
1.01408
1.08605
1.01349
1.0255
1.01688
1.02147
1.01648
1.01505
1.02222
1.01848
1.02338
1.00775
1.23727
1.02115
1.01032
1.00172
1.01569
1.05581
1.01717
1.01777
1.02535
1.02662
1.0246
1.10088
1.08993
1.01706
1.04252
1.09404
1.0754
1.07303
1.01215
1.03454
1.05263
1.01366
1.01162
1.00025
1.0182
1.00633
1.13186
1.02587
1.01512
1.00763
1.03841
1.0217
1.00803
1.01415
1.01061
1.04364
1.01492
1.01995
1.02268
1.02109
1.03318
1.03712
1.04327
1.02264
1.01692
1.05318
1.05787
1.02818
1.00741
1.02422
1.01329
1.01469
1.00748
1.00436
1.00956
1.07331
1.04558
1.01093
1.01653
1.09988
1.00754
1.05275
1.01601
1.05549
1.00698
1.01707
1.10755
1.01224
1.01371
1.01659
1.0137
1.01654
1.10213
1.0305
1.08248
1.03725
1.01089
1.00653
1.04978
1.05812
1.00447
1.10164
1.0152
1.03484
1.00303
1.02318
1.0089
1.00178
1.0842
1.02406
1.01112
1.00941
1.02723
1.00106
1.0365
1.01892
1.01855
1.03392
1.0572
1.04976
1.00905
1.00685
1.01223
1.0205
1.01924
1.03164
1.04777
1.01744
1.04909
1.01029
1.01584
1.01647
1.01137
1.04362
1.01607
1.02636
1.01998
1.05603
1.01539
1.09457
1.0355
1.01277
1.01459
1.05208
1.03913
1.14352
1.01808
1.08849
1.03409
1.00545
1.01705
1.20352
1.01293
1.26046
1.01919
1.01981
1.08989
1.00337
1.03337
1.0264
1.01437
1.16195
1.06029
1.04209
1.00247
1.02612
1.02795
1.01436
1.02675
1.04758
1.24457
1.0222
1.02191
1.00659
1.02024
1.01211
1.01898
1.03986
1.02921
1.01768
1.02827
1.01704
1.05575
1.00736
1.01483
1.1253
1.02786
1.0894
1.06128
1.06009
1.00654
1.09242
1.01201
1.01053
1.00273
1.06517
1.00136
1.04714
1.02158
1.01212
1.01884
1.05257
1.01928
1.09171
1.06839
1.07315
1.03156
1.01592
1.02599
1.01655
1.00626
1.02179
1.0311
1.02569
1.00654
1.01309
1.01515
1.01724
1.17525
1.048
1.05756
1.02797
1.01957
1.04051
1.01199
1.0065
1.02101
1.0252
1.0487
1.02807
1.0787
1.00468
1.05779
1.01933
1.02055
1.03889
1.02196
1.02003
1.06746
1.05971
1.00439
1.00596
1.02641
1.04049
1.08029
1.02041
1.00919
1.05571
1.02692
1.00322
1.05564
1.02453
1.01132
1.05603
1.01547
1.0059
1.05432
1.01926
1.03033
1.01501
1.04271
1.01159
1.01004
1.00257
1.01836
1.01695
1.01733
1.02934
1.02818
1.00068
1.00899
1.01772
1.05486
1.01104
1.02103
1.01775
1.01043
1.01408
1.03817
1.01531
1.02305
1.01125
1.01297
1.01167
1.00549
1.07579
1.07289
1.18125
1.09321
1.06881
1.02249
1.06864
1.02824
1.0626
1.0149
1.02807
1.01036
1.01082
1.00826
1.01841
1.01857
1.07949
1.04099
1.00739
1.04593
1.01899
1.04575
1.01996
1.01283
1.02265
1.01587
1.01023
1.05122
1.00421
1.02262
1.00917
1.05066
1.02585
1.01845
1.05837
1.00256
1.01157
1.09471
1.01711
1.00326
1.04499
1.0268
1.17092
1.02967
1.00517
1.0025
1.01495
1.03444
1.01324
1.02371
1.04082
1.02436
1.05972
1.01797
1.02386
1.00941
1.01051
1.07754
1.06638
1.03094
1.0096
1.00065
1.0135
1.01943
1.11697
1.02218
1.05119
1.02009
1.01089
1.22998
1.04531
1.01261
1.04184
1.0229
1.02316
1.01677
1.01365
1.04432
1.00735
1.02021
1.01239
1.00974
1.00599
1.00875
1.12083
1.02856
1.01136
1.0538
1.01697
1.02397
1.01227
1.02387
1.00933
1.01866
1.02983
1.01172
1.01859
1.03061
1.04014
1.02276
1.16437
1.01321
1.05747
1.2467
1.03244
1.00823
1.01526
1.00652
1.01622
1.01605
1.02781
1.05357
1.02008
1.02192
1.00886
1.05604
1.01743
1.03416
1.19897
1.01713
1.02635
1.0218
1.01667
1.03271
1.00385
1.02362
1.02293
1.0327
1.0854
1.15438
1.23287
1.01133
1.01721
1.17012
1.05926
1.019
1.01291
1.00341
1.03265
1.02818
1.01612
1.05516
1.02296
1.01757
1.02224
1.01862
1.02533
1.02109
1.01136
1.02498
1.02957
1.02651
1.03112
1.03351
1.02632
1.0212
1.00537
1.05585
1.04622
1.02229
1.00201
1.12814
1.08763
1.01739
1.06798
1.07807
1.01295
1.0167
1.11921
1.02553
1.01834
1.06085
1.01841
1.01124
1.01463
1.08226
1.01321
1.03425
1.04583
1.15794
1.02841
1.02654
1.01946
1.00726
1.01314
1.05385
1.01632
1.00525
1.02441
1.01244
1.07121
1.09891
1.00285
1.01896
1.04853
1.11399
1.0255
1.07881
1.0415
1.00335
1.02854
1.02694
1.00624
1.07377
1.08699
1.0091
1.01357
1.02223
1.0219
1.00883
1.02608
1.0329
1.01763
1.02061
1.03131
1.02784
1.01692
1.02567
1.05409
1.05215
1.0174
1.04879
1.01855
1.01394
1.02207
1.09429
1.02112
1.12771
1.08953
1.01181
1.06498
1.02014
1.00863
1.02415
1.02119
1.01252
1.05402
1.03017
1.15779
1.03171
