1.0107
1.02983
1.07747
1.04677
1.01348
1.0854
1.01226
1.03469
1.08105
1.00087
1.03495
1.02029
1.03057
1.0099
1.00934
1.00768
1.08115
1.02445
1.02469
1.02405
1.09248
1.0231
1.06226
1.00931
1.06128
1.07851
1.00199
1.10149
1.05766
1.00849
1.03832
1.05096
1.02325
1.03508
1.02877
1.00506
1.00643
1.05368
1.0046
1.04135
1.09579
1.02202
1.02752
1.01226
1.02677
1.15065
1.06886
1.03467
1.00099
1.01171
1.18152
1.0371
1.00016
1.08952
1.08705
1.0309
1.02666
1.04636
1.00353
1.03095
1.00571
1.07877
1.03187
1.06443
1.03728
1.0005
1.05899
1.0075
1.01671
1.0293
1.11389
1.05335
1.09346
1.09777
1.02401
1.04562
1.02167
1.03175
1.00935
1.01801
1.04946
1.04837
1.01217
1.01527
1.02649
1.04793
1.01519
1.01801
1.04004
1.05193
1.02128
1.01184
1.0103
1.00384
1.00805
1.00935
1.07591
1.08983
1.04936
1.08367
1.06808
1.05297
1.0203
1.10389
1.03374
1.00061
1.09284
1.03308
1.00337
1.03296
1.01216
1.02971
1.02949
1.0334
1.08788
1.02602
1.06712
1.01028
1.03179
1.04866
1.04157
1.10143
1.00312
1.01617
1.01385
1.03398
1.0317
1.03358
1.01783
1.01035
1.04496
1.05278
1.00042
1.02325
1.06784
1.05777
1.06697
1.05443
1.01245
1.10101
1.05872
1.07816
1.05994
1.00751
1.04153
1.01563
1.05638
1.00827
1.00071
1.04906
1.00393
1.04989
1.04184
1.00999
1.00138
1.05118
1.00701
1.09452
1.00828
1.08712
1.05302
1.0716
1.04026
1.02486
1.00039
1.00047
1.06478
1.03004
1.0494
1.02674
1.02373
1.04736
1.01078
1.07627
1.00359
1.014
1.02088
1.0454
1.0368
1.01937
1.10135
1.09182
1.04755
1.05864
1.027
1.11613
1.06405
1.06024
1.00911
1.00621
1.09003
1.07351
1.11906
1.06397
1.01458
1.06446
1.10871
1.00905
1.01881
1.02459
1.03484
1.00154
1.07559
1.04655
1.01838
1.07412
1.00903
1.01777
1.01277
1.04144
1.02955
1.05884
1.06384
1.04927
1.03967
1.05492
1.0547
1.017
1.0259
1.08631
1.11562
1.002
1.02022
1.00304
1.0155
1.02118
1.11394
1.02636
1.08483
1.02727
1.01325
1.00391
1.01622
1.01148
1.02242
1.04425
1.01382
1.08166
1.01136
1.01602
1.05865
1.02221
1.01372
1.01785
1.08963
1.00008
1.00501
1.04967
1.04701
1.0747
1.03899
1.0454
1.01115
1.01153
1.01518
1.02941
1.0234
1.04069
1.07497
1.08156
1.03149
1.00904
1.04932
1.00298
1.01635
1.01638
1.05482
1.01719
1.04072
1.00177
1.11947
1.02734
1.05673
1.02429
1.02055
1.02851
1.02607
1.00178
1.04582
1.03898
1.02433
1.04379
1.01031
1.0282
1.00417
1.02132
1.02752
1.01313
1.0708
1.07276
1.08213
1.01818
1.08231
1.10722
1.03101
1.03444
1.0126
1.00353
1.04246
1.01135
1.0229
1.00006
1.01286
1.06502
1.03999
1.02148
1.03733
1.00417
1.03017
1.04287
1.00685
1.00709
1.00239
1.06258
1.02434
1.07062
1.00999
1.01209
1.03297
1.01442
1.09388
1.02746
1.06612
1.05843
1.07034
1.0341
1.02544
1.03827
1.02257
1.09457
1.02064
1.07633
1.07388
1.07654
1.01293
1.06034
1.22636
1.04024
1.11269
1.05768
1.01826
1.07069
1.0178
1.10953
1.0455
1.07065
1.02785
1.02846
1.00356
1.02913
1.00047
1.00093
1.09466
1.02241
1.02891
1.00036
1.05208
1.03068
1.01451
1.03764
1.01373
1.0629
1.00225
1.08528
1.01344
1.08711
1.08223
1.03568
1.01366
1.07776
1.05489
1.03881
1.13939
1.04461
1.08735
1.01339
1.06743
1.03266
1.01482
1.05122
1.02772
1.04925
1.07042
1.09702
1.00033
1.0026
1.03319
1.06218
1.00888
1.06657
1.01136
1.02493
1.03925
1.0149
1.02795
1.07431
1.08172
1.08856
1.06733
1.03007
1.01995
1.09944
1.02002
1.07231
1.0646
1.01115
1.00217
1.01868
1.06753
1.07978
1.00557
1.05453
1.07378
1.00752
1.08261
1.02734
1.01617
1.01175
1.0872
1.10632
1.02546
1.0033
1.00746
1.04763
1.02139
1.05125
1.04921
1.04623
1.0028
1.00384
1.07192
1.02966
1.02484
1.04371
1.04957
1.01004
1.02871
1.02512
1.04702
1.01192
1.01496
1.003
1.01976
1.07822
1.04351
1.01606
1.04682
1.07151
1.03381
1.05276
1.01876
1.04405
1.01903
1.08581
1.00327
1.05149
1.07863
1.0321
1.0932
1.13614
1.04903
1.03155
1.02582
1.09773
1.02672
1.02047
1.03804
1.00836
1.02619
1.03778
1.04807
1.016
1.0119
1.02647
1.03169
1.07007
1.21425
1.08262
1.00042
1
1.00725
1.00263
1.00473
1.09742
1.00966
1.0228
1.00806
1.00856
1.01754
1.04006
1.07345
1.00111
1.12926
1.09661
1.00685
1.00545
1.03297
1.00633
1.02999
1.0384
1.01862
1.01176
1.03787
1.01992
1.02259
1.03738
1.08812
1.00228
1.10412
1.01242
1.01257
1.03451
1.03998
1.02597
1.05437
1.00126
1.04946
1.10205
1.0421
1.07061
1.10517
1.00947
1.09984
1.02666
1.01749
1.07738
1.01684
1.05859
1.03954
1.00916
1.02845
1.0639
1.00756
1.01041
1.00859
1.00116
1.0056
1.06381
1.0851
1.01244
1.01686
1.01588
1.02245
1.03046
1.00229
1.02831
1.02489
1.00841
1.0489
1.03154
1.1036
1.06391
1.01893
1.01323
1.07354
1.02257
1.04408
1.08394
1.05867
1.0713
1.02164
1.06352
1.00365
1.08366
1.00513
1.00738
1.06145
1.04978
1.04013
1.05142
1.0072
1.03353
1.0238
1.08682
1.00691
1.00411
1.01111
1.03117
1.07354
1.00442
1.00256
1.00725
1.08983
1.00465
1.01797
1.03418
1.01183
1.02962
1.04204
1.03569
1.08055
1.02514
1.07539
1.0141
1.07601
1.01599
1.07034
1.0645
1.06561
1.03865
1.01362
1.06874
1.03814
1.03734
1.02502
1.04543
1.07133
1.01351
1.01877
1.00581
1.02891
1.00357
1.15449
1.21835
1.12682
1.02829
1.0344
1.03079
1.0507
1.04197
1.07236
1.01741
1.08381
1.02609
1.03248
1.02829
1.05524
1.06541
1.01586
1.02173
1.00545
1.05472
1.04317
1.01699
1.00229
1.07673
1.03699
1.03865
1.0646
1.01233
1.04086
1.04822
1.08309
1.02071
1.0535
1.06885
1.04874
1.0159
1.07791
1.0099
1.07312
1.01858
1.0221
1.01373
1.13599
1.00748
1.00037
1.01
1.00557
1.07342
1.04863
1.00294
1.02314
1.06754
1.02195
1.00416
1.08954
1.0824
1.01589
1.01201
1.02596
1.03038
1.00963
1.05403
1.00375
1.01211
1.01728
1.02623
1.03363
1.05757
1.01811
1.01238
1.00064
1.06404
1.00922
1.00701
1.01082
1.06648
1.01885
1.00464
1.09701
1.01598
1.02155
1.08949
1.0355
1.00095
1.03664
1.04684
1.0542
1.05676
1.04388
1.03825
1.06438
1.02449
1.05298
1.01685
1.0086
1.08524
1.03631
1.00598
1.03556
1.04019
1.05599
1.01983
1.04874
1.00227
1.03509
1.02148
1.01745
1.00353
1.01562
1.02089
1.00844
1.0404
1.04146
1.01759
1.08808
1.04547
1.00716
1.10149
1.02329
1.07438
1.03766
1.07728
1.00817
1.06586
1.01905
1.03268
1.05126
1.01599
1.00318
1.02811
1.03327
1.0232
1.00591
1.02837
1.05407
1.00593
1.02923
1.012
1.09332
1.00473
1.02118
1.00616
1.04368
1.0228
1.01281
1.00767
1.08489
1.05569
1.02262
1.00932
1.06807
1.00421
1.08417
1.00195
1.0293
1.00497
1.02627
1.04611
1.00315
1.06083
1.01315
1.02041
1.05096
1.06873
1.10282
1.10323
1.05649
1.04415
1.04419
1.08306
1.00786
1.04888
1.00076
1.0403
1.08718
1.02923
1.05538
1.01178
1.03863
1.03522
1.02362
1.01144
1.13377
1.01425
1.02192
1.056
1.02005
1.01709
1.06026
1.01048
1.01385
1.07472
1.01691
1.04852
1.09774
1.00122
1.09434
1.02222
1.02495
1.08451
1.01491
1.01386
1.02826
1.01044
1.01533
1.07907
1.08825
1.00038
1.02457
1.05559
1.00079
1.10351
1.02964
1.01716
1.10099
1.04849
1.04817
1.01199
1.06453
1.08405
1.01935
1.02265
1.04758
1.00436
1.04811
1.00404
1.10362
1.02324
1.03305
1.02033
1.03959
1.01563
1.0602
1.02574
1.08037
1.0253
1.08681
1.03579
1.01037
1.02205
1.04546
1.00286
1.04788
1.02076
1.0524
1.07154
1.08432
1.09152
1.05937
1.0279
1.02299
1.00718
1.20775
1.0325
1.00579
1.00753
1.03058
1.04587
1.10948
1.03805
1.04512
1.00181
1.07544
1.02612
1.04052
1.06598
1.00902
1.0244
1.05894
1.06537
1.0123
1.03302
1.00316
1.01278
1.01521
1.04505
1.00666
1.08177
1.00002
1.05287
1.01418
1.00591
1.08215
1.0848
1.01177
1.06783
1.16864
1.06666
1.00987
1.06043
1.09793
1.00487
1.07314
1.03678
1.0245
1.05469
1.01751
1.0513
1.05179
1.10624
1.00192
1.02208
1.0365
1.05554
1.02481
1.0296
1.00248
1.01776
1.02815
1.04337
1.06862
1.0258
1.01369
1.0183
1.05882
1.00731
1.01656
1.11915
1.10394
1.09135
1.01734
1.00483
1.0063
1.02684
1.01416
1.02582
1.00554
1.08538
1.01538
1.10305
1.06887
1.08391
1.11894
1.02718
1.0506
1.00021
1.01118
1.02016
1.02041
1.00894
1.06222
1.0227
1.0405
1.1528
1.24846
1.03622
1.01312
1.02701
1.01959
1.04166
1.01219
1.00175
1.03432
1.08611
1.02184
1.07316
1.08925
1.01761
1.10783
1.0757
1.02796
1.0026
1.01128
1.0308
1.05388
1.02188
1.02219
1.04215
1.01135
1.05628
1.02931
1.16211
1.04686
1.00587
1.00579
1.03232
1.01807
1.07684
1.04316
1.02395
1.06336
1.10142
1.00686
1.00726
1.05087
1.11076
1.01435
1.03289
0.25
