1.01939
1.0721
1.09352
1.00994
1.03829
1.04199
1.06906
1.02025
1.01575
1.03222
1.02045
1.09464
1.00473
1.00123
1.00164
1.04389
1.00702
1.00889
1.06737
1.0347
1.03504
1.04972
1.02699
1.0295
1.11369
1.06108
1.022
1.01591
1.04356
1.01994
1.03023
1.24353
1.05046
1.04617
1.08941
1.02061
1.00223
1.09822
1.09599
1.02052
1.08081
1.0264
1.04958
1.02073
1.00022
1.02473
1.07839
1.05671
1.00141
1.05992
1.04681
1.03322
1.02555
1.09462
1.02222
1.01884
1.00516
1.083
1.05587
1.02034
1.00818
1.09251
1.04735
1.04902
1.02534
1.06699
1.05102
1.00276
1.05926
1.08994
1.00938
1.00816
1.00065
1.01253
1.00343
1.00303
1.02487
1.1051
1.02098
1.00384
1.01478
1.04532
1.05798
1.0225
1.0191
1.02065
1.07723
1.02462
1.04279
1.03437
1.09061
1.01934
1.03439
1.0469
1.04918
1.00503
1.00031
1.06695
1.09819
1.00787
1.02818
1.02854
1.09424
1.0155
1.07279
1.06369
1.07002
1.07991
1.04557
1.05861
1.02586
1.03791
1.01532
1.02532
1.01029
1.14667
1.06461
1.01921
1.02788
1.00049
1.00996
1.12129
1.01346
1.01043
1.00073
1.00209
1.0296
1.02537
1.07577
1.00181
1.08425
1.06284
1.18904
1.03578
1.07219
1.03136
1.00164
1.02554
1.02528
1.02005
1.00396
1.02151
1.03011
1.0254
1.00128
1.00637
1.07383
1.04283
1.02855
1.01648
1.00991
1.01496
1.12473
1.03145
1.06095
1.05692
1.03807
1.06885
1.08569
1.01293
1.04061
1.0126
1.04023
1.00655
1.067
1.01757
1.03215
1.02388
1.00508
1.07202
1.04375
1.01545
1.07042
1.02153
1.03397
1.03832
1.06563
1.07994
1.00768
1.01372
1.03794
1.06867
1.06545
1.00969
1.01658
1.00988
1.06452
1.00779
1.00111
1.03256
1.01399
1.08761
1.01022
1.02345
1.06891
1.02346
1.10525
1.00179
1.00593
1.08753
1.06788
1.00711
1.02099
1.0155
1.03257
1.03077
1.04177
1.00281
1.03823
1.00813
1.02698
1.01688
1.00978
1.02452
1.018
1.01272
1.12087
1.02209
1.00836
1.04544
1.01609
1.0101
1.0211
1.08113
1.00739
1.0891
1.0206
1.07643
1.03747
1.00953
1.04644
1.15527
1.02734
1.08628
1.03257
1.09786
1.01103
1.09389
1.04819
1.04215
1.00075
1.02649
1.03486
1.01743
1.10902
1.00326
1.09006
1.08081
1.00321
1.00466
1.00907
1.07101
1.01488
1.05768
1.08277
1.02225
1.02279
1.01151
1.08498
1.02118
1.0109
1.00235
1.00599
1.02751
1.04287
1.04542
1.0213
1.06618
1.04501
1.20109
1.01333
1.02313
1.00608
1.0751
1.00206
1.07303
1.02271
1.0824
1.00624
1.09312
1.01052
1.19215
1.00995
1.00455
1.08547
1.00094
1.04774
1.00067
1.0039
1.07018
1.00332
1.03188
1.03252
1.07635
1.04979
1.00202
1.01901
1.01526
1.08434
1.0814
1.00958
1.1055
1.00734
1.03979
1.10341
1.05964
1.01837
1.00473
1.00669
1.10493
1.0275
1.02577
1.04147
1.08744
1.01374
1.01241
1.02513
1.00875
1.01517
1.00572
1.03672
1.03259
1.00499
1.06171
1.00156
1.04269
1.03056
1.02511
1.02103
1.09522
1.02647
1.05923
1.09134
1.10538
1.02353
1.00331
1.03652
1.06703
1.00462
1.06081
1.05248
1.04218
1.04544
1.03599
1.02155
1.07923
1.02515
1.06775
1.06836
1.08783
1.03394
1.02547
1.03418
1.03192
1.03221
1.00774
1.08038
1.03213
1.01505
1.04507
1.017
1.09854
1.00651
1.00112
1.02674
1.07017
1.04147
1.04177
1.0017
1.00373
1.1315
1.0282
1.01418
1.0055
1.0822
1.09594
1.07189
1.04954
1.03378
1.14905
1.06793
1.01863
1.01879
1.02054
1.04725
1.07262
1.02329
1.08546
1.07095
1.00805
1.01595
1.03547
1.08871
1.01742
1.03576
1.0435
1.01214
1.01883
1.0198
1.08666
1.07549
1.02181
1.0616
1.01524
1.05848
1.02449
1.02666
1.02722
1.02847
1.0115
1.0798
1.02687
1.0296
1.07556
1.03277
1.02424
1.0734
1.08112
1.0129
1.11868
1.04107
1.09804
1.02937
1.0306
1.00606
1.03931
1.0085
1.01103
1.03681
1.01258
1.00743
1.04565
1.00725
1.02122
1.01768
1.06013
1.07599
1.09639
1.019
1.10275
1.03205
1.09891
1.05866
1.04105
1.03767
1.01212
1.08762
1.09451
1.03466
1.03348
1.01777
1.01033
1.09673
1.0072
1.02025
1.11628
1.01297
1.08216
1.01783
1.05409
1.01424
1.05301
1.04645
1.06948
1.01708
1.0836
1.00252
1.00557
1.04069
1.02942
1.06069
1.08487
1.00436
1.0378
1.03619
1.065
1.01543
1.0214
1.09403
1.12309
1.06915
1.01613
1.20382
1.02381
1.01669
1.02757
1.01589
1.03565
1.0929
1.00149
1.04325
1.00688
1.00911
1.04834
1.03746
1.00414
1.02776
1.01761
1.00906
1.0211
1.15619
1.02963
1.02001
1.02032
1.03936
1.02571
1.07061
1.03226
1.07225
1.0073
1.00484
1.01728
1.03296
1.03357
1.03925
1.01725
1.01418
1.0398
1.07114
1.0364
1.0628
1.00261
1.04191
1.02272
1.05591
1.062
1.00072
1.16887
1.02915
1.03446
1.10635
1.07334
1.03174
1.02767
1.02039
1.04447
1.00708
1.09473
1.04315
1.03555
1.01636
1.02628
1.03588
1.02453
1.04853
1.00849
1.01436
1.01886
1.00266
1.02453
1.02896
1.01475
1.02587
1.17078
1.01009
1.06153
1.03168
1.01218
1.02534
1.02284
1.0677
1.05516
1.10492
1.02596
1.06247
1.01767
1.01793
1.02757
1.08522
1.0333
1.02045
1.02395
1.03105
1.05793
1.00572
1.02179
1.01592
1.00288
1.03706
1.03536
1.04934
1.03509
1.00865
1.00674
1.02514
1.03422
1.00131
1.02792
1.03072
1.08692
1.08433
1.00724
1.02589
1.00942
1.02436
1.06466
1.1119
1.04988
1.03893
1.03885
1.0166
1.06992
1.07574
1.03873
1.0002
1.012
1.02601
1.05131
1.06721
1.0538
1.01445
1.01654
1.08319
1.01882
1.04466
1.03811
1.0648
1.02614
1.01477
1.06946
1.01267
1.02155
1.00986
1.08842
1.0148
1.00455
1.01456
1.01691
1.06973
1.00829
1.02214
1.03142
1.04575
1.0155
1.02197
1.06971
1.0151
1.01257
1.00221
1.13277
1.08036
1.02804
1.07226
1.06494
1.03978
1.02124
1.02161
1.02246
1.10896
1.06854
1.00199
1.01692
1.02379
1.03618
1.07847
1.06975
1.00064
1.001
1.03191
1.03301
1.01491
1.02341
1.04065
1.06651
1.08241
1.11948
1.05347
1.08261
1.09176
1.08208
1.06125
1.03715
1.00554
1.04324
1.0243
1.02788
1.02673
1.07288
1.07584
1.00529
1.05843
1.10655
1.03855
1.0294
1.02426
1.08245
1.07901
1.05713
1.08984
1.01504
1.04403
1.00158
1.0489
1.05826
1.00386
1.01387
1.07142
1.01462
1.08045
1.03882
1.03535
1.00088
1.06245
1.09536
1.026
1.02547
1.02858
1.07697
1.03933
1.0598
1.08593
1.00717
1.052
0.999976
1.01933
1.01891
1.09228
1.00697
1.03765
1.04218
1.03615
1.01565
1.00239
1.08275
1.10725
1.00562
1.04758
1.05314
1.02695
1.01049
1.01115
1.02502
1.00651
1.11225
1.04763
1.03332
1.00092
1.00138
1.04598
1.00541
1.04377
1.03024
1.03516
1.04391
1.01701
1.03429
1.05741
1.00614
1.03466
1.02643
1.01124
1.0916
1.04749
1.0124
1.10812
1.08108
1.02138
1.01307
1.01564
1.06657
1.01381
1.01975
1.03003
1.00057
1.02393
1.05161
1.05484
1.06364
1.0236
1.01927
1.01047
1.01736
1.00232
1.01309
1.09548
1.13365
1.14555
1.02867
1.00657
1.00927
1.02015
1.01421
1.0166
1.04474
1.06949
1.08974
1.00078
1.02314
1.0169
1.06388
1.03154
1.05469
1.00375
1.03948
1.05874
1.12348
1.08598
1.0047
1.01566
1.01382
1.06863
1.0272
1.00391
1.00744
1.062
1.02674
1.06217
1.05149
1.02205
1.01043
1.03069
1.0259
1.02622
1.00976
1.03747
1.04879
1.08753
1.17827
1.03025
1.05665
1.0746
1.03307
1.0333
1.03832
1.01749
1.00227
1.02791
1.00023
1.03603
1.05277
1.03057
1.08679
1.02779
1.03009
1.07703
1.03152
1.05814
1.08643
1.03084
1.02357
1.01819
1.03205
1.03069
1.09351
1.08792
1.03465
1.08009
1.01453
1.01236
1.0019
1.00453
1.01534
1.10401
1.06028
1.05291
1.01373
1.04426
1.04551
1.02697
1.0136
1.00403
1.04349
1.0514
1.01261
1.08532
1.01188
1.00556
1.05341
1.11455
1.02542
1.00008
1.01526
1.08711
1.03848
1.0815
1.0637
1.01495
1.01433
1.02405
1.0768
1.00853
1.00751
1.10432
1.09179
1.0834
1.00966
1.07662
1.02983
1.03634
1.10116
1.013
1.01293
1.03988
1.08241
1.03602
1.06312
1.12333
1.03082
1.07214
1.02809
1.02278
1.01726
1.01418
1.05505
1.01249
1.07207
1.02248
1.01148
1.02672
1.01122
1.19249
1.07497
1.02377
1.06735
1.0114
1.01686
1.0253
1.04909
1.08232
1.06496
1.032
1.09284
1.01498
1.07199
1.05454
1.02054
1.02285
1.07904
1.03094
1.08399
1.07611
1.03786
1.02723
1.02846
1.00801
1.02494
1.00252
1.02165
1.03406
1.02748
1.03173
1.00672
1.03101
1.003
1.14997
1.0128
1.04426
1.01152
1.01368
1.00683
1.1416
1.03156
1.01379
1.06732
1.02473
1.01369
1.05981
1.07915
1.00829
1.0392
1.02236
1.026
1.00539
1.0142
1.02484
1.05943
1.01421
1.08205
1.03589
1.00635
1.01655
1.09205
1.01262
1.01935
1.03266
1.07583
1.09258
1.06777
1.00749
1.05968
1.07375
1.05703
1.01543
1.00414
1.02898
1.04196
1.02215
1.03723
1.00298
1.05144
1.00346
1.00059
1.03876
1.00173
1.01746
1.01761
1.05752
1.04447
1.04482
1.00428
