1.09286
1.01366
1.06008
1.0564
1.0127
1.10989
1.0528
1.0248
1.06865
1.03184
1.02632
1.06769
1.01721
1.00121
1.06826
1.02618
1.09301
1.08832
1.09827
1.01557
1.07485
1.04208
1.01606
1.02847
1.02135
1.01374
1.01472
1.02272
1.00056
1.0469
1.07279
1.06595
1.02865
1.00227
1.0748
1.02031
1.03403
1.02887
1.03159
1.03726
1.2754
1.01845
1.00585
1.08161
1.07941
1.03705
1.01667
1.04724
1.0369
1.0282
1.07271
1.01529
1.02062
1.02773
1.05969
1.06159
1.01692
1.03574
1.09955
1.03918
1.01583
1.0216
1.06107
1.00036
1.01021
1.00937
1.01335
1.02687
1.15097
1.03555
1.00234
1.05548
1.0275
1.04744
1.02507
1.0357
1.01816
1.00476
1.0307
1.01405
1.05473
1.03592
1.05493
1.02655
1.01363
1.03743
1.09208
1.02548
1.07092
1.00669
1.04777
1.0639
1.04207
1.0568
1.01792
1.0259
1.04632
1.00223
1.04278
1.01983
1.04797
1.02296
1.02366
1.00863
1.01526
1.03895
1.02736
1.00378
1.01954
1.00383
1.02149
1.03072
1.01029
1.00587
1.00593
1.01234
1.05164
1.03376
1.0177
1.01448
1.03025
1.01624
1.02616
1.01891
1.01024
1.01797
1.0779
1.0181
1.04016
1.10819
1.02003
1.05165
1.02633
1.05536
1.03222
1.08504
1.00564
1.00963
1.01163
1.05528
1.10609
1.09371
1.14905
1.00523
1.05066
1.06133
1.00338
1.01387
1.02735
1.00063
1.01748
1.01575
1.08519
1.06608
1.02532
1.03168
1.00417
1.03328
1.04624
1.01281
1.00227
1.01425
1.0487
1.18707
1.00845
1.04212
1.02809
1.15687
1.13652
1.05617
1.02181
1.07902
1.00852
1.02645
1.02315
1.0032
1.0215
1.06177
1.02174
1.0099
1.02597
1.07671
1.05859
1.02585
1.05829
1.00325
1.03129
1.04276
1.01763
1.00151
1.01764
1.01404
1.05733
1.00032
1.00672
1.06936
1.01887
1.11114
1.02492
1.07264
1.05821
1.07608
1.03888
1.06796
1.00862
1.09489
1.03902
1.07994
1.09472
1.01208
1.04891
1.06269
1.01042
1.05766
1.03794
1.0334
1.09519
1.08674
1.03685
1.08069
1.02301
1.03616
1.03347
1.00806
1.06293
1.08912
1.02646
1.02434
1.00551
1.02533
1.01439
1.08231
1.01965
1.04199
1.01497
1.16886
1.02309
1.0875
1.01646
1.03761
1.03179
1.00197
1.01033
1.04813
1.01667
1.0373
1.09393
1.12319
1.01642
1.05356
1.02942
1.00981
1.00936
1.03595
1.00139
1.00884
1.02314
1.01129
1.06152
1.0415
1.00733
1.04061
1.03505
1.08056
1.02597
1.0394
1.02878
1.03023
1.08085
1.03164
1.01197
1.01134
1.02844
1.02817
1.01542
1.06705
1.02238
1.04435
1.01008
1.01267
1.05552
1.00613
1.00574
1.14814
1.03954
1.08198
1.0165
1.16385
1.03173
1.22698
1.06195
1.00025
1.04724
1.01261
1.03313
1.03128
1.01471
1.01011
1.0232
1.03143
1.03299
1.02124
1.02561
1.01387
1.02324
1.02412
1.04442
1.01836
1.07193
1.07248
1.00066
1.02394
1.03523
1.00103
1.00961
1.07755
1.06884
1.03248
1.04221
1.03651
1.01681
1.09396
1.05254
1.20329
1.1083
1.07306
1.09927
1.00197
1.01329
1.02094
1.02271
1.00541
1.01676
1.01671
1.00534
1.0456
1.03295
1.0506
1.00975
1.02843
1.03793
1.02312
1.02324
1.02524
1.01503
1.08487
1.05519
1.09675
1.04184
1.02391
1.09662
1.05308
1.05365
1.01331
1.0309
1.05413
1.03739
1.04087
1.01104
1.02491
1.00073
1.00641
1.23222
1.03181
1.11654
1.03366
1.05027
1.03052
1.00684
1.11252
1.07874
1.01993
1.01128
1.01734
1.01568
1.01447
1.08018
1.01094
1.01147
1.05582
1.06836
1.00526
1.07208
1.02637
1.06043
1.07226
1.01424
1.02073
1.02253
1.02006
1.02962
1.00579
1.02425
1.02608
1.00046
1.03547
1.00057
1.00396
1.007
1.00067
1.04487
1.03865
1.03167
1.03554
1.04534
1.02898
1.00982
1.02213
1.06479
1.00984
1.08538
1.05486
1.02795
1.07473
1.00328
1.03177
1.15547
1.07539
1.06989
1.02013
1.03307
1.05143
1.05543
1.02629
1.07037
1.04026
1.08259
1.03522
1.01227
1.02733
1.0433
1.0207
1.03479
1.02913
1.01149
1.08183
1.05994
1.00157
1.0904
1.091
1.09515
1.04902
1.05456
1.11898
1.05736
1.08618
1.01531
1.02673
1.032
1.05956
1.00704
1.02199
1.0735
1.04033
1.13297
1.0238
1.03057
1.05179
1.02239
1.0458
1.01088
1.02497
1.02966
1.05991
1.03015
1.02102
1.03529
1.00968
1.0382
1.07462
1.03252
1.01529
1.03736
1.01186
1.01179
1.09427
1.0472
1.00424
1.02293
1.0669
1.08455
1.00837
1.07096
1.01143
1.06331
1.03211
1.0366
1.02358
1.01133
1.00986
1.09358
1.01058
1.04061
1.02224
1.03016
1.0283
1.01102
1.01709
1.0298
1.01997
1.00385
1.01517
1.01691
1.0028
1.01871
1.01592
1.01104
1.02446
1.07004
1.0638
1.01292
1.05379
1.02054
1.09484
1.05751
1.05189
1.01051
1.01757
1.0319
1.01148
1.01786
1.04398
1.13836
1.024
1.04018
1.02424
1.09251
1.01479
1.08895
1.0744
1.06703
1.0255
1.0199
1.03077
1.03671
1.04818
1.01336
1.01248
1.04178
1.0925
1.01831
1.00043
1.04991
1.01167
1.02938
1.08586
1.03916
1.06051
1.01832
1.04556
1.03637
1.04732
1.04746
1.01956
1.02114
1.0306
1.08478
1.09145
1.07706
1.01215
1.02844
1.01248
1.00333
1.08144
1.02139
1.07485
1.01811
1.05289
1.0662
1.02475
1.17311
1.07689
1.01066
1.02297
1.05179
1.08184
1.24979
1.01283
1.01819
1.02799
1.00469
1.09273
1.04273
1.22971
1.01788
1.01936
1.03643
1.00128
1.03572
1.03655
1.05562
1.00809
1.01625
1.01599
1.06424
1.06811
1.01782
1.08867
1.0849
1.05054
1.01473
1.01894
1.02945
1.03412
1.00719
1.00594
1.01191
1.02383
1.02394
1.08284
1.00822
1.0327
1.00847
1.013
1.02194
1.00337
1.01475
1.02517
1.08734
1.0525
1.02821
1.02036
1.11939
1.00298
1.0137
1.01389
1.00658
1.02658
1.00422
1.08074
1.00431
1.00131
1.0646
1.05953
1.0622
1.02765
1.01356
1.06861
1.02042
1.08723
1.01964
1.07102
1.01828
1.008
1.04228
1.0078
1.01324
1.05093
1.04293
1.20086
1.06358
1.06905
1.00665
1.06643
1.01444
1.05407
1.01737
1.03352
1.02051
1.03774
1.03011
1.05901
1.01315
1.02623
1.00458
1.05128
1.00943
1.01442
1.00348
1.04073
1.01455
1.00489
1.0379
1.02321
1.0081
1.03852
1.03715
1.00348
1.00125
1.01477
1.08038
1.02803
1.04804
1.00781
1.01203
1.00454
1.0423
1.06646
1.00765
1.02338
1.01969
1.02304
1.04428
1.00186
1.01494
1.06481
1.0194
1.03582
1.09104
1.06497
1.07029
1.03594
1.02321
1.08041
1.02073
1.00142
1.15389
1.0437
1.08003
1.00539
1.04998
1.01685
1.07742
1.02386
1.01703
1.15108
1.16776
1.05315
1.04213
1.05246
1.02139
1.03629
1.02446
1.00296
1.02676
1.00483
1.08558
1.13916
1.01132
1.06439
1.03129
1.01044
1.02532
1.00199
1.02792
1.01053
1.14297
1.05988
1.01906
1.04502
1.01267
1.01419
1.00585
1.05105
1.05174
1.03249
1.10669
1.01334
1.0477
1.09335
1.02259
1.00709
1.02239
1.01973
1.0251
1.07452
1.0516
1.03573
1.0257
1.04784
1.02528
1.01418
1.03102
1.10463
1.00332
1.05174
1.02506
1.03983
1.08548
1.0111
1.01226
1.00538
1.07548
1.05123
1.06309
1.06231
1.07382
1.05527
1.07435
1.04365
1.03326
1.04887
1.09858
1.00944
1.03498
1.04029
1.00736
1.02382
1.06601
1.04195
1.00242
1.04817
1.01994
1.10176
1
1.15667
1.01837
1.01243
1.01835
1.08102
1.05154
1.04545
1.01702
1.08571
1.03086
1.01443
1.08053
1.01576
1.07072
1.05196
1.10372
1.09218
1.03493
1.02479
1.09457
1.04952
1.06623
1.04406
1.02699
1.02038
1.029
1.02721
1.02668
1.01455
1.06968
1.00971
1.03221
1.03249
1.01218
1.06104
1.02067
1.00018
1.01374
1.0168
1.01132
1.08361
1.001
1.07956
1.02944
1.06919
1.01691
1.00792
1.00694
1.02451
1.07607
1.03332
1.08823
1.01063
1.02961
1.02089
1.01404
1.0302
1.07327
1.22476
1.01095
1.0398
1.07825
1.0191
1.0404
1.06336
1.02656
1.02768
1.10491
1.08511
1.02943
1.02479
1.03566
1.08195
1.0351
1.04355
1.03503
1.09053
1.09582
1.02793
1.07417
1.07205
1.01053
1.01978
1.00771
1.02504
1.03212
1.02124
1.00488
1.03863
1.00598
1.03752
1.01079
1.08009
1.00327
1.01467
1.05518
1.01685
1.02084
1.00481
1.02743
1.11714
1.01458
1.09432
1.01786
1.16347
1.00349
1.00713
1.04947
1.0005
1.00195
1.10848
1.00177
1.02301
1.01131
1.00522
1.08306
1.01406
1.02909
1.00076
1.06953
1.21035
1.08437
1.02984
1.04491
1.00099
1.04698
1.00756
1.07136
1.05239
1.01426
1.00167
1.02887
1.00721
1.13797
1.03694
1.00475
1.05185
1.06088
1.03096
1.06679
1.17542
1.02229
1.07157
1.03779
1.01489
1.00261
1.01646
1.0687
1.01458
1.02453
1.09164
1.0411
1.00122
1.01758
1.0175
1.05119
1.02384
1.0154
1.08869
1.05818
1.01008
1.07849
1.01762
1.03311
1.01182
1.07609
1.05702
1.00665
1.04699
1.0163
1.03177
1.01635
1.0251
1.12665
1.03736
1.04029
1.00374
1.04671
1.01271
1.00423
1.12536
1.08872
1.02814
1.02788
1.00268
1.03154
1.02449
1.02902
1.02391
1.01463
1.02854
1.07828
1.00149
1.05032
1.03006
1.03612
1.06394
1.09257
1.01892
1.00884
1.02372
1.09285
1.02099
1.03603
1.03302
