1.01084
1.02109
1.01052
1.00657
1.02518
1.08056
1.04672
1.00956
1.02014
1.03759
1.01333
1.00286
1.00542
1.05205
1.00223
1.03248
1.01019
1.05174
1.05548
1.06536
1.03462
1.00983
1.00439
1.00917
1.05324
1.07714
1.08222
1.08645
1.03281
1.00822
1.02953
1.01533
1.01101
1.02365
1.02823
1.01299
1.02491
1.03718
1.02629
1.02477
1.02019
1.01291
1.01306
1.04481
1.10802
1.08587
1.06034
1.07499
1.03118
1.00921
1.02052
1.02952
1.02083
1.01895
1.0399
1.01391
1.01608
1.00366
1.01892
1.03263
1.06219
1.08198
1.05846
1.01535
1.06821
1.02741
1.05377
1.07586
1.02436
1.06277
1.01104
1.03635
1.02354
1.02923
1.03179
1.02708
1.03101
1.03721
1.03504
1.08095
1.0356
1.03139
1.02413
1.01604
1.00362
1.08149
1.02143
1.02681
1.0069
1.02295
1.01825
1.03786
1.19437
1.13369
1.02918
1.01808
1.09931
1.02138
1.08548
1.02801
1.01289
1.03327
1.00655
1.00511
1.00197
1.01852
1.01313
1.04827
1.02134
1.03293
1.0367
1.07392
1.00267
1.02205
1.02183
1.11209
1.01756
1.02393
1.08267
1.03478
1.01878
1.02022
1.00645
1.01399
1.07354
1.08921
1.01778
1.08308
1.02576
1.00997
1.08517
1.03854
1.04396
1.0496
1.03758
1.05141
1.04128
1.00076
1.00768
1.03681
1.00304
1.00816
1.00604
1.09323
1.08005
1.003
1.01279
1.03322
1.08413
1.04421
1.01424
1.03616
1.03955
1.05535
1.07804
1.01666
1.01755
1.1001
1.07876
1.04532
1.00827
1.01247
1.11022
1.02844
1.079
1.00627
1.0226
1.01964
1.02224
1.01901
1.00508
1.0702
1.05234
1.04597
1.01263
1.01729
1.0544
1.03772
1.07338
1.01588
1.02478
1.02838
1.01606
1.02587
1.01936
1.01382
1.07301
1.16988
1.00314
1.01654
1.02681
1.0937
1.00808
1.01859
1.02834
1.06249
1.02733
1.00466
1.01728
1.02727
1.0162
1.03667
1.0423
1.04705
1.03128
1.12762
1.12598
1.00193
1.01124
1.00251
1.02334
1.03315
1.0035
1.0321
1.07005
1.07812
1.03314
1.02712
1.04301
1.02672
1.05197
1.051
1.007
1.01866
1.03506
1.06029
1.07991
1.0031
1.13556
1.13422
1.0642
1.06002
1.08827
1.03449
1.03036
1.0053
1.0317
1.05136
1.00475
1.00712
1.03139
1.02613
1.02532
1.02038
1.00592
1.0848
1.13216
1.00173
1.00061
1.00603
1.00239
1.0746
1.06242
1.0657
1.02557
1.0541
1.19612
1.0848
1.04689
1.05188
1.01082
1.01738
1.09557
1.01756
1.02322
1.05969
1.01316
1.01819
1.18115
1.03008
1.00889
1.01474
1.07166
1.03973
1.03794
1.01821
1.02207
1.01117
1.02764
1.0273
1.0203
1.04241
1.01607
1.00402
1.04616
1.18227
1.03325
1.10104
1.0025
1.00562
1.03419
1.02891
1.02534
1.00213
1.04227
1.07992
1.01004
1.08896
1.00026
1.00899
1.0203
1.02742
1.00921
1.03563
1.02156
1.05116
1.01979
1.0296
1.00209
1.01124
1.01178
1.02498
1.0191
1.12499
1.03697
1.01105
1.04061
1.00759
1.00575
1.08556
1.03164
1.09054
1.01975
1.03582
1.03476
1.02096
1.0179
1.0164
1.0108
1.03781
1.05257
1.06312
1.05016
1.07604
1.08989
1.02087
1.01664
1.18096
1.02221
1.04353
1.0677
1.01541
1.03687
1.0026
1.01071
1.0572
1.16266
1.04063
1.02471
1.01545
1.07405
1.02482
1.07726
1.03035
1.06059
1.00309
1.07893
1.01075
1.07166
1.01221
1.02185
1.01482
1.0472
1.00268
1.00414
1.01468
1.05492
1.03158
1.0029
1.08093
1.07833
1.03107
1.07555
1.00882
1.04433
1.01085
1.01001
1.00948
1.09495
1.03203
1.01103
1.0258
1.09201
1.00098
1.06976
1.01217
1.05603
1.01501
1.17042
1.04843
1.02864
1.06585
1.0206
1.05817
1.02169
1.03426
1.00913
1.01287
1.02772
1.02574
1.04407
1.03959
1.00746
1.015
1.07673
1.09054
1.01704
1.02971
1.00118
1.01532
1.01967
1.05861
1.05559
1.02246
1.06741
1.07593
1.01539
1.05347
1.03506
1.01636
1.03594
1.01348
1.10798
1.05135
1.04342
1.04301
1.05867
1.03779
1.04381
1.01907
1.01651
1.03356
1.02073
1.07086
1.03792
1.07629
1.01976
1.01226
1.01934
1.03098
1.00406
1.01433
1.04293
1.11516
1.01498
1.00184
1.02587
1.03146
1.02745
1.00328
1.02967
1.01304
1.01511
1.02074
1.03188
1.08579
1.01892
1.00059
1.00936
1.03498
1.03212
1.01709
1.04738
1.04756
1.02384
1.03576
1.05752
1.02681
1.09188
1.01145
1.06947
1.00434
1.11871
1.0113
1.04243
1.01954
1.02172
1.00788
1.03066
1.01027
1.04264
1.08599
1.01321
1.01769
1.1218
1.01557
1.0052
1.02864
1.03941
1.06592
1.02701
1.04702
1.01025
1.02531
1.03341
1.0828
1.02012
1.0299
1.02747
1.06454
1.01636
1.09534
1.05931
1.02322
1.05831
1.21742
1.0599
1.02899
1.12174
1.00525
1.07587
1.09272
1.01713
1.03397
1.02234
1.03036
1.00859
1.03735
1.00191
1.07623
1.07848
1.08692
1.10426
1.00478
1.04449
1.01613
1.02396
1.01302
1.0656
1.01889
1.0319
1.05894
1.01519
1.03609
1.00446
1.01721
1.03662
1.02803
1.08328
1.07744
1.03063
1.01601
1.03088
1.02241
1.00143
1.01473
1.01871
1.03893
1.02445
1.00407
1.00312
1.02701
1.05775
1.03995
1.03994
1.00331
1.04474
1.0228
1.05554
1.01757
1.0156
1.02455
1.01743
1.0478
1.01665
1.05961
1.02647
1.03703
1.00115
1.00611
1.02175
1.07048
1.07023
1.02132
1.02629
1.01673
1.00316
1.02264
1.00658
1.03668
1.02296
1.0052
1.06317
1.02282
1.14585
1.06285
1.01703
1.08878
1.00504
1.00991
1.04791
1.01491
1.01671
1.01899
1.03167
1.03299
1.01015
1.05558
1.01728
1.01833
1.03786
1.02946
1.1106
1.03469
1.02121
1.02279
1.00474
1.05434
1.06872
1.01608
1.01099
1.03744
1.0235
1.02018
1.01803
1.05143
1.0129
1.02069
1.03673
1.06712
1.00177
1.02229
1.02409
1.05423
1.03803
1.00354
1.07733
1.01571
1.00524
1.0541
1.09115
1.03157
1.0315
1.02897
1.02273
1.02502
1.00448
1.01904
1.02779
1.02285
1.01141
1.01623
1.06731
1.03119
1.0042
1.02595
1.03256
1.00672
1.0193
1.01083
1.05343
1.00257
1.11809
1.1004
1.0304
1.02609
1.00612
1.08718
1.25783
1.02329
1.0265
1.01186
1.04908
1.00746
1.02746
1.00985
1.01481
1.08951
1.00251
1.01725
1.01032
1.00956
1.00521
1.03573
1.08309
1.01493
1.01389
1.01806
1.03077
1.01613
1.07702
1.04242
1.09274
1.01052
1.01877
1.02321
1.03221
1.0096
1.02467
1.00754
1.03338
1.02757
1.02924
1.12128
1.03278
1.02231
1.25877
1.03135
1.04204
1.02845
1.01977
1.00648
1.0112
1.0544
1.04222
1.01713
1.00539
1.07447
1.05516
1.07813
1.03543
1.00855
1.03741
1.01167
1.00975
1.05499
1.07987
1.18215
1.03223
1.08619
1.02395
1.02427
1.11206
1.01206
1.01925
1.05443
1.00584
1.03678
1.01409
1.00204
1.16479
1.03754
1.00597
1.01204
1.00464
1.01744
1.0025
1.06034
1.00624
1.00143
1.08288
1.03538
1.00354
1.02039
1.11704
1.07466
1.02542
1.01025
1.02651
1.06326
1.02949
1.01402
1.01412
1.01872
1.03861
1.01534
1.0302
1.016
1.09122
1.01171
1.00436
1.19924
1.00015
1.13392
1.10529
1.01532
1.03256
1.00184
1.00811
1.03326
1.01957
1.00231
1.00031
1.03631
1.01038
1.03509
1.12513
1.00698
1.03381
1.01117
1.03069
1.0037
1.01582
1.00132
1.00808
1.02517
1.00039
1.01894
1.0059
1.01128
1.04475
1.21211
1.02639
1.05242
1.02176
1.01677
1.06178
1.02402
1.08668
1.01463
1.00077
1.0365
1.02384
1.00258
1.02473
1.00612
1.00337
1.04523
1.08998
1.06024
1.08447
1.10599
1.02361
1.01829
1.00097
1.05403
1.04128
1.01708
1.10078
1.01561
1.02582
1.01802
1.07823
1.02156
1.08654
1.01223
1.00281
1.01468
1.00471
1.01035
1.01128
1.01402
1.02386
1.01156
1.03774
1.06404
1.00922
1.03428
1.01727
1.00771
1.00679
1.06877
1.07694
1.07137
1.00712
1.09349
1.02885
1.02681
1.02696
1.02143
1.02714
1.01595
1.03382
1.01228
1.01785
1.00143
1.03239
1.06734
0.999981
1.03573
1.02326
1.02833
1.04648
1.19231
1.04167
1.06551
1.03546
1.00866
1.03838
1.02586
1.10108
1.09463
1.00059
1.03136
1.05325
1.09238
1.00182
1.06206
1.00463
1.08532
1.01474
1.04523
1.03554
1.03181
1.03688
1.01755
1.0747
1.0744
1.04302
1.0197
1.00731
1.02019
1.0221
1.03708
1.00556
1.0915
1.03141
1.08509
1.00898
1.00126
1.06043
1.109
1.01661
1.03322
1.13242
1.02092
1.00692
1.01158
1.02891
1.02994
1.01967
1.01277
1.05478
1.00294
1.02773
1.01335
1.01582
1.00075
1.04185
1.02007
1.02489
1.00851
1.11377
1.03413
1.02524
1.07744
1.02114
1.04227
1.03171
1.06735
1.07993
1.03564
1.01446
1.05678
1.0949
1.03868
1.05783
1.05504
1.01824
1.13128
1.03714
1.02709
1.06522
1.02068
1.01775
1.02783
1.00958
1.02981
1.03003
1.02606
1.0203
1.16423
1.04695
1.17016
1.02546
1.04274
1.05051
1.03027
1.06529
1.0237
1.02024
1.0374
1.00163
1.01706
1.04695
1.02039
1.00867
1.09236
1.03111
1.05458
1.09242
1.03245
1.01318
1.01487
1.0444
1.01082
1.03458
1.02988
1.0392
1.1745
1.00853
1.02585
1.04487
1.02093
1.00139
1.0418
1.04203
1.02036
1.09636
1.03921
1.07768
1.02022
1.06494
1.05018
1.0267
1.00879
1.00908
1.01246
1.03824
1.02098
