1.11166
1.03078
1.04193
1.01763
1.03496
1.01759
1.11093
1.02543
1.00789
1.05873
1.15729
1.02287
1.00121
1.01374
1.01174
1.01226
1.02065
1.0435
1.00141
1.1005
1.01777
1.08125
1.04149
1.02459
1.0535
1.02538
1.14539
1.01628
1.02163
1.01564
1.0479
1.0047
1.01666
1.01727
1.01389
1.02437
1.0678
1.03144
1.06047
1.01741
1.01389
1.09039
1.05662
1.16403
1.01463
1.07139
1.02692
1.02471
1.04487
1.00958
1.01633
1.01266
1.05404
1.01258
1.00872
1.06749
1.10862
1.05862
1.0172
1.03176
1.01077
1.01389
1.01038
1.05371
1.00206
1.05047
1.01226
1.00075
1.02684
1.03115
1.03274
1.0871
1.02549
1.00077
1.03712
1.07404
1.00135
1.0153
1.02303
1.01327
1.02056
1.02364
1.04
1.031
1.06326
1.00597
1.0048
1.03022
1.01998
1.01539
1.03727
1.01873
1.00285
1.08466
1.01632
1.02164
1.02275
1.00105
1.00866
1.04243
1.12303
1.03001
1.0191
1.01346
1.22946
1.03204
1.02215
1.02417
1.08663
1.01807
1.05949
1.02929
1.00233
1.0019
1.01275
1.06523
1.02831
1.03501
1.07023
1.02831
1.01812
1.07812
1.02112
1.01954
1.09131
1.04532
1.06049
1.04063
1.00734
1.01125
1.07084
1.00595
1.07678
1.01652
1.02733
1.01896
1.05765
1.11763
1.03789
1.02239
1.01431
1.03971
1.0178
1.02246
1.00852
1.00014
1.01218
1.01887
1.03652
1.04136
1.00199
1.00245
1.00949
1.01272
1.00617
1.00211
1.02613
1.04617
1.00217
1.01849
1.08647
1.07976
1.05001
1.0736
1.07533
1.01118
1.10668
1.07255
1.01739
1.04327
1.0254
1.02909
1.02856
1.03923
1.0263
1.0145
1.01855
1.06535
1.03128
1.02757
1.02514
1.01251
1.00406
1.04408
1.01221
1.03
1.00666
1.03436
1.04696
1.03068
1.05591
1.02894
1.14961
1.02844
1.00269
1.10612
1.01151
1.05834
1.01225
1.03982
1.00831
1.03142
1.03294
1.01657
1.03205
1.07243
1.0377
1.0059
1.06755
1.05971
1.07642
1.03138
1.02847
1.02855
1.02331
1.03063
1.01831
1.01465
1.00618
1.01158
1.09758
1.01106
1.01498
1.0079
1.04209
1.00932
1.13692
1.04088
1.05348
1.04487
1.00797
1.02111
1.01181
1.00941
1.00334
1.00687
1.04556
1.04766
1.03296
1.02102
1.0062
1.03528
1.03814
1.14214
1.02959
1.0125
1.01009
1.02753
1.0151
1.01821
1.19192
1.02834
1.1225
1.01307
1.02853
1.06544
1.04123
1.02472
1.06593
1.01804
1.02736
1.01028
1.01354
1.10153
1.01171
1.077
1.03481
1.06648
1.04966
1.01955
1.04037
1.01337
1.08189
1.05336
1.03664
1.00479
1.05064
1.0146
1.03791
1.05183
1.02392
1.03084
1.06211
1.09584
1.01802
1.0282
1.06354
1.03016
1.04438
1.02807
1.03405
1.13854
1.04966
1.06158
1.02816
1.01177
1.01244
1.02049
1.06998
1.00373
1.07933
1.08861
1.01461
1.02734
1.02986
1.02177
1.02604
1.02231
1.02507
1.03637
1.02777
1.08674
1.03951
1.04161
1.02882
1.01722
1.1123
1.04294
1.01402
1.01389
1.1616
1.01752
1.14916
1.10209
1.01192
1.0839
1.04569
1.02357
1.05163
1.0477
1.00873
1.01894
1.00216
1.03812
1.06987
1.00868
1.00125
1.0615
1.02497
1.02882
1.04919
1.0053
1.01441
1.01068
1.0385
1.00056
1.00856
1.12015
1.02936
1.02553
1.02409
1.05208
1.0203
1.05149
1.0431
1.01955
1.05057
1.03265
1.02363
1.03557
1.00607
1.01104
1.0248
1.10943
1.01731
1.01507
1.03707
1.03304
1.06229
1.0079
1.04346
1.02443
1.09566
1.00494
1.02276
1.00132
1.00451
1.02163
1.03328
1.03088
1.02502
1.00648
1.02475
1.02023
1.01413
1.02724
1.05655
1.09415
1.00428
1.00241
1.05125
1.02435
1.01684
1.03714
1.04389
1.0117
1.038
1.01427
1.00798
1.08377
1.0289
1.01947
1.04634
1.00816
1.02093
1.04567
1.03406
1.03394
1.07172
1.08332
1.02914
1.05964
1.03626
1.02039
1.01305
1.02081
1.0208
1.01388
1.00066
1.01976
1.00932
1.05161
1.02572
1.01781
1.0245
1.01881
1.00743
1.00092
1.0147
1.00438
1.0145
1.11147
1.02787
1.07673
1.04842
1.02214
1.00903
1.03889
1.00439
1.01117
1.00799
1.14368
1.17607
1.01684
1.02195
1.03063
1.06677
1.05756
1.03879
1.00877
1.02429
1.03172
1.00243
1.02621
1.02129
1.06631
1.01973
1.02115
1.06884
1.06684
1.05924
1.09394
1.07159
1.06288
1.01039
1.02863
1.10969
1.02551
1.01534
1.00983
1.04203
1.00796
1.01745
1.04973
1.09275
1.00897
1.02105
1.02582
1.04695
1.01681
1.02397
1.10418
1.02725
1.11509
1.01884
1.09621
1.15082
1.0281
1.02682
1.00305
1.04121
1.03974
1.07007
1.19038
1.00197
1.03827
1.02887
1.08892
1.04849
1.07783
1.0247
1.00551
1.02309
1.0221
1.02613
1.0314
1.06626
1.04394
1.03369
1.03652
1.03049
1.06943
1.05266
1.00974
1.03347
1.04917
1.01779
1.0476
1.01189
1.02518
1.00226
1.00343
1.00477
1.01443
1.04919
1.01333
1.09477
1.01305
1.03843
1.02715
1.04894
1.01918
1.10519
1.00585
1.02139
1.04351
1.04716
1.11866
1.01315
1.09141
1.01893
1.006
1.01717
1.00478
1.01608
1.08472
1.01373
1.07491
1.01375
1.05782
1.0074
1.05805
1.08701
1.04225
1.08601
1.05717
1.06752
1.02573
1.00812
1.02531
1.04314
1.03179
1.03022
1.05412
1.01005
1.05822
1.03845
1.00088
1.02735
1.04299
1.02401
1.05337
1.02502
1.00722
1.06636
1.01231
1.01788
1.00538
1.0289
1.04032
1.04321
1.00109
1.06864
1.0792
1.079
1.08529
1.03809
1.03769
1.03489
1.00596
1.02095
1.04395
1.03279
1.01939
1.03263
1.01833
1.04166
1.06296
1.00368
1.04245
1.00855
1.05463
1.04928
1.07047
1.01062
1.02979
1.02902
1.01434
1.07703
1.03985
1.07962
1.02437
1.00627
1.01961
1.06345
1.03066
1.01657
1.0223
1.00368
1.08605
1.04021
1.02849
1.03821
1.036
1.0094
1.09597
1.00104
1.01288
1.02364
1.00188
1.01407
1.00795
1.03942
1.02695
1.01702
1.03764
1.01286
1.02033
1.0372
1.06317
1.00708
1.01534
1.04468
1.02218
1.04155
1.00062
1.22213
1.01416
1.03864
1.02239
1.0206
1.03731
1.03925
1.04
1.0283
1.03649
1.00783
1.02311
1.00434
1.0319
1.06411
1.00202
1.00783
1.02107
1.0361
1.0572
1.01368
1.04072
1.0323
1.02489
1.01588
1.0252
1.01712
1.1215
1.02468
1.11649
1.0095
1.00098
1.00626
1.02597
1.01984
1.0066
1.0111
1.03164
1.02165
1.04483
1.07602
1.00073
1.15332
1.09548
1.10072
1.10557
1.03087
1.01189
1.07992
1.03235
1.10075
1.03168
1.02659
1.03654
1.06619
1.01319
1.01122
1.0338
1.0085
1.00859
1.03217
1.02266
1.04761
1.02847
1.00595
1.00414
1.04976
1.00614
1.01152
1.01664
1.09404
1.00746
1.09482
1.00158
1.05968
1.06731
1.02034
1.06225
1.06244
1.0841
1.08253
1.0815
1.01693
1.06129
1.01237
1.03203
1.04012
1.02043
1.01021
1.09625
1.16282
1.07602
1.00653
1.00942
1.04091
1.01498
1.02515
1.09625
1.0094
1.02075
1.00375
1.06652
1.00288
1.01024
1.00118
1.00353
1.09081
1.0222
1.0707
1.00731
1.03829
1.01265
1.02585
1.08025
1.07918
1.03723
1.0341
1.00713
1.01764
1.0504
1.02137
1.03593
1.01186
1.02994
1.03315
1.04116
1.04665
1.07903
1.0044
1.15442
1.00908
1.06528
1.00289
1.00311
1.0314
1.05361
1.01356
1.08378
1.06107
1.09171
1.02508
1.01377
1.03334
1.07881
1.0387
1.04392
1.01346
1.1346
1.07323
1.01303
1.01131
1.01675
1.01731
1.0354
1.0224
1.01407
1.00337
1.03341
1.00278
1.01457
1.01373
1.03207
1.03282
1.15061
1.01658
1.03706
1.01822
1.09266
1.06675
1.05065
1.07358
1.02927
1.01332
1.06186
1.03476
1.02162
1.06527
1.0357
1.02239
1.02009
1.03101
1.05654
1.05859
1.03255
1.01226
1.00469
1.03744
1.01005
1.00777
1.06415
1.02854
1.02282
1.02364
1.00894
1.00933
1.00623
1.09259
1.01132
1.03172
1.05638
1.06803
1.0227
1.01892
1.03095
1.02444
1.02221
1.03522
1.01763
1.00224
1.03134
1.0513
1.0335
1.00677
1.00118
1.0569
1.06191
1.02277
1.04074
1.04372
1.10997
1.00854
1.02673
1.03558
1.06404
1.01654
1.03832
1.02718
1.02916
1.01735
1.00662
1.04866
1.03795
1.0077
1.01368
1.052
1.01899
1.06683
1.04555
1.00611
1.07395
1.01786
1.02529
1.00954
1.02383
1.05291
1.00391
1.0132
1.03498
1.16349
1.00179
1.01096
1.04815
1.03709
1.08816
1.02581
1.06084
1.02706
1.00451
1.00828
1.04151
1.03915
1.05582
1.01833
1.01516
1.03736
1.0089
1.0053
1.07055
1.01802
1.01608
1.05262
1.00697
1.02713
1.00302
1.03029
1.01694
1.00647
1.00585
1.05382
1.01717
1.01535
1.0608
1.0563
1.09075
1.06442
1.17143
1.01605
1.01987
1.05426
1.02921
1.05564
1.0121
1.01334
1.03539
1.12589
1.01536
1.01039
1.01113
1.15039
1.01827
1.10941
1.0236
1.01812
1.00352
1.09297
1.00325
1.00681
1.01666
1.00907
1.01911
1.0472
1.00628
1.09055
1.04696
1.09037
1.03937
1.06906
1.02194
1.03201
1.05143
1.01004
1.05657
1.0493
1.00567
1.0336
1.02306
1.04669
1.03437
1.01894
1.00225
1.01171
1.05365
1.00981
1.01529
1.01621
1.02957
1.03
1.01199
1.01787
1.02846
1.02573
1.00935
1.016
1.04806
1.0133
1.00266
1.04639
1.11234
1.02282
1.04816
1.20392
1.09395
1.00437
1.00325
