340
266
271
303
252
217
311
343
240
305
340
230
252
299
255
193
215
332
223
342
268
239
398
179
297
207
263
277
294
270
204
268
315
247
223
241
208
193
218
293
347
221
281
237
249
348
189
341
224
444
186
299
305
382
254
240
354
238
206
219
291
183
424
241
340
331
246
226
352
289
265
304
258
365
299
357
256
292
320
209
312
359
213
211
310
225
218
318
296
163
273
232
484
236
484
243
356
284
331
201
291
228
440
179
360
232
313
326
223
271
269
253
393
220
299
290
259
247
270
243
246
244
333
278
309
297
204
343
380
216
229
383
212
326
277
275
265
373
243
194
281
371
267
273
374
242
266
247
228
313
216
203
297
240
326
256
182
249
283
435
307
305
327
277
234
242
226
330
235
194
255
239
273
307
289
207
254
263
232
267
218
337
225
165
396
248
260
302
236
325
346
176
179
258
271
282
225
236
205
283
327
290
414
327
226
174
367
246
326
204
159
226
247
242
291
320
328
199
353
231
219
327
291
251
229
277
217
258
157
324
282
296
171
284
324
207
316
253
271
389
274
413
236
286
258
268
254
215
290
262
320
265
253
236
398
298
309
303
299
262
319
329
332
305
326
368
351
239
310
172
404
196
213
287
308
257
265
237
310
187
258
263
241
251
233
345
280
278
336
219
388
255
246
313
188
256
382
301
212
345
214
310
237
298
325
196
377
298
355
205
346
208
330
235
202
281
249
339
250
223
355
254
368
251
405
239
338
238
235
209
395
316
224
213
314
292
246
387
264
213
324
275
175
244
222
300
254
235
281
281
285
309
240
239
278
252
317
188
202
309
269
241
219
260
291
385
334
349
273
311
226
263
263
258
213
347
397
251
300
326
400
271
206
249
296
266
280
214
242
215
234
319
308
304
330
335
339
347
224
212
245
237
286
223
212
353
256
340
212
242
359
331
350
324
300
437
236
268
330
284
340
197
258
289
241
240
343
391
243
386
322
285
246
283
221
224
206
214
246
188
292
290
314
264
294
250
307
334
251
365
250
230
251
302
357
280
294
294
226
240
332
301
251
274
219
308
232
304
255
313
298
305
357
278
254
330
316
209
260
310
288
212
338
302
193
211
338
223
327
235
291
194
321
219
305
344
222
194
320
376
291
297
260
248
330
252
295
242
247
259
244
288
223
268
272
289
297
281
350
242
210
240
184
297
188
301
238
316
184
295
227
242
301
286
215
301
204
260
285
270
265
388
336
290
202
371
262
265
306
180
168
228
296
332
377
365
363
257
280
231
56
293
282
296
223
179
256
335
275
253
297
275
218
201
210
197
292
221
179
214
218
198
225
257
246
328
351
346
237
267
294
281
326
331
346
265
189
338
227
329
387
191
265
193
251
291
195
393
326
270
208
230
283
351
268
321
248
315
378
344
277
469
292
256
258
322
211
334
374
373
241
318
290
350
188
248
238
195
221
217
326
262
243
275
210
288
250
363
319
248
224
241
208
256
349
285
238
299
361
140
247
202
271
303
183
276
216
247
369
277
236
189
214
331
317
245
225
308
283
295
228
257
303
216
336
179
360
261
243
240
349
437
225
346
274
201
215
265
264
326
187
251
236
253
273
257
383
274
278
188
378
303
249
373
217
314
268
342
313
359
291
359
300
315
262
254
335
310
263
246
341
218
233
200
348
185
278
215
203
294
337
202
296
265
392
326
276
397
279
201
283
227
406
231
334
199
240
303
310
286
298
276
299
309
299
280
250
307
224
230
234
223
257
309
216
204
277
262
418
302
311
238
320
302
210
250
329
432
263
310
194
253
291
283
228
229
430
314
215
226
235
254
238
295
232
242
274
293
212
228
261
182
244
247
344
395
303
222
265
279
300
314
192
252
314
274
258
308
254
405
329
249
221
253
283
258
229
279
381
232
312
220
260
195
191
220
295
329
229
338
247
306
383
311
205
297
289
280
362
320
287
210
317
302
260
269
325
379
320
262
272
289
375
364
298
253
258
208
363
261
267
322
242
322
311
302
351
303
264
340
270
345
267
300
194
278
207
295
269
413
329
196
166
366
382
368
251
324
314
253
276
257
238
293
293
371
198
212
263
362
389
252
326
243
205
232
169
373
250
205
241
270
327
248
212
485
229
242
220
282
185
370
209
250
273
270
261
218
263
230
257
312
287
261
336
318
222
343
294
237
299
444
311
155
276
199
269
370
283
312
247
271
270
241
311
305
295
346
263
265
210
199
238
398
302
344
360
258
262
318
389
248
321
426
232
228
357
373
271
204
332
375
217
490
202
391
341
348
351
458
321
144
147
188
226
221
169
249
235
348
169
318
251
237
368
198
155
397
221
382
186
275
335
194
238
251
221
146
318
123
305
276
267
409
236
190
421
334
165
184
525
248
170
273
114
315
137
257
334
285
283
341
150
234
288
368
284
223
217
343
300
128
429
241
248
277
155
283
138
224
271
451
359
150
272
127
303
198
145
136
139
106
270
206
323
130
321
117
157
207
156
198
226
323
357
398
87
254
149
261
154
151
207
351
212
426
106
416
286
234
266
174
208
171
192
112
136
188
410
263
194
294
139
173
361
144
184
316
180
147
175
161
246
231
311
465
350
154
118
141
116
486
253
234
291
146
318
355
277
286
213
319
315
224
186
146
168
314
167
123
135
254
170
357
278
265
365
297
381
319
231
350
249
128
137
182
349
203
288
206
305
174
372
282
337
305
308
354
175
330
115
362
201
161
224
395
393
178
97
251
393
145
437
175
135
276
287
238
338
69
255
258
208
321
337
246
296
126
189
169
287
277
175
267
180
154
198
347
167
202
207
377
314
255
310
199
355
253
197
222
287
280
197
256
338
270
257
292
211
245
359
190
291
324
203
296
196
370
226
262
169
324
77
156
200
177
158
266
180
97
294
240
309
266
290
137
386
268
305
163
128
266
148
341
227
265
154
224
169
338
309
308
157
184
407
287
131
309
226
254
265
131
376
208
288
323
240
121
113
175
284
408
87
116
329
226
447
378
131
357
200
404
200
229
255
352
313
170
148
170
127
334
215
266
379
102
171
341
252
167
198
374
245
194
170
408
137
113
262
273
223
349
196
177
151
289
470
154
186
213
367
291
315
218
324
125
187
233
285
285
258
190
177
193
287
165
250
248
193
202
142
327
164
235
336
188
133
173
307
225
169
127
166
147
166
222
159
151
311
296
136
225
223
155
421
356
234
259
156
316
98
263
183
478
188
137
249
289
209
259
367
324
282
239
146
116
418
306
217
160
271
215
160
154
448
146
463
343
158
422
208
248
105
240
334
370
227
336
206
176
169
154
106
228
263
113
118
178
165
325
257
260
180
430
243
294
239
128
184
251
306
126
150
238
343
333
323
197
273
384
269
218
278
316
276
456
167
368
401
277
305
337
309
324
179
154
166
186
89
342
172
267
244
211
247
175
225
117
307
333
248
107
106
186
165
305
416
244
281
185
237
146
224
147
211
289
359
222
301
286
215
171
330
417
177
226
179
249
220
243
163
422
146
414
328
161
169
151
240
345
80
189
170
258
147
224
271
178
318
355
227
158
277
135
146
244
179
329
150
221
262
253
350
445
211
138
287
162
270
146
105
183
148
207
282
238
174
373
134
389
232
177
211
119
231
97
184
313
282
239
406
197
126
239
353
147
185
364
142
335
273
324
248
141
167
246
211
239
248
328
293
137
226
87
229
135
260
232
145
126
186
244
166
185
263
127
253
208
127
263
165
154
316
180
266
170
178
395
428
328
504
157
253
184
184
234
460
300
121
183
226
232
58
130
156
237
394
251
260
195
330
317
307
168
282
186
196
398
347
285
309
418
322
189
232
322
167
127
137
220
146
238
152
187
96
173
176
323
129
186
137
149
115
149
216
237
86
301
183
308
205
300
159
115
194
205
301
277
249
351
207
137
249
247
323
166
259
419
148
268
189
204
176
299
184
100
308
158
138
216
145
166
312
240
138
145
77
320
207
243
318
211
217
253
197
241
327
214
213
194
282
115
323
147
181
157
115
281
223
147
342
167
275
357
180
271
271
361
224
178
271
183
327
293
240
100
132
119
240
248
226
215
197
267
215
232
179
305
263
281
240
370
264
252
127
267
187
190
267
303
261
277
85
374
161
317
403
193
160
333
193
263
238
211
387
356
444
146
229
201
398
178
87
117
266
136
119
260
235
280
281
353
256
159
305
166
175
224
106
328
216
167
158
404
254
261
290
201
277
379
211
429
282
158
265
158
229
224
216
197
268
209
178
239
250
332
203
409
186
387
165
226
175
209
254
135
426
178
96
138
155
201
360
239
278
227
301
137
255
395
352
267
177
171
322
398
266
161
197
295
164
163
350
258
265
280
293
282
183
314
285
128
306
107
449
229
311
295
161
341
308
372
105
221
156
375
282
148
311
147
136
335
184
180
276
229
192
138
337
336
226
99
292
220
146
301
330
145
194
207
227
231
250
116
389
160
337
283
324
176
156
159
268
197
391
204
357
113
229
198
194
100
374
351
177
272
287
191
171
250
