233
327
268
294
316
269
274
289
302
205
439
280
281
263
336
248
334
276
194
257
213
275
237
262
376
313
304
257
349
263
343
257
370
318
322
325
298
231
272
301
367
342
314
276
294
277
281
399
319
248
274
292
375
483
302
247
279
360
349
303
296
226
288
279
338
297
307
218
334
247
293
255
266
323
285
331
255
379
278
294
629
287
268
313
331
361
296
337
331
334
250
342
298
399
289
305
362
368
346
288
331
361
228
257
360
235
258
306
306
273
219
297
274
316
218
290
289
276
350
285
411
281
322
282
298
281
307
260
265
248
270
389
277
231
341
242
318
286
304
229
307
319
212
275
465
380
388
283
364
319
309
258
296
291
231
291
273
216
239
239
334
290
394
273
342
377
402
218
217
247
308
339
240
233
426
285
262
298
312
310
293
273
322
256
329
257
248
270
309
275
307
316
277
227
339
325
281
305
314
252
244
259
340
288
262
293
285
299
369
248
286
317
284
386
291
233
326
272
260
255
243
314
330
331
347
351
319
320
408
340
289
363
411
472
293
336
291
311
314
260
383
322
296
273
314
237
283
241
238
277
333
313
365
297
336
339
286
303
224
226
345
322
356
273
376
274
289
279
257
285
317
332
299
268
494
351
410
279
357
245
390
337
282
286
286
258
254
275
424
223
199
334
286
276
275
216
364
345
240
303
370
300
308
329
358
228
243
374
364
232
305
336
313
241
241
272
379
237
329
367
366
440
247
235
249
283
346
265
344
265
293
346
332
313
360
193
263
279
257
252
303
249
287
332
347
270
286
245
260
412
309
280
198
305
246
298
289
539
226
301
284
267
581
330
267
315
295
282
315
270
279
261
219
330
390
309
341
366
351
384
293
284
312
335
331
334
271
263
313
248
296
239
256
215
264
252
237
328
322
193
361
293
290
267
258
324
361
335
299
367
340
333
264
306
276
443
288
254
292
254
347
360
316
314
309
297
327
259
291
227
283
317
347
270
327
249
349
286
251
235
304
275
228
402
307
257
367
300
290
276
294
346
318
209
320
302
305
237
298
282
307
243
296
285
338
365
336
358
266
250
263
291
280
250
266
357
289
336
251
210
292
262
297
213
234
268
259
260
260
212
285
360
293
243
307
288
269
302
298
286
299
294
259
367
267
339
294
316
317
326
307
362
326
278
365
211
309
282
318
260
377
394
361
246
265
330
424
368
289
282
261
302
271
306
334
241
362
361
314
296
353
273
322
260
420
303
247
381
244
321
268
313
346
272
272
472
279
420
260
214
282
317
253
253
342
320
254
326
272
265
298
299
258
341
275
324
256
292
293
289
361
254
239
208
305
291
249
350
324
233
358
352
285
304
346
285
310
267
306
288
241
214
302
271
261
295
287
293
266
260
254
339
340
344
400
326
287
372
313
329
286
373
384
247
301
319
303
287
238
369
297
214
328
314
258
327
249
337
282
332
320
272
294
365
321
242
306
274
243
295
275
303
302
275
313
273
229
272
268
288
272
326
287
363
308
280
261
379
235
228
355
318
249
351
300
290
212
328
320
362
288
309
327
299
292
198
398
330
337
367
250
363
254
279
327
283
320
276
260
185
356
202
271
308
199
275
309
242
251
289
320
359
274
220
205
235
307
308
354
308
286
330
354
315
238
307
232
288
242
301
223
286
304
240
288
317
339
312
309
346
275
345
222
259
251
287
240
282
315
295
279
322
325
358
257
332
374
307
278
278
345
290
371
310
386
266
257
268
343
326
296
306
263
287
231
349
290
254
328
304
262
208
313
296
169
222
257
317
372
291
300
269
241
358
305
265
268
277
346
297
333
263
364
524
286
295
327
264
275
267
326
336
339
293
229
251
330
302
315
284
300
348
263
286
297
254
288
273
295
231
234
292
360
356
297
311
368
299
268
292
279
263
231
366
251
255
255
309
295
278
293
247
259
190
244
250
313
269
320
238
216
297
262
325
260
346
255
250
312
287
277
295
282
235
303
242
276
309
323
257
278
351
421
408
299
258
251
339
312
364
349
240
271
312
257
264
239
274
296
334
327
308
305
285
220
274
338
264
246
280
211
245
325
261
296
309
307
322
331
262
372
330
524
305
342
281
276
266
363
276
221
301
330
318
304
218
336
250
378
355
383
226
264
312
315
496
308
285
330
395
330
265
329
264
301
268
352
224
320
242
251
254
320
328
291
241
381
240
313
277
227
257
247
359
300
260
496
315
225
282
260
291
349
299
278
259
279
319
290
295
241
281
337
309
241
378
262
468
444
334
1025
1110
1205
1200
718
957
1343
708
1230
1180
1020
718
1152
1716
703
826
636
562
833
753
827
964
653
972
920
848
719
1051
669
1103
1152
1227
888
787
1782
818
449
1247
631
1509
1052
1423
1327
1377
547
957
894
1182
1374
807
910
1009
1228
1278
1109
989
1210
661
1228
718
1340
824
722
922
983
820
1111
693
1069
1125
671
1172
1053
1305
1379
1439
1120
936
1095
885
1126
657
565
1169
779
1408
1317
1159
688
800
810
1120
894
722
774
1495
814
1115
770
763
1058
999
1021
1615
1162
1248
858
673
836
694
865
1276
706
1020
1630
553
490
685
1264
1370
871
735
1357
1207
1023
1282
769
423
932
977
884
903
639
933
1083
1111
1580
1353
962
556
1146
1140
898
1111
1445
812
1148
1232
850
1176
645
1134
1532
1197
913
967
748
704
1122
770
792
1207
1591
865
889
1222
1737
665
1215
710
1198
1035
571
1360
1486
982
682
957
964
1373
878
624
822
774
1276
1184
1179
846
1349
1696
1655
867
1425
740
660
887
1281
885
1059
691
1145
1195
1389
757
981
966
878
1123
1656
1499
974
1058
885
918
636
890
832
1009
582
1134
790
1433
721
949
1118
1313
729
1392
1023
1338
956
1095
833
1166
482
1064
1121
1067
857
1091
1033
1562
732
831
832
807
863
1029
767
1067
980
1574
697
721
954
688
943
705
1403
590
1253
1333
1082
705
1115
1536
657
898
1166
436
1315
1519
761
956
1164
876
1458
1017
1168
714
842
1464
1424
847
1219
870
971
1113
795
398
1213
505
668
1245
1348
827
878
935
608
935
1208
1175
810
744
1086
1231
560
1148
574
1432
1152
1550
1098
1095
594
993
791
1082
1644
984
1041
1240
751
1060
765
604
1030
522
954
1009
700
1357
595
962
1410
680
1239
894
928
703
948
645
1121
633
1450
1041
968
1427
936
973
610
943
652
788
862
1280
1047
1309
762
1414
1313
899
1225
1111
662
1210
822
1418
519
819
1396
1790
1247
973
1317
850
765
794
1217
952
679
629
1295
1614
1444
1066
796
728
637
1122
1021
1280
979
697
894
561
1336
1052
1186
626
1167
945
899
1309
746
781
832
629
1197
1111
923
1293
1184
773
1114
1122
1398
1123
612
1003
1420
1252
910
835
1073
929
1148
1074
935
927
1249
501
944
1106
1379
1012
1400
1213
1218
980
712
846
816
897
720
1320
844
713
1307
778
976
987
1368
536
1204
466
1083
674
554
920
650
607
688
931
782
1050
659
787
1159
691
938
979
335
674
822
1301
578
1412
582
1136
906
1090
858
851
1094
1103
1311
690
1082
830
863
1053
893
1469
867
520
1544
1256
1164
1194
1085
1475
990
1261
892
792
620
1057
972
1535
362
1076
1019
794
1108
648
962
713
994
848
969
1259
978
925
1150
1332
833
800
1148
964
1212
1070
1224
1213
722
1082
1304
867
954
791
960
439
1209
971
1229
651
861
1123
1179
888
823
1436
955
1045
990
1064
486
890
1493
919
1042
535
601
804
1669
848
919
794
945
1127
762
618
1259
1280
940
1125
941
567
842
1026
760
1435
989
701
863
698
1245
1064
846
834
1076
701
1023
982
1070
874
571
1303
620
428
1019
1069
850
862
1141
1141
1234
1134
1248
976
1288
1119
797
1723
1236
1007
1164
889
921
1089
1390
999
1181
948
1030
1136
546
832
1128
1128
844
632
1773
1457
1122
1154
1321
1252
1268
1166
520
1239
1428
1251
1097
1335
1715
1023
940
944
741
891
1144
562
876
954
1383
894
849
1204
1223
965
761
1037
1416
1108
769
667
887
1194
733
1067
668
1177
879
987
626
877
634
906
948
1017
903
540
1394
668
1102
1444
560
1311
1482
1351
1111
776
386
820
1090
746
1047
685
1163
994
1266
781
1250
728
611
1378
1108
1549
990
839
1307
767
704
1091
1037
475
562
850
906
906
1265
1207
443
1326
1352
703
561
774
1171
1435
463
1085
1249
1367
921
996
900
757
645
1211
1034
1246
1258
1274
1038
1360
1223
1173
727
841
585
1036
1132
918
1022
737
1087
988
549
1303
907
683
941
596
1190
818
1024
1007
1266
1105
1428
782
714
812
1135
861
993
633
1248
1302
972
1156
779
1164
630
789
1064
700
615
917
666
1189
585
1024
606
922
969
700
1259
459
1200
1498
1210
746
1144
903
902
845
478
748
588
646
861
1612
969
951
696
1085
1116
1277
1280
944
963
1284
1310
1623
756
559
1311
1235
964
1457
1280
1191
899
1406
1027
1055
815
1284
922
1021
1304
1033
871
1152
1419
1149
1056
953
1018
1228
606
872
1027
627
375
1174
908
1093
1050
1527
465
1391
1005
532
745
918
1101
1179
1004
775
881
536
917
998
1232
1230
1423
508
1282
1065
567
892
992
1248
1131
799
829
855
1345
1134
993
1056
1099
849
591
693
838
749
1215
611
780
673
804
1204
1288
1069
1180
442
912
828
1192
1181
1227
1095
1334
1047
741
606
1218
1144
1197
720
1080
964
827
752
1526
812
1305
1106
817
1273
1111
1490
1028
746
664
565
753
1287
1213
1424
1090
1171
579
884
1044
691
1736
1253
909
742
669
1608
891
883
690
1138
906
846
986
652
839
990
1278
1244
445
814
753
1395
923
1013
1395
659
546
414
964
1267
1152
1100
1088
1065
908
968
1069
659
774
1546
820
535
1349
1353
571
1485
1417
836
264
265
225
324
460
206
203
149
182
191
174
304
282
379
159
164
160
207
199
310
194
230
293
306
296
337
270
203
142
171
149
181
164
124
366
172
163
226
156
222
260
224
268
267
235
203
272
181
237
306
221
205
291
193
183
182
291
215
171
227
182
424
98
167
272
405
321
164
342
349
204
180
181
202
205
171
200
293
299
137
249
242
160
204
194
355
293
170
281
150
290
215
221
398
240
171
154
183
101
271
422
242
204
343
400
326
222
305
138
384
191
363
392
265
394
126
139
339
237
192
109
116
205
409
445
246
340
170
179
180
512
269
168
280
235
186
278
252
198
244
148
320
266
178
349
247
256
292
411
276
185
171
218
207
333
171
266
407
194
305
161
262
149
169
164
171
193
228
250
325
297
186
378
305
238
226
145
171
159
389
212
137
254
207
200
364
392
180
495
207
161
163
170
126
172
282
153
306
159
162
239
250
171
360
160
303
306
284
150
288
207
232
189
424
137
228
139
360
247
223
142
312
262
267
182
275
164
384
296
224
266
311
250
223
290
231
172
192
185
334
314
246
148
217
241
240
296
148
397
170
252
377
131
311
288
162
237
258
211
279
295
487
213
138
120
222
116
139
508
163
260
295
180
415
182
376
183
172
194
338
217
283
201
148
172
181
203
326
221
195
214
185
261
488
187
322
194
186
255
170
138
261
299
306
310
316
182
205
127
182
246
203
261
418
185
181
231
217
294
194
151
179
330
259
383
314
137
223
149
218
126
283
242
348
175
375
205
127
183
397
243
225
219
281
222
185
359
160
329
139
302
193
169
397
178
182
313
182
342
197
224
159
257
314
236
192
149
282
266
159
193
216
341
213
182
182
336
168
160
170
299
174
327
217
291
181
215
177
351
171
254
300
204
347
115
279
215
167
404
161
224
442
197
255
252
333
395
149
197
164
222
203
342
243
271
307
201
326
361
204
183
227
369
215
171
241
327
171
146
138
182
138
299
212
289
416
265
203
263
271
181
161
283
181
258
310
277
333
260
184
186
283
127
271
224
262
149
213
248
231
142
294
249
171
127
322
159
157
201
277
277
192
185
265
200
160
225
327
179
224
327
183
234
291
181
193
251
189
197
472
224
264
217
149
331
124
233
203
163
247
247
390
160
228
308
178
212
227
179
289
135
297
174
147
223
286
387
280
315
254
302
323
196
287
297
171
175
138
344
221
315
216
171
384
136
170
160
135
158
182
250
192
182
173
172
168
117
302
254
480
221
289
271
354
180
268
137
354
193
388
227
160
170
182
242
179
254
307
159
306
130
105
305
266
128
378
332
243
169
318
164
267
208
242
162
308
203
193
265
224
193
440
202
264
201
271
138
279
194
137
317
448
233
116
383
176
269
239
181
273
328
197
286
239
194
276
186
343
142
284
412
237
170
364
398
314
265
265
203
170
149
148
314
305
160
241
362
171
297
181
212
218
231
202
261
263
205
149
285
251
157
170
351
159
328
170
171
164
149
196
293
245
271
234
182
249
384
214
149
248
148
220
272
175
297
281
326
283
148
312
267
175
322
127
591
345
261
334
266
176
256
332
149
278
148
147
220
224
458
167
170
224
286
430
465
174
179
181
182
383
115
255
186
180
137
297
185
341
181
379
185
189
207
168
230
160
203
123
152
184
187
333
171
160
149
160
198
171
204
299
225
264
214
338
273
396
320
204
422
231
251
181
164
351
149
150
231
269
235
304
160
317
194
177
199
141
256
294
231
176
160
247
349
375
386
298
171
336
406
343
204
149
176
297
192
241
182
209
260
285
117
319
333
273
213
182
173
224
149
223
200
333
149
257
325
232
149
150
223
286
126
247
150
317
387
171
299
284
313
192
171
197
148
186
176
301
227
170
296
276
172
402
136
261
172
362
284
171
431
261
378
292
211
171
233
415
245
257
324
280
277
217
185
192
219
354
228
452
142
164
321
160
185
187
183
291
105
382
269
231
175
251
283
221
163
154
281
236
222
179
194
105
246
272
148
149
200
160
201
139
254
368
270
332
392
276
212
390
164
232
170
193
276
147
325
300
295
370
186
228
132
242
225
308
161
170
171
239
182
160
341
258
171
206
160
316
366
486
131
341
289
265
202
228
358
222
385
338
187
202
288
181
240
216
366
171
386
447
131
149
336
180
338
207
227
237
84
344
287
285
333
181
172
202
126
206
194
253
366
322
148
233
404
187
126
338
170
264
390
261
288
331
267
250
233
183
171
171
164
148
341
222
170
225
234
271
344
207
319
449
