304
373
381
215
284
283
367
290
308
276
338
346
345
293
333
273
283
312
326
257
248
324
431
319
279
304
306
292
252
297
418
486
445
277
262
353
315
361
420
322
266
370
362
302
482
306
312
310
288
261
291
360
325
317
358
370
300
248
315
410
326
308
291
505
349
289
365
290
263
273
272
315
293
317
265
319
323
276
398
329
337
301
243
319
382
277
378
354
284
336
335
278
340
272
324
294
318
350
348
317
354
368
258
423
281
273
358
361
476
350
305
422
368
293
326
400
426
339
338
396
336
321
316
421
338
294
289
360
339
343
321
312
361
369
309
267
329
272
389
340
339
322
260
354
325
294
529
312
224
563
273
299
245
282
323
323
281
264
266
321
216
353
284
306
321
300
267
336
260
332
425
250
359
265
243
317
346
215
261
265
580
372
238
323
372
235
355
303
422
276
273
327
305
325
221
275
363
315
316
340
370
320
375
495
371
291
217
241
324
323
354
350
316
342
261
340
285
394
414
292
275
354
295
301
300
339
245
311
340
282
316
278
340
437
358
378
260
292
347
301
360
340
292
365
221
291
360
380
340
291
294
317
416
389
366
269
347
334
410
305
308
557
232
385
294
318
274
299
362
341
281
310
324
354
251
294
237
261
291
380
383
394
268
388
318
297
330
340
292
283
373
285
335
326
351
343
349
323
268
453
265
429
371
344
298
290
405
358
278
339
352
257
320
370
337
341
301
363
399
340
316
288
325
421
311
253
284
367
311
359
305
276
321
358
282
274
355
360
295
322
329
462
397
431
263
392
270
357
295
416
268
335
370
319
356
321
283
305
205
338
272
394
286
335
327
464
374
294
380
296
304
353
384
248
341
338
235
265
292
292
337
323
457
313
437
325
306
414
280
345
359
268
380
310
287
344
265
419
350
296
349
282
317
301
243
281
284
311
353
280
330
366
318
303
354
315
316
395
337
611
327
473
372
274
610
272
306
308
371
301
336
312
396
284
423
317
330
283
331
302
261
302
309
353
266
296
366
321
278
300
307
327
328
301
309
251
325
373
329
289
325
264
225
295
400
422
280
286
607
284
386
294
347
224
391
318
599
585
376
331
351
315
367
314
338
216
324
288
360
257
359
285
327
410
264
270
341
335
327
343
374
348
351
331
289
304
316
310
233
303
273
312
355
462
274
310
317
323
324
395
267
292
273
325
413
348
295
404
411
359
307
439
294
315
416
364
307
278
270
389
340
237
314
316
304
306
346
330
309
277
237
492
458
297
292
356
297
287
277
284
231
342
217
346
380
315
310
403
362
289
327
349
274
329
345
299
438
266
302
375
331
298
281
376
276
207
263
320
297
265
325
291
379
389
326
318
286
232
305
250
372
322
354
397
426
300
318
460
317
301
297
239
390
380
220
247
237
309
301
349
289
269
341
407
328
205
327
278
282
339
382
341
293
270
416
252
342
304
328
278
358
406
358
307
320
321
311
381
294
278
425
325
333
289
346
292
284
284
295
310
289
242
296
302
372
392
421
410
294
354
342
360
316
307
372
262
300
359
242
332
308
348
322
224
294
276
379
245
323
308
366
308
276
267
358
411
338
378
230
274
367
316
282
301
266
470
334
389
315
289
351
330
306
349
303
293
340
369
235
350
414
356
275
281
377
331
378
468
294
257
421
262
351
430
302
306
295
308
374
269
310
297
339
275
320
353
366
340
305
319
264
285
273
329
352
308
443
293
345
444
314
382
319
321
358
349
323
280
360
435
324
350
300
367
327
343
378
185
305
221
253
299
366
263
326
294
274
276
213
265
341
433
232
344
491
296
309
394
334
338
280
334
350
283
395
283
302
326
306
292
300
419
281
276
261
294
310
315
305
376
323
370
341
310
281
322
316
255
368
317
337
276
301
332
344
356
324
466
341
313
356
371
292
342
366
376
286
514
462
332
275
323
290
311
302
317
371
254
358
336
442
343
504
310
391
337
312
397
351
312
306
365
398
254
341
308
593
368
381
360
366
333
381
331
345
387
341
333
408
312
419
408
595
343
306
286
259
314
372
562
338
245
324
360
342
337
355
322
355
245
330
344
322
406
320
333
290
322
316
284
251
460
310
345
337
254
217
501
249
245
401
269
255
364
305
378
327
307
299
354
439
323
268
337
335
311
375
289
321
322
321
325
245
364
392
314
313
381
351
337
315
281
425
229
364
309
339
274
323
251
364
371
322
332
237
386
390
327
371
282
306
279
386
393
351
329
361
316
231
261
256
351
299
375
366
311
365
274
373
289
997
1123
1678
756
859
1299
769
1077
1398
1294
1969
1330
861
766
1388
1119
1540
795
933
1438
1729
1514
1397
1710
824
846
711
388
1112
786
1544
1309
1323
1068
741
1392
1428
859
1121
1086
1248
1459
810
968
1347
718
951
626
1352
710
1018
1732
1131
1143
1560
857
1372
954
732
1690
876
1345
1045
1453
1421
1245
1210
770
1439
1082
716
858
1438
763
754
1727
846
1151
1589
855
1112
813
651
1034
1374
1297
897
1040
1168
1155
1437
1382
624
978
1533
1470
1086
1167
804
686
1171
1264
810
1243
804
1172
1191
1289
1310
1617
935
1022
904
1175
994
1967
1167
1170
1544
1395
1291
1504
904
1526
493
1137
617
1237
1197
1055
1696
1021
632
1532
765
1136
825
1686
1211
1529
1542
1567
1244
942
1238
898
1447
1316
1426
1514
1578
1497
1059
614
719
693
980
1803
1459
918
1011
978
866
1256
1011
1515
1324
1416
842
1105
1226
1057
1124
1705
955
1504
1310
919
1433
1509
2239
1490
751
1195
789
641
1408
1086
1502
1349
604
789
1350
921
741
814
934
1084
1481
1148
675
1511
933
1339
1439
1497
1607
620
1196
1837
1475
1434
1073
685
716
981
1318
1117
1726
1005
1190
1468
951
760
849
724
734
1244
960
1495
710
919
997
1451
1287
990
1054
559
1068
843
1314
1007
1194
1308
871
1000
640
1268
639
1391
726
742
880
1782
983
1138
506
1547
1712
846
1283
1737
1629
955
946
783
966
697
991
1209
418
867
900
1008
1296
1582
1012
1077
870
979
743
1322
1516
757
1553
1277
1404
1006
1595
962
1606
978
1011
1086
1351
780
1125
1228
558
1447
848
937
924
1200
1193
1256
861
1316
853
580
885
1236
643
653
997
814
1517
1331
1907
954
1132
728
912
1506
1018
956
1642
770
804
1071
1067
1066
1477
1282
702
980
1344
637
819
1451
1073
1223
1122
1396
1286
865
906
1254
1370
480
1049
1749
1620
888
712
851
875
849
880
1033
1354
1148
1114
1121
1205
2027
1018
1285
1575
989
1247
863
1260
682
1272
1298
1028
1224
1099
679
1361
1337
1364
769
1557
871
1280
737
991
923
1508
1329
680
1352
1183
1178
1187
1251
1051
1136
1184
1476
934
1293
1513
1168
727
990
832
1260
1378
1625
1075
802
1367
1706
1554
1092
940
1404
1246
1404
873
952
1601
891
1051
613
1240
1056
1555
831
792
708
736
1197
1333
854
1061
839
938
738
1372
1139
1229
1154
1058
1267
1197
1081
981
967
1060
1340
1419
992
897
1332
1128
1073
1051
1164
1065
614
1009
1299
1110
513
1213
1591
876
888
964
812
792
1357
1154
1038
1200
811
960
806
980
1220
874
957
1484
731
734
1066
1348
1222
1573
1281
945
1097
797
700
1283
1484
1423
1172
1525
1242
1127
644
550
1562
925
708
1407
1246
948
1667
918
1364
1125
1665
1172
1384
1202
1082
1542
1051
619
978
1188
1282
1454
1320
1131
1150
711
1486
1134
1477
903
1262
1211
1459
881
1387
1581
1037
1010
750
1385
609
567
1221
1155
1367
1166
1017
793
735
1440
702
710
1334
1241
1224
820
904
987
1020
1715
1380
1533
515
1535
764
794
1360
1175
1277
1046
1054
1163
735
1439
1049
1114
1468
1076
1188
936
1374
919
1263
1144
993
911
1489
973
1016
1363
692
1314
1380
884
918
1414
1194
932
1207
1515
1183
931
815
1466
965
1802
1057
512
1394
446
891
677
1093
816
679
877
1240
1231
1265
959
1650
1160
1206
705
776
1157
1133
936
897
1465
1402
1288
1335
1179
1170
1290
750
1023
939
1170
711
839
556
1558
1273
805
1509
1101
1071
1551
1687
457
929
651
737
1920
960
1059
1298
1350
1556
1023
1212
1252
1253
1068
1168
1043
1409
1354
1160
1347
1481
674
1149
1135
1464
904
1104
1433
1013
1440
933
889
915
778
1110
1384
831
1150
1327
1261
913
1119
1903
1302
1317
1249
860
1254
1161
764
866
1425
1314
1654
1679
1531
1245
1531
898
1552
845
1209
648
1068
603
1399
790
1259
1995
1147
1183
910
1205
1100
1064
1185
870
819
836
1345
781
1593
639
1583
684
932
1075
777
1160
826
722
1481
1084
921
992
776
880
1357
1389
1091
1537
1161
1226
1450
1581
1412
795
904
1384
1366
1579
1046
1603
1247
1274
916
1507
1707
807
696
1380
1286
715
1164
1463
1207
1314
1331
869
717
1368
907
1643
1041
1316
1058
1146
1020
812
1280
1266
1279
1294
1507
1100
1093
1055
890
1232
950
825
1303
1569
1274
1369
682
1679
1518
1070
1205
870
893
1180
1505
1202
1204
909
1369
1761
962
1087
923
977
1359
1308
1070
939
1591
966
931
1010
1286
848
1019
1126
1120
1324
1458
1394
785
1568
696
1327
1410
1455
1221
1186
980
793
1281
1322
1536
735
1411
715
1958
1490
770
1775
1653
800
747
1701
1322
688
989
1078
1436
958
1440
811
1278
1251
1766
932
1299
1424
743
1705
1835
639
1112
1562
1173
949
746
1122
691
1371
1545
1317
1120
1448
814
813
1521
750
1471
1256
776
843
913
1126
1661
1066
1513
755
1138
1428
1228
981
907
1414
1517
1035
1566
1510
794
1666
830
1234
1202
914
737
1429
1349
1521
512
1401
1577
604
1543
1675
1234
1123
916
757
1223
1126
1345
1035
1044
1722
858
2051
927
1301
629
1407
749
1637
1361
1302
1342
1032
955
904
1176
1405
985
1276
993
1066
1373
1060
1040
1134
752
1871
902
1138
1063
651
901
962
1099
1026
791
1115
730
1434
974
1027
575
1604
649
784
1150
1594
1288
1089
172
426
269
184
317
197
136
282
197
189
210
150
188
424
249
233
374
213
189
208
224
174
368
221
137
290
268
192
334
126
161
196
341
101
121
185
205
361
216
153
285
316
171
310
185
184
149
125
341
333
137
217
252
161
386
394
285
184
217
321
369
365
264
221
277
185
364
183
364
184
185
160
325
341
255
281
268
220
253
257
229
392
339
217
208
198
273
356
261
194
457
289
309
257
221
345
198
284
189
184
172
396
389
239
148
274
208
197
197
233
252
453
641
197
244
198
188
160
208
221
186
209
301
265
136
208
375
149
173
192
421
453
313
222
124
256
349
173
153
217
185
213
352
173
320
184
241
185
273
184
208
352
234
92
401
149
181
265
220
140
185
253
255
416
172
280
356
213
205
204
218
197
125
376
211
209
208
192
232
220
297
400
300
185
161
267
229
227
245
404
233
241
185
164
178
323
269
136
524
204
356
173
365
197
248
320
396
172
173
240
252
205
260
123
163
241
197
172
198
373
267
278
337
224
244
260
158
257
169
304
365
162
176
312
185
225
125
159
221
161
173
428
173
229
269
195
298
196
249
233
464
353
137
233
210
185
184
272
217
333
197
266
296
397
161
249
280
340
286
239
187
250
150
273
200
256
218
425
213
189
181
188
224
404
273
172
213
160
293
123
281
349
281
370
261
147
269
162
216
185
161
160
349
286
309
375
160
198
195
240
160
282
184
197
344
321
201
197
312
157
221
240
169
320
241
301
343
249
250
113
373
197
220
354
299
200
268
221
137
268
206
197
215
161
240
213
301
185
329
226
327
225
197
197
308
208
181
137
227
196
249
153
172
186
198
213
209
185
329
317
246
172
341
141
277
388
326
196
316
137
208
214
281
219
197
220
197
196
186
137
256
173
119
236
231
177
173
261
198
275
232
233
125
240
273
196
303
290
385
210
256
345
344
418
173
198
320
161
173
209
141
197
388
195
229
320
338
388
389
176
198
205
153
464
205
197
174
197
428
125
184
176
174
189
209
249
361
281
391
224
224
193
189
425
185
484
169
252
252
185
136
186
217
216
173
162
328
316
172
452
229
384
281
303
358
205
231
185
173
205
185
173
323
189
373
195
362
204
148
208
165
275
228
177
208
216
221
172
221
197
279
349
217
349
301
204
241
186
222
318
220
256
113
281
160
281
345
185
340
253
173
482
189
349
149
489
209
332
261
313
276
213
181
185
196
289
185
197
336
329
160
293
253
160
349
162
208
279
165
273
352
186
173
149
173
253
183
129
391
220
212
237
247
149
294
208
245
209
317
160
209
161
149
277
265
386
113
232
186
353
197
196
381
185
316
287
373
249
362
239
296
432
308
225
224
212
232
135
220
229
233
305
253
193
421
196
348
185
176
293
220
208
185
260
184
268
231
256
172
323
220
348
187
309
186
297
153
241
207
112
149
224
344
444
137
316
202
389
493
173
234
357
237
229
183
148
652
298
157
183
137
357
400
225
208
161
347
229
152
197
257
149
233
289
378
229
357
177
462
245
217
225
185
253
149
357
197
249
325
268
295
189
125
484
307
206
269
200
265
196
188
264
200
219
196
269
445
512
209
205
276
373
185
173
185
297
189
177
191
141
196
197
337
293
237
185
185
258
205
345
517
336
197
161
276
117
219
341
184
209
161
197
321
196
241
313
125
257
301
205
320
172
277
292
213
162
424
220
232
172
213
188
313
232
397
125
212
201
352
197
137
301
365
240
301
429
184
208
298
273
233
426
221
209
381
325
220
164
252
184
197
289
231
220
237
212
184
113
208
312
136
197
161
329
231
318
176
249
173
197
271
233
333
338
197
364
246
302
184
241
124
266
207
294
244
198
197
161
149
229
125
250
205
253
188
161
208
220
189
261
317
227
396
200
171
201
173
184
241
197
189
261
332
197
252
174
162
197
191
218
193
499
399
173
385
268
300
305
477
201
241
124
234
148
389
364
134
208
197
140
139
189
241
182
341
276
197
305
321
157
217
149
217
369
205
201
305
249
174
260
198
189
185
124
164
251
195
261
336
232
233
261
335
173
198
172
249
393
184
253
332
245
309
309
328
177
173
213
137
270
185
236
317
356
208
213
259
248
112
236
173
309
204
173
184
221
157
165
377
338
229
325
352
173
136
325
173
241
201
149
442
209
269
345
189
401
267
185
170
185
220
289
149
251
173
248
173
396
153
195
350
257
210
265
188
197
261
329
196
208
241
232
177
245
212
333
220
277
381
165
282
318
126
410
160
161
197
305
213
223
