242
323
312
311
366
269
216
475
295
313
216
447
340
305
298
283
255
247
344
415
392
270
278
291
265
324
494
452
418
353
396
316
329
281
462
289
432
403
363
453
364
385
301
326
512
295
355
391
394
413
293
394
280
383
445
389
527
333
355
225
383
256
280
360
273
314
301
309
286
319
360
277
263
314
303
372
285
363
280
267
342
295
327
291
367
312
327
315
272
437
475
289
301
294
335
322
333
265
330
359
465
378
289
350
402
347
250
297
318
351
273
354
323
280
366
364
216
308
335
371
289
268
362
345
324
360
391
262
319
301
344
233
298
470
416
261
388
180
280
258
388
187
409
294
265
487
289
356
295
493
351
216
332
351
291
249
295
283
262
262
319
299
298
283
417
324
256
243
311
292
346
319
291
277
419
190
435
384
293
294
268
261
340
233
366
259
331
255
347
300
408
422
291
333
304
231
232
346
206
316
390
323
365
500
379
384
347
372
275
290
271
390
219
354
328
352
438
402
305
284
317
333
378
401
286
325
259
333
424
299
381
292
361
294
312
409
313
274
312
280
379
287
210
494
315
334
304
369
297
342
331
304
313
449
234
354
406
313
292
290
274
296
443
365
396
304
338
293
446
367
280
411
315
288
428
334
445
587
337
280
345
351
360
256
293
265
379
379
319
415
268
399
465
304
355
271
303
385
433
453
339
423
267
315
369
374
413
259
225
430
302
369
321
334
301
345
262
351
282
268
371
276
219
436
261
512
314
350
478
345
277
256
375
292
357
351
282
237
307
443
377
288
175
338
325
456
370
269
287
314
393
337
297
252
320
297
269
351
425
468
310
275
267
268
260
327
342
298
284
342
497
241
326
293
304
303
351
266
300
298
261
505
283
297
371
311
255
423
300
321
293
349
266
309
315
415
347
418
330
331
433
346
303
365
277
328
252
366
391
294
301
342
292
342
266
221
211
342
259
332
418
483
320
254
447
263
360
419
399
304
437
503
282
319
393
341
236
290
320
273
281
271
376
328
290
491
330
272
295
296
399
278
283
431
459
285
446
346
490
397
345
200
349
256
267
460
386
252
416
299
249
286
260
260
276
361
279
332
291
369
334
492
301
306
373
341
330
291
378
367
276
317
225
298
371
503
219
354
300
312
368
337
301
696
347
423
523
243
459
366
325
489
339
297
289
281
250
273
310
368
375
365
295
277
345
311
325
454
318
430
368
258
395
255
484
383
256
269
473
250
347
289
463
323
349
329
282
281
421
414
508
277
362
288
308
274
290
326
287
394
442
353
283
329
344
354
394
441
226
301
410
395
261
351
236
379
420
341
295
460
260
332
238
394
244
291
156
324
277
266
314
322
329
309
391
287
261
578
547
424
314
279
347
234
277
360
377
421
314
457
376
246
250
350
275
289
384
426
334
419
288
394
318
348
258
356
301
350
315
324
292
321
295
404
271
396
278
321
377
380
435
431
280
405
270
344
370
441
255
398
222
366
264
430
235
344
328
238
237
238
493
263
373
317
455
335
461
376
391
259
250
281
445
288
566
292
253
439
318
382
389
327
255
469
270
372
333
220
409
493
223
296
225
418
303
322
267
395
244
263
418
338
339
305
284
391
301
317
346
295
286
300
291
418
321
316
512
302
315
380
327
341
317
340
347
287
341
274
280
334
439
380
280
400
262
342
273
340
347
354
277
272
391
263
337
427
378
474
314
234
305
354
278
266
315
392
240
385
340
254
343
265
320
302
330
344
352
252
264
372
364
351
370
315
326
293
217
346
351
343
390
468
239
252
284
344
313
341
284
466
331
294
408
239
332
385
352
280
320
351
262
367
313
262
314
300
228
233
274
347
362
421
248
231
253
308
361
503
403
370
454
242
245
327
302
317
266
277
286
373
289
381
232
337
349
333
496
220
288
342
523
315
289
418
356
255
311
470
337
325
348
213
293
261
459
294
333
279
319
292
328
318
415
327
248
285
263
375
365
435
318
324
378
268
252
302
326
271
317
368
316
306
222
324
357
374
325
428
186
319
393
272
424
371
321
351
425
312
261
262
281
310
229
469
344
323
506
255
302
294
278
299
279
300
334
449
183
498
429
380
273
331
356
327
199
421
290
373
410
308
279
340
297
350
342
329
293
372
272
279
359
350
411
270
264
357
312
264
239
256
281
315
391
314
400
259
274
248
223
434
319
283
264
343
314
432
387
337
256
411
387
461
288
438
348
305
353
414
368
364
291
332
293
382
330
336
436
200
313
334
394
310
355
384
429
273
263
365
310
438
333
287
253
277
216
477
345
242
186
159
312
307
376
247
172
215
305
425
234
197
331
416
210
193
245
380
164
274
384
260
191
469
361
172
326
338
136
296
212
381
226
338
212
340
373
207
333
555
256
262
198
183
426
339
291
316
289
172
197
219
411
177
121
189
236
410
299
298
237
373
411
147
186
216
159
160
155
291
200
228
171
444
244
295
237
198
279
159
308
411
351
327
334
251
146
178
279
180
219
309
203
483
172
417
309
322
333
377
184
248
257
432
293
300
362
422
215
199
151
270
341
349
145
141
151
372
223
273
499
392
265
381
342
186
254
237
254
160
112
245
148
405
429
458
366
147
217
205
273
305
303
342
250
298
308
212
418
192
158
394
305
151
252
350
248
279
173
257
368
174
462
369
136
309
160
286
194
215
298
402
419
400
341
168
167
179
326
482
333
232
239
307
173
501
164
405
460
182
333
253
157
452
175
197
270
202
254
295
154
145
208
321
328
224
324
220
322
479
460
484
211
322
136
308
451
271
418
290
402
225
444
240
103
198
290
210
315
247
310
186
147
353
227
415
200
355
270
188
237
398
206
548
275
215
211
147
330
201
232
408
359
385
407
435
312
216
302
210
198
761
484
220
367
321
194
248
246
199
199
291
418
172
286
186
269
283
216
243
441
394
413
297
235
214
203
160
217
138
287
237
215
197
185
134
223
161
365
337
137
220
423
297
209
275
402
224
309
264
295
172
359
187
212
172
158
427
381
264
248
430
211
215
266
171
121
134
453
469
201
262
242
287
424
189
274
116
325
169
474
383
209
187
227
215
353
198
180
174
309
145
320
211
200
393
383
211
222
291
408
291
284
256
146
273
133
223
341
201
258
312
421
410
211
210
224
290
359
271
228
261
390
198
159
234
414
292
232
419
223
318
328
236
453
303
286
348
245
232
231
163
423
424
181
236
478
231
497
185
264
336
281
292
394
223
219
184
219
172
453
257
306
290
197
158
187
333
269
484
283
377
227
484
475
419
385
202
204
186
416
362
389
258
229
372
393
210
594
432
224
203
223
463
238
328
202
396
326
370
147
199
343
385
201
173
244
426
171
525
226
184
308
343
236
166
147
295
357
174
172
236
355
247
382
152
249
163
183
346
224
199
376
286
240
346
365
173
254
188
436
359
304
309
229
253
171
257
195
306
301
390
359
185
186
394
186
185
146
575
287
342
227
458
171
286
203
243
344
317
317
501
164
198
222
365
290
366
222
256
159
357
462
227
249
145
454
564
185
349
329
273
240
308
213
447
173
362
184
295
366
133
282
236
282
390
419
207
212
445
185
187
269
172
247
315
325
439
394
537
333
184
232
223
227
186
257
232
156
535
239
262
381
314
160
388
288
466
227
245
286
308
186
210
223
478
200
333
254
398
146
186
299
339
486
173
146
436
162
342
366
212
133
188
356
147
163
120
240
445
161
227
212
375
321
250
326
172
368
258
374
189
171
209
426
393
264
293
309
513
203
317
210
263
400
163
201
223
199
145
199
358
131
158
331
371
419
338
430
334
368
144
248
221
172
538
241
186
216
226
313
367
309
262
356
392
195
355
399
450
187
154
199
316
186
392
239
69
216
160
401
184
147
138
398
347
245
181
214
185
384
307
226
281
233
211
266
199
202
109
341
247
247
227
120
86
222
277
291
351
293
371
252
211
254
163
359
267
187
412
159
415
392
160
265
216
232
244
448
308
175
338
236
198
376
241
151
211
342
372
186
287
308
279
256
175
247
509
329
444
186
321
312
186
224
304
212
253
307
471
326
304
334
225
323
297
156
263
318
184
398
171
106
322
359
253
251
199
261
133
495
189
160
309
350
437
324
212
140
174
199
193
325
333
248
390
385
145
217
231
182
431
350
330
161
185
371
211
265
350
365
189
296
187
161
448
189
186
329
392
184
259
304
182
211
271
273
274
148
203
448
360
302
282
288
227
279
160
184
291
216
184
265
303
391
341
190
185
324
299
359
147
198
405
171
170
315
473
236
134
500
170
269
254
211
224
287
304
328
96
388
494
146
177
131
190
543
410
443
317
348
224
419
213
199
309
275
516
379
199
172
274
335
342
236
333
277
392
289
187
391
354
339
155
135
249
311
146
224
358
441
533
334
335
259
265
298
317
136
198
403
215
251
245
217
171
475
277
262
159
133
164
164
244
212
423
295
211
305
300
173
187
159
170
387
160
246
247
133
292
300
333
228
173
256
291
371
206
230
233
277
629
199
197
361
236
190
158
192
294
240
308
