306
365
515
345
429
429
323
417
361
310
311
503
386
376
351
355
319
361
354
323
343
522
249
327
383
482
374
338
316
254
278
271
406
334
314
432
493
488
269
381
373
325
401
429
411
477
344
251
441
316
407
341
370
240
298
306
426
443
389
298
373
370
369
290
270
303
448
219
308
359
288
317
342
393
247
344
359
385
287
356
266
325
404
349
325
385
301
458
422
293
254
390
555
434
416
251
392
305
341
315
343
340
486
381
505
250
344
340
303
304
374
432
238
303
301
203
448
326
425
365
360
428
599
358
383
288
373
267
263
334
328
338
345
380
375
407
373
318
319
274
349
344
353
392
409
447
428
248
350
387
300
353
379
460
346
451
362
293
299
303
427
377
293
356
352
283
356
332
316
297
331
341
407
499
315
413
287
300
326
308
347
408
395
338
371
447
300
295
392
275
319
435
397
423
418
349
358
367
314
355
338
380
315
289
351
389
306
320
275
298
441
419
317
304
291
313
303
494
294
523
390
390
430
335
305
364
157
357
342
300
189
414
328
391
344
311
392
328
378
355
316
393
532
366
315
348
318
256
340
363
468
513
389
256
332
388
336
259
395
397
337
300
329
318
430
448
318
280
250
413
364
436
343
313
392
347
504
520
267
335
427
310
534
404
321
339
297
357
489
451
328
448
351
317
353
387
307
371
357
341
410
463
289
284
357
350
310
307
318
359
478
278
370
257
623
337
325
363
336
241
309
340
412
227
299
443
660
359
344
435
287
293
460
374
586
363
293
344
389
320
322
333
256
279
356
350
428
264
317
334
431
326
339
407
373
298
324
358
383
450
322
313
294
432
271
291
409
572
318
284
394
292
347
296
364
371
400
375
289
515
291
321
318
291
454
430
469
435
373
215
332
372
398
342
410
275
351
390
390
252
414
304
402
406
365
211
304
380
369
236
263
333
421
295
341
338
327
296
360
327
356
270
257
452
383
272
269
266
497
477
404
366
282
423
303
371
414
302
375
407
253
261
303
356
289
492
397
365
269
463
373
420
385
562
349
299
306
328
306
415
394
374
374
336
319
269
385
305
389
371
268
521
302
323
491
265
409
354
367
571
308
449
393
261
312
461
450
276
437
298
310
458
435
340
334
265
386
370
347
292
309
235
288
346
293
245
339
326
375
448
419
440
325
376
342
388
334
370
342
343
337
277
378
245
389
277
217
229
260
330
349
242
394
423
399
305
426
381
358
337
292
344
262
253
329
383
290
304
296
217
279
317
262
297
285
453
227
300
285
234
483
248
343
247
302
382
350
264
393
317
439
366
490
291
306
470
395
330
338
421
352
319
514
318
361
305
421
276
405
337
361
328
446
391
360
489
375
469
450
399
503
282
259
314
268
347
408
346
388
461
295
283
320
305
324
433
319
354
383
335
301
289
332
288
262
358
331
205
375
331
425
422
351
275
319
406
500
295
328
390
269
305
429
476
307
260
406
344
411
358
438
426
343
332
292
397
323
313
370
282
371
398
328
352
265
374
264
236
508
340
367
447
361
375
339
462
328
497
296
317
373
426
410
395
442
388
426
426
491
338
388
352
308
381
276
346
275
359
318
296
314
362
416
297
350
308
273
405
446
227
378
307
390
285
372
305
385
304
396
239
356
273
398
322
390
362
307
347
331
376
368
278
251
363
385
281
351
368
409
327
355
268
238
268
261
419
362
345
360
381
297
434
353
324
378
246
409
243
298
346
444
425
354
246
411
266
519
200
376
476
378
473
326
432
379
270
323
305
375
288
304
426
272
371
389
363
287
431
284
475
396
366
332
279
248
322
341
401
349
386
305
440
376
415
401
232
353
393
266
341
335
360
299
245
352
483
391
380
406
391
384
441
403
363
525
334
274
338
226
429
349
400
420
371
334
391
236
268
428
265
299
522
384
310
418
419
360
411
298
276
428
483
226
421
382
299
358
367
486
376
273
324
355
370
486
333
336
344
182
290
336
313
430
498
396
374
339
362
362
366
349
337
436
301
342
351
393
399
215
352
292
293
293
324
459
336
340
363
492
283
317
372
405
254
460
398
350
317
245
368
214
364
365
418
430
393
302
325
401
320
218
405
306
405
281
317
381
374
307
309
324
342
231
305
392
398
335
321
395
255
265
411
342
397
301
344
324
388
334
410
363
280
407
297
286
371
423
272
292
324
332
221
391
418
368
499
376
405
268
300
403
353
286
271
344
354
299
339
336
295
290
323
406
297
330
366
448
296
332
231
280
316
469
550
298
265
297
357
350
582
438
365
686
283
366
411
244
288
555
389
284
283
212
476
249
197
197
155
171
638
515
365
157
352
307
217
292
141
307
338
212
512
182
129
227
256
405
128
220
307
231
231
425
365
240
466
444
320
123
509
143
289
268
182
444
296
193
217
279
375
157
174
319
464
212
169
312
143
143
366
210
165
229
262
494
129
155
293
351
143
394
247
198
128
469
266
205
412
186
333
331
244
369
234
184
211
203
142
338
275
233
281
291
129
297
374
402
128
224
224
264
310
237
207
354
426
198
312
332
218
464
373
271
279
505
416
198
252
420
556
114
425
203
327
320
446
189
372
357
227
288
200
557
213
174
362
264
436
156
197
230
229
175
260
146
315
469
199
345
259
479
355
268
393
336
344
469
207
169
394
225
175
287
233
219
253
240
199
261
427
260
558
329
172
507
184
314
185
490
171
203
306
255
293
184
279
333
338
327
259
217
305
235
459
423
283
129
158
441
337
275
174
178
519
371
502
287
323
212
563
244
361
199
322
346
300
390
502
296
169
392
199
199
162
184
412
354
302
249
267
224
174
228
335
470
203
318
215
342
115
269
170
355
197
233
360
114
322
211
169
367
463
142
257
379
578
226
133
485
131
360
385
278
356
380
455
392
197
260
171
300
381
282
342
365
294
226
299
143
592
184
533
267
402
243
463
200
184
276
171
450
296
205
258
271
115
202
390
391
209
231
216
338
213
307
233
405
142
199
366
198
266
301
375
302
227
227
239
174
218
174
345
226
254
361
260
416
308
287
369
192
237
229
171
228
281
146
226
268
480
242
156
146
542
203
406
175
198
437
161
128
226
525
185
455
428
173
175
299
129
198
219
211
325
370
175
552
478
313
256
202
343
322
375
147
275
301
214
389
468
389
185
129
119
424
411
411
170
160
279
199
330
219
320
287
130
323
127
348
344
215
252
183
234
267
362
212
192
169
497
197
304
213
184
270
156
217
181
198
411
279
236
157
441
291
235
171
380
380
318
210
477
315
301
186
213
465
337
370
504
256
401
225
211
536
278
186
143
382
436
507
262
231
276
312
339
385
364
486
144
276
220
184
273
312
169
383
390
177
326
298
189
295
266
316
371
399
157
422
309
212
217
158
288
237
418
189
143
218
243
198
348
227
261
568
253
164
224
261
129
362
263
303
302
198
500
213
566
185
415
328
212
432
294
207
327
214
458
355
364
262
274
738
309
219
268
293
186
275
342
237
324
263
396
498
373
275
223
198
214
359
155
370
632
325
332
262
126
197
372
203
141
157
293
227
313
345
209
198
398
482
189
229
297
269
381
249
199
224
282
300
295
172
173
441
253
171
458
279
443
362
182
253
248
189
272
326
151
382
143
183
214
186
406
253
244
329
239
185
210
128
326
351
257
242
413
459
291
174
244
392
265
458
535
163
231
438
274
157
127
143
187
192
199
249
263
336
307
317
285
254
234
212
249
270
234
219
280
498
241
383
404
457
230
199
257
270
170
297
471
343
425
415
175
170
170
182
212
213
102
238
517
629
314
351
221
308
524
141
200
365
382
143
613
165
263
297
294
369
217
465
177
397
140
454
215
289
391
425
211
274
160
292
217
213
317
199
329
198
566
312
219
182
456
143
391
244
307
267
206
193
169
307
527
379
200
590
211
531
199
317
240
207
304
316
442
238
289
237
160
130
241
224
562
143
184
444
512
460
500
491
484
184
270
290
298
260
187
271
173
735
127
286
171
330
269
231
244
217
212
240
502
102
211
213
171
202
183
217
248
222
218
476
212
158
321
400
390
230
378
373
242
461
383
128
172
311
199
199
452
416
394
295
224
370
319
235
188
301
304
373
231
432
374
409
183
199
212
369
202
189
144
225
395
143
461
247
212
229
230
129
389
330
171
283
469
248
199
261
337
198
315
413
211
216
221
211
374
332
521
161
193
291
232
213
249
306
192
198
362
156
320
297
214
214
207
434
213
539
408
349
320
219
189
279
391
213
115
329
179
143
416
530
171
158
169
397
399
373
272
331
376
364
241
534
465
185
194
331
279
352
483
337
144
233
185
223
213
322
199
243
521
331
232
304
303
434
353
337
238
524
199
374
338
73
493
405
215
547
202
198
256
364
528
182
409
207
233
371
285
230
398
170
128
518
213
210
199
438
546
459
365
503
257
217
283
445
197
513
183
225
242
157
350
360
226
310
297
158
155
320
298
270
447
422
357
366
186
326
201
270
199
364
352
460
424
159
522
597
303
339
156
157
221
377
337
168
339
212
146
