309
517
332
278
260
355
316
357
334
496
301
341
263
402
317
360
369
270
330
402
346
524
260
346
317
271
415
636
398
321
387
274
367
322
339
337
365
384
311
402
308
372
389
439
377
406
443
223
370
423
368
341
347
400
241
495
236
318
415
453
352
291
294
329
335
416
334
314
440
495
315
442
417
287
451
325
323
268
306
365
356
507
316
285
337
431
490
290
403
226
483
373
347
399
394
401
369
240
330
352
297
485
356
319
304
335
350
270
424
335
326
512
424
379
349
302
434
283
431
284
391
389
362
484
452
411
428
387
433
371
213
341
475
409
386
295
364
338
288
510
361
382
412
362
401
457
291
396
313
311
290
307
315
270
346
366
410
367
338
368
302
407
452
361
351
467
369
241
438
436
352
457
515
255
441
324
340
391
292
280
272
269
448
367
448
358
406
359
351
344
447
329
408
454
379
403
386
384
464
600
281
315
303
475
285
339
341
337
422
295
636
367
466
339
320
522
374
436
289
516
451
357
290
407
317
411
418
424
301
433
350
440
298
391
435
394
521
308
578
449
474
290
565
308
278
375
282
321
269
348
334
451
239
312
498
340
539
348
388
308
463
510
427
358
406
381
239
321
365
358
409
360
324
461
219
423
310
277
321
441
319
237
385
332
302
383
328
301
270
343
359
453
339
291
460
362
405
332
316
425
354
378
369
290
390
315
273
390
424
298
376
343
315
625
326
430
469
445
561
388
437
354
365
356
509
421
464
439
325
442
281
337
412
461
429
217
265
292
379
388
412
393
391
451
335
394
269
340
474
336
307
306
383
400
324
237
428
461
428
355
411
461
313
351
317
479
301
339
566
379
323
517
248
407
336
322
359
375
312
380
417
437
286
455
331
324
368
430
291
463
354
380
268
411
365
371
257
417
428
348
317
368
379
493
397
567
275
250
455
369
243
285
279
438
323
391
356
361
279
323
331
381
429
320
421
338
460
378
373
356
496
449
328
524
389
445
305
359
377
319
434
460
432
350
466
360
323
317
438
524
486
320
366
399
490
411
321
348
364
292
321
416
326
343
395
332
295
259
298
312
278
267
296
449
308
283
282
398
543
376
369
427
330
312
432
341
353
393
307
382
444
289
353
476
316
396
357
453
273
324
339
312
315
386
395
419
299
368
540
390
429
470
454
396
266
331
220
380
458
360
429
334
500
363
386
437
316
455
484
332
395
333
392
324
249
350
344
469
261
458
310
421
454
357
258
447
299
675
356
484
478
367
262
274
354
318
262
442
450
382
361
309
341
486
449
362
284
273
317
395
425
352
506
344
340
438
312
419
298
436
406
431
285
334
288
358
321
379
292
453
268
312
321
405
398
324
413
353
323
225
377
464
279
312
356
371
381
215
384
361
342
259
492
442
251
406
286
417
354
501
372
447
333
252
482
246
446
365
479
431
514
330
387
298
287
362
302
366
501
330
343
445
343
394
230
326
519
461
315
324
323
366
264
336
294
292
355
405
456
326
346
451
481
314
352
385
408
311
319
465
346
420
308
399
437
268
352
342
416
292
333
334
294
440
362
354
396
381
384
298
265
332
276
366
498
367
405
243
228
373
426
345
340
340
374
294
366
333
366
414
271
395
336
437
344
442
479
448
404
351
340
252
417
343
360
232
346
411
281
405
448
325
370
382
320
382
431
507
322
445
343
258
286
446
406
425
357
610
340
387
314
288
449
509
403
265
461
442
280
373
321
384
462
248
434
341
276
407
390
261
265
307
335
418
405
447
281
258
333
321
426
447
368
362
351
385
421
354
476
630
388
316
373
358
354
474
255
318
426
405
365
281
375
330
434
298
508
343
372
304
243
255
262
440
314
393
386
427
329
428
251
315
345
347
262
357
321
521
395
404
356
461
377
313
339
489
317
316
390
371
488
312
391
323
515
347
334
355
417
383
350
376
379
313
319
333
211
275
528
263
364
407
403
333
467
310
390
290
283
522
362
453
367
298
217
411
249
371
286
370
466
302
292
354
403
464
270
324
317
389
408
387
235
299
386
330
451
238
311
399
270
422
319
318
303
418
290
288
369
378
375
397
282
529
411
409
435
344
312
498
563
299
361
454
386
374
355
470
515
360
493
353
463
282
367
406
572
285
410
461
413
334
579
304
341
241
375
482
379
541
421
495
496
362
381
306
402
320
384
471
274
305
274
460
310
360
514
285
269
321
624
404
356
368
290
436
264
287
267
311
501
437
437
403
364
331
449
328
582
395
335
368
385
612
408
357
332
357
365
294
274
322
233
212
228
361
235
392
400
212
190
378
226
315
166
279
582
217
448
153
245
211
433
180
246
245
286
346
286
321
552
226
171
197
182
230
163
326
224
180
241
263
255
246
324
293
223
261
310
284
181
317
287
420
238
427
380
360
249
217
287
394
309
225
165
411
237
484
455
285
211
182
362
327
378
259
420
250
197
254
171
293
151
211
222
296
500
349
196
390
156
255
192
151
225
235
488
212
182
181
153
140
257
272
307
241
497
293
406
208
334
292
281
206
197
260
182
224
349
227
221
153
410
306
582
353
397
376
209
386
462
196
367
386
196
198
227
258
211
329
150
256
412
281
453
368
165
427
339
318
164
449
522
270
495
554
518
198
310
432
317
277
265
433
196
565
425
212
227
262
436
300
296
195
121
487
284
225
220
185
438
239
544
190
216
386
435
468
216
167
378
236
227
227
150
409
151
294
468
427
442
213
182
356
355
515
409
280
241
226
263
180
182
424
211
226
533
336
327
213
149
417
210
180
219
499
195
405
224
358
219
335
431
226
325
409
205
473
253
303
215
226
280
418
286
370
180
168
234
196
304
400
179
212
246
295
408
277
336
322
181
201
258
211
295
183
198
428
506
540
319
426
446
194
478
352
385
195
508
225
446
385
250
211
194
226
335
199
346
298
260
264
464
295
307
630
421
195
201
363
319
320
211
225
226
165
107
478
446
253
386
342
154
470
387
281
201
328
411
320
434
227
553
246
353
302
439
296
473
284
225
525
248
414
258
180
328
396
179
183
212
287
436
225
212
152
198
240
329
243
391
229
258
225
285
324
372
246
152
412
466
431
370
374
215
315
353
229
265
228
376
373
296
206
249
272
210
220
251
167
311
343
247
658
211
182
240
386
325
520
440
227
408
186
353
325
276
359
367
166
502
276
286
180
179
344
192
293
217
263
411
292
217
211
277
182
453
208
305
380
279
363
459
337
152
181
363
256
211
275
395
242
429
338
229
341
385
265
357
194
340
385
381
196
398
242
272
368
535
391
240
197
246
153
207
186
211
327
152
232
400
570
135
216
334
335
295
138
226
351
337
95
424
249
217
570
227
366
446
335
224
200
361
220
397
205
254
249
210
266
373
392
211
241
365
303
289
416
367
167
363
160
468
287
409
138
198
328
420
226
352
314
211
190
230
383
220
390
444
274
310
225
280
232
212
181
291
338
376
197
386
171
168
171
513
506
308
476
245
136
227
537
402
299
443
259
210
228
152
292
196
519
435
374
219
370
195
359
519
213
323
548
354
356
358
168
344
168
311
134
216
182
276
251
213
212
228
409
201
185
234
468
355
231
391
440
181
360
294
353
229
346
360
197
242
361
469
182
197
274
172
196
182
170
278
251
197
416
282
319
334
302
354
292
244
105
210
224
213
210
474
462
194
363
138
323
197
410
258
244
399
229
568
242
390
324
166
284
501
256
507
255
272
368
213
183
241
407
316
243
195
186
333
408
439
195
211
238
360
325
381
548
334
314
180
280
290
171
209
566
508
270
380
345
192
322
385
230
211
380
382
409
193
172
141
197
231
240
360
216
182
382
451
181
325
227
249
241
209
264
182
326
212
446
237
449
348
365
467
137
151
194
338
372
232
374
420
478
305
164
383
284
197
382
307
242
153
181
210
231
126
639
227
352
152
297
370
544
136
239
211
399
418
273
385
483
245
448
571
367
245
167
407
391
280
256
410
306
506
277
156
296
244
364
429
338
354
407
183
205
272
249
284
181
405
230
285
275
391
371
334
382
453
326
534
238
289
196
363
325
437
480
242
414
120
213
253
343
181
320
379
430
195
328
380
275
405
182
454
273
287
388
196
431
284
224
449
394
494
235
210
138
217
225
220
216
554
210
420
228
506
273
245
225
377
253
313
497
163
287
287
396
314
320
492
328
153
241
461
356
336
189
327
226
339
491
300
392
437
379
265
448
241
240
292
387
225
310
310
447
527
525
376
239
433
428
137
460
258
378
305
259
505
238
523
210
302
184
241
358
171
196
167
180
223
198
407
267
199
235
330
276
254
243
167
476
166
165
357
332
227
450
231
185
197
474
462
306
526
375
185
234
377
224
121
246
474
313
438
210
343
181
375
489
325
256
350
350
354
213
255
253
353
199
211
226
359
232
266
401
407
181
211
237
216
390
290
196
463
270
347
219
277
257
141
191
453
280
646
182
288
447
200
238
275
419
195
259
233
128
361
277
449
509
254
572
360
256
451
260
613
428
204
318
154
224
159
437
212
431
