457
326
426
361
423
359
434
427
406
418
336
356
351
427
330
421
362
380
520
392
356
323
406
343
434
445
390
411
419
388
266
358
360
419
358
432
373
362
355
340
474
274
378
511
376
310
311
446
302
487
497
417
423
314
420
358
351
352
416
293
416
458
479
390
262
298
354
343
329
375
334
332
436
298
437
287
492
438
405
417
407
451
507
397
470
449
314
442
367
436
352
378
367
366
330
342
422
273
445
341
264
255
384
525
303
383
428
362
525
437
390
372
331
384
327
452
459
433
437
405
480
452
321
348
318
312
377
321
393
339
432
353
324
506
321
375
303
448
360
401
459
305
426
439
400
389
317
436
364
337
645
285
384
429
489
346
444
286
344
298
411
403
300
422
383
384
394
407
478
262
335
511
312
588
347
347
415
254
392
475
415
413
479
398
421
478
390
372
400
389
406
376
379
465
498
354
443
364
377
367
382
385
673
410
385
467
391
511
402
358
392
362
362
403
402
239
506
378
382
395
365
548
645
590
336
446
419
414
342
309
365
335
334
348
385
476
257
469
486
287
368
475
612
345
347
304
467
373
432
418
466
377
386
380
339
457
437
539
466
379
300
373
477
352
449
267
335
286
440
441
256
336
306
428
332
321
431
395
387
287
467
280
363
363
406
336
306
501
471
457
308
269
352
385
273
325
331
323
269
324
400
278
293
343
351
426
436
386
441
338
342
336
302
326
364
425
307
454
522
320
232
383
333
326
358
470
400
388
380
403
487
330
460
480
461
280
510
400
417
515
457
343
451
364
367
300
412
356
428
303
370
476
437
383
407
383
334
469
424
287
358
463
369
344
314
559
393
345
471
265
425
440
444
283
471
515
381
388
622
395
357
397
356
394
339
280
323
281
384
471
376
450
296
490
399
480
505
426
457
432
358
414
458
422
272
356
338
310
437
609
413
408
423
408
391
288
536
549
303
385
594
467
364
438
355
393
366
313
320
309
360
467
357
362
402
378
391
458
331
579
280
388
486
401
396
343
466
461
358
283
306
395
480
361
335
258
596
443
422
387
408
504
370
488
324
411
458
478
434
423
397
410
422
428
297
350
446
505
435
282
247
315
416
466
474
386
470
341
474
414
388
278
399
385
429
378
517
315
396
335
351
322
386
453
642
390
466
344
252
481
409
382
294
367
299
403
372
412
627
403
538
449
507
340
570
362
398
548
370
236
264
365
386
318
389
370
395
481
314
288
446
278
418
530
432
373
427
472
490
432
356
276
411
361
442
367
372
484
442
389
298
345
394
358
375
340
280
404
268
357
523
472
385
316
419
351
279
345
316
350
320
465
356
357
344
307
436
447
340
272
396
631
374
282
378
401
470
376
395
300
452
353
429
433
411
493
380
303
375
449
320
407
557
338
543
316
370
483
362
312
360
317
504
382
413
351
360
452
351
383
457
372
366
411
452
461
385
299
381
434
339
359
397
332
381
340
375
315
430
362
321
456
426
450
450
305
408
417
461
325
327
429
445
278
385
421
398
270
252
417
508
375
484
356
365
366
338
307
493
359
373
392
403
375
352
442
469
376
356
493
428
487
332
429
308
392
300
394
538
332
351
283
362
448
381
295
344
264
485
361
317
323
366
407
423
381
300
431
600
313
441
478
301
449
451
356
410
352
287
509
352
351
386
434
316
339
376
366
457
443
382
403
321
436
379
381
263
308
447
282
361
394
395
350
416
376
553
352
249
353
399
503
330
499
370
587
372
361
348
377
457
438
323
377
339
459
307
416
349
393
404
430
282
407
360
419
287
333
342
321
373
383
289
405
300
378
380
485
363
462
433
448
426
519
339
445
297
337
304
367
279
321
306
326
371
356
441
433
433
404
322
377
332
479
488
293
262
417
416
322
279
378
279
350
419
371
343
428
339
387
316
463
501
408
422
366
503
372
399
428
321
517
557
451
495
309
608
297
426
394
356
368
361
366
419
313
475
550
348
458
457
424
549
406
382
319
365
330
393
299
287
420
401
295
387
336
422
446
320
404
415
398
588
451
307
439
245
449
354
275
286
417
367
303
502
571
381
436
323
319
320
331
382
410
341
590
347
549
240
382
502
412
397
372
321
533
570
436
378
375
346
355
333
334
385
292
385
349
440
417
393
412
377
413
286
348
350
375
401
422
299
538
368
395
422
325
380
403
415
387
411
494
282
527
425
340
242
310
363
263
447
397
398
471
325
435
337
417
446
402
323
333
265
295
393
281
356
520
355
304
331
424
402
334
519
307
356
356
438
363
244
405
299
384
209
401
193
191
381
223
193
368
267
302
265
338
472
192
533
461
405
366
142
388
381
522
225
261
411
593
312
320
192
251
547
240
568
446
212
398
344
249
428
308
305
449
265
142
321
272
265
307
320
416
258
248
573
547
161
306
564
309
365
626
388
282
501
232
209
196
316
209
256
419
193
161
345
412
352
285
490
261
281
200
384
280
223
300
209
519
684
301
413
396
384
267
307
380
320
194
190
294
572
165
347
293
211
164
254
345
357
223
356
267
257
420
385
292
225
162
213
492
239
313
438
224
240
336
229
209
473
358
159
286
346
497
308
309
191
332
176
414
307
485
160
256
196
241
225
332
448
528
212
193
163
272
341
236
306
432
265
211
453
288
143
337
225
281
456
524
333
181
443
423
678
267
301
528
272
336
328
201
241
343
329
414
373
293
176
232
229
81
399
282
300
281
368
413
225
285
269
327
269
393
377
239
240
269
452
253
225
307
162
290
489
239
525
220
245
305
241
445
253
281
370
146
310
381
369
311
174
185
241
240
277
324
252
181
207
193
217
481
209
594
181
357
529
241
261
269
412
224
223
329
417
242
217
146
352
502
241
329
682
320
264
207
361
434
256
365
310
593
468
276
409
210
255
503
417
389
296
205
276
143
356
390
413
193
285
175
417
614
284
329
305
273
111
174
459
223
228
327
289
345
248
565
226
372
282
461
226
264
352
223
226
313
245
393
409
246
279
333
580
273
438
401
345
145
389
457
244
175
401
194
564
220
250
458
300
265
504
145
199
276
193
222
438
224
144
321
216
253
225
312
369
238
244
386
241
240
369
265
274
240
437
554
213
221
440
373
267
277
297
463
205
372
129
388
208
193
398
240
514
349
297
510
230
290
269
525
235
280
257
337
565
468
271
292
181
191
301
256
386
225
247
416
380
150
326
365
213
512
262
360
292
224
370
301
526
357
385
535
625
321
177
274
385
225
194
267
477
468
333
408
434
475
217
252
269
241
341
240
348
233
302
393
157
221
255
158
299
396
473
326
276
350
241
312
487
273
654
309
179
485
401
377
420
243
143
161
261
193
371
342
223
162
472
241
208
376
427
182
176
192
272
300
390
423
177
341
225
305
461
192
381
210
501
349
218
415
164
196
373
349
520
422
373
175
206
273
356
160
229
521
213
249
464
304
194
229
262
338
238
528
388
437
178
477
275
208
291
260
224
313
334
194
405
453
406
511
217
294
256
349
365
392
533
349
176
145
445
290
162
227
369
389
612
209
280
240
489
313
229
224
181
224
259
208
291
376
192
197
352
292
277
611
145
145
600
276
377
277
483
504
537
192
422
193
541
260
322
342
225
289
242
228
333
285
146
638
225
244
359
209
344
525
411
265
175
332
310
121
219
176
327
256
334
349
237
243
459
360
299
216
503
128
228
585
412
288
257
245
193
257
161
385
500
253
176
242
470
239
224
369
356
237
206
536
417
435
217
229
508
278
276
531
552
206
209
193
81
434
209
221
239
503
209
439
239
210
507
564
465
345
346
128
521
305
566
388
257
226
429
241
195
476
352
185
308
176
380
288
240
485
194
190
501
433
386
317
297
361
361
450
505
225
328
402
472
544
262
191
142
301
445
522
129
224
325
330
287
196
224
297
321
353
508
348
180
209
470
244
388
452
334
304
582
425
223
538
198
217
367
281
360
494
310
175
273
328
256
506
367
339
209
293
265
213
243
209
432
273
255
322
209
274
239
593
264
241
146
268
378
224
328
523
209
317
484
265
240
208
273
239
409
225
207
161
475
209
256
128
335
174
175
440
163
241
372
316
415
242
217
176
330
340
160
254
133
373
535
273
429
239
361
247
388
502
254
349
207
473
326
361
177
448
191
372
399
362
377
228
162
485
129
253
532
175
434
161
427
213
176
256
288
316
213
242
335
435
215
502
176
233
160
231
238
327
284
513
144
239
265
266
191
418
428
452
257
228
316
265
361
229
281
178
494
239
240
397
231
462
494
193
361
285
248
336
128
382
336
177
295
510
341
369
484
145
213
327
247
142
574
225
145
293
322
206
250
224
245
399
289
161
176
609
283
210
222
274
517
295
317
348
225
211
226
256
176
177
416
262
254
326
314
331
240
225
265
349
234
161
224
222
345
182
142
355
356
228
493
360
363
329
237
260
177
144
485
476
411
321
138
585
214
192
527
344
591
374
191
241
225
161
468
386
227
283
452
413
225
144
211
497
271
256
389
263
316
142
470
560
224
240
249
337
309
141
664
204
