381
330
475
544
539
444
422
264
460
403
573
309
315
318
397
299
469
464
563
439
361
299
281
426
391
361
381
368
276
323
379
404
532
363
366
455
480
300
362
338
430
340
499
484
326
414
537
207
463
350
404
315
758
570
289
458
492
406
450
341
350
427
380
513
383
299
441
406
492
476
431
414
388
460
390
307
264
468
344
342
338
621
587
316
367
351
407
447
343
424
412
398
440
393
319
611
386
324
381
392
442
263
480
345
402
422
430
440
414
399
390
593
378
405
460
398
448
562
474
433
388
393
376
477
591
443
311
347
388
353
507
497
364
507
426
428
390
432
341
403
359
275
598
416
311
381
437
276
265
374
424
530
405
533
268
492
338
391
461
613
322
366
580
482
410
505
418
399
512
407
386
339
327
414
692
447
440
456
490
452
289
394
348
462
403
799
371
395
368
273
261
390
297
452
394
392
508
318
392
488
390
331
576
388
624
462
415
465
523
469
406
344
438
360
484
280
388
358
331
489
512
312
421
319
351
615
388
436
379
312
534
439
408
595
369
420
359
314
390
407
339
311
467
484
418
253
361
358
322
428
398
315
553
480
486
361
454
412
396
349
600
295
424
443
412
337
417
422
681
332
431
467
234
303
376
492
340
383
341
319
338
390
353
318
538
427
351
389
325
371
611
283
387
334
478
390
391
416
317
390
385
314
250
278
441
343
370
344
437
416
432
388
480
347
577
489
416
483
506
400
485
309
383
508
390
387
356
408
340
443
481
344
452
370
412
401
391
292
510
350
414
386
392
433
329
330
390
276
307
465
470
398
550
410
381
414
303
372
394
330
397
469
387
330
356
324
451
474
459
370
327
385
343
456
375
402
349
643
430
572
397
319
421
283
399
356
345
255
349
417
430
454
338
343
413
546
399
418
360
310
390
431
431
408
554
355
390
351
246
353
452
611
387
363
428
421
309
434
489
323
318
623
431
339
377
359
336
394
384
410
405
485
451
368
398
496
407
331
450
252
452
405
395
394
612
531
422
624
375
311
310
351
342
500
383
557
460
415
328
329
342
464
289
372
442
454
394
388
535
412
409
632
450
368
369
369
310
305
347
382
372
405
437
347
367
497
592
454
478
318
319
376
320
554
313
397
348
565
407
358
518
487
443
388
453
296
390
336
369
300
416
322
323
416
433
422
542
371
348
454
339
361
336
326
305
376
330
407
412
452
257
511
467
463
349
339
454
306
400
510
402
289
486
499
423
416
374
474
367
501
354
371
486
451
325
411
337
382
456
320
465
398
560
386
416
434
355
358
361
431
301
435
431
284
437
436
342
466
331
348
377
345
431
425
358
540
495
381
475
414
342
407
352
420
452
468
309
519
302
291
729
310
338
367
625
426
298
431
446
389
419
344
477
427
451
508
331
389
386
339
388
357
371
358
368
484
362
396
478
333
442
420
492
408
383
444
321
330
320
430
399
345
339
608
382
402
393
388
406
341
387
360
435
432
570
416
345
372
289
304
465
329
352
416
289
477
429
595
389
409
425
311
384
485
456
350
331
435
329
510
367
359
484
576
387
491
303
322
390
387
300
462
442
337
438
337
460
551
507
442
418
512
446
448
570
435
408
350
413
308
318
441
507
334
360
596
517
371
337
492
436
498
329
393
195
334
501
575
258
425
307
348
499
259
513
280
414
564
459
582
376
345
314
355
400
351
418
401
472
450
551
230
420
429
333
369
429
431
353
455
376
337
438
368
358
419
342
338
485
393
447
305
372
562
390
480
384
375
285
340
354
363
353
473
300
390
370
451
413
378
392
445
391
282
446
432
433
304
338
476
332
418
450
603
460
395
465
411
551
434
473
421
507
409
388
395
315
429
312
448
330
441
409
375
396
438
357
421
417
271
384
445
357
337
424
478
408
462
504
352
442
407
421
392
335
480
309
394
429
438
247
371
381
417
384
324
465
385
343
444
380
511
380
410
411
428
398
353
476
444
401
466
422
420
373
353
340
382
365
646
393
383
376
402
549
399
292
339
369
415
391
508
410
471
470
299
427
398
380
312
636
381
283
349
353
349
408
469
440
375
367
519
317
425
411
442
418
312
354
489
500
505
280
287
327
253
323
387
451
334
463
355
365
481
346
336
304
468
487
497
400
280
433
336
556
459
480
465
391
368
420
408
473
506
375
435
404
302
531
408
357
544
436
323
333
471
390
492
680
286
457
463
329
549
309
444
473
761
374
415
377
428
432
371
423
374
329
395
255
481
380
437
475
517
452
493
269
319
366
340
517
236
302
242
392
371
300
228
426
388
346
187
434
397
444
328
267
343
191
204
366
271
517
246
153
220
471
383
326
745
202
204
432
479
299
477
334
272
266
339
363
246
432
409
273
237
429
478
245
253
443
265
221
431
236
468
225
517
173
219
494
373
187
380
257
457
173
451
278
262
334
428
169
377
303
219
190
313
489
254
422
272
381
539
417
291
532
602
280
191
536
185
169
292
343
412
186
220
410
283
393
185
451
171
441
325
344
426
269
226
481
479
330
379
205
237
463
302
221
359
414
464
291
410
517
326
161
453
255
579
473
351
166
206
371
352
238
295
304
307
254
280
485
402
259
255
448
319
402
275
295
330
292
452
374
254
187
380
119
275
368
355
170
239
236
590
345
271
223
170
377
239
505
241
346
338
204
687
194
298
174
85
255
300
422
330
238
430
221
85
243
277
236
187
464
276
279
152
531
310
290
288
445
253
220
437
232
391
372
235
202
452
204
228
250
456
168
282
510
265
372
322
378
171
342
241
275
201
377
184
283
299
328
477
423
468
136
261
287
556
256
426
242
224
198
347
286
664
563
477
256
235
355
170
221
275
417
293
489
334
270
297
205
452
438
201
284
361
186
425
283
278
488
219
222
357
219
288
271
349
279
135
577
441
393
204
385
347
483
393
217
220
435
437
432
439
279
220
286
203
644
308
300
217
588
385
242
454
434
241
250
218
393
304
238
464
220
292
355
367
401
351
264
318
288
169
518
534
560
312
205
208
297
255
283
228
443
236
423
151
237
233
570
380
221
204
381
324
169
295
229
371
573
289
262
421
202
238
253
471
153
226
422
222
327
279
225
275
300
276
522
305
309
136
221
393
452
275
375
259
222
187
275
240
376
256
272
245
385
411
221
372
258
275
517
156
301
342
325
495
303
221
373
154
279
334
612
472
204
314
255
245
291
238
373
275
238
399
380
358
171
307
271
266
203
255
551
186
254
254
301
233
410
372
503
509
506
386
515
396
288
364
154
473
293
205
256
241
395
176
238
294
223
250
254
608
188
301
303
511
498
266
634
171
178
283
238
288
255
433
220
350
330
169
265
446
395
358
255
276
204
304
644
244
523
506
274
423
308
225
237
238
252
256
469
326
364
411
282
259
607
282
341
187
575
203
520
524
258
559
346
397
245
276
527
207
408
167
185
296
203
250
254
387
221
402
595
255
259
402
371
170
269
330
187
154
370
376
330
737
436
495
188
514
220
242
255
119
493
223
254
242
251
343
551
235
470
327
482
590
278
204
219
438
275
238
253
661
304
354
288
203
253
477
370
256
378
271
202
253
223
352
341
347
271
350
238
237
170
504
219
253
237
405
299
220
237
300
545
254
450
580
222
641
300
200
236
221
284
254
299
652
241
275
311
590
252
292
516
383
342
485
325
447
171
391
498
152
325
354
314
388
396
442
406
297
246
325
597
168
203
296
188
536
499
578
204
211
511
304
408
267
204
405
259
270
471
350
518
282
574
456
390
300
329
220
383
431
153
254
189
442
476
271
447
405
379
325
186
191
680
462
255
301
221
516
216
404
532
168
467
461
254
186
249
262
443
204
445
207
225
238
221
608
393
291
243
372
150
253
460
238
186
563
497
220
173
387
273
356
170
236
379
323
486
461
261
467
479
136
540
323
427
336
203
311
140
347
253
309
288
254
152
255
351
201
283
492
204
516
369
528
119
446
204
376
221
255
405
204
448
458
263
254
467
416
377
237
471
208
237
186
387
599
254
255
254
328
317
301
256
152
240
238
225
204
237
430
288
517
271
224
297
236
254
330
285
342
289
326
434
221
335
560
412
186
289
366
380
239
452
329
566
255
255
276
489
395
531
236
464
258
258
239
493
580
203
275
465
225
168
217
253
407
539
169
187
228
225
347
294
662
204
238
590
322
205
411
227
238
202
254
389
317
256
238
359
167
421
370
174
255
325
170
422
406
205
296
294
255
229
307
298
351
278
414
262
417
444
390
297
236
253
185
317
153
437
575
174
461
389
309
595
491
393
256
152
254
483
237
259
443
577
256
284
237
235
497
367
289
119
153
203
220
242
271
240
266
489
259
366
355
581
203
289
222
268
430
199
235
250
223
134
574
238
261
271
390
481
283
362
259
205
151
334
447
272
263
269
254
204
616
818
361
526
157
284
368
548
288
411
485
536
386
376
318
280
250
456
221
292
256
239
309
204
314
308
527
298
390
255
567
219
480
212
428
239
254
334
675
221
237
201
248
280
453
337
288
421
615
