430
443
367
312
452
327
442
474
452
339
376
381
445
361
709
406
332
459
560
274
525
380
358
313
373
414
593
614
523
556
342
408
382
279
361
482
623
453
517
506
577
311
491
501
305
514
433
441
413
390
358
378
357
504
356
449
497
364
487
359
380
386
396
261
594
364
505
463
678
385
116
517
539
355
407
393
342
392
356
457
418
351
391
266
578
460
471
418
457
457
431
470
395
476
325
332
491
498
373
398
350
389
295
327
396
438
475
526
468
312
447
338
348
350
401
308
469
360
331
443
361
341
428
391
314
417
395
323
583
462
561
429
367
399
354
309
335
406
310
340
316
491
327
579
404
411
455
352
322
442
397
467
607
341
475
405
297
507
488
276
330
473
484
384
402
522
362
356
381
441
444
504
319
432
378
517
530
359
300
470
424
465
231
449
565
471
372
334
535
438
821
304
325
324
442
396
509
468
367
426
368
347
449
333
376
317
298
484
399
415
495
461
432
347
386
540
348
292
345
415
357
446
340
466
400
302
346
329
355
336
431
492
569
340
344
441
509
415
422
423
456
456
347
347
491
421
383
376
536
516
448
302
375
500
459
466
440
437
335
465
354
329
369
481
261
357
421
612
394
387
456
441
518
395
737
411
311
321
543
411
608
411
404
346
371
478
388
299
449
354
361
351
575
492
596
314
580
387
404
386
305
333
524
375
534
393
434
406
364
560
240
422
555
438
451
390
520
319
325
390
380
387
378
450
481
362
425
461
432
407
602
330
270
294
453
508
363
427
340
501
376
426
504
283
361
368
386
416
386
535
496
330
366
535
455
332
452
469
339
474
367
517
396
485
454
530
560
442
352
333
421
535
474
443
373
489
391
270
435
543
331
319
322
355
422
324
464
382
423
292
462
357
367
520
409
335
527
309
411
394
309
469
468
425
363
410
301
385
376
475
312
345
341
378
340
405
436
481
521
381
389
421
488
400
464
443
445
418
373
475
356
368
395
365
467
426
372
413
399
525
566
433
507
504
560
479
280
329
377
420
442
417
436
395
451
414
385
362
320
391
443
445
495
365
446
568
426
512
531
439
431
507
340
421
566
459
322
674
488
376
441
471
576
280
485
441
502
361
277
525
356
411
378
286
474
392
421
751
563
303
379
382
412
484
407
432
338
372
377
355
392
462
584
381
404
531
396
540
365
660
408
668
444
472
393
401
407
435
433
439
473
432
414
401
314
351
512
399
384
395
359
350
425
550
513
513
387
400
507
408
449
469
400
423
478
445
446
454
419
534
463
318
312
382
395
401
412
387
367
536
446
404
386
329
415
536
337
401
360
504
600
303
361
538
530
337
545
370
379
563
434
526
383
403
452
478
349
277
482
306
531
579
459
450
448
391
425
386
320
517
385
403
467
489
420
454
549
450
595
435
388
479
390
388
384
416
428
414
426
479
408
432
443
432
483
386
411
391
428
318
334
506
369
463
450
420
709
496
280
434
400
420
380
419
358
698
368
318
390
375
549
267
388
395
354
477
353
351
460
574
457
330
352
508
389
331
409
470
367
399
386
767
348
306
414
405
360
336
332
451
394
461
354
440
442
349
545
420
509
511
322
387
376
396
342
668
513
425
414
420
432
335
349
286
459
367
317
450
590
293
486
446
453
415
349
423
340
538
455
346
642
387
395
430
396
429
586
622
547
386
390
415
454
637
333
445
385
392
445
434
480
480
397
440
374
610
584
487
348
434
366
362
382
349
337
364
310
314
389
322
621
545
337
515
380
429
437
426
350
304
316
476
291
408
335
561
470
281
607
479
320
504
511
452
531
383
412
391
358
284
335
401
454
381
463
460
521
408
365
483
467
456
373
473
533
541
584
441
446
379
506
386
364
470
551
469
368
501
383
435
335
521
417
477
362
389
454
479
402
491
369
322
285
483
316
330
381
260
413
425
426
526
428
449
383
598
542
362
448
399
417
399
531
343
357
319
344
487
630
438
386
459
612
437
394
460
383
319
461
422
356
416
453
428
425
351
447
455
436
494
564
424
410
771
403
387
598
419
586
273
412
381
263
468
548
529
440
272
492
280
446
458
436
475
416
620
501
360
349
439
284
427
405
472
515
561
438
499
429
484
324
540
313
495
360
623
465
488
357
376
453
431
562
468
472
390
482
384
420
392
366
444
350
475
438
416
437
556
344
492
407
397
430
542
421
397
357
380
481
395
493
576
287
427
580
390
420
529
508
493
434
448
337
483
389
580
515
439
529
464
461
356
528
348
449
355
390
524
426
424
269
197
90
320
178
413
251
497
219
272
545
303
406
235
398
343
216
588
351
327
255
374
268
319
276
370
466
752
213
354
346
271
408
404
257
536
530
336
343
344
505
808
258
392
214
497
619
431
284
267
398
251
326
269
90
647
248
220
522
213
258
442
269
692
427
301
382
214
497
369
100
489
273
520
215
179
672
277
441
215
267
273
198
393
372
317
259
297
501
376
369
872
394
195
270
278
357
307
251
536
249
361
525
195
237
250
505
435
296
361
227
438
648
241
389
384
267
486
304
231
461
673
488
253
618
598
247
390
610
483
293
274
542
214
124
612
196
249
343
474
247
474
535
367
273
286
526
574
566
178
347
686
411
455
254
429
269
277
232
491
319
583
290
342
195
313
270
198
435
154
433
195
249
365
354
654
528
388
301
207
253
232
489
333
410
391
604
231
384
300
396
251
392
413
368
295
338
111
515
433
249
159
225
272
366
238
677
612
271
334
266
399
201
299
268
160
439
493
162
269
349
464
310
223
238
373
250
219
518
284
234
255
213
207
201
232
324
407
187
230
553
250
243
351
258
214
269
261
441
380
310
180
269
482
270
446
431
358
177
252
215
233
675
380
232
566
269
273
515
322
452
142
331
197
326
677
248
324
396
201
343
298
398
431
469
432
198
211
418
404
341
275
585
231
554
234
497
508
281
250
90
580
160
280
232
532
495
250
404
402
408
513
414
240
410
326
765
249
527
251
269
349
513
333
510
757
453
243
214
231
212
277
606
214
215
244
496
508
297
370
289
232
260
254
261
249
287
267
249
289
233
251
524
343
398
287
741
500
194
373
234
571
429
440
705
233
381
267
350
440
252
345
249
255
290
557
212
254
482
294
418
375
465
214
241
231
445
254
248
269
215
184
279
196
611
259
310
252
594
509
214
249
89
483
265
376
593
196
223
276
193
267
411
500
252
215
196
385
280
238
328
812
393
250
455
381
408
409
216
273
344
233
662
273
159
177
142
214
679
355
245
346
211
391
233
328
294
225
334
197
154
219
377
280
330
432
133
176
384
194
311
254
269
237
233
250
404
369
320
232
180
250
287
233
159
268
420
215
377
430
550
360
530
196
739
249
270
506
565
678
319
373
233
595
255
180
236
269
307
497
269
690
274
364
452
161
281
215
370
180
572
475
438
269
401
377
411
384
141
246
412
252
270
215
462
311
446
390
212
324
196
269
249
492
237
452
325
197
254
241
277
161
292
269
456
259
251
195
563
412
487
354
417
164
236
662
374
233
236
209
354
313
231
540
232
278
383
548
219
375
581
142
233
142
254
322
309
253
305
174
219
395
197
598
241
233
142
326
234
307
563
162
474
285
234
432
582
232
237
621
664
259
421
397
426
237
342
177
415
236
472
363
354
277
159
467
428
405
290
453
280
373
350
419
347
457
273
465
490
290
354
290
212
381
269
344
452
333
291
255
254
352
405
279
484
215
312
386
259
280
269
265
271
537
233
387
125
390
270
284
321
429
275
285
513
232
162
467
700
449
409
569
488
126
457
250
261
337
214
413
205
502
291
362
335
423
214
303
159
408
241
385
356
179
250
254
391
269
252
338
266
430
577
143
294
476
250
544
177
215
248
287
367
197
263
311
273
277
454
699
306
373
612
413
198
279
429
254
290
542
456
434
272
365
507
703
233
521
250
554
351
379
325
335
214
317
286
215
406
269
161
398
314
585
380
234
214
424
428
179
300
351
280
670
383
215
495
288
569
309
197
461
159
449
195
340
385
321
231
282
428
213
346
486
233
268
287
370
445
429
234
272
269
286
355
305
250
177
290
231
214
762
287
514
251
297
369
544
161
281
334
232
447
180
236
418
196
312
381
470
232
397
407
288
268
419
261
293
384
249
323
784
429
179
473
438
455
254
399
311
253
213
411
396
179
214
205
512
249
215
251
251
276
179
444
263
313
214
418
616
89
493
460
269
435
302
387
518
233
215
227
300
413
376
425
325
427
266
187
470
374
347
299
291
471
194
483
355
250
430
331
361
206
486
512
333
249
284
143
281
299
367
257
463
511
231
281
297
125
562
297
364
408
269
424
405
436
338
251
469
275
392
217
197
408
476
450
215
285
313
251
280
267
627
232
377
179
303
304
233
368
197
254
307
399
231
360
311
528
442
296
355
450
268
287
270
342
295
270
449
230
442
297
251
537
607
385
477
368
362
355
251
212
407
243
299
309
409
682
721
381
237
214
161
298
464
446
200
251
215
221
308
250
404
196
391
472
250
332
407
