365
369
503
373
363
421
354
420
403
459
420
479
340
419
456
380
535
374
370
440
352
527
393
331
374
451
498
375
479
451
524
516
456
365
339
571
369
397
546
471
471
367
490
351
383
369
469
384
484
418
496
351
503
343
525
640
451
282
383
601
435
475
332
423
393
459
489
397
291
553
308
496
352
407
467
428
301
578
512
476
283
438
405
455
398
325
670
448
644
738
609
511
321
498
504
514
384
417
538
486
343
354
338
574
566
654
373
514
338
381
381
487
349
498
424
510
435
414
443
285
447
428
348
331
328
381
483
368
429
346
296
338
394
529
367
618
434
394
356
396
585
325
555
431
409
347
452
392
387
303
540
419
495
438
585
401
390
519
493
396
385
510
536
354
391
467
610
439
522
564
334
545
470
380
354
432
336
478
414
408
487
513
542
567
364
391
493
451
446
342
441
530
293
478
591
480
495
446
454
614
572
503
491
518
405
595
512
489
480
322
375
399
352
510
694
465
514
451
394
395
326
435
553
383
465
575
339
400
542
327
519
460
664
466
376
401
489
456
393
502
424
463
467
394
358
605
460
387
486
493
465
339
395
407
327
406
615
401
596
482
516
356
378
422
483
486
377
654
464
436
271
410
384
363
452
463
350
550
323
450
411
347
401
433
483
373
520
298
461
703
433
412
376
477
512
436
439
381
406
463
576
540
406
368
588
442
372
525
393
453
500
344
429
515
576
275
469
469
403
311
399
346
434
459
300
538
435
367
424
488
537
354
477
489
451
393
497
503
471
277
471
437
476
355
428
353
441
406
543
486
453
320
518
475
360
501
360
577
492
432
430
411
512
303
354
338
401
364
448
406
364
301
409
429
323
402
483
443
395
644
494
443
501
420
523
356
383
366
515
416
314
343
518
358
497
346
524
543
401
472
411
446
396
550
489
442
395
310
362
413
358
477
464
338
381
499
374
485
432
471
436
402
433
426
474
395
463
511
474
435
462
438
417
512
356
426
413
416
347
285
443
390
549
347
508
388
346
248
406
453
322
499
398
542
558
514
653
439
406
421
405
402
368
546
413
417
436
349
284
494
495
486
331
384
512
403
354
441
394
386
448
287
426
338
453
718
460
359
371
438
433
584
451
564
384
453
458
325
480
459
471
496
445
435
475
440
388
509
680
426
432
599
431
511
427
487
561
424
265
463
616
322
512
480
367
392
385
382
464
496
467
348
354
522
449
423
330
408
379
413
396
305
383
332
495
596
436
409
503
523
444
523
488
444
408
279
369
606
373
472
412
351
452
495
519
464
484
453
313
373
356
442
393
551
331
373
540
380
440
456
445
345
411
463
545
391
299
454
462
664
476
396
382
319
503
469
485
520
454
374
526
345
301
412
434
348
386
385
354
318
332
316
381
387
327
389
305
516
469
397
444
413
535
365
337
446
408
455
446
364
433
369
400
373
439
381
371
514
428
524
440
627
569
425
361
444
482
332
359
324
346
365
309
560
467
395
578
389
326
423
417
466
335
382
458
347
396
381
538
550
364
449
536
610
456
425
482
440
484
494
445
470
417
551
504
496
387
364
315
458
361
534
418
433
527
445
383
414
394
436
386
394
391
499
320
631
384
363
390
549
521
361
393
615
390
451
454
384
409
400
313
372
441
451
421
470
439
372
473
410
382
473
439
519
524
350
361
476
508
424
319
481
596
635
340
354
406
497
361
325
379
520
466
343
352
463
330
323
313
411
444
386
439
486
481
331
420
540
339
478
500
368
397
539
295
509
385
516
492
348
356
508
538
514
384
367
424
384
425
614
520
455
468
538
473
445
536
585
604
335
676
409
528
571
324
424
420
475
389
290
411
479
410
326
468
487
473
631
599
436
451
550
537
393
452
472
514
510
454
382
452
414
336
401
439
425
503
489
590
381
488
653
426
429
439
416
435
561
603
489
508
465
609
302
557
415
322
304
362
392
471
385
454
466
380
447
449
371
395
409
392
484
377
552
507
469
435
438
560
451
663
515
662
549
405
511
577
443
424
447
457
468
352
467
537
306
359
364
412
349
479
397
282
514
408
412
281
451
409
404
437
396
438
472
423
353
466
425
324
481
460
379
336
623
484
309
444
455
394
502
446
426
357
680
439
405
400
510
567
320
479
570
385
401
338
480
484
560
499
366
255
397
448
479
367
413
326
421
420
418
357
331
523
409
449
473
313
435
380
507
525
501
399
304
427
349
333
455
484
432
544
464
410
413
399
368
513
409
386
440
425
391
567
536
406
447
518
374
553
471
282
397
216
350
262
325
225
242
355
246
514
561
363
291
624
567
665
129
438
406
229
333
448
403
226
422
313
267
448
312
505
208
347
316
239
328
246
263
415
243
207
183
523
422
562
269
244
225
246
169
510
306
545
284
464
253
312
295
386
262
414
245
272
264
292
262
264
264
287
270
281
433
352
477
514
209
347
328
538
393
329
307
261
429
612
289
510
375
684
602
244
461
184
494
321
242
260
358
207
286
431
246
398
550
503
380
318
435
407
208
428
507
227
344
387
470
439
655
283
577
301
281
568
266
563
242
393
205
556
268
681
290
475
246
262
341
225
725
224
413
478
262
267
264
348
275
366
304
228
205
209
188
264
282
301
276
356
707
226
316
267
252
339
303
186
366
271
401
516
314
440
385
380
430
382
190
226
298
424
188
301
439
355
193
321
207
377
226
374
283
186
302
554
375
224
368
409
456
448
283
298
449
447
287
283
150
273
245
685
261
340
337
235
500
649
229
266
611
167
283
188
377
429
363
225
265
608
283
230
312
215
243
245
262
354
281
219
246
569
289
351
418
297
226
379
382
249
450
338
453
537
428
348
356
243
208
495
295
320
429
455
300
265
384
395
381
523
265
252
282
472
454
206
385
343
245
276
247
297
272
225
316
406
264
293
342
306
281
370
298
131
429
425
466
386
169
187
350
290
188
183
244
318
345
187
296
261
263
384
246
611
386
320
517
277
286
405
263
332
294
324
448
517
529
413
270
445
301
413
434
312
170
246
358
263
474
248
244
272
332
521
433
407
378
246
548
355
264
249
428
265
408
259
186
224
449
668
236
564
170
422
207
245
532
399
205
276
222
280
280
314
585
245
439
225
306
282
307
206
421
440
207
333
303
460
210
275
734
571
184
389
331
413
868
385
393
205
590
283
467
364
264
521
619
172
245
224
607
301
363
245
312
502
356
264
246
187
264
264
352
196
231
664
256
609
350
168
449
355
517
226
655
205
284
169
610
282
681
204
302
188
463
587
437
246
637
263
230
430
224
223
288
475
540
330
333
314
432
510
208
369
282
562
188
187
364
223
244
223
530
507
264
328
307
626
447
498
263
283
412
309
215
327
242
227
545
257
246
295
167
240
219
372
658
518
245
424
131
225
354
206
390
665
262
577
224
575
568
514
498
227
360
589
250
455
287
333
324
187
362
292
206
532
308
238
269
415
357
489
263
217
366
437
401
332
329
264
311
212
208
226
300
378
462
392
309
222
337
243
457
335
377
468
493
262
261
382
265
191
206
228
500
226
384
295
402
330
234
281
499
290
498
636
360
421
288
226
587
349
245
317
382
594
302
245
288
192
427
249
691
428
226
243
548
348
234
264
395
264
410
169
316
291
320
219
326
461
374
185
794
280
455
245
547
242
301
261
192
269
245
267
454
320
559
498
647
527
566
489
242
226
609
309
224
294
572
270
435
245
563
207
353
269
428
283
314
253
246
294
640
474
413
296
230
283
309
290
264
241
265
263
187
318
265
360
746
186
174
205
487
264
226
93
380
613
738
418
260
246
529
508
225
206
700
341
282
423
263
221
358
306
515
429
245
360
234
243
579
227
429
277
227
283
283
408
314
589
244
241
429
428
452
646
284
269
202
300
448
244
548
205
189
467
339
244
396
227
337
262
263
185
394
341
263
206
472
244
248
268
170
245
393
264
397
313
243
286
447
230
378
205
281
339
539
217
439
239
291
515
257
225
208
242
348
226
476
622
249
345
227
268
346
226
283
130
358
291
242
264
612
192
445
356
323
340
332
262
477
540
616
226
265
406
406
243
244
245
587
264
646
583
362
640
290
354
485
264
243
437
258
264
185
244
166
185
385
264
385
173
409
265
263
414
303
440
244
278
380
268
661
358
244
152
333
265
293
284
245
509
318
309
303
230
409
329
559
225
411
245
251
245
283
318
245
268
321
459
449
263
284
501
308
534
295
438
483
168
226
459
660
546
404
281
245
353
234
306
613
265
384
283
334
405
283
186
492
378
279
322
517
306
508
361
274
264
588
409
283
319
207
301
419
252
364
222
503
190
340
289
263
263
207
477
226
243
300
598
423
308
491
456
322
408
566
559
532
556
409
204
422
188
408
478
365
209
242
559
360
379
568
299
301
477
222
223
225
245
272
264
337
707
276
257
207
486
683
241
208
207
333
195
451
498
277
354
310
271
302
207
434
501
239
288
289
342
208
653
246
378
511
414
295
476
263
521
282
297
257
392
263
264
168
590
716
443
491
372
352
234
320
