350
505
395
503
501
497
434
469
407
465
429
485
441
376
642
506
512
374
399
467
482
403
577
349
331
536
364
391
379
730
354
550
519
423
707
520
383
494
447
644
545
480
583
574
436
522
372
514
471
483
569
356
411
424
440
350
527
621
373
378
339
621
386
609
416
375
453
511
400
445
495
490
302
426
360
428
404
407
415
516
703
459
480
295
677
459
529
507
550
401
468
593
356
415
573
330
567
356
451
472
399
448
530
451
511
424
369
431
395
555
511
399
426
481
384
440
608
463
627
487
486
516
356
561
433
407
508
464
380
504
346
567
321
402
384
341
472
532
364
520
498
823
568
424
427
652
405
383
566
493
491
334
358
444
413
539
493
717
621
508
483
327
380
456
505
521
506
475
459
564
553
478
445
450
462
433
430
524
464
491
575
482
508
412
447
483
328
616
496
437
383
469
567
418
388
411
470
553
452
325
324
516
503
957
431
558
445
413
739
529
462
527
585
386
452
465
355
363
435
413
525
371
351
447
515
538
533
464
611
535
432
408
365
390
592
386
345
362
609
388
473
485
478
377
518
450
505
445
417
443
452
385
587
455
517
574
300
540
431
458
344
476
509
674
414
629
342
496
531
537
561
470
471
385
420
495
444
447
490
497
369
489
504
648
456
559
375
497
513
565
510
512
555
493
394
557
435
502
489
705
489
423
443
314
445
281
510
454
296
298
520
544
412
457
341
431
617
517
419
382
512
496
379
376
497
438
419
499
389
383
415
307
415
473
444
442
384
330
525
305
473
427
516
468
629
462
600
434
446
438
559
391
527
422
368
575
545
463
704
370
481
426
635
444
410
540
459
507
598
515
365
439
416
575
496
520
399
582
577
447
430
532
447
418
625
704
417
506
416
508
709
439
553
379
436
494
522
474
481
530
413
545
515
465
563
463
506
554
523
448
470
480
560
426
457
710
524
471
519
523
482
653
472
457
561
595
538
532
409
532
521
380
348
444
489
489
404
497
530
508
479
403
497
447
640
439
536
449
394
319
666
428
509
433
549
409
613
392
465
519
524
403
384
409
370
554
419
442
427
339
577
380
407
461
435
488
669
503
589
501
460
386
378
532
446
488
488
418
490
388
459
464
485
508
526
428
511
311
443
557
751
458
458
452
491
407
444
412
423
404
436
349
351
473
449
471
438
638
455
346
462
517
407
524
333
527
384
488
446
347
480
406
435
339
429
430
388
492
369
587
405
318
365
332
390
523
330
525
466
417
482
387
447
432
418
482
432
489
475
395
459
428
564
342
360
430
743
474
504
433
490
385
541
525
604
472
431
497
482
394
392
437
645
580
418
329
418
608
579
642
470
416
556
451
443
344
599
323
419
443
514
453
539
402
364
466
559
512
513
377
358
426
604
652
425
515
496
405
465
509
552
460
526
396
488
473
567
353
452
447
463
625
490
461
493
517
627
510
478
570
367
452
407
522
386
533
438
582
468
447
554
517
515
422
540
309
414
394
436
377
372
438
392
363
528
583
591
502
340
360
357
446
501
601
511
368
358
464
421
458
458
507
436
376
459
590
383
349
489
567
366
387
468
323
458
429
477
347
496
436
572
385
471
341
363
427
479
392
474
381
378
576
344
539
480
481
403
533
538
480
419
638
436
447
468
447
393
565
525
712
456
468
605
611
430
418
511
568
403
547
436
513
540
388
433
453
566
462
418
428
497
489
431
430
537
414
445
479
420
564
476
632
315
434
404
436
478
523
428
486
330
448
515
436
564
652
560
406
733
350
460
550
544
574
542
357
440
467
628
349
389
543
566
488
364
500
496
504
443
488
575
514
498
456
565
503
493
487
497
499
482
309
559
392
444
397
569
395
645
531
511
484
691
359
672
605
496
514
604
367
474
396
494
388
582
495
550
305
448
808
506
512
396
458
375
551
382
489
711
434
541
522
543
477
587
352
430
406
347
498
615
506
505
497
604
525
385
473
641
610
559
279
430
462
402
404
547
451
410
496
491
430
479
407
291
346
365
447
494
482
519
362
399
337
409
704
439
303
452
405
493
430
437
422
621
538
452
440
497
473
425
374
523
691
567
494
507
356
587
511
403
451
427
447
605
715
474
375
584
491
450
442
522
453
510
666
388
621
480
502
325
574
429
462
448
418
513
505
553
441
579
459
474
532
364
448
367
451
425
476
471
595
333
414
403
476
477
438
458
416
494
523
566
516
493
334
465
458
479
446
448
557
698
488
545
394
556
486
448
509
611
441
372
418
527
422
554
494
360
401
244
267
227
143
509
498
247
658
284
449
331
356
247
598
545
431
502
661
225
288
468
270
349
378
281
268
280
289
874
269
286
444
185
489
277
227
288
206
367
289
228
294
617
486
526
760
267
289
431
390
276
242
500
469
333
531
609
245
270
545
286
356
714
355
392
383
269
426
311
206
748
541
494
722
542
377
476
445
398
361
204
508
312
285
419
268
512
206
711
144
225
447
461
548
243
502
210
338
560
373
527
310
247
267
465
207
665
102
255
289
820
490
226
184
656
247
644
344
319
248
576
360
306
249
309
314
521
348
384
273
552
440
596
265
308
382
204
345
498
444
393
249
469
270
256
560
336
508
401
398
396
247
668
182
426
427
257
290
399
758
428
587
302
266
292
227
384
466
311
268
332
378
521
577
718
317
584
247
281
319
467
269
310
402
433
227
301
247
335
288
267
185
314
630
770
413
534
441
252
442
451
489
226
314
200
515
481
290
205
443
205
446
246
290
341
690
328
268
294
204
336
564
163
562
493
308
268
296
176
436
1124
227
356
401
293
284
285
272
340
603
310
270
334
290
368
249
252
210
468
493
539
318
294
473
369
331
586
514
273
291
360
267
542
492
414
603
502
348
698
231
448
509
232
226
718
417
496
551
247
270
289
301
273
340
588
223
523
758
615
393
273
340
619
247
281
205
465
248
269
418
315
311
252
210
164
297
314
345
520
510
331
516
186
329
586
605
568
340
266
310
246
228
339
267
303
298
267
797
498
458
374
290
621
248
593
310
552
321
185
218
357
226
571
290
291
418
381
229
314
589
288
322
289
609
330
668
446
410
268
412
391
290
206
468
350
311
205
768
313
250
661
289
294
490
290
269
227
391
605
360
718
343
207
369
245
185
311
494
287
311
437
343
340
288
875
460
422
394
311
183
668
575
247
663
309
439
249
527
492
443
289
143
269
328
722
207
478
404
314
228
422
297
565
539
257
471
209
572
263
247
230
526
452
718
515
258
675
224
290
437
226
631
454
288
288
273
310
490
244
407
288
268
512
185
565
439
239
318
493
527
250
237
548
291
260
406
315
330
473
249
249
390
205
310
247
577
593
477
660
206
249
465
289
545
245
848
336
247
248
270
906
245
288
266
460
164
207
309
225
394
412
248
418
277
247
299
487
398
233
290
787
243
272
302
442
309
190
723
247
310
493
290
712
490
295
415
247
248
691
298
206
243
185
333
267
891
486
506
226
247
597
289
387
343
228
310
318
246
450
387
288
289
585
165
251
270
246
392
269
440
368
378
268
318
464
203
396
576
390
427
588
266
311
292
681
315
256
788
356
350
563
270
276
258
388
574
247
352
385
298
248
744
417
439
205
453
260
224
319
337
167
248
343
398
627
227
376
249
498
205
635
326
511
298
310
577
290
316
574
534
372
388
246
246
265
307
827
540
460
310
269
448
329
519
267
247
394
644
352
269
642
268
268
460
289
231
438
565
393
269
289
453
355
374
315
211
431
270
289
349
288
309
225
268
281
310
296
364
142
628
289
559
312
357
246
268
628
301
270
142
309
507
427
417
328
461
263
402
276
396
311
226
362
405
468
318
402
696
290
252
310
535
268
318
547
565
453
270
617
270
225
551
309
226
289
286
637
422
270
273
536
602
289
256
474
271
312
266
247
620
181
323
301
311
185
348
373
468
411
309
365
594
455
447
368
741
164
267
457
884
267
301
205
545
231
290
594
248
273
652
340
653
244
629
643
593
311
390
473
313
319
641
288
228
366
323
268
524
452
464
422
815
225
290
267
297
288
270
493
570
204
237
269
207
288
438
392
325
309
413
452
766
185
609
557
266
310
311
336
247
595
180
314
270
776
203
260
601
185
247
269
273
348
163
344
352
386
285
316
366
667
444
269
247
377
269
567
269
293
294
210
594
258
414
504
268
329
502
671
542
502
492
373
445
311
424
500
396
205
248
723
593
563
269
206
348
288
392
185
385
388
296
437
348
445
471
315
717
348
248
568
539
290
498
310
315
430
307
246
419
202
583
332
605
402
306
664
309
311
352
183
396
528
337
452
227
248
417
603
615
372
314
247
364
267
350
483
291
454
248
562
352
143
269
227
332
444
288
246
207
498
207
366
248
249
377
699
310
164
328
619
302
618
390
228
225
226
235
234
547
230
457
267
258
436
467
267
289
287
332
251
517
471
598
397
388
308
411
268
493
497
650
466
469
465
330
365
622
246
206
511
268
465
653
269
224
269
288
248
365
527
646
294
328
266
427
868
442
340
265
