574
590
482
468
415
468
446
436
471
398
511
650
692
537
424
342
529
434
325
477
375
448
533
636
515
477
682
567
354
408
469
471
571
350
638
391
352
578
804
623
527
568
378
442
364
625
491
487
379
425
529
302
448
492
551
602
412
456
459
459
565
565
511
371
493
492
494
538
421
712
488
624
560
425
507
620
435
447
483
353
401
350
334
420
611
582
364
448
426
457
404
410
393
460
453
449
490
532
433
455
365
477
459
451
527
470
452
514
679
551
584
536
498
398
599
450
447
524
490
556
334
533
585
411
463
416
425
645
443
645
544
511
359
483
441
447
526
559
379
560
602
503
583
564
544
557
515
551
400
456
482
644
693
664
399
450
587
515
463
434
649
542
477
382
540
550
354
346
667
461
474
564
446
599
422
460
457
574
504
542
456
477
320
416
410
547
371
419
631
530
647
609
491
433
487
359
962
515
460
424
508
388
650
455
544
528
568
529
668
530
536
307
423
376
522
448
480
573
504
486
446
518
733
637
438
326
463
464
582
512
440
458
471
584
672
404
418
473
643
385
422
478
469
591
449
520
315
578
407
401
551
488
369
486
516
749
479
470
538
639
433
471
432
476
441
615
525
535
612
630
412
603
482
484
624
491
474
627
349
341
394
413
660
448
376
427
621
616
583
521
309
445
435
469
597
581
396
626
483
649
462
526
455
470
396
366
415
652
579
388
484
384
453
686
359
390
401
432
502
548
507
529
475
390
352
286
579
451
572
588
603
508
364
634
406
581
538
411
511
622
445
421
632
462
472
433
550
484
598
598
460
702
521
401
410
577
478
489
444
510
443
549
437
676
433
436
389
505
489
461
514
412
486
373
654
383
372
424
491
516
378
440
418
484
500
540
539
534
461
438
396
649
408
567
649
454
578
377
586
412
386
408
456
427
456
460
654
410
557
370
471
393
469
640
487
348
541
425
443
496
422
393
590
643
601
559
520
581
558
398
413
473
501
636
457
660
475
410
439
656
573
519
404
462
274
421
481
493
394
546
377
404
564
341
475
479
461
545
473
382
620
534
449
399
626
589
422
426
518
783
546
502
643
487
420
411
432
514
451
416
482
491
516
401
424
798
412
472
353
558
593
479
582
443
537
404
522
451
582
509
579
610
465
409
395
572
473
523
367
419
625
486
608
442
470
538
528
485
468
443
521
441
454
426
413
604
504
410
353
653
459
384
551
596
679
393
537
417
509
504
388
532
448
593
448
554
478
319
564
517
525
490
416
363
530
574
439
485
555
553
435
494
662
420
441
409
497
515
602
467
534
544
438
541
520
522
483
372
435
490
517
561
423
388
374
700
472
385
562
474
474
483
517
496
440
505
546
411
468
522
576
383
375
361
529
532
469
404
629
431
438
420
623
358
440
486
503
529
412
371
389
501
319
484
523
665
305
672
455
532
459
571
414
522
511
400
464
565
556
456
535
502
460
503
400
521
445
383
524
360
492
568
517
496
498
389
535
300
492
445
471
477
627
436
546
505
514
448
403
673
580
514
496
352
431
523
448
526
400
450
584
613
432
424
491
435
610
465
457
544
547
377
339
491
324
483
441
442
413
453
368
420
483
502
334
533
660
383
546
450
394
395
575
625
542
416
413
351
532
623
561
567
532
468
494
391
437
468
668
473
448
515
436
502
532
512
558
499
379
584
367
411
508
545
470
379
432
412
432
486
412
364
487
470
398
463
580
590
571
481
457
495
677
650
459
467
486
820
467
527
519
534
467
409
395
487
503
427
455
513
506
654
584
390
498
513
475
616
349
429
474
369
544
668
737
437
440
516
369
523
516
457
499
514
434
631
607
355
444
428
429
431
417
463
488
547
517
514
524
598
499
436
452
404
388
551
349
508
411
597
436
425
331
679
341
597
433
459
465
390
599
466
427
567
582
547
442
545
570
481
407
468
433
516
515
467
449
503
508
436
554
540
386
667
502
504
418
416
633
434
413
715
525
622
519
539
425
370
578
542
564
515
520
485
540
594
285
468
548
621
512
422
399
328
455
565
451
443
373
447
637
563
488
469
321
430
449
475
704
497
406
516
580
441
422
475
563
366
478
347
389
386
392
464
632
402
434
402
373
564
425
464
383
639
501
436
439
478
449
428
499
392
602
462
544
407
475
508
408
424
442
609
596
392
517
424
506
523
383
467
420
487
461
506
511
514
497
454
599
291
309
576
514
433
485
415
421
408
600
477
496
540
451
485
517
433
428
369
373
446
646
486
500
595
413
420
553
536
575
384
541
698
170
292
561
328
394
259
304
876
303
729
237
391
357
303
323
303
302
200
604
267
278
354
336
501
149
341
302
653
751
436
702
481
313
327
307
369
192
388
286
149
325
624
299
368
345
192
341
389
325
399
340
515
539
543
588
259
324
451
282
397
345
280
149
465
236
363
323
318
441
229
386
237
385
561
282
603
280
415
234
212
319
280
385
239
399
171
442
423
629
810
674
190
235
236
212
535
279
276
410
304
306
236
963
255
323
247
283
465
535
259
391
334
482
491
281
437
395
169
405
307
402
273
513
281
303
323
276
683
643
601
212
424
572
580
256
415
356
329
388
539
331
462
315
219
287
387
105
521
301
470
367
309
342
465
409
302
383
256
595
574
303
299
600
669
280
314
302
780
325
302
328
304
415
325
278
462
440
321
259
281
328
451
408
334
236
212
328
766
280
282
278
279
265
267
491
149
170
543
399
588
457
575
570
329
606
280
434
303
281
303
311
280
285
743
216
350
642
236
305
337
338
326
302
335
602
281
261
194
346
773
392
914
619
300
409
798
413
256
256
305
192
237
418
341
740
611
488
387
329
717
257
476
431
302
281
425
278
259
325
257
303
318
257
520
150
473
403
454
392
280
457
259
350
307
493
532
347
338
543
280
304
357
437
728
281
489
279
262
345
375
521
543
311
237
281
259
324
489
279
381
323
470
278
234
281
343
238
277
307
258
302
581
299
432
411
306
644
324
322
629
325
257
670
694
702
286
215
149
363
362
257
279
214
505
380
592
441
427
236
325
351
192
325
363
810
428
514
303
516
311
280
448
382
406
308
348
357
540
259
306
391
215
614
511
1011
383
364
259
300
257
345
260
529
324
304
418
393
825
644
552
485
302
311
458
439
234
258
333
281
307
346
467
346
235
348
644
457
353
450
427
289
299
533
318
493
278
201
512
507
190
463
257
281
543
278
256
302
347
349
190
651
436
302
553
487
259
407
303
272
564
568
654
235
418
283
364
546
311
270
456
669
303
252
616
515
405
457
316
435
540
622
300
256
214
667
740
355
516
324
578
303
556
474
284
193
329
394
258
304
375
337
259
397
213
290
574
595
346
525
194
587
454
391
460
357
618
353
258
461
301
409
406
445
534
425
461
222
255
303
359
698
248
241
259
495
422
407
378
303
289
402
193
257
325
379
303
196
694
306
242
361
437
323
749
279
282
795
562
384
292
304
260
279
597
238
350
495
302
193
281
694
372
541
339
323
237
410
258
359
632
282
302
325
567
566
257
337
149
238
212
302
304
539
440
260
241
302
446
240
363
279
344
575
260
511
458
481
346
333
493
423
369
106
507
464
212
429
281
584
306
280
393
250
297
399
256
234
279
355
582
235
418
427
323
238
347
324
256
385
346
303
338
365
415
383
587
680
171
419
235
232
280
194
531
236
324
258
326
347
254
674
664
301
301
358
440
259
384
548
526
367
293
567
417
367
234
512
331
263
488
211
553
358
323
303
216
704
609
302
236
329
590
445
513
355
500
259
303
612
587
304
236
428
459
668
259
324
381
236
608
276
622
324
598
304
503
282
286
494
214
280
363
172
303
408
252
377
302
212
352
340
361
308
325
237
281
303
192
638
286
323
486
424
297
354
303
258
659
324
751
311
410
307
613
302
192
303
301
431
536
277
469
237
306
450
463
636
539
407
589
980
394
341
284
398
537
260
237
430
408
293
235
454
500
411
307
535
533
301
303
303
300
545
387
212
610
302
305
277
533
453
257
305
359
420
663
281
463
524
307
544
512
191
554
288
259
334
285
597
533
599
215
528
541
324
415
232
302
201
497
216
380
297
304
271
303
303
249
529
580
235
340
302
671
351
306
392
260
389
240
300
324
481
492
250
797
347
304
515
351
542
498
701
440
414
277
326
306
299
427
189
618
243
403
323
337
281
410
491
484
315
281
235
306
390
285
664
436
419
281
732
514
376
367
460
259
513
372
348
215
434
381
235
397
486
393
394
234
478
462
174
406
447
303
583
236
388
472
303
302
213
324
260
543
299
345
259
230
237
308
235
259
233
319
418
191
323
323
762
458
256
300
324
307
260
409
322
554
323
301
639
465
522
398
447
280
325
281
485
444
194
388
304
311
237
515
194
286
303
592
333
275
461
562
281
324
326
215
105
522
358
486
366
302
311
495
775
392
673
502
337
467
171
301
307
367
359
737
322
323
170
287
447
429
281
332
258
282
324
392
505
457
311
325
213
282
408
301
223
596
614
359
192
311
537
259
339
580
