414
508
477
485
388
489
578
595
578
484
640
458
332
505
451
384
489
544
392
448
652
458
471
474
432
450
529
502
480
486
409
500
539
521
422
509
487
458
582
411
565
447
517
557
725
506
412
508
510
415
478
572
547
383
382
501
413
390
485
481
675
732
574
557
381
465
399
602
525
661
383
509
480
652
524
437
561
372
440
497
571
432
482
600
600
377
439
553
519
480
662
549
490
473
494
632
382
395
529
332
445
547
729
580
421
671
422
554
577
246
436
505
662
526
483
435
843
488
492
557
637
516
624
496
537
449
573
607
550
514
714
607
394
411
624
427
488
466
505
372
515
490
436
433
584
434
384
529
460
591
459
366
704
516
525
688
546
420
649
555
511
517
413
515
405
456
374
399
451
401
485
424
413
472
517
487
470
484
514
434
551
516
571
578
472
442
536
419
524
457
418
490
506
584
531
343
417
621
469
629
774
511
528
356
481
449
433
594
533
653
621
492
401
400
545
440
450
385
386
705
385
480
851
495
567
424
635
356
497
625
387
474
460
548
470
587
451
461
534
395
433
628
435
455
575
708
336
465
474
420
484
598
449
461
640
619
469
507
401
473
590
478
629
448
439
605
509
475
486
491
683
610
523
509
480
369
513
524
402
570
747
819
449
528
342
497
633
557
666
360
448
730
574
469
452
552
423
464
401
459
475
716
430
404
625
458
420
476
518
559
538
554
360
539
519
636
371
459
632
520
420
654
484
428
501
478
735
522
514
684
389
620
517
482
419
531
432
450
522
402
547
355
571
394
481
463
589
513
527
434
448
597
470
508
475
368
578
471
506
466
367
330
487
628
436
508
608
485
451
463
597
454
563
530
548
702
647
571
512
391
492
552
416
449
468
532
440
466
750
528
478
508
560
581
548
509
691
515
457
480
592
794
628
566
444
394
515
437
405
393
552
350
580
531
417
446
430
489
482
449
573
561
436
471
421
630
584
466
446
715
529
504
496
520
334
676
504
295
472
340
648
698
534
437
516
527
563
510
562
488
735
529
470
553
448
476
463
445
532
660
643
418
544
497
488
424
555
488
466
582
427
681
518
671
559
581
470
441
504
615
653
328
807
702
574
465
584
535
397
438
494
535
714
406
599
454
548
967
493
450
442
492
479
694
394
702
474
605
395
526
550
622
675
528
430
536
400
363
478
444
661
370
440
532
568
598
478
545
732
347
518
609
587
584
458
391
450
507
513
548
495
447
582
492
415
521
656
560
510
398
571
456
575
509
352
441
328
491
492
534
587
430
566
475
528
489
539
451
449
433
515
363
559
486
528
517
336
489
631
694
385
649
426
402
611
401
408
764
418
468
520
527
463
541
546
515
530
552
558
510
435
573
375
567
600
414
550
420
611
537
584
732
388
477
614
430
586
527
520
403
557
473
402
533
553
535
455
497
463
525
476
483
611
558
528
465
466
698
457
477
441
345
543
483
481
497
438
476
575
497
364
379
437
495
557
511
645
635
571
434
459
522
490
504
461
527
506
579
504
475
465
311
424
578
479
411
403
479
494
669
483
483
452
416
366
447
516
580
409
463
681
423
423
549
564
481
496
441
477
591
690
520
703
607
542
575
485
479
605
496
412
510
574
547
491
477
499
504
626
520
405
446
543
424
400
568
401
661
431
499
617
442
588
544
597
592
419
414
608
393
456
665
586
555
443
473
403
468
586
484
458
659
688
620
507
507
392
682
543
539
453
881
535
498
409
298
707
540
670
537
299
420
679
373
402
604
384
718
396
556
468
718
625
572
429
603
484
578
385
441
422
401
496
394
418
485
397
563
551
396
528
483
516
413
591
397
618
540
539
453
483
504
335
411
608
381
524
339
481
592
456
442
397
529
652
412
509
638
571
625
439
473
679
637
442
430
602
586
559
714
629
414
554
432
556
336
384
468
516
479
496
443
672
503
358
447
542
352
683
418
458
316
555
568
404
455
434
666
503
379
507
666
433
459
461
486
494
604
593
442
589
422
584
608
463
351
455
560
657
433
438
426
464
347
442
546
511
482
509
426
444
531
457
558
468
624
492
395
495
464
507
447
442
446
432
600
504
516
417
585
378
428
550
371
356
455
458
476
403
738
382
521
453
434
397
467
614
487
419
476
482
551
512
451
458
434
422
740
526
529
689
643
411
475
614
447
540
554
595
559
598
704
503
413
457
651
489
502
483
807
363
503
595
481
512
654
413
649
447
541
460
476
483
544
563
495
536
528
443
297
443
559
485
497
484
437
465
415
423
385
579
747
506
798
507
555
513
346
293
360
268
560
291
399
270
292
506
294
291
300
895
483
312
490
732
506
335
268
316
246
247
341
706
293
291
535
267
623
294
245
558
404
397
319
247
453
338
374
342
277
223
427
270
270
292
480
224
370
316
720
375
348
488
569
658
342
360
293
452
537
516
286
459
561
393
564
270
471
428
293
370
293
570
259
224
605
291
634
481
293
519
224
387
424
270
232
289
252
711
635
695
647
701
314
434
323
501
224
755
109
241
494
403
222
247
224
493
291
406
366
675
340
517
270
554
270
486
417
359
339
359
299
410
221
701
319
517
382
536
507
340
245
287
431
535
270
271
689
176
358
243
474
269
499
340
315
411
294
269
375
328
224
315
293
223
643
267
271
757
339
316
270
313
276
384
224
976
513
540
310
566
270
292
310
429
542
623
436
596
492
692
508
526
295
268
271
384
753
321
324
534
377
270
270
245
612
225
336
314
408
316
345
433
297
356
201
451
590
267
332
217
317
533
424
364
285
526
510
453
293
315
350
335
508
314
590
396
378
245
317
372
313
319
417
202
224
323
316
337
351
222
447
293
805
332
340
535
484
331
440
612
802
585
419
701
271
292
359
222
316
316
472
246
546
456
509
291
224
248
428
481
461
268
344
599
314
340
455
269
270
272
580
269
568
268
508
255
399
271
248
440
318
675
361
391
293
270
342
345
400
182
222
312
269
340
247
942
336
455
268
658
478
178
240
594
677
644
368
222
314
320
340
505
488
338
294
355
510
594
315
427
314
482
314
310
313
363
482
278
202
270
270
314
228
367
512
361
400
342
338
806
457
201
178
366
320
164
612
555
313
351
385
271
682
315
343
246
336
273
586
320
244
531
297
343
787
503
715
355
658
319
525
266
314
250
654
320
648
349
391
326
677
611
201
316
409
315
351
245
455
368
582
482
247
223
671
367
432
364
347
294
270
344
297
668
338
293
474
490
779
339
247
463
657
500
425
292
586
297
314
287
473
267
416
373
177
315
247
292
338
513
466
270
252
379
324
634
296
456
201
247
414
372
314
190
182
317
314
339
319
274
270
650
320
455
599
326
391
493
370
586
290
343
178
314
356
667
428
290
763
631
396
270
480
579
244
338
342
315
337
632
334
563
503
339
615
339
267
693
544
730
451
318
339
639
464
393
370
342
179
369
457
221
635
385
758
839
248
255
699
506
503
249
426
508
314
336
432
270
532
431
362
314
455
245
384
508
372
372
290
271
362
648
270
327
339
289
803
339
557
565
335
326
490
271
316
490
549
604
268
351
316
623
270
299
952
642
920
476
246
280
366
635
258
316
405
503
402
344
340
312
247
296
339
348
245
406
315
486
514
431
156
268
265
482
486
336
338
561
474
274
483
247
320
293
696
339
200
649
289
525
355
572
493
480
887
221
517
410
476
298
644
269
307
681
314
414
293
360
246
336
885
512
202
666
267
887
201
294
316
313
336
495
617
338
473
835
315
280
269
396
248
362
292
388
515
481
526
336
313
339
269
339
617
303
267
696
563
297
291
245
569
221
475
467
687
640
527
598
516
322
480
337
295
427
380
325
289
388
317
292
517
248
675
362
269
459
417
623
314
603
294
383
346
291
388
342
494
421
502
359
586
491
338
513
292
437
267
467
469
270
259
359
234
395
274
247
337
317
248
428
819
756
270
453
413
382
684
301
465
268
351
247
409
404
245
293
247
221
522
543
382
318
314
596
539
387
225
677
251
725
338
394
108
367
508
291
428
270
246
200
487
198
320
109
325
405
290
405
178
336
418
292
582
339
360
542
201
507
499
418
621
247
269
251
292
587
340
339
375
316
478
225
269
371
423
517
338
269
338
724
753
381
583
938
549
293
274
314
420
446
242
268
275
318
727
561
247
378
340
244
294
465
551
109
364
293
316
376
293
558
291
292
490
292
248
436
316
343
360
221
323
316
242
316
343
315
323
362
294
412
225
247
255
482
321
282
269
318
317
340
274
408
294
613
340
592
506
692
224
267
314
290
501
271
224
420
418
293
292
324
292
270
613
294
538
426
778
531
315
373
536
507
314
427
389
596
315
342
665
291
484
405
378
219
573
336
319
674
587
639
315
642
345
244
221
217
297
315
316
367
338
595
336
220
270
274
246
294
378
392
618
479
506
488
472
244
373
315
584
224
270
247
347
714
314
508
234
253
247
619
406
246
313
270
269
268
650
292
688
512
228
296
340
342
314
472
327
313
270
420
366
292
426
271
338
424
223
377
362
