531
430
481
491
615
441
572
655
404
543
365
495
679
482
673
570
679
401
457
504
564
582
381
552
655
642
505
557
533
363
618
505
469
532
479
539
456
514
553
626
493
388
414
491
349
755
600
565
495
416
546
691
550
519
506
536
606
581
523
515
426
528
541
509
497
427
476
396
414
576
329
446
397
508
532
460
431
491
626
491
488
421
474
506
603
371
588
533
414
480
427
557
510
499
505
461
581
352
679
700
383
533
445
495
501
386
345
462
552
418
490
664
445
395
475
369
433
568
606
494
451
483
606
474
478
626
427
470
620
564
637
355
584
474
604
384
367
488
485
498
413
446
528
369
454
585
427
436
524
432
504
574
537
557
432
491
702
435
474
405
447
486
512
451
463
529
438
529
824
596
416
620
660
399
522
535
470
542
388
334
622
575
589
427
359
751
468
593
512
531
610
452
435
642
487
462
422
395
500
526
466
451
618
575
615
584
670
454
506
470
541
408
584
422
707
493
568
445
564
496
361
510
493
660
560
484
540
414
426
575
631
357
645
457
432
436
445
507
603
506
513
572
540
698
385
489
545
521
487
380
470
437
551
464
544
406
432
663
613
381
399
381
476
563
466
398
566
416
479
489
687
465
425
552
452
444
416
537
708
516
453
592
450
410
560
321
370
451
466
462
521
567
535
460
400
462
639
409
664
510
511
489
462
437
644
451
499
470
436
617
389
435
499
539
607
508
424
507
439
572
415
707
524
500
531
507
637
511
547
568
611
557
473
455
429
405
431
401
494
525
555
500
577
454
420
347
395
576
527
457
465
652
634
574
612
409
445
577
519
565
653
465
414
574
443
322
538
405
418
615
517
493
398
606
613
625
400
646
596
483
542
510
614
447
402
509
836
403
535
420
410
492
410
592
586
497
593
809
430
637
490
523
537
616
486
510
619
409
542
334
538
513
401
394
359
498
429
621
493
597
518
436
472
489
609
599
655
441
520
499
497
410
461
581
461
488
522
471
439
416
363
503
484
428
500
590
572
527
499
587
645
553
472
485
401
479
631
481
546
563
666
397
579
463
402
391
513
507
416
509
603
455
393
561
525
531
465
663
405
636
415
479
480
426
505
503
476
689
689
448
335
651
533
499
542
630
593
495
388
468
602
395
526
601
700
700
611
595
559
546
458
603
408
467
707
452
551
544
465
519
431
505
681
522
558
528
641
478
424
436
521
515
556
524
668
661
603
509
511
665
526
337
469
536
475
561
638
578
464
488
605
652
612
446
462
514
619
467
512
500
490
535
504
631
393
253
329
329
312
303
373
557
357
281
279
327
952
318
614
325
376
210
198
326
400
303
337
536
330
233
309
445
309
414
231
682
349
377
499
567
306
621
293
304
326
615
462
426
210
381
572
303
280
306
456
114
329
326
593
376
469
325
257
411
540
257
353
388
333
455
301
630
488
245
382
372
279
287
391
350
234
878
416
317
328
923
261
438
726
716
233
437
306
280
628
304
557
303
161
277
505
774
230
693
253
443
258
754
161
353
305
443
371
257
283
366
560
408
279
661
584
329
282
325
498
350
365
377
838
778
450
443
510
281
305
551
452
534
556
548
529
253
444
300
485
719
317
342
234
279
306
468
231
257
432
257
505
474
303
694
526
559
363
444
549
500
302
546
352
209
312
424
369
673
293
401
455
412
350
612
427
349
281
530
424
334
598
357
403
553
587
326
560
304
400
255
281
553
326
231
329
205
918
285
281
282
184
357
557
279
253
353
420
300
332
303
210
496
541
290
556
480
255
647
305
280
503
468
279
408
258
558
509
777
308
357
351
328
305
332
261
806
257
914
350
397
350
256
526
425
389
328
356
302
300
260
341
309
644
753
496
305
574
325
581
393
231
389
798
231
210
281
352
372
326
337
161
258
384
391
302
584
424
842
458
643
230
578
233
482
403
328
258
477
327
590
413
613
638
527
306
357
509
523
714
254
334
480
389
305
620
281
717
329
413
233
533
362
351
285
326
452
305
619
786
305
456
381
279
476
478
257
308
333
161
281
489
489
303
551
282
329
545
433
348
303
784
497
361
666
352
233
207
256
185
577
558
285
478
208
329
389
328
324
456
280
332
328
473
332
357
281
329
396
225
647
502
261
327
302
354
253
609
677
305
539
257
471
590
359
286
417
397
285
302
446
352
380
450
422
207
377
393
330
527
804
281
342
393
378
330
304
549
282
278
257
327
336
436
617
185
602
428
376
349
577
356
550
808
534
302
640
559
310
236
312
541
596
315
511
291
707
435
352
352
375
380
328
665
382
329
330
281
404
281
674
556
565
328
396
416
682
351
641
400
303
324
610
501
393
210
453
530
305
424
280
329
811
688
356
301
453
361
282
232
533
329
674
500
351
637
580
279
478
808
306
409
474
553
764
694
326
581
612
340
618
282
261
681
254
337
630
407
210
282
329
418
328
360
610
327
161
304
576
281
327
397
661
344
382
378
690
914
328
641
625
305
350
256
234
551
544
584
324
340
668
558
469
281
351
255
281
534
278
305
256
189
353
376
581
113
352
506
372
504
631
393
253
329
329
312
303
373
557
357
281
279
327
952
318
614
325
376
210
198
326
400
303
337
536
330
233
309
445
309
414
231
682
349
377
499
567
306
621
293
304
326
615
462
426
210
381
572
303
280
306
456
114
329
326
593
376
469
325
257
411
540
257
353
388
333
455
301
630
488
245
382
372
279
287
391
350
234
878
416
317
328
923
261
438
726
716
233
437
306
280
628
304
557
303
161
277
505
774
230
693
253
443
258
754
161
353
305
443
371
257
283
366
560
408
279
661
584
329
282
325
498
350
365
377
838
778
450
443
510
281
305
551
452
534
556
548
529
253
444
300
485
719
317
342
234
279
306
468
231
257
432
257
505
474
303
694
526
559
363
444
549
500
302
546
352
209
312
424
369
673
293
401
455
412
350
612
427
349
281
530
424
334
598
357
403
553
587
326
560
304
400
255
281
553
326
231
329
205
918
285
281
282
184
357
557
279
253
353
420
300
332
303
210
496
541
290
556
480
255
647
305
280
503
468
279
408
258
558
509
777
308
357
351
328
305
332
261
806
257
914
350
397
350
256
526
425
389
328
356
302
300
260
341
309
644
753
496
305
574
325
581
393
231
389
798
231
210
281
352
372
326
337
161
258
384
391
302
584
424
842
458
643
230
578
233
482
403
328
258
477
327
590
413
613
638
527
306
357
509
523
714
254
334
480
389
305
620
281
717
329
413
233
533
362
351
285
326
452
305
619
786
305
456
381
279
476
478
257
308
333
161
281
489
489
303
551
282
329
545
433
348
303
784
497
361
666
352
233
207
256
185
577
558
285
478
208
329
389
328
324
456
280
332
328
473
332
357
281
329
396
225
647
502
261
327
302
354
253
609
677
305
539
257
471
590
359
286
417
397
285
302
446
352
380
450
422
207
377
393
330
527
804
281
342
393
378
330
304
549
282
278
257
327
336
436
617
185
602
428
376
349
577
356
550
808
534
302
640
559
310
236
312
541
596
315
511
291
707
435
352
352
375
380
328
665
382
329
330
281
404
281
674
556
565
328
396
416
682
351
641
400
303
324
610
501
393
210
453
530
305
424
280
329
811
688
356
301
453
361
282
232
533
329
674
500
351
637
580
279
478
808
306
409
474
553
764
694
326
581
612
340
618
282
261
681
254
337
630
407
210
282
329
418
328
360
610
327
161
304
576
281
327
397
661
344
382
378
690
914
328
641
625
305
350
256
234
551
544
584
324
340
668
558
469
281
351
255
281
534
278
305
256
189
353
376
581
113
352
506
372
504
631
393
253
329
329
312
303
373
557
357
281
279
327
952
318
614
325
376
210
198
326
400
303
337
536
330
233
309
445
309
414
231
682
349
377
499
567
306
621
293
304
326
615
462
426
210
381
572
303
280
306
456
114
329
326
593
376
469
325
257
411
540
257
353
388
333
455
301
630
488
245
382
372
279
287
391
350
234
878
416
317
328
923
261
438
726
716
233
437
306
280
628
304
557
303
161
277
505
774
230
693
253
443
258
754
161
353
305
443
371
257
283
366
560
408
279
661
584
329
282
325
498
350
365
377
838
778
450
443
510
281
305
551
452
534
556
548
529
253
444
300
485
719
317
342
234
279
306
468
231
257
432
257
505
474
303
694
526
559
363
444
549
500
302
546
352
209
312
424
369
673
293
401
455
412
350
612
427
349
281
530
424
334
598
357
403
553
587
326
560
304
400
255
281
553
326
231
329
205
918
285
281
282
184
357
557
279
253
353
420
300
332
303
210
496
541
290
556
480
255
647
305
280
503
468
279
408
258
558
509
777
308
357
351
328
305
332
261
806
257
914
350
397
350
256
526
425
389
328
356
302
300
260
341
309
644
753
496
305
574
325
581
393
231
389
798
231
210
281
352
372
326
337
161
258
384
391
302
584
424
842
458
643
230
578
233
482
403
328
258
477
327
590
413
613
638
527
306
357
509
523
714
254
334
480
389
305
620
281
717
329
413
233
533
362
351
285
326
452
305
619
786
305
456
381
279
476
478
257
308
333
161
281
489
489
303
551
282
329
545
433
348
303
784
497
361
666
352
233
207
256
185
577
558
285
478
208
329
389
328
324
456
280
332
328
473
332
357
281
329
396
225
647
502
261
327
302
354
253
609
677
305
539
257
471
590
359
286
417
397
285
302
446
352
380
450
422
207
377
393
330
527
804
281
342
393
378
330
304
549
282
278
257
327
336
436
617
185
602
428
376
349
577
356
550
808
534
302
640
559
310
236
312
541
596
315
511
291
707
435
352
352
375
380
328
665
382
329
330
281
404
281
674
556
565
328
396
416
682
351
641
400
303
324
610
501
393
210
453
530
305
424
280
329
811
688
356
301
453
361
282
232
533
329
674
500
351
637
580
279
478
808
306
409
474
553
764
694
326
581
612
340
618
282
261
681
254
337
630
407
210
282
329
418
328
360
610
327
161
304
576
281
327
397
661
344
382
378
690
914
328
641
625
305
350
256
234
551
544
584
324
340
668
558
469
281
351
255
281
534
278
305
256
189
353
376
581
113
352
506
372
