387
645
508
453
493
520
621
382
436
580
513
672
448
603
526
699
537
705
403
643
627
504
575
543
567
586
488
520
571
531
447
544
596
607
542
367
456
480
716
516
484
580
651
476
446
564
598
622
605
474
484
482
544
551
430
518
656
519
410
496
663
693
468
437
419
545
509
596
561
496
630
473
546
433
438
509
558
437
545
662
643
592
392
613
485
509
375
529
740
367
458
552
593
521
728
358
549
688
635
448
641
525
522
680
486
746
465
634
522
500
416
465
493
426
481
427
430
468
575
501
709
707
505
460
513
428
713
586
440
485
526
631
595
444
561
662
542
529
640
711
562
516
681
597
472
601
595
544
728
473
680
488
446
649
436
542
559
534
684
454
596
636
559
533
478
365
454
491
435
616
381
520
517
406
593
597
485
711
584
440
595
538
375
473
515
499
437
498
605
503
592
607
691
729
529
604
619
472
459
463
791
428
665
580
381
567
522
533
516
821
441
564
614
452
478
428
732
522
411
438
554
460
439
674
514
616
542
636
448
571
512
558
610
513
493
664
407
613
543
472
428
541
775
541
664
494
559
528
378
539
475
564
700
501
458
649
567
630
439
418
603
540
508
554
451
455
539
563
701
490
487
429
435
474
615
549
467
530
616
467
478
572
616
775
545
551
615
515
835
596
393
561
641
730
415
576
623
598
553
547
548
508
413
448
782
548
511
500
507
606
430
606
540
507
761
468
498
503
444
513
514
484
468
516
516
643
376
551
501
443
739
643
664
665
541
556
478
607
475
604
492
525
357
557
530
477
552
431
478
514
391
501
577
579
463
444
616
556
528
422
537
638
553
610
433
499
416
515
389
353
662
455
503
563
454
524
458
635
481
578
623
649
620
537
416
560
527
459
504
731
556
623
587
508
413
589
467
629
614
568
635
435
628
443
565
478
540
532
566
544
399
432
471
494
465
398
436
646
552
654
836
498
602
682
551
527
493
439
446
744
547
646
438
492
677
437
471
549
438
620
479
507
466
588
709
560
411
517
471
566
629
546
523
510
594
624
570
446
595
728
578
590
584
626
491
437
469
438
543
511
538
635
601
408
473
441
473
550
568
477
585
652
435
619
540
754
435
477
537
526
480
546
528
544
593
516
635
621
554
469
435
537
436
505
534
589
660
650
699
630
507
544
501
523
566
505
323
658
601
562
523
495
485
534
521
592
435
579
453
488
869
719
613
436
790
534
558
519
490
534
515
750
403
512
457
523
602
437
740
482
484
554
460
490
441
571
499
627
454
463
412
498
484
471
442
407
766
469
560
472
653
749
493
462
545
599
563
605
449
355
445
507
582
604
514
691
476
455
654
522
494
503
515
658
575
430
475
556
504
467
567
593
522
341
569
518
445
482
483
478
504
498
493
494
395
548
548
539
654
607
424
654
501
480
436
623
449
801
552
527
443
461
435
646
618
552
640
641
512
577
573
563
714
650
489
458
540
863
548
385
562
620
546
421
372
454
386
555
676
639
484
552
477
650
620
578
553
524
521
453
513
524
434
816
648
468
408
469
424
428
540
535
545
681
583
379
554
506
768
617
571
541
649
608
568
535
420
509
504
474
557
491
516
463
477
663
503
652
663
552
516
730
694
724
427
680
426
426
574
534
493
457
495
416
481
460
651
362
465
404
465
630
413
470
425
517
480
599
427
604
444
554
635
436
723
537
549
449
421
539
579
436
416
412
517
484
464
699
624
454
662
418
462
575
431
621
501
603
364
618
579
415
819
714
690
593
525
573
564
487
582
451
577
494
511
669
520
692
406
669
571
723
537
604
562
443
540
420
467
556
616
547
668
538
537
588
551
403
583
533
501
635
549
503
697
577
509
591
596
599
645
417
487
589
525
668
535
489
564
525
458
697
568
380
552
562
469
437
535
603
758
597
647
417
392
449
481
594
695
501
390
420
534
557
737
679
593
383
657
375
467
469
467
631
563
592
540
724
448
522
344
505
496
462
484
590
476
525
477
364
511
420
434
597
409
596
590
628
434
571
626
595
428
767
619
581
748
535
563
428
689
556
546
487
537
476
477
624
553
527
475
480
498
512
576
586
505
437
619
341
589
528
397
593
503
634
600
612
469
717
532
446
442
435
580
554
533
519
637
443
545
502
661
499
482
391
480
687
401
531
746
438
500
651
584
687
618
460
608
494
677
609
440
511
582
617
437
407
569
422
503
417
694
627
495
442
593
577
428
440
537
574
543
519
628
584
523
499
469
651
563
464
607
596
581
567
573
500
616
661
783
288
316
291
289
665
358
664
571
317
349
380
520
267
604
365
317
283
558
292
318
460
711
293
422
408
291
291
374
320
293
347
291
342
340
365
267
491
512
315
318
446
295
581
399
315
367
266
290
453
317
317
239
316
450
648
266
384
368
339
290
267
167
290
481
274
392
727
365
292
398
409
264
293
351
299
393
342
275
215
268
312
267
292
340
375
619
292
317
289
451
646
293
757
292
317
429
438
420
339
324
423
464
407
342
290
469
316
518
279
241
241
342
324
564
864
557
670
349
711
266
292
265
316
321
724
343
317
474
265
117
340
366
296
343
118
291
743
289
292
549
341
461
358
410
599
669
342
397
292
318
391
409
329
585
618
193
765
343
350
270
216
265
266
471
604
343
346
368
410
292
539
392
317
368
339
946
787
396
459
638
514
317
364
315
606
288
314
245
342
246
317
267
316
317
382
690
242
633
454
831
318
437
479
314
457
265
346
364
666
313
653
353
366
474
697
657
266
568
385
364
727
587
461
315
268
561
586
389
242
461
314
352
702
341
317
497
894
401
267
458
608
602
573
558
702
267
296
365
338
196
289
339
317
585
339
624
267
623
656
543
292
459
513
340
340
562
379
552
364
290
243
982
316
167
293
241
144
454
459
319
585
644
317
390
688
340
1046
403
365
574
370
314
278
765
379
216
852
546
613
312
495
367
365
685
395
868
266
239
348
838
342
686
314
296
365
196
528
660
268
347
343
372
366
290
649
362
359
607
312
243
340
292
243
266
437
435
351
315
402
347
342
217
292
747
376
551
316
239
316
370
305
272
399
268
262
342
414
579
373
570
1071
345
552
345
363
401
312
985
428
291
398
505
790
315
292
698
314
676
756
640
329
318
365
291
810
574
241
367
633
833
495
639
365
341
292
365
341
343
292
645
305
354
519
321
564
462
428
410
549
683
243
367
378
338
636
543
944
289
442
462
340
341
503
341
193
288
516
508
341
266
243
315
425
267
553
348
656
465
295
621
366
773
380
437
514
539
462
341
575
217
409
620
782
673
321
401
694
381
289
724
369
478
295
506
264
436
367
215
391
550
366
783
117
478
404
217
817
367
898
418
428
410
594
396
697
196
240
265
342
310
536
315
315
456
266
582
317
317
339
117
464
746
520
318
429
340
340
168
408
263
583
843
341
318
778
669
341
315
297
320
239
316
541
339
702
343
292
365
611
265
317
461
399
342
291
264
341
317
289
630
314
711
379
721
606
340
750
645
814
390
240
291
366
361
441
373
318
489
544
242
840
414
804
340
292
903
536
342
574
376
608
161
340
369
696
312
396
313
263
575
404
318
606
369
293
717
785
449
339
267
340
524
646
466
549
346
271
308
745
403
483
702
313
342
328
469
713
316
371
648
314
545
454
446
494
368
404
407
243
593
408
313
490
216
383
507
243
291
291
320
340
218
293
270
290
300
265
728
314
868
400
663
268
264
633
291
612
315
650
319
727
516
753
288
260
292
340
271
368
318
354
640
409
525
982
342
707
394
268
814
250
371
437
462
783
314
339
626
291
667
291
456
345
240
396
217
436
345
288
368
292
669
262
342
291
390
630
364
340
317
490
740
291
515
406
706
371
349
640
242
340
243
839
612
493
267
314
574
367
375
383
242
380
429
365
313
664
524
615
749
488
340
387
395
295
340
523
291
406
366
631
498
293
567
293
392
315
524
239
317
499
586
287
314
611
315
486
340
339
264
750
494
339
363
288
317
321
547
271
394
291
438
264
363
379
238
408
585
572
403
553
278
254
422
433
698
246
463
570
715
380
311
686
381
265
432
315
341
404
402
363
695
267
342
518
1144
516
267
355
290
513
316
339
553
340
650
661
291
498
364
324
339
266
462
317
535
343
268
327
947
510
432
268
328
215
340
341
265
293
192
264
721
781
597
346
267
571
611
582
363
342
312
343
292
716
339
890
329
287
394
508
316
292
504
238
288
309
264
292
292
242
268
365
371
271
699
266
340
320
265
316
320
558
390
445
291
395
454
266
519
304
343
217
408
669
339
338
367
192
242
726
926
327
217
267
365
607
647
392
317
465
318
320
541
474
364
403
243
363
316
241
241
366
317
336
454
267
375
412
549
656
387
885
428
190
574
321
391
716
736
718
567
266
371
264
339
442
419
317
317
317
697
375
407
520
294
391
320
391
468
217
365
365
319
722
290
463
242
490
333
423
458
366
493
342
298
241
314
487
264
349
241
602
428
367
416
523
627
293
355
314
344
317
292
343
339
263
339
342
428
479
439
361
428
468
599
429
390
466
558
528
488
521
553
505
504
662
446
460
514
467
471
512
460
561
399
471
476
486
505
408
538
418
501
352
408
413
523
537
457
523
605
414
354
575
436
555
560
438
490
410
505
588
353
462
587
531
397
433
572
586
460
492
436
451
484
421
486
545
575
429
479
417
386
587
525
500
457
411
577
572
458
411
527
474
293
451
612
379
529
537
518
401
614
352
468
488
616
424
523
541
513
476
471
602
406
625
561
544
384
405
472
461
485
452
386
519
537
491
664
494
420
449
393
421
535
630
428
463
445
560
475
416
512
629
532
506
457
451
395
469
451
382
435
573
548
531
605
478
579
442
455
525
331
466
521
520
512
403
546
472
495
432
467
384
490
487
344
483
388
437
476
438
496
497
313
603
480
463
492
522
436
492
454
481
513
511
629
517
500
564
474
688
426
543
403
423
450
519
573
351
638
379
347
537
499
406
462
826
486
508
479
356
400
466
576
481
373
461
507
511
359
535
520
535
524
438
415
629
707
492
571
428
443
544
409
728
439
456
433
470
629
467
470
434
513
666
430
475
631
455
609
517
443
522
605
643
393
361
530
391
485
503
352
437
643
442
597
362
381
388
543
525
551
408
432
443
530
468
497
473
526
628
437
486
562
431
414
469
417
388
468
576
441
471
425
446
492
496
517
432
452
560
414
542
340
477
471
432
370
538
516
467
621
404
418
389
558
515
490
395
392
506
396
535
385
550
539
440
700
572
590
498
441
484
449
485
466
542
462
471
381
494
460
360
499
424
379
456
379
427
519
473
466
473
552
539
477
469
618
543
605
480
510
498
424
471
381
371
562
431
497
462
424
565
479
496
447
519
509
547
511
549
382
453
497
396
500
737
481
422
385
496
402
471
415
482
568
556
417
297
493
470
502
437
487
525
492
424
404
458
465
354
419
463
322
513
534
470
660
506
398
475
450
425
457
395
432
654
380
581
441
398
683
468
391
498
482
558
438
477
477
567
512
472
397
535
480
509
513
449
375
473
632
564
496
374
517
528
551
592
561
438
492
499
499
404
394
464
503
555
505
397
500
384
437
402
500
454
454
648
508
535
440
669
510
428
471
465
512
445
485
578
461
414
578
601
479
492
494
535
408
497
454
552
628
561
508
453
491
470
447
447
437
327
346
508
515
471
387
469
486
463
390
430
384
528
365
435
648
548
522
473
590
521
482
508
405
492
514
506
412
456
446
473
522
362
433
531
419
542
484
391
400
466
494
421
471
456
425
446
394
397
425
454
655
376
555
425
460
663
405
402
462
518
513
522
475
314
448
528
634
665
410
470
525
449
518
527
528
527
448
547
513
416
554
510
527
391
559
419
424
415
451
502
360
448
403
453
583
436
537
457
510
460
564
503
444
401
373
610
589
410
430
453
424
649
448
464
509
343
495
500
496
593
570
551
441
491
448
448
573
555
366
522
433
693
432
411
520
595
429
433
391
437
415
583
665
415
491
507
394
614
558
439
569
330
435
412
485
539
414
435
571
432
383
461
406
525
385
505
280
563
501
353
503
556
618
517
437
549
579
507
551
423
463
530
321
521
474
463
340
389
391
598
478
549
646
517
419
616
659
474
342
480
440
389
651
425
513
433
456
435
516
508
454
376
365
505
521
524
434
396
473
495
550
558
423
536
405
440
538
406
533
577
512
442
393
507
541
385
367
415
524
452
438
443
518
381
561
384
440
354
417
445
370
461
332
483
463
368
772
381
468
496
451
429
556
404
506
495
555
452
481
577
451
720
437
467
553
709
561
500
476
457
443
347
395
596
542
498
450
501
540
469
492
501
416
546
499
509
387
450
553
494
491
495
524
548
450
388
444
573
425
547
430
572
594
620
468
536
594
410
384
482
444
458
623
431
720
464
602
432
407
472
414
534
491
524
397
399
478
511
665
550
550
369
504
441
453
498
427
443
553
509
540
460
433
416
380
475
504
386
447
456
455
529
483
447
495
464
426
531
406
534
514
506
416
489
479
515
429
569
580
456
497
428
475
498
486
540
470
467
550
488
487
525
517
434
561
501
396
474
575
453
436
402
454
356
521
377
378
436
497
641
517
594
503
651
435
408
364
502
474
499
536
510
457
318
606
456
481
560
463
325
473
491
348
522
640
447
421
480
567
543
408
462
477
486
612
452
439
456
518
436
445
448
474
406
606
434
602
443
375
358
491
590
402
439
442
567
435
397
446
547
546
550
382
411
438
398
456
493
580
529
561
418
515
534
434
457
438
355
423
457
572
356
380
416
473
508
495
497
618
434
567
639
471
450
490
433
414
651
493
581
431
472
461
456
452
427
494
443
534
436
422
458
498
454
475
458
661
449
303
464
422
576
586
481
443
460
416
613
326
448
635
432
435
377
470
537
463
419
503
412
375
435
443
504
596
476
435
468
377
587
492
392
432
473
569
493
368
430
473
427
338
435
651
330
430
463
455
419
644
392
486
457
603
436
501
566
476
462
429
609
426
511
503
499
395
394
448
449
417
400
395
512
490
413
601
503
348
349
451
410
571
588
403
370
443
609
481
438
438
547
439
458
478
437
432
505
467
354
462
484
430
485
623
439
521
391
358
574
362
438
481
451
529
426
507
445
461
404
423
358
452
389
404
473
441
433
475
447
448
541
353
635
451
433
427
481
439
451
454
426
450
366
509
483
440
604
417
626
429
549
385
378
454
528
599
346
607
418
400
508
507
435
388
746
456
498
424
396
426
451
646
486
416
400
481
422
447
584
510
388
515
417
409
551
552
455
491
386
400
558
383
606
447
479
411
436
592
456
438
376
512
577
434
434
521
473
497
512
469
465
520
558
389
355
521
376
421
546
354
387
600
446
560
368
445
416
531
475
595
439
448
409
420
441
507
411
525
614
388
459
530
399
460
405
437
396
466
547
381
528
492
481
441
413
470
352
421
540
508
546
349
499
499
382
339
543
410
412
582
373
427
359
502
422
438
416
380
399
391
455
379
476
450
449
682
596
540
488
411
380
436
488
471
424
442
464
375
455
373
342
424
420
446
331
357
423
414
456
420
434
551
473
478
476
579
510
528
479
496
421
426
385
394
373
528
376
539
415
378
576
439
532
420
575
439
457
456
513
408
430
367
401
444
704
437
405
325
436
420
515
410
554
639
515
384
348
526
438
476
437
425
465
489
444
430
432
397
300
389
469
302
506
444
453
663
494
394
464
458
420
389
368
413
662
374
501
406
372
618
436
404
454
420
464
407
512
471
546
520
473
413
485
456
426
465
423
398
445
530
506
451
375
477
596
565
608
458
477
425
506
483
329
379
444
474
513
453
365
447
414
473
399
567
461
422
660
428
541
464
615
420
417
456
491
417
404
494
483
385
452
543
614
433
398
452
523
405
432
446
593
590
500
498
530
444
456
511
426
438
392
376
438
466
490
452
523
484
452
407
376
440
490
439
413
657
537
494
405
586
516
495
472
388
457
508
448
414
413
424
436
426
445
420
492
468
475
475
392
378
532
411
468
438
428
450
486
392
411
429
385
672
384
493
449
474
610
329
393
444
533
487
487
412
371
387
554
583
611
438
503
473
420
433
460
394
517
513
468
515
396
427
534
560
418
536
320
438
409
449
506
442
421
375
375
524
453
489
444
470
510
572
484
390
480
443
493
534
400
438
493
389
698
418
451
454
431
450
536
494
496
492
497
376
431
415
434
533
542
422
469
465
668
451
360
547
558
455
432
371
477
567
539
588
338
512
534
437
577
516
418
485
456
491
446
461
501
436
389
567
432
458
474
361
542
369
486
264
531
498
392
435
518
633
496
399
561
575
439
485
450
440
511
333
494
444
429
448
346
444
600
399
448
641
449
505
617
641
500
354
506
383
391
527
399
464
364
464
440
429
429
415
347
378
474
489
550
379
401
459
386
384
428
454
583
423
406
471
403
576
508
469
423
319
463
542
364
403
367
509
454
447
468
405
467
506
414
361
366
417
433
400
426
347
479
475
388
710
429
467
420
484
417
460
450
500
471
560
412
410
473
441
644
399
513
504
566
463
494
415
438
491
388
428
504
520
492
460
478
447
482
495
533
463
572
479
510
385
375
541
477
393
484
509
453
436
442
460
612
441
529
488
432
573
532
490
501
569
372
405
530
487
422
562
443
643
423
556
434
362
420
442
553
401
472
365
439
425
443
602
561
517
409
486
461
411
496
355
426
569
510
526
440
447
494
352
578
484
421
421
447
425
516
472
375
477
461
406
562
352
523
512
380
407
480
453
441
375
546
559
419
494
540
481
476
496
494
488
458
551
518
469
478
492
428
471
466
497
471
532
438
403
426
439
341
495
439
353
450
360
534
392
595
568
591
450
392
367
461
422
454
537
440
405
332
488
422
433
504
411
311
476
483
374
461
596
380
434
510
534
584
452
447
469
449
585
432
427
438
496
410
415
418
451
451
571
420
639
441
333
343
437
520
374
397
426
556
412
399
479
516
515
462
414
446
459
422
367
449
561
422
479
395
524
534
