730
552
581
597
713
800
607
731
742
706
667
607
685
689
579
539
567
567
775
662
622
677
1089
566
665
724
575
596
596
623
631
637
758
586
610
680
561
665
668
681
681
535
601
537
573
647
725
645
635
792
601
602
1008
699
649
578
693
767
812
888
670
856
736
608
729
588
688
635
609
616
636
582
614
665
613
680
1060
584
685
545
667
693
527
807
613
595
848
713
663
577
521
530
642
492
927
856
634
541
706
534
793
1063
624
599
766
793
526
518
685
577
766
717
632
963
785
503
593
896
553
635
693
650
517
824
541
658
800
1078
647
737
675
695
626
665
641
638
543
550
469
678
542
1065
691
795
598
644
706
482
683
587
553
607
626
1241
579
491
744
629
637
472
742
579
700
567
564
508
662
678
698
642
701
554
1012
543
1058
567
685
949
935
769
559
600
692
687
748
684
678
988
697
530
644
637
676
645
974
615
679
656
674
662
789
989
674
742
562
881
700
612
493
577
681
513
650
634
699
467
664
691
618
752
694
752
693
944
985
594
581
680
855
643
764
654
452
727
623
613
558
675
630
694
587
527
683
624
576
502
819
569
672
621
979
746
643
690
728
580
550
535
742
427
860
776
770
551
849
701
578
769
432
695
514
778
500
622
631
652
747
652
624
599
597
602
713
602
541
684
491
607
534
622
900
742
727
732
603
1129
582
465
581
943
693
544
561
617
764
911
740
722
665
505
623
711
773
504
589
693
604
520
591
524
493
745
653
627
559
623
566
505
734
543
610
640
523
773
767
1085
618
615
917
769
492
710
944
738
778
755
554
801
609
1196
523
620
685
613
566
701
665
565
572
724
711
619
598
409
548
772
668
659
598
699
732
784
448
527
585
558
617
705
623
587
725
470
542
551
634
795
1128
611
596
529
543
658
674
640
851
640
622
653
615
602
725
550
572
789
1108
562
636
631
645
676
829
671
634
577
512
573
599
611
724
897
584
769
510
590
842
697
607
812
675
775
536
580
674
698
718
684
668
626
738
564
651
735
662
597
551
566
630
475
493
641
1201
542
768
535
493
684
618
602
611
554
557
514
639
607
661
517
747
1123
780
612
723
515
555
968
590
684
561
511
611
515
705
611
582
657
747
516
538
728
646
468
950
509
882
617
614
549
654
869
529
599
587
640
593
696
704
685
704
481
763
721
578
578
605
545
667
600
660
540
532
714
612
746
697
520
596
760
694
661
650
721
506
612
667
956
681
561
660
613
580
664
628
803
616
725
725
563
542
667
504
846
460
623
717
957
577
624
802
551
571
706
745
672
570
742
705
625
594
702
694
517
767
663
586
696
613
619
536
826
648
708
732
580
648
660
654
774
714
767
939
549
811
528
496
728
511
689
778
622
788
624
778
772
710
544
653
692
684
522
1267
454
437
462
770
548
613
669
749
674
529
764
654
525
573
774
545
532
603
625
577
692
522
577
665
740
767
734
693
543
577
613
1106
946
902
511
702
436
573
628
577
566
623
593
822
663
559
526
1226
573
574
508
502
735
646
632
940
646
700
799
637
653
559
539
687
663
659
770
620
546
809
510
643
686
599
598
736
508
534
559
528
503
609
600
603
566
573
726
836
535
740
695
649
667
616
586
748
590
608
616
685
597
499
559
540
717
621
557
673
568
723
658
571
507
626
656
692
557
623
553
603
715
712
548
625
823
507
569
593
654
871
708
555
658
608
656
580
412
695
817
791
712
635
653
680
529
507
670
657
646
772
697
950
525
536
586
770
575
641
1078
599
606
489
602
638
772
551
617
629
674
561
686
723
532
609
606
1077
540
615
714
508
710
623
570
764
530
506
648
686
797
789
666
584
786
561
987
722
580
613
708
798
677
519
695
736
573
579
477
731
693
643
432
652
729
756
551
470
696
428
770
1053
470
552
561
548
630
577
681
596
697
677
520
809
738
804
940
686
607
751
751
522
641
597
576
667
959
714
928
665
539
583
527
595
955
648
570
676
885
511
569
636
572
574
750
691
614
594
659
712
622
807
655
613
660
655
698
533
702
1151
901
598
470
607
525
600
630
561
520
471
639
786
1013
665
753
493
544
646
560
557
510
615
540
608
875
556
583
647
649
645
653
521
581
530
696
627
703
698
699
688
605
645
762
752
772
787
629
743
524
557
686
680
639
694
799
605
683
725
1011
543
596
515
731
573
533
759
560
574
495
753
524
668
693
767
635
671
494
611
523
601
596
628
745
607
480
589
579
761
1108
559
542
783
685
615
597
1069
644
564
629
673
538
499
761
498
582
593
751
646
618
596
649
635
556
3959
3090
3264
4581
3102
4341
4209
3247
3231
4016
2592
2919
3112
3939
3103
4650
4220
3799
3991
4150
3098
3795
4684
2973
2492
3297
3950
4268
2041
3741
1684
3513
3633
3763
4596
3985
4482
4333
4202
3242
3956
2497
4670
3974
3557
3943
3824
3698
3813
3275
1829
4943
4290
2791
2972
3481
2964
3750
4645
4343
1477
3504
2618
2340
4342
2678
4415
3406
3907
3670
3695
3607
3530
4558
3615
3472
3449
1957
3260
4547
3461
3469
4831
4485
4024
3716
4003
2626
2833
4359
3771
2518
3162
4015
3257
3876
3914
1579
2732
4997
4436
4445
2001
3473
3139
4364
3969
3451
3551
2625
1804
4215
3043
3322
4026
3046
3436
3649
2339
3267
1708
3078
3688
3836
3150
4054
3520
4515
4237
3153
4056
3572
3895
2299
4811
2763
2782
3579
2076
3877
3439
3271
2320
3318
2372
3025
3783
3568
3638
3621
2637
4156
3436
4191
4488
3559
3481
1853
3868
5145
2159
4255
3535
2944
2804
3907
2785
3897
4016
4002
3788
2773
4084
4009
3911
1999
4338
4291
3344
2981
3136
3824
3874
3364
2527
4646
3730
3854
4318
3402
3636
3502
4736
3730
4619
3504
3678
3014
2341
4025
4111
4963
3405
4243
3895
3931
2885
3899
3014
2854
4096
3668
3621
1485
4899
3946
3636
3230
3241
3342
3039
3044
4362
3730
3764
3783
4122
4074
3579
2634
3436
2954
3615
2381
3865
4059
3345
2831
3746
1860
3313
2174
3896
4037
3692
2787
3429
1599
3401
4471
3582
3470
3736
3687
4535
2935
3918
3468
3052
2821
3558
4813
4339
3857
3330
4288
4043
4878
1840
3128
3413
3763
2347
4069
2944
2891
3225
3333
4053
4193
2161
2328
4741
3530
4155
4317
3003
3378
3932
2449
3197
3946
3122
4130
2890
3850
3321
2925
3280
3382
3187
3523
3503
2353
3774
3112
2743
1396
3574
3640
3571
3990
4425
2423
2757
3371
3555
3442
3995
3644
2607
3901
1548
3759
3879
3551
3643
3663
3661
2673
3415
3667
2963
3831
2740
3627
3990
3773
3830
4085
3308
3467
4134
4194
3131
2692
2480
3331
4579
4430
4066
3922
5765
2828
3131
3663
4365
3295
2293
4144
3782
3654
2991
3193
3942
2638
4914
2930
4189
2815
3843
3889
3574
1815
4087
2925
3932
3285
2501
4497
1899
3059
2929
2369
2734
4033
4611
2470
4203
2738
1860
3271
3001
2447
4727
3929
3063
4086
3834
2260
4461
5398
1860
3979
4156
2071
3211
2970
4130
4248
5229
4344
4151
3749
3722
3567
2890
3606
2986
4203
4200
5058
2757
4045
3902
2590
3758
1626
3036
3935
2169
3148
2985
3191
3697
3223
3398
3580
3567
4473
3925
4308
3720
3416
3523
3408
2939
3475
1703
3957
2917
2731
4774
2540
4487
3598
4092
3111
3693
4565
3505
2932
3199
4168
3412
3417
4257
4284
3513
2355
4369
3345
3454
4803
2512
3069
3640
3382
3943
2809
3456
2499
3883
4291
2910
2305
3138
3300
3100
3475
3871
4243
4310
4199
5450
4359
3769
3878
2566
3106
3482
2450
3959
3592
4743
2600
3816
3261
4308
4176
3069
3673
4338
2047
3886
1751
2899
2980
2827
3377
3301
2793
4123
3927
4926
2907
3318
3844
3764
4499
3527
3293
2458
4449
3682
2555
3987
4525
3507
3787
3758
3299
3839
3135
3578
2571
3274
3397
2495
4588
3438
2330
2875
3889
3032
3183
4310
3868
3104
3474
3612
2645
4308
3955
3980
4202
4079
2532
3904
2310
4668
3698
2198
3568
3149
2354
3256
5594
3823
2828
3691
3931
4333
4066
2986
2857
4518
4014
4251
4063
3256
3678
3600
4577
4070
4166
5067
4459
3391
3634
3815
4597
4855
3894
3934
4588
3509
3075
3519
3531
3924
4237
4437
3125
3848
4795
3474
3165
3719
3166
4003
4748
1840
3205
3134
2880
3763
3904
4425
4695
3327
2542
3791
3918
3868
4789
2696
4511
2910
3030
3971
3852
3856
2925
4552
3730
2895
3807
3532
3567
4191
4217
3354
4088
3391
3640
3676
3844
3618
2387
2300
3539
3308
2777
3803
2703
4121
2724
2894
4209
1763
3943
3225
2041
3877
4047
4605
3787
3397
2714
2848
2813
3159
2892
3667
1736
3504
1801
2776
3199
4231
3728
1820
3862
4745
2587
4963
3831
3752
3884
1745
3782
3740
3532
4216
2976
3799
3152
4045
2675
3035
2849
3454
3488
2712
2729
2487
2112
3434
2854
3013
3027
4121
4045
2672
3612
3961
2642
1719
3540
4539
3381
5065
3526
4394
3267
2294
3023
3374
4646
3376
4557
2455
2722
3713
3929
2764
1981
4205
3585
4195
2911
4339
2596
2467
2874
3990
3244
3644
3158
3701
3928
2668
3467
3578
2358
4049
4279
3443
3233
4709
4738
4140
4312
1770
3498
3364
2942
3137
4242
4149
3784
3698
3630
3246
4437
3151
3983
3275
3015
3838
4026
4091
3787
3155
1721
2595
4116
3275
3896
3217
3107
3462
3798
3993
3272
3161
2283
3834
3171
2727
4386
4067
3044
3380
3197
2351
3564
2612
3546
4337
3181
4551
3884
2859
1689
2692
3427
2901
4654
3738
3293
3499
3781
3468
2872
4390
3488
3717
2625
4557
3513
4215
3498
2422
3490
4659
2717
4304
3329
3517
3034
4378
4434
3068
3014
3787
2723
3597
3097
3739
5715
3815
2406
4211
3318
3719
2737
4169
3915
3187
3658
4344
4562
3332
3241
3903
3693
3915
4329
2835
3286
3872
3464
3239
2903
4040
3885
4361
3809
2044
3849
3350
4111
3979
3698
3745
2466
3443
3641
4819
3693
3711
3614
3394
4030
4525
2932
4503
3788
3876
3676
3242
2951
2605
3622
2934
3347
3172
3159
4191
1524
4130
4902
3548
2969
3904
3896
3461
3947
4334
2557
3845
3615
4366
3433
3359
3891
4219
3599
4276
3338
2388
3514
3032
3818
4218
3343
4101
3929
3883
5056
3457
2962
3524
3139
3844
4128
3574
3548
4218
3559
3504
3808
2478
2389
3397
3655
3483
2845
3264
3239
3535
1717
3459
3415
4273
4347
4116
3329
3785
3176
3476
3926
3440
3446
5123
3399
2465
3396
2189
3861
1860
3831
3632
3815
3033
3392
2603
4500
424
363
364
393
393
423
452
422
423
420
392
392
397
422
364
450
497
451
424
452
451
365
422
392
624
307
394
423
369
686
278
529
451
452
423
422
423
394
394
585
374
307
823
424
422
424
393
691
423
395
630
452
423
464
363
364
393
459
479
453
892
393
278
335
424
406
394
422
453
333
393
450
423
394
398
562
423
567
500
424
395
395
393
481
305
423
398
423
393
424
394
337
393
422
423
422
368
277
529
451
393
423
729
821
334
423
395
366
394
365
369
393
394
450
456
394
423
423
661
457
639
335
426
423
630
394
365
423
423
365
364
365
456
250
423
250
391
450
334
452
394
453
281
422
307
366
452
393
393
337
335
424
365
393
452
391
521
400
424
424
525
451
424
337
458
364
491
423
422
456
393
406
423
363
452
542
394
422
485
427
365
423
424
452
304
423
397
452
423
452
451
421
480
365
452
337
423
282
365
1794
424
423
337
394
422
394
365
431
393
402
394
486
336
464
460
365
633
424
365
452
423
391
421
453
420
395
480
394
452
306
423
306
421
277
464
422
334
424
452
278
650
701
392
663
424
423
424
982
336
422
422
363
395
423
684
451
393
421
335
392
336
398
691
424
525
394
455
394
402
423
395
422
390
365
393
364
418
336
335
423
364
679
452
394
394
423
448
393
430
967
478
337
394
451
394
451
394
306
305
449
393
391
394
407
451
423
393
629
278
392
305
421
452
433
365
393
453
394
393
394
569
394
279
398
480
724
366
694
423
516
366
365
528
424
365
452
447
480
453
308
364
363
559
522
254
402
371
335
993
394
395
365
452
687
365
452
458
423
368
424
452
628
555
393
454
449
394
365
395
393
423
365
423
307
423
364
423
392
1096
424
860
628
396
441
421
422
394
365
395
790
305
423
453
249
451
423
592
394
395
401
422
554
307
424
423
318
369
364
424
423
423
422
423
395
394
480
394
365
394
394
422
424
334
424
422
363
423
505
335
493
306
431
364
363
423
421
422
423
393
425
421
365
392
306
305
336
391
424
429
393
451
308
454
599
395
336
452
542
306
430
336
308
337
423
430
393
307
451
395
364
394
364
395
453
557
485
392
334
451
422
369
494
424
596
335
497
480
480
394
391
421
423
427
422
423
394
423
450
435
393
479
306
423
402
423
307
365
363
395
423
422
481
424
921
423
437
337
362
305
305
337
306
423
525
456
393
392
394
395
421
521
365
307
423
922
424
365
394
395
424
421
427
422
439
394
278
656
366
537
422
423
743
364
452
451
394
452
451
959
366
422
336
422
395
600
394
394
363
464
307
394
423
364
365
365
524
422
489
478
368
394
421
365
424
448
423
452
527
424
335
278
421
422
394
420
424
857
452
278
427
337
308
423
453
423
423
365
336
424
425
451
423
423
664
394
456
422
422
861
593
423
480
315
427
423
394
366
423
423
452
334
340
493
428
366
365
362
395
424
489
424
424
424
278
456
393
815
394
364
480
452
450
363
451
421
423
451
366
456
363
304
394
452
333
364
527
423
645
421
395
597
365
455
530
398
365
424
422
423
1067
394
333
308
534
424
669
335
673
373
599
364
393
392
364
453
923
423
392
423
575
667
422
397
336
366
391
422
395
423
308
392
393
422
424
723
452
599
447
395
534
394
420
423
395
452
427
365
789
306
452
395
683
423
423
366
365
373
496
452
395
453
489
855
794
479
394
394
406
366
459
393
464
422
363
364
335
424
424
308
481
423
364
307
537
397
381
423
394
393
421
423
393
890
395
363
334
423
434
307
423
423
424
450
452
422
395
421
435
365
924
394
337
393
393
531
405
365
423
336
423
538
425
450
422
427
391
336
306
362
395
698
393
424
337
395
449
563
564
1123
392
365
393
453
307
425
532
308
336
423
423
522
450
480
497
394
686
422
431
423
278
452
393
456
452
278
394
422
397
453
423
451
364
423
424
794
423
364
758
424
333
394
424
423
500
423
423
364
616
394
394
421
423
1059
579
394
423
423
394
394
278
823
452
422
368
308
649
481
424
427
661
308
424
393
398
452
856
365
497
364
455
481
336
363
364
483
558
337
365
364
423
424
422
391
394
497
423
432
423
600
423
424
461
424
394
393
307
451
423
393
488
423
570
517
395
423
395
422
423
611
460
422
493
658
546
393
480
464
394
394
452
452
451
334
365
509
336
563
422
393
335
423
424
554
365
249
954
452
335
424
423
334
304
393
465
366
480
424
363
423
421
756
220
451
363
394
307
725
450
376
422
799
424
1028
423
394
422
363
394
364
364
