631
455
554
605
563
609
608
497
449
607
505
637
697
572
598
422
704
659
555
740
499
582
638
633
529
702
712
649
661
639
571
684
678
765
697
628
545
451
638
572
535
615
826
649
560
629
492
746
564
472
630
436
457
525
788
681
633
634
611
662
588
621
653
560
725
742
713
666
791
701
657
629
717
721
615
538
514
655
551
645
661
687
1072
767
600
716
482
557
638
591
620
593
663
620
593
593
534
741
603
538
475
585
544
544
486
748
530
545
489
548
591
570
767
533
570
648
400
622
580
652
703
695
575
593
658
560
590
562
680
525
608
711
574
717
628
675
721
629
648
548
796
412
539
845
528
489
589
625
678
776
699
712
590
497
633
472
720
608
502
514
580
590
602
547
632
758
577
475
723
563
880
624
747
538
672
829
810
675
705
545
688
779
578
514
716
876
452
872
569
764
693
562
475
619
546
557
654
720
774
694
664
554
443
741
834
738
647
699
476
559
497
607
719
562
605
780
576
555
515
750
645
645
545
663
592
769
423
579
572
583
609
590
683
769
507
589
859
767
665
590
631
483
480
484
710
496
706
514
530
612
643
471
466
561
584
762
584
484
827
614
608
584
651
725
629
725
515
538
861
578
638
701
500
641
846
437
644
800
535
643
678
486
564
614
606
527
456
549
682
729
510
667
551
580
453
834
626
716
581
454
505
513
507
628
825
797
578
528
530
649
703
633
582
659
525
461
829
683
556
453
527
835
544
876
845
708
520
362
512
685
529
737
567
553
887
535
505
558
783
483
692
711
675
563
757
686
470
494
537
529
487
752
650
571
560
535
464
449
673
582
511
643
687
677
577
505
538
780
709
717
698
538
520
513
685
604
596
604
651
487
668
629
890
378
633
603
855
725
579
580
679
582
659
689
485
642
539
585
719
781
504
740
638
718
943
613
541
706
419
505
480
595
607
662
602
785
661
590
600
553
597
502
767
582
462
555
626
421
657
554
532
536
483
483
515
513
655
764
504
612
639
603
743
650
526
523
691
584
515
522
498
571
525
641
673
478
599
502
544
448
590
623
730
644
677
585
657
621
625
708
535
697
656
675
721
677
536
527
672
624
563
622
747
603
626
555
514
919
679
425
583
687
607
645
535
595
593
521
696
588
532
573
479
576
652
698
669
571
828
569
544
471
765
644
798
526
512
605
544
832
549
708
610
509
555
632
653
502
683
559
614
430
519
641
706
639
586
605
491
652
610
636
601
614
830
729
557
565
609
505
689
540
718
839
696
603
524
593
601
541
680
549
918
509
500
837
579
727
400
800
653
548
581
598
582
652
804
440
586
485
508
804
593
621
640
725
442
504
628
1055
495
572
553
713
489
608
554
579
481
816
635
493
620
529
576
586
573
539
506
593
631
530
602
716
447
711
672
759
616
538
613
558
700
731
664
660
614
503
424
569
545
679
772
480
671
720
688
799
510
717
750
671
452
716
587
707
575
678
608
769
715
680
738
789
681
607
587
708
513
796
584
594
822
720
766
601
632
656
510
630
645
485
458
739
597
527
833
700
656
559
570
558
649
622
594
512
657
635
511
864
597
881
621
435
547
604
571
536
631
474
521
516
601
669
393
508
656
627
722
440
450
553
778
529
468
548
678
682
503
659
642
602
641
562
579
724
552
745
575
725
674
541
609
682
548
449
776
488
523
685
425
520
422
609
704
568
786
821
699
629
591
712
486
677
568
466
1005
636
533
780
435
669
535
450
521
617
577
514
581
661
540
914
654
618
519
573
671
628
786
789
753
597
599
617
472
616
526
418
549
536
493
676
661
497
702
705
660
811
627
667
611
834
569
473
524
441
714
592
446
479
472
572
689
540
536
730
462
565
723
659
699
487
638
579
522
555
499
518
602
660
494
540
562
667
764
853
564
688
817
681
538
570
786
458
641
533
681
705
837
770
493
786
755
556
518
732
569
593
722
600
529
491
435
565
498
821
568
770
734
541
497
503
455
616
810
508
551
863
1108
561
551
938
708
632
604
733
580
657
551
675
545
615
489
517
799
579
570
596
746
797
722
562
536
673
561
519
686
661
452
737
544
760
721
581
489
648
621
573
859
652
450
770
506
515
710
594
797
604
546
686
631
521
946
547
592
454
558
526
450
684
705
534
696
631
636
481
535
559
548
488
368
674
667
599
634
404
761
723
710
851
658
562
921
574
584
479
438
569
608
631
541
650
499
663
693
590
855
678
703
841
507
545
432
453
752
548
486
582
740
517
457
464
611
747
626
615
543
654
655
698
372
482
346
408
599
728
406
314
378
815
258
406
504
347
404
446
431
377
744
287
345
551
407
287
580
405
404
576
513
313
847
648
483
377
346
818
378
258
318
405
568
750
317
403
505
588
814
682
287
611
682
316
462
317
511
405
547
640
347
419
407
265
373
371
462
458
454
347
317
376
433
377
893
312
363
714
406
314
414
381
313
376
548
347
378
309
639
585
895
442
257
409
315
414
499
287
540
436
404
348
407
445
347
451
377
453
284
349
512
435
377
357
408
898
359
347
336
318
572
420
410
197
373
376
581
749
405
615
545
315
786
232
380
405
403
376
378
375
430
372
344
475
346
376
389
372
580
684
814
407
400
505
375
288
405
377
285
406
196
722
258
486
318
291
257
435
370
348
379
435
614
712
726
742
345
316
274
257
714
776
757
288
438
611
307
347
964
627
950
343
346
287
552
402
410
436
347
347
318
516
368
666
404
315
434
345
405
314
407
407
344
450
498
375
406
716
375
375
748
344
433
345
393
624
380
374
395
345
321
318
451
466
587
370
402
719
513
314
467
471
308
654
372
378
548
406
377
287
311
405
580
849
616
407
616
346
674
388
312
497
406
373
917
317
407
436
554
679
406
972
346
282
404
378
404
345
408
407
729
345
470
344
257
405
290
347
317
374
286
404
371
288
138
487
705
479
375
318
406
405
347
472
372
958
449
483
652
406
689
283
377
316
505
441
284
564
408
315
407
411
439
435
547
379
347
406
348
402
374
414
695
445
408
374
376
373
404
435
354
343
288
381
817
512
434
346
670
549
348
345
579
464
290
287
882
404
287
811
290
376
446
435
137
437
475
585
373
445
375
314
532
378
409
347
847
349
407
345
673
811
347
405
408
442
405
138
314
287
831
347
415
710
376
287
309
438
434
1189
479
554
373
465
321
377
859
376
439
467
463
748
404
290
406
314
287
287
754
832
377
436
380
381
371
407
540
346
436
466
316
559
318
457
408
251
421
537
545
406
806
347
375
578
673
283
407
381
441
434
504
373
815
348
318
436
689
345
377
852
677
718
443
662
375
345
288
492
348
318
375
316
752
317
405
437
430
377
467
550
344
755
374
461
378
284
347
371
892
381
378
477
857
576
613
479
348
577
283
424
918
376
990
617
823
565
757
413
439
376
347
435
344
702
257
362
995
753
470
407
373
347
444
347
784
551
418
614
317
283
478
406
511
604
378
381
231
450
790
404
401
434
377
437
451
381
491
535
351
483
377
348
875
700
449
381
492
755
456
542
307
657
891
787
467
448
777
381
548
347
440
759
317
346
997
512
407
418
380
579
647
402
377
625
338
762
315
498
347
406
341
622
517
375
376
525
518
347
1040
403
258
377
197
257
491
405
513
348
311
380
651
409
757
380
406
347
375
463
464
437
360
679
372
345
486
346
406
479
382
589
345
423
289
317
343
784
437
227
548
348
482
258
375
357
853
717
954
948
447
714
799
582
903
373
414
317
472
376
534
329
564
377
313
346
320
822
364
377
661
287
285
348
715
516
312
466
343
586
562
418
615
342
312
440
878
406
311
287
407
515
542
721
375
376
288
378
376
648
651
434
344
436
686
652
392
725
882
590
435
375
321
373
411
373
857
408
348
377
385
376
369
404
316
377
720
648
577
897
345
317
378
343
317
317
527
695
410
816
407
826
436
543
653
408
383
376
615
396
407
287
403
704
375
437
287
445
447
496
467
137
578
375
518
377
407
449
449
579
986
866
438
546
402
377
406
716
347
228
407
317
434
467
287
476
608
709
345
373
346
378
375
688
378
407
517
316
598
348
257
315
318
328
444
403
411
318
313
226
288
527
284
375
348
416
342
315
656
443
321
291
477
707
559
374
378
375
425
401
316
345
464
545
402
343
407
568
813
381
286
679
375
286
286
495
717
346
227
344
379
258
627
401
315
405
227
290
316
453
402
526
466
311
315
1017
314
851
680
638
615
596
440
346
375
378
781
451
436
982
563
288
549
781
660
257
285
768
647
373
440
258
318
377
433
407
292
513
317
745
315
406
433
572
286
352
378
406
588
375
423
421
525
414
434
197
375
406
314
431
376
683
346
508
989
315
622
371
630
572
137
710
406
378
577
404
683
345
505
372
315
386
318
547
1146
258
389
402
317
764
288
423
1056
451
410
482
378
490
345
879
315
437
403
258
344
534
418
378
515
462
379
407
288
373
448
494
347
317
649
715
505
316
546
478
377
347
581
314
407
440
436
485
348
846
197
581
482
258
404
546
376
422
781
437
655
424
433
464
514
532
585
552
527
545
498
550
705
519
535
482
629
647
603
616
482
563
616
519
577
762
541
527
486
592
588
557
613
641
604
546
531
576
619
418
457
619
723
512
455
539
403
507
414
450
666
449
548
535
748
549
631
530
596
633
514
583
570
601
651
549
588
494
459
552
548
530
709
634
537
472
493
523
518
568
683
523
756
684
589
502
500
482
526
602
639
556
463
549
651
575
529
740
510
604
561
435
475
509
439
608
422
447
449
471
504
515
616
537
511
472
406
506
405
509
580
480
414
531
565
537
394
516
513
436
483
615
548
541
543
622
646
632
684
501
597
454
444
568
536
479
615
509
520
514
488
683
621
561
530
495
622
491
520
478
538
563
520
456
535
650
512
425
698
547
654
473
445
533
627
760
645
637
565
502
611
659
457
481
504
703
493
610
599
642
704
496
461
466
507
433
624
581
611
426
628
434
433
653
578
575
500
587
437
594
475
535
623
452
548
572
447
528
461
521
520
538
473
502
461
739
446
681
470
678
480
489
597
594
494
460
478
742
558
526
616
554
428
447
647
454
713
448
553
513
554
547
409
372
552
597
453
592
546
629
620
452
577
416
544
620
503
514
543
567
431
602
431
511
493
517
481
620
452
623
543
451
610
610
502
523
478
491
578
593
478
610
581
535
521
513
497
570
561
516
562
473
463
600
615
641
618
527
555
613
497
569
437
614
444
488
759
533
530
475
509
684
479
771
829
662
464
472
549
615
492
707
491
479
678
550
448
569
540
456
608
672
583
643
672
609
542
495
470
402
523
572
564
563
489
634
680
445
439
417
445
543
517
578
605
505
510
612
696
673
573
552
506
536
580
505
583
554
639
562
523
445
555
470
536
616
623
572
531
533
580
579
611
614
551
530
573
384
593
558
509
668
603
622
857
639
444
521
504
409
447
497
522
634
569
601
565
479
545
586
594
460
588
482
408
640
520
516
632
535
446
572
459
589
443
532
516
560
422
614
535
580
651
613
461
526
617
493
515
491
400
497
433
548
540
511
566
528
448
508
555
596
557
526
636
464
736
504
528
580
461
617
446
676
422
486
479
444
495
507
480
489
582
487
565
576
430
763
604
352
576
569
603
537
529
408
627
486
545
625
474
535
444
528
466
522
624
620
472
529
574
491
588
533
720
542
486
555
411
590
455
624
487
507
462
571
626
510
664
577
469
395
451
415
568
532
498
517
398
527
544
580
728
524
701
644
426
503
580
486
608
497
468
710
542
650
487
573
558
543
559
507
704
469
478
551
547
553
436
632
604
518
478
664
529
625
670
460
679
559
426
617
555
547
589
683
380
453
564
760
472
535
440
550
522
689
556
670
523
662
633
446
578
538
494
534
494
403
530
634
465
549
528
698
495
621
581
688
508
553
594
448
605
633
712
485
511
494
437
513
520
447
572
501
599
506
577
787
528
563
527
566
562
632
551
525
482
629
524
605
605
517
541
495
459
447
629
544
495
698
472
500
645
527
708
570
526
506
507
531
672
455
509
693
502
524
767
727
546
460
604
504
517
558
468
555
498
543
447
768
547
610
500
411
412
494
484
495
469
442
494
505
549
480
401
452
515
554
598
469
466
493
812
429
504
497
629
525
486
637
641
546
623
596
727
722
529
725
492
614
657
496
484
649
507
555
673
554
536
587
434
473
434
529
586
430
507
595
539
484
593
649
446
488
447
516
528
580
521
585
458
531
504
426
426
473
553
513
436
595
467
664
539
590
512
553
520
554
544
609
627
608
667
580
451
607
505
441
609
494
539
548
555
548
618
529
493
533
715
508
499
393
569
461
531
493
692
460
501
524
450
526
669
576
582
560
392
575
650
565
521
474
539
547
464
573
445
559
554
483
483
466
503
597
697
634
496
615
782
521
546
475
707
447
569
450
587
663
641
655
469
665
635
461
513
669
553
625
543
482
565
554
435
562
525
788
575
483
429
484
411
551
484
615
567
518
472
590
579
545
571
760
607
563
540
645
664
587
504
503
511
407
537
475
640
424
582
598
427
852
570
518
526
494
481
530
516
621
487
649
477
618
633
558
476
600
515
567
650
595
569
629
532
495
603
528
557
596
489
585
515
448
684
444
527
407
647
494
417
517
610
479
658
559
458
468
505
532
543
419
447
576
532
441
595
412
628
404
617
701
587
604
639
390
556
426
514
530
596
499
465
593
609
523
732
484
459
569
538
761
559
419
487
452
644
550
560
488
715
522
530
432
575
662
482
563
569
510
502
593
2657
1527
2863
3838
2300
2643
1520
2850
3823
2289
2313
3575
2742
3579
3712
3152
2796
2570
2554
2920
3329
2524
3998
2657
4459
2984
2943
2952
2122
1426
3469
3039
3547
2567
2753
2831
3521
2779
2692
3195
3727
3511
3573
3925
2221
1866
3969
2682
2552
3233
1881
2523
3772
2938
2249
4124
1655
3469
3378
3592
641
427
437
479
498
559
547
538
504
544
525
539
688
549
539
470
612
666
569
610
490
542
632
500
604
705
487
513
495
628
574
523
591
685
589
647
539
540
606
467
425
649
672
538
422
523
407
491
415
438
656
438
497
506
770
548
650
529
579
637
525
602
598
619
630
534
594
507
474
592
515
522
699
604
501
458
517
491
502
531
662
509
787
671
573
514
534
488
535
599
672
515
473
531
641
500
511
743
491
571
576
459
470
551
468
606
477
490
447
474
554
494
611
520
471
472
393
492
480
478
602
497
401
510
551
544
474
511
576
410
469
575
546
545
593
613
616
649
721
486
620
491
436
563
518
481
591
510
552
489
476
621
594
546
514
477
626
442
512
483
509
548
516
445
503
630
500
439
656
562
664
432
453
559
626
737
680
669
552
541
598
692
447
483
521
684
489
645
581
639
662
488
477
454
520
452
605
600
591
412
608
418
423
648
537
585
488
626
416
581
463
545
623
440
563
555
439
510
447
507
489
538
460
487
530
717
452
628
480
643
457
460
588
557
492
458
488
742
585
514
631
530
416
436
625
480
689
479
533
523
630
514
397
378
542
593
433
611
545
613
604
470
601
457
535
614
486
465
583
551
430
576
439
501
487
500
464
637
438
577
564
424
592
584
501
494
460
467
561
571
471
630
564
521
522
558
483
596
549
496
564
495
519
583
585
627
603
503
526
575
524
577
425
599
427
453
744
519
545
459
537
641
477
750
828
637
465
442
520
611
482
713
482
492
656
539
452
550
519
446
582
634
582
622
651
589
522
493
471
461
499
561
562
519
523
624
702
436
410
405
426
579
520
593
622
471
433
593
698
655
560
544
508
527
564
496
621
554
621
568
509
438
581
482
537
559
598
567
512
536
608
508
594
621
536
577
531
462
587
553
538
673
623
622
853
560
506
544
492
405
425
518
524
591
551
617
607
469
516
560
580
480
635
505
391
620
512
460
662
517
449
482
462
562
460
517
502
616
440
557
537
572
633
610
434
537
602
513
538
479
433
488
430
522
510
516
538
501
436
520
531
610
602
516
636
482
705
633
512
570
447
590
458
643
437
472
461
428
480
520
504
491
560
495
551
593
404
741
623
386
558
466
602
550
614
474
611
495
574
632
544
501
464
516
451
547
699
618
490
513
541
515
564
537
695
524
497
521
398
623
444
604
462
501
457
566
645
552
662
559
453
429
497
417
590
522
497
505
417
523
579
588
711
513
682
629
418
465
571
490
560
483
488
689
546
624
432
555
557
451
524
471
663
428
502
557
544
563
448
612
624
545
468
627
516
609
652
448
676
545
449
600
523
540
572
692
451
453
550
803
438
583
477
540
491
672
592
655
532
653
625
398
575
488
509
514
476
399
514
611
453
534
550
707
486
607
565
671
495
521
606
393
593
609
726
477
530
489
422
572
544
423
589
489
587
564
560
757
539
647
515
550
515
594
574
525
468
607
562
591
616
539
578
505
486
430
643
548
521
676
466
541
772
531
730
550
584
547
511
558
655
463
495
667
550
533
818
705
520
479
589
501
536
621
459
549
486
529
444
745
575
595
510
401
414
533
470
493
556
394
465
524
540
500
372
398
565
536
570
507
466
466
772
447
471
537
636
529
506
626
624
501
603
615
763
741
521
711
492
608
624
480
487
629
531
539
662
513
491
594
443
522
422
500
568
427
506
605
537
472
565
654
473
474
433
504
462
560
510
624
467
518
514
423
414
491
542
522
408
561
441
644
520
577
460
555
563
541
519
596
622
619
629
616
463
607
511
463
554
490
520
542
563
532
608
504
456
521
679
485
503
404
586
453
529
466
674
459
467
534
441
542
687
578
566
544
419
547
703
538
451
461
536
599
505
553
426
513
515
457
510
471
530
588
698
633
450
646
783
499
592
466
692
410
566
439
583
636
581
697
494
677
616
445
516
645
540
643
505
463
538
547
424
554
555
806
564
508
456
455
399
554
448
581
575
499
445
606
649
557
569
738
609
536
564
630
642
554
469
495
497
398
500
524
622
409
581
592
493
815
570
495
510
510
475
511
482
600
424
656
469
598
615
523
467
580
502
551
656
547
551
614
534
481
585
512
539
580
543
590
527
541
699
480
508
458
648
493
451
499
613
454
638
574
489
454
516
498
602
480
434
577
530
443
580
398
605
420
622
692
573
604
673
432
514
482
540
511
580
489
497
594
541
517
738
470
445
581
567
752
532
476
507
458
693
531
547
522
707
556
551
487
553
716
447
568
549
511
507
649
