168
164
203
170
202
166
184
179
198
192
170
184
216
300
206
202
132
160
180
160
164
195
183
242
252
223
155
189
206
254
189
215
166
202
149
134
256
191
143
130
145
136
139
134
193
291
197
208
208
233
223
280
206
125
153
263
312
153
167
286
222
145
104
205
238
180
154
180
159
224
288
168
195
221
196
268
136
141
99
379
175
163
166
226
158
210
210
249
200
212
243
174
177
184
205
295
256
190
181
206
154
278
263
166
169
144
143
180
213
223
172
152
113
200
241
198
307
300
157
151
284
153
226
165
254
212
222
210
158
192
161
166
174
265
167
133
251
134
236
231
122
266
226
119
350
234
175
146
143
295
240
86
167
150
175
209
233
244
145
141
158
111
191
214
140
251
249
184
228
271
173
262
213
141
206
138
208
177
146
218
227
242
177
180
257
257
205
147
180
161
134
171
208
237
169
276
194
229
211
197
225
221
142
266
155
117
130
254
190
193
231
164
206
186
273
211
285
232
157
220
148
182
234
149
122
196
190
162
219
264
246
211
146
188
160
224
179
153
205
264
175
221
179
192
182
193
219
203
211
145
140
173
318
176
89
194
229
149
175
124
284
139
219
274
240
249
263
183
90
153
226
215
165
219
290
247
122
246
128
151
202
204
249
215
216
144
135
257
245
198
242
255
192
202
218
187
207
240
241
185
158
188
213
244
114
166
205
288
228
182
229
256
268
197
124
196
215
264
157
370
145
213
194
161
151
226
195
168
201
126
207
118
137
231
291
166
137
207
213
196
165
166
165
105
150
190
167
171
129
142
174
280
275
235
186
252
192
178
142
134
126
166
150
210
256
191
176
257
132
347
140
165
134
194
172
243
196
134
264
169
237
293
278
146
228
246
189
182
201
244
198
168
281
174
235
180
198
219
137
149
189
211
226
208
154
235
249
193
160
142
166
126
151
218
150
160
204
142
146
196
205
129
138
156
299
257
217
126
167
148
183
227
195
190
176
134
129
188
184
245
215
161
199
218
233
138
295
127
178
73
145
178
226
154
174
136
167
139
222
143
241
242
193
181
207
158
231
186
183
185
172
268
162
146
139
192
205
221
189
160
209
190
282
250
192
142
210
255
138
79
222
148
175
149
238
264
141
166
282
154
211
193
199
217
190
174
177
156
161
165
182
239
242
193
193
179
178
268
148
114
221
153
208
254
115
141
195
142
200
245
163
246
237
138
124
212
186
168
208
160
139
221
97
215
184
133
260
217
162
77
199
219
229
268
159
128
192
131
144
136
188
165
152
237
162
171
125
139
161
124
95
171
138
190
159
196
201
235
229
209
162
170
157
221
179
285
249
100
162
244
260
174
123
189
216
190
158
246
192
137
185
244
170
215
243
158
298
333
219
137
285
192
100
235
179
104
189
229
166
238
258
171
186
281
404
171
188
228
146
143
204
212
280
269
157
159
98
141
170
161
155
236
179
202
152
257
207
124
169
167
222
196
214
226
195
108
205
232
185
148
107
157
162
245
156
182
200
214
121
157
212
157
188
148
142
255
195
150
214
214
174
231
180
240
230
246
179
121
156
188
88
229
185
191
205
196
204
163
159
193
184
141
169
135
250
196
112
184
311
186
227
210
217
167
140
168
193
186
194
204
203
235
100
226
157
264
279
183
254
189
184
255
238
207
175
141
125
143
213
154
168
186
296
293
231
246
182
177
230
188
246
187
178
116
144
118
236
246
246
216
156
232
159
286
202
181
192
179
175
211
201
168
117
220
184
132
197
215
108
278
188
131
153
167
225
140
161
216
284
158
194
222
182
184
144
207
182
175
180
236
170
235
160
131
224
274
233
149
213
304
162
156
209
257
227
143
201
165
127
234
153
239
218
196
172
213
171
137
181
153
184
254
142
188
159
160
196
215
168
97
193
190
273
258
227
197
250
255
236
161
289
197
211
272
82
145
131
208
216
172
211
170
172
199
205
278
263
257
149
153
232
150
197
202
189
231
187
191
142
104
229
164
226
195
181
261
152
114
156
224
203
215
252
230
157
180
192
257
258
184
264
244
192
200
188
227
166
145
171
192
175
157
179
200
149
192
240
273
199
184
216
242
176
147
182
205
111
210
200
186
199
218
205
245
193
252
233
104
160
201
268
242
275
267
207
220
186
190
295
252
149
209
173
99
295
216
159
200
245
221
190
215
219
152
177
219
217
145
131
182
172
164
122
86
167
185
152
189
182
189
177
193
187
138
140
178
160
195
225
173
247
142
167
189
189
211
203
197
304
187
130
211
177
157
194
100
212
192
162
311
155
180
222
171
145
193
232
95
76
127
101
116
201
172
141
111
241
144
175
82
167
256
101
211
189
296
250
233
259
98
229
201
197
121
201
211
138
128
208
202
166
111
162
302
205
161
181
157
150
113
263
134
241
82
160
200
250
128
208
230
89
200
139
149
197
298
111
168
137
274
360
92
140
141
174
88
200
203
176
149
211
95
124
68
201
225
301
241
176
94
155
225
252
285
220
236
201
236
273
89
151
161
100
251
241
89
159
109
305
199
118
220
197
201
147
148
75
136
244
192
166
76
202
252
100
177
125
75
201
107
217
87
171
107
131
193
69
250
63
130
110
165
272
161
211
140
188
125
210
285
106
211
135
162
217
195
210
96
353
172
101
212
180
311
121
271
227
96
207
180
241
118
110
301
224
174
199
249
111
82
149
291
111
300
141
203
280
312
160
77
230
250
128
216
216
70
196
162
249
202
167
170
93
158
100
142
250
207
106
192
208
221
209
91
201
186
213
181
193
181
192
235
88
149
221
96
102
184
121
76
111
228
138
182
172
114
161
212
101
125
243
112
251
207
240
172
195
159
141
136
85
142
285
139
180
177
267
198
135
106
118
123
215
141
150
268
219
200
61
243
195
171
201
203
209
199
115
136
259
160
206
282
167
206
231
90
126
96
262
64
143
105
176
192
219
211
106
228
169
148
197
222
201
287
200
261
177
236
156
158
190
197
171
112
91
239
152
115
171
191
136
260
242
238
122
242
207
210
151
216
107
301
272
226
275
250
95
202
195
200
115
131
212
111
229
222
155
100
180
156
100
176
178
100
238
102
306
170
271
108
195
218
239
167
215
108
191
207
271
247
180
180
186
130
131
88
212
236
95
355
184
170
121
219
216
151
132
242
209
262
213
147
182
172
213
289
149
133
257
139
121
108
168
220
232
90
197
176
115
231
179
90
172
169
262
306
208
124
76
250
188
139
201
124
237
59
120
230
145
221
86
279
148
312
200
330
242
130
192
141
249
205
188
136
178
171
152
161
139
206
216
162
237
129
224
172
181
181
102
140
192
190
207
84
134
221
182
201
100
263
136
244
309
187
214
96
136
264
153
139
192
119
143
178
80
117
141
99
229
251
81
144
91
112
241
131
230
268
208
98
77
87
95
321
148
265
124
241
167
77
148
216
158
280
142
237
174
160
170
186
262
228
171
233
293
160
166
127
90
246
120
255
101
215
230
330
200
105
215
230
150
286
175
241
203
177
201
200
100
150
171
186
202
162
252
101
106
182
97
90
237
191
101
117
252
162
106
120
190
345
261
277
237
191
272
88
75
111
107
137
121
197
152
107
131
208
156
161
392
133
123
171
164
121
128
140
140
250
111
245
242
114
136
170
104
199
179
94
263
171
121
232
219
147
131
260
238
100
100
122
265
198
216
111
187
191
240
180
181
231
203
267
201
282
180
156
141
227
181
161
126
285
186
248
212
207
121
177
184
138
130
246
155
191
81
131
139
150
181
143
197
257
122
225
95
140
196
238
171
99
280
190
276
68
105
282
211
150
180
259
262
145
219
132
217
231
180
288
94
98
78
99
170
281
156
81
191
176
209
221
129
95
71
233
154
154
100
124
221
85
257
181
286
237
167
159
233
180
148
326
112
121
106
198
220
201
104
120
281
121
77
58
246
180
181
177
222
151
150
88
250
144
146
338
159
156
163
279
84
260
84
211
70
124
95
229
258
127
196
175
112
219
181
127
132
118
194
134
120
188
159
117
166
231
228
163
68
131
290
160
193
133
189
101
160
53
151
58
222
155
265
89
178
233
179
218
160
210
145
119
179
143
212
149
101
250
326
89
359
186
249
180
98
227
173
301
100
170
107
175
173
199
135
214
210
197
187
211
136
195
279
213
152
190
201
125
191
166
145
164
199
302
181
286
128
220
343
142
252
105
143
215
142
220
181
175
191
146
70
100
149
170
222
265
141
140
166
142
84
116
253
202
218
224
138
219
232
211
224
202
243
257
248
288
170
98
252
204
232
209
145
269
110
201
162
217
240
126
213
91
101
193
152
121
142
99
209
166
250
225
145
214
117
193
173
106
189
190
203
241
143
145
111
214
282
127
106
103
87
217
249
299
266
179
209
381
87
134
262
139
92
171
421
90
232
267
262
100
188
250
95
228
207
87
172
291
243
160
132
126
119
118
101
128
92
180
131
202
289
212
228
187
153
166
174
70
279
315
102
181
105
148
125
181
141
230
162
100
152
249
