295
183
263
240
235
168
322
213
183
239
292
125
161
290
141
283
170
115
256
353
241
230
255
174
109
184
216
339
194
169
225
255
300
228
194
244
239
303
240
231
155
230
158
177
280
211
280
144
200
177
199
224
267
263
158
155
175
245
146
280
139
194
316
187
192
171
169
147
233
137
212
204
216
212
140
301
278
284
165
211
210
230
181
211
237
269
180
196
193
275
243
166
200
191
213
212
196
229
192
202
186
252
227
110
153
161
161
240
277
240
196
272
219
216
203
219
175
201
236
178
251
173
292
179
127
194
201
329
217
199
222
183
288
223
275
173
229
274
198
178
213
219
228
220
171
164
169
264
139
170
245
241
147
168
230
145
276
222
166
226
328
235
239
213
207
190
302
215
182
171
156
223
241
186
202
278
371
211
308
254
210
301
219
248
211
240
259
240
167
178
228
178
203
233
231
211
322
177
280
175
223
224
179
292
269
226
279
186
173
159
156
257
170
146
137
221
260
254
273
244
191
131
217
252
242
227
184
215
218
199
167
188
204
268
186
168
270
206
174
249
169
226
170
104
253
165
198
265
254
212
253
198
204
230
225
203
165
252
140
174
232
219
167
190
176
235
194
195
141
186
252
257
185
236
210
230
228
207
280
184
305
232
145
129
320
179
166
177
241
160
190
219
144
207
267
269
173
270
171
325
148
210
316
306
241
341
250
213
215
224
213
234
122
263
178
244
193
214
212
220
177
146
204
211
171
174
206
188
219
229
260
305
164
243
286
180
320
209
231
179
158
229
230
203
145
187
192
232
243
157
181
215
277
288
176
287
186
172
233
215
145
238
199
136
172
209
189
221
248
123
258
174
226
210
168
195
181
253
321
238
217
259
117
173
174
228
148
259
203
238
192
288
325
224
201
220
166
260
240
266
158
202
138
304
225
232
258
222
166
207
216
128
238
199
212
170
256
188
213
225
178
182
240
167
287
197
216
203
265
254
153
237
178
100
297
185
243
301
196
275
230
202
249
161
226
213
134
244
141
247
167
224
146
385
210
229
332
225
177
215
224
148
226
184
269
334
228
222
203
139
202
218
151
226
273
257
166
266
227
143
160
284
166
237
325
168
224
270
186
238
177
165
190
272
186
183
178
252
194
266
210
158
319
318
253
180
169
310
160
321
255
182
241
295
120
173
195
156
199
129
157
242
178
241
303
174
186
263
187
215
130
253
196
214
140
173
180
247
163
210
230
249
158
286
162
263
242
170
183
295
250
289
179
223
193
210
240
114
156
271
265
222
201
192
176
244
121
295
222
200
232
202
162
256
189
322
205
189
184
202
141
122
273
200
169
233
191
154
131
234
180
154
227
254
192
268
279
288
143
209
207
349
258
173
259
250
266
224
205
224
261
177
202
212
212
159
272
193
235
199
250
262
258
241
164
244
227
255
136
157
157
296
205
191
263
291
217
174
254
216
261
266
198
173
234
250
210
205
213
203
198
205
214
201
158
181
203
270
183
189
125
162
176
282
306
173
217
263
204
265
222
257
209
126
256
215
142
239
243
206
160
155
186
304
221
256
300
196
286
257
236
162
155
343
189
199
175
206
350
148
287
195
218
176
154
229
121
221
210
175
228
220
147
175
211
285
213
178
211
234
190
176
199
225
214
131
176
249
231
204
287
193
247
181
212
198
224
219
241
237
208
203
177
176
153
229
212
269
235
217
226
309
214
144
185
197
171
273
185
196
217
284
223
159
207
225
206
206
233
151
125
178
149
193
171
206
178
152
169
241
126
233
329
183
232
197
284
178
223
176
217
237
258
157
167
187
206
222
194
223
229
147
196
234
277
233
148
160
239
125
129
142
165
125
176
175
210
219
232
159
298
179
110
211
276
166
237
370
169
178
195
395
297
159
235
219
172
207
209
193
193
270
197
252
245
158
160
132
204
294
161
253
118
223
288
262
195
175
282
226
200
220
301
173
173
171
211
235
191
189
282
139
266
249
168
226
237
214
183
180
247
263
342
198
170
229
271
259
206
279
177
257
264
256
199
197
237
165
149
186
192
263
269
138
316
207
195
166
275
240
202
277
207
263
160
222
208
229
243
196
199
260
312
315
173
143
219
209
228
202
241
200
292
206
177
101
170
263
225
128
222
144
204
115
214
220
282
284
151
192
257
194
230
227
264
172
273
211
184
153
249
251
246
244
246
168
303
229
142
181
197
200
253
216
139
257
162
232
208
254
214
161
212
191
319
199
171
403
199
209
326
149
181
213
251
417
219
266
170
149
199
281
164
216
232
193
154
250
250
208
375
292
236
133
256
223
77
288
143
116
205
200
279
215
162
107
199
144
251
190
164
260
142
149
209
151
227
216
210
129
72
220
159
154
266
228
178
279
243
257
185
222
266
324
127
152
262
163
172
251
175
220
295
160
138
217
124
86
190
176
210
177
286
195
241
229
80
193
249
138
290
241
133
246
267
194
263
247
148
194
114
119
362
143
155
341
256
88
271
115
221
168
242
210
149
287
177
241
162
93
136
112
174
141
195
270
153
252
271
229
299
138
177
142
186
114
198
140
173
220
232
295
143
236
183
297
129
141
288
300
189
87
183
262
154
144
196
139
111
364
115
233
275
253
199
125
251
120
189
183
301
287
195
74
166
177
160
301
115
241
114
145
275
207
141
254
155
218
180
131
262
196
221
210
111
114
108
178
312
254
106
141
206
149
109
235
255
164
157
205
199
227
87
252
144
267
152
186
303
144
163
213
311
156
239
194
187
144
87
287
190
235
167
134
228
198
242
270
155
134
115
229
246
236
340
177
209
212
127
223
353
307
218
210
127
295
209
202
121
166
134
232
101
271
138
158
91
174
174
189
233
324
204
264
282
173
108
114
254
117
122
286
65
249
140
155
184
282
177
158
249
170
128
221
299
138
353
145
171
284
231
216
195
163
306
133
154
110
250
101
272
181
77
253
221
67
166
165
184
199
316
140
185
174
252
185
149
86
149
190
213
146
93
128
203
283
104
148
260
285
104
241
278
247
145
222
156
243
134
130
275
196
176
101
304
74
94
237
88
268
174
155
225
66
111
221
100
115
277
155
220
100
111
363
276
172
246
239
72
122
254
233
244
167
105
90
119
182
272
233
318
128
151
181
159
329
234
184
112
167
154
145
166
115
101
254
190
184
66
240
112
174
321
159
292
248
178
289
122
274
309
90
153
339
243
223
296
200
210
329
229
210
104
147
233
171
199
115
100
121
99
201
114
142
161
127
158
194
211
328
162
156
359
217
115
312
161
108
263
139
173
231
265
144
233
176
138
273
177
100
79
297
179
294
271
229
264
289
126
132
179
147
244
237
312
287
291
189
245
272
210
297
202
255
155
279
274
202
153
309
165
100
121
210
210
243
179
220
253
169
281
253
170
235
185
120
242
196
192
199
163
178
237
221
337
272
191
119
104
190
98
200
113
144
176
191
199
116
263
217
229
128
200
179
210
133
277
119
140
95
114
118
232
306
238
194
72
164
211
250
45
255
198
206
199
156
87
134
329
124
352
183
106
206
228
211
199
259
221
179
132
269
260
230
107
251
196
121
298
232
166
147
199
134
199
236
214
222
349
162
268
156
231
166
287
142
199
151
253
283
98
228
193
66
206
178
96
274
133
225
253
331
142
120
134
97
261
325
280
139
288
203
187
209
119
121
265
79
217
238
156
300
110
166
312
297
196
69
122
237
195
286
159
250
166
254
245
127
203
222
199
127
134
238
221
143
123
190
122
65
258
128
185
197
162
158
101
254
271
101
197
297
122
409
188
234
255
221
162
187
86
72
262
108
244
127
165
186
211
122
148
337
233
277
149
108
148
254
287
189
218
123
107
188
231
241
265
248
298
111
223
128
286
261
141
262
164
239
162
133
300
209
243
165
197
274
189
134
99
229
121
279
171
164
171
166
222
132
182
134
125
217
269
150
288
132
178
232
321
218
201
152
121
195
209
197
248
190
148
146
97
115
167
92
265
158
142
264
286
94
113
186
204
78
278
290
222
243
241
166
152
123
161
99
100
138
194
450
63
206
122
129
153
210
155
198
95
261
199
85
211
234
122
195
244
180
267
281
310
165
233
141
213
148
185
157
147
110
221
220
229
198
316
374
234
220
185
240
162
110
336
138
230
126
254
265
196
79
298
215
101
130
150
170
299
293
198
233
133
321
169
207
283
96
137
123
199
242
345
122
319
202
264
199
264
193
162
182
254
188
156
126
156
179
210
44
204
243
206
190
226
171
289
121
199
188
220
123
211
297
130
152
230
232
117
200
125
155
258
183
272
119
264
219
181
262
267
310
237
106
131
166
209
165
179
273
149
155
192
265
166
98
221
274
363
253
192
297
102
97
178
112
143
162
199
71
149
195
204
185
184
161
135
119
147
249
287
137
291
112
155
257
122
267
241
145
140
216
349
132
199
123
193
102
135
350
87
112
244
278
217
304
255
296
185
109
229
204
195
170
100
79
247
135
114
158
179
122
76
351
161
231
265
119
147
112
126
160
210
133
