191
226
172
237
276
218
226
238
244
229
234
182
272
191
178
202
277
209
288
247
258
227
229
231
225
322
188
300
294
210
278
203
208
194
268
170
175
290
247
197
201
239
250
264
270
175
220
219
199
321
172
211
230
190
276
229
191
270
233
225
291
264
237
200
232
263
200
234
259
226
306
285
166
278
171
276
211
207
179
218
266
196
362
262
396
251
270
253
261
240
275
231
207
259
244
267
214
298
265
270
233
300
258
193
242
227
258
260
235
278
215
221
177
238
345
167
191
242
190
225
221
252
209
220
191
273
236
311
218
232
224
233
133
267
240
258
241
293
313
250
266
229
254
270
224
343
246
187
259
216
270
270
209
206
296
220
249
218
274
171
189
170
218
232
206
144
205
233
237
310
303
308
174
223
288
258
168
228
214
259
336
243
215
307
326
314
218
196
218
292
258
210
392
284
200
303
237
249
224
261
290
220
192
204
262
207
290
154
256
195
224
313
231
210
189
235
184
270
192
253
228
228
220
263
224
194
220
231
233
199
240
189
210
255
239
260
174
277
237
202
257
298
252
292
224
323
234
153
253
265
349
252
198
317
196
178
205
183
290
330
164
318
209
260
273
287
186
279
243
227
306
260
284
168
261
292
328
258
192
308
265
234
279
263
208
236
171
285
393
278
181
226
276
262
157
239
294
215
279
175
272
222
321
285
246
223
159
221
234
191
234
254
187
235
216
221
184
206
275
341
227
219
271
264
179
289
254
206
308
221
217
169
239
241
253
249
203
242
205
224
212
266
196
497
292
221
252
259
277
301
158
253
198
290
260
380
173
259
204
233
254
183
135
241
187
218
213
261
303
257
219
221
185
269
215
205
301
245
233
247
220
268
221
201
181
337
263
213
225
223
269
254
232
236
303
152
291
249
207
248
236
254
258
202
252
195
287
250
356
265
267
270
229
271
242
227
224
231
226
292
270
234
217
220
330
211
162
305
245
253
228
195
272
216
179
274
253
256
262
229
254
402
201
229
212
273
234
196
288
251
284
294
226
269
250
210
215
233
236
266
208
322
223
220
254
205
222
236
228
239
185
249
248
265
300
244
250
234
221
224
231
214
304
279
269
315
269
248
193
177
286
268
258
251
307
248
259
205
273
312
207
271
179
198
191
208
248
239
243
160
294
273
221
233
197
250
236
196
237
216
269
242
210
240
209
236
251
184
223
250
317
213
251
180
189
348
266
189
242
190
287
248
208
291
179
342
220
332
202
345
230
206
276
249
173
215
310
260
282
267
294
252
246
236
230
200
240
247
272
200
222
289
243
255
349
276
444
202
257
199
226
218
179
233
221
287
252
260
172
176
219
240
211
291
240
216
222
231
203
281
236
229
315
275
333
245
204
266
220
252
268
227
248
282
214
222
255
249
210
226
187
193
235
185
165
184
244
213
249
170
389
238
256
250
296
251
259
166
347
194
372
239
249
251
207
257
230
268
285
273
230
247
230
218
206
256
306
211
213
227
277
432
257
268
313
378
275
211
305
302
165
251
225
208
219
211
306
333
217
222
308
185
233
248
159
257
207
225
215
196
183
298
198
306
271
210
292
260
237
258
230
197
349
245
276
268
218
205
265
305
191
222
260
386
217
235
260
231
283
196
243
240
255
247
267
245
236
238
270
209
230
249
315
235
296
298
177
183
165
326
229
182
206
267
158
252
271
317
276
287
264
268
205
173
251
282
235
125
203
238
340
254
240
210
234
162
221
428
315
187
208
288
222
256
208
217
192
155
220
287
286
272
320
443
172
172
354
273
203
258
245
245
202
225
249
204
157
214
250
207
304
280
236
301
244
392
300
239
194
211
204
206
192
219
430
300
164
226
287
169
283
315
198
239
214
235
251
301
202
267
286
262
230
213
193
232
167
289
206
206
247
178
166
221
265
244
235
216
189
253
209
241
196
183
280
207
232
206
272
277
188
264
200
187
253
231
312
233
261
211
268
304
252
203
208
294
234
288
242
198
233
235
208
209
185
398
220
251
208
252
218
224
246
285
212
170
227
156
273
231
239
193
185
250
290
269
221
282
222
287
266
247
216
283
247
217
247
290
130
259
229
361
301
222
218
285
214
249
250
260
321
328
271
180
184
209
195
286
258
237
218
252
177
209
274
266
226
205
215
183
262
242
206
296
331
168
255
286
209
199
183
274
240
207
223
297
284
235
192
203
251
235
193
235
213
208
197
211
218
211
239
268
242
256
226
181
215
198
294
211
271
265
235
291
182
254
214
218
240
238
815
527
1083
601
645
673
739
1324
547
792
698
974
515
716
363
923
1047
799
703
799
613
944
867
698
853
687
494
626
878
206
844
880
765
785
509
686
748
582
704
645
841
997
1230
613
319
517
523
840
959
661
655
587
1195
586
1219
1056
788
533
720
888
611
279
570
840
482
618
622
725
463
413
1088
900
587
644
928
698
538
516
702
657
592
765
776
684
825
458
710
877
701
647
877
876
503
591
708
910
919
702
609
1043
437
884
722
790
552
457
693
632
859
1152
947
602
528
764
503
618
991
897
523
783
963
698
533
701
532
460
366
473
826
830
487
1252
688
922
838
552
542
638
675
418
645
815
978
539
611
569
932
523
526
442
744
876
894
653
688
606
985
684
715
699
694
957
391
415
638
570
327
822
694
726
700
612
823
642
859
853
327
751
493
876
646
884
763
975
736
661
800
562
681
958
862
656
723
588
368
767
853
751
529
550
499
657
562
461
802
644
492
597
683
742
611
576
922
758
618
428
414
787
605
616
633
782
810
889
565
532
633
784
670
435
715
585
736
874
936
731
921
690
739
874
710
629
748
500
733
690
520
622
873
592
1057
217
311
638
672
616
493
506
877
801
697
621
591
719
944
512
779
599
597
805
638
765
957
591
805
760
1143
923
975
1029
734
972
630
764
604
526
822
618
607
600
480
1044
662
402
877
830
815
430
759
456
1037
1140
704
592
736
1048
840
770
720
724
745
574
495
578
1028
945
418
731
941
659
612
626
982
632
550
870
838
581
1063
798
397
491
532
858
389
923
842
518
586
769
706
858
835
1072
826
588
518
472
591
777
658
496
507
787
436
682
603
1154
598
1142
617
864
561
938
772
430
836
734
678
672
455
1036
583
879
886
320
900
504
710
843
854
666
647
624
467
512
371
742
425
688
805
900
906
613
650
406
1028
839
606
620
514
780
801
611
573
619
891
878
614
747
660
495
568
813
723
692
830
517
1011
915
370
590
628
442
528
898
439
1023
869
787
787
525
475
645
764
397
740
930
1107
1164
433
712
748
578
671
439
913
783
701
1029
749
1074
847
980
939
799
595
677
782
900
922
508
680
1017
753
1047
870
576
733
620
532
830
438
591
811
964
475
637
799
1040
479
415
947
710
583
741
526
859
761
937
460
496
1242
687
1150
419
692
813
982
508
890
460
835
556
784
311
491
776
396
817
487
829
966
475
736
793
801
891
723
494
630
876
454
814
510
804
1065
1094
654
1015
978
577
987
708
748
766
695
603
654
655
663
931
450
524
670
1153
725
533
552
816
633
629
748
1070
372
735
638
581
641
637
1020
810
710
1112
650
602
868
720
879
575
1064
610
554
923
679
811
1003
990
679
685
360
983
537
419
616
610
780
436
745
616
522
777
664
731
470
974
507
609
528
870
1032
482
1063
791
749
857
703
578
509
706
618
860
427
1040
630
552
953
515
581
576
991
610
774
660
1176
798
611
596
649
501
610
459
969
843
759
468
825
728
873
780
959
833
619
812
671
409
946
955
514
865
399
885
337
521
694
548
905
659
326
767
696
776
463
681
871
691
1070
617
609
686
726
866
697
933
690
348
765
663
719
876
924
682
401
427
750
911
762
730
289
897
910
781
628
637
1057
724
529
1014
723
960
908
764
1296
698
638
575
549
837
565
638
692
655
838
896
547
719
477
889
873
592
678
663
833
733
664
705
1021
776
699
517
628
670
544
963
930
749
417
642
893
883
619
684
872
1058
571
887
507
917
773
428
655
929
899
601
682
693
626
672
350
489
645
680
542
507
405
371
715
1065
1046
622
643
734
406
611
540
513
705
754
673
649
451
1005
640
826
549
708
1022
835
960
677
451
473
726
319
591
813
963
761
807
822
856
803
1001
895
524
726
1116
903
483
927
648
509
717
938
814
540
1021
1252
540
756
667
943
355
840
350
566
655
408
607
814
700
611
809
611
623
585
1005
699
449
791
1527
512
557
847
494
783
662
1133
901
1083
662
433
1160
701
831
653
537
712
660
766
647
685
740
559
700
576
879
660
520
849
791
659
451
888
778
777
673
579
656
726
983
523
825
594
1090
835
416
704
744
563
827
849
936
767
635
715
887
339
527
490
517
604
611
898
848
948
707
630
628
641
973
1154
619
695
622
961
681
848
505
972
936
1017
643
833
550
479
993
964
839
751
653
878
991
680
470
540
604
572
1121
730
1047
729
706
562
650
719
952
880
848
665
647
684
601
614
664
532
740
930
687
816
834
680
431
822
571
460
1139
680
961
466
720
500
584
963
685
887
724
848
564
909
617
844
314
556
587
629
491
862
610
1336
651
835
879
357
833
500
712
1143
444
954
145
93
213
253
200
261
181
231
228
121
288
276
97
248
187
173
253
277
313
141
380
264
165
209
188
179
183
277
182
127
240
184
167
264
241
195
143
253
144
180
165
276
264
273
160
181
340
136
165
289
241
152
161
120
321
248
160
143
425
288
225
132
261
319
179
136
265
164
118
140
217
177
152
109
266
237
192
272
302
125
289
312
129
264
121
193
141
185
260
263
152
232
164
277
136
286
353
145
248
149
105
156
440
240
216
103
144
293
161
253
160
280
189
130
209
121
137
164
112
144
252
129
268
169
164
292
135
301
165
228
205
245
223
301
271
177
181
97
129
137
144
154
196
140
180
237
122
320
321
141
153
209
292
201
336
125
269
270
329
168
105
136
200
165
321
144
148
404
149
289
209
277
279
121
141
269
140
258
200
141
113
276
138
249
204
169
181
164
320
168
156
229
159
126
172
153
128
241
143
81
157
248
225
212
169
117
348
189
137
244
191
187
263
160
152
180
192
129
176
241
277
175
235
276
188
229
281
389
138
212
185
321
233
148
225
191
208
120
221
189
176
157
161
188
144
226
197
346
136
247
125
124
152
186
136
284
122
152
305
233
318
137
337
184
184
228
276
167
122
260
65
337
221
261
232
225
198
197
191
161
307
260
124
229
199
81
183
189
152
296
128
236
129
97
140
130
196
217
281
340
164
291
137
160
356
164
244
262
353
159
156
172
188
157
180
224
56
293
156
169
105
216
173
213
192
121
236
150
144
129
140
190
180
404
102
188
213
265
161
280
311
209
129
149
173
169
121
168
146
181
246
188
148
253
168
161
277
141
298
316
229
152
248
217
145
97
209
196
173
165
189
228
337
201
240
204
169
252
233
264
244
180
113
129
231
97
137
231
176
216
456
267
173
317
133
255
185
153
140
122
229
121
209
249
229
285
212
237
272
217
245
258
240
168
118
251
185
153
172
273
108
347
213
148
160
237
240
249
201
141
137
217
145
256
368
210
312
144
194
410
164
185
112
325
243
112
455
307
188
308
256
308
151
137
177
337
129
204
180
173
166
149
201
137
137
316
284
149
206
161
144
301
145
192
157
129
144
216
148
196
149
164
252
204
278
205
173
205
263
273
201
266
257
280
153
203
105
136
165
265
129
209
402
296
338
64
249
264
156
323
185
193
221
98
153
251
197
137
296
339
145
316
196
308
221
156
390
185
244
320
230
125
229
244
149
173
245
367
228
276
164
157
170
136
227
181
173
157
293
218
172
121
341
193
177
130
273
299
365
172
289
280
184
352
164
276
245
227
246
247
165
216
157
156
149
266
146
343
346
136
97
205
267
256
195
217
192
112
211
137
146
188
152
264
289
144
113
222
189
152
261
180
293
296
144
137
113
177
240
245
172
160
176
209
137
167
245
127
268
273
280
137
268
257
455
136
214
224
157
212
202
232
137
221
193
220
265
196
263
136
146
261
297
137
122
163
209
181
219
212
69
372
88
305
129
141
188
301
121
160
245
145
190
169
178
169
273
164
148
152
355
236
212
136
285
141
130
212
244
129
237
168
161
140
156
130
249
372
205
296
308
252
205
149
332
244
65
141
188
284
149
133
300
178
213
225
205
325
212
285
287
136
308
133
130
149
165
232
129
220
309
164
220
297
141
377
244
232
151
176
289
184
185
236
268
172
120
140
359
157
233
244
383
260
113
188
140
177
125
129
109
249
201
272
285
309
288
334
152
194
209
117
164
277
120
125
136
248
137
141
128
128
168
105
303
105
128
213
144
176
229
186
105
141
129
244
209
180
144
240
120
66
137
96
145
324
339
156
288
153
321
309
144
209
159
159
225
212
236
305
129
261
164
232
136
181
360
204
199
416
160
221
141
376
112
277
188
133
124
148
173
202
209
200
287
152
364
229
136
177
180
216
280
237
149
350
341
122
219
268
288
129
229
179
137
249
313
245
122
239
184
156
281
133
191
277
264
231
137
197
169
229
220
149
377
240
164
189
195
340
144
181
568
133
359
217
229
181
148
145
305
177
332
137
137
273
285
97
208
97
205
139
283
297
113
152
129
133
176
158
240
114
140
205
136
303
148
182
216
228
249
329
277
204
168
193
261
213
248
317
229
114
185
309
120
200
389
221
220
269
201
358
141
233
125
151
212
165
208
150
145
105
369
105
261
188
237
213
136
168
342
177
120
261
140
130
510
129
304
284
225
217
144
295
265
161
283
189
187
188
217
245
120
225
193
180
213
113
172
368
170
109
297
120
192
208
98
216
135
213
