289
335
210
226
260
313
223
259
272
237
195
263
294
236
302
247
389
167
359
193
238
203
260
261
242
440
270
264
334
248
234
323
292
296
294
270
287
237
293
138
301
218
215
346
357
267
194
197
276
193
263
168
257
363
332
305
240
294
220
276
170
263
327
194
226
290
227
159
229
282
249
344
226
318
231
313
402
210
229
245
339
336
262
210
177
301
281
223
233
232
275
261
196
160
191
265
351
151
225
189
224
298
225
272
285
219
363
374
203
266
270
241
217
274
334
256
260
315
209
229
210
204
215
274
116
225
254
288
383
241
217
205
230
371
259
306
200
293
309
372
157
365
223
354
219
299
249
263
224
330
191
213
332
246
213
274
285
258
278
132
264
226
223
185
266
202
291
222
171
224
210
308
254
195
226
296
319
182
211
178
183
239
347
270
301
271
217
291
278
249
189
206
218
238
296
285
289
240
299
258
287
211
356
212
241
182
229
244
177
270
286
277
229
178
216
289
365
282
214
256
250
221
241
238
263
476
320
266
192
218
275
300
217
292
310
189
191
257
271
233
197
190
286
194
323
157
244
397
240
296
224
216
212
292
186
307
123
287
260
196
307
236
206
257
283
317
192
247
240
238
360
372
239
226
230
230
271
321
218
347
293
214
262
315
219
154
297
109
216
222
190
261
219
200
235
299
198
310
154
256
191
269
571
329
284
216
293
191
217
176
227
293
202
282
239
279
237
297
236
277
153
230
224
241
253
202
231
435
222
274
215
196
334
309
272
256
321
224
330
317
264
282
291
231
214
276
437
230
291
213
202
319
202
178
252
263
227
193
178
378
273
210
278
309
257
338
454
191
256
201
159
270
322
313
467
299
257
269
300
263
314
245
189
210
284
250
264
229
169
287
218
445
294
247
284
272
320
262
272
255
418
288
180
292
213
259
293
217
212
298
385
241
318
362
344
309
390
233
180
265
277
214
194
247
308
293
259
123
287
243
272
235
203
188
251
301
235
235
232
286
245
272
208
312
355
290
242
229
182
300
274
253
363
356
274
200
210
194
202
221
219
233
326
287
257
300
216
264
327
315
236
212
324
218
208
228
283
253
312
365
272
219
264
199
268
197
215
300
239
367
193
240
146
188
289
258
143
315
236
208
249
325
219
216
377
357
199
226
303
306
321
261
248
293
248
206
348
328
212
155
337
226
205
330
285
192
177
335
321
286
160
324
277
431
326
198
213
360
278
300
187
292
254
380
198
325
292
191
230
264
272
138
189
303
191
147
225
306
228
385
203
231
319
210
213
204
222
200
269
301
259
222
204
297
244
275
285
296
177
227
229
285
206
195
161
178
230
219
253
316
390
247
270
280
262
238
253
245
194
226
218
253
257
186
287
322
162
175
192
167
251
308
310
192
300
294
240
296
285
194
305
280
311
237
180
152
225
221
298
186
286
296
303
304
205
170
212
198
367
124
402
276
208
268
215
262
285
321
256
224
312
222
291
245
260
401
232
265
185
314
281
198
258
300
245
157
202
215
188
284
278
197
351
282
223
259
380
421
292
196
199
255
271
307
362
207
259
242
247
329
226
227
183
306
238
185
189
222
340
263
213
210
215
298
339
301
320
222
191
340
172
358
176
187
279
199
260
401
214
357
208
316
241
228
190
181
332
213
230
154
230
230
241
322
227
261
348
232
268
198
231
219
193
307
196
242
258
242
275
239
242
251
191
248
213
252
265
255
362
320
327
312
204
227
265
199
448
232
185
285
214
287
220
252
158
271
310
359
368
243
258
164
307
240
178
212
264
357
348
225
274
260
250
212
228
260
248
190
262
331
252
217
247
301
302
258
279
273
267
282
176
240
322
302
299
280
328
296
318
285
269
382
283
276
210
332
384
227
279
492
261
261
272
299
274
238
251
308
366
235
270
329
368
256
330
350
261
195
314
266
260
305
205
301
277
307
289
175
353
266
285
244
285
368
296
200
245
234
256
292
163
279
245
331
188
238
212
252
223
291
256
206
252
207
251
165
212
268
370
292
231
339
311
308
216
270
350
254
198
230
223
340
269
331
358
412
262
244
218
267
253
312
220
248
251
260
277
285
342
270
293
331
235
198
228
218
226
300
233
293
224
255
289
298
236
217
233
366
267
225
299
353
187
231
334
284
157
209
191
245
313
384
201
199
247
237
208
273
256
263
278
233
278
223
290
228
467
253
234
336
307
188
309
190
344
262
173
261
312
179
268
231
231
289
249
250
280
224
191
231
199
176
186
188
215
222
292
270
324
294
202
184
195
164
211
106
218
229
268
106
221
259
279
154
183
254
168
347
151
149
150
222
206
129
129
198
125
142
215
158
148
147
203
312
429
232
222
315
338
284
215
274
137
125
230
215
316
266
233
287
175
301
260
218
258
405
282
169
163
235
98
87
183
367
334
260
266
176
177
188
334
396
280
260
132
79
274
192
182
142
289
173
229
337
354
420
248
265
207
260
129
119
305
163
274
150
299
224
177
142
175
151
157
184
106
155
146
368
179
173
125
260
178
319
236
218
227
159
254
204
358
157
220
231
212
255
288
123
143
206
294
240
192
125
249
286
290
325
67
290
388
303
137
98
254
208
251
234
269
409
223
153
224
224
420
219
216
202
161
207
132
257
326
181
218
191
237
187
421
235
273
315
323
222
344
255
282
126
351
237
136
427
181
153
84
107
164
219
284
186
206
193
198
160
159
198
218
275
250
209
156
160
154
244
160
275
196
165
294
110
179
135
316
225
185
119
240
268
221
161
124
158
142
259
199
280
169
207
285
133
173
172
164
128
156
232
343
155
244
336
151
373
276
240
228
251
123
119
194
160
145
281
198
133
289
256
270
219
320
159
549
181
199
144
119
179
248
168
229
163
132
170
243
183
196
126
345
277
378
235
188
164
254
290
146
151
385
83
235
179
228
333
167
107
79
181
312
243
239
232
258
159
209
299
340
267
223
151
101
303
186
142
169
239
169
248
173
181
261
152
241
118
168
197
169
280
142
199
123
147
296
253
115
277
166
270
219
178
194
191
210
290
372
233
207
179
149
118
203
107
114
244
329
300
371
298
128
354
170
202
145
275
140
300
141
247
340
253
226
359
280
222
245
298
354
254
198
237
246
135
155
125
238
233
323
281
242
133
158
326
194
107
280
206
184
197
124
137
335
210
133
162
219
206
171
289
384
123
189
207
106
281
124
147
206
183
232
251
149
147
233
320
272
512
300
152
366
224
133
280
127
115
126
251
223
184
233
369
376
184
326
71
312
220
247
256
209
404
136
107
202
233
145
336
286
189
367
273
221
172
144
144
274
281
107
201
345
229
110
234
288
132
359
263
244
284
133
193
220
286
131
132
143
233
225
147
312
328
145
160
244
298
229
233
225
213
376
314
132
159
214
163
164
174
133
209
277
378
243
270
361
210
322
211
249
241
389
229
187
223
160
79
160
204
425
286
264
229
221
225
184
124
327
200
187
264
131
298
136
246
93
289
203
374
269
288
141
366
125
278
324
79
230
97
150
282
230
133
128
299
106
306
287
266
165
269
234
169
187
209
293
240
170
135
319
340
391
246
282
276
210
223
309
98
239
242
114
157
273
341
172
70
146
202
350
132
142
209
264
274
132
181
182
299
333
212
264
246
178
294
125
201
227
179
192
272
388
136
307
253
314
209
193
282
190
193
175
410
181
125
234
364
266
322
136
349
431
160
393
165
354
267
334
170
282
131
215
425
138
320
150
333
208
241
154
372
392
233
302
133
169
237
266
121
262
274
177
223
310
160
152
289
343
107
150
276
221
348
137
347
120
209
245
184
197
209
340
292
147
217
222
434
107
169
243
193
348
127
173
261
274
153
288
135
142
115
296
125
329
373
241
145
257
144
284
165
173
125
263
122
308
242
477
261
138
134
273
176
139
329
153
153
139
302
231
214
125
284
252
189
101
341
150
176
284
339
298
403
124
381
87
235
220
142
132
162
196
300
229
266
157
289
222
255
368
293
250
251
233
362
212
119
214
232
268
194
179
328
336
345
176
143
191
296
313
152
159
164
70
171
246
257
133
101
147
214
242
150
142
161
212
202
279
179
155
220
177
151
161
268
253
274
311
386
144
222
280
167
364
223
107
119
288
353
268
234
307
351
333
235
245
247
148
174
262
244
199
246
213
162
192
378
180
161
180
93
220
235
310
340
288
106
167
170
307
284
244
230
129
182
157
118
189
163
183
217
304
310
172
385
160
223
157
312
133
221
162
234
460
277
237
134
195
227
198
197
194
200
108
248
182
203
323
297
120
401
179
262
362
377
137
119
163
154
208
119
161
140
195
181
195
332
290
168
290
167
274
256
306
329
316
310
282
104
128
377
115
273
290
114
262
121
169
196
127
172
170
217
70
114
293
181
333
118
229
142
305
354
267
176
310
381
357
192
370
152
119
147
311
153
133
126
323
227
173
171
199
378
345
209
121
125
188
146
142
264
295
249
145
223
247
100
272
194
274
218
234
150
147
223
328
98
232
170
169
105
151
294
269
286
