1.012
1.08385
1.00534
1.02926
1.17213
1.01881
1.02146
1.0256
1.021
1.07084
1.01512
1.02413
1.12615
1.01049
1.01202
1.06795
1.01816
1.01642
1.01871
1.20198
1.00737
1.02303
1.01598
1.03999
1.06647
1.25174
1.01171
1.02064
1.00936
1.02474
1.00058
1.08794
1.04765
1.00546
1.03359
1.08943
1.02436
1.01973
1.01462
1.0126
1.04357
1.04856
1.00558
1.07205
1.00979
1.02167
1.00339
1.03338
1.02505
1.01576
1.01104
1.03184
1.08951
1.00253
1.07282
1.01555
1.00197
1.06337
1.04592
1.0214
1.02282
1.04467
1.02304
1.00383
1.19588
1.02358
1.04694
1.04007
1.06468
1.05739
1.04259
1.01434
1.07175
1.01308
1.15663
1.03113
1.01684
1.02003
1.02898
1.11441
1.11102
1.0183
1.05997
1.01811
1.04353
1.0182
1.07547
1.02109
1.01852
1.15122
1.07097
1.04144
1.00368
1.19015
1.02295
1.02199
1.03013
1.02592
1.02204
1.03848
1.03671
1.02268
1.00135
1.0275
1.03588
1.1099
1.0066
1.01217
1.03546
1.1148
1.01526
1.05317
1.02607
1.06104
1.02022
1.0267
1.01909
1.07788
1.07862
1.01129
1.01838
1.06219
1.05741
1.01444
1.01106
1.07655
1.04131
1.02185
1.00589
1.00168
1.00505
1.01674
1.05078
1.00363
1.05243
1.09528
1.08612
1.02014
1.00232
1.02535
1.00507
1.05602
1.02302
1.01749
1.01263
1.02123
1.08159
1.04163
1.02329
1.01693
1.0119
1.01557
1.0023
1.14141
1.07654
1.01336
1.00243
1.01617
1.10277
1.01702
1.02049
1.00485
1.07107
1.0549
1.01393
1.00539
1.04341
1.04037
1.01384
1.156
1.00875
1.01759
1.02332
1.01709
1.02763
1.01582
1.24616
1.01573
1.03619
1.01148
1.01918
1.08139
1.04361
1.04881
1.00048
1.04966
1.08566
1.00793
1.14323
1.02271
1.06131
1.01388
1.05666
1.02503
1.08898
1.07089
1.0247
1.05129
1.02287
1.02161
1.00301
1.00585
1.03071
1.03226
1.06577
1.06593
1.01851
1.08127
1.13389
1.04589
1.00864
1.01663
1.00711
1.0298
1.05331
1.00876
1.01764
1.00696
1.03922
1.03731
1.06584
1.01275
1.03502
1.03229
1.09109
1.01895
1.02798
1.03836
1.01003
1.00281
1.03411
1.07334
1.0128
1.02334
1.02046
1.11497
1.0215
1.08294
1.01687
1.01951
1.01092
1.03032
1.01292
1.01462
1.19451
1.10505
1.0084
1.07457
1.04034
1.0709
1.01696
1.0857
1.07645
1.09036
1.02693
1.00418
1.0521
1.02267
1.02951
1.05226
1.01586
1.0295
1.1126
1.00184
1.02776
1.02691
1.00612
1.09973
1.00488
1.0135
1.1736
1.03361
1.06994
1.0263
1.00266
1.00225
1.00258
1.01135
1.02838
1.01568
1.01853
1.06061
1.0412
1.02149
1.01607
1.00474
1.06133
1.11232
1.01711
1.03568
1.02387
1.09153
1.00748
1.00214
1.02482
1.17498
1.03217
1.06568
1.03929
1.0081
1.056
1.01938
1.00539
1.01075
1.01064
1.03423
1.02641
1.09448
1.02122
1.02962
1.01917
1.0033
1.04367
1.03983
1.03139
1.08044
1.03851
1.02907
1.01839
1.0386
1.02269
1.0024
1.00626
1.00267
1.02606
1.06002
1.0315
1.05229
1.10981
1.00769
1.00712
1.0636
1.00902
1.02959
1.01479
1.01355
1.12942
1.02005
1.03656
1.06439
1.02989
1.02272
1.07416
1.07622
1.04227
1.14964
1.01014
1.04913
1.07343
1.01467
1.05608
1.04138
1.01539
1.01137
1.02125
1.04283
1.00894
1.01678
1.04413
1.0075
1.07202
1.04078
1.06441
1.02064
1.01375
1.01011
1.01644
1.06202
1.02616
1.0742
1.01125
1.07026
1.00401
1.03619
1.07152
1.02018
1.00738
1.03229
1.01981
1.04601
1.14526
1.01959
1.00511
1.00271
1.18215
1.06971
1.0184
1.03407
1.01341
1.05894
1.06725
1.06911
1.11246
1.02054
1.03914
1.01221
1.02363
1.01927
1.04305
1.25844
1.01544
1.01257
1.03649
1.15372
1.04102
1.01186
1.12083
1.01944
1.00831
1.01628
1.02541
1.01711
1.02209
1.01213
1.00216
1.00985
1.0026
1.00813
1.00582
1.04179
1.0048
1.06049
1.01938
1.00298
1.07035
1.00957
1.02618
1.03214
1.00726
1.00175
1.04171
1.00166
1.04581
1.00062
1.01206
1.00265
1.02192
1.01876
1.01985
1.09278
1.07707
1.02929
1.03251
1.01236
1.01625
1.01309
1.10738
1.01973
1.0153
1.00794
1.0714
1.02211
1.0151
1.01646
1.00604
1.15727
1.00453
1.07181
1.01185
1.0163
1.04283
1.0652
1.04171
1.07771
1.07378
1.0856
1.02419
1.05447
1.03008
1.06949
1.01943
1.01482
1.0222
1.00636
1.08423
1.04028
1.00538
1.08405
1.02539
1.04484
1.01341
1.06509
1.00959
1.07161
1.06922
1.06477
1.0014
1.02863
1.02331
1.04539
1.00773
1.04018
1.06751
1.00509
1.02149
1.0119
1.00593
1.14579
1.05222
1.01181
1.12891
1.03073
1.01694
1.1162
1.02577
1.00616
1.0258
1.01431
1.0168
1.05748
1.00187
1.04675
1.01231
1.07065
1.02634
1.03766
1.07414
1.01587
1.0082
1.04804
1.03135
1.00989
1.07205
1.023
1.05486
1.05741
1.03653
1.09068
1.04046
1.02796
1.03296
1.01403
1.05474
1.02025
1.02161
1.02028
1.05485
1.03695
1.03993
1.00776
1.02119
1.01542
1.04248
1.0681
1.00348
1.01214
1.01098
1.00441
1.04757
1.04368
1.00038
1.09689
1.02011
1.02732
1.02572
1.027
1.00948
1.00529
1.10546
1.02148
1.03536
1.00506
1.00909
1.09984
1.11332
1.06373
1.02546
1.06959
1.06915
1.00825
1.02499
1.01972
1.0558
1.02812
1.01926
1.01354
1.08601
1.12241
1.06507
1.0277
1.08986
1.07691
1.02568
1.05353
1.05608
1.01861
1.01292
1.00717
1.02254
1.05704
1.16425
1.021
1.0043
1.0303
1.00572
1.00477
1.0596
1.03287
1.07199
1.0323
1.02364
1.08098
1.07654
1.03059
1.02594
1.01239
1.08308
1.00049
1.01645
1.10487
1.04909
1.07344
1.01059
1.00207
1.03246
1.01466
1.0201
1.04166
1.00721
1.01284
1.07783
1.0215
1.03355
1.00606
1.00853
1.02048
1.00795
1.03239
1.02866
1.02938
1.01209
1.04019
1.05081
1.08735
1.01205
1.05143
1.03142
1.00365
1.01669
1.04882
1.00635
1.09516
1.21433
1.01227
1.01652
1.03046
1.01763
1.00177
1.00365
1.07724
1.01894
1.02235
1.04798
1.05863
1.01943
1.03878
1.04123
1.00601
1.06219
1.04882
1.02196
1.00449
1.11036
1.00179
1.06927
1.02023
1.01736
1.02865
1.02368
1.03507
1.09274
1.02452
1.00842
1.06239
1.02238
1.11651
1.07964
1.01819
1.02273
1.02229
1.01425
1.07757
1.00568
1.01962
1.06354
1.01592
1.00163
1.02898
1.03376
1.09746
1.03492
1.02786
1.03529
1.00192
1.0399
1.00412
1.0223
1.03912
1.02796
1.01366
1.00312
1.03454
1.06793
1.07628
1.02649
1.0059
1.04804
1.02974
1.01153
1.01608
1.00488
1.01668
1.02008
1.02166
1.00351
1.01196
1.01445
1.00816
1.01558
1.00686
1.03335
1.01884
1.01195
1.01962
1.01582
1.10253
1.01404
1.06566
1.07202
1.04119
1.02734
1.02264
1.09135
1.01656
1.01479
1.03581
1.01608
1.02902
1.00447
1.12047
1.02615
1.02275
1.04538
1.01412
1.00627
1.02284
1.04923
1.02556
1.00297
1.01559
1.02886
1.11039
1.03616
1.07117
1.02279
1.08047
1.01954
1.00487
1.01415
1.07425
1.01389
1.03665
1.01322
1.02449
1.02707
1.06382
1.01775
1.02232
1.03496
1.04456
1.10546
1.2048
1.00074
1.0086
1.11182
1.0217
1.01408
1.20848
1.01121
1.02943
1.01394
1.04309
1.01624
1.02477
1.01989
1.002
1.03516
1.01451
1.0193
1.01654
1.04157
1.08274
1.01093
1.09071
1.02442
1.02197
1.02118
1.01348
1.02138
1.03008
1.01513
1.14425
1.08349
1.0314
1.01346
1.08112
1.02185
1.08377
1.00383
1.02047
1.01257
1.10319
1.07865
1.06224
1.01253
1.10187
1.03339
1.01556
1.06204
1.00384
1.13334
1.04078
1.01341
1.00252
1.12644
1.06247
1.03335
1.05983
1.09168
1.03374
1.01163
1.00378
1.05944
1.02257
1.01914
1.00592
1.05803
1.02307
1.02728
1.02398
1.05417
1.04182
1.01687
1.04807
1.00723
1.0288
1.00986
1.04804
1.08072
1.02483
1.00161
1.02902
1.02028
1.001
1.08038
1.02529
1.02517
1.0101
1.07421
1.04896
1.0647
1.02498
1.09045
1.05434
1.04012
1.02328
1.05109
1.03307
1.01211
1.05477
1.0252
1.05443
<<<<<<< HEAD
1.01154
1.11219
1.01931
1.0241
1.00707
1.03047
1.04748
1.08877
1.00074
1.0258
1.03834
1.03728
1.02746
1.03149
1.00354
1.01932
1.13233
1.02451
1.0634
1.00632
1.04024
1.10174
1.03708
1.041
1.02439
1.00566
1.07814
1.01917
1.03874
1.00673
1.05912
1.05212
1.06806
1.00648
1.03261
1.02653
1.13073
1.04629
1.07171
1.01467
1.00428
1.10297
1.01956
1.07227
1.04453
1.02967
1.03983
1.02997
1.01495
1.00438
1.0101
1.00916
1.00518
1.0171
1.07144
1.04744
1.03491
1.03509
1.03665
1.01913
1.0204
1.01263
1.01659
1.01336
1.13122
1.02551
1.03319
1.01867
1.00551
1.02411
1.06406
1.08735
1.0107
1.06266
1.02058
1.00656
1.00341
1.02379
1.00154
1.04709
1.01133
1.00313
1.00269
1.00416
1.00897
1.02913
1.01627
1.0237
1.03105
1.0323
1.01059
1.03406
1.0076
1.05528
1.07515
1.0045
1.00626
1.14963
1.00116
1.14625
1.03307
1.0173
1.01588
1.0257
1.0279
1.02224
1.03039
1.02181
1.03511
1.00804
1.21108
1.027
1.0834
1.01042
1.02962
1.01676
1.02526
1.01456
1.0897
1.013
1.02919
1.01105
1.02166
1.03252
1.016
1.02603
1.03441
1.03256
=======
>>>>>>> 132b14bad2a978a2d4e9fd77f2e6b8f10e98a21b
