1.01531
1.02875
1.01399
1.03413
1.04571
1.01935
1.02264
1.08341
1.01709
1.00796
1.00708
1.05627
1.02999
1.02012
1.0925
1.062
1.0236
1.07979
1.00454
1.15043
1.12153
1.00649
1.09084
1.09055
1.00563
1.04612
1.07996
1.02435
1.11209
1.00458
1.00968
1.01052
1.00724
1.12686
1.03183
1.03415
1.09949
1.01058
1.05831
1.02222
1.0113
1.03163
1.01939
1.0258
1.08774
1.05741
1.0336
1.00608
1.02045
1.08421
1.16946
1.00353
1.01421
1.0265
1.03145
1.02131
1.03671
1.02429
1.01093
1.04201
1.02204
1.00197
1.06288
1.10769
1.01215
1.04099
1.02625
1.0721
1.0623
1.01489
1.05425
1.02212
1.0044
1.02419
1.02087
1.01393
1.05534
1.03227
1.07188
1.00237
1.00287
1.05299
1.01944
1.03573
1.14201
1.02488
1.05807
1.00545
1.0645
1.06673
1.02825
1.04492
1.1666
1.12898
1.03809
1.02285
1.00983
1.01679
1.02535
1.06144
1.03871
1.02393
1.01566
1.00532
1.0206
1.03877
1.02856
1.02836
1.05427
1.03239
1.01432
1.01743
1.11016
1.02079
1.02246
1.06761
1.20594
1.05614
1.02523
1.02229
1.02925
1.026
1.03337
1.05047
1.03994
1.02236
1.04959
1.06723
1.01337
1.014
1.0787
1.00491
1.004
1.08703
1.02296
1.01665
1.00389
1.00912
1.02884
1.06534
1.0317
1.02607
1.01247
1.05478
1.00241
1.05938
1.01457
1.02093
1.02609
1.02102
1.01573
1.02208
1.01643
1.03812
1.0261
1.01431
1.05001
1.04215
1.01205
1.16837
1.05312
1.12407
1.02775
1.04221
1.0281
1.01004
1.02102
1.01942
1.02911
1.00599
1.01825
1.02245
1.05895
1.0265
1.00998
1.04796
1.02966
1.03986
1.0086
1.01981
1.04141
1.19238
1.04051
1.07093
1.0188
1.02975
1.00586
1.07203
1.02306
1.02571
1.00564
1.05129
1.0236
1.08645
1.02319
1.00389
1.01742
1.01543
1.04418
1.03096
1.02225
1.02873
1.04177
1.05778
1.00415
1.0809
1.02153
1.06715
1.01138
1.01086
1.01985
1.03108
1.03474
1.02253
1.03018
1.03465
1.04614
1.09496
1.04079
1.02726
1.00599
1.00979
1.08132
1.04339
1.01521
1.00377
1.16585
1.01622
1.06177
1.17368
1.00386
1.02321
1.01866
1.02235
1.05945
1.01197
1.0195
1.02199
1.0563
1.04618
1.05581
1.02401
1.00361
1.00231
1.05481
1.09352
1.05597
1.00689
1.03326
1.02186
1.06259
1.00355
1.0414
1.03594
1.07023
1.07729
1.01944
1.04462
1.02135
1.06897
1.02618
1.05289
1.02538
1.02843
1.10485
1.01553
1.19491
1.01194
1.03981
1.0025
1.01042
1.01631
1.01176
1.03108
1.00792
1.04236
1.01464
1.03308
1.03499
1.0505
1.00612
1.00411
1.0188
1.05954
1.00324
1.02058
1.00844
1.06644
1.02143
1.01616
1.01472
1.10588
1.03626
1.1532
1.02288
1.07691
1.04262
1.01913
1.05813
1.01362
1.01623
1.02764
1.15929
1.16499
1.01889
1.031
1.17331
1.1884
1.01589
1.05808
1.0111
1.02275
1.01201
1.02924
1.12476
1.00763
1.03629
1.02442
1.01622
1.00533
1.04419
1.02956
1.06898
1.06189
1.08276
1.05531
1.02642
1.04398
1.03455
1.1035
1.02939
1.02765
1.0056
1.02764
1.01258
1.00327
1.04285
1.11902
1.01324
1.08596
1.02616
1.10816
1.01446
1.00241
1.01351
1.01285
1.03939
1.02425
1.06261
1.00943
1.04858
1.00384
1.0099
1.06739
1.01808
1.01612
1.0089
1.0045
1.00303
1.00895
1.0926
1.0908
1.00569
1.02675
1.0555
1.02775
1.12156
1.02926
1.10655
1.1792
1.00711
1.00646
1.01254
1.02731
1.03148
1.01644
1.11045
1.02735
1.04448
1.09957
1.06893
1.21259
1.03006
1.00836
1.02259
1.02025
1.029
1.06705
1.0947
1.01425
1.02258
1.03762
1.01129
1.06749
1.04543
1.04452
1.01897
1.01091
1.0124
1.04151
1.02887
1.07221
1.0298
1.02135
1.03028
1.02569
1.06675
1.00417
1.01142
1.0052
1.0806
1.00492
1.04944
1.02046
1.02818
1.03704
1.01533
1.02598
1.03498
1.02748
1.02926
1.02403
1.00036
1.13302
1.01476
1.03011
1.04322
1.02556
1.0165
1.13889
1.00423
1.00078
1.0205
1.10717
1.01818
1.0579
1.00701
1.0194
1.01111
1.08233
1.0421
1.23181
1.03929
1.00337
1.01509
1.2154
1.0788
1.03373
1.02516
1.03988
1.03791
1.01235
1.00748
1.04817
1.0147
1.01735
1.02303
1.00792
1.0392
1.03304
1.03966
1.0107
1.03679
1.17061
1.25432
1.02552
1.13763
1.01116
1.02704
1.0224
1.06676
1.02397
1.05154
1.07294
1.03856
1.02955
1.08705
1.01723
1.02915
1.13913
1.05641
1.01479
1.00149
1.00597
1.01029
1.02311
1.01229
1.00748
1.02925
1.08721
1.06109
1.00913
1.01092
1.02185
1.034
1.00509
1.02472
1.03088
1.01161
1.01385
1.01764
1.02827
1.01749
1.02401
1.00384
1.0037
1.06425
1.01418
1.03342
1.02786
1.0745
1.03932
1.02253
1.03027
1.00383
1.02694
1.07808
1.11656
1.09
1.06305
1.01979
1.00505
1.00735
1.02614
1.02899
1.02165
1.02943
1.00443
1.02705
1.05481
1.02489
1.02738
1.0255
1.04451
1.03859
1.00179
1.04593
1.08556
1.00181
1.05659
1.02189
1.09914
1.01698
1.02536
1.00771
1.04373
1.01501
1.02928
1.01835
1.10364
1.02394
1.01541
1.00147
1.05284
1.05019
1.01317
1.04172
1.01145
1.01336
1.07492
1.033
1.04179
1.11966
1.00153
1.03691
1.0167
1.08039
1.02599
1.0071
1.00904
1.03631
1.08668
1.00454
1.00947
1.00637
1.10128
1.14153
1.0184
1.01925
1.04899
1.01066
1.01615
1.07772
1.04065
1.04212
1.06925
1.01791
1.00922
1.02688
1.00853
1.02077
1.08902
1.02409
1.11289
1.01697
1.06768
1.01405
1.04181
1.02952
1.01687
1.00904
1.00503
1.05084
1.00062
1.01476
1.03491
1.0119
1.06197
1.02331
1.00094
1.03205
1.0176
1.05272
1.02738
1.03062
1.02247
1.01399
1.02144
1.0217
1.02386
1.04852
1.01441
1.01943
1.06562
1.0376
1.00139
1.04
1.20544
1.02256
1.01235
1.03961
1.03643
1.00826
1.00718
1.01601
1.01583
1.00067
1.0039
1.01168
1.02544
1.08466
1.01771
1.01863
1.01832
1.09498
1.01194
1.0263
1.02926
1.0304
1.06731
1.00457
1.00728
1.03141
1.09932
1.06204
1.05917
1.01429
1.00202
1.01958
1.06948
1.03296
1.0078
1.07755
1.02987
1.021
1.01045
1.07178
1.08015
1.05566
1.02262
1.03394
1.0231
1.07782
1.021
1.05452
1.00026
1.07243
1.02486
1.03939
1.09848
1.06869
1.05856
1.05913
1.14776
1.01798
1.00128
1.0184
1.02743
1.20385
1.0055
1.02005
1.0028
1.01929
1.06046
1.08644
1.049
1.01875
1.00504
1.05556
1.04246
1.00968
1.02257
1.0035
1.06024
1.03328
1.0265
1.03083
1.01273
1.00879
1.01028
1.05894
1.0497
1.02936
1.09686
1.01154
1.01695
1.01132
1.10995
1.03135
1.00151
1.00272
1.04692
1.03226
1.02287
1.08307
1.02156
1.11377
1.03844
1.04691
1.06938
1.04658
1.02299
1.01645
1.0188
1.00134
1.02256
1.04768
1.03309
1.07377
1.04071
1.04385
1.02786
1.06977
1.01842
1.036
1.01178
1.13082
1.02064
1.0185
1.01461
1.04845
1.00654
1.07716
1.05041
1.00699
1.19962
1.02273
1.04516
1.0139
1.03846
1.11575
1.01315
1.02222
1.03212
1.05437
1.00929
1.02106
1.04653
1.03817
1.06059
1.00685
1.05946
1.02335
1.01952
1.08251
1.05231
1.02688
1.02804
1.00635
1.03073
1.02905
1.04372
1.10974
1.03141
1.01922
1.02565
1.01584
1.0208
1.01555
1.04753
1.01397
1.06706
1.03348
1.04534
1.03147
1.02419
1.00782
1.01474
1.00769
1.07076
1.02933
1.11882
1.02884
1.00367
1.03673
1.01583
1.0235
1.05835
1.0621
1.05215
1.02378
1.0837
1.00582
1.05417
1.03563
1.02792
1.01053
1.02637
1.01282
1.09697
1.02071
1.03072
1.02158
1.04825
1.03773
1.03346
1.01904
1.02074
1.0676
1.09976
1.01123
1.00101
1.03554
1.03797
1.03579
1.00992
1.04664
1.02524
1.06875
1.02008
1.00614
1.05822
1.09151
1.01455
1.01775
1.08614
1.02937
1.02176
1.01365
1.00735
1.01966
1.01379
1.08779
1.02172
1.03535
1.07291
1.00629
1.08053
1.22522
1.01438
1.02266
1.02545
1.05349
1.05129
1.03843
1.03306
1.02926
1.05921
1.0175
1.02755
1.00696
1.01737
1.00773
1.00356
1.00239
1.00228
1.01283
1.01133
1.01292
1.04314
1.02967
1.16894
1.01395
1.01006
1.03544
1.11583
1.01865
1.01745
1.02979
1.20558
1.00194
1.03701
1.01568
1.00774
1.08524
1.03846
1.02929
1.09294
1.06472
1.00332
1.01025
1.09842
1.01452
1.09454
1.03066
1.09799
1.12634
1.1099
1.02406
1.0204
1.01803
1.0688
1.07116
1.04026
1.02245
1.00766
1.04566
1.01179
1.0134
1.01206
1.01304
1.02533
1.01558
1.00235
1.01537
1.06398
1.03128
1.03963
1.24256
1.03332
1.02393
1.06552
1.01183
1.01536
1.0788
1.0259
1.04046
1.022
1.03471
1.07814
1.08854
1.11772
1.06253
1.0157
1.01317
1.00642
1.00613
1.00733
1.07215
1.1154
1.01559
1.17577
1.00698
1.0095
1.00219
1.05834
1.02226
1.01479
1.07368
1.01169
1.03053
1.03062
1.00379
1.00653
1.06265
1.0205
1.01751
1.03237
1.06974
1.02366
1.00367
1.01442
1.05592
1.02928
1.01873
1.05637
1.0085
1.10025
1.05522
1.07811
1.02851
1.02797
1.0159
1.065
1.01315
1.01699
1.00909
1.00019
1.00906
1.03716
1.04069
1.02764
1.05686
1.10441
1.02802
1.00247
1.00302
1.01147
1.00784
1.00216
