1.08032
1.02512
1.01424
1.04801
1.06398
1.03634
1.01708
1.00466
1.04907
1.06127
1.02608
1.02123
1.05837
1.013
1.0276
1.0197
1.00503
1.08704
1.02713
1.02501
1.0085
1.01757
1.03693
1.07589
1.02769
1.00551
1.04322
1.07788
1.00575
1.03962
1.0374
1.0521
1.00823
1.01867
1.09874
1.07781
1.02287
1.04219
1.05028
1.01982
1.06988
1.01675
1.05098
1.05636
1.00499
1.05766
1.02786
1.03273
1.04411
1.01048
1.03492
1.0659
1.01277
1.08461
1.02324
1.00431
1.01985
1.03151
1.01228
1.03537
1.03166
1.00681
1.11744
1.03822
1.01035
1.04617
1.04424
1.02963
1.04073
1.14755
1.01497
1.10374
1.02019
1.02342
1.01887
1.02127
1.0241
1.03489
1.00749
1.03549
1.03389
1.03233
1.06598
1.02165
1.00887
1.05371
1.04312
1.01088
1.03814
1.04813
1.02965
1.05359
1.03016
1.07148
1.07312
1.06028
1.06263
1.06136
1.01243
1.01919
1.04874
1.01324
1.02267
1.02768
1.0285
1.01082
1.06744
1.06546
1.00188
1.04899
1.04468
1.03871
1.02375
1.06682
1.01664
1.00732
1.01302
1.03267
1.03942
1.03658
1.00315
1.00592
1.04557
1.06406
1.02452
1.05638
1.06106
1.03125
1.00561
1.02734
1.0475
1.05285
1.01018
1.01929
1.04636
1.02414
1.0612
1.03772
1.02846
1.00829
1.07672
1.01772
1.01993
1.06984
1.04268
1.03786
1.05631
1.09641
1.00018
1.01271
1.07331
1.01953
1.03362
1.00056
1.14635
1.02982
1.02443
1.01272
1.04159
1.00634
1.01938
1.05315
1.0706
1.01619
1.02048
1.01325
1.10606
1.09938
1.0211
1.02397
1.02497
1.04376
1.0013
1.02268
1.01052
1.02572
1.12757
1.05667
1.007
1.06486
1.04887
1.00494
1.02997
1.00731
1.04377
1.05308
1.05306
1.01991
1.0051
1.05017
1.05771
1.09816
1.10615
1.01627
1.02882
1.03134
1.02011
1.04231
1.04541
1.03179
1.06438
1.01412
1.02812
1.01615
1.03925
1.0167
1.01207
1.01724
1.02748
1.0198
1.05678
1.01904
1.03073
1.02044
1.00555
1.01905
1.04332
1.03779
1.03594
1.01116
1.03684
1.02845
1.07601
1.04079
1.0583
1.13515
1.01141
1.02174
1.03742
1.01265
1.07101
1.06533
1.02275
1.00914
1.04565
1.02965
1.03179
1.00402
1.09037
1.01589
1.0299
1.03936
1.04803
1.04941
1.01796
1.01286
1.05935
1.09571
1.0467
1.01232
1.01412
1.03105
1.03683
1.01521
1.04795
1.05134
1.03981
1.01028
1.03268
1.02013
1.0225
1.01963
1.01903
1.05213
1.02706
1.03501
1.01168
1.04015
1.06716
1.01427
1.01544
1.01727
1.07998
1.02966
1.01048
1.0091
1.00797
1.04161
1.02854
1.01796
1.04862
1.02614
1.04552
1.02453
1.02957
1.1547
1.07888
1.04388
1.01749
1.01651
1.06528
1.00218
1.04041
1.04294
1.06651
1.0099
1.07414
1.07305
1.0138
1.00443
1.02638
1.00845
1.05764
1.01636
1.02335
1.05722
1.0596
1.05466
1.04513
1.04258
1.02665
1.04674
1.01202
1.00298
1.02511
1.12005
1.00951
1.0281
1.01234
1.0264
1.04151
1.06569
1.07715
1.03357
1.09869
1.04561
1.03607
1.00596
1.03903
1.04518
1.03009
1.05827
1.08972
1.06346
1.02683
1.01474
1.03816
1.04364
1.02598
1.01996
1.01446
1.00029
1.04491
1.0483
1.02224
1.08144
1.01238
1.02482
1.00275
1.03327
1.01674
1.0231
1.04478
1.06134
1.04557
1.01174
1.0521
1.03041
1.03138
1.03173
1.02285
1.01072
1.03676
1.02992
1.05981
1.02056
1.05179
1.03723
1.02445
1.01898
1.02456
1.01524
1.06917
1.0513
1.03775
1.01272
1.0151
1.06704
1.03761
1.02462
1.09189
1.0283
1.0183
1.02709
1.06371
1.08436
1.02737
1.04913
1.03895
1.01613
1.04914
1.00366
1.05094
1.02895
1.0181
1.0811
1.00591
1.04456
1.00896
1.02907
1.03487
1.06463
1.01499
1.01414
1.01558
1.06367
1.00856
1.00742
1.08447
1.00665
1.02405
1.01952
1.04038
1.06237
0.999705
1.0807
1.00657
1.02746
1.00889
1.02128
1.04004
1.0788
1.03063
1.0152
1.01589
1.02622
1.03426
1.02416
1.04959
1.00134
1.02276
1.00815
1.00948
1.02842
1.04283
1.00486
1.00019
1.01808
1.01902
1.01351
1.01927
1.01266
1.01231
1.12038
1.0255
1.00926
1.00862
1.02801
1.01872
1.00817
1.03386
1.02812
1.02895
1.03639
1.03849
1.0595
1.01455
1.05392
1.01145
1.02225
1.04082
1.01887
1.02959
1.01107
1.01194
1.01691
1.07631
1.02089
1.05888
1.06957
1.03007
1.02152
1.03896
1.07994
1.02579
1.03657
1.04104
1.07603
1.0061
1.04238
1.00601
1.00778
1.03811
1.11387
1.0448
1.04243
1.01208
1.0343
1.00995
1.00577
1.0101
1.00787
1.03604
1.00304
1.00629
1.03893
1.0346
1.05298
1.05271
1.02198
1.06236
1.03932
1.02781
1.01896
1.01873
1.1133
1.09073
1.03628
1.0061
1.03454
1.01629
1.01684
1.03381
1.01514
1.0435
1.00157
1.02208
1.02492
1.00165
1.00835
1.03389
1.03587
1.01659
1.04695
1.08739
1.01612
1.09107
1.02072
1.00529
1.15154
1.03174
1.01725
1.02491
1.03734
1.01524
1.03294
1.0498
1.02691
1.06599
1.02047
1.05378
1.02476
1.01016
1.05468
1.00092
1.02142
1.04341
1.04123
1.07044
1.00364
1.01916
1.03876
1.08434
1.03294
1.04215
1.01089
1.05909
1.08573
1.0313
1.00834
1.00144
1.00862
1.11472
1.04865
1.03554
1.015
1.01673
1.00711
1.03166
1.01247
1.02868
1.10347
1.1728
1.01769
1.01746
1.04047
1.01571
1.00718
1.01687
1.11145
1.01426
1.00563
1.04563
1.01456
1.03973
1.04161
1.01653
1.0664
1.04919
1.01049
1.03769
1.00855
1.00975
1.04359
1.01418
1.03067
1.00277
1.04824
1.02512
1.00994
1.09095
1.04532
1.04398
1.03497
1.01064
1.05986
1.03305
1.00813
1.00625
1.00833
1.20345
1.05372
1.01152
1.0009
1.01001
1.04648
1.01479
1.03596
1.04513
1.00786
1.05608
1.01856
1.0299
1.05283
1.16127
1.00903
1.03775
1.10661
1.038
1.02903
1.02132
1.03212
1.11233
1.01798
1.29996
1.00373
1.03822
1.03011
1.03571
1.06255
1.02319
1.01338
1.00344
1.08886
1.05171
1.0341
1.01835
1.08407
1.00776
1.0026
1.03402
1.01542
1.05472
1.00326
1.02562
1.00071
1.01938
1.04016
1.00209
1.03961
1.02522
1.00928
1.02198
1.02153
1.04385
1.0207
1.0179
1.01898
1.01509
1.01692
1.04884
1.02966
1.03665
1.03713
1.04032
1.13001
1.04249
1.0179
1.01651
1.01627
1.02466
1.03336
1.00915
1.02542
1.02921
1.1095
1.05608
1.07374
1.02294
1.0148
1.15196
1.0084
1.15075
1.04356
1.05801
1.02278
1.03424
1.02639
1.04236
1.01054
1.02013
1.09177
1.06747
1.02663
1.00102
1.04097
1.02657
1.06929
1.00759
1.09656
1.05151
1.01273
1.05686
1.03055
1.0155
1.01145
1.06099
1.0099
1.05541
1.03198
1.00574
1.06111
1.01831
1.12833
1.06434
1.06053
1.08207
1.00991
1.09686
1.01934
1.05051
1.00175
1.01654
1.04163
1.06195
1.04266
1.04049
1.03583
1.0064
1.0592
1.01725
1.02787
1.02777
1.02747
1.02397
1.06453
1.02492
1.01791
1.0668
1.00168
1.03578
1.02483
1.03327
1.04341
1.01734
1.03896
1.01378
1.01686
1.05891
1.07066
1.006
1.0115
1.05839
1.03808
1.14049
1.02504
1.00414
1.03449
1.01566
1.04981
1.05038
1.04148
1.06533
1.0534
1.03314
1.13275
1.04339
1.01979
1.03186
1.07544
1.02438
1.04689
1.02238
1.00184
1.02605
1.13565
1.0185
1.03729
1.01008
1.02607
1.02316
1.05011
1.03187
1.04883
1.02305
1.05732
1.0142
1.00852
1.03878
1.04612
1.07826
1.029
1.07008
1.17553
1.03138
1.02155
1.02796
1.03538
1.01782
1.02118
1.02401
1.0858
1.0879
1.05532
1.04185
1.04469
1.03599
1.02684
1.07158
1.04055
1.03139
1.0642
1.02586
1.04658
1.0544
1.04232
1.03232
1.04194
1.02285
1.02708
1.02293
1.04784
1.02706
1.09441
1.0061
1.05127
1.01175
1.0535
1.0392
1.03185
1.01839
1.04458
1.04397
1.05702
1.02098
1.04178
1.04113
1.06164
1.01585
1.04694
1.03014
1.0293
1.0185
1.04701
1.02816
1.0162
1.02342
1.02069
1.04907
1.03233
1.0154
1.03673
1.0303
1.07996
1.04736
1.02193
1.01296
1.02327
1.01684
1.03863
1.05273
1.06081
1.14208
1.0407
1.01737
1.03594
1.09397
1.00137
1.04675
1.01398
1.02067
1.0534
1.04361
1.04279
1.06536
1.00061
1.01684
1.02754
1.01965
1.09411
1.03897
1.03991
1.05335
1.02132
1.05951
1.03728
1.02314
1.03211
1.03534
1.07114
1.05008
1.03345
1.04246
1.05146
1.01519
1.08006
1.03396
1.00466
1.01293
1.03088
1.0345
1.01367
1.00179
1.05438
1.04928
1.00226
1.06475
1.0171
1.00075
1.00496
1.02202
1.03266
1.01762
1.00769
1.06685
1.01639
1.09312
1.0274
1.03211
1.00488
1.04369
1.03994
1.03258
1.10108
1.04695
1.05556
1.01827
1.01189
1.03965
1.04658
1.00207
1.02428
1.02809
1.00235
1.00855
1.02268
1.05269
1.04157
1.00542
1.03904
1.05429
1.00801
1.01341
1.01223
1.04384
1.02515
1.01557
1.0293
1.07663
1.04526
1.049
1.0671
1.02035
1.10433
1.00256
1.00131
1.04829
1.04982
1.06739
1.02828
1.01048
1.01883
1.00011
1.00973
1.07403
1.01756
1.048
1.04601
1.008
1.05109
1.10537
1.06498
1.05115
1.02557
1.03183
1.00675
1.02408
1.02117
1.06365
1.01555
1.00704
1.04604
1.04032
1.09235
1.08098
1.0866
1.056
1.04858
1.00762
1.04754
