1.014
1.01655
1.02629
1.0302
1.00968
1.00956
1.07848
1.02678
1.1
1.00758
1.05186
1.01711
1.02305
1.02029
1.07857
1.09191
1.0061
1.02174
1.02568
1.00027
1.00669
1.02865
1.02343
1.01892
1.02011
1.01454
1.04283
1.0075
1.11082
1.03012
1.01192
1.05172
1.00801
1.23135
1.01367
1.02247
1.00797
1.0263
1.01116
1.00016
1.03498
1.00595
1.08641
1.09029
1.02541
1.01164
1.05064
1.04339
1.07436
1.01246
1.02162
1.01228
1.01888
1.08536
1.0045
1.0277
1.06455
1.00916
1.02161
1.01145
1.21936
1.00913
1.03015
1.04855
1.01129
1.01392
1.00316
1.06971
1.00089
1.01793
1.02227
1.04948
1.00585
1.02816
1.15354
1.02266
1.0152
1.01573
1.00307
1.03911
1.04922
1.00568
1.02297
1.17602
1.07886
1.01324
1.02484
1.03032
1.0115
1.01019
1.02657
1.02295
1.01072
1.00836
1.05066
1.12966
1.01283
1.01864
1.10752
1.10916
1.022
1.03284
1.037
1.00033
1.00526
1.091
1.09736
1.09664
1.14629
1.01157
1.02415
1.04534
1.00086
1.00833
1.02702
1.00442
1.04512
1.02826
1.01795
1.03612
1.00124
1.02287
1.01524
1.14031
1.02448
1.02999
1.01903
1.05715
1.00061
1.09554
1.02919
1.06479
1.08253
1.07083
1.00997
1.00847
1.02031
1.04243
1.00707
1.03216
1.01783
1.01491
1.00909
1.03252
1.03347
1.08771
1.01089
1.0559
1.03896
1.01109
1.00809
1.04299
1.02208
1.02448
1.169
1.11517
1.05808
1.0297
1.02434
1.0807
1.05066
1.01758
1.08984
1.06075
1.04994
1.01446
1.05376
1.01633
1.02084
1.12928
1.0368
1.00934
1.03331
1.02017
1.00641
1.00548
1.02469
1.01441
1.05844
1.03755
1.14133
1.02222
1.01003
1.1933
1.05321
1.00518
1.00388
1.00134
1.00674
1.02179
1.00744
1.06006
1.06378
1.0203
1.03601
1.01528
1.06574
1.03929
1.02586
1.00057
1.01907
1.10287
1.15083
1.03974
1.02073
1.03295
1.00081
1.01791
1.18703
1.04275
1.02142
1.00671
1.00481
1.02554
1.0344
1.0936
1.0915
1.01228
1.01878
1.01011
1.01102
1.00337
1.00681
1.03337
1.0237
1.02469
1.01681
1.00841
1.1523
1.06119
1.0516
1.02528
1.00806
1.01581
1.01556
1.01846
1.01491
1.06663
1.03784
1.08833
1.01749
1.02343
1.00728
1.00775
1.02862
1.10898
1.02184
1.15743
1.06202
1.10934
1.02286
1.02604
1.02543
1.02681
1.01857
1.0216
1.03363
1.01996
1.06022
1.0166
1.04345
1.02585
1.00686
1.01565
1.00839
1.01509
1.00868
1.03424
1.03798
1.01924
1.0161
1.00508
1.01789
1.04326
1.01896
1.17177
1.11006
1.0085
1.10048
1.03646
1.03634
1.09166
1.03067
1.02269
1.02791
1.01388
1.00135
1.01246
1.02687
1.06776
1.01264
1.07298
1.0137
1.03511
1.03056
1.05724
1.07168
1.00921
1.02256
1.00935
1.0071
1.04108
1.03407
1.0263
1.01848
1.03385
1.01004
1.02156
1.09551
1.02719
1.03566
1.0143
1.16348
1.02926
1.00533
1.011
1.01738
1.03732
1.02442
1.02788
1.00925
1.06481
1.08112
1.07019
1.0326
1.03063
1.00656
1.02353
1.06928
1.0179
1.07298
1.02721
1.03485
1.03107
1.00729
1.01299
1.0207
1.01905
1.01607
1.06294
1.03694
1.01622
1.00487
1.02128
1.00477
1.22588
1.02583
1.01724
1.15483
1.01773
1.05125
1.02813
1.0202
1.03946
1.00841
1.0979
1.01236
1.05954
1.04364
1.01139
1.0758
1.02773
1.0047
1.0084
1.00516
1.04138
1.09969
1.0295
1.13015
1.0214
1.01328
1.08008
1.00375
1.19947
1.01487
1.0151
1.04086
1.00278
1.01352
1.01497
1.00572
1.03459
1.08535
1.00206
1.08925
1.03192
1.02325
1.0084
1.01998
1.02682
1.04757
1.0144
1.04067
1.01847
1.02124
1.0527
1.01492
1.16845
1.01707
1.03042
1.0137
1.04917
1.03464
1.03132
1.03135
1.01912
1.01686
1.02564
1.02354
1.05084
1.08135
1.05491
1.02716
1.02805
1.08291
1.03175
1.02083
1.02305
1.0033
1.06795
1.0185
1.06985
1.00534
1.01339
1.02437
1.01205
1.26149
1.02551
1.01087
1.04445
1.02858
1.0122
1.10135
1.01834
1.04604
1.0304
1.00889
1.03756
1.08423
1.01635
1.02032
1.06409
1.0115
1.02542
1.11339
1.01147
1.07133
1.07493
1.09152
1.04246
1.02379
1.00296
1.01829
1.02017
1.00373
1.01425
1.01797
1.0155
1.03446
1.02493
1.00795
1.02324
1.02021
1.00545
1.0182
1.01795
1.0103
1.01144
1.06873
1.02457
1.13162
1.02106
1.0346
1.01814
1.0755
1.01719
1.00829
1.00092
1.06758
1.02809
1.02459
1.00463
1.05038
1.0075
1.06874
1.02099
1.02574
1.01127
1.13386
1.03956
1.015
1.01892
1.05021
1.00516
1.01102
1.12044
1.01686
1.03509
1.02023
1.03
1.01561
1.03545
1.00184
1.02105
1.04739
1.20964
1.09303
1.05629
1.01914
1.01125
1.02593
1.00417
1.06386
1.01831
1.00491
1.03349
1.01683
1.01771
1.02849
1.00244
1.09291
1.01614
1.01496
1.06091
1.00446
1.01951
1.02225
1.19172
1.02187
1.00939
1.03121
1.03497
1.00659
1.0023
1.02126
1.06778
1.0305
1.01629
1.03945
1.10069
1.01084
1.02135
1.07886
1.04761
1.17709
1.06032
1.06664
1.02612
1.018
1.06489
1.01051
1.00288
1.03129
1.03751
1.04883
1.0141
1.07124
1.02726
1.16695
1.06535
1.03416
1.03409
1.13684
1.05989
1.02857
1.03986
1.04919
1.07794
1.02138
1.14697
1.01978
1.01865
1.00415
1.04853
1.02879
1.0441
1.01273
1.01986
1.02463
1.07087
1.13028
1.10021
1.0322
1.03015
1.047
1.00192
1.01845
1.07217
1.0254
1.10533
1.02045
1.03653
1.03231
1.00833
1.01001
1.00767
1.00608
1.01801
1.0365
1.01576
1.00907
1.04241
1.04301
1.0146
1.00964
1.03985
1.03682
1.01275
1.02787
1.00754
1.01299
1.07219
1.01685
1.0049
1.0305
1.02341
1.03224
1.06285
1.11047
1.05215
1.0723
1.08611
1.10409
1.07334
1.01005
1.06288
1.02898
1.01915
1.01266
1.06277
1.02457
1.01532
1.00602
1.01908
1.0548
1.00084
1.02143
1.05665
1.02148
1.02383
1.01253
1.08375
1.01772
1.08503
1.013
1.0158
1.00911
1.0595
1.0287
1.01669
1.01866
1.10052
1.01428
1.00966
1.00786
1.01908
1.05543
1.00818
1.02782
1.07728
1.03975
1.01585
1.00737
1.01784
1.20966
1.02512
1.12851
1.0103
1.07447
1.02585
1.02
1.09596
1.00028
1.11396
1.05149
1.01537
1.01823
1.01894
1.02022
1.01836
1.03096
1.00727
1.01943
1.00898
1.01996
1.01432
1.01157
1.01763
1.00743
1.02524
1.0509
1.01088
1.06141
1.01459
1.01188
1.02217
1.01737
1.05901
1.01816
1.00778
1.00189
1.06183
1.0429
1.00827
1.036
1.01812
1.02284
1.02647
1.01862
1.11181
1.0056
1.04817
1.00883
1.01003
1.13477
1.07153
1.01054
1.08964
1.04696
1.00531
1.00723
1.0107
1.10947
1.03328
1.01567
1.14539
1.02274
1.01494
1.08808
1.01445
1.00737
1.0141
1.03088
1.07515
1.01183
1.07315
1.00388
1.01016
1.02154
1.04904
1.01528
1.0597
1.01875
1.09093
1.12319
1.18492
1.12626
1.06504
1.02568
1.01386
1.10149
1.01201
1.02203
1.02567
1.02388
1.01556
1.019
1.00661
1.00996
1.01261
1.0132
1.00675
1.08038
1.01254
1.01277
1.02253
1.00795
1.04352
1.00988
1.03573
1.01624
1.04466
1.04623
1.0125
1.06354
1.02842
1.16543
1.00408
1.0183
1.02854
1.02572
1.01252
1.08422
1.02009
1.00313
1.08006
1.0329
1.03727
1.01584
1.00317
1.02777
1.04615
1.02693
1.04609
1.22286
1.00278
1.00676
1.00905
1.01539
1.07555
1.00462
1.01447
1.06873
1.0073
0.999413
1.03201
1.00547
1.02394
1.18104
1.03019
1.0885
1.02154
1.05202
1.02547
1.00745
1.02757
1.0215
1.01543
1.06308
1.04008
1.01017
1.0094
1.01428
1.07394
1.01249
1.09444
1.05688
1.01919
1.03863
1.01929
1.04782
1.12317
1.03127
1.0138
1.05736
1.02895
1.01977
1.1602
1.01682
1.01821
1.03693
1.01579
1.02448
1.00923
1.02464
1.07048
1.00633
1.01914
1.02727
1.00211
1.0284
1.01974
1.00323
1.09744
1.0651
1.01379
1.0952
1.14005
1.00966
1.05479
1.06912
1.01027
1.07218
1.01009
1.02465
1.02062
1.03933
1.01589
1.00563
1.00522
1.03015
1.03342
1.00904
1.03114
1.01814
1.06556
1.02448
1.00779
1.0107
1.04418
1.00077
1.0007
1.02451
1.02116
1.23693
1.03279
1.00201
1.02917
1.09025
1.01391
1.09583
1.01262
1.06611
1.12209
1.00607
1.01701
1.01798
1.0711
1.00902
1.2731
1.0106
1.00479
1.02819
1.00951
1.02505
1.00847
1.03276
1.01614
1.04093
1.02406
1.0828
1.00575
1.07902
1.02477
1.00159
1.01706
1.05277
1.03397
1.00453
1.01341
1.02902
1.02708
1.00201
1.15641
1.00535
0.999715
1.02154
1.01476
1.06393
1.00355
1.20377
1.03863
1.17194
1.02729
1.03689
1.08247
1.06362
1.07414
1.02704
1.02888
1.10304
1.02726
1.03466
1.01234
1.01033
1.01218
1.03735
1.0324
1.12177
1.09962
1.00932
1.06377
1.00938
1.03575
1.01939
1.00936
1.02447
1.03863
1.07048
1.01052
1.02445
1.00781
1.01474
1.0261
1.03521
1.01133
1.02948
1.00539
1.05253
1.00771
1.01935
1.00838
1.024
1.05981
1.08216
1.0544
1.08147
1.02518
1.02316
1.01935
1.05552
1.00376
1.01347
1.05011
1.00994
1.05023
1.0229
1.01947
1.05579
1.04357
1.03461
1.05256
1.02678
1.03249
1.04659
1.03517
1.01421
1.13434
1.02968
1.02304
