1.05804
1.04132
1.09207
1.06105
1.04956
1.02311
1.03722
1.00317
1.00494
1.10733
1.08106
1.07812
1.0496
1.02053
1.05946
1.0457
1.05316
1.01987
1.01888
1.08008
1.02213
1.04577
1.00654
1.0061
1.02761
1.04818
1.00046
1.0251
1.03984
1.02904
1.01069
1.06271
1.07386
1.01518
1.0833
1.0489
1.01107
1.00383
1.0573
1.02075
1.26413
1.03835
1.06788
1.04173
1.04185
1.01675
1.01486
1.02847
1.01858
1.02344
1.04443
1.00839
1.03581
1.03851
1.04126
1.00526
1.02258
1.0166
1.06106
1.02051
1.05195
1.06536
1.01158
1.03976
1.0687
1.0377
1.07133
1.06678
1.01026
1.02236
1.02953
1.0329
1.01319
1.05014
1.05253
1.00459
1.0307
1.02928
1.02983
1.01633
1.0596
1.03928
1.00521
1.00569
1.03903
1.01063
1.01522
1.0459
1.00078
1.02509
1.02628
1.0501
1.04727
1.05746
1.03526
1.05273
1.052
1.05554
1.02536
1.01766
1.05108
1.05329
1.02584
1.04211
1.08738
1.08338
1.06871
1.05278
1.00028
1.06793
1.00197
1.07328
1.00835
1.0371
1.04209
1.01932
1.09325
1.01112
1.06062
1.05316
1.08289
1.04832
1.02024
1.06781
1.04658
1.07803
1.03872
1.01994
1.02871
1.06087
1.06434
1.0755
1.00417
1.06377
1.04377
1.06263
1.0653
1.09227
1.03616
1.0723
1.03621
1.14731
1.03232
1.01556
1.00622
1.01659
1.01859
1.03543
1.04202
1.00596
1.02475
1.07744
1.02224
1.00825
1.019
1.06144
1.03984
1.02593
1.02175
1.00797
1.00664
1.02739
1.1273
1.0329
1.07685
1.01507
1.09314
1.05319
1.16833
1.02757
1.0099
1.02865
1.10321
1.04997
1.03299
1.01141
1.0024
1.06978
1.03224
1.01596
1.08535
1.00066
1.03074
1.00318
1.03463
1.1055
1.01596
1.0276
1.03617
1.06727
1.06116
1.05005
1.01867
1.07733
1.06773
1.03861
1.02522
1.05945
1.05603
1.01337
1.07646
1.07274
1.01803
1.03078
1.01463
1.02241
1.02441
1.04976
1.07811
1.00625
1.06023
1.00076
1.02751
1.05912
1.02179
1.10051
1.00595
1.02066
1.03881
1.02359
1.02031
1.04522
1.04012
1.03024
1.01454
1.07414
1.05418
1.05331
1.02828
1.02722
1.00601
1.00739
1.07388
1.04359
1.00984
1.03488
1.02813
1.0691
1.01503
1.03564
1.07634
1.05569
1.02553
1.15856
1.00907
1.04136
1.05165
1.03684
1.05387
1.00904
1.03258
1.00131
1.01602
1.05648
1.04353
1.03471
1.06853
1.06544
1.03846
1.06729
1.06953
1.03824
1.05867
1.03198
1.09378
1.05717
1.10475
1.01185
1.06744
1.0411
1.00539
1.02767
1.04917
1.00987
1.03395
1.02197
1.02957
1.05894
1.01988
1.05959
1.02519
1.01473
1.01728
1.03224
1.00906
1.05184
1.06624
1.0773
1.03838
1.09848
1.01435
1.01063
1.04317
1.04152
1.02282
1.04627
1.01947
1.02082
1.00564
1.01548
1.02325
1.07415
1.0122
1.03547
1.01429
1.02296
1.0472
1.01848
1.04998
1.0797
1.0588
1.04606
1.07841
1.02356
1.01917
1.02355
1.02487
1.00421
1.08245
1.02827
1.00277
1.028
1.0176
1.08651
1.00417
1.00031
1.06743
1.06754
1.02761
1.00919
1.0313
1.03108
1.04591
1.01341
1.01704
1.02191
1.04328
1.0101
1.02943
1.01763
1.01244
1.01672
1.01171
1.07045
1.16487
1.04371
1.04903
1.01161
1.02965
1.05259
1.08627
1.03924
1.01991
1.03218
1.01548
1.05838
1.11211
1.05715
1.03889
1.01024
1.02745
1.0271
1.0047
1.04788
1.08465
1.11513
1.01558
1.04664
1.03348
1.01801
1.06722
1.06744
1.06871
1.03806
1.07563
1.01713
1.05926
1.01605
1.02075
1.01215
1.03669
1.07458
1.0119
1.0346
1.013
1.01178
1.02712
1.04473
1.04558
1.0144
1.0513
1.02088
1.02299
1.05452
1.01523
1.0288
1.02777
1.02113
1.09352
1.01496
1.0605
1.01989
1.07665
1.03598
1.02848
1.05601
1.06911
1.03942
1.01472
1.05654
1.01246
1.02328
1.06116
1.04406
1.04107
1.00707
1.03094
1.02319
1.01479
1.00389
1.03032
1.0276
1.09526
1.02309
1.02555
1.01433
1.03367
1.01565
1.09429
1.05429
1.05797
1.02635
1.01588
1.01016
1.03022
1.04985
1.01825
1.00999
1.01969
1.01769
1.01208
1.00674
1.0246
1.03703
1.04912
1.06055
1.04446
1.03525
1.01807
1.01585
1.0525
1.04018
1.05257
1.0368
1.02997
1.06083
1.03299
1.03024
1.04123
1.04417
1.04381
1.07406
1.02659
1.0289
1.06385
1.00422
1.05661
1.00779
1.04108
1.02032
1.03492
1.0006
1.0056
1.0601
1.06838
1.07238
1.0691
1.00959
1.02743
1.06163
1.03451
1.04776
1.03061
1.0113
1.01145
1.03048
1.05117
1.03521
1.0386
1.04049
1.04202
1.06169
1.019
1.03615
1.02491
1.04146
1.06034
1.02977
1.00343
1.04952
1.06489
1.02033
1.01314
1.02741
1.06451
1.03762
1.02002
1.0613
1.00209
1.03014
1.12598
1.113
1.09266
1.05037
1.03892
1.02879
1.05649
1.05674
1.02146
1.04528
1.00659
1.02793
1.01578
1.02923
1.05287
1.09376
1.03802
1.08838
1.0133
1.02298
1.02298
1.02785
1.05274
1.07351
1.04843
1.01865
1.04118
1.07825
1.08348
1.04244
1.03236
1.07708
1.02985
1.02559
1.00728
1.07653
1.03382
1.02525
1.0691
1.01851
1.07755
1.07464
1.0308
1.03887
1.03066
1.04569
1.035
1.03348
1.06727
1.02987
1.01705
1.01755
1.02089
1.09583
1.04306
1.02442
1.02752
1.03591
1.02177
1.08782
1.03254
1.06372
1.00925
1.00562
1.02119
1.02393
1.03664
1.10316
1.06515
1.01347
1.01222
1.0706
1.0681
1.02253
1.02778
1.03013
1.03473
1.01492
1.02557
1.0128
1.0542
1.04959
1.02441
1.0544
1.01552
1.00505
1.01068
1.02965
1.06345
1.07195
1.02683
1.02726
1.01188
1.009
1.01708
1.05772
1.05163
1.02175
1.02792
1.03882
1.03907
1.11092
1.02702
1.05832
1.01793
1.00948
1.07729
1.03296
1.20329
1.02493
1.05535
1.05085
1.03626
1.02416
1.10388
1.02297
1.00413
1.0308
1.01451
1.02831
1.02178
1.01348
1.00623
1.00301
1.01486
1.12203
1.02646
1.01674
1.0574
1.0452
1.06686
1.02127
1.05425
1.05547
1.03913
1.08961
1.07551
1.06111
1.03096
1.07313
1.01862
1.01561
1.0267
1.01471
1.02254
1.06699
1.04645
1.05889
1.02578
1.01526
1.02024
1.02553
1.08615
1.05401
1.02933
1.0306
1.02356
1.03819
1.04077
1.00783
1.06311
1.04901
1.0212
1.02015
1.03466
1.01356
1.03562
1.05894
1.05769
1.00667
1.02663
1.04877
1.01959
1.07554
1.05377
1.03328
1.01205
1.0432
1.05987
1.0053
1.03449
1.01488
1.00149
1.02447
1.03617
1.07597
1.0165
1.03791
1.03264
1.06374
1.02179
1.00767
1.04622
1.08172
1.04565
1.07456
1.02784
1.00953
1.02458
1.008
1.04384
1.06475
1.02466
1.0149
1.02684
1.00202
1.07649
1.02091
1.0004
1.0072
1.0434
1.05091
1.05497
1.02332
1.02697
1.01432
1.00639
1.05948
1.06677
1.02928
1.01664
1.03204
1.03715
1.041
1.10413
1.02581
1.01886
1.00158
1.06813
1.04718
1.02739
1.03492
1.03547
1.05216
1.03305
1.05053
1.06345
1.01983
1.0275
1.02193
1.04322
1.07754
1.02628
1.05203
1.02774
1.02849
1.03562
1.04906
1.04381
1.02876
1.02958
1.01685
1.04402
1.00719
1.02308
1.05365
1.00019
1.07148
1.01351
1.07628
1.21601
1.05787
1.02638
1.05581
1.02214
1.07316
1.04199
1.06297
1.02737
1.04348
1.01568
1.08227
1.01531
1.05104
1.01148
1.07334
1.02706
1.02131
1.01514
1.04162
1.03042
1.04032
1.03332
1.03081
1.05707
1.03852
1.04889
1.0385
1.00826
1.01037
1.0218
1.01218
1.07007
1.0231
1.01704
1.09222
1.09349
1.03576
1.01383
1.01447
1.03973
1.01514
1.02352
1.05487
1.05982
1.05175
1.03654
1.06223
1.0715
1.03935
1.03653
1.04009
1.09586
1.04089
1.0142
1.07946
1.01577
1.06264
1.00717
1.06617
1.1402
1.05228
1.03665
1.01636
1.03275
1.03739
1.0502
1.02233
1.05467
1.06189
1.0256
1.1736
1.05234
1.05357
1.02277
1.06273
1.01936
1.15446
1.09926
1.0662
1.01971
1.05074
1.00254
1.02778
1.03316
1.05209
1.00256
1.00785
1.02777
1.02134
1.01625
1.01897
1.07218
1.01677
1.03889
1.06356
1.04756
1.04639
1.06842
1.02441
1.00092
1.05643
1.02137
1.07478
1.00833
1.07512
1.06669
1.01385
1.02114
1.01752
1.03744
1.02484
1.06695
1.02032
1.08184
1.10826
1.05353
1.07266
1.03805
1.07425
1.06479
1.01634
1.00149
1.01779
1.02792
1.03983
1.03539
1.05053
1.07213
1.01411
1.03055
1.05305
1.02588
1.0564
1.04278
1.0069
1.07042
1.02066
1.10504
1.04964
1.03149
1.04663
1.06492
1.02436
1.01976
1.03027
1.01602
1.01308
1.03603
1.07357
1.03666
1.03656
1.04484
1.0167
1.01423
1.05562
1.00608
1.02111
1.03268
1.02272
1.00268
1.0395
1.02589
1.04123
1.08296
1.05804
1.00411
1.01746
1.00266
1.05067
1.02845
1.08199
1.02685
1.02132
1.05651
1.04184
1.05981
1.01976
1.05359
1.01804
1.02312
1.04632
1.02425
1.04711
1.039
1.04046
1.0249
1.13825
1.06158
1.02199
1.02336
1.02091
1.06575
1.0223
1.0524
1.00409
1.01758
1.04597
1.02715
1.04197
1.03275
1.04353
1.07215
1.02907
1.01131
1.03475
1.02423
1.02075
1.00161
1.05803
1.0272
1.02874
1.06258
1.03685
1.00958
1.04285
1.09558
1.01908
1.03815
1.04043
1.04655
1.00016
1.0427
1.03508
1.05572
1.00846
1.06153
1.06356
1.0447
1.0278
