1.04465
1.0236
1.0412
1.10916
1.00992
1.03522
1.01738
1.01871
1.01615
1.01615
1.00464
1.02657
1.09801
1.01838
1.04191
1.04067
1.02319
1.02781
1.02589
1.03318
1.05741
1.07886
1.01409
1.02283
1.01399
1.0306
1.01962
1.03661
1.00679
1.01449
1.00973
1.02278
1.01216
1.07942
1.05834
1.00338
1.02808
1.03026
1.01893
1.1091
1.01608
1.10083
1.08524
1.02601
1.00819
1.18481
1.00853
1.02599
1.00136
1.02115
1.02778
1.08648
1.01896
1.06087
1.01666
1.01842
1.04254
1.08132
1.02773
1.00714
1.02409
1.03245
1.1536
1.00245
1.02584
1.02615
1.02225
1.02894
1.02037
1.01966
1.01131
1.02757
1.21621
1.05273
1.01125
1.08863
1.01088
1.00662
1.01998
1.00863
1.01673
1.01651
1.00362
1.08206
1.02579
1.03232
1.00892
1.06874
1.00868
1.04411
1.00749
1.0123
1.0687
1.01849
1.03129
1.05544
1.0075
1.10526
1.01409
1.00204
1.00968
1.063
1.05205
1.03588
1.07314
1.00802
1.02138
1.0554
1.00733
1.02523
1.14529
1.01973
1.04874
1.09739
1.01736
1.02682
1.0211
1.01408
1.01953
1.03604
1.00831
1.06802
1.00322
1.01061
1.08353
1.01108
1.03415
1.07023
1.07437
1.01009
1.08693
1.07301
1.07315
1.01165
1.0127
1.11395
1.03739
1.05297
1.0236
1.02245
1.00854
1.08157
1.00574
1.0191
1.01531
1.02148
1.01176
1.02853
1.04791
1.1535
1.0122
1.07784
1.07682
1.01585
1.00609
1.01225
1.04703
1.07482
1.0223
1.06333
1.04683
1.06819
1.0603
1.03079
1.01937
1.02771
1.00774
1.00497
1.01098
1.11005
1.05556
1.02465
1.11404
1.01034
1.0137
1.01263
1.01043
1.01141
1.01621
1.01587
1.02582
1.02505
1.01593
1.02271
1.03711
1.00974
1.00158
1.23444
1.00028
1.08254
1.07273
1.01153
1.02722
1.02759
1.01416
1.01574
1.02669
1.01379
1.02133
1.14686
1.01691
1.0069
1.02526
1.03144
1.02447
1.02611
1.02992
1.01889
1.00713
1.03255
1.02115
1.02844
1.02143
1.13612
1.00166
1.14442
1.02709
1.01034
1.20388
1.02329
1.01305
1.02403
1.02035
1.0099
1.02224
1.01979
1.02161
1.00771
1.0075
1.01595
1.01498
1.012
1.03401
1.06007
1.04772
1.01241
1.02918
1.01802
1.0179
1.01556
1.02646
1.03566
1.02532
1.00187
1.05576
1.03674
1.00181
1.16771
1.01737
1.02833
1.04943
1.00686
1.12123
1.03127
1.07549
1.01152
1.01698
1.02314
1.06621
1.01356
1.02144
1.06485
1.02599
1.11818
1.02589
1.01491
1.00722
1.01691
1.01564
1.02456
1.03456
1.04722
1.00301
1.02411
1.04791
1.05967
1.03015
1.01205
1.12152
1.00561
1.00615
1.20091
1.06561
1.01558
1.07601
1.01461
1.04505
1.01647
1.02934
1.08219
1.06808
1.02323
1.01865
1.01135
1.03032
1.02144
1.01485
1.01601
1.07214
1.02643
1.01436
1.01734
1.02057
1.0187
1.01969
1.03091
1.01936
1.03436
1.01312
1.0557
1.03709
1.00478
1.01922
1.04431
1.00884
1.013
1.0169
1.02517
1.00864
1.03009
1.0187
1.00263
1.02609
1.01525
1.01998
1.03318
1.03231
1.01567
1.21187
1.07245
1.03175
1.01077
1.02021
1.0125
1.09728
1.00655
1.00927
1.06408
1.00976
1.01844
1.00031
1.06754
1.00556
1.02395
1.0053
1.07189
1.02289
1.02713
1.00454
1.03358
1.01709
1.01863
1.02037
1.02131
1.01341
1.00471
1.02925
1.01147
1.03202
1.02181
1.0166
1.01293
1.01761
1.01052
1.02455
1.01812
1.06023
1.00433
1.02
1.00303
1.0292
1.02922
1.02492
1.07029
1.04214
1.01818
1.01043
1.00389
1.02802
1.01815
1.06819
1.02019
1.0995
1.04667
1.07292
1.01915
1.00436
1.02654
1.10509
1.01699
1.06929
1.02044
1.02805
1.02076
1.02641
1.03027
1.01099
1.01983
1.00739
1.02077
1.09741
1.01649
1.02744
1.01971
1.01447
1.00318
1.03647
1.06851
1.02543
1.01676
1.08466
1.04551
1.01287
1.0623
1.02294
1.00273
1.01748
1.01759
1.02366
1.18382
1.01648
1.03746
1.02189
1.01754
1.018
1.02957
1.02711
1.01165
1.01266
1.01114
1.07458
1.01379
1.06958
1.00013
1.02136
1.05357
1.0274
1.00895
1.00206
1.02573
1.01546
1.02421
1.01356
1.01829
1.13235
1.03331
1.00169
1.01941
1.03297
1.00277
1.08179
1.01101
1.02098
1.03444
1.16214
1.01586
1.0166
1.03212
1.12939
1.12981
1.01944
1.10012
1.11552
1.06713
1.04736
1.02215
1.00223
1.02796
1.02073
1.00689
1.07704
1.01153
1.02703
1.02865
1.01809
1.01609
1.09037
1.03594
1.03901
1.05784
1.03219
1.02565
1.01864
1.02723
1.03752
1.04684
1.00424
1.00369
1.02737
1.02279
1.01716
1.07134
1.03818
1.01276
1.01292
1.01742
1.01744
1.00357
1.07116
1.01314
1.05417
1.01525
1.02307
1.00505
1.00828
1.02645
1.05915
1.00692
1.04983
1.07073
1.03422
1.10418
1.02391
1.02579
1.01706
1.02709
1.01781
1.04206
1.00417
1.05208
1.08557
1.11888
1.05213
1.17672
1.05405
1.12231
1.02133
1.01852
1.04168
1.0163
1.02875
1.14081
1.01895
1.05435
1.04706
1.02271
1.03233
1.02832
1.06913
1.02692
1.01458
1.00281
1.03796
1.00186
1.02321
1.02125
1.07705
1.0608
1.02154
1.02399
1.0697
1.10313
1.1607
1.00007
1.09516
1.01348
1.03357
1.0189
1.02924
1.01874
1.04561
1.15819
1.02141
1.02325
1.03289
1.03631
1.13221
1.0062
1.06341
1.15598
1.01563
1.00964
1.04187
1.00688
1.03438
1.004
1.01538
1.00373
1.07962
1.00881
1.03392
1.03437
1.00221
1.02293
1.03568
1.03866
1.01927
1.0128
1.01128
1.00676
1.00971
1.00398
1.02009
1.06425
1.0283
1.04591
1.01908
1.029
1.01577
1.14989
1.01166
1.03183
1.01462
1.01404
1.00684
1.02065
1.03963
1.02242
1.09967
1.0507
1.03725
1.01589
1.02376
1.00624
1.01786
1.02215
1.0191
1.01078
1.1005
1.04613
1.02417
1.07702
1.00929
1.02484
1.02071
1.03693
1.02259
1.01501
1.01731
1.01705
1.0267
1.01014
1.02231
1.03269
1.02018
1.06904
1.08298
1.01935
1.05005
1.0117
1.01616
1.03069
1.03136
1.12819
1.01315
1.00492
1.0569
1.08492
1.03591
1.06923
1.03559
1.02607
1.09472
1.02577
1.02407
1.07289
1.01235
1.01901
1.02775
1.01631
1.03129
1.00947
1.05123
1.01666
1.02567
1.03282
1.01737
1.02096
1.0087
1.02227
1.0082
1.03765
1.01938
1.02027
1.12911
1.0274
1.03528
1.00706
1.00902
1.03281
1.14273
1.02087
1.02135
1.00989
1.00742
1.0215
1.01295
1.09104
1.06816
1.01393
1.0504
1.03809
1.02434
1.00795
1.00683
1.03071
1.07221
1.00487
1.01481
1.01316
1.00636
1.00655
1.02853
1.0552
1.00675
1.10067
1.04537
1.0055
1.00757
1.03306
1.04443
1.07779
1.0226
1.05149
1.13017
1.00823
1.02804
1.02498
1.0235
1.02496
1.04227
1.01627
1.02444
1.01696
1.02853
1.02047
1.04991
1.02084
1.0492
1.0163
1.0751
1.01343
1.04121
1.06643
1.06706
1.05575
1.03793
1.02674
1.02292
1.01238
1.01371
1.11193
1.07051
1.08455
1.15012
1.02379
1.03602
1.01446
1.02174
1.00772
1.01849
1.01737
1.01498
1.01538
1.2251
1.05262
1.01207
1.05587
1.05004
1.02475
1.04598
1.00449
1.02279
1.0452
1.02757
1.04762
1.03531
1.07025
1.00716
1.02144
1.01654
1.0699
1.02003
1.0403
1.05009
1.01485
1.01103
1.01561
1.03242
1.01788
1.01869
1.02239
1.06193
1.01338
1.00688
1.0147
1.04866
1.0399
1.0162
1.0476
1.02074
1.00499
1.00799
1.05915
1.01076
1.06719
1.01266
1.02618
1.05356
1.05512
1.05563
1.02531
1.03515
1.08391
1.01777
1.02214
1.04342
1.01647
1.0204
1.03637
1.15038
1.01431
1.00782
1.02401
1.01859
1.1496
1.0114
1.00262
1.00735
1.01308
1.02337
1.0986
1.08328
1.04226
1.0067
1.01674
1.02386
1.04667
1.0233
1.0588
1.04941
1.03454
1.02082
1.01424
1.02274
1.07555
1.03228
1.02087
1.01116
1.02198
1.09294
1.00913
1.02347
1.01677
1.02031
1.00903
1.01629
1.01262
1.04026
1.0588
1.02161
1.00264
1.02457
1.0857
1.00575
1.16077
1.03404
1.01646
1.01644
1.05026
1.02918
1.00927
1.03768
1.02805
1.03659
1.07375
1.06874
1.01031
1.02467
1.02184
1.02578
1.02907
1.01704
1.00475
1.13463
1.15799
1.01657
1.01294
1.00512
1.03905
1.00973
1.01084
1.04065
1.02031
1.03734
1.00974
1.07185
1.02134
1.02147
1.04023
1.03378
1.02141
1.0215
1.02883
1.02386
1.03106
1.07734
1.01689
1.19852
1.06744
1.01785
1.01009
1.01103
1.01302
1.01414
1.01619
1.02799
1.00522
1.03675
1.02666
1.04254
1.0164
1.02719
1.00969
1.00737
1.00801
1.00666
1.01554
1.04016
1.04442
1.00195
1.17959
1.07483
1.0269
1.01288
1.0023
1.02169
1.04432
1.02965
1.00335
1.08703
1.02248
1.0243
1.02688
1.01648
1.08173
1.03301
1.08985
1.02233
1.01937
1.00396
1.02183
1.01928
1.01391
1.08815
1.01575
1.03219
1.06174
1.05505
1.07157
1.05874
1.02834
1.07351
1.02619
1.04556
1.01053
1.02401
1.17081
1.00603
1.01201
1.06753
1.02841
1.0947
1.01374
1.01914
1.14706
1.06633
1.07792
1.05116
1.181
1.02013
1.02663
1.02664
1.02182
1.05715
1.0496
1.02521
1.02789
1.06246
1.07363
1.12309
1.0069
1.026
1.03607
1.01665
1.01408
1.06507
1.05526
1.02157
1.01038
1.02294
1.01391
1.0215
1.02533
1.03701
1.06011
1.04675
1.17732
1.01258
1.16747
