1.02666
1.02217
1.01073
1.02779
1.0365
1.03518
1.11687
1.03949
1.07763
1.06319
1.05425
1.03494
1.01634
1.03161
1.13221
1.01605
1.017
1.07296
1.05275
1.00622
1.06891
1.06984
1.09404
1.04887
1.08191
1.02518
1.04118
1.02464
1.02374
1.03506
1.02056
1.01468
1.02866
1.0297
1.05451
1.00398
1.0759
1.10635
1.04124
1.05155
1.01776
1.02941
1.03012
1.00531
1.04006
1.06896
1.03484
1.06209
1.0185
1.04729
1.05102
1.02257
1.03986
1.08829
1.0568
1.00878
1.08289
1.02841
1.01554
1.03015
1.01419
1.01324
1.07733
1.04066
1.02359
1.02442
1.01627
1.00582
1.02938
1.07657
1.00049
1.18046
1.05455
1.00591
1
1.07201
1.05189
1.08176
1.07433
1.00306
1.04684
1.02393
1.02786
1.09624
1.00571
1.0605
1.03708
1.06978
1.06951
1.04184
1.00764
1.02309
1.04081
1.01251
1.0729
1.03961
1.01216
1.01128
1.03616
1.02651
1.05466
1.00158
1.04706
1.01654
1.00987
1.01663
1.0493
1.02313
1.05825
1.01791
1.0708
1.0266
1.01481
1.02537
1.05459
1.07743
1.04996
1.08271
1.01982
1.0498
1.01673
1.01949
1.01476
1.02855
1.00305
1.05533
1.05578
1.06214
1.02238
1.06316
1.02711
1.04294
1.0077
1.1968
1.04664
1.034
1.07401
1.06521
1.03491
1.03945
1.03104
1.04917
1.00616
1.03905
1.05139
1.02103
1.00541
1.04263
1.04948
1.0306
1.02018
1.00746
1.04563
1.00911
1.04169
1.04338
1.01347
1.01408
1.01689
1.01917
1.04698
1.03404
1.24141
1.02538
1.02346
1.02493
1.04213
1.07548
1.05641
1.03033
1.02325
1.05167
1.01238
1.0149
1.00254
1.05798
1.02537
1.01549
1.00643
1.05611
1.02892
1.08952
1.00181
1.02608
1.01432
1.04666
1.04841
1.01187
1.0195
1.02387
1.00678
1.10874
1.0719
1.02872
1.05963
1.01956
1.03629
1.04327
1.03166
1.02714
1.03641
1.03185
1.04579
1.04393
1.01325
1.00459
1.06686
1.01197
1.01773
1.04466
1.02701
1.05261
1.01007
1.04161
1.06674
1.05318
1.01756
1.04429
1.04003
1.05171
1.02525
1.03039
1.0125
1.0482
1.03211
1.01513
1.05752
1.05184
1.03847
1.04204
1.03156
1.04251
1.06329
1.03798
1.03167
1.11544
1.05587
1.09862
1.00614
1.02371
1.00702
1.06867
1.03782
1.04766
1.07167
1.01969
1.03213
1.01199
1.02068
1.01888
1.0193
1.06235
1.02001
1.00951
1.01877
1.10068
1.08062
1.0811
1.03638
1.07312
1.01653
1.05363
1.03016
1.08041
1.01743
1.02444
1.03621
1.00708
1.01768
1.01576
1.03607
1.02157
1.02152
1.0112
1.0479
1.0588
1.03905
1.01982
1.03077
1.04202
1.09231
1.02725
1.04427
1.02222
1.03194
1.0228
1.2116
1.04225
1.03127
1.08675
1.05055
1.04605
1.03601
1.02603
1.0412
1.0082
1.06373
1.04812
1.04935
1.04954
1.03884
1.05964
1.01277
1.11455
1.04767
1.01866
1.05148
1.04765
1.03102
1.01705
1.0164
1.01381
1.0124
1.01725
1.07436
1.02054
1.01284
1.12846
1.05478
1.00659
1.02816
1.04806
1.03858
1.06335
1.01438
1.01117
1.05273
1.05481
1.04883
1.00369
1.02038
1.01499
1.09635
1.0286
1.00652
1.02633
1.06683
1.03797
1.01354
1.0531
1.00973
1.04005
1.03703
1.04569
1.04711
1.042
1.04022
1.07666
1.05705
1.13789
1.25042
1.02163
1.01338
1.06475
1.01891
1.04585
1.05037
1.06677
1.01374
1.05291
1.04897
1.03445
1.03794
1.01411
1.06232
1.00694
1.06276
1.04409
1.01332
1.05674
1.04871
1.02902
1.06374
1.01633
1.06834
1.04691
1.06846
1.03709
1.03354
1.05181
1.05754
1.04667
1.10035
1.07789
1.00866
1.03491
1.01015
1.00131
1.03844
1.06898
1.04984
1.00957
1.0535
1.05981
1.00847
1.02408
1.00198
1.02901
1.04464
1.01591
1.04133
1.04307
1.09985
1.04502
1.0664
1.02282
1.03482
1.03274
1.06654
1.10238
1.03944
1.02092
1.02717
1.02862
1.02019
1.04191
1.07047
1.02217
1.04356
1.05388
1.00001
1.00551
1.02702
1.04034
1.00202
1.02485
1.01489
1.01016
1.03088
1.00687
1.01198
1.04879
1.00882
1.06147
1.02965
1.0231
1.03543
1.00348
1.0187
1.02785
1.02612
1.0275
1.03759
1.06604
1.09175
1.04558
1.03029
1.01992
1.04102
1.02364
1.0257
1.01866
1.04177
1.05568
1.01903
1.05667
1.06119
1.02495
1.02227
1.03277
1.03251
1.02833
1.03818
1.06936
1.08462
1.04513
1.02655
1.11707
1.02783
1.07639
1.03607
1.05361
1.0183
1.02191
1.01681
1.03025
1.02621
1.04266
1.0181
1.06048
1.03151
1.05748
1.02856
1.05547
1.03499
1.06959
1.03619
1.00698
1.00911
1.02176
1.02286
1.0247
1.00845
1.01686
1.01175
1.02706
1.05972
1.01537
1.05301
1.05409
1.01638
1.04468
1.03752
1.00232
1.04311
1.05186
1.03946
1.01073
1.04674
1.04148
1.06117
1.02494
1.02178
1.09332
1.04168
1.02911
1.0229
1.0619
1.04493
1.0877
1.05038
1.0221
1.03393
1.04488
1.0177
1.03899
1.02341
1.10095
1.03928
1.09056
1.01936
1.0227
1.02824
1.02543
1.02301
1.01032
1.03396
1.04054
1.00558
1.0338
1.0135
1.03737
1.03782
1.01243
1.04776
1.04642
1.05646
1.04338
1.04469
1.02657
1.0608
1.033
1.01908
1.02155
1.06362
1.05627
1.02618
1.06919
1.01823
1.07393
1.00995
1.07552
1.05461
1.03287
1.01055
1.0021
1.04954
1.02556
1.08023
1.03906
1.01301
1.0165
1.02775
1.03263
1.07887
1.03981
1.01172
1.04475
1.00338
1.02158
1.02171
1.01987
1.0239
1.00541
1.05179
1.04887
1.02896
1.02398
1.02555
1.05498
1.04247
1.02416
1.01514
1.10903
1.0324
1.11499
1.04906
1.02639
1.03421
1.00434
1.03079
1.04912
1.0811
1.00539
1.00532
1.03968
1.00164
1.04077
1.03063
1.04994
1.07908
1.01547
1.00816
1.02558
1.03987
1.03136
1.00223
1.01275
1.12786
1.02658
1.0402
1.05792
1.06268
1.05099
1.00374
1.03057
1.01685
1.06421
1.04314
1.08196
1.04005
1.07187
1.06049
1.03776
1.0524
1.0313
1.09043
1.02472
1.05949
1.09474
1.0403
1.03974
1.03409
1.04774
1.02588
1.02105
1.02693
1.08549
1.05978
1.07582
1.04113
1.0224
1.0211
1.07311
1.07768
1.02135
1.07033
1.00569
1.07939
1.05919
1.0888
1.04381
1.00708
1.02278
1.06565
1.06484
1.04772
1.00889
1.03241
1.05308
1.07463
1.01507
1.01289
1.04942
1.02997
1.08038
1.03405
1.04407
1.06335
1.04098
1.05161
1.04694
1.10851
1.00306
1.0034
1.02151
1.03627
1.04245
1.03725
1.06372
1.02152
1.04653
1.04756
1.07646
1.01857
1.06928
1.0379
1.04169
1.05447
1.04349
1.01822
1.02556
1.02876
1.02637
1.01928
1.02584
1.05173
1.02219
1.00988
1.05505
1.00733
1.02464
1.03163
1.04515
1.06076
1.05159
1.08288
1.04566
1.02991
1.0077
1.0224
1.07041
1.034
1.01463
1.05598
1.04008
1.05834
1.08089
1.14945
1.01301
1.04424
1.03794
1.04847
1.02793
1.01749
1.01497
1.06175
1.03684
1.02713
1.02101
1.04139
1.04155
1.03753
1.01669
1.01599
1.01194
1.1208
1.05261
1.0022
1.0284
1.10165
1.02274
1.01824
1.05618
1.02242
1.03744
1.01863
1.02751
1.02922
1.02346
1.06318
1.12849
1.03943
1.00657
1.02413
1.07517
1.03494
1.03903
1.04193
1.10057
1.02667
1.03874
1.04065
1.04552
1.02739
1.14139
1.02044
1.01056
1.04838
1.01616
1.04594
1.05528
1.03976
1.09445
1.03721
1.0949
1.01795
1.01856
1.03113
1.00359
1.01716
1.0496
1.05504
1.01048
1.04104
1.01309
1.08586
1.03611
1.04351
1.04056
1.03643
1.01851
1.05268
1.00989
1.06477
1.00315
1.14032
1.01655
1.04016
1.03069
1.00728
1.05901
1.05643
1.0153
1.05544
1.04074
1.05144
1.09329
1.04128
1.01819
1.01881
1.01093
1.02981
1.00125
1.05146
1.04713
1.00556
1.06278
1.05141
1.05187
1.03383
1.00554
1.07417
1.04672
1.06105
1.03851
1.00159
1.05352
1.08219
1.04855
1.02161
1.01453
1.01675
1.02806
1.03813
1.04853
1.03403
1.03824
1.0643
1.03111
1.13295
1.21698
1.06982
1.14705
1.01962
1.06111
1.01835
1.00694
1.02009
1.09283
1.04989
1.06087
1.02003
1.01292
1.00157
1.03988
1.04723
1.00815
1.07524
1.03747
1.04958
1.03637
1.08932
1.00687
1.02825
1.05576
1.10471
1.06813
1.02261
1.00117
1.04609
1.04921
1.01283
1.04126
1.04381
1.06948
1.07906
1.05156
1.00938
1.03636
1.01584
1.01304
1.04354
1.05516
1.00395
1.0278
1.00674
1.04932
1.11757
1.01841
1.05162
1.00135
1.02865
1.00432
1.04907
1.03953
1.01556
1.02806
1.04196
1.04861
1.01994
1.01759
1.05655
1.02274
1.02455
1.0201
1.05766
1.00818
1.02541
1.03171
1.04055
1.01884
1.06482
1.01289
1.07651
1.03195
1.0057
1.01664
1.01719
1.0212
1.03503
1.03688
1.05298
1.02194
1.04453
1.03223
1.10299
1.05323
1.05796
1.06273
1.03639
1.06031
1.06922
1.0286
1.04021
1.0349
1.02583
1.0096
1.01062
1.03198
1.03402
1.0274
1.02505
1.0583
1.03114
1.02849
1.06999
1.08119
1.03786
1.01628
1.00569
1.00257
1.04878
1.06007
1.0242
1.04997
1.01798
1.0541
1.01757
1.10949
1.03123
1.11149
1.01679
1.09259
1.08488
1.05681
1.0716
1.03122
1.01652
1.02885
1.05294
1.01721
1.04038
1.06117
1.08012
1.06985
1.06024
1.02617
1.07372
1.0336
1.03741
1.0093
1.01733
1.03113
1.03376
1.06832
1.02264
1.05479
1.04765
1.06443
