1.02257
1.06767
1.05726
1.01228
1.01654
1.1059
1.02203
1.04417
1.04251
1.05333
1.01713
1.00091
1.01909
1.05054
1.00255
1.05657
1.03566
1.04908
1.04744
1.0317
1.05473
1.07514
1.02598
1.00561
1.01817
1.04619
1.03108
1.02158
1.01874
1.07025
1.05199
1.00908
1.05586
1.00991
1.01658
1.07167
1.02467
1.05346
1.00918
1.01759
1.0835
1.0213
1.02519
1.02098
1.03379
1.03682
1.00565
1.06208
1.00588
1.03745
1.01745
1.05939
1.07468
1.056
1.01929
1.12012
1.03307
1.0585
1.04599
1.09326
1.02091
1.04687
1.03693
1.0743
1.01199
1.08447
1.02919
1.00687
1.0261
1.03841
1.03278
1.00812
1.00767
1.04038
1.01347
1.00722
1.03238
1.00837
1.00284
1.01208
1.01634
1.02627
1.08587
1.06667
1.01769
1.00568
1.0177
1.30975
1.01324
1.00782
1.04019
1.08858
1.03392
1.03242
1.04312
1.0459
1.0721
1.0124
1.0188
1.04765
1.05338
1.01646
1.03083
1.0009
1.06419
1.0183
1.02528
1.00345
1.0363
1.02094
1.02308
1.04438
1.01011
1.02801
1.04639
1.01885
1.02876
1.06594
1.01279
1.0382
1.00987
1.00811
1.03642
1.05055
1.04885
1.00196
1.01183
1.03946
1.05385
1.00727
1.02038
1.02945
1.05206
1.06243
1.01215
1.01302
1.01176
1.0254
1.02813
1.00676
1.06869
1.0463
1.04951
1.02476
1.02667
1.00212
1.01718
1.05168
1.0477
1.08954
1.06617
1.12708
1.02842
1.036
1.06869
1.04279
1.01604
1.02941
1.02469
1.00232
1.04935
1.01831
1.03506
1.018
1.06469
1.00154
1.02238
1.03582
1.05698
1.01641
1.03022
1.02676
1.02905
1.00927
1.02602
1.0287
1.02299
1.03117
1.03231
1.08145
1.02762
1.04931
1.04523
1.06306
1.03199
1.01269
1.06136
1.02984
1.04385
1.07368
1.05346
1.03378
1.01318
1.00703
1.05661
1.08609
1.01772
1.03828
1.02588
1.07794
1.02172
1.03236
1.0493
1.06643
1.01334
1.00329
1.00873
1.01571
1.0155
1.0159
1.03589
1.00935
1.01084
1.05184
1.0713
1.02252
1.0476
1.02758
1.06506
1.01992
1.04187
1.05098
1.00308
1.08482
1.04914
1.01745
1.02125
1.01465
1.03799
1.02538
1.02031
1.03072
1.04696
1.03043
1.05365
1.0285
1.01199
1.08411
1.02619
1.01735
1.04468
1.02461
1.00584
1.02895
1.01697
1.02112
1.03336
1.02285
1.04594
1.02258
1.02524
1.01397
1.02164
1.06183
1.03858
1.09599
1.01325
1.07074
1.07386
1.03591
1.01757
1.02948
1.00713
1.05557
1.04116
1.00174
1.0516
1.00101
1.01532
1.04694
1.08469
1.05284
1.03153
1.01453
1.00978
1.0304
1.03307
1.03064
1.01036
1.01488
1.03674
1.01235
1.04512
1.03548
1.05753
1.04932
1.06991
1.0162
1.01033
1.04799
1.10476
1.07563
1.02281
1.05583
1.06939
1.07485
1.0337
1.05179
1.03268
1.01203
1.00133
1.03279
1.01457
1.02148
1.02799
1.00094
1.02217
1.02736
1.01136
1.02318
1.11596
1.00041
1.02106
1.02527
1.03756
1.05556
1.02354
1.03565
1.07714
1.03414
1.04211
1.10152
1.03789
1.02537
1.03298
1.01885
1.03644
1.02435
1.05737
1.02249
1.03012
1.049
1.08795
1.03253
1.02623
1.01989
1.01568
1.09283
1.00366
1.01931
1.06618
1.07704
1.05092
1.035
1.06422
1.02154
1.06299
1.0389
1.05864
1.01245
1.02757
1.03779
1.02855
1.02899
1.05281
1.00848
1.04091
1.03438
1.00348
1.04312
1.03029
1.04375
1.04078
1.00773
1.06082
1.00423
1.04943
1.05793
1.02305
1.0744
1.02166
1.00146
1.05497
1.04339
1.01863
1.02122
1.01433
1.04574
1.01071
1.04553
1.05967
1.02295
1.07978
1.04522
1.00109
1.07813
1.03716
1.00775
1.04435
1.07817
1.01088
1.05944
1.02864
1.03204
1.01492
1.00106
1.01916
1.03428
1.02492
1.07128
1.03886
1.02341
1.03745
1.01647
1.01938
1.01534
1.04777
1.123
1.01857
1.07598
1.04425
1.07402
1.0435
1.04103
1.0722
1.03403
1.05701
1.06933
1.03626
1.02916
1.06022
1.07033
1.02403
1.08705
1.02916
1.02058
1.00228
1.04777
1.05412
1.03743
1.01187
1.03016
1.0575
1.04063
1.0258
1.03062
1.01837
1.07996
1.03352
1.09177
1.04603
1.04993
1.01987
1.00795
1.01567
1.0324
1.03543
1.04525
1.06701
1.05134
1.02263
1.05504
1.01673
1.06334
1.03476
1.08534
1.00121
1.04922
1.0279
1.01882
1.02923
1.0363
1.03093
1.08092
1.0283
1.03567
1.02248
1.0115
1.0439
1.0811
1.04998
1.02157
1.04059
1.01742
1.02746
1.02901
1.0136
1.05733
1.05519
1.00481
1.00632
1.00824
1.03983
1.03039
1.02324
1.00574
1.01852
1.00619
1.04534
1.01539
1.01331
1.09798
1.00705
1.06538
1.09661
1.06752
1.03846
1.03297
1.05348
1.03155
1.02107
1.02253
1.00927
1.00295
1.01817
1.06973
1.0435
1.05706
1.06482
1.00487
1.09099
1.00637
1.05978
1.08632
1.02138
1.02276
1.01137
1.03086
1.00332
1.04199
1.02403
1.04855
1.10104
1.05214
1.04944
1.0561
1.02082
1.04139
1.02913
1.05659
1.03148
1.00617
1.02253
1.07255
1.08317
1.10587
1.01306
1.0468
1.04276
1.02918
1.03652
1.02771
1.01049
1.02254
1.02442
1.01553
1.07878
1.04453
1.0239
1.11141
1.01012
1.07686
1.00117
1.03533
1.01414
1.04814
1.04832
1.03891
1.0266
1.01752
1.04705
1.0488
1.03174
1.01114
1.10015
1.02805
1.01187
1.03346
1.07445
1.00525
1.03362
1.04002
1.01264
1.01176
1.07606
1.00662
1.00422
1.03769
1.04668
1.02434
1.04602
1.03515
1.03214
1.03368
1.00541
1.0333
1.03822
1.05981
1.06455
1.01681
1.00933
1.02995
1.01334
1.05549
1.02571
1.01363
1.04246
1.00309
1.02612
1.01974
1.02378
1.01384
1.05289
1.02118
1.42646
1.01921
1.00705
1.02589
1.04109
1.02212
1.00441
1.01864
1.02452
1.03285
1.01357
1.01875
1.05202
1.05957
1.02806
1.01431
1.0782
1.01306
1.06386
1.04355
1.03863
1.17122
1.02361
1.00047
1.03629
1.02502
1.02055
1.01689
1.06844
1.07078
1.02595
1.01124
1.03049
1.06886
1.01956
1.02095
1.03919
1.0319
1.13233
1.02043
1.07138
1.06949
1.0244
1.02922
1.01273
1.01842
1.01596
1.02666
1.02353
1.05684
1.02564
1.0424
1.00647
1.01479
1.05637
1.03572
1.04577
1.00628
1.00937
1.04108
1.00069
1.03768
1.03777
1.04346
1.00059
1.01671
1.03147
1.02509
1.02086
1.03883
1.01014
1.00035
1.00291
1.03247
1.0272
1.02986
1.00388
1.02397
1.034
1.04996
1.03127
1.01027
1.03728
1.03236
1.01981
1.03563
1.02783
1.08494
1.03492
1.02605
1.06285
1.00404
1.04674
1.10332
1.01131
1.0219
1.03596
1.03003
1.06323
1.02429
1.02184
1.02798
1.03269
1.00394
1.06685
1.03992
1.04896
1.05654
1.01674
1.02176
1.04267
1.02198
1.03321
1.10069
1.05498
1.07681
1.00972
1.09993
1.05274
1.02619
1.02326
1.03845
1.01298
1.01384
1.00473
1.07356
1.03003
1.00093
1.02527
1.0274
1.07507
1.00261
1.08275
1.0947
1.08947
1.03907
1.05104
1.00776
1.02005
1.02935
1.03253
1.03579
1.01236
1.0014
1.02248
1.00179
1.02385
1.02541
1.04794
1.01447
1.03516
1.04298
1.02341
1.02203
1.00175
1.05052
1.03379
1.02042
1.00938
1.00585
1.05155
1.09294
1.00179
1.02916
1.0513
1.02056
1.04658
1.01267
1.02462
1.05473
1.06396
1.03399
1.00374
1.06127
1.06172
1.03363
1.01327
1.03336
1.00861
1.03802
1.03515
1.0302
1.0431
1.00279
1.0083
1.05928
1.08565
1.0029
1.00032
1.07341
1.02697
1.05288
1.09832
1.02266
1.03081
1.02236
1.06945
1.00173
1.03317
1.06965
1.02916
1.04585
1.05888
1.01916
1.08823
1.01338
1.01591
1.04712
1.06914
1.0591
1.03782
1.00716
1.029
1.07406
1.01339
1.02387
1.05848
1.01079
1.01185
1.01442
1.02439
1.08692
1.02801
1.03521
1.0308
1.05251
1.02626
1.01691
1.00172
1.05154
1.02944
1.00187
1.01482
1.05851
1.03765
1.04709
1.04635
1.02686
1.03361
1.02517
1.07042
1.00525
1.00329
1.05428
1.04539
1.01889
1.15441
1.05402
1.03171
1.02161
1.02801
1.01957
1.03239
1.01989
1.02605
1.04704
1.06183
1.01981
1.04683
1.00412
1.03985
1.06082
1.04468
1.05176
1.04691
1.02823
1.00988
1.05127
1.01333
1.07999
1.02409
1.00966
1.02924
1.01178
1.05524
1.01247
1.01724
1.01306
1.00871
1.04911
1.04475
1.03768
1.03306
1.10374
1.02401
1.02575
1.01387
1.01718
1.01742
1.13025
1.04231
1.06311
1.0187
1.0711
1.04396
1.06199
1.01303
1.02227
1.29518
1.05136
1.00906
1.05097
1.04382
1.03009
1.05157
1.02102
1.10197
1.06272
1.0516
1.01229
1.01154
1.03747
1.04735
1.00756
1.08088
1.02064
1.02179
1.07126
1.04773
1.00252
1.01374
1.05117
1.02724
1.00218
1.02754
1.01477
1.05424
1.04574
1.00705
1.00413
1.02699
1.04036
1.06319
1.1205
1.02541
1.03486
1.07605
1.06835
1.02471
1.06525
1.00648
1.01427
1.00651
1.01949
1.04285
1.00343
1.02146
1.0649
1.04221
1.07636
1.03958
1.00944
1.10456
1.03784
1.03039
1.02629
1.24589
1.04968
1.04912
1.21993
1.04838
1.04229
1.00045
1.07833
1.08801
1.02288
1.04399
1.03421
1.06889
1.03719
1.04177
1.0578
1.00141
1.02528
1.05464
1.01608
1.03372
1.01016
1.02172
1.02945
1.065
1.02606
1.01465
1.02334
1.03032
1.0332
1.03062
1.06036
1.01535
1.03682
1.0615
1.028
1.00378
1.0819
1.22016
1.08888
