1.05776
1.07619
1.01925
1.04427
1.02429
1.01609
1.03201
1.05285
1.02471
1.0276
1.03761
1.0187
1.04765
1.05911
1.09848
1.08062
1.04899
1.03297
1.02877
1.0642
1.00562
1.1944
1.00303
1.00215
1.04234
1.04253
1.01117
1.06752
1.03323
1.07637
1.03178
1.06283
1.00624
1.01932
1.08339
1.01152
1.00323
1.01697
1.03072
1.03788
1.02443
1.02739
1.07564
1.02388
1.06925
1.0537
1
1.02591
1.03798
1.01469
1.01852
1.01704
1.00701
1.06505
1.01584
1.03842
1.00804
1.04028
1.01088
1.02581
1.00501
1.0184
1.02724
1.12186
1.0194
1.04643
1.0569
1.03157
1.02044
1.06709
1.00994
1.01624
1.03376
1.06299
1.00826
1.00994
1.05856
1.02448
1.07727
1.01282
1.0137
1.05745
1.01662
1.0489
1.01285
1.07155
1.01372
1.01578
1.0356
1.01234
1.06148
1.03074
1.00482
1.00217
1.07134
1.03728
1.00361
1.00968
1.04952
1.06071
1.05247
1.04338
1.02108
1.03808
1.08601
1.02691
1.02167
1.0449
1.06481
1.00905
1.03047
1.05369
1.01131
1.02407
1.05716
1.01706
1.05226
1.04197
1.02672
1.07563
1.01076
1.01339
1.01033
1.03
1.06466
1.07631
1.03628
1.0021
1.08041
1.06557
1.05396
1.01989
1.05085
1.03004
1.06272
1.02834
1.02199
1.03
1.02292
1.00131
1.02769
1.0405
1.02144
1.0307
1.05903
1.04872
1.00382
1.02552
1.08054
1.0252
1.03182
1.02289
1.00674
1.02292
1.02635
1.00896
1.10917
1.04551
1.05836
1.07505
1.04132
1.09375
1.04209
1.04855
1.07689
1.04841
1.02607
1.0612
1.02157
1.04561
1.03587
1.01177
1.04813
1.01752
1.05394
1.03173
1.07936
1.00583
1.05158
1.02995
1.05483
1.02874
1.03411
1.09924
1.01062
1.04097
1.00619
1.05413
1.05394
1.16996
1.04823
1.00231
1.03528
1.04852
1.01947
1.05597
1.07878
1.01283
1.06232
1.04544
1.03747
1.02671
1.02478
1.00896
1.03866
1.01302
1.03141
1.01291
1.0716
1.03106
1.04087
1.06202
1.03611
1.05441
1.05259
1.02111
1.02417
1.00651
1.00712
1.04464
1.10331
1.02045
1.01614
1.03546
1.04127
1.03311
1.01669
1.03227
1.05091
1.08136
1.02511
1.02329
1.04455
1.03136
1.0234
1.02301
1.05315
1.01948
1.05552
1.10892
1.00199
1.06228
1.09492
1.04493
1.02283
1.01896
1.0437
1.01089
1.02277
1.02849
1.02592
1.03622
1.09362
1.02688
1.02335
1.07997
1.02847
1.01843
1.0325
1.06011
1.06527
1.05261
1.02277
1.0815
1.01852
1.00634
1.014
1.04002
1.04395
1.01416
1.01713
1.00872
1.07654
1.0127
1.03059
1.06184
1.05275
1.00491
1.00353
1.03417
1.03606
1.02629
1.00567
1.06686
1.00649
1.05099
1.04922
1.03473
1.03001
1.03012
1.029
1.04139
1.02863
1.00769
1.05527
1.02685
1.02678
1.04014
1.08491
1.0051
1.05257
1.03255
1.03495
1.03734
1.02971
1.02534
1.03377
1.01183
1.01801
1.02449
1.0341
1.01309
1.09433
1.04381
1.02543
1.08007
1.0748
1.02917
1.04916
1.02095
1.07829
1.03605
1.04096
1.03876
1.07673
1.01805
1.0105
1.03236
1.02686
1.01302
1.00028
1.00275
1.01644
1.02021
1.03877
1.05922
1.03462
1.04258
1.04667
1.01996
1.06588
1.03433
1.01709
1.01446
1.02869
1.01131
1.0246
1.04404
1.06581
1.00982
1.08806
1.02008
1.02127
1.04478
1.04104
1.00959
1.0359
1.01813
1.15056
1.02452
1.01804
1.03748
1.06827
1.03234
1.04011
1.00408
1.01652
1.0313
1.02767
1.01829
1.02493
1.04285
1.02848
1.04322
1.11913
1.0074
1.0688
1.03326
1.00681
1.0465
1.03635
1.03122
1.05306
1.02173
1.01528
1.00115
1.07804
1.03556
1.02604
1.02748
1.00065
1.00259
1.07772
1.05975
1.01596
1.01532
1.04525
1.01443
1.01861
1.0259
1.05988
1.06109
1.02024
1.02065
1.06501
1.0515
1.03023
1.02603
1.05439
1.04639
1.05526
1.01934
1.02882
1.19146
1.05008
1.03289
1.05508
1.01699
1.04754
1.01708
1.04109
1.02119
1.04488
1.06501
1.02704
1.05043
1.02615
1.00829
1.03873
1.08134
1.04875
1.053
1.02583
1.06722
1.03865
1.06924
1.04375
1.02643
1.00792
1.00586
1.06029
1.12195
1.09075
1.03967
1.03041
1.00241
1.00497
1.00193
1.00751
1.01158
1.03576
1.10228
1.09506
1.01592
1.04541
1.07133
1.0266
1.01399
1.00989
1.07856
1.05354
1.00718
1.00735
1.13479
1.0222
1.01826
1.0188
1.09192
1.0176
1.04198
1.08644
1.04578
1.03646
1.05842
1.02304
1.11956
1.05392
1.03002
1.01883
1.03622
1.05481
1.00384
1.03429
1.01783
1.02592
1.07716
1.01074
1.04158
1.07443
1.07646
1.01396
1.06094
1.04173
1.01569
1.05015
1.02957
1.04704
1.0646
1.04857
1.02521
1.02666
1.04318
1.04502
1.00904
1.05137
1.01586
1.01768
1.05491
1.01875
1.03872
1.02102
1.12426
1.0456
1.00403
1.02229
1.01933
1.02879
1.117
1.03635
1.10651
1.04516
1.04616
1.02778
1.02805
1.01581
1.0289
1.01227
1.03049
1.10609
1.06792
1.09668
1.02024
1.05915
1.05391
1.02916
1.03485
1.06169
1.03204
1.0031
1.17829
1.05002
1.03669
1.05412
1.02626
1.02699
1.00232
1.02455
1.02219
1.00451
1.02015
1.05508
1.03922
1.03353
1.06544
1.01977
1.0355
1.06181
1.00988
1.06436
1.00356
1.03785
1.03017
1.02233
1.07042
1.04152
1.05693
1.04766
1.06039
1.0091
1.02899
1.01994
1.04741
1.07957
1.056
1.01434
1.04231
1.03905
1.08424
1.07505
1.02451
1.00902
1.03567
1.01361
1.0243
1.06671
1.04025
1.06415
1.03355
1.03931
1.01868
1.07105
1.03984
1.05881
1.01426
1.00474
1.05214
1.06792
1.05465
1.09329
1.05305
1.00964
1.00187
1.04609
1.03713
1.0283
1.11345
1.02469
1.04294
1.02971
1.04106
1.01283
1.08454
1.00131
1.03119
1.02864
1.03629
1.07467
1.03968
1.05433
1.01252
1.04751
1.00704
1.12143
1.0674
1.00613
1.04006
1.00619
1.01237
1.0017
1.05135
1.03484
1.014
1.01229
1.00874
1.04532
1.00927
1.01432
1.01959
1.0396
1.00834
1.04601
1.00492
1.00453
1.02728
1.04807
1.00342
1.01312
1.00205
1.02946
1.00125
1.04905
1.01659
1.00678
1.0452
1.01493
1.03745
1.00579
1.01841
1.01619
1.01358
1.0506
1.06136
1.05338
1.0756
1.03401
1.01307
1.00588
1.02911
1.02872
1.01434
1.04493
1.03021
1.0019
1.01443
1.05093
1.02116
1.04513
1.03515
1.01799
1.03733
1.0556
1.0404
1.01376
1.02921
1.06137
1.05884
1.06789
1.02773
1.01962
1.02486
1.00666
1.03525
1.01548
1.07824
1.00783
1.0029
1.0304
1.04687
1.05783
1.02948
1.02055
1.08038
1.07808
1.00621
1.02173
1.03744
1.04894
1.01375
1.01644
1.03588
1.00228
1.0274
1.00733
1.0506
1.04562
1.02422
1.07695
1.04488
1.03366
1.03367
1.01259
1.03721
1.01436
1.00207
1.00232
1.03496
1.02535
1.01423
1.03305
1.04279
1.0456
1.04562
1.06445
1.02574
1.0658
1.00612
1.09544
1.03235
1.02555
1.04707
1.03193
1.00807
1.05692
1.03191
1.03121
1.01936
1.03794
1.06712
1.03297
1.03527
1.00735
1.01373
1.00601
1.03473
1.08688
1.02076
1.02846
1.05309
1.01956
1.05678
1.07391
1.04721
1.02633
1.06974
1.01504
1.0097
1.02473
1.11042
1.02752
1.03091
1.02353
1.03526
1.01951
1.06618
1.00652
1.01673
1.03906
1.03899
1.05221
1.00236
1.02362
1.06148
1.01679
1.01608
1.03219
1.1021
1.04975
1.05503
1.0279
1.03025
1.0137
1.045
1.05737
1.03391
1.05191
1.03781
1.06202
1.03038
1.15306
1.06469
1.0098
1.01828
1.00909
1.03256
1.02495
1.02296
1.0216
1.01418
1.03255
1.01478
1.04541
1.05815
1.02909
1.01808
1.03374
1.04313
1.04206
1.02995
1.02183
1.00933
1.02961
1.03552
1.05148
1.01006
1.02489
1.0088
1.0243
1.13579
1.02882
1.05005
1.07592
1.03772
1.01472
1.03321
1.02187
1.0255
1.01146
1.0172
1.0371
1.05277
1.05062
1.02381
1.02306
1.02073
1.00969
1.01094
1.00878
1.05368
1.07031
1.03417
1.01726
1.00068
1.07607
1.03614
1.04236
1.08701
1.04965
1.05067
1.02801
1.03312
1.00214
1.1
1.04286
1.00007
1.00949
1.00541
1.04699
1.06117
1.01315
1.05149
1.02337
1.04988
1.02128
1.0301
1.01775
1.02771
1.06841
1.03795
1.02162
1.00899
1.02375
1.04994
1.05191
1.01604
1.00109
1.00863
1.0409
1.01971
1.08751
1.02303
1.00826
1.03054
1.02871
1.02806
1.02647
1.00069
1.03795
1.02724
1.05543
1.01344
1.04631
1.0808
1.12348
1.0379
1.02631
1.05832
1.0789
1.01297
1.03293
1.11562
1.07935
1.0703
1.01117
1.01244
1.00053
1.03353
1.05963
1.01983
1.01154
1.02215
1.01343
1.02805
1.03223
1.016
1.02104
1.0054
1.02422
1.01414
1.01261
1.0463
1.01143
1.0278
1.01034
1.04657
1.08736
1.04161
1.06855
1.00402
1.0079
1.05606
1.03178
1.0447
1.02244
1.05017
1.03977
1.01283
1.0631
1.00965
1.01331
1.01567
1.0687
1.01644
1.01437
1.05398
1.04416
1.01472
1.02997
1.00367
1.04518
1.05042
1.04894
1.02585
1.02675
1.03078
1.01095
1.04135
1.0648
1.03344
1.05286
1.06131
1.02936
1.0016
1.03656
1.067
1.06625
1.02484
1.08529
1.04604
1.0351
1.02949
1.04247
1.04736
1.03776
1.0189
1.01419
1.0071
1.0145
1.05079
1.01961
1.01541
1.0725
1.1142
1.01949
1.0061
1.0143
1.05963
1.01065
1.06178
1.08274
1.02471
