1.04687
1.02828
1.02786
1.04711
1.02726
1.00974
1.03395
1.03143
1.02378
1.02502
1.05154
1.00074
1.07293
1.02624
1.02047
1.01181
1.06658
1.0518
1.03304
1.01664
1.01367
1.05085
1.0157
1.03471
1.04504
1.0241
1.01187
1.01874
1.00837
1.01475
1.01885
1.07702
1.04324
1.00764
1.04882
1.04157
1.04407
1.04376
1.00111
1.05048
1.06114
1.04588
1.01745
1.00429
1.02628
1.0425
1.02718
1.07091
1.05891
1.06918
1.06151
1.03004
1.0375
1.04417
1.03594
1.05054
1.09282
1.04655
1.00265
1.04066
1.07123
1.0369
1.00853
1.02433
1.00959
1.02101
1.01936
1.08164
1.02174
1.01207
1.02132
1.04848
1.01426
1.03072
1.04018
1.02521
1.01827
1.05729
1.03369
1.03869
1.01643
1.03999
1.11163
1.0193
1.06517
1.02356
1.03177
1.12548
1.04424
1.05567
1.01469
1.03044
1.06226
1.00111
1.05582
1.02343
1.06271
1.0219
1.00662
1.01536
1.01322
1.01301
1.03821
1.03603
1.03666
1.06482
1.02368
1.03911
1.01221
1.02786
1.06454
1.00798
1.09411
1.11522
1.05172
1.08969
1.02824
1.12864
1.02066
1.03232
1.01735
1.1062
1.06259
1.03877
1.01394
1.02171
1.00822
1.03071
1.03408
1.04365
1.00176
1.01914
1.03741
1.06008
1.05916
1.00766
1.01732
1.052
1.03302
1.06887
1.01016
1.07409
1.04737
1.03449
1.0231
1.02789
1.00686
1.00887
1.05925
1.00915
1.00161
1.04053
1.00354
1.05079
1.03534
1.04396
1.05756
1.02243
1.00718
1.04817
1.03295
1.03107
1.00484
1.02648
1.00274
1.0081
1.01915
1.0155
1.0248
1.00386
1.06384
1.04576
1.02554
1.04313
1.04143
1.05857
1.0407
1.01855
1.03002
1.02736
1.01775
1.03465
1.04876
1.0619
1.00127
1.03625
1.03757
1.06429
1.07268
1.04749
1.07814
1.04998
1.07721
1.01801
1.08547
1.00837
1.08762
1.04276
1.00473
1.02989
1.01804
1.01524
1.07439
1.00471
1.01035
1.0289
1.01551
1.08982
1.00803
1.02106
1.03523
1.05921
1.03426
1.05374
1.01717
1.05263
1.03591
1.01468
1.04618
1.03745
1.04192
1.02288
1.03137
1.00358
1.01978
1.02022
1.01661
1.04474
1.05732
1.00481
1.0261
1.04301
1.02245
1.0303
1.02575
1.0148
1.07376
1.08757
1.01081
1.03168
1.047
1.01183
1.03431
1.0393
1.02707
1.02908
1.05017
1.03603
1.07366
1.01747
1.01262
1.03164
1.03922
1.06789
1.01988
1.02754
1.03241
1.06584
1.02292
1.01812
1.10833
1.03832
1.04272
1.07342
1.01609
1.00934
1.01213
1.02798
1.05081
1.05047
1.06082
1.03899
1.04595
1.10007
1.04827
1.00259
1.04883
1.03733
1.04623
1.02082
1.0945
1.002
1.06043
1.02218
1.02217
1.02811
1.00625
1.0393
1.0527
1.13949
1.04204
1.08302
1.00116
1.03994
1.0369
1.03757
1.04064
1.02785
1.08654
1.08885
1.04741
1.03692
1.03769
1.03099
1.04224
1.06482
1.04171
1.05375
1.02929
1.01738
1.05127
1.02798
1.01031
1.04769
1.00331
1.02789
1.03029
1.05375
1.03079
1.043
1.07274
1.06262
1.04322
1.03038
1.04875
1.0356
1.02989
1.02838
1.0191
1.02624
1.03331
1.03862
1.03959
1.05659
1.02127
1.01933
1.05195
1.08461
1.04781
1.01553
1.05393
1.02345
1.04524
1.03438
1.03317
1.07292
1.0226
1.03185
1.07412
1.0169
1.00811
1.04237
1.01036
1.04603
1.03116
1.0157
1.00402
1.07217
1.05045
1.03077
1.05239
1.05226
1.03385
1.01031
1.05543
1.03822
1.02905
1.03042
1.03025
1.03237
1.0315
1.05192
1.04391
1.01176
1.01933
1.0491
1.04608
1.01639
1.04165
1.02507
1.0252
1.00111
1.06663
1.04391
1.04585
1.01338
1.02353
1.04004
1.02917
1.05967
1.0034
1.00802
1.02556
1.01531
1.02753
1.07477
1.0259
1.03561
1.0306
1.04469
1.02694
1.0106
1.05484
1.02782
1.08126
1.05219
1.06285
1.05903
1.05526
1.0712
1.03086
1.00421
1.01573
1.02998
1.01226
1.01495
1.03528
1.02687
1.02451
1.15382
1.00163
1.0149
1.00507
1.03769
1.02337
1.02579
1.0559
1.04318
1.02282
1.02898
1.01395
1.01674
1.0521
1.02481
1.03882
1.02697
1.00766
1.03992
1.02956
1.00749
1.02176
1.04128
1.01843
1.0426
1.04776
1.01599
1.04274
1.03559
1.04625
1.00378
1.03496
1.01225
1.00476
1.04826
1.0142
1.02542
1.01232
1.00768
1.01663
1.04777
1.07341
1.05277
1.02824
1.02854
1.05075
1.0534
1.05837
1.04077
1.0262
1.06766
1.06128
1.01317
1.02768
1.03284
1.00997
1.01917
1.02193
1.00559
1.02722
1.0747
1.10892
1.0084
1.08985
1.06497
1.03376
1.06619
1.00303
1.01925
1.07429
1.04754
1.0106
1.05441
1.07523
1.0801
1.04166
1.00147
1.02147
1.05136
1.0461
1.14292
1.02175
1.02051
1.04261
1.03551
1.01582
1.05199
1.05311
1.01847
1.05083
1.03014
1.0057
1.02437
1.07736
1.06435
1.02322
1.0153
1.03085
1.01933
1.01895
1.00791
1.04007
1.05047
1.01704
1.00342
1.02486
1.05009
1.07415
1.05378
1.04223
1.06972
1.06114
1.02532
1.05726
1.04127
1.04515
1.01077
1.01321
1.04661
1.11434
1.04738
1.02313
1.02735
1.07532
1.02408
1.03146
1.03204
1.03013
1.02936
1.04992
1.00388
1.04177
1.08203
1.04367
1.02055
1.05002
1.03968
1.08137
1.02219
1.08349
1.06902
1.04573
1.04595
1.02907
1.0444
1.02791
1.11036
1.01777
1.0136
1.01318
1.01023
1.00177
1.04574
1.04217
1.06467
1.0217
1.02505
1.02205
1.03796
1.04668
1.01078
1.02049
1.05046
1.00683
1.07392
1.00177
1.07884
1.01518
1.04213
1.10302
1.02644
1.00382
1.02467
1.0084
1.03458
1.07428
1.06148
1.028
1.02355
1.08425
1.03665
1.03003
1.08362
1.08135
1.05678
1.01914
1.05946
1.03783
1.04075
1.01228
1.03995
1.02306
1.02695
1.03824
1.02971
1.02267
1.04505
1.0336
1.04046
1.02955
1.06717
1.04916
1.02644
1.02225
1.01967
1.04794
1.01621
1.06571
1.08027
1.03001
1.12146
1.02836
1.09504
1.03362
1.06279
1.01759
1.05315
1.04671
1.0289
1.03155
1.08665
1.0232
1.04424
1.09706
1.00254
1.05416
1.08068
1.00041
1.0707
1.03058
1.02479
1.02767
1.01642
1.06605
1.0109
1.01853
1.03193
1.01182
1.01391
1.04306
1.01907
1.02103
1.009
1.05117
1.03334
1.017
1.01811
1.04942
1.04251
1.01864
1.03674
1.08706
1.05033
1.05013
1.14862
1.04408
1.06259
1.04149
1.01626
1.02187
1.01905
1.03094
1.02642
1.04624
1.04275
1.00524
1.07397
1.02535
1.01719
1.02916
1.02643
1.02222
1.06645
1.03132
1.02881
1.00539
1.02447
1.01854
1.05741
1.13184
1.06662
1.02724
1.04317
1.04311
1.04633
1.05272
1.0114
1.04032
1.04394
1.0792
1.02484
1.06313
1.02254
1.01405
1.02249
1.0369
1.08562
1.03511
1.03146
1.02932
1.04934
1.00789
1.01458
1.02222
1.03406
1.00487
1.02329
1.01992
1.03199
1.02576
1.03703
1.0444
1.00804
1.04119
1.03502
1.0413
1.02798
1.02856
1.05399
1.03728
1.01313
1.03969
1.02022
1.07367
1.00972
1.05135
1.01335
1.07837
1.01944
1.0001
1.02311
1.07186
1.06836
1.02788
1.05899
1.04792
1.02456
1.04251
1.03142
1.00506
1.06447
1.0652
1.01099
1.02334
1.0261
1.00806
1.04866
1.03303
1.06658
1.01981
1.05289
1.02185
1.05401
1.03002
1.0446
1.03731
1.03939
1.03073
1.04256
1.07005
1.02522
1.02066
1.02259
1.08078
1.05035
1.02598
1.04928
1.0263
1.03874
1.0596
1.05079
1.03831
1.0754
1.0139
1.00217
1.02469
1.01629
1.0245
1.04313
1.00036
1.02002
1.07925
1.06474
1.03406
1.00377
1.05719
1.04666
1.00756
1.04377
1.01631
1.11994
1.04232
1.04907
1.01629
1.02628
1.04063
1.01335
1.05558
1.04482
1.02482
1.01089
1.00823
1.01173
1.0834
1.02433
1.06786
1.01222
1.03712
1.01566
1.01744
1.00189
1.00639
1.05327
1.07791
1.02697
1.08787
1.02306
1.00025
1.02616
1.08202
1.0142
1.00641
1.0288
1.02295
1.00464
1.00218
1.02627
1.02197
1.05924
1.02107
1.04336
1.03689
1.00504
1.08585
1.02211
1.01627
1.00476
1.01226
1.02824
1.00989
1.03364
1.02148
1.00663
1.01597
1.0505
1.04219
1.07169
1.04175
1.03613
1.101
1.00133
1.03968
1.02518
1.05974
1.02462
1.01117
1.06584
1.02336
1.0203
1.02254
1.01765
1.00127
1.03682
1.06117
1.01483
1.10683
1.02567
1.0515
1.03436
1.00228
1.0559
1.08746
1.08743
1.00372
1.02936
1.0653
1.01874
1.02269
1.05988
1.00892
1.05285
1.02318
1.03631
1.02268
1.00085
1.01016
1.01177
1.02361
1.00189
1.03199
1.00264
1.04218
1.02166
1.09302
1.04726
1.08066
1.02002
1.02695
1.02661
1.01449
1.01378
1.01624
1.04327
1.03211
1.03155
1.0451
1.04055
1.0694
1.06319
1.03899
1.00624
1.03242
1.10506
1.00764
1.01703
1.03185
1.01996
1.02534
1.02175
1.01332
1.0621
1.00043
1.04267
1.04173
1.01792
1.0394
1.06071
1.02081
1.03808
1.01703
1.03356
1.04533
1.01088
1.06042
1.02204
1.03322
1.03101
1.0527
1.03229
1.0362
1.09887
1.01133
1.03528
1.11416
1.02215
1.03835
1.01174
1.02974
1.01889
1.06147
1.02371
1.00418
1.0126
1.06903
1.0145
1.005
1.01339
1.04041
1.01657
1.04387
1.05441
1.03548
1.05065
1.02585
1.03215
1.02636
1.03016
1.02658
1.03995
1.03904
1.04481
1.0505
1.056
1.05313
1.05196
1.05367
1.01891
1.02441
1.1409
1.02621
1.05798
