1.01397
1.03704
1.09959
1.01474
1.00259
1.07635
1.04219
1.03739
1.03494
1.00574
1.05736
1.01177
1.06009
1.01114
1.04695
1.03052
1.00781
1.06204
1.05317
1.02315
1.06115
1.08177
1.1191
1.06718
1.00809
1.03605
1.03951
1.01913
1.03462
1.05274
1.08622
1.04564
1.10399
1.02026
1.03949
1.01925
1.02262
1.02625
1.07945
1.03811
1.02389
1.03224
1.01183
1.01555
1.04429
1.02436
1.03349
1.04704
1.01689
1.01759
1.03982
1.00999
1.06088
1.0585
1.0226
1.00515
1.04178
1.02367
1.12337
1.06337
1.02942
1.00477
1.12545
1.10345
1.01247
1.01297
1.00256
1.00437
1.03891
1.06882
1.0369
1.02025
1.0441
1.075
1.04653
1.02047
1.08148
1.03466
1.04152
1.04041
1.04241
1.0376
1.02738
1.04801
1.05256
1.01914
1.02388
1.04159
1.04544
1.05052
1.03988
1.00542
1.01432
1.03864
1.02258
1.03479
1.06046
1.01414
1.03969
1.0392
1.0224
1.03976
1.11987
1.11325
1.03761
1.02356
1.06439
1.0814
1.13428
1.03106
1.00748
1.03219
1.02495
1.00085
1.0198
1.02149
1.01467
1.07138
1.05196
1.0296
1.02278
1.09945
1.01482
1.04841
1.04008
1.00749
1.01896
1.04609
1.03048
1.03043
1.05049
1.03488
1.01479
1.01275
1.03139
1.04962
1.07269
1.03165
1.04115
1.07829
1.01356
1.01518
1.05132
1.01245
1.00763
1.02775
1.0439
1.0469
1.00851
1.03411
1.00182
1.03681
1.0094
1.06571
1.09889
1.01422
1.00304
1.03259
1.02124
1.02481
1.00254
1.04122
1.07411
1.02704
1.04168
1.01663
1.02559
1.01299
1.0163
1.04407
1.09255
1.01241
1.01201
1.05345
1.02925
1.01665
1.02984
1.00583
1.06287
1.09145
1.05296
1.04001
1.03176
1.034
1.00624
1.03254
1.02777
1.02244
1.0441
1.00827
1.01951
1.04011
1.02749
1.05211
1.05839
1.02012
1.06818
1.0029
1.01178
1.03552
1.0386
1.00444
1.01554
1.01836
1.02621
1.04976
1.01695
1.03677
1.04728
1.06431
1.01267
1.02568
1.05431
1.01806
1.00669
1.0464
1.0601
1.00866
1.03692
1.05064
1.01485
1.04987
1.04435
1.04222
1.06153
1.03459
1.01222
1.05832
1
1.03402
1.01892
1.04167
1.04515
1.00586
1.02206
1.05323
1.09017
1.00836
1.01413
1.04366
1.04064
1.03496
1.03386
1.05902
1.02808
1.03804
1.01863
1.00499
1.00646
1.02271
1.02918
1.00614
1.02828
1.01293
1.00901
1.02157
1.02353
1.04401
1.02961
1.08342
1.02932
1.01621
1.01204
1.00969
1.05977
1.03984
1.05001
1.03175
1.02322
1.0228
1.0232
1.02428
1.01162
1.01933
1.03457
1.00789
1.06899
1.07548
1.02374
1.03323
1.03011
1.02667
1
1.0128
1.02909
1.03636
1.06018
1.01929
1.01995
1.05427
1.03589
1.0522
1.00259
1.07832
1.03918
1.00246
1.08883
1.01238
1.01596
1.05019
1.03377
1.01453
1.06542
1.01344
1.01411
1.00658
1.07212
1.02204
1.09439
1.04063
1.041
1.03821
1.05272
1.00883
1.00842
1.04007
1.04971
1.03493
1.03143
1.0687
1.06275
1.01174
1.026
1.07206
1.05802
1.06199
1.00665
1.04494
1.03928
1.02289
1.12228
1.03087
1.06987
1.03328
1.0841
1.04538
1.00981
1.03745
1.02749
1.02803
1.10125
1.05913
1.07661
1.08808
1.04453
1.08516
1.04641
1.09164
1.0499
1.00876
1.033
1.06305
1.02258
1.01983
1.01026
1.031
1.01295
1.02136
1.01447
1.01091
1.00978
1.01318
1.06455
1.05068
1.02987
1.01903
1.03357
1.06363
1.04002
1.02543
1.04031
1.05146
1.00537
1.00484
1.1134
1.08959
1.01584
1.0399
1.01001
1.01536
1.06798
1.05561
1.06391
1.0133
1.00243
1.02641
1.01365
1.07509
1.07066
1.06603
1.01636
1.01449
1.04724
1.04395
1.04479
1.01281
1.0413
1.03285
1.05494
1.03244
1.01329
1.15039
1.06812
1.02037
1.0375
1.06819
1.02079
1.04622
1.0381
1.01505
1.04624
1.0254
1.06606
1.01647
1.02612
1.04053
1.04382
1.02605
1.01817
1.02264
1.03871
1.01666
1.02616
1.04932
1.07961
1.01824
1.03768
1.02995
1.05495
1.06527
1.01631
1.04435
1.05107
1.01137
1.0259
1.00044
1.04792
1.04428
1.01254
1.08441
1.04306
1.03255
1.01238
1.03983
1.05708
1.0238
1.03157
1.01179
1.01403
1.05909
1.0644
1.03189
1.06104
1.02629
1.07505
1.02533
1.0216
1.01768
1.01903
1.04623
1.01245
1.08786
1.05222
1.01471
1.03022
1.04922
1.06427
1.0537
1.0426
1.03534
1.02455
1.10139
1.02658
1.00615
1.02468
1.03963
1.0027
1.05091
1.00536
1.02172
1.0721
1.00829
1.0398
1.04363
1.01641
1.01069
1.03151
1.05156
1.04074
1.0796
1.02607
1.00262
1.01142
1.04057
1.03257
1.04757
1.08108
1.01651
1.04646
1.09042
1.06804
1.02468
1.00999
1.0069
1.01782
1.01504
1.0458
1.02662
1.03326
1.02288
1.00535
1.0614
1.03309
1.07084
1.03696
1.04114
1.05053
1.01295
1.02334
1.02872
1.01647
1.03364
1.02278
1.01387
1.00916
1.05161
1.08893
1.05331
1.01103
1.03088
1.10524
1.06838
1.05797
1.07259
1.07399
1.03581
1.03396
1.02673
1.03139
1.01144
1.02541
1.03798
1.02612
1.01715
1.04493
1.03021
1.02745
1.02913
1.05765
1.03067
1.02139
1.02834
1.01629
1.04351
1.01657
1.03624
1.10514
1.057
1.03294
1.01993
1.03167
1.05929
1.04143
1.01789
1.07768
1.04089
1.09073
1.03406
1.03858
1.06811
1.03457
1.059
1.0109
1.06525
1.06804
1.00958
1.03938
1.0364
1.04063
1.01671
1.0499
1.01269
1.02042
1.03015
1.02057
1.06131
1.01048
1.00091
1.01071
1.01233
1.03175
1.04772
1.02334
1.06709
1.07006
1.05237
1.18048
1.09434
1.01112
1.01222
1.03423
1.02038
1.02733
1.00277
1.04773
1.01749
1.01392
1.01641
1.04364
1.00386
1.02137
1.049
1.06643
1.02311
1.02738
1.03586
1.02817
1.02405
1.01196
1.02803
1.03165
1.07091
1.02446
1.02195
1.05614
1.03673
1.04246
1.04058
1.02514
1.078
1.01226
1.00443
1.04584
1.05745
1.01761
1.05243
1.01232
1.00596
1.02599
1.07666
1.0068
1.01157
1.05128
1.0235
1.02441
1.03435
1.02151
1.06546
1.03074
1.04558
1.05054
1.0338
1.03046
1.06797
1.10234
1.10765
1.11445
1.06253
1.0154
1.05245
1.03379
1.04979
1.01277
1.02708
1.02691
1.03592
1.04335
1.03858
1.02791
1.03582
1.04784
1.06287
1.0126
1.10702
1.04457
1.00932
1.03552
1.0173
1.024
1.06056
1.00163
1.03268
1.03081
1.02343
1.05922
1.09897
1.02721
1.01689
1.09935
1.03398
1.07587
1.04661
1.02387
1.01463
1.01667
1.02124
1.00044
1.04988
1.00869
1.05879
1.03683
1.0507
1.02942
1.04783
1.01085
1.02177
1.03672
1.07188
1.04008
1.06003
1.04318
1.05348
1.00784
1.00361
1.04091
1.07728
1.07896
1.02486
1.04683
1.01763
1.00261
1.03038
1.00216
1.08893
1.00988
1.01893
1.01886
1.03369
1.03706
1.05401
1.07894
1.03323
1.01808
1.02013
1.0631
1.00524
1.03963
1.08862
1.0252
1.07227
1.06603
1.03548
1.03072
1.00006
1.02461
1.02285
1.00617
1.0299
1.01501
1.02716
1.02382
1.00422
1.01268
1.01243
1.01855
1.02957
1.07024
1.05226
1.04686
1.05014
1.0225
1.08925
1.05523
1.05495
1.02624
1.03608
1.04425
1.02909
1.06955
1.00501
1.02319
1.03814
1.06218
1.03502
1.03981
1.00061
1.03179
1.06362
1.04972
1.04185
1.0064
1.01008
1.029
1.04272
1.00371
1.02432
1.01729
1.03521
1.02077
1.02769
1.02109
1.0397
1.0349
1.03992
1.03019
1.01871
1.03187
1.04176
1.02751
1.05673
1.01652
1.08141
1.04354
1.05073
1.01398
1.01361
1.01162
1.03
1.0343
1.02636
1.00941
1.01363
1.0312
1.08926
1.00251
1.0224
1.06603
1.06174
1.02682
1.07171
1.04185
1.08004
1.11798
1.021
1.04922
1.02954
1.01341
1.0355
1.04982
1.02752
1.00463
1.04608
1.06481
1.04229
1.04492
1.08895
1.01595
1.03147
1.00335
1.06151
1.05882
1.04995
1.01667
1.04214
1.06305
1.03877
1.01931
1.03307
1.00092
1.03528
1.03386
1.02483
1.02144
1.043
1.01647
1.0473
1.04648
1.03362
1.05759
1.03903
1.05661
1.0404
1.01187
1.06593
1.03252
1.03533
1.02878
1.01171
1.01462
1.04807
1.05391
1.02457
1.02177
1.07684
1.03783
1.02737
1.04516
1.03396
1.06148
1.06879
1.02733
1.023
1.01447
1.0636
1.03908
1.03927
1.04784
1.03766
1.02881
1.04503
1.07744
1.03066
1.01803
1.042
1.04736
1.05295
1.10493
1.02288
1.02337
1.0241
1.01478
1.09091
1.04832
1.04281
1.02542
1.04249
1.14783
1.02067
1.1069
1.0613
1.05493
1.05362
1.02469
1.01388
1.0532
1.04608
1.02282
1.02486
1.02377
1.03562
1.03287
1.05441
1.02677
1.02561
1.0314
1.08672
1.05071
1.02887
1.04448
1.0596
1.04131
1.02798
1.00451
1.01081
1.03273
1.04777
1.0593
1.00478
1.0525
1.02344
1.01956
1.05231
1.02615
1.04353
1.0732
1.01799
1.04413
1.00732
1.00693
1.04843
1.01731
1.12903
1.10034
1.02792
1.00806
1.00758
1.00281
1.01156
1.05847
1.04769
1.03539
1.10508
1.01293
1.0386
1.02748
1.08528
1.04849
1.01177
1.0497
1.04089
1.04129
1.02555
1.04891
1.00732
1.07134
1.03671
1.02376
1.07571
1.11691
1.01211
1.07718
1.02552
1.01225
1.01229
1.05931
1.03537
1.06519
1.02463
1.0077
1.02677
1.01715
1.00903
1.07495
1.03596
1.02209
1.03746
1.04016
1.05759
1.04136
