1.02499
1.03113
1.06665
1.06645
1.01013
1.06734
1.02601
1.00693
1.02292
1.02406
1.02491
1.032
1.00863
1.0034
1.00239
1.07194
1.02326
1.06104
1.01238
1.01293
1.00701
1.03435
1.03184
1.01975
1.01684
1.04296
1.03496
1.03002
1.00466
1.03253
1.04884
1.04412
1.00664
1.05124
1.04683
1.04341
1.03888
1.04439
1.04446
1.04616
1.05588
1.01715
1.05144
1.18624
1.03691
1.05987
1.01869
1.03717
1.02704
1.04171
1.01426
1.00022
1.04135
1.01593
1.02321
1.16016
1.01592
1.04456
1.04482
1.00989
1.01695
1.02311
1.01184
1.01145
1.04218
1.04838
1.0122
1.03182
1.04576
1.0519
1.00925
1.02848
1.06392
1.04935
1.0213
1.03249
1.01548
1.01655
1.07175
1.06477
1.03334
1.06056
1.0576
1.04521
1.05667
1.0165
1.03805
1.04292
1.07404
1.12663
1.04431
1.04543
1.01551
1.02199
1.02443
1.06024
1.02354
1.03705
1.00003
1.05354
1.02671
1.03405
1.05156
1.05827
1.03062
1.06609
1.04968
1.04006
1.0608
1.00081
1.05808
1.07142
1.05458
1.03743
1.04796
1.10447
1.01537
1.00994
1.02826
1.01598
1.06395
1.05321
1.05197
1.03266
1.02319
1.06911
1.03466
1.00568
1.0427
1.02634
1.01649
1.0358
1.03745
1.03342
1.00402
1.05856
1.02549
1.02694
1.02822
1.01461
1.03627
1.01249
1.04331
1.00313
1.03733
1.01472
1.11378
1.008
1.02616
1.0113
1.05317
1.00246
1.06036
1.00946
1.03984
1.04405
1.00555
1.02218
1.04948
1.00995
1.0358
1.03436
1.01556
1.04051
1.02964
1.02364
1.02148
1.01674
1.04139
1.03734
1.00452
1.10141
1.04891
1.05342
1.01974
1.0465
1.03753
1.0125
1.03493
1.03229
1.00516
1.01771
1.03129
1.03356
1.04697
1.01226
1.0635
1.08248
1.02724
1.03294
1.02851
1.04935
1.04798
1.04575
1.05209
1.05794
1.02334
1.02798
1.0503
1.06309
1.04195
1.0524
1.02598
1.02652
1.00771
1.05047
1.03956
1.0039
1.01877
1.03029
1.03022
1.04046
1.03921
1.00898
1.03189
1.03527
1.06276
1.01471
1.00289
1.04671
1.04065
1.01822
1.02063
1.02267
1.07894
1.02968
1.01224
1.04469
1.03091
1.12325
1.01741
1.03981
1.04019
1.08988
1.07472
1.0144
1.00845
1.03175
1.03431
1.01718
1.10471
1.04856
1.03595
1.03365
1.00247
1.06708
1.02089
1.01415
1.01316
1.02129
1.00279
1.02051
1.01335
1.01589
1.05157
1.01752
1.02977
1.00279
1.04892
1.02391
1.00597
1.02042
1.02032
1.04218
1.05756
1.03387
1.06079
1.0406
1.01999
1.02037
1.04679
1.03567
1.02759
1.10957
1.02727
1.05159
1.02995
1.01255
1.04316
1.06608
1.0278
1.07639
1.04696
1.00811
1.04817
1.00857
1.02995
1.02443
1.02477
1.02639
1.00898
1.04318
1.0469
1.08875
1.05334
1.04154
1.03262
1.05265
1.03163
1.06331
1.02337
1.04525
1.02245
1.07597
1.03584
1
1.00688
1.03462
1.07149
1.03738
1.07211
1.01909
1.03843
1.04536
1.02029
1.00111
1.0196
1.02987
1.04265
1.04115
1.01945
1.0105
1.04802
1.00339
1.0141
1.0447
1.02894
1.02422
1.03601
1.04912
1.05664
1.03369
1.00844
1.06113
1.02841
1.03331
1.06664
1.00253
1.01721
1.05872
1.05945
1.01477
1.00472
1.01164
1.07919
1.01033
1.03484
1.03069
1.03995
1.05989
1.01946
1.05656
1.02578
1.04179
1.04257
1.02313
1.02063
1.02816
1.04145
1.02209
1.02945
1.01943
1.04248
1.0479
1.0462
1.05076
1.06007
1.03137
1.00445
1.06033
1.09169
1.03952
1.03426
1.03574
1.02032
1.06183
1.02265
1.0881
1.06576
1.01824
1.0326
1.06777
1.04554
1.02792
1.0194
1.0105
1.0138
1.01265
1.01161
1.02269
1.06512
1.02609
1.03135
1.01081
1.07387
1.01951
1.0314
1.02977
1.00265
1.03207
1.06645
1.02826
1.04753
1.01172
1.0253
1.03226
1.10549
1.0738
1.0535
1.04644
1.03222
1.00478
1.05907
1.00429
1.0142
1.03813
1.00732
1.0602
1.03318
1.02406
1.08534
1.01156
1.00904
1.02271
1.05513
1.04243
1.02924
1.04429
1.01209
1.02054
1.03549
1.04229
1.03497
1.00768
1.02993
1.03935
1.03108
1.01708
1.00886
1.07756
1.03705
1.01061
1.05553
1.02112
1.01378
1.02497
1.01645
1.0205
1.09717
1.01275
1.00123
1.00761
1.05282
1.01438
1.02502
1.06357
1.00438
1.03941
1.01253
1.065
1.05498
1.09322
1.02403
1.0303
1.05888
1.0357
1.04528
1.03816
1.03504
1.0378
1.03211
1.08579
1.00772
1.03356
1.0577
1.01915
1.05568
1.05169
1.01535
1.06941
1.06042
1.04768
1.03238
1.00914
1.03856
1.00759
1.05551
1.01816
1.01727
1.02453
1.00605
1.07224
1.01111
1.03085
1.02212
1.03669
1.00988
1.02716
1.04096
1.04007
1.05069
1.07699
1.01217
1.02866
1.04436
1.04804
1.05414
1.01342
1.01195
1.01171
1.02419
1.0097
1.03709
1.09704
1.03601
1.04557
1.00586
1.04705
1.02468
1.02787
1.05878
1.01527
1.01144
1.00351
1.03429
1.03827
1.05018
1.02515
1.01995
1.03937
1.03568
1.03861
1.01592
1.021
1.04499
1.06556
1.04219
1.08116
1.00767
1.02631
1.00587
1.01425
1.00653
1.00232
1.01727
1.03746
1.00025
1.01309
1.0077
1.04724
1.02379
1.02267
1.01944
1.01614
1.01573
1.06559
1.10914
1.01728
1.02221
1.01929
1.03916
1.01178
1.05163
1.02362
1.05389
1.0228
1.03631
1.00636
1.01374
1.01595
1.02261
1.01297
1.01452
1.08113
1.05585
1.02492
1.05698
1.00803
1.0539
1.06273
1.00776
1.09443
1.00121
1.04293
1.07849
1.00984
1.07171
1.02255
1.03137
1.04095
1.0207
1.03221
1.05084
1.01497
1.0354
1.03984
1.03317
1.00618
1.06017
1.01348
1.11446
1.03057
1.0401
1.04659
1.03872
1.01933
1.03354
1.00837
1.01016
1.00717
1.06773
1.04033
1.02153
1.00366
1.02758
1.05288
1.06154
1.04751
1.01229
1.02636
1.08246
1.02554
1.03826
1.00904
1.02349
1.05534
1.04015
1.03474
1.0644
1.02454
1.02
1.05766
1.0599
1.00094
1.13549
1.02604
1.03145
1.0173
1.04054
1.103
1.01562
1.01531
1.02774
1.09759
1.01535
1.04499
1.07977
1.01421
1.01042
1.01673
1.03513
1.05486
1.02942
1.05004
1.06551
1.01565
1.03797
1.00871
1.01279
1.05394
1.00553
1.01371
1.07941
1.06906
1.02338
1.00097
1.06705
1.02938
1.0543
1.02117
1.02711
1.02733
1.05084
1.01681
1.04747
1.04641
1.03546
1.02147
1.03688
1.02397
1.02866
1.02513
1.02246
1.01241
1.02069
1.05201
1.08616
1.01648
1.002
1.06898
1.05316
1.05329
1.05005
1.02165
1
1.0471
1.05214
1.00065
1.02224
1.0431
1.00915
1.04322
1.02817
1.06595
1.02736
1.02315
1.04819
1.06381
1.02103
1.02566
1.04308
1.02472
1.01791
1.05628
1.03052
1.0431
1.04202
1.03354
1.02578
1.03554
1.05433
1.06486
1.07071
1.00701
1.04911
1.03699
1.04123
1.01762
1.0542
1.03048
1.01811
1.00884
1.03443
1.02181
1.03107
1.04205
1.09161
1.04583
1.01528
1.0315
1.03356
1.009
1.02722
1.09797
1.02451
1.02509
1.06792
1.02197
1.08498
1.04279
1.06052
1.03
1.03779
1.02948
1.0201
1.05555
1.06761
1.00672
1.02501
1.0174
1.02615
1.04805
1.06801
1.02439
1.01432
1.03054
1.06866
1.04122
1.01588
1.02007
1.00886
1.01393
1.03254
1.02178
1.02369
1.03797
1.05217
1.02692
1.01973
1.03712
1.0329
1.05037
1.00139
1.02134
1.0333
1.04494
1.04265
1.00971
1.06918
1.02708
1.04328
1.06896
1.08169
1.01423
1.01759
1.0296
1.05732
1.0341
1.00113
1.02027
1.02987
1.05041
1.04976
1.01422
1.04899
1.04058
1.00343
1.01522
1.04354
1.0238
1.02238
1.00187
1.1017
1.03755
1.03336
1.01983
1.04262
1.03851
1.08765
1.01134
1.01727
1.02853
1.03162
1.03989
1.13753
1.0412
1.04854
1.04263
1.02836
1.03313
1.02368
1.02167
1.01961
1.00982
1.05803
1.03646
1.01078
1.0328
1.04566
1.02624
1.03521
1.02333
1.03314
1.01593
1.03719
1.03822
1.05227
1.05845
1.04886
1.04218
1.0262
1.03587
1.05975
1.02577
1.05655
1.02374
1.00144
1.01562
1.0039
1.04576
1.02933
1.02419
1.0248
1.03974
1.00977
1.08044
1.04239
1.00489
1.02532
1.01724
1.02797
1.03302
1.02769
1.0323
1.04321
1.03969
1.0388
1.04796
1.0725
1.03225
1.03943
1.01455
1.03213
1.02244
1.02853
1.03025
1.02109
1.03664
1.00896
1.01321
1.04107
1.01042
1.0053
1.01983
1.0239
1.0203
1.03393
1.11839
1.03657
1.13147
1.05736
1.04299
1.0199
1.02268
1.01076
1.0082
1.02868
1.02661
1.0339
1.0103
1.03668
1.01444
1.01074
1.01204
1.0828
1.02366
1.01316
1.02261
1.00891
1.01918
1.0772
1.02806
1.00295
1.02264
1.05326
1.02242
1.01941
1.09837
1.05476
1.05655
1.00675
1.03303
1.0006
1.05512
1.04415
1.02912
1.03653
1.03569
1.04616
1.00736
1.05088
1.02369
1.02953
1.10909
1.03743
1.04553
1.03678
1.0403
1.06324
1.03004
1.01296
1.06289
1.06416
1.03666
1.02408
1.03446
1.01073
1.0894
1.0455
1.02824
1.04335
1.04084
1.02554
1.00387
1.09919
1.08499
1.04647
1.02932
1.04988
1.01732
1.01963
1.06429
1.03829
1.07737
1.03132
1.09707
1.0212
1.02916
1.00754
1.04336
1.06368
1.06384
1.08958
1.0805
1.02566
1.04133
1.00862
1.02552
1.01396
1.039
1.03449
1.03581
1.0196
1.0327
1.00893
1.0253
1.02316
1.04719
1.04538
1.04832
