1.02407
1.00611
1.02621
1.08813
1.03361
1.0386
1.02805
1.08054
1.04186
1.03512
1.02519
1.05528
1.0384
1.07099
1.01645
1.01407
1.01801
1.07265
1.03512
1.02309
1.00324
1.03626
1.04667
1.0741
1.00377
1.0839
1.01437
1.03345
1.02351
1.01352
1.02341
1.0536
1.05497
1.00898
1.05342
1.11551
1.05327
1.03033
1.05014
1.01455
1.04452
1.01976
1.01916
1.11614
1.00364
1.02823
1.0141
1.03794
1.00396
1.02887
1.01534
1.04023
1.02858
1.04406
1.03423
1.06
1.02821
1.02948
1.02197
1.01986
1.01515
1.04014
1.04517
1.01307
1.02517
1.03873
1.00553
1.01221
1.0278
1.02331
1.03465
1.02475
1.05659
1.02267
1.03116
1.05695
1.0021
1.02772
1.00603
1.0214
1.01983
1.10285
1.02837
1.01275
1.01214
1.06422
1.05261
1.02115
1.04445
1.01427
1.03333
1.06983
1.01464
1.01651
1.00107
1.01562
1.04151
1.07353
1.0916
1.03286
1.0445
1.04296
1.0342
1.01749
1.03603
1.04811
1.02958
1.02472
1.06681
1.00263
1.02916
1.02992
1.02962
1.0532
1.0218
1.04945
1.02958
1.04721
1.07939
1.11871
1.02442
1.04311
1.03059
1.04228
1.01854
1.02525
1.04341
1.01681
1.02032
1.00298
1.03802
1.08878
1.02559
1.01348
1.02713
1.03765
1.01625
1.02347
1.0004
1.04928
1.00928
1.03425
1.03414
1.04555
1.03493
1.03289
1.0332
1.06622
1.03237
1.00159
1.02046
1.07032
1.02369
1.04811
1.08379
1.01197
1.04528
1.05618
1.0392
1.04579
1.02283
1.12732
1.0005
1.02279
1.02786
1.01217
1.08914
1.14849
1.03793
1.00273
1.02558
1.02295
1.01777
1.02869
1.03456
1.01085
1.02059
1.04283
1.01307
1.07621
1.01974
1.00227
1.03266
1.03569
1.03338
1.01439
1.03605
1.0518
1.04642
1.03139
1.01405
1.05991
1.04324
1.03371
1.07102
1.17278
1.02981
1.00792
1.07602
1.03311
1.01677
1.03691
1.02864
1.05564
1.0332
1.05091
1.05993
1.06059
1.00745
1.03757
1.11353
1.06058
1.03525
1.07129
1.11039
1.05832
1.03112
1.06515
1.00839
1.00345
1.01429
1.02217
1.03535
1.02848
1.03317
1.00283
1.07656
1.01963
1.03278
1.0047
1.03921
1.06365
1.13433
1.07511
1.06712
1.0517
1.01735
1.01447
1.07343
1.04217
1.11725
1.00475
1.01457
1.01309
1.04044
1.01631
1.01958
1.0166
1.00846
1.08485
1.04754
1.05022
1.03646
1.00378
1.08078
1.01514
1.02137
1.01541
1.05568
1.03102
1.01361
1.03112
1.04324
1.02721
1.02945
1.02221
1.03137
1.05698
1.00206
1.04993
1.03463
1.05531
1.05414
1.0867
1.10964
1.02518
1.04121
1.01326
1.01429
1.0228
1.05257
1.04394
1.01052
1.04519
1.00896
1.03697
1.0116
1.01665
1.01902
1.09091
1.0106
1.02334
1.06252
1.04334
1.06444
1.02786
1.02204
1.05411
1.09919
1.04631
1.04049
1.05636
1.00408
1.00637
1.01678
1.05293
1.0344
1.02226
1.01826
1.03138
1.04067
1.0751
1.03424
1.03279
1.0003
1.02702
1.01008
1.0451
1.04998
1.05196
1.06115
1.01957
1.05993
1.02665
1.04874
1.0171
1.04984
1.02903
1.06171
1.04437
1.03899
1.03204
1.09414
1.03654
1.0269
1.01891
1.00953
1.01303
1.04965
1.02976
1.00602
1.00406
1.02154
1.01983
1.00933
1.03942
1.03068
1.01287
1.03905
1.00623
1.10251
1.05837
1.10983
1.0176
1.0314
1.03947
1.02476
1.02978
1.01176
1.006
1.02596
1.00808
1.02768
1.02827
1.05951
1.0938
1.02603
1.02534
1.04609
1.02887
1.01911
1.0554
1.01243
1.0149
1.02058
1.0538
1.04028
1.08043
1.0568
1.04945
1.00322
1.03765
1.02229
1.00916
1.01199
1.00488
1.02347
1.19608
1.02485
1.03129
1.0527
1.05412
1.04127
1.02699
1.08422
1.04757
1.01196
1.03915
1.07461
1.06631
1.02127
1.067
1.05663
1
1.01479
1.03116
1.07577
1.06716
1.0212
1.03928
1.00692
1.04552
1.07254
1.0614
1.03412
1.01294
1.02254
1.04363
1.04866
1.025
1.01824
1.05131
1.04337
1.0318
1.01537
1.04078
1.01899
1.00737
1.04582
1.05682
1.00465
1.06249
1.04927
1.0245
1.01889
1.03139
1.05129
1.00323
1.00131
1.00679
1.01009
1.03305
1.02665
1.02034
1.01692
1.06918
1.04094
1.02218
1.02067
1.0366
1.05056
1.0327
1.07655
1.00203
1.09029
1.02272
1.05548
1.00868
1.02138
1.02087
1.07939
1.01147
1.04357
1.06513
1.06434
1.04929
1.05114
1.03031
1.03049
1.06069
1.04331
1.05817
1.11988
1.0877
1.04235
1.0403
1.00403
1.01781
1.04368
1.03937
1.00875
1.00172
1.04033
1.01419
1.05065
1.06393
1.01956
1.02116
1.01224
1.04101
1.0705
1.04809
1.01828
1.02289
1.0566
1.00135
1.02008
1.0026
1.00997
1.01677
1.05164
1.00459
1.02677
1.00782
1.0206
1.06383
1.05795
1.02918
1.01826
1.00883
1.05945
1.03974
1.00656
1.04643
1.02188
1.00854
1.04084
1.02601
1.04479
1.05732
1.03549
1.00883
1.02132
1.01619
1.07415
1.00289
1.02031
1.04159
1.03776
1.01686
1.03016
1.0936
1.00118
1.07424
1.05584
1.01702
1.02149
1.02861
1.02196
1.03346
1.04234
1.02943
1.00971
1.03327
1.04864
1.00522
1.03351
1.01986
1.02913
1.02097
1.03985
1.00514
1.01157
1.01406
1.02738
1.06869
1.0256
1.0272
1.08359
1.03344
1.02509
1.0101
1.01649
1.0359
1.03262
1.04831
1.01577
1.0143
1.03946
1.00105
1.03765
1.02545
1.03899
1.05719
1.04479
1.05703
1.07716
1.02139
1.04048
1.02635
1.03547
1.04471
1.0192
1.02293
1.09311
1.02764
1.01322
1.03338
1.09606
1.02631
1.05967
1.03441
1.02304
1.02979
1.0344
1.07137
1.04339
1.03824
1.00843
1.00807
1.03346
1.04062
1.02341
1.00618
1.03449
1.05774
1.04041
1.0474
1.01652
1.03235
1.0306
1.04092
1.03171
1.01357
1.0677
1.02947
1.02288
1.02117
1.04843
1.01012
1.04418
1.00898
1.04824
1.04621
1.01053
1.05063
1.01463
1.0296
1.04609
1.00836
1.05128
1.02396
1.02039
1.02118
1.03985
1.05978
1.01104
1.01386
1.07479
1.07526
1.03528
1.03204
1.02036
1.04727
1.00867
1.03599
1.00698
1.03074
1.02912
1.05927
1.06854
1.03131
1.03599
1.02285
1.08681
1.00594
1.04605
1.03763
1.00355
1.05308
1.03622
1.00841
1.06349
1.02524
1.02679
1.03094
1.04595
1.02047
1.05463
1.04035
1.06084
1.05058
1.04398
1.04436
1.06297
1.01857
1.0289
1.00845
1.02852
1.01746
1.02927
1.03916
1.03973
1.0196
1.05911
1.0164
1.04572
1.02619
1.04647
1.04697
1.01125
1.03036
1.04776
1.01629
1.02785
1.03198
1.05161
1.02911
1.05648
1.0415
1.05607
1.04915
1.03467
1.0017
1.03508
1.04838
1.02745
1.01111
1.01683
1.07488
1.02111
1.05282
1.03517
1.011
1.0398
1.02381
1.09121
1.01511
1.03848
1.03711
1.03427
1.04068
1.02752
1.04535
1.06497
1.00588
1.03741
1.01732
1.02007
1.00738
1.05026
1.0304
1.03286
1.03463
1.06264
1.03874
1.01612
1.07867
1.0547
1.03739
1.02443
1.07249
1.00181
1.03656
1.03759
1.00823
1.01118
1.01472
1.02632
1.08722
1.03774
1.02905
1.01365
1.03736
1.00312
1.03977
1.02826
1.05193
1.04939
1.0148
1.03169
1.02235
1.0735
1.10523
1.00159
1.04248
1.07003
1.04873
1.03351
1.01215
1.00056
1.04634
1.02492
1.04823
1.08222
1.02955
1.01703
1.03051
1.08536
1.03839
1.10306
1.03031
1.03236
1.03916
1.01999
1.06655
1.04353
1.09687
1.03127
1.02198
1.01834
1.02793
1.01268
1.0188
1.04911
1.01111
1.00539
1.04126
1.01485
1.00799
1.06158
1.02246
1.05557
1.01012
1.03003
1.0349
1.03035
1.07623
1.03763
1.09148
1.02861
1.00578
1.02001
1.02144
1.03614
1.01381
1.0144
1.04625
1.0141
1.02818
1.02815
1.02759
1.04209
1.02164
1.05506
1.06862
1.03397
1.0508
1.0772
1.01621
1.05531
1.03438
1.02524
1.02938
1.05508
1.03761
1.03503
1.0696
1.06348
1.01678
1.02287
1.0009
1.03435
1.03439
1.02637
1.03037
1.05331
1.07644
1.07527
1.06026
1.05152
1.01104
1.01112
1.0174
1.01829
1.04549
1.07161
1.01375
1.01311
1.01262
1.01362
1.08197
1.02263
1.04003
1.05085
1.02969
1.02254
1.02521
1.01879
1.03281
1.01243
1.011
1.00757
1.01817
1.02047
1.0121
1.04173
1.01008
1.07421
1.03994
1.05561
1.06997
1.00959
1.03663
1.09487
1.03799
1.01942
1.01037
1.03453
1.01462
1.06188
1.01797
1.05496
1.02094
1.01411
1.06019
1.1027
1.03336
1.03033
1.00424
1.03189
1.0755
1.06169
1.03273
1.03703
1.03318
1.01442
1.02366
1.01482
1.02498
1.05451
1.03811
1.01965
1.00681
1.00444
1.00048
1.02505
1.03226
1.0229
1.02294
1.00938
1.05088
1.04029
1.05118
1.04727
1.06292
1.12872
1.02683
1.0063
1.03387
1.0336
1.0402
1.08571
1.02571
1.02167
1.03292
1.00576
1.00817
1.01531
1.06608
1.07744
1.0273
1.00464
1.00649
1.02171
1.03596
1.04874
1.02552
1.01461
1.03228
1.00261
1.08411
1.03582
1.00473
1.02877
1.02795
1.01117
1.0222
1.01833
1.03209
1.06701
1.03163
1.04884
1.03949
1.00783
1.01079
1.06167
1.04027
1.02539
1.03722
1.00065
1.01942
1.02578
1.04271
1.00211
1.02094
1.03522
1.07142
1.01364
1.02952
1.00267
1.00978
1.04843
1.01655
1.08631
1.04283
1.03358
1.08833
1.01492
1.00442
1.02641
1.11291
1.00982
1.03088
1.08673
1.00309
1.01839
1.07214
1.03387
