1.04234
1.02604
1.03414
1.02253
1.01469
1.03043
1.03479
1.08167
1.0417
1.03945
1.05392
1.00418
1.03319
1.01081
1.00761
1.01075
1.07981
1.01113
1.01147
1.12858
1.0335
1.03605
1.02256
1.1109
1.05977
1.03571
1.04896
1.01956
1.04077
1.04549
1.05634
1.03129
1.02381
1.01137
1.02021
1.0203
1.02266
1.0524
1.05008
1.02806
1.06597
1.00599
1.05593
1.00408
1.0002
1.02317
1.02067
1.04109
1.06587
1.00586
1.05407
1.03393
1.02969
1.01991
1.03395
1.00448
1.0091
1.0258
1.02443
1.05044
1.02985
1.02917
1.06502
1.02118
1.03005
1.05291
1.05082
1.02459
1.00072
1.01264
1.05009
1.02161
1.02055
1.04228
1.02188
1.01694
1.00673
1.01725
1.02993
1.03871
1.02487
1.04865
1.06962
1.02945
1.03811
1.03688
1.02536
1.03779
1.03125
1.00576
1.00184
1.01943
1.05005
1.04167
1.05805
1.04498
1.06199
1.02458
1.02577
1.04071
1.05596
1.02676
1.02154
1.00523
1.05215
1.02695
1.03916
1.04996
1.02037
1.01974
1.06287
1.0154
1.01148
1.06211
1.0372
1.0611
1.00964
1.028
1.00235
1.00636
1.05009
1.01395
1.09106
1.03505
1.01809
1.06926
1.01925
1.02252
1.01265
1.04191
1.07409
1.01494
1.0831
1.02095
1.0224
1.02918
1.03793
1.00572
1.02569
1.08034
1.00357
1.1074
1.06337
1.05259
1.04229
1.07071
1
1.05373
1.05509
1.04011
1.02287
1.01148
1.02867
1.02587
1.00836
1.0242
1.01362
1.02877
1.05115
1.02615
1.00653
1.07086
1.04532
1.02406
1.03257
1.06913
1.04424
1.04958
1.0722
1.07945
1.03921
1.03128
1.02723
1.02274
1.03185
1.02578
1.00355
1.08527
1.06206
1.043
1.03322
1.07445
1.02834
1.0219
1.0484
1.05548
1.04268
1.04417
1.14606
1.04291
1.03869
1.0266
1.01759
1.04136
1.01072
1.0347
1.02542
1.03271
1.05845
1.0074
1.03021
1.06273
1.06085
1.02747
1.06121
1.04487
1.05891
1.05512
1.04564
1.00528
1.07058
1.03927
1.02397
1.05274
1.06474
1.02625
1.03799
1.02603
1.01701
1.01164
1.0423
1.00454
1.00181
1.09451
1.08949
1.10498
1.00433
1.01015
1.00703
1.03132
1.05552
1.02643
1.00749
1.0306
1.04984
1.00702
1.0071
1.02895
1.02591
1.03117
1.06845
1.0362
1.01556
1.08549
1.00058
1.01254
1.01646
1.0473
1.06011
1.01581
1.08197
1.01052
1.0144
1.03182
1.04343
1.0771
1.00698
1.02626
1.0242
1.004
1.05545
1.07785
1.01882
1.05788
1.02769
1.02145
1.01604
1.00441
1.02973
1.0198
1.04002
1.10211
1.03837
1.00844
1.0485
1.02455
1.0316
1.02102
1.01865
1.02026
1.01043
1.05659
1.0102
1.04502
1.03108
1.04576
1.06073
1.0866
1.01395
1.00581
1.02481
1.05627
1.05695
1.04767
1.00503
1.0614
1.0238
1.00402
1.07983
1.03168
1.0354
1.05411
1.0378
1.05636
1.01845
1.01565
1.00487
1.05924
1.05347
1.01921
1.00704
1.0546
1.01261
1.03832
1.02449
1.08222
1.00724
1.03314
1.04109
1.07742
1
1.0336
1.06017
1.02969
1.01669
1.01031
1.02804
1.05377
1.07695
1.07864
1.03281
1.06038
1.10735
1.03958
1.02637
1.0065
1.00701
1.04677
1.06075
1.0172
1.00767
1.04245
1.03241
1.06696
1.02196
1.05101
1.0709
1.02109
1.02632
1.01161
1.03837
1.05603
1.01921
1.02871
1.02426
1.06966
1.00729
1.04709
1.01694
1.07922
1.03258
1.07851
1.03252
1.00918
1.02733
1.03731
1.04104
1.00467
1.02489
1.03371
1.08444
1.02783
1.02882
1.03546
1.06035
1.02576
1.01164
1.04296
1.04637
1.05132
1.01584
1.0609
1.00428
1.07913
1.03973
1.00839
1.00356
1.04112
1.01917
1.03403
1.00322
0.999747
1.02384
1.08458
1.02473
1.00654
1.11219
1.0582
1.03549
1.04131
1.01769
1.00051
1.01122
1.03753
1.02588
1.0217
1.03644
1.01944
1.07008
1.03348
1.01559
1.01232
1.06639
1.03056
1.02465
1.05932
1.00041
1.0015
1.07838
1.03381
1.03369
1.0229
1.00944
1.02894
1.02446
1.06702
1.03572
1.00183
1.01973
1.08095
1.04138
1.01086
1.03233
1.01739
1.03539
1.03124
1.00303
1.03626
1.00255
1.0679
1.00996
1.00612
1.01202
1.01343
1.0406
1.03902
1.08703
1.0293
1.02215
1.04206
1.06527
1.08013
1.03358
1.01613
1.02196
1.04602
1.00918
1.06486
1.06003
1.01088
1.05746
1.032
1.01524
1.04226
1.08499
1.00642
1.01747
1.02905
1.04981
1.0066
1.03313
1.02629
1.00836
1.02354
1.017
1.00762
1.07823
1.03707
1.0553
1.01043
1.01458
1.05917
1.00068
1.02744
1.02726
1.00961
1.01367
1.02445
1.02632
1.01865
1.02187
1.03127
1.00225
1.01671
1.03879
1.051
1.0305
1.01077
1.03994
1.04066
1.01606
1.01195
1.02759
1.01875
1.05375
1.00295
1.02106
1.05684
1.01081
1.02737
1.03491
1.03886
1.04598
1.0334
1.06232
1.03688
1.03876
1.0889
1.04549
1.03593
1.00843
1.07068
1.01766
1.05138
1.01452
1.06762
1.05036
1.04713
1.01813
1.00273
1.01556
1.06087
1.03972
1.02037
1.04961
1.09415
1.11681
1.03556
1.0408
1.02445
1.01673
1.01458
1.0104
1.04278
1.04132
1.04742
1.03238
1.01681
1.0575
1.02669
1.05265
1.02884
1.01712
1.01944
1.01796
1.04851
1.04293
1.06205
1.02665
1.01798
1.04693
1.01566
1.03407
1.04919
1.04258
1.01105
1.0369
1.06968
1.03087
1.01584
1.05713
1.02751
1.03424
1.042
1.00455
1.01726
1.01443
1.0153
1.01583
1.04589
1.00834
1.03172
1.03376
1.01616
1.0337
1.01407
1.02292
1.01912
1.03321
1.01184
1.05258
1.02225
1.04315
1.03532
1.00808
1.02321
1.01484
1.04821
1.0313
1.00914
1.01288
1.03894
1.06008
1.05067
1.01303
1.04357
1.03053
1.02051
1.02803
1.00654
1.02105
1.02892
1.02242
1.03852
1.02833
1.06684
1.04686
1.03263
1.0467
1.0355
1.01831
1.08039
1.0105
1.05317
1.00624
1.00669
1.00609
1.00925
1.00785
1.01433
1.00975
1.03755
1.0271
1.02754
1.03431
1.02527
1.04229
1.02907
1.01612
1.01545
1.10096
1.01227
1.10355
1.02071
1.03794
1.02247
1.01573
1.03202
1.02675
1.04019
1.05202
1.0403
1.01701
1.0656
1.05463
1.05196
1.04549
1.01207
1.04988
1.02991
1.00005
1.01226
1.03548
1.00404
1.06403
1.08115
1.0377
1.04478
1.04329
1.01423
1.00789
1.04444
1.01587
1.02386
1.04314
1.04906
1.04391
1.00759
1.04423
1.04862
1.03834
1.01126
1.00525
1.02965
1.00954
1.04244
1.09944
1.02625
1.07707
1.00948
1.04769
1.01047
1.02583
1.01591
1.03768
1.05208
1.03612
1.0201
1.02047
1.04203
1.01018
1.00833
1.06039
1.04383
1.03278
1.03526
1.04006
1.0065
1.0036
1.019
1.03054
1.05335
1.02806
1.02873
1.05119
1.04947
1.02726
1.03234
1.01154
1.01858
1.03509
1.04738
1.08986
1.0749
1.04853
1.03745
1.0044
1.03389
1.01619
1.01582
1.01463
1.03599
1.02971
1.04598
1.01001
1.03528
1.08713
1.05033
1.00585
1.02539
1.03334
1.03892
1.09982
1.00934
1.02263
1.02235
1.0073
1.03431
1.0288
1.06987
1.05146
1.04538
1.04369
1.05205
1.05227
1.03449
1.02648
1.02632
1.03706
1.11876
1.06328
1.03453
1.05698
1.02456
1.09154
1.01786
1.07266
1.0314
1.02985
1.04441
1.04944
1.0277
1.06828
1.02838
1.07957
1.06909
1.03149
1.00297
1.04077
1.03132
1.15278
1.00344
1.04144
1.0351
1.01931
1.0009
1.0421
1.0342
1.0343
1.01203
1.01829
1.03447
1.01831
1.02472
1.03983
1.0083
1.00569
1.03729
1.03954
1.07717
1.03211
1.04145
1.03247
1.09053
1.01508
1.0294
1.01756
1.01844
1.02314
1.0312
1.01827
1.00548
1.03435
1.04021
1.01047
1.02601
1.05509
1.05358
1.03854
1.0572
1.05124
1.02974
1.05165
1.06242
1.06352
1.03242
1.02386
1.13938
1.02694
1.0561
1.05742
1.05135
1.03157
1.05219
1.01819
1.0258
1.04178
1.05435
1.00986
1.02539
1.02965
1.02487
1.0757
1.00562
1.02676
1.05146
1.01714
1.0387
1.06241
1.04815
1.01799
1.02395
1.01641
1.02341
1.01746
1.01724
1.02627
1.06233
1.03204
1.02835
1.04302
1.04298
1.03084
1.05898
1.04822
1.06196
1.01309
1.03866
1.1219
1.00954
1.01542
1.04947
1.02632
1.07291
1.0687
1.00521
1.0288
1.05261
1.05643
1.02162
1.03868
1.01605
1.06434
1.03888
1.00944
1.05922
1.01456
1.06307
1.03847
1.01468
1.04527
1.02688
1.02407
1.01819
1.05565
1.07369
1.03609
1.03069
1.03871
1.02269
1.01979
1.0268
1.05237
1.00204
1.03979
1.07784
1.0341
1.06152
1.01964
1.05887
1.03546
1.0443
1.01929
1.04103
1.03557
1.02166
1.04441
1.05169
1.0594
1.04361
1.02577
1.01609
1.02351
1.0089
1.00201
1.0099
1.08857
1.02611
1.07579
1.02521
1.01969
1.04182
1.02018
1.03882
1.04954
1.03858
1.01855
1.03194
1.05552
1.05177
1.02129
1.01416
1.02379
1.03752
1.04831
1.01988
1.01287
1.0535
1.02854
1.05397
1.00211
1.0327
1.06887
1.0297
1.0324
1.03347
1.05238
1.04904
1.03787
1.01497
1.00653
1.03925
1.02478
1.03196
1.02478
1.02852
1.04425
1.01529
1.02582
1.08991
1.04102
1.01383
1.03356
1.01406
1.03597
1.01381
1.07821
1.0659
1.02331
1.03204
1.03221
1.10241
1.00368
1.04394
1.05193
1.03228
1.02691
1.00254
1.02632
1.03838
1.00968
1.0269
1.0385
1.05869
1.02203
1.04867
1.06325
1.01894
1.10031
