1.02905
1.05332
1.02658
1.031
1.04273
1.05287
1.03802
1.05053
1.02929
1.04025
1.02637
1.05767
1.07206
1.02527
1.00878
1.02424
1.07136
1.04777
1.04778
1.0327
1.02842
1.05096
1.00052
1.00975
1.01895
1.00329
1.01655
1.01193
1.02409
1.02103
1.02959
1.11949
1.00206
1.02012
1.02848
1.03041
1.02702
1.00667
1.08691
1.0389
1.07029
1.07076
1.05561
1.04327
1.07939
1.0411
0.999955
1.03822
1.0525
1.04375
1.04494
1.02025
1.01535
1.01193
1.03747
1.01778
1.02968
1.03044
1.04143
1.01542
1.02007
1.13523
1.00635
1.02099
1.01658
1.00513
1.04598
1.02539
1.02876
1.02694
1.02477
1.04653
1.02765
1.05587
1.03418
1.01264
1.0663
1.03255
1.05176
1.09103
1.01913
1.05249
1.04093
1.04864
1.02858
1.0435
1.04985
1.00864
1.0229
1.02764
1.05893
1.02422
1.03889
1.02955
1.03344
1.03015
1.04137
1.05644
1.0163
1.03431
1.00987
1.0048
1.01702
1.02504
1.04234
1.00955
1.03809
1.03965
1.0335
1.01782
1.03085
1.074
1.00027
1.00263
1.03025
1.03541
1.04846
1.0533
1.03287
1.03858
1.02903
1.01652
1.01801
1.02621
1.00218
1.01276
1.02885
1.06162
1.0338
1.02415
1.03265
1.00085
1.00998
1.02519
1.03692
1.071
1.04355
1.01874
1.03847
1.04561
1.04695
1.03836
1.00585
1.05973
1.04415
1.0315
1.01727
1.00704
1.04979
1.0267
1.04332
1.05074
1.04484
1.01267
1.04537
1.00334
1.01067
1.00328
1.03421
1.04118
1.08253
1.05432
1.07709
1.00345
1.02274
1.01479
1.02294
1.01163
1.03334
1.01843
1.04572
1.01074
1.00922
1.0419
1.02085
1.07038
1.03664
1.01028
1.02944
1.03649
1.01546
1.03089
1.02722
1.00481
1.10382
1.02336
1.04068
1.02889
1.01959
1.01628
1.03871
1.00693
1.05933
1.07284
1.02754
1.04137
1.01137
1.06891
1.05398
1.02515
1.00651
1.05758
1.06898
1.01886
1.03695
1.01519
1.05737
1.02025
1.0807
1.05884
1.08766
1.0471
1.04225
1.02996
1.0407
1.04725
1.01815
1.03227
1.07373
1.05009
1.03469
1.02747
1.06428
1.05303
1.01192
1.07371
1.02357
1.0081
1.02045
1.03775
1.01968
1.07866
1.06533
1.01515
1.07735
1.02915
1.06228
1.01565
1.01021
1.04929
1.02948
1.03471
1.01366
1.0348
1.02289
1.05814
1.0681
1.00667
1.01939
1.06292
1.04472
1.01311
1.02168
1.03642
1.09765
1.09255
1.03215
1.00482
1.03846
1.03517
1.03483
1.04685
1.09867
1.02011
1.00264
1.02883
1.02616
1.03174
1.03032
1.0046
1.06933
1.02176
1.05594
1.06316
1.04734
1.0253
1.04239
1.02407
1.03165
1.03933
1.04145
1.05274
1.03624
1.00377
1.01282
1.06969
1.11609
1.00826
1.00407
1.01577
1.01654
1.06581
1.03872
1.05404
1.05187
1.03783
1.05107
1.00231
1.03902
1.01153
1.02695
1.02542
1.04994
1.02086
1.0511
1.07646
1.01725
1.06376
1.00856
1.00887
1.02158
1.02452
1.04457
1.03516
1.02529
1.06525
1.01509
1.01538
1.02758
1.00639
1.01324
1.01949
1.02699
1.00976
1.06601
1.01214
1.08959
1.01947
1.02763
1.0096
1.02825
1.02354
1.0378
1.04108
1.0189
1.0285
1.02856
1.04283
1.02975
1.04656
1.01579
1.03148
1.04595
1.02489
1.00612
1.0587
1.04332
1.0015
1.00695
1.04296
1.06233
1.067
1.03191
1.01498
1.084
1.03298
1.05062
1.01958
1.03302
1.0279
1.01027
1.02839
1.01783
1.08555
1.00732
1.07866
1.04378
1.02769
1.01829
1.065
1.04773
1.02922
1.00992
1.01998
1.06015
1.05665
1.02694
1.0504
1.01341
1.03721
1.04236
1.04276
1.03733
1.01603
1.03907
1.02759
1.05079
1.03718
1.03493
1.03264
1.00636
1.02224
1.06253
1.06106
1.04093
1.00107
1.00031
1.03571
1.03971
1.01819
1.03688
1.01292
1.0234
1.02117
1.02576
1.04754
1.02593
1.04452
1.04365
1.03139
1.03043
1.03773
1.02341
1.04799
1.02969
1.0481
1.01667
1.0112
1.03031
1.03437
1.04884
1.07476
1.04043
1.02877
1.03282
1.04973
1.06698
1.08249
1.04458
1.02714
1.07081
1.02951
1.03836
1.02793
1.08518
1.04257
1.02679
1.01715
1.0477
1.05705
1.02837
1.06221
1.0158
1.05393
1.04213
1.05439
1.02653
1.05269
1.01696
1.03378
1.02292
1.01432
1.07471
1.04465
1.034
1.02525
1.05142
1.07554
1.0706
1.04664
1.04975
1.03798
1.061
1.0327
1.02827
1.01986
1.03652
1.08063
1.05037
1.0152
1.02014
1.03844
1.02477
1.0413
1.04612
1.02842
1.01772
1.01407
1.05531
1.02235
1.03341
1.09285
1.0065
1.00483
1.0536
1.08883
1.04671
1.02669
1.02549
1.01183
1.00781
1.00398
1.04903
1.04198
1.03315
1.06132
1.01577
1.01764
1.01569
1.02955
1.04028
1.06936
1.0639
1.01562
1.05119
1.03801
1.03606
1.05791
1.05422
1.03454
1.02021
1.03253
1.02638
1.09898
1.0119
1.01091
1.03946
1.01877
1.03015
1.12545
1.02202
1.01799
1.02408
1.06701
1.01817
1.07083
1.00283
1.02511
1.02974
1.0051
1.01895
1.05424
1.04228
1.0826
1.00263
1.00602
1.06686
1.00086
1.01331
1.03141
1.01721
1.07068
1.00526
1.00534
1.02615
1.02851
1.00528
1.00314
1.03314
1.00529
1.01138
1.00755
1.03407
1.04918
1.0289
1.05751
1.0866
1.02304
1.09188
1.01739
1.03319
1.0092
1.06206
1.0381
1.01429
1.01169
1.00558
1.02415
1.01915
1.03876
1.05773
1.00505
1.03043
1.03418
1.03758
1.00648
1.07921
1.01632
1.03888
1.01453
1.0543
1.06434
1.04508
1.05402
1.04956
1.01719
1.02461
1.03188
1.00207
1.02488
1.02089
1.02563
1.07493
1.01944
1.02646
1.00845
1.04854
1.03296
1.01344
1.03002
1.02717
1.0164
1.02285
1.04871
1.05925
1.05186
1.02496
1.03876
1.03993
1.00411
1.04889
1.0381
1.01947
1.04174
1.05815
1.03061
1.0375
1.03841
1.03511
1.05333
1.04327
1.04136
1.0553
1.03261
1.0446
1.01779
1.04191
1.07786
1.03916
1.04501
1.02311
1.0101
1.04771
1.03124
1.11181
1.0486
1.01927
1.05646
1.02317
1.05552
1.03909
1.01539
1.06727
1.02778
1.05461
1.01671
1.02883
1.0391
1.0411
1.02562
1.0303
1.01516
1.04804
1.04143
1.02219
1.02339
1.01826
1.06468
1.04311
1.04799
1.01346
1.00423
1.04633
1.02105
1.04945
1.02101
1.04406
1.06693
1.0087
1.05467
1.03706
1.00121
1.02697
1.01044
1.06169
1.04424
1.03683
1.02054
1.07939
1.04316
1.00901
1.02087
1.02862
1.04044
1.03768
1.08114
1.05243
1.06124
1.01008
1.0227
1.04056
1.06397
1.04167
1.02552
1.05097
1.03514
1.03172
1.06914
1.02867
1.01488
1.0217
1.03521
1.0349
1.06579
1.02911
1.00141
1.02642
1.03542
1.0477
1.02451
1.02782
1.02396
1.0296
1.02656
1.01266
1.04458
1.02407
1.019
1.00901
1.03285
1.04169
1.03885
1.00354
1.03171
1.00022
1.03326
1.05849
1.04465
1.09308
1.04494
1.038
1.00396
1.01535
1.0239
1.01715
1.05795
1.02081
1.00392
1.05209
1.04025
1.06609
1.02058
1.01127
1.0494
1.03148
1.05501
1.06767
1.05935
1.01285
1.04324
1.03845
1.01404
1.01048
1.02049
1.0158
1.02589
1.00532
1.0587
1.01028
1.02924
1.00738
1.02394
1.07808
1.02021
1.03204
1.02772
1.03185
1.04276
1.03311
1.03019
1.03587
1.01045
1.01863
1.04987
1.07716
1.09987
1.02157
1.04316
1.04816
1.01471
1.0294
1.01083
1.05568
1.00161
1.03395
1.02365
1.02744
1.03843
1.05033
1.07089
1.04529
1.04342
1.05173
1.0088
1.02864
1.02051
1.04584
1.02271
1.02448
1.04664
1.03053
1.02424
1.04187
1.03809
1.04923
1.02102
1.03191
1.01154
1.01855
1.04052
1.01767
1.07707
1.07488
1.03908
1.01192
1.0305
1.03878
1.05605
1.08506
1.03537
1.06958
1.07575
1.04472
1.05361
1.01614
1.03496
1.04517
1.03033
1.04918
1.09156
1.03589
1.0419
1.04442
1.08513
1.05198
1.01042
1.03803
1.00201
1.06093
1.05367
1.05663
1.02695
1.02486
1.00954
1.03985
1.02241
1.02744
1.01148
1.00839
1.04
1.01418
1.02223
1.02994
1.03298
1.05376
1.00775
1.00097
1.04316
1.0076
1.03679
1.00605
1.01397
1.05993
1.01823
1.01623
1.03923
1.0312
1.00582
1.00928
1.03877
1.00819
1.05968
1.02084
1.03845
1.04387
1.01743
1.00549
1.03697
1.03645
1.0008
1.02244
1.05226
1.06168
1.04297
1.01087
1.03565
1.02057
1.01648
1.04
1.08198
1.06735
1.00094
1.00205
1.0069
1.03888
1.10138
1.02425
1.05907
1.01042
1.05231
1.01133
1.09424
1.02095
1.04909
1.00976
1.09277
1.0228
1.02754
1.00409
1.03497
1.03605
1.06657
1.02565
1.07903
1.01794
1.03358
1.03845
1.0125
1.04498
1.07877
1.02872
1.04195
1.04281
1.03422
1.00358
1.07839
1.00617
1.02874
1.01433
1.01488
1.04194
1.00722
1.02765
1.00706
1.05704
1.04743
1.02795
1.05153
1.02937
1.02682
1.03942
1.01207
1.02875
1.06327
1.04322
1.00691
1.05959
1.01946
1.06407
1.01867
1.00798
1.02689
1.01762
1.04076
1.02637
1.00832
1.0997
1.03331
1.04001
1.04608
1.03189
1.03304
1.03798
1.07759
1.05537
1.0565
1.02296
1.01329
1.01357
1.0617
1.02052
1.03946
1.05257
1.02728
1.01714
1.06699
1.00301
1.01822
1.00378
1.05201
1.01915
1.10039
1.04079
1.03163
1.02948
1.04934
1.00925
1.00886
1.02612
1.02344
1.01913
1.01454
1.02818
1.05836
1.00606
1.0392
1.00941
1.02658
1.01592
1.01857
