1.01046
1.04326
1.04885
1.01901
1.04306
1.04293
1.00899
1.02149
1.05113
1.03182
1.04309
1.0518
1.00545
1.03237
1.07403
1.04809
1.0211
1.03216
1.02408
1.01671
1.00072
1.00615
1.01976
1.03084
1.04284
1.02761
1.02826
1.02585
1.05617
1.0267
1.04887
1.0696
1.02335
1.02939
1.02913
1.05257
1.04975
1.01751
1.00968
1.0087
1.02836
1.04026
1.04
1.02626
1.05519
1.01898
1.1084
1.05549
1.05654
1.01699
1.04409
1.01055
1.03024
1.02873
1.09691
1.02915
1.04175
1.07752
1.03952
1.01863
1.00474
1.02962
1.06993
1.02612
1.03516
1.04835
1.02804
1.01117
1.04009
1.02118
1.01976
1.06928
1.02195
1.01091
1.02279
1.00686
1.06248
1.03974
1.01877
1.01313
1.03826
1.02338
1.01716
1.01752
1.03362
1.02077
1.03579
1.0395
1.03074
1.02186
1.06672
1.05173
1.06184
1.06244
1.01731
1.01915
1.03537
1.0263
1.0247
1.03689
1.02237
1.04472
1.01519
1.02395
1.05452
1.03837
1.00324
1.03854
1.00976
1.05369
1.05808
1.02296
1.02338
1.03814
1.01196
1.03792
1.02778
1.04604
1.06612
1.04086
1.01149
1.02957
1.07739
1.07438
1.00255
1.03306
1.01541
1.00067
1.02269
1.05345
1.01915
1.02404
1.00033
1.00758
1.06839
1.0412
1.03127
1.03074
1.03991
1.03369
1.03032
1.01837
1.05394
1.02926
1.0146
1.02619
1.04705
1.04735
1.07477
1.02316
1.04072
1.02636
1.0398
1.03609
1.0487
1.01554
1.04637
1.03302
1.03292
1.04036
1.05386
1.0426
1.03088
1.06386
1.00314
1.07077
1.03571
1.0241
1.03668
1.05645
1.04806
1.02506
1.02048
1.06569
1.00838
1.03222
1.01675
1.04772
1.01168
1.01549
1.0354
1.04713
1.01514
1.01536
1.00217
1.03884
1.01934
1.0574
1.0122
1.01816
1.06348
1.08276
1.04237
1.04518
1.06905
1.06803
1.03314
1.03661
1.03982
1.02222
1.03128
1.0242
1.04147
1.03826
1.01443
1.01451
1.01377
1.02059
1.04004
1.00483
1.03211
1.07018
1.04507
1.04211
1.07448
1.05572
1.06984
1.02656
1.00892
1.02706
1.01512
1.07142
1.02715
1.02342
1.05892
1.0453
1.01264
1.0157
1.03656
1.01605
1.05152
1.02313
1.04212
1.00633
1.05459
1.05283
1.04314
1.07864
1.01623
1.01743
1.0619
1.03395
1.0329
1.04559
1.01862
1.04151
1.0526
1.03355
1.05165
1.04566
1.03037
1.03822
1.04068
1.01208
1.05864
1.01076
1.02232
1.02137
1.0702
1.04963
1.01716
1.03181
1.03441
1.04603
1.01901
1.08108
1.0027
1.02505
1.03988
1.02214
1.00743
1.0336
1.07324
1.03618
1.01907
1.07745
1.04043
1.02377
1.01273
1.03389
1.01838
1.07291
1.01855
1.04208
1.02963
1.03154
1.03607
1.05166
1.06065
1.05142
1.00492
1.06814
1.07049
1.06537
1.0366
1.06947
1.02548
1.03904
1.03283
1.0664
1.02664
1.00196
1.0039
1.01768
1.03051
1.01433
1.01806
1.01787
1.00419
1.05849
1.05664
1.09221
1.01925
1.03358
1.02661
1.03037
1.06326
1.02831
1.07592
1.00336
1.0516
1.03938
1.04992
1.04066
1.04174
1.01082
1.0173
1.01901
1.02909
1.00639
1.05773
1.00195
1.01726
1.01227
1.01263
1.0279
1.01872
1.0026
1.08091
1.0306
1.01742
1.06482
1.0506
1.03195
1.07271
1.03596
1.02811
1.01006
1.02111
1.00961
1.05131
1.02153
1.04716
1.04644
1.02717
1.0912
1.00283
1.03114
1.0045
1.00607
1.04639
1.03941
1.02444
1.01555
1.07942
1.03916
1.01216
1.00445
1.03733
1.03453
1.04917
1.01253
1.06829
1.03173
1.0552
1.04586
1.01794
1.01218
1.03697
1.0198
1.00841
1.04744
1.02492
1.01507
1.00755
1.04869
1.04962
1.03064
1.04838
1.01305
1.06834
1.05266
1.01048
1.02662
1.03606
1.03996
1.03026
1.01695
1.00288
1.01722
1.05679
1.03532
1.02341
1.04204
1.0384
1.03761
1.00775
1.02252
1.03994
1.07489
1.01926
1.02707
1.04099
1.03867
1.08008
1.01705
1.02278
1.02942
1.01733
1.05076
1.00313
1.00244
1.02948
1.01926
1.01908
1.08772
1.06371
1.03413
1.02146
1.06565
1.06604
1.00432
1.02126
1.06668
1.00968
1.05525
1.01868
1.00822
1.01059
1.01214
1.02181
1.00251
1.04779
1.04208
1.04815
1.04588
1.04665
1.00918
1.06525
1.02145
1.0335
1.0608
1.01411
1.01873
1.03024
1.07267
1.00962
1.07318
1.06638
1.03856
1.05048
1.08275
1.06092
1.05333
1.00305
1.02661
1.03231
1.05059
1.01761
1.00925
1.04283
1.03888
1.00678
1.02849
1.04466
1.08198
1.08202
1.0186
1.02089
1.04026
1.05961
1.01792
1.02537
1.03652
1.06622
1.04948
1.00924
1.05346
1.07388
1.01365
1.0636
1.02326
1.01764
1.01156
1.02564
1.03231
1.04047
1.0059
1.0059
1.04391
1.03612
1.11196
1.02223
1.00809
1.0215
1.01765
1.01276
1.02337
1.04058
1.01003
1.03761
1.01298
1.01369
1.03029
1.03168
1.03583
1.03382
1.01639
1.04731
1.00216
1.11438
1.01507
1.05703
1.01771
1.02866
1.0162
1.04908
1.05275
1.02857
1.0343
1.02587
1.02676
1.0157
1.05458
1.04894
1.01991
1.03038
1.10665
1.01333
1.04089
1.04348
1.01737
1.03827
1.03409
1.05899
1.01715
1.03823
1.03016
1.00346
1.0424
1.02621
1.0379
1.09463
1.00879
1.02092
1.02182
1.02696
1.02432
1.02971
1.0181
1.03151
1.01838
1.02529
1.05871
1.01599
1.02362
1.02039
1.052
1.02113
1.0397
1.04519
1.02489
1.04376
1.01058
1.02392
1.0214
1.0142
1.01682
1.02609
1.04339
1.05085
1.02368
1.03738
1.00233
1.0129
1.07138
1.02778
1.00142
1.01987
1.08559
1.03549
1.0154
1.0613
1.02618
1.00008
1.02868
1.00494
1.08107
1.01316
1.0255
1.03568
1.04785
1.01751
1.00378
1.02972
1.07183
1.06935
1.045
1.01667
1.04083
1.06838
1.09413
1.05015
1.03288
1.01007
1.0208
1.02442
1.02727
1.03458
1.06511
1.01759
1.02049
1.04691
1.09742
1.0097
1.04411
1.03892
1.02342
1.07884
1.00069
1.04123
1.0181
1.01221
1.0244
1.02387
1.09592
1.0304
1.02063
1.08875
1.02454
1.03909
1.03017
1.05496
1.07023
1.04516
1.03756
1.0088
1.04565
1.07474
1.03545
1.03711
1.1059
1.03693
1.0495
1.03719
1.03069
1.03359
1.02425
1.06324
1.01906
1.07439
1.02474
1.03416
1.02421
1.0698
1.06074
1.04445
1.02054
1.02678
1.00503
1.04322
1.0159
1.00528
1.02846
1.00148
1.03706
1.02222
1.02931
1.04302
1.04899
1.04755
1.06714
1.06209
1.05334
1.0096
1.04914
1.04435
1.08291
1.03949
1.03372
1.00471
1.01091
1.00703
1.00851
1.02092
1.0189
1.01127
1.05493
1.02562
1.00332
1.03266
1.05222
1.01379
1.00291
1.02134
1.03681
1.05296
1.04922
1.03765
1.04614
1.06827
1.08049
1.02235
1.01191
1.01804
1.02683
1.0514
1.0119
1.04192
1.0021
1.05529
1.05302
1.02268
1.03242
1.05203
1.04599
1.05903
1.01984
1.0201
1.07213
1.00723
1.02424
1.05979
1.02543
1.01596
1.04821
1.04015
1.03518
1.03322
1.03863
1.01381
1.07298
1.04418
1.01541
1.03427
1.06533
1.07289
1.05322
1.065
1.02469
1.00698
1.02384
1.04947
1.11984
1.04617
1.05709
1.0683
1.0356
1.07089
1.02014
1.02711
1.02792
1.00531
1.01923
1.04968
1.00487
1.04946
1.03625
1.02919
1.04467
1.00716
1.0002
1.00255
1.05883
1.04349
1.01681
1.02554
1.00983
1.01787
1.01971
1.0873
1.01772
1.06008
1.012
1.03271
1.04424
1.04978
1.01717
1.02434
1.0035
1.02058
1.04463
1.0168
1.04808
1.0371
1.04287
1.04144
1.01835
1.04334
1.06349
1.02409
1.04139
1.05012
1.05676
1.06023
1.01535
1.02045
1.03686
1.00426
1.04204
1.05402
1.06317
1.0096
1.01877
1.05467
1.03573
1.00292
1.00095
1.0598
1.01888
1.00529
1.05375
1.00681
1.05082
1.01566
1.02979
1.0471
1.05197
1.03317
1.03862
1.01404
1.00991
1.04448
1.07489
1.01481
1.0266
1.05476
1.05942
1.00938
1.01185
1.05118
1.03415
1.01507
1.06304
1.03222
1.05664
1.01593
1.06756
1.05293
1.04694
1.0176
1.02838
1.03579
1.0371
1.00997
1.03371
1.03982
1.02545
1.04524
1.04267
1.01022
1.09984
1.0018
1.01384
1.06763
1.06031
1.05343
1.02944
1.05416
1.04075
1.0136
1.04738
1.0319
1.03004
1.05014
1.00035
1.04407
1.02452
1.04162
1.09358
1.0579
1.02203
1.03747
1.03485
1.05132
1.03368
1.05062
1.0222
1.01278
1.00891
1.026
1.0342
1.04009
1.076
1.05768
1.01718
1.05364
1.03409
1.02012
1.01208
1.0485
1.01946
1.01167
1.00082
1.02974
1.04094
1.02042
1.03961
1.13334
1.05968
1.04717
1.01246
1.02072
1.05834
1.04217
1.01423
1.05152
1.04003
1.03112
1.02132
1.03917
1.037
1.01441
1.03555
1.02543
1.03011
1.01033
1.02319
1.03131
1.00929
1.00626
1.0183
1.05181
1.06591
1.03455
1.00599
1.04738
1.03286
1.04184
1.01442
1.06436
1.01503
1.00931
1.0178
1.02911
1.04528
1.02747
1.05851
1.04662
1.04192
1.00335
1.02379
1.03448
1.04347
1.04375
1.06206
1.05088
1.00333
1.01156
1.00376
1.01576
1.02399
1.07759
1.0244
1.03503
1.02358
1.03996
1.03362
1.03997
1.06574
1.02021
1.02713
1.05484
1.02207
1.05135
1.0765
1.03
1.07182
1.0032
1.02177
1.01584
1.02516
1.02452
1.05624
1.01647
1.00367
1.03854
1.03252
1.02047
1.0853
1.05264
1.02678
1.03498
1.05634
1.01517
1.02623
1.03115
1.02252
1.0296
