1.04844
1.03044
1.00421
1.04028
1.03752
1.03016
1.03382
1.03083
1.05396
1.06128
1.03097
1.03908
1.03816
1.06064
1.03249
1.03045
1.02759
1.01964
1.04306
1.00511
1.00277
1.02911
1.011
1.06254
1.01298
1.03455
1.07111
1.00701
1.01591
1.00445
1.00741
1.02002
1.0126
1.06199
1.04032
1.02065
1.04404
1.00144
1.03247
1.00987
1.05605
1.03364
1.00984
1.05786
1.03818
1.06806
1.00455
1.02832
1.02831
1.05188
1.03866
1.04792
1.03906
1.03335
1.00693
1.04263
1.05562
1.02319
1.05565
1.01359
1.00891
1.00376
1.00761
1.03337
1.06651
1.00841
1.02942
1.03371
1.02417
1.04938
1.05393
1.01877
1.07596
1.03769
1.02014
1.01927
1.10463
1.013
1.01634
1.02747
1.04872
1.0066
1.04372
1.01887
1.00925
1.05333
1.03189
1.02841
1.02405
1.02233
1.02615
1.015
1.0327
1.04082
1.02722
1.07168
1.01528
1.01408
1.01334
1.04827
1.04368
1.02199
1.01338
1.00729
1.04982
1.08994
1.06047
1.05439
1.05974
1.0246
1.02314
1.00968
1.00378
1.02998
1.01708
1.01897
1.03448
1.04801
1.03907
1.02165
1.02348
1.02352
1.06291
1.0276
1.00409
1.03165
1.0257
1.00784
1.04303
1.02854
1.03078
1.02964
1.03013
1.01987
1.04854
1.05637
1.02982
1.07266
1.01815
1.02411
1.03424
1.04146
1.03155
1.01223
1.02176
1.03245
1.02674
1.01315
1.04015
1.12599
1.01438
1.02937
1.04121
1.02269
1.07898
1.0489
1.00237
1.01141
1.04037
1.07225
1.04394
1.0493
1.03975
1.04865
1.08091
1.03749
1.03638
1.0756
1.06802
1.03472
1.01387
1.09942
1.03342
1.03308
1.05645
1.03693
1.02821
1.03993
1.03154
1.04317
1.0551
1.02258
1.08486
1.03947
1.02204
1.03731
1.01207
1.02835
1.09444
1.00645
1.04389
1.05497
1.03178
1.08554
1.05844
1.02262
1.07676
1.03168
1.01674
1.00992
1.02385
1.09832
1.02636
1.01911
1.03998
1.00632
1.05801
1.00859
1.05034
1.02147
1.03645
1.02436
1.03646
1.02138
1.05966
1.04665
1.00596
1.03654
1.04974
1.02338
1.02977
1.00742
1.08338
1.01326
1.02894
1.01215
1.07737
1.01283
1.02093
1.04999
1.06027
1.02732
1.08317
1.00953
1.07472
1.00374
1.04946
1.01924
1.05844
1.01848
1.01232
1.05009
1.04837
1.01848
1.07127
1.00228
1.06459
1.00257
1.0465
1.087
1.05001
1.02367
1.06799
1.03307
1.00155
1.05422
1.02078
1.04933
1.0795
1.01826
1.04594
1.0165
1.02721
1.02166
1.03853
1.02052
1.02396
1.00226
1.00054
1.01065
1.07531
1.02636
1.02127
1.01074
1.03107
1.01145
1.06014
1.07956
1.01903
1.01851
1.01564
1.01787
1.02867
1.06225
1.07312
1.0501
1.05514
1.03971
1.04916
1.00697
1.03745
1.09831
1.04314
1.01211
1.03678
1.0875
1.0295
1.00336
1.02344
1.03438
1.05572
1.02701
1.05923
1.02115
1.04118
1.03457
1.03249
1.01839
1.00749
1.05984
1.0122
1.0392
1.04363
1.07625
1.04236
1.02175
1.00759
1.04273
1.06118
1.05278
1.00544
1.0264
1.05977
1.04047
1.03298
1.0647
1.04266
1.0574
1.01806
1.02654
1.04156
1.0553
1.00717
1.00601
0.999999
1.06373
1.03079
1.03494
1.03931
1.08496
1.03612
1.03768
1.03533
1.00362
1.00359
1.01372
1.06657
1.00737
1.01321
1.05789
1.04122
1.04721
1.01887
1.06126
1.00133
1.03529
1.01033
1.05299
1.039
1.03791
1.002
1.0088
1.06239
1.10446
1.0317
1.01617
1.04496
1.04224
1.03385
1.024
1.04812
1.03706
1.03147
1.02447
1.02872
1.04559
1.00903
1.01108
1.08395
1.00961
1.0097
1.06786
1.04727
1.02169
1.00342
1.07381
1.0502
1.03204
1.02968
1.02914
1.02145
1.05893
1.0242
1.0217
1.02776
1.00015
1.0355
1.08913
1.0102
1.02432
1.06765
1.03763
1.01304
1.02995
1.01804
1.00853
1.04982
1.02683
1.02804
1.03009
1.08427
1.04297
1.01171
1.01642
1.03607
1.05606
1.0483
1.00039
1.03387
1.01292
1.01701
1.05267
1.01609
1.02992
1.00398
1.01793
1.00238
1.01787
1.00856
1.02457
1.05887
1.04178
1.03902
1.08323
1.03531
1.00644
1.04776
1.05075
1.05752
1.03196
1.03222
1.008
1.0415
1.08105
1.07987
1.00597
1.05409
1.05079
1.01629
1.01524
1.03384
1.02823
1.014
1.04045
1.04291
1.03132
1.00914
1.02472
1.02009
1.01828
1.03919
1.01077
1.03765
1.03181
1.03155
1.01304
1.02188
1.01293
1.03956
1.04892
1.02751
1.01819
1.06308
1.01923
1.05193
1.05061
1.05284
1.04345
1.00357
1.02142
1.0112
1.02411
1.0209
1.02833
1.04216
1.00594
1.04947
1.01311
1.0032
1.02722
1.04197
1.03705
1.04151
1.0561
1.01149
1.03015
1.03271
1.00997
1.04618
1.02111
1.00924
1.05472
1.04984
1.05928
1.05007
1.04232
1.04584
1.02103
1.00913
1.07066
1.03771
1.0283
1.07933
1.01021
1.00817
1.01166
1.07117
1.11086
1.01413
1.06303
1.03919
1.00506
1.02976
1.02751
1.00552
1.00764
1.0537
1.01789
1.04063
1.01152
1.04564
1.03275
1.10298
1.01362
1.07243
1.00665
1.07788
1.02259
1.02879
1.0155
1.03806
1.02183
1.08714
1.01587
1.00609
1.02693
1.00828
1.04432
1.0558
1.05821
1.07884
1.01095
1.04037
1.04135
1.03396
1.04006
1.00891
1.01465
1.03007
1.03391
1.03066
1.03556
1.02152
1.03722
1.03165
1.03598
1.03461
1.10079
1.03698
1.04856
1.01219
1.01835
1.03173
1.01257
1.07731
1.01384
1.04023
1.03487
1.04925
1.04664
1.03624
1.02344
1.16079
1.04234
1.04732
1.00237
1.02393
1.04621
1.00302
1.01041
1.05996
1.06379
1.00552
1.01167
1.04432
1.08561
1.0292
1.02617
1.00719
1.0322
1.00914
1.05305
1.06795
1.02384
1.03171
1.0311
1.03199
1.06212
1.06384
1.0685
1.03623
1.02386
1.03843
1.0246
1.03227
1.03264
1.026
1.02677
1.01427
1.03093
1.04695
1.04577
1.06258
1.02844
1.02617
1.0336
1.04216
1.02372
1.02799
1.01792
1.0209
1.04795
1.04908
1.03327
1.03014
1.00422
1.02135
1.06432
1.01892
1.02327
1.04469
1.1445
1.04208
1.05876
1.03265
1.02351
1.04785
1.04163
1.07115
1.01904
1.09006
1.03161
1.04849
1.02088
1.00231
1.05307
1.01061
1.05848
1.0168
1.03984
1.04108
1.03587
1.07176
1.01957
1.02588
1.03565
1.02818
1.02224
1.05296
1.00361
1.03125
1.03459
1.01039
1.04628
1.02006
1.04986
1.03162
1.10576
1.00724
1.01884
1.03789
1.10547
1.03
1.03046
1.01634
1.06353
1.00306
1.05342
1.01094
1.02339
1.02485
1.02494
1.01759
1.02117
1.06972
1.03198
1.04755
1.01542
1.04195
1.01562
1.04365
1.03656
1.02896
1.01955
1.09814
1.04294
1.06399
1.02593
1.04113
1.038
1.0355
1.08484
1.05827
1.03936
1.02596
1.02368
1.00615
1.07517
1.02866
1.06742
1.03414
1.04214
1.00908
1.01359
1.02369
1.00499
1.04985
1.0576
1.04905
1.0511
1.02632
1.0266
1.01525
1.02204
1.01837
1.00353
1.03666
1.00409
1.06215
1.01115
1.02588
1.02358
1.01762
1.02817
1.05675
1.0529
1.0146
1.02114
1.0474
1.0029
1.02921
1.03148
1.02924
1.08497
1.03533
1.06264
1.01566
1.06971
1.01891
1.02597
1.00381
1.02512
1.00979
1.00502
1.02886
1.0383
1.01709
1.02934
1.00906
1.03518
1.01841
1.02698
1.03499
1.01816
1.01131
1.06661
1.01551
1.05357
1.03824
1.01315
1.00216
1.03235
1.04099
1.05305
1.00026
1.04264
1.03249
1.02113
1.00264
1.00094
1.02576
1.05345
1.01313
1.00968
1.01149
1.02265
1.03661
1.02578
1.03661
1.01869
1.00136
1.01199
1.05855
1.14463
1.0128
1.03227
1.0447
1.01193
1.02482
1.04335
1.01159
1.05024
1.04161
1.05553
1.02554
1.00803
1.02853
1.0162
1.04649
1.05352
1.01796
1.04996
1.11115
1.04655
1.02444
1.04078
1.02221
1.0336
1.0869
1.02241
1.02508
1.02513
1.04537
1.01157
1.00598
1.03555
1.04236
1.03706
1.05379
1.06953
1.03688
1.06152
1.04369
1.04824
1.00127
1.04089
1.06046
1.03992
1.04644
1.02989
1.00562
1.08534
1.04406
1.00568
1.03468
1.02376
1.03715
1.02284
1.0106
1.03832
1.01161
1.02571
1.02353
1.06096
1.03129
1.00729
1.00776
1.05755
1.01896
1.0645
1.03026
1.04187
1.02248
1.04575
1.03687
1.06592
1.06431
1.02515
1.05988
1.02016
1.07172
1.02059
1.01492
1.01059
1.00133
1.04101
1.04932
1.03091
1.06088
1.06196
1.03523
1.06633
1.06143
1.0255
1.0095
1.03659
1.05637
1.01681
1.10098
1.06338
1.0612
1.03212
1.00345
1.02851
1.00597
1.01309
1.02424
1.04559
1.02988
1.04996
1.08849
1.00727
1.03745
1.01418
1.04128
1.01703
1.01152
1.02002
1.03156
1.08906
1.03702
1.0077
1.01459
1.05386
1.01793
1.01015
1.06296
1.04786
1.03114
1.05911
1.04017
1.06906
1.04415
1.07255
1.08119
1.04877
1.02018
1.04449
1.07661
1.0408
1.00804
1.02277
1.03506
1.03018
1.02176
1.0081
1.05119
1.01784
1.00962
1.02359
1.04195
1.01017
1.06582
1.0134
1.026
1.00181
1.03674
1.02933
1.01398
1.0392
1.0893
1.03556
1.03074
1.04091
1.04562
1.04153
1.02276
1.04373
1.05086
1.00165
1.02616
1.02087
1.01391
1.03586
1.00476
1.04144
1.03514
1.08774
1.05446
1.00917
1.02161
1.0116
1.03724
1.04201
1.02366
1.00972
1.05771
1.02735
1.00866
1.0029
1.04059
1.01487
1.04086
1.06292
1.0249
1.00797
1.01981
1.02953
1.01676
