1.02451
1.03185
1.02308
1.01691
1.00389
1.02062
1.02188
1.0276
1.10531
1.03688
1.0269
1.03045
1.04216
1.01181
1.0192
1.0583
1.02652
1.00477
1.00719
1.02782
1.05074
1.03308
1.07138
1.02223
1.0642
1.05778
1.02544
1.02419
1.01697
1.02659
1.02961
1.04087
1.0232
1.00368
1.03876
1.02065
1.013
1.03944
1.02383
1.0765
1.01958
1.02536
1.02337
1.06552
1.0804
1.03051
1.06765
1.02149
1.05731
1.04209
1.0499
1.06764
1.03623
1.03084
1.00843
1.02163
1.0202
1.00936
1.00463
1.03976
1.04703
1.01336
1.01815
1.03688
1.04388
1.01826
1.02985
1.03239
1.07625
1.01473
1.03456
1.0093
1.01001
1.05368
1.00271
1.03857
1.05144
1.03431
1.03775
1.02551
1.04282
1.04397
1.03339
1.05161
1.0135
1.02989
1.04359
1.04213
1.01176
1.02906
1.05018
1.05197
1.0687
1.00931
1.02953
1.04687
1.03437
1.04276
1.05446
1.06961
1.06924
1.00927
1.04161
1.00799
1.01375
1.03024
1.02201
1.00737
1.03927
1.03864
1.10652
1.03459
1.08822
1.00736
1.08229
1.01625
1.02722
1.07384
1.02036
1.01128
1.03927
1.0675
1.01132
1.01308
1.00282
1.0133
1.02428
1.03223
1.0442
1.02963
1.0288
1.00094
1.00981
1.072
1.03482
1.05207
1.01796
1.06529
1.04182
1.02891
1.02692
1.04275
1.02891
1.03706
1.04788
1.07365
1.03365
1.06112
1.05989
1.00385
1.0941
1.00893
1.045
1.02531
1.02332
1.01243
1.01712
1.05361
1.0324
1.04563
1.05445
1.06808
1.00946
1.03005
1.06199
1.04868
1.03066
1.02656
1.02533
1.02099
1.01418
1.06808
1.03714
1.03813
1.03852
1.03984
1.02792
1.03147
1.00782
1.06278
1.01057
1.06049
1.01075
1.03188
1.072
1.05447
1.06414
1.00481
1.03023
1.03623
1.01416
1.03201
1.02483
1.02561
1.01153
1.02342
1.03881
1.04448
1.00644
1.0358
1.04257
1.01783
1.06892
1.04023
1.03305
1.03401
1.03592
1.00516
1.0452
1.04485
1.00328
1.04202
1.08964
1.03467
1.00922
1.00418
1.05287
1.02327
1.01636
1.02297
1.08047
1.01994
1.04531
1.01784
1.02726
1.01983
1.03754
1.03238
1.05686
1.01837
1.04104
1.05368
1.02283
1.03171
1.05405
1.02218
1.02382
1.09881
1.03168
1.00861
1.0258
1.02859
1.04179
1.02557
1.04528
1.03706
1.00989
1.08647
1.02778
1.03394
1.02808
1.0591
1.04721
1.06518
1.06208
1.02224
1.04198
1.00771
1.03468
1.02533
1.04162
1.03123
1.02453
1.054
1.01033
1.03712
1.03734
1.04832
1.03286
1.01255
1.03148
1.02699
1.03241
1.03604
1.0231
1.03958
1.07634
1.0284
1.03112
1.03992
1.03086
1.01647
1.03942
1.00754
1.1106
1.02401
1.05326
1.00942
1.03432
1.02299
1.03347
1.00133
1.00784
1.00733
1.01745
1.00839
1.04645
1.02269
1.00267
1.09829
1.03627
1.00376
1.03067
1.01723
1.01276
1.08384
1.02754
1.04515
1.03021
1.09091
1.05518
1.0374
1.03376
1.00998
1.01152
1.04585
1.06685
1.02774
1.02662
1.0675
1.02213
1.05506
1.01166
1.05246
1.06306
1.01175
1.04493
1.02117
1.05918
1.06041
1.01176
1.01275
1.02119
1.01074
1.00027
1.02358
1.03521
1.03675
1.0364
1.03022
1.02382
1.03192
1.01362
1.00949
1.06745
1.05131
1.05006
1.01996
1.01064
1.04729
1.00265
1.0423
1.03863
1.04388
1.00439
1.02521
1.00849
1.03229
1.01432
1.04054
1.0463
1.02042
1.02871
1.07394
1.01956
1.01515
1.02831
1.01362
1.0392
1.02531
1.04474
1.03541
1.02205
1.03548
1.036
1.06132
1.03516
1.0305
1.02544
1.00607
1.03482
1.04712
1.04925
1.02747
1.04562
1.06918
1.05153
1.00188
1.03712
1.04044
1.0967
1.02691
1.02499
1.0314
1.05535
1.06765
1.02478
1.02509
1.03636
1.00996
1.03996
1.04095
1.00795
1.04836
1.00693
1.01146
1.05245
1.05291
1.0219
1.01083
1.06587
1.01294
1.02536
1.00462
1.05698
1.02856
1.03324
1.02371
1.05917
1.036
1.0416
1.10235
1.0456
1.03665
1.01593
1.04302
1.02747
1.02396
1.05865
1.04035
1.04611
1.00727
1.01715
1.0139
1.03806
1.02269
1.02207
1.08779
1.00245
1.05153
1.0679
1.04873
1.08569
1.02348
1.05702
1.04016
1.02924
1.05254
1.02303
1.04307
1.0194
1.02917
1.06505
1.02287
1.02437
1.03303
1.02931
1.0452
1.03252
1.00426
1.03075
1.00535
1.11357
1.00885
1.03042
1.0551
1.04184
1.04847
1.06404
1.00471
1.0342
1.02021
1.08755
1.0203
1.04314
1.03624
1.03085
1.00585
1.05062
1.0099
1.05582
1.0215
1.00238
1.08402
1.02579
1.05384
1.00819
1.0129
1.05013
1.02171
1.00823
1.06278
1.03208
1.0707
1.07047
1.05368
1.06886
1.02302
1.00606
1.02659
1.01716
1.01309
1.0047
1.01621
1.0168
1.0541
1.03909
1.02601
1.055
1.062
1.0253
1.02443
1.04167
1.00784
1.0459
1.04348
1.05595
1.03642
1.05676
1.04314
1.0417
1.03857
1.03296
1.02438
1.04356
1.01277
1.05094
1.05291
1.03952
1.06264
1.02893
1.02307
1.03504
1.03524
1.03354
1.05736
1.00159
1.05588
1.0372
1.06658
1.01994
1.02553
1.0091
1.05726
1.02994
1.04133
1.09842
1.03776
1.04822
1.03587
1.04092
1.0378
1.0097
1.00289
1.03126
1.03524
1.0922
1.03793
1.04357
1.01753
1.02711
1.02471
1.04551
1.01925
1.01608
1.03234
1.0332
1.0148
1.0159
1.08279
1.04104
1.09866
1.00888
1.02816
1.05953
1.0248
1.03549
1.02782
1.06005
1.00751
1.05638
1.05981
1.02957
1.02496
1.04007
1.02972
1.08804
1.03072
1.05292
1.06274
1.02714
1.06897
1.01311
1.07154
1.01908
1.05484
1.02895
1.06925
1.03765
1.03272
1.04769
1.01399
1.02496
1.01409
1.02112
1.01703
1.03182
1.0177
1.01809
1.03939
1.00451
1.03365
1.04017
1.03532
1.0251
1.04217
1.0608
1.05323
1.0188
1.02692
1.00972
1.02768
1.02575
1.06984
1.05312
1.00889
1.00635
1.02243
1.02152
1.07308
1.04795
1.06915
1.01331
1.02137
1.05456
1.02296
1.02955
1.05293
1.00126
1.0467
1.05908
1.00685
1.05175
1.00334
1.05693
1.01259
1.0065
1.06651
1.03931
1.08069
1.0728
1.04156
1.02472
1.05018
1.04034
1.03651
1.04016
1.05643
1.07083
1.0189
1.03821
1.03837
1.00606
1.01579
1.02376
1.0438
1.00114
1.04671
1.10146
1.02872
1.03798
1.03512
1.01591
1.07212
1.04103
1.0257
1.00037
1.00412
1.01829
1.02965
1.02812
1.02391
1.0261
1.0309
1.02092
1.0643
1.02167
1.03613
1.00914
1.00946
1.03898
1.01755
1.04825
1.06033
1.02718
1.07983
1.03754
1.02568
1.02116
1.04639
1.03725
1.01028
1.049
1.01976
1.03335
1.00588
1.03071
1.04435
1.01316
1.06806
1.08041
1.05058
1.01788
1.01555
1.04094
1.01759
1.0171
1.04738
1.07523
1.0334
1.02008
1.01291
1.0051
1.08209
1.0483
1.04718
1.0344
1.0262
1.06198
1.04942
1.00658
1.02856
1.02955
1.05046
1.01144
1.03454
1.05538
1.06317
1.03401
1.02385
1.02233
1.02547
1.01721
1.04338
1.0432
1.02454
1.05694
1.01245
1.05041
1.00751
1.05717
1.04291
1.05068
1.02352
1.02325
1.0345
1.05922
1.03605
1.00344
1.00393
1.08953
1.08531
1.034
1.03652
1.01144
1.04229
1.02718
1.0022
1.04659
0.999913
1.04469
1.01295
1.02756
1.02855
1.04027
1.07028
1.06245
1.05967
1.02574
1.07733
1.00579
1.06048
1.03475
1.03609
1.03035
1.01634
1.03586
1.06171
1.11012
1.04224
1.04858
1.01542
1.00252
1.01388
1.03166
1.02457
1.02484
1.02995
1.0267
1.0345
1.04367
1.02083
1.01936
1.04983
1.00295
1.01942
1.04786
1.00895
1.03552
1.04378
1.03787
1.06173
1.01423
1.05768
1.14899
1.07835
1.04113
1.04605
1.01383
1.03245
1.03583
1.01107
1.01734
1.0499
1.02092
1.02659
1.06405
1.03334
1.0384
1.06166
1.00821
1.02803
1.01232
1.009
1.01514
1.04082
1.04493
1.01471
1.06218
1.02699
1.00922
1.03411
1.08253
1.02457
1.00868
1.0297
1.02232
1.02193
1.06
1.02864
1.03326
1.038
1.0513
1.03487
1.03494
1.00171
1.03677
1.01633
1.02277
1.071
1.04479
1.05533
1.03687
1.01724
1.01707
1.02742
1.00805
1.04013
1.05823
1.01193
1.0198
1.08222
1.05087
1.02276
1.04032
1.03169
1.00138
1.15041
1.00533
1.00553
1.0431
1.02717
1.00342
1.01869
1.02487
1.05294
1.02766
1.08479
1.03149
1.03159
1.06304
1.02483
1.03174
1.02237
1.05289
1.05965
1.05342
1.01309
1.06083
1.03166
1.04841
1.01523
1.05975
1.03928
1.00769
1.03746
1.01813
1.05243
1.01018
1.05792
1.02894
1.00401
1.01781
1.00333
1.03766
1.02798
1.00948
1.01938
1.02759
1.05011
1.06316
1.0079
1.03685
1.03557
1.04848
0.999616
1.04273
1.01343
1.05251
1.06921
1.06017
1.023
1.01819
1.01545
1.03952
1.03132
1.00519
1.00526
1.03826
1.03902
1.04195
1.05417
1.00542
1.05997
1.0405
1.02749
1.0405
1.04773
1.01681
1.01176
1.04406
1.00825
1.01729
1.01664
1.0037
1.04068
1.01879
1.0154
1.03551
1.0512
1.01607
1.00602
1.04651
1.03487
1.01293
1.0145
1.03276
1.05473
1.00253
1.05664
1.01278
1.01388
1.05157
1.02166
1.01316
1.04998
1.0964
1.03896
1.05438
1.03717
1.03731
1.02649
1.01686
1.03875
1.0668
1.0265
1.06969
1.01667
1.02553
1.02457
1.02661
1.02981
1.00407
1.03623
1.01032
1.05193
1.04518
1.0485
1.0257
1.05206
