1.09182
1.12525
1.1339
1.04731
1.12072
1.07662
1.11443
1.13016
1.14466
1.04305
1.03245
1.08904
1.10439
1.03439
1.11639
1.11642
1.03422
1.06903
1.15298
1.05705
1.0833
1.06659
1.10329
1.08002
1.10322
1.09705
1.14899
0.982205
1.09887
1.02223
1.02587
1.06721
1.02878
1.13853
1.08936
1.07268
1.06787
1.09898
1.10667
1.07832
1.10589
1.09138
1.09247
1.12537
1.1051
1.00416
1.15384
1.14326
1.05102
1.06028
1.11184
1.01676
1.07347
1.11147
1.10446
0.990405
1.08598
1.12167
1.11214
1.05905
1.09658
1.14298
1.08628
1.03409
1.01867
1.08482
1.0435
1.08636
1.10717
1.08866
1.05554
1.02907
1.07468
1.06045
1.08836
1.02455
1.07942
1.11754
1.06759
1.08115
1.10422
1.08856
1.12631
1.07442
1.05336
1.03211
1.08793
1.05347
1.08396
1.06167
1.07963
1.10544
1.08754
1.08236
1.03125
1.08527
1.01766
1.09916
1.10297
1.12128
1.04759
1.03093
1.11526
1.00184
1.09465
1.11046
1.15118
1.04075
1.08152
1.05456
1.07316
1.12806
1.09089
1.06497
1.05634
1.20024
1.04349
1.05448
1.06164
1.17948
1.12225
1.10327
1.05667
1.0614
1.06824
1.09161
1.09866
1.08652
1.10784
1.08492
1.13359
1.12711
1.05806
1.05553
1.15282
1.08941
1.0076
1.22449
1.03005
1.14704
1.02662
1.03961
1.06175
1.08862
0.972556
1.07519
1.10779
1.08742
1.06652
1.05356
1.0624
1.11871
1.15127
1.08675
1.13676
1.07156
1.11002
1.08112
1.09587
1.06768
1.10271
1.08442
1.10912
1.11715
1.08195
1.14507
1.0174
1.03947
1.0287
1.08343
1.03063
1.06327
1.08812
1.0709
1.04872
1.08535
1.06991
1.08807
1.08766
1.08683
1.06562
1.1629
1.08897
1.06144
1.06156
1.03678
1.06631
1.05549
1.09604
1.12935
1.07614
1.06718
1.06601
1.08191
1.07569
1.04641
1.09436
1.06818
1.07225
1.19202
1.11184
1.00389
1.13005
1.04074
1.08091
1.10241
1.08529
1.07572
1.08568
1.06069
1.03575
1.09231
1.07283
1.09958
1.04131
1.03769
1.11827
1.07148
1.09788
1.0876
1.07852
1.04489
1.02774
1.04705
1.07574
1.08441
1.11381
1.13767
1.08488
1.07406
1.03566
1.17205
1.14548
1.08816
1.09843
1.08628
1.0739
1.08005
1.07263
1.05897
1.09362
1.0732
1.08632
1.16264
1.12634
1.07554
1.11246
1.09188
1.08226
1.06135
1.05289
1.09077
1.05736
1.09526
1.06654
1.09676
1.04827
1.0403
1.10281
1.12233
1.0642
1.08717
1.03726
1.0683
1.06
1.0913
1.08711
1.10687
1.0893
1.11073
1.03084
1.10359
1.05831
1.09459
1.06067
1.08576
1.09427
1.06092
1.10288
1.08543
1.01146
1.13054
1.07871
1.06732
1.11307
1.03908
1.12436
1.10101
1.02598
1.13955
1.06169
1.0778
1.13094
1.19965
1.11302
1.07863
1.04053
0.990873
1.06912
1.0895
1.02671
1.13448
1.09182
1.08885
1.12753
1.1508
1.03449
1.13559
1.04768
1.06898
1.05846
1.12215
1.08969
1.12011
1.09001
1.08317
1.01276
1.12688
1.0716
1.03663
1.14306
1.05716
1.05531
1.08887
1.02207
1.07553
1.08461
1.12963
1.03686
1.14534
1.07149
1.145
1.08354
1.10741
1.02622
1.15531
1.11392
1.08985
1.06774
1.12846
1.14229
1.06975
1.06999
1.13396
1.06868
1.0773
1.09879
1.07458
1.10679
1.11246
1.08095
1.08527
1.06501
1.07701
1.04048
1.07047
1.10635
1.0609
1.11052
1.09155
1.08809
1.07697
1.05855
1.07364
1.06536
1.10672
1.04624
1.11168
1.04197
1.03197
1.1893
1.13165
1.03146
1.11269
1.08158
1.07773
1.08799
1.06367
1.02246
1.08467
1.10512
1.0539
1.07252
1.07539
1.0902
1.08722
1.05035
1.10623
1.08329
1.06267
1.06702
1.06151
1.10892
1.09114
1.06687
1.09068
1.11639
1.02113
1.09029
1.09261
1.10437
1.04508
1.08823
1.07303
1.1639
1.01609
1.08703
1.11748
1.07004
1.09167
1.08003
1.07399
1.04766
1.18817
1.08268
1.06264
1.13556
1.08268
1.03979
1.12622
1.06041
1.11596
1.06772
1.09456
1.0256
1.03682
1.07954
1.09481
1.02509
1.08065
1.09525
1.12393
1.07251
1.07591
1.06074
1.13653
1.10496
1.12484
1.07498
1.07871
1.14404
1.15987
1.09094
1.07048
1.05637
1.05178
1.09139
1.12929
1.08417
1.08523
1.12914
1.07958
1.05432
1.07246
1.04687
1.13203
1.06013
1.08697
1.10261
1.14003
1.09531
1.07195
1.08344
1.07791
1.09474
1.02509
1.03211
1.08907
1.03828
1.12645
1.07874
1.10148
1.10791
1.04039
1.1149
1.07165
1.05762
1.05857
1.04663
1.09277
1.13606
1.08511
1.12341
1.08417
1.07175
1.10687
1.09301
1.09551
1.11967
1.08864
1.07034
1.04492
1.13766
1.08923
1.08699
1.07223
1.11255
1.10216
1.04886
1.05557
1.07772
1.05956
0.999364
1.11792
1.0277
1.11516
1.12106
1.11243
1.12413
1.08953
1.04019
1.05177
1.11691
1.15114
1.05444
1.1004
1.10997
1.01495
1.08764
1.11904
1.13538
1.03222
1.13108
1.04877
1.11116
1.12815
1.09325
1.07461
1.09441
1.00963
1.09017
1.06897
1.12155
1.08159
1.10173
1.11241
1.03451
1.09712
1.09504
1.087
1.0539
1.06383
1.1505
1.08579
1.05149
1.06485
1.00848
1.05315
1.11354
1.03612
1.0889
1.07343
1.11462
1.08715
1.02216
1.08942
1.06414
1.12927
1.0831
1.11055
1.06352
1.11407
1.11285
1.06618
1.09135
1.04563
1.09918
1.1244
1.08903
1.11191
1.07287
1.07362
1.06122
1.10448
1.10341
1.07061
1.0739
1.04204
1.08739
1.02777
1.09824
1.04414
1.11292
1.01214
1.04239
1.10558
1.06217
1.0887
1.1409
1.08358
1.09045
1.01931
1.11296
1.10259
1.10176
1.08151
1.09434
1.07906
1.10578
1.06607
1.05421
1.07999
1.07923
1.05625
0.950919
1.11471
1.01851
1.09977
1.08232
1.0872
0.991535
1.10225
1.09397
1.10036
1.1621
1.15275
1.07861
1.1504
1.05197
1.06214
1.06924
1.05038
1.08689
1.07811
1.04885
1.06923
1.09387
1.05223
1.08442
1.08448
1.01937
1.08403
1.1296
0.987648
1.09521
1.07591
1.08862
1.06459
1.079
1.08406
1.10335
1.13656
1.10961
1.07265
1.05874
1.13798
1.13758
1.07178
1.16355
1.09439
1.03174
1.05218
1.08892
1.0907
1.10343
1.05364
1.10012
1.07265
1.05621
1.11303
1.09264
1.13503
1.07853
1.07997
1.11909
1.11675
1.07477
1.10532
1.07672
1.15178
1.07902
1.12176
0.998456
1.1045
1.11756
1.07248
1.13094
1.13643
1.14725
1.13765
1.10085
1.07361
1.0334
1.0836
1.07966
1.08737
1.1647
1.09463
1.12751
1.0442
1.08237
1.09408
1.10526
1.11023
1.06418
1.04317
1.08078
1.10301
1.10183
1.06968
1.12
1.0991
1.0539
1.12787
1.09959
1.12216
1.13564
1.09091
1.03406
1.09747
1.10805
1.04406
1.0774
1.08064
1.0917
1.09717
1.12667
1.01429
1.0508
1.12232
1.03267
1.14094
1.04347
1.09302
1.18787
0.941923
1.05661
1.08709
1.04053
1.02555
1.06185
1.17941
1.08748
1.08521
1.13154
1.14071
1.15026
1.09747
1.06957
1.07752
1.12796
1.07268
1.05386
1.03169
1.09934
1.13899
1.09834
1.09459
1.04119
1.13433
1.06816
1.1666
1.11374
1.08286
1.03435
1.13399
1.10395
1.06093
1.08564
1.05241
0.982031
1.10097
1.07334
1.04192
1.05924
1.12253
1.08036
1.11868
1.08143
1.07704
1.04545
1.03734
1.03814
1.1011
1.08742
1.12858
1.11154
1.05931
1.13442
1.02052
1.05811
1.05258
1.11143
1.12577
1.0634
1.08909
1.07172
1.08633
1.04132
1.07364
1.04545
1.08933
1.05852
1.057
1.08256
1.13273
1.11943
1.03507
1.05728
1.05046
1.0726
1.17356
1.06949
1.10385
1.07558
1.08464
1.07254
1.10888
1.03233
1.08065
1.07918
1.04582
1.04864
1.09786
1.05012
1.11216
1.11162
1.11627
1.0393
1.06709
1.11475
1.05906
1.08099
1.06643
1.08754
1.09606
1.13036
1.08588
1.02766
1.09354
1.08474
1.0837
1.10222
1.12953
1.0573
1.09035
1.0888
1.11544
1.14949
1.10566
1.09705
1.08539
1.03728
1.1131
1.16221
1.1138
1.12458
1.09738
1.02045
1.0274
1.075
1.08308
1.11994
1.07191
1.08956
1.09921
1.10474
1.04366
1.04991
1.05454
1.0985
1.08307
1.09949
1.08222
1.0869
1.04975
1.01947
1.06751
1.14526
1.11854
1.05953
1.07683
1.08772
1.06504
1.07168
1.13034
1.03166
1.05789
1.12115
1.14993
1.11981
1.07088
1.15559
1.0315
1.06762
1.0502
1.08026
1.09906
1.05401
1.07152
1.02975
1.07481
1.08584
1.12718
1.09021
1.11486
1.0871
1.03709
1.0732
1.14347
1.03525
1.0967
1.04441
1.07635
1.04288
1.13297
1.12155
1.07133
1.10768
1.05076
1.05691
1.08522
1.1014
1.0999
1.06812
1.11966
1.10284
1.09081
1.11316
1.11662
1.07974
1.11899
1.10402
1.10705
1.08211
1.04607
1.08877
1.11781
1.05416
1.0892
1.12929
1.0802
1.13421
1.05907
1.04835
1.05089
1.04818
1.04583
1.10251
1.09678
1.10552
0.994748
1.05399
0.996501
1.03924
1.05805
1.14317
1.03016
1.03246
1.06551
1.08071
1.11539
1.03385
1.08074
1.09039
1.04141
1.07723
1.07781
1.13822
1.03696
1.07173
1.07523
1.09466
1.0521
1.03844
1.10569
1.07958
1.1178
1.14571
1.12541
1.1378
1.15179
1.08942
1.08719
1.15204
1.09917
1.13205
1.13633
1.05524
1.08834
1.13018
1.14353
1.16586
1.05842
1.11703
1.06854
1.06585
1.04134
1.00016
1.10759
1.07724
1.09494
1.12873
1.05666
1.11854
1.14312
1.08029
1.07397
1.02502
1.07565
