1.01946
1.01731
1.02684
1.03551
1.01659
1.03224
1.01031
1.00369
1.00691
1.05181
1.11328
1.10403
1.01435
1.02099
1.01013
1.02396
1.00163
1.00924
1.0054
1.08797
1.00771
1.0254
1.06647
1.02469
1.00532
1.04372
1.00673
1.00892
1.01992
1.02806
1.06466
1.05768
1.18999
1.0073
1.00395
1.02902
1.04156
1.02898
1.05831
1.03269
1.05638
1.06973
1.05368
1.00097
1.12011
1.07389
1.03232
1.00918
1.03968
1.00866
1.0522
1.03438
1.0433
1.00244
1.01023
1.00306
1.00603
1.01504
1.04011
1.01807
1.05193
1.0104
1.03201
1.0077
1.03314
1.00539
1.03192
1.08158
1.04249
1.03548
1.01385
1.04865
1.01618
1.08243
1.00718
1.00204
1.05069
1.00078
1.01342
1.03467
1.04687
1.07117
1.03283
1.00775
1.01421
1.02354
1.09717
1.02129
1.04594
1.01801
1.03231
1.07046
1.05355
1.0205
1.00522
1.0259
1.03363
1.15695
1.04087
1.02397
1.00702
0.999999
1.04514
1.02312
1.01583
1.0177
1.01813
1.07118
1.01369
1.02632
1.09513
1.01338
1.08714
1.05122
1.04457
1.00322
1.02545
1.01799
1.01156
1.02969
1.02223
1.04179
1.08473
1.06703
1.00933
1.04271
1.07316
1.00529
1.00773
1.10018
1.02191
1.01964
1.02025
1.01459
1.03932
1.05647
1.12614
1.02577
1.03904
1.03755
1.04189
1.06178
1.01074
1.00176
1.09759
1.03137
1.04812
1.07113
1.00429
1.00043
1.08714
1.13922
1.02625
1.04047
1.06234
1.04402
1.02665
1.05905
1.02206
1.03857
1.01764
1.00503
1.04872
1.13931
1.02807
1.02382
1.06912
1.00236
1.08209
1.02817
1.04064
1.09356
1.03955
1.0393
1.00193
1.01191
1.0121
1.00469
1.02018
1.05815
1.00104
1.05851
1.03662
1.01218
1.02425
1.00898
1.00291
1.02245
1.00857
1.04391
1.01038
1.01649
1.0644
1.10459
1.05055
1.06489
1.00984
1.00578
1.02318
1.07571
1.00665
1.04063
1.0537
1.05888
1.04284
1.00054
1.05012
1.07869
1.08872
1.05174
1.06515
1.0385
1.0006
1.04175
1.05926
1.02944
1.01314
1.06996
1.09529
1.0037
1.00673
1.01724
1.03237
1.03473
1.04627
1.05677
1.0106
1.09775
1.03708
1.08126
1.05983
1.06661
1.0856
1.01228
1.00334
1.00333
1.01793
1.05956
1.00466
1.02472
1.01807
1.04165
1.00768
1.04737
1.02353
1.03791
1.00475
1.01361
1.05204
1.0373
1.05301
1.01457
1.00276
1.00556
1.01901
1.00253
1.01372
1.01891
1.02575
1.00051
1.09709
1.00706
1.07768
1.07071
1.0301
1.03214
1.01609
1.00525
1.00447
1.01292
1.0338
1.05352
1.01485
1.01928
1.08707
1.00015
1.04905
1.00746
1.00689
1.0143
1.00745
1.01063
1.0056
1.03559
1.02099
1.08265
1.03833
1.02322
1.0247
1.01932
1.01398
1.02674
1.01092
1.01746
1.0068
1.02932
1.00746
1.04773
1.02903
1.06897
1.01566
1.01748
1.01699
1.00393
1.01316
1.00925
1.07903
1.00549
1.00628
1.05166
1.00453
1.0375
1.02437
1.04688
1.10221
1.00105
1.05222
1.03743
1.03184
1.02469
1.04386
1.07771
1.1243
1.17692
1.0678
1.01163
1.01939
1.05254
1.00708
1.03033
1.04266
1.02497
1.01542
1.01666
1.02755
1.03071
1.02095
1.00301
1.04097
1.06022
1.08068
1.04809
1.02698
1.01271
1.03585
1.0246
1.04223
1.01232
1.07087
1.06944
1.0744
1.06018
1.00289
1.04881
1.02777
1.0258
1.04859
1.04664
1.01689
1.00312
1.00358
1.00817
1.01923
1.03181
1.03285
1.02335
1.06123
1.03338
1.20922
1.03107
1.05952
1.003
1.14371
1.06584
1.01769
1.12013
1.05499
1.01883
1.01642
1.04107
1.04093
1.03131
1.00082
1.02501
1.01629
1.07592
1.01386
1.03754
1.02491
1.04695
1.00449
1.00988
1.07212
1.02785
1.01903
1.07243
1.03758
1.05678
1.05358
1.02556
1.04487
1.09269
1.01094
1.00792
1.02118
1.0038
1.00886
1.00857
1.06248
1.06418
1.05659
1.02222
1.03336
1.06893
1.00678
1.01666
1.04853
1.0019
1.01932
1.02323
1.00601
1.01944
1.05657
1.0075
1.00916
1.03764
1.00502
1.00793
1.02749
1.01026
1.07632
1.03476
1.00904
1.00264
1.0517
1.05253
1.05902
1.0015
1.05316
1.05132
1.07473
1.01694
1.07029
1.0758
1.08238
1.01163
1.05246
1.06487
1.13607
1.01964
1.06045
1.01014
1.05953
1.0037
1.06951
1.01493
1.04325
1.0053
1.10525
1.06907
1.01963
1.13978
1.00294
1.0221
1.01016
1.09933
1.01661
1.01052
1.03414
1.04685
1.0081
1.05581
1.03604
1.03904
1.02933
1.07508
1.04646
1.01753
1.02116
1.05905
1.06563
1.00419
1.00888
1.1008
1.02239
1.06192
1.01385
1.05645
1.05893
1.02665
1.0074
1.01071
1.01677
1.01282
1.0309
1.03951
1.00292
1.05902
1.02833
1.00797
1.06567
1.01189
1.03496
1.03527
1.00074
1.00252
1.00372
1.03423
1.00058
1.00144
1.07566
1.01698
1.01512
1.00467
1.05751
1.07028
1.01544
1.02116
1.02719
1.054
1.01671
1.06147
1.03281
1.02205
1.01301
1.00394
1.0803
1.01907
1.08587
1.07846
1.0099
1.0087
1.03143
1.01677
1.00641
1.08143
1.0495
1.00131
1.00905
1.00229
1.04872
1.07577
1.02308
1.02306
1.01159
1.09245
1.10213
1.04109
1.00919
1.00756
1.00502
1.05435
1.00707
1.01262
1.01523
1.01345
1.01546
1.00664
1.05318
1.00292
1.00426
1.05512
1.06076
1.03411
1.0142
1.03555
1.0421
1.01588
1.08684
1.01915
1.01775
1.018
1.07306
1.11578
1.05451
1.00891
1.15405
1.03247
1.07645
1.02697
1.00181
1.0475
1.01277
1.18346
1.06533
1.00625
1.03435
1.03108
1.01132
1.10753
1.02169
1.03987
1.0507
1.01282
1.05338
1.04672
1.01365
1.01501
1.01082
1.00383
1.06712
1.01899
1.05139
1.02745
1.00757
1.02198
1.01002
1.04082
1.06549
1.0651
1.01389
1.02429
1.01469
1.00095
1.02196
1.08103
1.00184
1.04109
1.00036
1.00463
1.0177
1.04057
1.00497
1
1.01491
1.006
1.01192
1.01438
1.04214
1.00063
1.02163
1.03773
1.06518
1.04273
1.01123
1.00907
1.00209
1.00226
1.00468
1.06061
1.01166
1.00045
1.06185
1.05919
1.02115
1.02355
1.0544
1.01515
1.04798
1.00171
1.01969
1.014
1.01479
1.00169
1.01673
1.03733
1.0415
1.02204
1.00004
1.02608
1.01081
1.0138
1.03657
1.01565
1.02053
1.05355
1.03003
1.01575
1.03212
1.00323
1.01255
1.02812
1.03749
1.00583
1.02001
1.04943
1.04498
1.11364
1.00208
1.03559
1.01567
1.00076
1.00415
1.02885
1.00116
1.0412
1.08261
1.00753
1.03159
1.01219
1.01778
1.03578
1.02698
1.0042
1.0037
1.02842
1.03816
1.03327
1.01698
1.01168
1.00327
1.00792
1.02948
1.01985
1.05506
1.00553
1.0185
1.0299
1.00463
1.03012
1.00767
1.04168
1.04972
1.04991
1.02756
1.03119
1.10707
1.00194
1.03121
1.06767
1.08674
1.03909
1.00438
1.0151
1.01303
1.00149
1.00557
1.06365
1.02325
1.08917
1.0013
1.01723
1.0025
1.03211
1.02374
1.03352
1.01675
1.03543
1.00897
1.00336
1.02196
1.0546
1.0223
1.15679
1.04977
1.05375
1.00935
1.02018
1.03799
1.03405
1.02082
1.00677
1.03226
1.0436
1.01618
1.03003
1.0516
1.03683
1.00311
1.08819
1.0527
1.05965
1.07161
1.01966
1.01338
1.0176
1.01251
1.01112
1.00932
1.03369
1.10837
1.04801
1.06431
1.00543
1.0102
1.00468
1.0454
1.00099
1.00209
1.01277
1.02561
1.03901
1.04588
1.01099
1.04762
1.04137
1.01618
1.0058
1.07347
1.03097
1.01968
1.0316
1.00711
1.21024
1
1.00624
1.07031
1.0859
1.05621
1.05127
1.02333
1.01871
1.16201
1.01783
1.00069
1.04721
1.02476
1.08109
1.01167
1.00422
1.00759
1.01606
1.01416
1.02625
1.00447
1.04619
1.04489
1.01961
1.04033
1.0838
1.09316
1.02737
1.03432
1.02242
1.04645
1.00712
1.02046
1.02278
1.01194
1.01268
1.02326
1.00222
1.02384
1.02632
1.0028
1.07274
1.01879
1.0336
1.05166
1.04715
1.04344
1.00341
1.01919
1.0281
1.03057
1.0512
1.00032
1.03876
1.02779
1.02973
1.06454
1.00785
1.02378
1.00215
1.01765
1.00952
1.07646
1.0605
1.02124
1.00625
1.02066
1.03012
1.06444
1.04761
1.01193
1.02426
1.02557
1.01556
1.04541
1.04983
1.03478
1.08823
1.0323
1.06581
1.0222
1.00058
1.02526
1.00112
1.02138
1.03567
1.03715
1.07177
1.0001
1.06487
1.00555
1.04989
1.00469
1.05858
1.01704
1.03243
1.01502
1.03613
1.02859
1.0092
1.05359
1.01148
1.01324
1.00311
1.01114
1.0641
1.06113
1.02552
1.00638
1.02184
1.00671
1.03553
1.04015
1.03884
1.01105
1.05031
1.02303
1.08871
1.00283
1.03522
1.04706
1.12509
1.02425
1.0069
1.01013
1.02291
1.04468
1.01907
1.0026
1.02623
1.06624
1.0215
1.05025
1.00958
1.06174
1.04937
1.02523
1.04869
1.02356
1.03098
1.00039
1.0016
1.05674
1.07543
1.0154
1.01188
1.05935
1.05349
1.01092
1.02216
1.02263
1.06735
1.03098
1.00598
1.01664
1.04858
1.03481
1.00921
1.01405
1.09279
1.04377
1.00804
1.06047
1.04226
1.01928
1.01456
1.01597
1.00788
1.11734
1.03182
1.01012
1.09455
1.02329
1.0261
1.00192
1.02314
1.06449
1.04068
1.0049
1.02644
1.01673
1.0202
1.02618
1.017
1.08005
1.03213
1.06854
1.00427
1.02909
1.06836
1.05211
1.05401
1.04663
1.01666
1.04484
1.00755
1.09557
1.02948
1.02938
1.09798
1.00828
1.01087
1.01767
1.03968
1.0387
1.01569
