1.0011
1.05769
1.01286
1.11727
1.014
1.01856
1.03361
1.0228
1.05049
1.01501
1.03205
1.02537
1.06935
1.02428
1.09421
1.01845
1.08767
1.01035
1.04051
1.06057
1.00046
1.04312
1.01001
1.02059
1.0396
1.0265
1.01103
1.06484
1.00543
1.00499
1.04767
1.01995
1.12377
1.01498
1.09469
1.06738
1.03497
1.02747
1.06565
1.05653
1.00494
1.03196
1.0012
1.01527
1.05475
1.06678
1.04178
1.0404
1.03338
1.06933
1.0659
1.02328
1.01238
1.00946
1.11754
1.02972
1.07384
1.04342
1.0148
1.01075
1.04881
1.0029
1.01391
1.00192
1.04792
1.01687
1.01632
1.02077
1.0061
1.01579
1.00403
1.00075
1.00347
1.04814
1.00141
1.0749
1.00687
1.06359
1.03376
1.04027
1.00971
1.00151
1.03882
1.01005
1.05231
1.04118
1.05642
1.07017
1.01551
1.12351
1.01527
1.02997
1.04247
1.06357
1.00452
1.00915
1.01599
1.05154
1.04697
1.00906
1.03566
1.00479
1.03327
1.00424
1.01891
1.01679
1.03911
1.02941
1.00508
1.01056
1.18375
1.00387
1.02707
1.0186
1.05754
1.09655
1.00418
1.0046
1.09072
1.01617
1.05549
1.04989
1.01703
1.00586
1.01058
1.07806
1.04719
1.05468
1.00319
1.00549
1.0011
1.19751
1.0329
1.0754
1.02106
1.05182
1.00768
1.02447
1.01042
1.03191
1.02087
1.04756
0.999999
1.0346
1.07999
1.07143
1.0048
1.02539
1.00009
1.08699
1.05476
1.02624
1.02773
1.0109
1.02088
1.00931
1.02301
1.07191
1.02054
1.02058
1.0085
1.08846
1.00008
1.08871
1.05176
1.06027
1.00437
1.05462
1.27833
1.0887
1.12495
1.02473
1.01361
1.06163
1.03431
1.01073
1.02145
1.00936
1.0457
1.13438
1.04357
1.10232
1.09144
1.03127
1.02778
1.02808
1.03784
1.12947
1.00474
1.01997
1.1813
1.02345
1.01487
1.03603
1.01141
1.07005
1.01861
1.01219
1.02505
1.03352
1.00503
1.03831
1.01018
1.0411
1.01006
1.01141
1.01492
1.00134
1.0197
1.1118
1.01324
1.03115
1.06471
1.12273
1.00047
1.06335
1.00191
1.06764
1.02799
1.02018
1.00298
1.02797
1.00496
1.00362
1.02518
1.05274
1.07369
1.01199
1.04373
1.00198
1.02486
1.04912
1.12217
1.05282
1.05815
1.02257
1.07921
1.05656
1.0377
1.0198
1.03063
1.04253
1.03638
1.05487
1.01142
1.01198
1.04327
1.02635
1.05356
1.03098
1.04965
1.02701
1.03064
1.02346
1.02226
1.00064
1.09209
1.03207
1.02336
1.01322
1.0426
1.19774
1.00075
1.02259
1.01041
1.02739
1.03596
1.04373
1.0063
1.06934
1.14462
1.09255
1.04046
1.03965
1.00592
1.03455
1.01374
1.05379
1.02778
1.01213
1.00301
1.01987
1.00437
1.06881
1.04399
1.01086
1.08672
1.04572
1.01411
1.02638
1.0566
1.02504
1.03796
1.00394
1.03136
1.06702
1.04542
1.02942
1.0173
1.01315
1.08551
1.09978
1.02115
1.01309
1.02342
1.04685
1.00329
1.03462
1.10324
1.05384
1.03799
1.03198
1.05892
1.00068
1.05168
1.0596
1.01387
1.10167
1.02743
1.0009
1.00667
1.00302
1.02849
1.03582
1.05499
1.05567
1.10025
1.01486
1.01461
1.02571
1.04239
1.00115
1.05479
1.05418
1.0079
1.03135
1.02594
1.06154
1.0128
1.02147
1.06934
1.0114
1.08177
1.02234
1.06628
1.06653
1.01986
1.01253
1.01423
1.03011
1.02295
1.0262
1.02193
1.01627
1.07277
1.00454
1.02438
1.13524
1.02274
1.01062
1.07046
1.01566
1.00379
1.00065
1.00414
1.00813
1.01868
1.0034
1.05288
1.07392
1.00492
1.03165
1.07641
1.04021
1.00778
1.07902
1.05527
1.00862
1.08922
1.04311
1.01681
1.03366
1.00242
1.11958
1.00141
1.03398
1.01322
1.04978
1.02284
1.01879
1.00532
1.01596
1.0576
1.01472
1.00494
1.00853
1.04649
1.04426
1.01298
1.2518
1.03712
1.0947
1.01789
1.13426
1.03244
1.09385
1.0424
1.01405
1.01457
1.0739
1.09621
1.04298
1.08931
1.0461
1.02201
1.03838
1.04277
1.06382
1.01694
1.01374
1.0392
1.10654
1.00756
1.0308
1.03273
1.04258
1.00089
1.04579
1.06588
1.00976
1.0135
1.02225
1.02937
1.00422
1.01507
1.05014
1.01033
1.02895
1.03972
1.00004
1.00352
1.03947
1.09956
1.02367
1.01761
1.1563
1.03975
1.05826
1.05535
1.00601
1.0333
1.01782
1.04808
1.03963
1.0689
1.00009
1.01724
1.03514
1.04411
1.04487
1.08221
1.07863
1.03871
1.01518
1.02143
1.02387
1.02405
1.0488
1.00205
1.01232
1.00676
1.06612
1.04534
1.03508
1.01499
1.07139
1.01218
1.00598
1.07242
1.03924
1.0931
1.03103
1.05935
1.06808
1.06322
1.04359
1.02938
1.06763
1.0388
1.00174
1.00381
1.08475
1.05142
1.04752
1.08146
1.02909
1.02995
1.01346
1.02551
1.0884
1.03139
1.00253
1.01531
1.04357
1.05648
1.03225
1.04992
1.01404
1.00157
1.02527
1.04267
1.00755
1.02902
1.00621
1.01182
1.03336
1.03658
1.00919
1.02076
1.00695
1.05025
1.00335
1.06448
1.02516
1.02937
1.00319
1.02578
1.00144
1.06728
1.02988
1.00348
1.07652
1.01548
1.00748
1.04039
1.01986
1.11873
1.01046
1.04159
1.02985
1.00934
1.04093
1.02172
1.0449
1.04645
1.05343
1.04097
1.03412
1.07351
1.01285
1.01665
1.03177
1.04144
1.01829
1.00626
1.01166
1.00764
1.0036
1.03688
1.06263
1.02139
1.00712
1.05437
1.04978
1.03866
1.02795
1.03275
1.03332
1.0012
1.06756
1.02128
1.01776
1.00378
1.04533
1.02767
1.01029
1.00829
1.00373
1.0711
1.03758
1.01088
1.01134
1.00775
1.0146
1.03959
1.05999
1.04193
1.0288
1.0338
1.00493
1.06198
1.05593
1.11138
1.02523
1.01285
1.02597
1.03426
1.00635
1.04266
1.06109
1.01921
1.06744
1.04068
1.0309
1.01562
1.00373
1.0902
1.05434
1.00878
1.12175
1.0367
1.00394
1.00545
1.02452
1.0495
1.02012
1.00717
1.00537
1.03636
1.01012
1.00737
1.01739
1.02518
1.0464
1.02405
1.00392
1.01969
1.03813
1.03048
1.05308
1.08867
1.03082
1.17028
1.13369
1.01971
1.01079
1.02544
1.0107
1.01708
1.00703
1.19865
1.02393
1.05868
1.0197
1.04761
1.06693
1.04722
1.01665
1.00479
1.04474
1.01722
1.01689
1.14804
1.01057
1.00894
1.03893
1.06241
1.09848
1.13912
1.0042
1.01778
1.04278
1.02405
1.01528
1.04262
1.02929
1.035
1.01458
1.05262
1.01653
1.0079
1.05679
1.02312
1.04443
1.01332
1.05261
1.01595
1.02487
1.05829
1.00212
1.01043
1.0341
1.00848
1.0547
1.01472
1.01577
1.01581
1.02057
1.00778
1.0277
1.03176
1.08857
1.00083
1.00129
1.01313
1.0355
1.02605
1.04185
1.01666
1.01803
1.04665
1.07672
1.0108
1.04508
1.00109
1.00929
1.05604
1.06684
1.03406
1.02679
1.03926
1.01572
1.02039
1.01995
1.00385
1.03167
1.04869
1.0668
1.09716
1.03405
1.02409
1.03569
1.00152
1.01414
1.0355
1.00525
1.05485
1.01928
1.03529
1.01536
1.01766
1.03367
1.01782
1.02023
1.09031
1.01942
1.04595
1.00621
1.01381
1.00323
1.02568
1.00601
1.0909
1.01801
1.01205
1.06341
1.05211
1.00088
1.03665
1.0383
1.0253
1.02963
1.02093
1.00702
1.02494
1.00751
1.01084
1.01149
1.03136
1.01171
1.02305
1.05049
1.17522
1.02029
1.00194
1.01002
1.02703
1.02356
1.01305
1.01686
1.00985
1.2131
1.02643
1.0179
1.01615
1.0066
1.01574
1.04483
1.02285
1.01393
1.07535
1.01003
1.02685
1.00808
1.03005
1.02787
1.0142
1.01905
1.32335
1.03289
1.02662
1.03451
1.01971
1.02557
1.06592
1.05027
1.05795
1.02136
1.07127
1.0977
1.00568
1.09474
1.06949
1.0367
1.01888
1.04222
1.02537
1.09875
1.04343
1.0517
1.01879
1.03394
1.01551
1.02803
1.02768
1.00648
1.09969
1.02163
1.01724
1.06003
1.02397
1.02724
1.01479
1.06076
1.09085
1.02091
1.00549
1.0258
1.00849
1.06464
1.03769
1.13477
1.05181
1.06545
1.0082
1.03516
1.00492
1.03594
1.02107
1.06134
1.07728
1.01815
1.07394
1.02512
1.0007
1.02801
1.02273
1.03051
1.01159
1.03728
1.0156
1.05553
1.03859
1.03162
1.02129
1.03573
1.00022
1.03999
1.01684
1.06996
1.04521
1.01449
1.0523
1.04234
1.00557
1.01506
1.0449
1.02915
1.07725
1.13525
1.03362
1.06985
1.01398
1.04986
1.09543
1.03043
1.02492
1.0142
1.00235
1.02556
0.999999
1.01994
1.04609
1.03897
1.01961
1.03
1.02483
1.05682
1.03122
1.04341
1.05415
1.0372
1.01521
1.05804
1.06611
1.00066
1.02177
1.06792
1.06328
1.06015
1.016
1.06197
1.03687
1.01948
1.03034
1.03811
1.00307
1.0594
1.03834
1.06047
1.01853
1.0827
1.04167
1.01578
1.10105
1.03702
1.06951
1.0196
1.04187
1.04749
1.04059
1.07478
1.00319
1.01791
1.02063
1.0375
1.00392
1.04543
1.0119
1.02136
1.03738
1.00889
1.12523
1.00203
1.04233
1.00605
1.00454
1.03705
1.02046
1.02583
1.00712
1.00525
1.01463
1.03804
1.01861
1.04898
1.09184
1.06068
1.05379
1.01207
1.05423
1.05094
1.04337
1.0828
1.04835
1.04183
1.05051
1.03127
1.08639
1.00849
1.06663
1.02992
1.0431
1.00678
1.0105
1.13281
1.04899
1.04034
1.00772
1.00876
1.00527
1.0378
1.06696
1.00605
1.02641
1.01715
1.10877
1.00701
1.09493
1.03876
1.06677
1.13038
1.00713
1.00656
1.00484
1.00562
1.00055
1.00115
1.05661
1.01937
1.09316
1.05157
1.06534
1.0628
1.02864
1.05053
1.05919
1.01632
1.06103
1.00642
