1.06995
1.04083
1.04337
1.01878
1.05094
1.01816
1.03544
1.019
1.01952
1.01833
1.12374
1.01714
1.01519
1.03498
1.00801
1.03034
1.02467
1.0111
1.00729
1.01756
1.00321
1.0412
1.02358
1.03274
1.01656
1.009
1.0788
1.01312
1.02299
1.0087
1.02856
1.0465
1.04643
1.05613
1.05175
1.00796
1.00183
1.04106
1.00171
1.01981
1.02619
1.06607
1.02072
1.04818
1.04559
1.03112
1.01328
1.0214
1.02915
1.02734
1.0234
1.01137
1.01656
1.02854
1.0423
1.01295
1.02572
1.055
1.06231
1.00829
1.08296
1.00872
1.04938
1.0992
1.02789
1.00713
1.06652
1.05783
1.00821
1.00181
1.04051
1.00337
1.04382
1.04143
1.0113
1.01271
1.04017
1.06152
1.04358
1.02648
1.06556
1.0231
1.06892
1.05884
1.00957
1.00596
1.05699
1.03367
1.06441
1.01772
1.01526
1.01093
1.01124
1.02783
1.01239
1.01674
1.02992
1.07685
1.09627
1.03694
1.11437
1.01718
1.00751
1.02714
1.03896
1.0757
1.04692
1.00696
1.01517
1.05605
1.05935
1.06292
1.08933
1.01631
1.00279
1.02279
1.06647
1.02582
1.0446
1.0222
1.05409
1.02109
1.0343
1.13026
1.00347
1.06434
1.00963
1.04349
1.00714
1.00229
1.00347
1.04236
1.02327
1.06269
1.00311
1.00629
1.01312
1.01324
1.05934
1.02009
1.09676
1.00617
1.01781
1.00748
1.06531
1.03222
1.00928
1.03431
1.03732
1.03207
1.0369
1.08899
1.01282
1.01128
1.06244
1.0141
1.06661
1.05455
1.01428
1.01959
1.09298
1.00732
1.00545
1.05643
1.01655
1.06912
1.03422
1.01785
1.03324
1.01261
1.01172
1.02926
1.03772
1.03981
1.0532
1.05074
1.01782
1.06236
1.03537
1.0629
1.00856
1.03773
1.15643
1.04047
1.02489
1.00682
1.0607
1.01463
1.04994
1.02425
1.0094
1.05475
1.07662
1.04345
1.0236
1.08849
1.00022
1.05856
1.00404
1.05498
1.03157
1.02828
1.00985
1.02308
1.0082
1.04814
1.02749
1.03704
1.01975
1.05928
1.01454
1.009
1.00146
1.02091
1.01857
1.02735
1.04078
1.03637
1.00587
1.02844
1.07597
1.02438
1.01723
1.0779
1.01575
1.01154
1.03244
1.01774
1.04804
1.05306
1.01905
1.06847
1.02711
1.01836
1.00552
1.01795
1.01984
1.05028
1.03442
1.05606
1.05516
1.04791
1.02566
1.01082
1.02822
1.01462
1.02219
1.02981
1.01439
1.01708
1.00604
1.0444
1.20951
1.02122
1.05133
1.0483
1.03613
1.05928
1.0365
1.0053
1.07391
1.00079
1.04052
1.01767
1.01603
1.0091
1.03461
1.05135
1.00777
1.03804
1.05536
1.00652
1.04255
1.05172
1.003
1.1035
1.01568
1.0824
1.0164
1.02405
1.04986
1.10058
1.01522
1.0272
1.06131
1.02987
1.05763
1.00828
1.01084
1.0331
1.0499
1.05567
1.03728
1.05769
1.105
1.03236
1.05389
1.04901
1.0086
1.07783
1.05378
1.04776
1
1.07104
1.01023
1.01477
1.07407
1.08737
1.01836
1.01651
1.01526
1.04582
1.03951
1.04045
1.02302
1.04974
1.04251
1.05809
1.02275
1.03749
1.12282
1.01129
1.14668
1.00784
1.01194
1.00224
1.02844
1.0108
1.02545
1.04542
1.01888
1.02035
1.06506
1.0682
1.04369
1.00767
1.05492
1.01913
1.01563
1.01325
1.00591
1.01748
1.03925
1.00919
1.00632
1.02971
1.02992
1.0504
1.01627
1.03917
1.0469
1.0077
1.02271
1.00922
1.05285
1.04539
1.05005
1.01612
1.08099
1.02865
1.03209
1.01292
1.03093
1.01418
1.12588
1.02703
1.00582
1.0442
1.0558
1.0246
1.0113
1.0431
1.0085
1.01881
1.03213
1.04845
1.08481
1.04435
1.03361
1.02167
1.09591
1.05118
1.04754
1.06977
1.01061
1.01056
1.0163
1.06841
1.01042
1.01342
1.00039
1.02082
1.06334
1.02516
1.01894
1.01435
1.10998
1.07657
1.02544
1.01553
1.023
1.02094
1.06313
1.0461
1.01346
1.00806
1.01897
1.01463
1.06713
1.02821
1.01944
1.06872
1.06932
1.01822
1.01649
1.05796
1.0128
1.02317
1.02658
1.03068
1.0515
1.05042
1.01596
1.0553
1.01065
1.07155
1.02175
1.00048
1.01033
1.06389
1.0134
1.0281
1.05097
1.03842
1.00017
1.00824
1.04286
1.04062
1.0038
1.01552
1.02438
1.01839
1.1354
1.02135
1.04072
1.00692
1.05674
1.04397
1.15977
1.01591
1.00375
1.0136
1.00924
1.05122
1.00792
1.00439
1.05037
1.0195
1.0559
1.02989
1.05021
1.03825
1.00227
1.04537
1.00777
1.0186
1.07214
1.05118
1.02827
1.04475
1.00458
1.02457
1.01144
1.06315
1.03416
1.01375
1.03805
1.04282
1.05051
1.0111
1.06849
1.0439
1.0192
1.03722
1.01317
1.09304
1.01386
1.06155
1.02748
1.02536
1.00378
1.0321
1.01218
1.1183
1.04178
1.0457
1.02351
1.03836
1.07788
1.0061
1.01395
1.02686
1.01765
1.00413
1.04459
1.0114
1.01999
1.05563
1.01342
1.02116
1.04517
1.02417
1.06968
1.0164
1.01268
1.01635
1.00813
1.04501
1.0195
1.04457
1.01147
1.10554
1.0036
1.00255
1.04985
1.0071
1.07482
1.00803
1.03968
1.03808
1.03498
1.00644
1.01166
1.00686
1.2171
1.02863
1.01948
1.01361
1.00784
1.02099
1.05103
1.03758
1.04094
1.04196
1.01765
1.00073
1.00604
1.07241
1.05212
1.0442
1.03452
1
1.08387
1.0364
1.00136
1.00521
1.00614
1.02344
1.04908
1.02035
1.01365
1.03178
1.03126
1.04333
1.01763
1.01932
1.01938
1.06648
1.01402
1.06176
1.01095
1.00218
1.0655
1.01893
1.06698
1.04607
1.0576
1.00584
1.03173
1.06482
1.00595
1.01905
1.03121
1.04426
1.06083
1.06892
1.05386
1.04738
1.0048
1.05362
1.08861
1.04245
1.02893
1.02388
1.04391
1.00523
1.05549
1.03648
1.03
1.06498
1.0189
1.04724
1.0655
1.03928
1.03277
1.1844
1.00349
1.04612
1.00148
1.04444
1.01841
1.02198
1.01635
1.07717
1.01195
1.01546
1.03521
1.01925
1.0264
1.02433
1.02285
1.01662
1.02245
1.00355
1.00776
1.10698
1.03082
1.01288
1.0887
1.08062
1.0107
1.01042
1.01198
1.01508
1.03188
1.01019
1.03682
1.10562
1.04184
1.00005
1.0041
1.00866
1.06027
1.02378
1.05957
1.01361
1.04858
1.11969
1.05399
1.06856
1.05096
1.00883
1.04749
1.00847
1.08608
1.04904
1.00668
1.0433
1.06919
1.07037
1.01379
1.00941
1.02077
1.01416
1.00549
1.01774
1.01348
1.01841
1.10469
1.03241
1.00873
1.02063
1.09965
1.00982
1.06748
1.10185
1.01476
1.02392
1.02552
1.00721
1.01818
1.0362
1.11226
1.04405
1.00734
1.01578
1.01668
1.09332
1.0273
1.00183
1.00093
1.01247
1.07569
1.19725
1.06831
1.05601
1.00056
1.01488
1.03413
1.05404
1.04668
1.01679
1.06039
1.01246
1.12096
1.05957
1.04273
1.04013
1.0179
1.01215
1.04684
1.04362
1.0007
1.01065
1.00778
1.0487
1.03231
1.01442
1.07026
1.01294
1.01754
1.08008
1.01865
1.00244
1.00138
1.02827
1.13849
1.04088
1.0625
1.00939
1.22774
1.03049
1.04462
1.00353
1.04872
1.02111
1.05481
1.05058
1.0054
1.0402
1.03216
1.04208
1.05138
1.00112
1.01851
1.00446
1.06508
1.02593
1.00876
1.0904
1.03328
1.07712
1.0328
1.01098
1.035
1.10405
1.02273
1.01492
1.01185
1.00738
1.0111
1.01487
1.00837
1.03488
1.00669
1.03367
1.01722
1.04973
1.04586
1.02241
1.01592
1.03792
1.04645
1.01737
1.03532
1.0349
1.04193
1.02709
1.0191
1.01569
1.03212
1.03349
1.0215
1.03266
1.0612
1.00295
1.09337
1.00493
1.09182
1.00626
1.01788
1.00838
1.01824
1.08163
1.07504
1.01623
1.01054
1.00321
1.01941
1.04576
1.0482
1.01165
1.04261
1.0259
1.06813
1.00365
1.07001
1.0097
1.03377
1.03093
1.07256
1.02333
1.04909
1.01476
1.10192
1.02178
1.05939
1.01311
1.01516
1.00016
1.04327
1.1845
1.06175
1.01691
1.01121
1.02601
1.01708
1.05084
1.02369
1.00363
1.02191
1.01667
1.03515
1.01228
1.00032
1.02614
1.01393
1.08773
1.0312
1.01027
1.04049
1.04058
1.026
1.01735
1.0699
1.03182
1.04755
1.03512
1.02252
1.00146
1.01675
1.0062
1.01159
1.0099
1.07522
1.01433
1.01641
1.06004
1.08198
1.01721
1.00577
1.02889
1.03582
1.01092
1.05795
1.0005
1.01107
1.00106
1.01237
1.06853
1.01126
1.01307
1.01386
1.07791
1.01481
1.01056
1.04349
1.0299
1.01619
1.03162
1.04352
1.03352
1.01875
1.03512
1.05063
1.011
1.03698
1.10938
1.07598
1.01607
1.04231
1.03187
1.04585
1.00848
1.17662
1.09198
1.07289
1.0495
1.0519
1.02288
1.01021
1.10871
1.02958
1.02238
1.00492
1.0836
1.00361
1.03698
1.00547
1.05719
1.00303
1.0234
1.06319
1.02651
1.03266
1.03947
1.01059
1.03426
1.03255
1.02548
1.01055
1.01387
1.03726
1.03452
1.00682
1.07463
1.06317
1.00251
1.05615
1.00974
1.01837
1.01012
1.0191
1.0488
1.0256
1.0404
1.03129
1.02246
1.03977
1.02823
1.01339
1.04908
1.05569
1.01552
1.07232
1.03605
1.00989
1.00743
1.07223
1.05184
1.04023
1.00433
1.0546
1.03356
1.09945
1.01373
1.02752
1.04085
1.02775
1.06061
1.01104
1.06049
1.05604
1
1.04875
1.03566
1.01867
1.00593
1.03022
1.02889
1.00773
1.016
1.03628
1.06246
1.0229
1.0116
1.05351
1.03548
1.00894
1.03027
1.02899
1.05919
1.07215
1.02831
1.05668
1.02393
1.29493
1.02719
1.1053
1.09002
1.03475
1.0557
1.01995
1.0396
1.06943
1.00444
1.01836
1.04782
1.01539
1.00329
