1.00593
1.00214
1.00516
1.08523
1.00181
1.01078
1.01525
1.01997
1.01677
1.01098
1.01488
1.00189
1.0043
1.00158
1.12035
1.002
1.00264
1.00923
1.01109
1.01215
1.0021
1.01585
1.11858
1.00529
1.00035
1.00624
1.01458
1.02539
1.04707
1.07932
1.00328
1.00498
1.00389
1.01075
1.00553
1.00169
1.0047
1.00548
1.00208
1.01324
1.0148
1.00296
1.01047
1.00453
1.13455
1.00617
1.0003
1.00343
1.00291
1.04479
1.00417
1.01937
1.0051
1.02997
1.0088
1.01046
1.01116
1.00417
1.00651
1.01235
1.00756
1.00321
1.02543
1.00187
1.00829
1.05438
1.00359
1.00722
1.00091
1.00148
1.00389
1.02711
1.00316
1.01071
1.00511
1.06968
1.01014
1.02828
1.01092
1.01074
1.00748
1.01203
1.00539
1.00292
1.00402
1.01058
1.00496
1.0693
1.01216
1.01331
1.00422
1.00382
1.05129
1.00357
1.0314
1.01689
1.00167
1.00595
1.06121
1.00731
1.00603
1.00292
1.02328
1.03287
1.00821
1.00438
1.02852
1.04748
1.03314
1.00749
1.00262
1.00478
1.02809
1.00571
1.0018
1.10299
1.02315
1.002
1.02259
1.00381
1.02064
1.00584
1.00632
1.00044
1.0028
1.00026
1.02194
1.03376
1.04261
1.01184
1.00244
1.06753
1.00647
1.01141
1.01439
1.00764
1.00491
1.02645
1.00977
1.00986
1.04235
1.00197
1.0158
1.01218
1.00401
1.002
1.01638
1.00727
1.00594
1.01018
1.00526
1.02101
1.01364
1.00202
1.05309
1.01872
1.00505
1.01298
1.0038
1.05301
1.00109
1.09514
1.00156
1.00303
1.01853
1.00373
1.01442
1.06163
1.01221
1.0009
1.00519
1.00553
1.01697
1.0152
1.01674
1.01146
1.00832
1.03059
1.02227
1.00112
1.00789
1.02554
1.00107
1.01364
1.00428
1.00022
1.0025
1.04321
1.02169
1.05462
1.01163
1.01324
1.00226
1.00588
1.01925
1.00549
1.01991
1.00972
1.00483
1.00162
1.00222
1.00033
1.06333
1.00529
1.02329
1.01021
1.03895
1.00838
1.01287
1.03516
1.00937
1.01694
1.01372
1.02895
1.00176
1.0203
1.07041
1.00832
1.01622
1.00018
1.01518
1.05707
1.00443
1.00475
1.00281
1.01037
1.01935
1.03857
1.00173
1.05614
1.01244
1.00099
1.00949
1.05859
1.01508
1.01017
1.00811
1.00472
1.01707
1.00124
1.02914
1.03381
1.00315
1.04388
1.0001
1.00275
1.06078
1.04846
1.0062
1.01338
1.03756
1.00425
1.00591
1.00859
1.07861
1.01132
1.00852
1.02767
1.04394
1.00675
1.0093
1.02099
1.00847
1.01495
1.05358
1.04394
1.02054
1.00983
1.08553
1.00356
1.01531
1.00128
1.01661
1.00297
1.00254
1.00248
1.00887
1.07326
1.02807
1.00348
1.00485
1.0016
1.01598
1.01068
1.02183
1.00366
1.00671
1.0224
1.05797
1.00815
1.03061
1.00739
1.00958
1.01413
1.0097
1.00185
1.00741
1.00911
1.00238
1.03368
1.03386
1.01622
1.00678
1.00312
1.0236
1.01394
1.1352
1.00886
1.04988
1.0212
1.05332
1.05096
1.07486
1.00465
1.02283
1.00373
1.00288
1.11028
1.00649
1.00388
1.02633
1.01433
1.06549
1.04124
1.04731
1.00488
1.06369
1.00445
1.00475
1.00666
1.00535
1.00149
1.01776
1.00061
1.00917
1.03806
1.00969
1.02738
1.05152
1.0074
1.00374
1.0063
1.01781
1.02085
1.01848
1.00348
1.01461
1.00569
1.00041
1.00224
1.01932
1.01542
1.00311
1.00308
1.00751
1.05717
1.00135
1.06706
1.00597
1.0109
1.00768
1.00661
1.01237
1.02876
1.06619
1.0421
1.04817
1.00058
1.04282
1.01137
1.03663
1.00079
1.03911
1.00001
1.00571
1.00237
1.09516
1.00222
1.01782
1.00255
1.02475
1.00313
1.00339
1.01992
1.00178
1.00868
1.00436
1.00033
1.0047
1.00161
1.02229
1.00986
1.00239
1.00284
1.02702
1.06538
1.00635
1.02185
1.00491
1.01883
1.00896
1.01037
1.0027
1.00859
1.00756
1.09366
1.01143
1.00526
1.0234
1.02387
1.07466
1.002
1.00391
1.0121
1.03024
1.00205
1.00463
1.00474
1.00944
1.00446
1.02536
1.013
1.00324
1.03755
1.00085
1.01346
1.03107
1.02033
1.00449
1.03561
1.00968
1.00481
1.00373
1.00554
1.00655
1.00293
1.06068
1.00505
1.02802
1.01231
1.00362
1.02188
1.00999
1.09131
1.00627
1.00189
1.05126
1.02927
1.03559
1.10574
1.0052
1.00619
1.12627
1.00545
1.0121
1.00887
1.00772
1.0089
1.00154
1.01662
1.00791
1.00057
1.00982
1.05007
1.00217
1.00453
1.0011
1.00154
1.0252
1.00356
1.01316
1.1158
1.01943
1.0673
1.01071
1.01449
1.04846
1.0051
1.00253
1.00867
1.03769
1.0061
1.00229
1.0079
1.02288
1.00208
1.01408
1.00946
1.0069
1.01159
1.04354
1.00754
1.01992
1.01053
1.02654
1.09957
1.01145
1.0007
1.00632
1.00593
1.0008
1.06532
1.05021
1.00655
1.00879
1.00219
1.01118
1.02687
1.0804
1.00168
1.01972
1.00133
1.06098
1.00924
1.00226
1.01916
1.00327
1.01002
1.00646
1.00951
1.00272
1.01955
1.00163
1.01013
1.00502
1.00155
1.00145
1.00413
1.02189
1.00781
1.00213
1.01456
1.0017
1.00432
1.0002
1.0195
1.00429
1.00717
1.00076
1.03276
1.00559
1.00691
1.02378
1.00176
1.003
1.02011
1.02802
1.00327
1.0018
1.01133
1.03056
1.03132
1.01963
1.16418
1.00782
1.0125
1.01712
1.01276
1.00084
1.05763
1.00008
1.02328
1.00489
1.01659
1.00314
1.00119
1.0045
1.00574
1.00073
1.02486
1.01114
1.0135
1.02672
1.00904
1.02964
1.0043
1.00057
1.00771
1.00855
1.00429
1.00092
1.00042
1.01455
1.01232
1.01625
1.04932
1.0188
1.10702
1.02837
1.01862
1.00247
1.00631
1.00978
1.02116
1.05336
1.01936
1.00849
1.00367
1.00822
1.00922
1.02343
1.00566
1.00962
1.02578
1.0047
1.02271
1.0015
1.02411
1.05441
1.01612
1.00861
1.0002
1.0117
1.02689
1.04545
1.00776
1.00421
1.01014
1.01812
1.0041
1.00947
1.08394
1.03947
1.00507
1.0178
1.00485
1.01615
1.01593
1.00659
1.05993
1.00417
1.00583
1.00202
1.00572
1.04889
1.01675
1.00126
1.01382
1.00241
1.00982
1.0471
1.00679
1.02545
1.03048
1.00979
1.02538
1.0019
1.00606
1.00897
1.01017
1.01516
1.00041
1.00654
1.00368
1.1521
1.02809
1.01128
1.01822
1.02086
1.01867
1.00796
1.00909
1.00202
1.00188
1.00437
1.00851
1.00911
1.00878
1.01442
1.00465
1.00439
1.00455
1.00996
1.01196
1.00685
1.00369
1.01321
1.00293
1.00725
1.00916
1.00935
1.01375
1.07384
1.03973
1.02085
1.01487
1.01003
1.01503
1.07799
1.00064
1.06884
1.09934
1.03941
1.05941
1.00105
1.02182
1.00803
1.00619
1.01072
1.00302
1.00629
1.02172
1.00539
1.00262
1.01494
1.0238
1.00054
1.02081
1.00052
1.023
1.03015
1.01581
1.01068
1.07909
1.02318
1.00835
1.00715
1.03004
1.00443
1.01977
1.02229
1.04934
1.02239
1.00222
1.00685
1.00571
1.0274
1.00082
1.00838
1.0266
1.01334
1.01524
1.0027
1.00532
1.03573
1.02509
1.01184
1.00657
1.0018
1.00209
1.00743
1.02652
1.00718
1.00965
1.02076
1.047
1.00199
1.02702
1.01612
1.00145
1.0039
1.00205
1.07445
1.00327
1.00805
1.01871
1.01268
1.05231
1.0059
1.04618
1.00506
1.00566
1.05425
1.02001
1.00086
1.02199
1.04535
1.01503
1.01176
1.01909
1.01315
1.00415
1.02318
1.01735
1.00379
1.00931
1.03244
1.04202
1.01984
1.05402
1.00052
1.00535
1.03471
1.00104
1.01142
1.00512
1.04034
1.06856
1.02555
1.00569
1.02727
1.00419
1.03371
1.01239
1.00762
1.02112
1.08186
1.04339
1.03278
1.00046
1.00945
1.00218
1.0019
1.08246
1.01092
1.02012
1.00052
1.01548
1.01449
1.01088
1.00776
1.01264
1.00117
1.00174
1.00162
1.015
1.00471
1.00412
1.00308
1.01293
1.00582
1.01713
1.02291
1.00765
1.00068
1.01747
1.00218
1.01591
1.0034
1.02717
1.11498
1.0857
1.00132
1.01632
1.08899
1.02045
1.0286
1.0039
1.18002
1.00323
1.03267
1.00899
1.01449
1.00663
1.00397
1.03693
1.25179
1.00497
1.00643
1.0551
1.00817
1.06868
1.03952
1.01313
1.00469
1.10643
1.01887
1.06553
1.01151
1.03109
1.01231
1.02647
1.00573
1.02572
1.00125
1.0097
1.01434
1.04818
1.03318
1.005
1.06832
1.01608
1.05404
1.00086
1.00122
1.01133
1.00634
1.00604
1.00313
1.01794
1.00053
1.00678
1.01366
1.00268
1.0045
1.04379
1.04165
1.00445
1.00439
1.02106
1.00146
1.00654
1.00626
1.00597
1.01143
1.03553
1.03203
1.0331
1.00558
1.05059
1.01148
1.00648
1.00408
1.02002
1.00489
1.00457
1.00486
1.01041
1.00314
1.06946
1.00167
1.02904
1.01573
1.00232
1.04124
1.00244
1.00203
1.00384
1.02052
1.0356
1.03227
1.00791
1.06553
1.00497
1.00505
1.02227
1.00921
1.0096
1.00202
1.00164
1.00329
1.00863
1.07512
1.02899
1.01552
1.08101
1.01221
1.03578
1.01141
1.01859
1.01112
1.02055
1.01157
1.00502
1.00245
1.00159
1.02119
1.0416
1.00084
1.03883
1.00381
1.00898
1.01181
1.00276
1.00247
1.02036
1.04749
1.0053
1.00268
1.03798
1.05836
1.03062
1.00808
1.00671
1.0036
1.00142
1.0034
1.01523
1.04413
1.00451
1.00589
1.00746
1.03397
1.0165
1.00694
1.00945
1.01142
1.03417
1.0017
1.00631
1.00652
1.00037
1.01376
1.01997
1.00103
1.02513
1.06158
1.00303
1.01129
1.0216
1.02566
1.00757
1.0181
1.03748
1.0132
1.01289
1.01704
1.00795
1.00297
1.03645
2.40619
1.27018
1.51546
1.49795
1.00914
2.29063
2.11888
1.78365
1.28745
1.3124
1.28381
1.36694
1.33171
1.59554
1.76763
1.01765
1.02801
1.51777
1.34135
1.05741
1.30763
1.88986
2.50275
1.53982
1.38588
1.16974
1.1331
1.10981
1.33285
1.42067
1.13079
1.0622
1.03636
1.96366
1.63596
1.01053
1.03049
1.3529
1.4333
1.40992
1.31257
1.01401
1.11932
1.73767
1.88704
1.40105
1.21336
1.46073
1.81507
2.14608
1.49215
1.32732
1.59704
1.39906
1.37719
1.43352
2.34272
1.10796
1.02713
1.44684
2.0374
1.12161
1.60983
1.23802
1.5266
1.40555
1.30198
1.68935
1.06784
1.06882
1.65906
2.62078
1.16905
2.20305
1.12316
1.33975
1.20969
1.36937
2.18296
1.23708
1.09615
1.44888
1.05228
1.07352
1.18921
1.79387
1.03317
1.4061
1.40543
1.14396
1.44245
1.20554
2.70708
1.23024
1.71012
1.36007
1.50049
1.53664
1.40832
1.54351
1.02649
1.55526
2.43066
1.1339
1.43683
1.07162
1.26723
1.70445
1.32241
1.33976
1.21843
1.68327
1.56715
1.08281
1.03361
1.42464
1.13834
1.0986
1.27858
1.27865
1.34632
1.02253
1.11756
1.93964
1.33459
1.36575
1.14476
1.1913
1.27882
1.14192
1.48369
1.48429
1.36394
1.78917
1.23977
1.31064
1.53835
1.28751
1.62247
1.28883
1.23612
1.39754
2.22756
2.01682
1.65207
1.86942
1.07218
1.08579
1.59077
1.71393
1.68843
1.75679
1.25131
1.2625
1.21873
1.44031
1.31799
1.07222
1.03331
1.61616
1.78104
1.68456
1.04049
1.25649
2.1742
1.33828
2.03267
1.1627
2.29666
1.01047
1.37877
2.19468
1.46723
1.41371
1.41336
1.48486
1.30913
1.37793
1.83508
1.42898
1.71325
1.36662
1.16871
1.07173
1.39479
1.12899
1.03895
1.11732
1.37528
1.38359
1.19482
1.40765
1.07532
2.04422
1.11554
1.49793
1.37315
1.43215
1.0322
1.85379
1.38044
1.52623
1.39846
1.39972
1.17483
1.16587
1.3132
1.34515
1.2778
1.81314
1.59653
1.41174
1.60419
1.15892
1.14622
1.54171
1.10184
1.25339
1.61625
1.01986
1.52167
1.39579
1.54776
1.96582
1.19411
1.73379
1.09783
1.28386
1.01461
1.42777
1.34465
1.01991
2.32299
1.29063
2.2121
1.08379
1.55994
1.13113
1.91831
2.06233
1.30889
1.22541
1.14898
1.39495
1.01071
1.24019
1.29824
1.38785
1.07537
1.19456
1.09864
1.32401
1.23545
1.19921
1.679
1.65729
1.18171
1.41989
1.48752
1.03883
1.66722
1.99959
1.25918
1.5221
1.31303
1.38428
1.55015
1.2148
1.95584
1.03559
1.43453
1.01384
1.10162
2.14399
1.08407
1.49493
1.73855
1.391
2.04245
1.44306
1.33139
1.03504
1.12521
1.71887
1.96378
1.45861
1.26512
1.65496
1.15548
1.44884
1.4496
1.79586
1.57772
1.45469
1.40491
1.33731
1.79279
1.05336
1.01128
1.56913
1.28212
1.38938
1.76253
2.18376
2.16732
1.90928
1.5454
1.42192
1.35939
1.19504
2.02434
1.1434
1.16977
1.32268
1.71612
1.05983
1.53055
1.23694
1.50221
1.05472
1.23733
1.04334
1.18434
1.28189
1.19054
1.60282
1.30562
1.25769
1.32515
1.55666
2.37165
1.0507
1.27542
1.32813
2.00404
1.23739
1.25469
1.77644
1.5544
1.17509
1.36914
1.68018
1.62339
1.12859
2.39937
1.18786
1.64119
1.13289
1.05109
2.19496
1.16225
1.45247
1.36553
1.56889
1.74101
1.39119
1.39246
1.53816
1.11236
1.63072
1.27987
1.45989
1.19638
1.64465
1.18045
1.63492
1.16279
1.04661
1.29353
1.20711
2.41008
1.35295
1.14411
1.4531
1.70932
1.03478
1.47684
1.27212
1.3326
1.27622
1.31795
2.8812
1.42565
1.50041
1.32058
1.21437
1.99529
1.01214
1.54256
1.15039
1.15515
1.17361
1.33645
1.15133
1.27785
1.6982
1.88557
2.58864
1.08458
1.14617
1.36727
1.743
2.09649
1.3189
1.55172
1.42583
1.23783
1.08832
1.05986
1.60671
1.53187
1.45207
1.82095
2.23125
1.26018
2.20232
1.41641
1.63943
1.54852
1.24221
1.22741
1.24016
1.42569
1.4538
1.00998
1.62378
1.19602
2.07723
1.19381
1.57948
1.25802
1.99495
1.32513
1.32538
1.99158
1.27215
1.36269
1.62264
1.50319
1.30582
1.33039
1.26085
1.75064
1.32989
2.22502
1.52252
1.29583
1.15936
1.37772
1.61429
1.3327
1.08443
1.64101
1.71062
2.30581
1.13858
1.28014
1.15474
1.30166
2.03748
1.09848
1.15855
1.88305
1.48752
1.04266
1.23106
1.24668
1.34285
1.30854
1.02928
1.29799
2.00127
1.92708
1.18699
1.37611
1.40569
1.39356
1.06246
1.21473
1.09551
1.74342
1.19526
1.47555
1.08079
1.54211
1.02444
1.23272
1.13405
2.36325
1.53208
1.2443
1.11236
1.03872
1.68031
1.21592
1.39803
1.48768
1.05546
1.18879
1.38215
1.06887
1.34924
1.21789
1.46965
1.42764
1.43833
2.2624
1.40678
1.28562
1.40561
1.90896
1.10816
1.43606
1.05503
1.15689
1.34577
1.20457
1.13233
2.37578
1.05374
1.04642
1.77146
1.10471
1.32758
1.13353
1.36542
1.11805
1.10222
1.2247
1.78741
1.11202
1.40922
1.0734
1.66144
1.94102
1.16995
1.14446
1.0311
1.02152
1.44513
1.8777
1.76812
1.98594
1.25336
1.30051
1.16594
1.2309
1.60274
1.06936
1.06965
1.04321
1.48883
1.80953
1.34978
1.58717
1.79399
1.64328
1.42067
1.05343
1.21709
1.00057
1.17018
1.54076
1.22579
1.5869
1.05126
1.18211
1.16943
1.19938
1.26756
1.5568
1.8284
1.23509
1.45431
1.315
1.44744
1.21303
1.28477
1.24675
1.49877
1.18018
1.01629
1.37274
1.38034
1.28039
1.51752
1.19243
1.71903
1.24141
1.45319
1.03146
1.73095
1.55436
1.09344
1.26681
1.28552
1.44774
1.24965
1.20707
1.52767
1.92586
1.13505
1.6282
1.22336
1.57922
1.60772
1.0649
1.80992
1.86407
1.15204
1.51147
1.02096
1.58991
1.29793
1.52334
1.33245
1.97218
1.25528
2.23657
1.70733
1.19586
1.77415
1.41821
1.46723
2.19471
2.16735
1.30982
1.17419
1.90925
2.17217
1.21298
1.4339
1.05142
1.15562
1.09295
1.24186
1.7668
1.54981
1.10089
1.57138
1.39474
1.15787
1.3212
1.72087
2.05939
1.29329
1.38659
1.32742
1.40673
1.13412
1.47467
1.21821
1.26452
1.19858
2.46752
1.3178
2.63908
1.57287
1.15295
1.35952
1.63883
1.66704
1.29792
1.91339
1.27584
1.0756
1.39526
1.45061
1.3405
1.34225
1.49563
1.88862
1.72346
1.22868
1.54527
1.25673
1.15692
2.09728
1.22398
1.74954
2.0073
1.24967
1.3974
1.33671
1.05804
1.87772
1.32817
1.21579
1.33351
1.07604
1.8897
1.47584
1.12457
1.61117
1.20786
1.34025
1.26357
1.26773
1.34811
1.08599
1.46468
1.09385
1.32191
1.17107
1.19209
1.33986
1.02009
1.3504
1.27538
2.17416
1.55588
1.48677
1.15856
2.08208
1.40625
2.52623
2.1801
1.22651
1.93061
2.40756
1.21619
1.43306
1.31539
1.35768
1.75379
1.13568
1.33405
1.06165
1.1024
1.05767
1.43871
1.62707
1.17689
1.11974
1.72855
1.45776
1.14051
1.06417
1.32701
1.61723
1.67129
1.35982
1.08893
1.12049
1.34418
2.1254
1.08301
2.15145
1.76206
1.019
1.62725
1.31304
1.94639
1.71721
1.31772
1.23253
2.22551
1.30364
2.19582
1.2999
2.05388
1.13511
1.29521
2.09409
1.01828
1.33089
1.33495
1.28123
1.57624
1.66484
1.17552
1.23759
1.08564
1.85692
1.05303
1.42122
1.13556
1.16909
1.43696
1.40224
1.41759
1.91056
1.26918
1.04906
1.68598
1.34177
1.55338
1.66772
1.20112
1.57711
1.87719
1.63861
2.20775
1.10842
1.84416
1.19918
1.23951
1.88956
1.36012
1.38526
1.10079
1.12285
1.04623
1.69309
1.45466
1.0793
1.68291
1.28351
1.63282
1.55173
1.30324
1.06526
1.01815
1.0246
2.49621
1.25824
2.04153
1.28887
1.31531
1.55075
1.32461
1.42375
1.11487
1.28425
1.44063
1.20754
1.96441
1.08324
1.12115
1.0912
1.55522
1.34772
1.44913
1.10367
1.23031
1.64971
1.80932
1.42783
1.96594
1.52764
1.18796
1.29338
1.34925
1.08092
1.9733
1.36674
1.73419
1.06192
1.40447
1.59318
1.50403
1.86713
1.35366
1.39031
1.05266
1.9664
1.83663
1.67299
1.30107
1.13813
1.33883
1.1572
1.12442
1.17309
1.08156
1.38159
1.20207
1.26718
1.23894
1.7339
1.3394
1.17709
1.25217
1.143
1.61018
1.85231
1.29546
1.12905
1.15332
1.61493
1.01412
1.30519
1.40589
1.28418
1.4284
1.69956
1.82737
1.49608
1.17884
2.30659
1.01018
1.24184
2.58935
1.29296
1.73048
1.32791
1.7611
1.51894
1.32779
1.71354
1.37795
2.17005
1.28575
1.38829
1.04717
1.65023
1.91651
1.92445
1.37343
1.51396
1.28065
1.34826
2.48342
1.28145
1.48937
1.41895
1.19777
1.61783
1.45551
1.61054
1.44323
1.29021
1.45621
1.19344
2.02813
1.12346
1.09169
1.40333
1.07192
1.02004
1.41438
1.4678
1.26672
1.21148
1.74822
1.85498
1.21082
1.27484
1.518
1.4862
1.05205
1.17062
1.10295
1.10766
1.41863
1.10001
1.75935
1.40061
1.12383
1.60333
1.48143
1.12787
1.40181
1.29709
1.33748
1.15654
1.41159
1.28511
1.02376
1.17221
1.49926
1.36642
1.8864
1.03211
1.64288
1.3029
1.48018
1.28164
1.56971
1.8143
1.72268
1.34725
1.96066
1.11952
1.14962
1.40239
1.27436
1.54631
1.09892
2.22048
1.68089
1.15198
1.37814
2.66449
1.11307
1.83983
1.366
1.22889
1.27563
1.34119
1.23711
1.10604
1.36553
1.88644
2.35648
1.03773
1.5738
1.67909
1.78
1.67854
215978000.0
377196000.0
255580000.0
235823000.0
722508000.0
214118000.0
251704000.0
253449000.0
559578000.0
421607000.0
453356000.0
381520000.0
519057000.0
360884000.0
219320000.0
788342000.0
795332000.0
357941000.0
266039000.0
629688000.0
417351000.0
282460000.0
185718000.0
346785000.0
323418000.0
493018000.0
493767000.0
501180000.0
270642000.0
420162000.0
395739000.0
596968000.0
750036000.0
165522000.0
355315000.0
668261000.0
580058000.0
354854000.0
283388000.0
185602000.0
479965000.0
603284000.0
456457000.0
346520000.0
212629000.0
298354000.0
284280000.0
226872000.0
188106000.0
232837000.0
229221000.0
416577000.0
329001000.0
248550000.0
558765000.0
246648000.0
158235000.0
705326000.0
714894000.0
247986000.0
211236000.0
511287000.0
250602000.0
327046000.0
363082000.0
285658000.0
454836000.0
320509000.0
749703000.0
748660000.0
299531000.0
205986000.0
529423000.0
248733000.0
462697000.0
316739000.0
448679000.0
205708000.0
218946000.0
514653000.0
684122000.0
297768000.0
691392000.0
662334000.0
641387000.0
238659000.0
652440000.0
212784000.0
289100000.0
495611000.0
383058000.0
368662000.0
186303000.0
575089000.0
280475000.0
267502000.0
206470000.0
251226000.0
342398000.0
245887000.0
625872000.0
254312000.0
179488000.0
395008000.0
487720000.0
596806000.0
205992000.0
360885000.0
246081000.0
409684000.0
526318000.0
288718000.0
340268000.0
671395000.0
561077000.0
291907000.0
675616000.0
662128000.0
496338000.0
475595000.0
491100000.0
701456000.0
643605000.0
160726000.0
305702000.0
449231000.0
498064000.0
366589000.0
348591000.0
349743000.0
306631000.0
240116000.0
416974000.0
144208000.0
516059000.0
408784000.0
441862000.0
430715000.0
295155000.0
313863000.0
385444000.0
396684000.0
205039000.0
161137000.0
251832000.0
225331000.0
610971000.0
602438000.0
253305000.0
306017000.0
221813000.0
216620000.0
399243000.0
547651000.0
446947000.0
173051000.0
377727000.0
472848000.0
725781000.0
295381000.0
229596000.0
242751000.0
840537000.0
447151000.0
231288000.0
268259000.0
215894000.0
410358000.0
163950000.0
762536000.0
313778000.0
190279000.0
335431000.0
259811000.0
245702000.0
321201000.0
442539000.0
198354000.0
218250000.0
370055000.0
252750000.0
450756000.0
686942000.0
585526000.0
335902000.0
476259000.0
636353000.0
501479000.0
461272000.0
371193000.0
522139000.0
278055000.0
668224000.0
234887000.0
515302000.0
398707000.0
275826000.0
379195000.0
826784000.0
219010000.0
287723000.0
335701000.0
365888000.0
334035000.0
403896000.0
651005000.0
464730000.0
454880000.0
571322000.0
212932000.0
264860000.0
199261000.0
316689000.0
499720000.0
453963000.0
276988000.0
413766000.0
370081000.0
333567000.0
820903000.0
431310000.0
213751000.0
277978000.0
192102000.0
500414000.0
275012000.0
536032000.0
258212000.0
828906000.0
421151000.0
491488000.0
801639000.0
169204000.0
289787000.0
213483000.0
592803000.0
355105000.0
524071000.0
263089000.0
162003000.0
433386000.0
423167000.0
451748000.0
322405000.0
725415000.0
500477000.0
365941000.0
405885000.0
710806000.0
486150000.0
422379000.0
587492000.0
457327000.0
461996000.0
305282000.0
289701000.0
576680000.0
416377000.0
381999000.0
734860000.0
301330000.0
234830000.0
502511000.0
326443000.0
240585000.0
332957000.0
325835000.0
637512000.0
166614000.0
480512000.0
352032000.0
664751000.0
407894000.0
209748000.0
589632000.0
269264000.0
131322000.0
365485000.0
197061000.0
161092000.0
391401000.0
818214000.0
480029000.0
246699000.0
263460000.0
276161000.0
441671000.0
378073000.0
409083000.0
219072000.0
200168000.0
318875000.0
169675000.0
440439000.0
216017000.0
450093000.0
207943000.0
595542000.0
817148000.0
346167000.0
447864000.0
320535000.0
302304000.0
181982000.0
191056000.0
240606000.0
215441000.0
312038000.0
294415000.0
466032000.0
254731000.0
467461000.0
382386000.0
479839000.0
269669000.0
708229000.0
219645000.0
289133000.0
266698000.0
636880000.0
354438000.0
502155000.0
288946000.0
398765000.0
380393000.0
387944000.0
286162000.0
432213000.0
414450000.0
240966000.0
216849000.0
647336000.0
296297000.0
238331000.0
199553000.0
407489000.0
546654000.0
244871000.0
312270000.0
506890000.0
263261000.0
192197000.0
322238000.0
481558000.0
201642000.0
560949000.0
210588000.0
733194000.0
702914000.0
185599000.0
447690000.0
348353000.0
394257000.0
261265000.0
285144000.0
314887000.0
295020000.0
300875000.0
605081000.0
295496000.0
437316000.0
317284000.0
549953000.0
306737000.0
394920000.0
340944000.0
422629000.0
668559000.0
217586000.0
671337000.0
153493000.0
471787000.0
462526000.0
204100000.0
273000000.0
481521000.0
231272000.0
420345000.0
389016000.0
488862000.0
438105000.0
169759000.0
266607000.0
260279000.0
322342000.0
403980000.0
206744000.0
713438000.0
264677000.0
598937000.0
572883000.0
486310000.0
422437000.0
684764000.0
497228000.0
219318000.0
249730000.0
154236000.0
770243000.0
535780000.0
296715000.0
357368000.0
230377000.0
355798000.0
394795000.0
306992000.0
509203000.0
606454000.0
394244000.0
236941000.0
220960000.0
377928000.0
258893000.0
208151000.0
351721000.0
148789000.0
295541000.0
295704000.0
343233000.0
536376000.0
288705000.0
529993000.0
353210000.0
339185000.0
622444000.0
235747000.0
379188000.0
204737000.0
368961000.0
200845000.0
500131000.0
301159000.0
471538000.0
310136000.0
210032000.0
345582000.0
249798000.0
236698000.0
265697000.0
453534000.0
359244000.0
258951000.0
176129000.0
398907000.0
165722000.0
272990000.0
445094000.0
500901000.0
377940000.0
302065000.0
551943000.0
760321000.0
253082000.0
161556000.0
173984000.0
500548000.0
304601000.0
535629000.0
302885000.0
202910000.0
694517000.0
700441000.0
276164000.0
438270000.0
609066000.0
604275000.0
260669000.0
445550000.0
351068000.0
661488000.0
333370000.0
173885000.0
188180000.0
363098000.0
441583000.0
364168000.0
356920000.0
646943000.0
407476000.0
581626000.0
157664000.0
556194000.0
196807000.0
614596000.0
384066000.0
747177000.0
475950000.0
607008000.0
207613000.0
419866000.0
266556000.0
710314000.0
542852000.0
294563000.0
444051000.0
313009000.0
342165000.0
690943000.0
537848000.0
269770000.0
718965000.0
312710000.0
407018000.0
526195000.0
322630000.0
292727000.0
173587000.0
442030000.0
259573000.0
402475000.0
311985000.0
634597000.0
387822000.0
588745000.0
632799000.0
329597000.0
596264000.0
585666000.0
160395000.0
731120000.0
722380000.0
194035000.0
612377000.0
399878000.0
761127000.0
395147000.0
645213000.0
552252000.0
317879000.0
371926000.0
664223000.0
348902000.0
672364000.0
243138000.0
229148000.0
427121000.0
494029000.0
676746000.0
723139000.0
217827000.0
238852000.0
259125000.0
200405000.0
298457000.0
333990000.0
449638000.0
505759000.0
272451000.0
764815000.0
602181000.0
542299000.0
382523000.0
214297000.0
280231000.0
228692000.0
222587000.0
267083000.0
407703000.0
671568000.0
365697000.0
558567000.0
426088000.0
263877000.0
427238000.0
382963000.0
626340000.0
599075000.0
640309000.0
571384000.0
353294000.0
214388000.0
224011000.0
469085000.0
228957000.0
268884000.0
249390000.0
566210000.0
568452000.0
423584000.0
278096000.0
378100000.0
807399000.0
318650000.0
487051000.0
446350000.0
274184000.0
376013000.0
200237000.0
333671000.0
372025000.0
676505000.0
220394000.0
238284000.0
482602000.0
326328000.0
421594000.0
373596000.0
496509000.0
458715000.0
262263000.0
216287000.0
578146000.0
359743000.0
325220000.0
249350000.0
212485000.0
713761000.0
300109000.0
278792000.0
496697000.0
365458000.0
797224000.0
209102000.0
461740000.0
409292000.0
494805000.0
263906000.0
447210000.0
222166000.0
242389000.0
633857000.0
326932000.0
223443000.0
341815000.0
180495000.0
171796000.0
326494000.0
403666000.0
251345000.0
228930000.0
565565000.0
207752000.0
827895000.0
569316000.0
411754000.0
413939000.0
182446000.0
316459000.0
718134000.0
327003000.0
235570000.0
483850000.0
514887000.0
282357000.0
255178000.0
313219000.0
358897000.0
481287000.0
337719000.0
584866000.0
295784000.0
581123000.0
521644000.0
612239000.0
189139000.0
498386000.0
180112000.0
323412000.0
500419000.0
458179000.0
203625000.0
235574000.0
536711000.0
137720000.0
381009000.0
425761000.0
241596000.0
391650000.0
211214000.0
509973000.0
385483000.0
210032000.0
209287000.0
397791000.0
289305000.0
407548000.0
625097000.0
168153000.0
412277000.0
230180000.0
167500000.0
493249000.0
268885000.0
211916000.0
548865000.0
313497000.0
360683000.0
582373000.0
306937000.0
557420000.0
242940000.0
313855000.0
364956000.0
361556000.0
426240000.0
396478000.0
358853000.0
454870000.0
331939000.0
601157000.0
359461000.0
516251000.0
407614000.0
671007000.0
589540000.0
177563000.0
722776000.0
430743000.0
346301000.0
249318000.0
342454000.0
304831000.0
533667000.0
173896000.0
349768000.0
145483000.0
231429000.0
375855000.0
192678000.0
190425000.0
379875000.0
220222000.0
394638000.0
383592000.0
291813000.0
608327000.0
436821000.0
744574000.0
613669000.0
467980000.0
412321000.0
202722000.0
501400000.0
497991000.0
292383000.0
242931000.0
520606000.0
588633000.0
325096000.0
366553000.0
263118000.0
348334000.0
634491000.0
591715000.0
430128000.0
238201000.0
700055000.0
215758000.0
147531000.0
802259000.0
253172000.0
501587000.0
227978000.0
269858000.0
300369000.0
520599000.0
168934000.0
405758000.0
156315000.0
374504000.0
209780000.0
661722000.0
403332000.0
193409000.0
760999000.0
394066000.0
318979000.0
236770000.0
219095000.0
334120000.0
518384000.0
458351000.0
518634000.0
205285000.0
700275000.0
216592000.0
261191000.0
525554000.0
248938000.0
326386000.0
243342000.0
213587000.0
323361000.0
687387000.0
382287000.0
314951000.0
210205000.0
218912000.0
377622000.0
251794000.0
245618000.0
307804000.0
191956000.0
690588000.0
214029000.0
202023000.0
325939000.0
209631000.0
421542000.0
201345000.0
592782000.0
640658000.0
635546000.0
266508000.0
394875000.0
577779000.0
237499000.0
501709000.0
299861000.0
252910000.0
467511000.0
521691000.0
812186000.0
657026000.0
165067000.0
525663000.0
190652000.0
429093000.0
450655000.0
289100000.0
535606000.0
395242000.0
342868000.0
358770000.0
390468000.0
564500000.0
208595000.0
568774000.0
619065000.0
466270000.0
359486000.0
310030000.0
366993000.0
473498000.0
302952000.0
311779000.0
327309000.0
286682000.0
218844000.0
250720000.0
495035000.0
376045000.0
180208000.0
416818000.0
295050000.0
334937000.0
202894000.0
726044000.0
373551000.0
327045000.0
307924000.0
251549000.0
374064000.0
357122000.0
668156000.0
191446000.0
216987000.0
270256000.0
524600000.0
554055000.0
499268000.0
405567000.0
700512000.0
478700000.0
739841000.0
388563000.0
572240000.0
343440000.0
184979000.0
309516000.0
347259000.0
457288000.0
395785000.0
643465000.0
259797000.0
232432000.0
329476000.0
597410000.0
418061000.0
445583000.0
619904000.0
214661000.0
426316000.0
213673000.0
307228000.0
265524000.0
233877000.0
301509000.0
431910000.0
221650000.0
723012000.0
447426000.0
166338000.0
396679000.0
243637000.0
454183000.0
247386000.0
172542000.0
330916000.0
272217000.0
296863000.0
172266000.0
459208000.0
469613000.0
697610000.0
283678000.0
198794000.0
224063000.0
501085000.0
356107000.0
626298000.0
352585000.0
137638000.0
354033000.0
330721000.0
432066000.0
602508000.0
223097000.0
478573000.0
262143000.0
189419000.0
243602000.0
226703000.0
359666000.0
172008000.0
422146000.0
725881000.0
495606000.0
675972000.0
667603000.0
199527000.0
305003000.0
349436000.0
257114000.0
202112000.0
232466000.0
575193000.0
417168000.0
333153000.0
373972000.0
510684000.0
336507000.0
616804000.0
658814000.0
377769000.0
568843000.0
188271000.0
420979000.0
556834000.0
235428000.0
310427000.0
622858000.0
323167000.0
486705000.0
376634000.0
504379000.0
281125000.0
356058000.0
802289000.0
436896000.0
311892000.0
430288000.0
176580000.0
683633000.0
258844000.0
460715000.0
318174000.0
397122000.0
302965000.0
351200000.0
277832000.0
530523000.0
180003000.0
444443000.0
462762000.0
279918000.0
352651000.0
265614000.0
554665000.0
181156000.0
359148000.0
429153000.0
434612000.0
192777000.0
566094000.0
236682000.0
396229000.0
477648000.0
524107000.0
175064000.0
437985000.0
314133000.0
300599000.0
186794000.0
192320000.0
591054000.0
311758000.0
199015000.0
222652000.0
223345000.0
562195860.69491
442139508.641303
262858668.25868
523270782.01258
741929929.494721
381775323.234718
538177530.915154
458163418.624433
728075821.458923
584855360.068288
632923955.940792
636097485.047051
704619598.05266
642271390.913972
380425269.933782
373113490.477799
375978327.065404
562803921.905468
283562133.090917
646051041.15694
307717873.43616
513965260.369014
315152110.880041
534168222.177193
535748229.23132
595982382.797495
602649257.477892
300341190.704184
391220004.625378
586187018.752573
289923491.369664
716668077.585254
880553991.480794
458303229.966509
659142643.697316
321055151.212904
655692080.732695
509715098.1032
545413401.920435
341039115.962889
621476197.244701
289201583.047175
472325652.861104
585676208.046942
476110947.809491
246537725.594685
452640478.695451
420757721.450519
489852336.681188
232837178.795666
494093590.463092
667197476.456492
638936993.839442
222378535.433326
636463718.086582
508334005.75493
354883487.063809
872002952.467542
370312569.29406
529433433.107181
504338190.471334
344673034.771833
413257558.990133
343964210.420604
572033674.825716
483399774.949256
325632110.616142
578017331.653006
387261391.116149
393803155.264665
485458241.384796
522426862.961458
681526122.429488
592914534.093489
667312687.113609
510222081.686787
682990112.754434
240462500.163675
544862175.585982
342271498.642958
354608372.89796
443374578.637859
355786778.172005
788973437.806629
794882387.923348
229595912.039715
703974039.843132
490980757.577777
531230676.769217
627481677.224725
504180187.793933
654966679.37801
355415953.991127
728702080.694617
280430340.884395
549642522.358433
331071883.744885
515279122.722698
605096593.888651
545174200.412924
300627671.10785
465752010.389727
466333300.30654
543510378.091342
596415180.034348
797325916.63234
401681554.133109
600626471.225489
245741703.784608
607483750.060063
339830213.218482
541994909.678286
459982504.093303
754943661.124151
561022282.526674
520869796.232814
834272767.365617
830820636.457874
332480907.277353
602761057.682522
321881947.847156
335618813.690078
350738646.390214
420868669.137742
583556873.909064
305692031.949628
648712773.103727
458931660.090442
477452111.54353
621731664.703553
567443775.925184
364974545.3563
315385894.132192
448261461.894472
656972105.568804
628169131.065935
609445653.253509
565092299.966333
558243573.722151
562385306.758199
560866332.185799
568253623.06522
464606644.665713
261421853.798958
388890902.596483
589478333.98986
670561331.536343
662136931.169155
460990957.217756
607555808.557326
234670916.572432
514339726.366343
636699055.270801
754770833.816029
270857867.984659
395455441.475307
664402011.213731
506201981.826098
846170801.025326
492969339.4548
395201025.919553
397534054.391156
395655113.653513
551087388.828916
507848003.640824
264137913.516951
474531514.671495
257318954.812024
314356247.278347
345922261.202708
636958937.134185
421088023.092564
273889873.504612
379033302.741436
444579661.838776
543559454.872676
529961450.092294
475644062.906787
483984341.065376
565547576.929867
583379914.347984
327805791.013454
850675650.997935
632917226.448253
645919749.273317
687239130.597997
363827671.580308
621655136.533517
334630167.842033
561909228.307125
301390425.898322
486735881.705755
833120746.977766
520828453.470967
630156642.670034
324658443.512417
534166460.305059
308105553.313203
858082178.89767
532160003.292551
495028172.640123
536547264.683928
419725916.801941
507492431.451236
541999137.919674
809899715.898187
276828564.18104
619976644.061773
354571408.039147
426309581.562967
545322869.172101
433038723.564798
556654900.451157
586451062.165596
741688998.478442
533391796.850732
521846019.04692
521915849.55824
502292436.003835
372093130.387004
525871861.164801
425658896.177726
514845167.996083
512833129.815888
719157505.701988
487131794.78253
693861188.251318
489711319.403494
394071980.609373
634908393.557875
618436087.54135
382585267.027572
358409826.536685
463080366.190195
519067605.707914
711769975.128811
555650751.121063
345660615.732222
470935810.074451
429446807.460231
516014124.189372
432760059.580619
602374241.44582
226445841.138368
328113330.693176
732515522.470028
271521056.183256
522332278.53744
384745676.130973
711607081.804592
607609022.257101
699050201.486402
716032652.913418
647602841.942658
242148770.037733
578129337.779476
340500355.420585
265749873.251141
265589601.193391
380135838.576943
578541855.543869
478274708.499915
617190644.86987
535649500.06795
314565361.644396
502135488.438944
551956378.857901
367610976.669889
321580020.577681
480919435.691911
304878902.309971
672573188.751135
273215200.677329
560913010.816211
311031183.215015
485721141.423885
404981434.048413
452321346.07022
511907125.452481
308265221.028756
304407302.711778
859429249.292571
315896126.83018
507648595.894897
512105510.521008
533075986.743495
717249162.149109
527638271.92252
560182975.402322
423202082.306336
311501768.771606
281146625.706274
493923461.795693
472911294.176457
320881223.486204
683219144.360484
365728644.521251
352473030.993951
825250790.988433
396514254.423941
657059799.867102
436803292.691284
274991465.008277
479566450.483358
363838164.5087
495183218.298773
465030161.071707
449645625.205184
416920986.437389
531755695.367807
357160460.885243
278882422.308299
530151147.99305
579467580.654618
407046078.815665
850049583.267964
432996780.045469
452964735.912483
563818792.926022
344490575.291563
547234324.632346
593696800.764855
485205025.707793
280883058.385305
260472843.387861
576238792.048592
536363407.95636
651900096.231284
721546866.813504
228002584.172847
346751855.162889
670951668.818407
518099164.147948
277824164.487352
319378404.495899
554379249.28051
725887464.590923
348266555.001379
519234494.416301
655118753.672788
258347673.211011
373313771.4464
565712606.89622
553938189.136377
346002045.984228
772676598.389302
428093793.070472
832431600.685383
740941747.244906
518575505.550791
323495181.549634
661225143.447536
563285536.816253
498139768.10526
557073065.955822
440988519.835876
572251860.054471
403459763.27714
738644571.65701
273719030.73513
674278317.204159
616308511.82734
347315425.123493
573102053.878733
517490325.737196
571222528.620017
556297182.563644
369207344.54992
501009259.73835
802376285.528666
379189149.147132
722469462.553301
595890805.15289
387085307.13611
267780091.514694
234466457.778618
316822500.885445
645302315.547806
556130589.87141
315043847.675312
660391848.229971
250871414.257425
541164080.965152
492525844.481615
601969573.830648
303532138.98496
457552087.485287
731053201.345391
518454498.572503
682711769.196895
756744723.153011
649813459.617012
680390523.333947
354281493.256173
664486972.113572
457417227.494562
546106378.693849
298757272.230787
876934239.105538
649913261.21193
333960233.330556
302789554.917471
506369735.067131
504015444.131224
568696687.058249
251701151.032974
307789003.207582
631812585.724776
433402270.317972
443676289.444824
434350021.048897
316559759.267591
402543419.506144
313208140.040162
497499957.933311
408240052.84383
422093306.790219
629832695.086507
449223372.996711
343206680.37113
368840831.048256
643578097.171214
648683944.832961
607528710.846519
635938020.254567
321650307.891226
543408861.917922
461424076.287328
621546573.840841
324391757.566358
334997299.128805
580180131.681354
686973858.19305
597209106.003607
507305641.551667
405493932.833499
508799919.594696
258969740.738089
527178334.102479
563935542.486548
475489535.753066
514274326.509242
306951079.814522
553104712.113779
508839851.157674
518207440.36352
660224323.360837
307442333.633197
588479148.826631
597790638.143363
748357341.624662
394108297.223326
370412415.379261
295459961.562993
510179433.201151
602642991.459757
508695857.127067
737066597.239489
485671859.082347
408548093.137919
368177500.064407
377463082.565396
425723568.575209
465024013.993517
619469985.547192
672714921.824498
561855684.729834
637175581.434533
436023489.921444
758855966.834451
522508266.177108
448700242.684864
435663721.891753
475029189.780699
671128077.548837
457466343.438276
558222392.069762
669417117.477283
691920374.619582
682439885.673945
279495874.397247
661202255.329061
305106255.978202
707065404.098838
672050392.1674
784960045.198413
606172528.702344
343326496.511823
500275050.725032
674003113.920884
396708342.738149
379326844.749036
681838041.429565
462433409.597575
279150026.981258
223254979.797215
414525741.233035
776277392.118869
636594414.43099
261354354.523574
356725589.029855
493679433.856186
556916680.648495
766126069.795017
366783045.4387
420443960.290867
408054103.048264
285225755.398366
462865022.322643
717867845.00978
381028256.613741
728688117.193636
588145900.979119
639215923.482733
787058468.54525
532004510.074949
744031083.686172
768326376.327187
501641875.568259
810445385.243775
364034187.078552
351452799.112838
731976363.030979
290705726.758975
392813035.090567
684916735.511319
689181797.092994
793298795.155895
363212160.804536
637087369.969152
822507037.092816
276690824.961408
379001329.373242
427417665.283612
349326837.684306
596965485.405125
627673104.360449
737240402.789596
338191009.626035
434182104.587056
244059885.982596
500308154.70794
372487168.858626
562509891.208012
597476318.318467
303028836.261969
297142517.15823
505182109.367226
386796011.655784
686098047.457036
613809698.775298
653972870.987014
432801090.901236
437198506.436493
486402939.069998
532035136.110395
591447256.896296
572694604.005206
700815652.654182
542471633.644275
558480710.17908
576507224.581966
469018671.258404
660303465.495885
515227248.768012
337513077.866046
639626031.826877
813368711.83963
359095248.44538
569307571.815241
449029217.766014
434455751.272427
627112119.440625
396975765.651171
542228163.00524
489970110.941829
361979268.456978
602422850.936608
599866159.978858
454714881.947527
605886090.906749
390098231.427769
362222587.74934
575582403.600132
597445865.684512
528371147.779249
631120584.990656
200235763.668975
467026338.829643
473199092.361168
688481251.35281
422317200.677103
375563232.000717
307948543.711957
475735947.8986
279071723.544741
492030278.13257
717597668.027044
683766171.011746
469796873.048675
506825411.226836
343586327.6353
480310663.003603
255109144.74077
457060102.354997
509617223.04628
753270853.716794
580844963.118581
507778870.594534
724328583.548462
540030220.730508
834280815.789618
440474970.96604
584833712.703206
450549618.55467
669793223.479656
473202057.66024
686806276.186313
374205565.210263
543567712.049995
834616407.152658
265676841.933911
427815518.896703
616494430.261593
486143320.920134
483042470.705556
625513826.12064
502308182.917161
582288163.070815
499008052.933137
614774914.478339
295620349.506407
394117149.928444
349003956.632863
493511753.865992
655801589.517404
481846092.332544
500876259.611865
798583089.373336
522618768.839592
446740047.746737
590913642.337484
639505189.355337
536556590.763631
377977104.1025
512491822.974631
560550454.24929
511755120.183021
577966075.051701
349709039.590598
577833847.053321
805132737.535501
313147594.670656
618780012.299115
220974912.312062
641745734.762805
435600196.368778
430735814.934009
651597454.71379
666682413.246675
496015198.611637
252479274.680698
703723889.245928
425458340.535098
643285815.533077
506450155.872805
370081337.907562
649039309.742136
305604228.040198
339932441.78258
637046989.118235
439277810.526539
259976028.278991
305436788.659092
545753235.879926
542137885.237109
736990954.544309
275554222.417158
707470015.030854
469577543.673477
432126606.426731
607904253.30178
399453543.987832
492824002.08892
300243272.498489
432280043.382288
602503847.090021
756023613.533377
557521215.338477
733716819.395367
293304992.57034
256819035.040869
256343835.915409
617480027.795061
648163559.365661
287510104.105274
543695012.001817
481317344.780143
256344759.83289
606994434.635729
605388612.712357
682174373.360734
638830481.538927
708014834.52512
354315257.240202
431875706.812462
776584291.868516
669451251.022914
292500753.860205
542651195.813366
523723080.290094
391824416.717982
625436179.963204
459001263.827579
515345512.825884
360042442.009818
517233310.10206
227399773.368387
499596279.257396
374688210.732235
497754894.939315
460149356.898254
473984120.138319
572281719.478709
489878665.454218
779330778.805332
622892100.488917
357683725.793792
787332747.637708
245114916.1481
294119706.34221
497642331.198092
685392761.23733
598392878.71655
416278538.857844
552280493.265866
277593518.936639
660568600.163879
577503654.123784
520417267.654537
384729242.717305
517798332.599853
663267269.121415
714370216.467778
548769023.973107
474481225.465689
819726132.439947
534360456.662749
345468657.496776
396424859.802618
275940203.294998
728064801.633214
247445468.669039
582529051.355857
411819518.547914
716104777.329807
352726771.155214
469639022.059705
289728572.835463
591396068.824226
497752649.141566
821526074.418468
535302969.535301
466902305.317822
395634321.698615
279407936.563932
342805681.409305
521751731.927202
321036633.993759
568929485.540786
676242812.663511
514182193.213636
652568097.214213
436405433.046157
812936132.941334
267325728.829334
393507042.918539
650415738.173803
377862580.137151
550319837.474903
418455556.006327
412986299.307197
534736691.250554
380976054.469921
304307122.959477
547463464.418107
491118923.448234
448830061.140614
570181050.958178
346272296.909488
522765802.283326
531819855.968162
312354397.265817
816185331.008778
451773929.877877
378716849.89108
506210081.380195
500772492.229212
583314424.014228
485974081.455959
651042029.672227
790735244.260991
780712709.250576
238630941.807003
685408589.63211
615764857.315658
486452943.624627
591278513.264534
547854247.063331
488904671.047217
587137374.110142
734053371.43552
379409054.121989
703347268.120134
470698324.084037
755146724.22232
350285630.764069
618502873.77629
657362098.498942
548619839.347363
681789344.999028
294553178.711792
445867540.358854
576014001.044693
687157304.722272
722960474.603049
396127624.934448
319121261.80807
358487253.572231
560423285.008772
268268945.38647
491848763.514712
574267157.944866
603197752.11285
236880662.513547
566727251.832721
596589379.66106
548689965.986944
434525349.392424
467028368.610598
297075775.889204
546120511.865979
340238276.599085
667968456.797561
274257030.325056
519878841.320889
419556730.195971
881127108.165701
622193603.66397
508911971.491669
531119382.981151
542417283.107763
566077300.18947
527642298.14677
346778356.683888
374755104.187001
536409148.870482
566541427.685452
565499146.818908
651402582.431005
685478148.796486
531415639.251072
775639154.000649
605069650.393051
805759560.647746
548896057.547377
684274056.923413
251698900.831239
347273474.563247
574408330.091188
420508152.922417
690144201.941592
515537173.669689
742867246.103067
513618438.410804
527695968.029972
643634403.518866
708429875.981099
559473617.534343
523696363.611499
291422857.141579
494737220.178624
682234627.93672
577421809.146253
476039467.212938
411074032.927431
378491134.586947
546095408.751898
612656199.413091
467826370.35048
747846024.282686
546323531.24286
329743941.561112
294195158.013803
546739588.577353
517426756.747052
493842205.955277
428295219.649968
511680065.47661
382659657.62004
357888609.787917
438164222.66305
324350574.756334
315968213.829751
341446591.78378
399480094.676155
354701970.25882
250505160.52941
678304739.924233
599453948.524713
829851760.601017
469140564.303964
399363947.247404
595481790.023173
541233710.679766
584973880.740154
742726869.744162
322355932.101678
552716875.539733
243305846.155511
275743141.447347
402181995.647146
447195359.60508
577045316.401378
228219922.929767
480572165.977138
384013469.433091
743611213.233809
364150689.45861
735741931.466019
421779015.026208
523234223.03105
435667575.474956
450405277.057528
514785830.941423
445885986.450959
792202535.628462
605788857.232023
506495930.182552
611366475.60007
282470219.839869
456283916.107523
784173308.377286
374384351.720445
536236987.522667
358363496.825644
422453808.327109
281489098.467435
572451840.453953
531067464.026427
567363518.06083
355695049.180244
579480540.860371
550840752.331568
631658887.566252
634228211.693491
424191824.068493
655652779.892955
869682094.26021
477491929.23051
477564131.492068
638852746.888072
429881032.196395
365342885.966242
489882836.451452
695896831.658022
606968351.771507
551439856.555696
558213901.86529
307017144.922152
498073620.931307
633180627.951187
353464939.165483
597503621.260898
464875256.019066
497757587.691739
450691972.01505
561602328.487717
333220578.963429
278017792.68557
649392625.560348
589761334.049473
326317488.717459
240030172.383993
359228007.483457
456419826.135862
592778551.954582
652450896.389045
573852104.957085
453475592.748924
291531984.95932
436278784.144569
481479104.834013
474518502.588945
392705011.893894
708962883.787844
492069215.848423
456805479.327763
262326521.106781
480499663.456921
