0.999752
1.00342
1.01449
0.999923
1.00143
1.00301
1.0044
1.00727
1.02177
1.01507
1.00494
1.0112
1.00433
1.00141
1.00003
1.02358
1.00491
1.01527
1.01028
1.00278
1.00474
1.00553
1.00686
1.00342
1.00369
1.00519
1.00816
1.00401
1.00802
1.00327
1.00877
1.00397
1.00465
1.01805
1.00402
1.01064
1.00301
1.01215
1.00986
1.00321
1.01495
1.00447
1.00493
1.00496
1.00545
1.02245
1.00907
1.00242
1.00577
1.00226
1.00308
1.00225
1.00147
1.01766
1.0139
1.00483
0.999732
1.00191
1.00969
1.01187
1.00928
1.00101
1.00563
1.01212
1.00352
1.00759
1.00601
1.01154
1.00463
1.00127
1.00396
1.00265
1.00453
1.00205
1.0015
1.00892
1.00148
1.00778
1.0039
1.00364
1.00225
1.00414
1.00526
1.02229
1.00142
1.00179
1.00677
1.00692
1.01053
1.00295
1.00422
1.00854
1.00413
1.00229
1.00644
1.00303
1.00276
1.01584
1.00389
1.01618
1.00511
1.00201
1.01639
1.00324
1.00642
1.01358
1.00242
1.00243
1.00925
1.001
1.0069
1.00744
1.0091
1.00378
1.01691
1.01118
1.00758
1.00491
1.00358
1.00256
1.00095
1.01285
1.00905
1.00292
1.00606
1.0136
1.00919
1.00287
1.00792
1.00554
1.00318
1.00883
1.00133
1.0067
1.0021
1.00426
1.00658
1.00649
1.02201
1.00351
1.0079
1.00275
1.00196
1.00919
1.00565
1.00023
1.00123
1.00612
1.01149
1.00134
1.0079
1.01934
1.00636
1.0197
1.00195
1.00554
1.00579
1.00493
1.01348
1.0064
1.00092
1.00251
1.00385
1.00594
1.00803
1.01168
1.01152
1.00223
1.01462
1.00054
1.00584
1.00408
1.00478
1.0065
1.00559
1.01026
1.00499
1.01663
1.02061
1.0034
1.00213
1.02106
1.00672
1.00269
1.00209
1.005
1.0118
1.00199
1.00615
1.0122
1.01217
1.00145
1.00678
1.00987
1.00701
1.00056
1.00295
1.00205
1.00361
1.00308
1.00109
1.00026
1.01222
1.00432
1.01054
1.0111
1.00192
1.00638
1.01184
1.00362
1.01712
1.01624
1.00929
1.00319
1.01602
1.00395
1.01135
1.00487
1.0045
1.01498
1.00356
1.00421
1.00982
1.0045
1.00968
1.00033
1.0182
1.00109
1.00833
1.00683
1.00217
1.00625
1.01896
1.01319
1.00976
1.00784
1.02326
1.00778
1.0122
1.01653
1.00406
1.00224
1.0039
1.01126
1.0042
1.00362
1.00534
1.00862
1.00775
1.00224
1.00755
1.0002
1.00741
1.00917
1.00974
1.00348
1.00678
1.00371
1.01027
1.00624
1.00673
1.0091
1.00291
1.00966
1.01361
1.00869
1.00655
1.00792
1.00143
1.00524
1.02876
1.00238
1.00202
1.00767
1.07219
1.00591
1.01506
1.00874
1.00534
1.00471
1.00201
1.00182
1.00755
1.00362
1.01759
1.0025
1.00969
1.0068
1.00133
1.01864
1.00717
1.0185
1.00904
1.00569
1.02008
1.00048
1.00253
1.00347
1.01634
1.01234
1.00848
1.00178
1.00531
1.01047
1.00472
1.00806
1.01592
1.01427
1.00629
1.02011
1.01304
1.00478
1.00629
1.00981
1.00209
1.02623
1.00302
1.00478
1.00845
1.00391
1.01015
1.0022
1.0052
1.00635
1.00212
1.00118
1.00774
1.01428
1.00594
1.01033
1.0055
1.00322
1.00781
1.00212
1.00524
1.01166
1.00467
1.00715
1.00381
1.00205
1.00287
1.00635
1.00413
1.00111
1.00058
1.00503
1.01184
1.00577
1.0048
1.01037
1.00697
1.00197
1.00333
1.002
1.01166
1.0051
1.00945
1.01038
1.00108
1.00335
1.00033
1.01576
1.00451
1.01198
1.0031
1.02145
1.00264
1.01424
1.007
1.00168
1.00942
1.00564
1.00203
1.00287
1.01345
1.00378
1.00403
1.00047
1.00455
1.00097
1.00682
1.00914
1.00721
1.00445
1.00164
1.00441
1.00465
1.01436
1.00684
1.00556
1.01841
1.00234
1.00415
1.002
1.00781
1.00534
1.00637
1.00117
1.00187
1.00078
1.00372
1.00747
1.00577
1.00661
1.00191
1.0041
1.00356
1.01293
1.0106
1.00091
1.01246
1.00892
1.00457
1.00495
1.00209
1.00719
1.00496
1.00052
1.01628
1.0097
1.01759
1.00395
1.00476
1.00787
1.00093
1.00151
1.00716
1.00679
1.00421
1.01046
1.01295
1.00121
1.00043
1.01441
1.00282
1.00426
1.00748
1.00458
1.00247
1.00137
1.01306
1.01501
1.00374
1.01695
1.00393
1.00843
1.00598
1.00878
1.0069
1.01389
1.0044
1.00723
1.00841
1.00291
1.00639
1.00465
1.00377
1.01274
1.00757
1.00327
1.0143
1.00466
1.00174
1.02596
1.00252
1.01261
1.00328
1.00118
1.0083
1.00161
1.00339
1.00947
1.00294
1.0019
1.00301
1.00519
1.01269
1.00732
1.00905
1.00355
1.01279
1.02222
1.01268
1.00385
1.01471
1.01756
1.0089
1.0036
1.0074
1.00903
1.00025
1.00199
1.01125
1.00495
1.00675
1.00209
1.01036
1.01567
1.00077
1.00299
1.00138
1.01062
1.01097
1.00624
1.00623
1.00708
1.00225
1.00355
1.00738
1.00735
1.00487
1.00051
1.00374
1.00595
1.00146
1.00857
1.00172
1.00997
1.00541
1.00449
1.00623
1.00507
1.00306
1.01228
1.00348
1.02395
1.00694
1.00965
1.00385
1.01287
1.00165
1.01068
1.00454
1.00381
1.00409
1.00232
1.0037
0.999836
1.0029
1.00314
1.00334
1.00896
1.00456
1.00958
1.01798
1.00379
1.00942
1.00759
1.00297
1.00183
1.00928
1.00821
1.00162
1.00319
1.01476
1.00387
1.01278
1.01051
1.01808
1.00168
1.01165
1.00544
1.00579
1.01535
1.00441
1.00439
1.0098
1.00204
1.01705
1.00163
1.01191
1.01676
1.00779
1.00101
1.00705
1.00215
1.00411
1.0036
1.00196
1.00384
1.00963
1.00286
1.01644
1.01101
1.00682
1.00222
1.01226
1.00753
1.01024
1.00123
1.0025
1.00986
1.00545
1.00938
1.00449
1.00877
1.00887
1.00524
1.00454
1.01464
1.00773
1.00612
1.00461
1.00263
1.00728
1.00281
1.00035
1.00241
1.00491
1.00372
1.02135
1.00245
1.01107
1.00502
1.00311
1.00351
1.00953
1.00244
1.00042
1.00146
1.00829
1.00228
1.01197
1.01034
1.00841
1.00114
1.00423
1.00329
1.0053
1.00253
1.0022
1.00968
1.00371
1.00136
1.0137
1.00917
1.00552
1.00465
1.00017
1.00966
1.00104
1.00726
1.00612
1.00783
1.00678
1.00665
1.00659
1.00635
1.00276
1.00707
1.00184
1.01177
1.00365
1.00711
1.00234
1.01742
1.00406
1.00157
1.00882
1.01044
1.00818
1.00521
1.00394
1.00345
1.01029
1.0032
1.01234
1.00091
1.00408
1.00183
1.00893
1.00328
1.00676
1.00566
1.00776
1.00273
1.0133
1.01258
1.00496
1.00407
1.00346
1.00827
1.00799
1.00463
1.00993
1.00084
1.00193
1.01145
1.00552
1.00014
1.00601
1.00228
1.00108
1.00582
1.00036
1.00968
1.00352
1.00734
1.00229
1.01008
1.00475
1.00544
1.00602
1.00256
1.00428
1.0103
0.999987
1.0059
1.01533
1.00421
1.00533
1.00465
1.00289
1.00557
1.0098
1.02528
1.00115
1.00106
1.01583
1.00032
1.00248
1.00661
1.00158
1.00669
1.01881
1.00765
1.01119
1.01143
1.02008
1.00672
1.00758
1.00934
1.00209
1.01578
1.00656
1.0037
1.00241
1.01069
1.00741
1.00766
1.00763
1.00269
1.00314
1.00336
1.02615
1.00336
1.00516
1.00535
1.00297
1.02028
1.00242
1.00204
1.00466
1.00394
1.00323
1.01585
1.00888
1.00092
1.00191
1.00228
1.01057
1.00694
1.00291
1.00566
1.00665
1.00316
1.00959
1.0056
1.00421
1.00463
1.01434
1.00787
1.00217
1.01529
1.00198
1.01111
1.00447
1.00288
1.00558
1.0084
1.01652
1.00266
1.00686
1.00655
1.01019
1.00266
1.00974
1.00185
1.01317
1.00882
1.00645
1.00234
1.00544
1.00544
1.01233
1.01433
1.00353
1.00159
1.00664
1.00189
1.00513
1.0044
1.00783
1.00248
1.0141
1.00683
1.00161
1.01222
1.00346
1.01053
1.00755
1.00207
1.00639
1.01121
1.00451
1.01203
1.02832
1.00491
1.00177
1.00446
1.00954
1.01365
1.00058
1.00626
1.0016
1.00562
1.00393
1.01092
1.00368
1.00094
1.01521
1.006
1.00431
1.00352
1.02645
1.00188
1.00847
1.00691
1.00557
1.00679
1.00016
1.00515
1.00594
1.00492
1.00263
1.02118
1.00492
1.00632
1.00764
1.01614
1.00538
1.00053
1.00472
1.01351
1.00365
1.00937
1.00367
1.00719
1.00977
1.00778
1.00483
1.00441
1.01048
1.00261
1.00995
1.00273
1.00538
1.00105
1.00439
1.00247
1.00374
1.00553
1.00797
1.00283
1.00555
1.00705
1.00103
1.01133
1.00486
1.01351
1.01572
1.00868
1.00283
1.00621
1.00522
1.00433
1.0027
1.00373
1.01668
1.00891
1.00465
1.00066
1.00368
1.00157
1.0022
1.0057
1.01137
1.00363
1.00632
1.00167
1.00536
1.00283
1.00364
1.01458
1.00553
1.01031
1.00946
1.00139
1.00841
1.00358
1.00307
1.00448
1.00563
1.00409
1.01227
1.00224
1.00994
1.00815
1.01408
1.00772
1.00177
1.00229
1.00578
1.00207
1.01475
1.00421
1.00068
1.01321
1.01196
1.00377
1.0088
1.00293
1.00338
1.01203
1.00582
1.00318
1.00367
1.00421
1.00242
1.00891
1.00021
1.00678
1.00189
1.00544
1.00176
1.00777
1.00244
1.0028
1.00461
1.00502
1.00123
1.00715
1.00153
1.0034
1.00319
1.01807
1.00689
1.0002
1.00962
1.00143
1.00289
1.00509
1.00692
1.00388
1.01305
1.00047
1.00449
1.00306
1.00739
1.00776
1.00631
1.00371
1.00145
1.00324
1.00341
1.0044
1.00275
1.01675
1.00452
1.00854
1.01315
1.00412
1.00053
1.01244
1.00215
1.01629
1.02313
1.00775
1.00457
1.00451
1.01563
1.01128
1.00522
1.0017
1.00386
1.00811
1.00289
1.00656
1.0019
1.00311
0.999752
1.00342
1.01449
0.999923
1.00143
1.00301
1.0044
1.00727
1.02177
1.01507
1.00494
1.0112
1.00433
1.00141
1.00003
1.02358
1.00491
1.01527
1.01028
1.00278
1.00474
1.00553
1.00686
1.00342
1.00369
1.00519
1.00816
1.00401
1.00802
1.00327
1.00877
1.00397
1.00465
1.01805
1.00402
1.01064
1.00301
1.01215
1.00986
1.00321
1.01495
1.00447
1.00493
1.00496
1.00545
1.02245
1.00907
1.00242
1.00577
1.00226
1.00308
1.00225
1.00147
1.01766
1.0139
1.00483
0.999732
1.00191
1.00969
1.01187
1.00928
1.00101
1.00563
1.01212
1.00352
1.00759
1.00601
1.01154
1.00463
1.00127
1.00396
1.00265
1.00453
1.00205
1.0015
1.00892
1.00148
1.00778
1.0039
1.00364
1.00225
1.00414
1.00526
1.02229
1.00142
1.00179
1.00677
1.00692
1.01053
1.00295
1.00422
1.00854
1.00413
1.00229
1.00644
1.00303
1.00276
1.01584
1.00389
1.01618
1.00511
1.00201
1.01639
1.00324
1.00642
1.01358
1.00242
1.00243
1.00925
1.001
1.0069
1.00744
1.0091
1.00378
1.01691
1.01118
1.00758
1.00491
1.00358
1.00256
1.00095
1.01285
1.00905
1.00292
1.00606
1.0136
1.00919
1.00287
1.00792
1.00554
1.00318
1.00883
1.00133
1.0067
1.0021
1.00426
1.00658
1.00649
1.02201
1.00351
1.0079
1.00275
1.00196
1.00919
1.00565
1.00023
1.00123
1.00612
1.01149
1.00134
1.0079
1.01934
1.00636
1.0197
1.00195
1.00554
1.00579
1.00493
1.01348
1.0064
1.00092
1.00251
1.00385
1.00594
1.00803
1.01168
1.01152
1.00223
1.01462
1.00054
1.00584
1.00408
1.00478
1.0065
1.00559
1.01026
1.00499
1.01663
1.02061
1.0034
1.00213
1.02106
1.00672
1.00269
1.00209
1.005
1.0118
1.00199
1.00615
1.0122
1.01217
1.00145
1.00678
1.00987
1.00701
1.00056
1.00295
1.00205
1.00361
1.00308
1.00109
1.00026
1.01222
1.00432
1.01054
1.0111
1.00192
1.00638
1.01184
1.00362
1.01712
1.01624
1.00929
1.00319
1.01602
1.00395
1.01135
1.00487
1.0045
1.01498
1.00356
1.00421
1.00982
1.0045
1.00968
1.00033
1.0182
1.00109
1.00833
1.00683
1.00217
1.00625
1.01896
1.01319
1.00976
1.00784
1.02326
1.00778
1.0122
1.01653
1.00406
1.00224
1.0039
1.01126
1.0042
1.00362
1.00534
1.00862
1.00775
1.00224
1.00755
1.0002
1.00741
1.00917
1.00974
1.00348
1.00678
1.00371
1.01027
1.00624
1.00673
1.0091
1.00291
1.00966
1.01361
1.00869
1.00655
1.00792
1.00143
1.00524
1.02876
1.00238
1.00202
1.00767
1.07219
1.00591
1.01506
1.00874
1.00534
1.00471
1.00201
1.00182
1.00755
1.00362
1.01759
1.0025
1.00969
1.0068
1.00133
1.01864
1.00717
1.0185
1.00904
1.00569
1.02008
1.00048
1.00253
1.00347
1.01634
1.01234
1.00848
1.00178
1.00531
1.01047
1.00472
1.00806
1.01592
1.01427
1.00629
1.02011
1.01304
1.00478
1.00629
1.00981
1.00209
1.02623
1.00302
1.00478
1.00845
1.00391
1.01015
1.0022
1.0052
1.00635
1.00212
1.00118
1.00774
1.01428
1.00594
1.01033
1.0055
1.00322
1.00781
1.00212
1.00524
1.01166
1.00467
1.00715
1.00381
1.00205
1.00287
1.00635
1.00413
1.00111
1.00058
1.00503
1.01184
1.00577
1.0048
1.01037
1.00697
1.00197
1.00333
1.002
1.01166
1.0051
1.00945
1.01038
1.00108
1.00335
1.00033
1.01576
1.00451
1.01198
1.0031
1.02145
1.00264
1.01424
1.007
1.00168
1.00942
1.00564
1.00203
1.00287
1.01345
1.00378
1.00403
1.00047
1.00455
1.00097
1.00682
1.00914
1.00721
1.00445
1.00164
1.00441
1.00465
1.01436
1.00684
1.00556
1.01841
1.00234
1.00415
1.002
1.00781
1.00534
1.00637
1.00117
1.00187
1.00078
1.00372
1.00747
1.00577
1.00661
1.00191
1.0041
1.00356
1.01293
1.0106
1.00091
1.01246
1.00892
1.00457
1.00495
1.00209
1.00719
1.00496
1.00052
1.01628
1.0097
1.01759
1.00395
1.00476
1.00787
1.00093
1.00151
1.00716
1.00679
1.00421
1.01046
1.01295
1.00121
1.00043
1.01441
1.00282
1.00426
1.00748
1.00458
1.00247
1.00137
1.01306
1.01501
1.00374
1.01695
1.00393
1.00843
1.00598
1.00878
1.0069
1.01389
1.0044
1.00723
1.00841
1.00291
1.00639
1.00465
1.00377
1.01274
1.00757
1.00327
1.0143
1.00466
1.00174
1.02596
1.00252
1.01261
1.00328
1.00118
1.0083
1.00161
1.00339
1.00947
1.00294
1.0019
1.00301
1.00519
1.01269
1.00732
1.00905
1.00355
1.01279
1.02222
1.01268
1.00385
1.01471
1.01756
1.0089
1.0036
1.0074
1.00903
1.00025
1.00199
1.01125
1.00495
1.00675
1.00209
1.01036
1.01567
1.00077
1.00299
1.00138
1.01062
1.01097
1.00624
1.00623
1.00708
1.00225
1.00355
1.00738
1.00735
1.00487
1.00051
1.00374
1.00595
1.00146
1.00857
1.00172
1.00997
1.00541
1.00449
1.00623
1.00507
1.00306
1.01228
1.00348
1.02395
1.00694
1.00965
1.00385
1.01287
1.00165
1.01068
1.00454
1.00381
1.00409
1.00232
1.0037
0.999836
1.0029
1.00314
1.00334
1.00896
1.00456
1.00958
1.01798
1.00379
1.00942
1.00759
1.00297
1.00183
1.00928
1.00821
1.00162
1.00319
1.01476
1.00387
1.01278
1.01051
1.01808
1.00168
1.01165
1.00544
1.00579
1.01535
1.00441
1.00439
1.0098
1.00204
1.01705
1.00163
1.01191
1.01676
1.00779
1.00101
1.00705
1.00215
1.00411
1.0036
1.00196
1.00384
1.00963
1.00286
1.01644
1.01101
1.00682
1.00222
1.01226
1.00753
1.01024
1.00123
1.0025
1.00986
1.00545
1.00938
1.00449
1.00877
1.00887
1.00524
1.00454
1.01464
1.00773
1.00612
1.00461
1.00263
1.00728
1.00281
1.00035
1.00241
1.00491
1.00372
1.02135
1.00245
1.01107
1.00502
1.00311
1.00351
1.00953
1.00244
1.00042
1.00146
1.00829
1.00228
1.01197
1.01034
1.00841
1.00114
1.00423
1.00329
1.0053
1.00253
1.0022
1.00968
1.00371
1.00136
1.0137
1.00917
1.00552
1.00465
1.00017
1.00966
1.00104
1.00726
1.00612
1.00783
1.00678
1.00665
1.00659
1.00635
1.00276
1.00707
1.00184
1.01177
1.00365
1.00711
1.00234
1.01742
1.00406
1.00157
1.00882
1.01044
1.00818
1.00521
1.00394
1.00345
1.01029
1.0032
1.01234
1.00091
1.00408
1.00183
1.00893
1.00328
1.00676
1.00566
1.00776
1.00273
1.0133
1.01258
1.00496
1.00407
1.00346
1.00827
1.00799
1.00463
1.00993
1.00084
1.00193
1.01145
1.00552
1.00014
1.00601
1.00228
1.00108
1.00582
1.00036
1.00968
1.00352
1.00734
1.00229
1.01008
1.00475
1.00544
1.00602
1.00256
1.00428
1.0103
0.999987
1.0059
1.01533
1.00421
1.00533
1.00465
1.00289
1.00557
1.0098
1.02528
1.00115
1.00106
1.01583
1.00032
1.00248
1.00661
1.00158
1.00669
1.01881
1.00765
1.01119
1.01143
1.02008
1.00672
1.00758
1.00934
1.00209
1.01578
1.00656
1.0037
1.00241
1.01069
1.00741
1.00766
1.00763
1.00269
1.00314
1.00336
1.02615
1.00336
1.00516
1.00535
1.00297
1.02028
1.00242
1.00204
1.00466
1.00394
1.00323
1.01585
1.00888
1.00092
1.00191
1.00228
1.01057
1.00694
1.00291
1.00566
1.00665
1.00316
1.00959
1.0056
1.00421
1.00463
1.01434
1.00787
1.00217
1.01529
1.00198
1.01111
1.00447
1.00288
1.00558
1.0084
1.01652
1.00266
1.00686
1.00655
1.01019
1.00266
1.00974
1.00185
1.01317
1.00882
1.00645
1.00234
1.00544
1.00544
1.01233
1.01433
1.00353
1.00159
1.00664
1.00189
1.00513
1.0044
1.00783
1.00248
1.0141
1.00683
1.00161
1.01222
1.00346
1.01053
1.00755
1.00207
1.00639
1.01121
1.00451
1.01203
1.02832
1.00491
1.00177
1.00446
1.00954
1.01365
1.00058
1.00626
1.0016
1.00562
1.00393
1.01092
1.00368
1.00094
1.01521
1.006
1.00431
1.00352
1.02645
1.00188
1.00847
1.00691
1.00557
1.00679
1.00016
1.00515
1.00594
1.00492
1.00263
1.02118
1.00492
1.00632
1.00764
1.01614
1.00538
1.00053
1.00472
1.01351
1.00365
1.00937
1.00367
1.00719
1.00977
1.00778
1.00483
1.00441
1.01048
1.00261
1.00995
1.00273
1.00538
1.00105
1.00439
1.00247
1.00374
1.00553
1.00797
1.00283
1.00555
1.00705
1.00103
1.01133
1.00486
1.01351
1.01572
1.00868
1.00283
1.00621
1.00522
1.00433
1.0027
1.00373
1.01668
1.00891
1.00465
1.00066
1.00368
1.00157
1.0022
1.0057
1.01137
1.00363
1.00632
1.00167
1.00536
1.00283
1.00364
1.01458
1.00553
1.01031
1.00946
1.00139
1.00841
1.00358
1.00307
1.00448
1.00563
1.00409
1.01227
1.00224
1.00994
1.00815
1.01408
1.00772
1.00177
1.00229
1.00578
1.00207
1.01475
1.00421
1.00068
1.01321
1.01196
1.00377
1.0088
1.00293
1.00338
1.01203
1.00582
1.00318
1.00367
1.00421
1.00242
1.00891
1.00021
1.00678
1.00189
1.00544
1.00176
1.00777
1.00244
1.0028
1.00461
1.00502
1.00123
1.00715
1.00153
1.0034
1.00319
1.01807
1.00689
1.0002
1.00962
1.00143
1.00289
1.00509
1.00692
1.00388
1.01305
1.00047
1.00449
1.00306
1.00739
1.00776
1.00631
1.00371
1.00145
1.00324
1.00341
1.0044
1.00275
1.01675
1.00452
1.00854
1.01315
1.00412
1.00053
1.01244
1.00215
1.01629
1.02313
1.00775
1.00457
1.00451
1.01563
1.01128
1.00522
1.0017
1.00386
1.00811
1.00289
1.00656
1.0019
1.00311
1.52984
1.52251
2.23738
1.2249
1.11982
1.31933
2.28121
1.31965
2.21236
2.2064
1.59819
1.10877
2.14781
2.0563
1.11689
1.49588
1.35555
1.32058
1.70083
1.32899
1.2604
1.66999
1.10843
1.41883
1.31646
1.12553
1.46431
2.02237
1.17424
1.65449
1.47087
1.98903
1.63539
1.1354
1.78739
1.87173
1.17359
1.57695
1.20571
2.58528
1.66542
1.49206
2.06695
2.25178
1.1316
1.8709
1.35519
2.03038
2.64997
1.33786
1.45965
1.66195
2.00934
2.81983
2.08754
2.03725
1.53795
1.38691
1.9599
1.11556
2.02267
1.66294
1.32612
1.35722
1.67947
1.09143
1.8198
1.40132
1.12503
1.97098
1.38173
1.88142
1.66291
2.24226
1.75114
2.09923
1.46289
1.40974
1.33817
1.34882
3.216
1.07287
1.24067
2.32994
1.37796
1.63945
1.66649
1.82387
1.22533
1.21973
1.69836
1.80429
1.23568
1.22589
1.08005
1.99267
1.46507
2.56118
1.11183
1.14625
1.03198
1.88417
2.32
2.02599
1.61377
1.17371
2.30197
1.15908
1.2454
1.62952
1.95531
1.74123
1.34159
1.53848
2.0954
1.19662
1.35926
1.21173
2.21892
1.91801
1.18915
1.24513
1.55624
1.09095
1.45116
2.02667
1.36253
1.22029
1.77729
2.36911
1.06033
1.45895
1.45344
1.26774
1.50487
1.70719
2.6015
2.19029
1.39386
1.32257
1.58027
1.68228
1.02134
1.27516
2.08772
1.24171
1.76856
1.50959
1.46575
1.65159
1.77257
1.49327
2.26853
2.37334
1.35344
1.99054
1.25922
1.07546
2.49572
1.28621
1.33974
1.46694
1.47422
1.13013
1.31721
1.88811
2.68435
1.42539
1.69089
1.48035
1.94528
1.88816
1.15224
1.50035
2.69813
1.47628
1.36055
1.64409
1.59424
1.38797
1.26224
1.27158
1.39058
1.14178
2.09345
2.11622
1.47855
1.0894
2.36642
2.30116
1.41746
1.46777
1.56416
1.33792
1.16575
1.49047
1.4226
1.82557
1.41126
1.04006
1.53745
1.39815
2.09728
1.14372
1.71509
1.22958
1.55421
1.2096
1.47525
2.34872
2.32233
2.14046
1.65121
1.1591
1.17554
2.23206
1.34793
1.25958
1.24549
2.14614
1.40282
2.65552
1.09046
1.09733
2.2715
1.64593
1.42045
1.68037
1.14204
1.41335
1.55847
1.55344
1.45976
2.41014
1.08042
2.20447
2.30392
2.50825
1.46909
2.21567
1.34868
1.90655
1.23872
1.3584
1.08075
1.46431
1.36217
1.42771
1.3042
1.93379
1.08433
1.87151
1.29364
1.20284
1.13793
1.33308
1.87299
1.22303
1.74424
1.11598
1.61637
1.49394
1.45179
1.32319
1.2119
1.87417
1.28406
1.28945
1.04026
1.343
1.76815
1.63707
1.37205
1.46434
2.63286
1.1219
2.50788
1.7822
1.35525
1.14687
1.28674
2.38726
2.04097
1.58405
1.69929
1.6622
1.99302
1.18692
1.26354
1.18893
2.9469
1.26471
1.27644
1.41227
2.15009
1.27038
1.22204
1.89239
1.13443
1.49661
1.4117
1.62348
1.25309
1.56649
1.67424
1.65303
1.46566
1.50042
1.34957
1.64087
1.65335
2.49503
1.71846
2.10273
1.13911
2.09457
1.64291
1.96937
2.01325
1.54496
1.22316
1.49939
1.18995
1.30488
1.14392
1.25278
1.32652
1.33813
1.37521
1.66074
1.22095
2.2096
1.37935
1.43912
1.83946
2.0229
1.77532
1.24711
1.35045
1.09022
1.65934
1.13355
1.4761
1.235
2.59913
1.73416
1.44199
1.75233
1.3415
1.43626
1.15032
2.36387
1.41078
1.08694
1.62734
1.93863
1.41865
2.58113
1.51916
2.04878
1.46432
1.3911
2.47285
2.56024
1.11663
2.31929
1.5094
2.0684
1.14974
1.45667
2.86299
1.78232
1.48068
2.5934
2.07343
1.60102
1.35696
1.43938
1.66459
1.46185
1.21653
1.30686
2.14972
2.6149
2.01876
1.65845
1.76573
1.07332
1.22825
1.91763
1.88295
1.58458
2.3216
1.29843
1.21011
1.16256
1.64999
1.36937
1.38301
1.22298
1.53894
1.07788
2.08035
2.4148
1.04194
1.09701
1.45525
1.48672
2.29389
1.39816
1.11893
1.86285
1.57292
1.27317
1.53021
1.35514
1.89217
1.83918
1.18467
2.07469
2.58979
2.22612
1.50395
1.2802
1.90797
1.61417
1.04773
1.83141
1.28122
1.18839
2.02958
1.2094
1.4798
1.30881
2.65571
1.52025
2.55817
2.56607
2.04376
1.09225
1.80314
1.53748
1.04339
1.74411
1.31132
1.40773
1.21387
1.20082
1.62824
1.14153
1.33328
2.3653
1.25977
1.07458
1.4967
1.30994
1.50896
1.38397
1.32924
1.59639
1.2241
1.53713
1.37566
1.29152
1.35012
2.21519
1.45471
1.54326
1.79484
1.04372
1.34453
2.05674
1.32692
1.27269
1.66206
1.48867
1.2764
2.06581
1.39445
1.29755
1.13508
1.88146
1.58576
1.75756
1.85747
1.95902
1.8077
1.41598
1.8381
1.19601
1.2802
1.47542
1.76899
1.58113
1.06812
1.29655
2.32221
2.38994
1.41938
1.77649
1.21877
2.55115
1.57348
2.36871
1.73492
1.51567
1.47053
2.49914
1.35488
2.65599
1.23308
1.06259
1.65442
1.53088
2.50679
1.43632
1.2453
1.53613
1.24602
1.32627
1.66736
2.35434
1.68573
2.19108
1.76022
2.11314
1.82306
1.49081
1.37136
1.34128
1.86389
1.70218
1.48925
1.06755
1.38777
1.55329
1.57146
1.22957
1.48936
1.27913
1.44947
1.30754
2.60981
1.56502
2.21631
1.44565
1.37807
2.0042
1.46374
1.30767
1.40691
2.26117
1.62529
1.18619
1.48903
1.34604
1.181
1.65034
1.97334
1.2857
2.42429
1.52339
1.3645
1.80798
1.9896
1.41511
1.359
1.60522
1.58498
1.71845
1.22312
1.28975
1.49223
1.63229
1.33499
1.19958
1.56341
1.37831
1.76125
1.20944
1.38193
2.04732
1.29222
1.44055
1.60936
1.52221
2.0403
2.99022
1.41139
1.33726
2.22944
1.23684
1.462
1.45769
2.11449
1.35318
1.45799
1.7486
1.33328
1.3343
1.93764
1.48118
1.18242
1.32243
1.70624
1.41181
1.47197
1.49814
2.27288
1.46583
1.85057
1.72569
1.12208
1.56023
1.61653
1.76414
1.97642
1.3188
1.32591
1.51374
1.4599
2.44213
1.92728
1.1403
1.18781
1.44466
1.22498
1.35995
2.53219
1.93105
1.4235
1.17168
2.32843
1.86006
1.73747
1.63035
1.72571
1.62542
2.04704
2.04903
1.0812
2.5806
1.72498
2.32124
1.42572
2.42997
1.57331
1.53953
1.70847
1.345
1.34085
1.72332
1.72355
1.28477
1.14325
1.4661
2.15983
1.5324
1.44108
1.71692
1.97543
1.63244
1.11612
1.47324
2.44244
1.32574
1.27722
1.13721
1.48269
2.49183
1.43811
1.79578
1.09006
1.58872
1.12794
1.30858
1.12959
1.2609
1.35284
1.13759
1.17505
1.57281
1.23447
1.18429
2.55339
1.46409
1.62876
2.61323
1.39632
1.5694
1.88349
1.97097
1.4409
1.43814
1.1537
1.31165
1.53864
1.35804
1.07447
1.40078
1.26324
1.78169
1.69464
1.30444
1.94054
1.29114
1.17779
2.14548
2.03809
2.40484
1.25932
1.41028
2.13581
1.30211
1.34285
1.49359
1.8912
1.33874
1.45145
1.37438
2.15888
1.34327
2.03896
1.52395
1.14636
1.91008
1.65912
1.29406
1.15344
1.18186
1.63394
2.37493
1.25533
1.62648
1.49713
1.57646
1.35563
2.11924
1.44925
1.2608
1.18914
1.33492
1.21711
1.8747
2.27373
1.47168
1.28256
2.51992
1.01922
1.72041
1.21783
1.87649
1.45391
1.27404
1.64673
1.44342
1.84658
1.24997
1.51947
1.4029
1.22888
1.65168
1.32653
1.41013
1.40444
1.17444
1.90796
1.12925
1.6463
1.45133
1.58216
1.33659
2.34994
1.375
1.1421
1.34624
2.19924
1.45473
1.92539
1.19902
2.49748
1.58041
1.25822
2.0528
1.40364
1.8019
1.95919
1.46661
2.9251
1.39565
1.31053
1.16529
1.28763
1.42721
1.23165
1.89657
1.47961
1.31295
1.45403
1.3103
1.85126
1.20073
1.49296
2.18231
1.50617
1.89459
1.34826
1.45024
1.06863
1.42644
1.13315
1.334
1.5452
1.24941
1.77501
2.12267
1.4418
1.45236
1.4402
1.63131
1.86667
2.21747
1.44708
1.51809
1.69746
2.28708
2.09734
1.90163
1.25738
1.31207
2.0416
1.48478
1.04103
1.83415
1.88714
1.67374
1.34226
1.767
1.46907
1.49789
1.22027
1.24501
1.45577
1.84426
1.88202
1.27953
1.64863
1.98987
1.86108
1.79334
1.59675
1.23997
1.30882
2.01858
1.37806
1.13335
1.43628
1.4079
1.26911
1.54521
1.41541
1.6788
1.48558
1.27472
1.10292
1.65198
1.2858
1.24775
1.35716
1.62477
1.6337
1.93654
1.67532
1.45366
1.4104
1.3732
1.62013
1.74582
2.20862
1.38128
2.32564
1.28576
1.7343
2.30967
1.25192
1.21166
1.45373
1.80843
2.00431
1.23779
1.48085
1.03426
2.91893
1.73977
1.18905
1.77223
1.96193
1.16971
1.26116
1.5506
1.58189
1.15613
1.91398
1.42494
1.21648
1.28923
1.25839
1.29744
2.04731
1.32563
1.38677
1.19768
1.32228
1.26681
1.66449
1.55101
1.76234
2.54267
2.49627
1.56658
1.68443
1.22079
1.85977
2.21962
1.71235
1.10375
1.75262
1.39602
1.32337
1.55713
2.27918
1.398
1.81412
1.43786
1.35442
1.65289
1.33075
1.93697
1.75003
1.20974
1.3204
1.31964
1.07594
1.94552
2.1731
2.27699
1.54011
1.42011
1.22714
1.40092
1.34181
1.20594
2.49016
2.63895
1.92344
1.49896
1.23782
1.52235
1.40665
2.48307
1.03667
1.97573
1.38508
1.31831
1.25511
1.60444
1.61853
1.55245
1.5125
1.91127
1.37255
1.99685
1.11383
2.0494
1.35606
1.15048
1.88145
1.28123
1.25957
1.17697
1.33979
1.77405
2.01263
1.43677
2.13153
1.98654
2.04698
1.72266
1.42848
1.15602
1.13622
1.98019
1.75639
1.25835
2.57945
1.62674
1.7256
2.59858
2.57351
1.30525
328919000.0
225769000.0
169170000.0
189678000.0
688445000.0
195268000.0
188580000.0
498449000.0
153802000.0
144918000.0
139812000.0
551479000.0
170603000.0
157978000.0
561654000.0
378933000.0
468217000.0
542893000.0
290975000.0
422890000.0
465416000.0
270291000.0
524800000.0
419745000.0
272129000.0
656741000.0
332428000.0
162830000.0
584831000.0
275649000.0
145035000.0
149212000.0
256052000.0
635690000.0
145565000.0
206946000.0
448247000.0
373899000.0
528962000.0
161224000.0
190356000.0
194066000.0
172174000.0
159150000.0
541547000.0
331716000.0
368235000.0
134262000.0
164577000.0
356312000.0
347572000.0
262647000.0
153737000.0
144275000.0
192763000.0
199298000.0
189917000.0
222651000.0
149971000.0
670217000.0
163344000.0
267736000.0
313708000.0
383247000.0
142324000.0
731897000.0
245103000.0
409764000.0
635981000.0
237610000.0
374192000.0
157683000.0
306074000.0
198055000.0
225912000.0
161996000.0
317877000.0
224348000.0
424414000.0
272304000.0
132073000.0
601153000.0
203887000.0
187856000.0
458814000.0
156965000.0
286320000.0
287274000.0
415084000.0
466651000.0
170827000.0
182866000.0
406280000.0
471109000.0
739970000.0
185460000.0
260850000.0
159293000.0
672734000.0
557305000.0
657236000.0
188373000.0
181405000.0
137277000.0
248076000.0
607679000.0
197087000.0
334193000.0
543075000.0
292608000.0
225119000.0
235892000.0
476776000.0
175919000.0
220598000.0
581834000.0
414224000.0
506876000.0
198636000.0
171227000.0
197543000.0
442254000.0
207665000.0
708446000.0
418271000.0
223509000.0
392947000.0
556848000.0
255324000.0
158986000.0
565506000.0
299725000.0
267921000.0
555529000.0
240741000.0
244496000.0
144326000.0
136850000.0
391894000.0
355763000.0
209903000.0
164081000.0
821857000.0
423335000.0
129295000.0
390730000.0
153841000.0
287657000.0
373609000.0
217931000.0
246882000.0
376178000.0
161565000.0
184561000.0
211834000.0
241404000.0
482406000.0
706891000.0
164798000.0
439896000.0
306906000.0
315644000.0
175199000.0
608162000.0
382755000.0
192760000.0
149063000.0
332348000.0
265287000.0
283503000.0
200101000.0
178035000.0
685055000.0
197081000.0
142306000.0
315711000.0
330319000.0
284694000.0
266599000.0
166753000.0
534484000.0
403400000.0
364969000.0
513777000.0
154688000.0
232846000.0
259262000.0
697012000.0
171370000.0
159201000.0
135266000.0
331397000.0
301725000.0
337244000.0
506067000.0
274320000.0
196116000.0
152325000.0
406469000.0
804096000.0
216102000.0
150716000.0
186822000.0
618433000.0
267944000.0
454598000.0
376932000.0
606261000.0
184215000.0
165168000.0
168365000.0
219888000.0
197665000.0
694022000.0
581506000.0
198072000.0
178440000.0
408346000.0
441881000.0
199958000.0
255996000.0
145013000.0
658841000.0
745993000.0
144053000.0
135535000.0
386472000.0
181309000.0
621995000.0
407857000.0
278365000.0
203418000.0
390421000.0
151726000.0
696214000.0
160644000.0
162298000.0
161608000.0
373606000.0
189921000.0
498244000.0
201485000.0
268799000.0
307801000.0
692926000.0
335635000.0
372558000.0
263798000.0
503240000.0
174688000.0
699969000.0
132276000.0
332038000.0
450977000.0
582629000.0
421745000.0
218632000.0
448878000.0
194307000.0
672529000.0
229371000.0
363372000.0
342527000.0
358285000.0
401039000.0
229193000.0
449293000.0
240551000.0
725920000.0
271824000.0
257384000.0
140012000.0
410912000.0
403232000.0
131182000.0
656887000.0
145964000.0
198196000.0
336163000.0
504599000.0
267071000.0
135584000.0
182419000.0
293181000.0
270556000.0
151555000.0
244681000.0
549359000.0
375018000.0
658918000.0
173539000.0
533388000.0
484421000.0
409329000.0
209465000.0
442094000.0
635524000.0
176017000.0
690940000.0
353092000.0
230916000.0
213628000.0
516823000.0
381916000.0
239979000.0
203596000.0
454342000.0
383530000.0
239374000.0
319230000.0
269890000.0
155245000.0
249632000.0
189297000.0
501869000.0
250962000.0
312225000.0
177764000.0
214991000.0
308988000.0
385400000.0
194772000.0
450460000.0
339276000.0
435015000.0
416223000.0
162096000.0
445419000.0
395518000.0
272441000.0
470088000.0
166817000.0
287123000.0
223922000.0
139223000.0
267965000.0
189677000.0
493366000.0
376527000.0
649049000.0
165906000.0
584961000.0
253894000.0
274220000.0
136833000.0
244116000.0
367748000.0
212844000.0
404716000.0
243263000.0
660747000.0
229009000.0
248714000.0
585109000.0
222146000.0
219267000.0
266048000.0
144500000.0
274394000.0
143343000.0
315060000.0
383019000.0
145414000.0
160824000.0
639254000.0
159327000.0
325282000.0
212684000.0
642180000.0
334293000.0
143259000.0
141005000.0
360594000.0
170982000.0
190696000.0
227477000.0
533825000.0
226523000.0
191248000.0
392214000.0
636614000.0
487126000.0
185617000.0
143277000.0
160546000.0
216335000.0
196696000.0
695662000.0
455980000.0
227628000.0
319620000.0
171254000.0
221988000.0
480234000.0
504692000.0
553037000.0
160392000.0
236572000.0
253779000.0
397254000.0
239077000.0
549660000.0
172149000.0
178781000.0
779822000.0
703659000.0
369561000.0
276969000.0
204994000.0
139101000.0
541247000.0
252042000.0
352115000.0
309256000.0
281800000.0
203517000.0
244453000.0
158952000.0
598689000.0
185129000.0
155551000.0
221017000.0
291534000.0
444536000.0
160223000.0
171304000.0
775085000.0
218986000.0
337239000.0
546664000.0
260636000.0
279085000.0
227377000.0
390122000.0
149170000.0
397945000.0
177594000.0
175537000.0
242060000.0
566424000.0
266429000.0
304402000.0
726404000.0
133580000.0
312682000.0
377885000.0
467836000.0
577459000.0
237608000.0
596858000.0
336745000.0
139422000.0
144251000.0
636946000.0
249760000.0
390026000.0
238902000.0
366660000.0
322687000.0
188653000.0
590093000.0
227750000.0
228943000.0
480809000.0
286696000.0
173210000.0
384387000.0
158816000.0
210961000.0
625498000.0
328900000.0
149948000.0
387917000.0
566767000.0
183727000.0
183770000.0
432828000.0
153344000.0
176113000.0
566891000.0
524802000.0
238100000.0
288617000.0
266153000.0
245308000.0
219279000.0
246011000.0
220127000.0
183091000.0
580096000.0
556799000.0
180611000.0
259048000.0
202889000.0
769143000.0
261600000.0
184396000.0
167659000.0
148466000.0
170958000.0
387988000.0
171290000.0
316782000.0
147068000.0
256385000.0
271678000.0
461101000.0
160309000.0
407093000.0
156677000.0
501614000.0
682812000.0
204508000.0
172723000.0
132587000.0
308730000.0
339462000.0
294774000.0
448716000.0
455837000.0
146864000.0
141848000.0
260730000.0
184525000.0
163680000.0
184880000.0
196672000.0
266386000.0
449736000.0
389979000.0
227704000.0
236134000.0
202393000.0
617909000.0
360041000.0
277593000.0
169317000.0
326131000.0
275240000.0
454726000.0
240671000.0
308361000.0
149795000.0
167998000.0
136544000.0
325218000.0
211571000.0
185009000.0
225238000.0
428835000.0
218392000.0
141172000.0
270460000.0
401478000.0
395713000.0
318432000.0
539879000.0
245848000.0
250449000.0
409041000.0
170909000.0
415750000.0
306731000.0
278878000.0
173843000.0
207812000.0
404598000.0
204363000.0
266731000.0
248000000.0
439500000.0
364535000.0
311759000.0
136865000.0
216135000.0
503478000.0
335110000.0
236914000.0
235697000.0
534938000.0
355817000.0
201883000.0
447759000.0
284475000.0
171481000.0
350173000.0
177702000.0
132554000.0
294628000.0
255421000.0
181413000.0
575143000.0
237078000.0
386186000.0
168248000.0
530561000.0
229284000.0
171573000.0
440545000.0
377329000.0
242837000.0
343880000.0
509390000.0
283894000.0
254187000.0
337981000.0
223263000.0
349807000.0
166182000.0
284003000.0
284000000.0
199564000.0
621976000.0
227499000.0
170691000.0
201449000.0
258998000.0
442942000.0
323984000.0
312050000.0
311529000.0
144211000.0
168491000.0
625482000.0
498385000.0
280233000.0
431629000.0
378161000.0
145833000.0
142419000.0
407227000.0
635341000.0
143260000.0
147710000.0
254018000.0
306353000.0
289160000.0
259268000.0
158863000.0
175935000.0
550892000.0
179654000.0
253626000.0
139286000.0
396113000.0
174429000.0
248054000.0
172569000.0
225349000.0
532179000.0
225552000.0
271029000.0
163763000.0
387995000.0
469131000.0
362363000.0
162815000.0
261017000.0
178586000.0
293186000.0
199191000.0
276215000.0
652410000.0
199627000.0
217514000.0
262553000.0
386391000.0
522858000.0
331690000.0
156043000.0
169210000.0
195612000.0
601781000.0
344443000.0
685092000.0
293263000.0
611872000.0
562882000.0
362199000.0
602752000.0
461113000.0
356624000.0
533168000.0
364345000.0
143605000.0
275876000.0
154236000.0
155681000.0
424140000.0
132297000.0
244189000.0
134648000.0
157906000.0
356745000.0
576921000.0
435854000.0
246308000.0
273511000.0
556823000.0
345982000.0
251822000.0
226559000.0
265276000.0
437374000.0
188108000.0
530888000.0
631407000.0
144296000.0
261524000.0
147117000.0
296377000.0
378223000.0
155062000.0
509672000.0
361495000.0
380122000.0
160570000.0
428868000.0
444916000.0
270431000.0
166071000.0
463913000.0
197280000.0
235424000.0
561961000.0
156347000.0
373195000.0
428840000.0
687484000.0
425434000.0
324940000.0
156678000.0
360415000.0
184925000.0
299229000.0
161767000.0
400142000.0
166045000.0
295848000.0
407365000.0
581088000.0
516414000.0
583108000.0
242557000.0
209264000.0
377844000.0
312339000.0
156070000.0
789352000.0
265101000.0
441286000.0
254914000.0
319626000.0
348889000.0
153815000.0
382045000.0
188769000.0
551468000.0
292548000.0
165036000.0
511728000.0
185525000.0
345897000.0
204754000.0
425839000.0
623067000.0
189842000.0
615085000.0
197278000.0
293931000.0
146590000.0
395169000.0
158473000.0
374206000.0
662903000.0
427541000.0
178982000.0
412928000.0
148172000.0
353113000.0
175144000.0
178983000.0
551815000.0
171609000.0
355586000.0
192695000.0
224155000.0
327393000.0
154018000.0
428144000.0
190561000.0
469329000.0
437001000.0
340568000.0
637881000.0
204027000.0
357871000.0
157430000.0
257126000.0
488741000.0
179835000.0
535417000.0
180134000.0
132070000.0
213090000.0
244544000.0
223610000.0
357871000.0
670306000.0
398087000.0
617574000.0
305723000.0
247145000.0
538456000.0
216793000.0
214910000.0
250648000.0
237884000.0
228529000.0
293375000.0
179249000.0
169759000.0
159765000.0
389296000.0
176648000.0
167769000.0
147612000.0
184623000.0
507536000.0
396273000.0
152703000.0
292071000.0
739324000.0
206176000.0
188273000.0
235600000.0
427741000.0
182430000.0
370267000.0
246291000.0
321657000.0
511369000.0
399083000.0
168221000.0
214896000.0
529470000.0
222282000.0
183966000.0
236395000.0
260435000.0
232873000.0
193415000.0
462030000.0
222451000.0
281046000.0
633403000.0
246391000.0
338579000.0
442277000.0
234587000.0
214736000.0
217036000.0
387764000.0
404793000.0
646369000.0
171055000.0
307532000.0
487505000.0
325544000.0
324147000.0
253746000.0
229685000.0
245467000.0
274008000.0
284395000.0
289241000.0
237575000.0
225266000.0
169790000.0
434374000.0
191033000.0
370429000.0
145322000.0
148805000.0
565736000.0
492327000.0
243499000.0
160630000.0
181249000.0
461141000.0
314828000.0
665264000.0
157653000.0
139183000.0
406750000.0
190619000.0
222775000.0
486886000.0
444378000.0
270813000.0
242748000.0
447222000.0
167779000.0
338727000.0
623932000.0
295340000.0
499633000.0
494966000.0
219689000.0
313833000.0
240407000.0
604656000.0
332447000.0
381693000.0
221662000.0
263315000.0
259420000.0
155236000.0
145564000.0
253688000.0
246318000.0
480799000.0
142419000.0
136833000.0
165045000.0
654417000.0
189119000.0
441729000.0
382201000.0
288182000.0
170657000.0
397178000.0
168806000.0
300908000.0
341894000.0
169574000.0
462903000.0
149364000.0
201180000.0
446500000.0
445078000.0
471466000.0
697608000.0
229514000.0
223336000.0
138600000.0
291882000.0
298096000.0
403535000.0
309957000.0
232631000.0
401665000.0
135202000.0
154033000.0
137251000.0
309724000.0
334833000.0
192280000.0
431231000.0
156123000.0
631326000.0
227922000.0
254171000.0
255726000.0
521709000.0
192994000.0
229727000.0
208001000.0
334341000.0
176300000.0
262373000.0
242821000.0
561625000.0
192268000.0
243442000.0
519921000.0
140481000.0
456723000.0
409953000.0
463810000.0
359067000.0
153722000.0
186474000.0
394274000.0
144751000.0
158512000.0
153684000.0
288027000.0
185016000.0
697223000.0
693358000.0
209823000.0
283540000.0
536555000.0
166490000.0
276978000.0
264863000.0
146073000.0
134531000.0
300144000.0
682096472.773447
541424480.470999
228023660.105816
485291121.837349
376478450.166541
489002589.416123
527226524.490314
670415694.207121
388193927.785068
359999325.76519
212531779.717417
732993064.358735
499950503.762969
506763912.458707
362303837.410501
315873973.215489
336231446.37486
670950448.354829
616562353.062199
733297880.940262
339433046.26836
592252217.560979
356967736.454604
674370530.912443
281450417.944013
368160179.670754
633117294.379549
235194996.714826
349237602.359466
623093182.331833
354983187.776782
346720481.501084
390749951.8443
365717693.218156
230355970.292385
501059449.201686
705666923.651735
676384085.090942
750352786.593066
398137114.761946
521595849.904906
247489516.105584
543534403.221607
449770235.686579
358764714.804133
658269796.940071
617279524.912782
452806168.254751
375428369.451484
309198565.422394
304196232.721003
269105974.728801
461073385.318273
486171745.530379
419503578.125054
489471268.286788
251703084.42665
531815676.473627
497907032.839445
363833599.859613
446513541.773738
581735562.706737
539215464.771121
686105113.28533
252189787.00298
854911398.821649
572260318.005605
648337187.06296
378620683.597319
531104246.331296
314137260.7554
231428292.088748
623701945.93843
529800954.300087
568091792.784736
331727215.819399
627750675.467442
461736277.335251
695119385.344932
286038740.133293
330228248.129838
366271768.805857
567740053.765574
234856790.580288
335316173.853988
235425177.937903
279272214.712775
284654582.232948
672938159.249572
336373110.408244
241483702.308411
501211214.535973
729203953.048021
765137666.217752
392010768.823167
397323389.408089
583746164.028818
428677010.231926
820633415.614648
358112695.739796
381181477.318487
250885805.151282
417595880.600569
475449562.042869
483549655.87915
732661137.17659
404349134.854265
298530669.563294
742011327.026486
641379634.960094
289926879.217217
500903042.675527
754508841.606921
542879368.357947
532204769.891302
787009145.879781
319612703.117781
759985843.139647
513107552.909238
345411591.840142
487913309.514742
331099680.009295
581711864.206664
840884984.465198
690568743.824941
467668047.246656
552659684.541041
732840064.994401
606879235.77858
250911750.455467
353725895.953165
601711291.13951
581127252.041486
747965488.930909
272850748.083485
272298145.503586
404802239.263244
452228379.057365
713347796.918981
308876781.638006
583821539.213583
382905533.682417
892919692.091219
726945765.787568
308733205.80851
322705873.842129
437016656.733352
628232539.061666
623664221.243675
533795129.735123
550818220.060897
654923883.588063
488002154.106173
492136582.238204
258424652.10053
567542010.293533
345485059.551241
371452985.604254
373902169.331369
320873584.900636
627973086.977607
618388055.508952
386285346.214442
809854771.992121
679898081.619117
521201588.600848
492610690.585488
581902912.516518
529332440.726401
620919065.379906
520195621.000833
428980202.127934
859064671.720596
421015147.936752
506429176.993851
588076077.181142
653631562.476084
275930381.503559
629610671.418473
437138079.875474
355708936.106512
651590388.49794
315581392.611519
714560517.754849
233961642.552177
480292520.367698
429463154.53121
390167400.9954
490537586.813326
228228347.111097
462741892.682712
305744095.196937
607919811.956338
597153818.106077
713300874.624958
287553073.415215
252291987.294468
393845266.666846
578540151.671817
390077296.554074
507217058.914561
462965970.766795
244171302.441455
376236468.584642
588299421.767442
571364850.507509
319660110.42817
784121921.386416
535096130.634624
389660982.126109
424479165.810993
337101859.446137
572158421.607635
866706939.390497
367772793.755171
498361559.790245
425718469.375554
658028073.999725
675589870.307267
530036379.395999
278387721.552385
474507588.309702
849119849.214147
390271727.19529
309363823.219469
409814439.578537
711496642.669899
503042450.791422
370264841.013126
674629763.93
288300395.383518
553129124.436879
569446228.232508
491232033.086148
777404067.311121
371209283.420589
491134998.86325
459200507.524407
315863818.680354
478116605.585156
343821278.167043
566109993.738971
601303636.657749
429240575.037977
390803316.242916
628670950.768299
633291046.129858
469349453.433058
339975911.832222
240459389.7717
851730285.302328
270474915.960544
562691393.663202
576562202.422938
825882825.308923
712352649.411978
260500209.123029
762831630.243849
435204621.320916
852008319.48898
453111776.203194
313082918.46503
576199665.939413
612221158.753433
691746000.915529
256911212.584549
589041320.65979
275459879.792311
396057549.55397
583342862.173341
419851528.255168
450886946.596718
685761039.831064
575773997.249317
493030824.633036
790183356.025648
421386263.30956
274596766.318121
652201005.627802
343065701.103309
571917970.562554
223070219.192134
355282460.66354
289392547.171854
569990056.34355
424275291.889156
545886103.768408
757945563.052413
647622748.014938
374875897.610368
426459964.882052
785145794.633149
342586542.02933
620999208.882887
398144737.439654
718056441.456507
797035413.165728
374362943.132787
385624196.667548
620262654.975385
446699372.878598
559433112.397074
350023915.811823
679095954.089744
546472851.65122
538420267.510228
689474850.561635
702949775.15144
588289998.525195
631841291.911353
285346671.345901
409704625.404408
520035651.715551
355917288.416481
346933672.568647
607448407.919802
299170173.091428
241435477.732964
549441556.357419
297327641.724188
662404229.085088
252093235.11825
710851456.656608
682499462.446089
719675578.408572
657496841.05686
398331720.80605
705588126.00015
641453308.300015
483861697.089351
334891919.695289
508062392.784853
586947758.578531
496431368.338718
364207884.058339
518947107.58902
408760656.802965
652196169.178158
315330156.914585
380036379.50639
270870965.439179
665927667.023641
469322017.773181
577518732.894861
422051182.693534
574385506.563967
313378475.757019
543937862.033941
498354908.443697
531274932.463624
368118222.647392
540584356.255737
562157475.083915
810819151.589436
505939760.297958
531446285.221782
572458375.905091
261196654.023604
622424153.710356
376087520.65882
299528249.030697
542887130.833644
265562843.614035
451321986.524233
379023586.660581
341040504.996739
656530593.127428
510116143.359787
378554478.704415
635109944.43103
285315107.892696
394343250.140329
650808611.428545
396939675.563702
532688141.554461
450326708.01302
758602970.969332
339566273.347177
553686021.711081
657104765.347364
376756160.750446
337204945.552739
464596299.312738
463560769.595163
458498832.202816
264417178.214826
427499304.7601
389988623.282976
724397920.095217
518499219.975751
630637597.476416
408227604.871474
465334417.6247
341158589.280664
718252043.719576
763469641.031823
453140748.77854
533817959.982001
599181057.924831
725682754.776781
609065261.902526
360021104.665402
504253867.859075
401596665.603957
399585151.912181
855924454.494082
690556013.546462
611069714.252023
358690174.842233
224538595.207344
784513774.482658
584931273.130832
648247713.926853
595388699.282159
409303458.187612
560075090.000796
270053482.066036
399867378.145811
703886836.317074
330148275.708274
386939754.132843
544479279.626521
293451941.51151
697250153.500404
413272822.611975
376229493.801608
391147953.84958
425836593.399056
611491452.820579
767025966.038387
564273921.73811
609175669.830728
576053057.415051
663422015.934642
361705205.354087
314006068.776809
410480736.976721
460667610.905789
446239433.561065
755393443.816486
265626987.673358
294711933.196257
389699138.436492
223539575.629615
573331395.466017
626087778.886352
655846025.065089
756745083.745024
271043012.438445
702773448.075965
477685705.6862
408518619.746392
231971505.613962
371054767.956123
581966531.237914
641950739.955501
273362978.043006
584805810.156268
655918966.290445
437575119.870569
365160904.705984
401220894.636302
424916492.086562
696894527.772397
564598985.437457
513911255.784939
308611188.187557
468078172.922734
439326067.641638
374154793.411731
292684695.231217
234048291.138253
320058678.210174
362024001.307683
519939778.961693
505879938.840818
332370591.009235
350130980.724421
386496420.020151
364267126.554562
355954977.631131
264497460.036504
631369400.292892
280087805.816737
441596583.556967
588296043.308775
510607656.319149
567261604.065967
562316030.484603
362219344.935092
364056080.046322
455674656.716987
596969555.532928
463624099.456352
397765401.404756
496100924.315982
437307625.072696
397003417.267024
461789786.837954
540630489.532043
664558833.029928
509864824.625822
600678847.214872
366641753.477707
531693089.735408
633090659.979066
751421290.410325
324357441.061238
314085153.703615
450648054.054414
739994241.865089
387052053.689771
554871342.610557
376049180.032882
364395091.597372
603842521.314986
679006423.071818
542980503.747666
735744562.678316
619418821.174788
358933223.403581
383017630.915899
539138121.384602
498188896.366957
447113040.545114
543761541.714906
533474450.558534
611106475.595902
336570261.896652
671311446.224702
497785352.591374
596974201.228466
258408539.157237
373302077.732437
628024881.536117
579496447.275903
439075213.062459
300919743.949236
578202967.836211
332081047.096696
600949432.530065
552385359.040434
442259377.957231
472110407.208268
227835481.298385
602639132.442946
518535730.919551
470801193.786364
522453199.857158
694607480.086671
399675372.87979
464230756.540875
277397938.372397
610059889.445715
700986935.696783
637852745.382582
747153297.801939
577400356.251951
610752006.492221
715442127.622265
432752981.401822
317143521.883149
498893450.023782
552812257.757697
452661451.88818
534075530.246319
560188419.791362
260085174.915508
406079189.3646
563030414.551692
709707099.619028
313118991.878177
574167737.713604
418996611.624892
463506906.224009
663190918.324991
301831014.974359
586462567.103487
396276614.923281
345905199.743074
681185102.947585
519466112.62924
677469430.614373
564634386.985976
522736856.613537
540719399.074164
458471101.416167
446802697.796035
581458575.129314
448020230.182206
544731345.275587
736005553.980124
593721876.742281
623491732.440438
467495022.043284
781742434.534205
560622390.248455
453345978.090273
727859522.579486
671862258.622651
552482015.229159
557018583.21131
350870095.487985
627908502.242269
272006864.543019
638033520.919287
497526184.483476
664388652.47613
482217434.126111
285349734.575885
622768012.874966
564486171.75108
369769301.618012
605688941.977285
500924047.536965
533173347.024374
592193809.311982
750250234.910519
300582132.735126
540223536.94522
593017499.074036
306766467.99581
328240409.9448
359688756.852512
781850851.296547
545866560.234485
730185887.972233
716676452.600042
453223453.45319
463255409.860391
712252564.15597
367846937.793211
367644488.757113
453680463.126275
478274508.56817
296257627.83634
640483437.490681
506725194.048261
410740326.070026
353936195.02185
361971600.516011
461758900.033702
277117996.044805
360729767.878215
648148225.177321
239877511.980061
614913101.683288
405738481.223664
406343339.823451
778185647.3937
514429214.954583
498339753.134945
489837031.695311
660075423.053595
333198140.717891
589574702.465711
402079782.78212
560486521.871473
275042499.502024
521100060.725432
503960131.949951
606594033.906825
845831712.649423
520975876.027366
434573159.758367
603177886.61976
665079397.332392
353292212.713117
652961579.752122
485299591.869221
456877200.967798
451502502.438722
360790348.351178
659558920.006943
844559153.798648
507956377.329826
368752006.98244
361397767.863454
313824060.164515
367603189.476701
614488326.585491
633142304.222627
353941223.525789
302580570.297164
327889709.68779
591979433.339837
505552841.755483
348951676.038617
739059804.844087
409073216.678548
573122029.408137
407481925.070089
524125244.704726
680071930.501975
356418054.411099
489000856.593283
544037440.328329
592464728.72332
361211625.938582
310850294.69888
273225509.409188
410020669.893999
543365839.545631
609892189.261199
242880549.683954
664319896.206347
373131678.87367
402085258.830037
586061317.530235
441855030.977647
624999211.032694
599302274.030436
457416379.732182
353056730.426352
309542946.776596
647550746.657388
508303848.759034
694967039.035814
693482452.170676
599347501.25172
451170483.987247
639614476.796025
528761780.440084
365889431.379914
360004941.480736
454936017.359892
548508538.375763
325753145.35108
843863531.594907
610801105.826345
556003319.90105
452026289.408634
583844864.414184
336798682.40632
295305943.059161
408625641.683733
575782121.057369
477127378.830169
554642530.075742
328551166.821968
681427046.644396
722710716.987606
366382448.1377
492358095.878412
558049809.412014
317632056.34643
299614017.907603
512389266.744683
873391293.832228
506582767.270371
336217255.898992
274865712.201774
591040155.106677
695689212.293717
473385723.793341
316386097.010254
364953987.839148
354678724.527771
646964252.371452
448398439.283732
342835629.978061
492149178.651562
309268450.085232
419237616.540252
707141144.848806
370353955.633765
547679711.357026
738658233.407328
555935050.335576
606317392.735258
472777244.268087
563593125.411054
231403414.580246
664956795.667716
383965896.155592
314022099.912006
401179508.374331
604583301.275644
414358572.732735
542684486.490086
517498590.101689
524308650.423055
719650338.104836
400013483.699868
589160189.339084
252229638.14462
564302511.691134
300356236.904636
384994343.525969
699572675.57598
571885253.821569
703971812.256727
625070371.211346
302368931.33717
839121426.379369
520332158.059166
600134728.270463
470895810.673542
567697137.931481
748872145.145303
515543386.036843
746924649.888276
452373701.486568
381888912.515295
462869624.805782
587945329.386593
428483815.751196
597912891.839317
371280295.423573
627117854.371618
367882868.444232
545492793.588217
488268124.741117
786437820.824328
422935005.592837
477390482.905494
460079368.180276
591500125.925296
567166434.649618
551622968.575085
449670028.870137
233558475.626947
429508226.497092
612844824.866018
473344468.015182
434710282.115739
419098414.855386
487062867.682291
344315557.250127
315988742.502851
433632225.144976
653347335.127493
397891862.444857
389764841.73186
542202530.723047
270627876.175458
313459415.704633
474193294.476699
312209454.256841
275199706.992835
301822913.867042
769226131.846571
324846106.307132
413640953.863636
474352458.411266
618993574.742743
267479941.344666
446768716.555265
485474613.602526
273578829.310798
532244885.948593
255922044.639411
335139460.487708
431803881.248992
614239940.212337
775582968.139214
269323074.415927
609855681.724817
706523785.259263
353266418.77722
576307631.135277
254404131.706763
650722869.793666
639078534.14933
774785332.111547
244211129.963024
294296968.133086
748702467.017224
623670940.931512
300507594.121774
279322267.354731
558315848.36308
533411603.735829
548537991.836753
286459018.714215
509056334.273519
578768990.458462
507957695.053716
536800771.276792
717554036.718111
495037618.893551
688677517.081511
352015658.211588
398523499.393655
774744163.068892
745111964.820003
601267425.005454
524419076.890603
518430949.290171
759771444.259132
609636789.32758
378141668.612484
376410121.682823
420430906.338704
321313321.691465
551996688.463931
423129328.027012
758716033.884033
335633310.754167
607913641.933916
265356353.734643
334285287.642849
375879604.776181
659776618.741059
362617179.201904
642792726.978239
333246998.359205
349069817.415573
256225149.656714
552554688.823396
610025790.42193
814731931.252737
402786096.24831
312815050.070419
265710230.659065
278323311.853873
255041192.221972
516728709.325351
371054851.991234
502260393.625166
563465674.429993
659124551.266648
505947247.958605
350729926.539283
235534175.630153
384614110.965666
463075813.204322
681439314.872742
535038340.937372
282637413.59519
378891034.021885
684547834.428529
428907740.25763
496573401.532303
688769958.421566
406294102.211791
744741289.576783
351376138.262637
514344642.439471
663178729.119189
739113032.810011
334402790.541193
386236798.415892
450031203.382079
256378478.137142
437352771.843144
290628146.884848
291544228.040188
682665060.554239
296157984.951788
575987917.184891
649500649.36424
419185006.834497
444728621.582722
324493809.671186
488485920.985937
654034151.168095
485379858.9862
321753236.312087
355449825.943788
368215809.485749
262516063.708226
598840808.015819
422545066.141138
342196743.785889
513404322.929593
427265614.916718
559283515.004529
654985632.207984
428395011.936935
276952325.025058
522812076.17678
685667342.875791
453533557.533237
601120346.717023
344312063.314689
227830437.538847
338210816.420793
705152264.602086
755659050.654873
556774033.071427
474937461.785929
486916290.193884
670473720.295186
475440946.643982
388379537.207648
473563104.100299
594601736.813196
447720815.597321
387371523.017356
390661019.402085
488156657.644154
427682443.913243
359255843.46916
457991482.541224
491423961.157133
550096521.692895
464868621.221414
299748408.93005
600173663.520788
