1.03703
1.16183
1.0251
1.03113
1.00354
1.01206
1.03465
1.03127
1.02254
1.01368
1.0326
1.08368
1.07674
1.0016
1.09612
1.02896
1.01575
1.02411
1.02442
1.03352
1.00382
1.05516
1.06227
1.02258
1.03397
1.06702
1.02401
1.02089
1.00978
1.02824
1.00851
1.05763
1.02253
1.02347
1.03105
1.08848
1.02245
1.00788
1.01232
1.06794
1.1118
1.02573
1.02259
1.03621
1.02959
1.01331
1.03494
1.00525
1.03831
1.01999
1.03461
1.05612
1.17222
1.03625
1.02495
1.00887
1.02226
1.01307
1.02146
1.04116
1.04418
1.03559
1.20889
1.03147
1.03258
1.04876
1.03989
1.01168
1.01403
1.16461
1.02357
1.02107
1.03625
1.02875
1.02986
1.01856
1.04329
1.02097
1.02706
1.00882
1.01427
1.0305
1.20151
1.02305
1.03102
1.02445
1.03229
1.02548
1.08619
1.18626
1.02621
1.03153
1.03677
1.11243
1.03692
1.01866
1.02498
0.999618
1.00177
1.07929
1.00696
1.0067
1.02823
1.06382
1.06892
1.00176
1.03675
1.03885
1.00594
1.03294
1.07601
1.04752
1.02739
1.03333
1.01422
1.07054
1.05902
1.01958
1.09267
1.05646
1.06487
1.07154
1.03334
1.09147
1.02474
1.04446
1.0101
1.06749
1.02352
1.03415
1.01926
1.0215
1.0094
1.0059
1.00103
1.0158
1.2166
1.20745
1.02416
1.02385
1.02979
1.04007
1.00995
1.03318
1.28472
1.03285
1.08898
1.02897
1.04378
1.022
1.0369
1.07296
1.03026
1.0784
1.03346
1.03306
1.0371
1.02774
1.01289
1.02896
1.01198
1.0366
1.04177
1.07821
1.0379
1.03188
1.08429
1.04818
1.10615
1.07648
1.02109
1.00208
1.03136
1.0448
1.03513
1.02294
1.02673
1.01794
1.07729
1.05954
1.03148
1.00241
1.09743
1.00937
1.07277
1.07953
1.00681
1.01418
1.04831
1.04121
1.07436
1.0321
1.24938
1.00606
1.02989
1.01756
1.10229
1.05157
1.04875
1.00488
1.02746
1.10569
1.03489
1.02399
1.03335
1.04007
1.03027
1.02764
1.03685
1.03058
1.04547
1.16732
1.05215
1.02416
1.007
1.02461
1.04238
1.02959
1.01352
1.05367
1.01803
1.03298
1.00847
1.01708
1.08428
1.02225
1.03145
1.04724
1.02004
1.01806
1.02515
1.01691
1.01539
1.00581
1.05855
1.01417
1.00549
1.04187
1.21003
1.02199
1.03208
1.02669
1.02884
1.03954
1.11763
1.11262
1.08252
1.02773
1.0052
1.14306
1.00733
1.07367
1.08071
1.03238
1.03785
1.03127
1.01045
1.04267
1.06903
1.00241
1.06143
1.04758
1.04921
1.03256
1.00782
1.0217
1.07308
1.00131
1.01972
1.02533
1.02444
1.03005
1.03462
1.03065
1.01911
1.0143
1.03795
1.05946
1.01681
1.16362
1.00479
1.02907
1.02473
1.02394
1.02035
1.10732
1.0094
1.08663
1.07829
1.02528
1.09577
1.04295
1.0356
1.02969
1.03355
1.02989
1.07167
1.03327
1.02269
1.0134
1.01391
1.00827
1.01428
1.04837
1.02418
1.00968
1.02184
1.02076
1.00828
1.03451
1.07134
1.02828
1.04729
1.25746
1.02317
1.02161
1.02041
1.00217
1.07325
1.0453
1.07556
1.0326
1.10079
1.03895
1.2289
1.08217
1.04938
1.03138
1.00195
1.08093
1.02377
1.0606
1.04216
1.08842
1.01415
1.04546
1.0455
1.05406
1.02098
1.02448
0.999933
1.03947
0.99623
1.03921
1.13294
1.03088
1.00661
1.01869
1.02872
1.00234
1.01956
1.03992
1.06374
1.17206
1.10529
1.02612
1.00695
1.00466
1.02577
1.00958
1.03062
1.02531
1.01743
1.10045
1.03996
1.00498
1.01859
1.03655
1.0625
1.01147
1.03268
1.02867
1.14968
1.01689
1.03288
1.05814
1.03016
1.04042
1.02804
1.03598
1.02199
1.03036
1.0208
1.02532
1.01407
1.16542
1.01323
1.00198
1.09067
1.00952
1.1117
1.0048
1.01097
1.07457
1.04017
1.02406
1.17128
1.07359
1.03018
1.03082
1.10561
1.03435
1.00907
1.00106
1.02283
1.06929
1.01872
1.10932
1.00214
1.18488
1.05609
1.03964
1.01605
1.0308
1.03125
1.00403
1.07301
1.02918
1.0407
1.01366
1.02843
1.02198
1.03118
1.02613
1.008
1.08936
1.01774
1.01709
1.00198
1.10411
1.01748
1.01795
1.02118
1.03107
1.01125
1.04727
1.01167
1.0073
1.01584
1.08242
1.03071
1.00259
1.02277
1.07798
1.05355
1.03044
1.02443
1.0271
1.01631
1.0014
1.00042
1.02209
1.04073
1.03291
1.04025
1.06956
1.02379
1.03023
1.04659
1.03904
1.02946
1.03549
1.01275
1.00959
1.01106
1.03219
1.03232
1.02947
1.02649
1.01373
1.00603
1.02324
1.03815
1.08098
1.00311
1.04309
1.03853
1.05338
1.03648
1.0203
1.074
1.09064
1.05678
1.04506
1.03479
1.04056
1.15164
1.01005
1.01897
1.06768
1.01239
1.07853
1.07878
1.15051
1.0229
1.03327
1.03795
1.02261
1.04156
1.02054
1.05348
1.07484
1.02871
1.00393
1.00349
1.03442
1.01667
1.01049
1.02118
1.03836
1.02462
1.03258
1.01568
1.03251
1.03114
1.0272
1.02903
1.0405
1.06218
1.08627
1.0289
1.02012
1.01914
1.00444
1.03695
1.03726
1.01807
1.02616
1.03616
1.03465
1.10166
1.00719
1.04137
1.03683
1.03743
1.18005
1.04469
1.03182
1.02286
1.06008
1.04765
1.09105
1.03388
1.02594
1.01245
1.06923
1.04411
1.02656
1.23973
1.05329
1.04093
1.00667
1.03525
1.03908
1.03866
1.02948
1.03544
1.02727
1.00872
1.03336
1.04306
1.01523
1.00525
1.07875
1.06213
1.02008
1.00656
1.03789
1.02422
1.02757
1.01684
1.08777
1.00203
1.01148
1.01427
1.01573
1.00351
1.09173
1.02077
1.0074
1.08382
1.02418
1.05087
1.02523
1.02851
1.00291
1.02008
1.17311
1.07285
1.04983
1.03518
1.00129
1.01493
1.07838
1.02799
1.04209
1.06172
1.00649
1.03929
1.03112
1.05748
1.03446
1.01463
1.00593
1.04497
1.07586
1.03738
1.03131
1.03437
1.01979
1.05954
0.999758
1.01305
1.05449
1.03557
1.08339
1.03456
1.01539
1.04136
1.01325
1.04247
1.07363
1.08919
1.01163
1.04925
1.01936
1.0578
1.00397
1.06078
1.0215
1.05047
1.03743
1.25034
1.01751
1.0293
1.03938
1.06445
1.17182
1.03938
1.00194
1.01933
1.08859
1.00247
1.04574
1.01627
1.0387
1.10662
1.02488
1.01636
1.01864
1.03029
1.0282
1.01531
1.05133
1.0877
1.10738
1.01276
1.00212
1.00202
1.03605
1.05104
1.06328
1.03635
1.07365
1.06379
1.02485
1.0309
1.04763
1.00732
1.04461
1.02651
1.01288
1.02323
1.02507
1.02768
1.03695
1.07429
1.01816
1.19662
1.02701
1.03672
1.04626
1.09738
1.03344
1.02711
1.2211
1.03483
1.01652
1.0614
1.03062
1.05132
1.00987
1.08057
1.05496
1.02467
1.05272
1.09638
1.01665
1.03007
1.12175
1.0961
1.06989
1.02889
1.01959
1.03197
1.01317
1.0213
1.01397
1.02315
1.15144
1.01369
1.04366
1.02358
1.00374
1.0287
1.0187
1.0066
1.0043
1.03677
1.04178
1.00365
1.05348
1.02686
1.1661
1.02242
1.02884
1.03415
1.06162
1.03957
1.01842
1.02992
1.06243
1.04982
1.14372
1.07914
1.05418
1.06792
1.04388
1.05676
1.00763
1.02359
1.01856
1.02768
1.00047
1.07613
1.0277
1.01731
1.02642
1.02454
1.08055
1.04135
1.04173
1.0218
1.02443
1.06133
1.0746
1.02363
1.0022
1.0227
1.06468
1.01786
1.02331
1.03912
1.00677
1.20382
1.03477
1.08104
1.0194
1.01587
1.03298
1.01293
1.00382
1.04566
1.02752
0.998731
1.06856
1.14071
1.01418
1.02703
1.02334
1.00051
1.01714
1.01669
1.04471
1.0087
1.01039
1.00159
1.13898
1.22372
1.0208
1.02154
1.02879
1.02992
1.111
1.0254
1.00069
1.05734
1.05545
1.04632
1.07435
1.03657
1.03686
1.03604
1.24274
1.03296
1.0313
1.01685
1.02293
1.00559
1.04541
1.16287
1.02692
1.10029
1.02319
1.00961
1.01289
1.00698
1.03073
1.20116
1.02053
1.03486
1.0416
1.0594
1.03046
1.09933
1.0434
1.11964
1.03286
1.09074
1.01976
1.03104
1.07065
1.03329
1.03068
1.00852
1.00298
1.02476
1.05058
1.04663
1.03448
1.03419
1.03471
1.06773
1.01764
1.02327
1.02805
1.1624
1.04544
1.0027
1.02008
1.04087
1.00495
1.03021
1.05953
1.02719
1.01753
1.02788
1.0325
1.01972
1.00415
1.01957
1.02265
1.03742
1.20582
1.04458
1.0346
1.02003
1.02641
1.071
1.03179
1.01658
1.06332
1.00706
1.0591
1.02306
1.06238
1.01926
1.06897
1.02771
1.00815
1.0409
1.00739
1.04461
1.12778
1.02094
1.06833
1.01013
1.02554
1.02324
1.03033
1.01791
1.04712
1.02132
1.00966
1.15309
1.0499
1.02776
1.03054
1.18641
1.03448
1.03299
1.03182
1.00582
1.01546
1.01419
1.03025
1.03813
1.06502
1.05707
1.03289
1.01039
1.00197
1.00622
1.03218
1.06147
1.03735
1.0736
1.02294
1.00673
1.23222
1.0258
1.05657
1.0195
1.07486
1.02115
1.08612
1.03185
1.03666
1.07483
1.08206
1.02631
1.02832
1.08797
1.03735
1.02204
1.08272
1.03775
1.04569
1.02875
1.04916
1.02998
1.02609
1.02223
1.02047
1.1306
1.08679
1.03491
1.02459
1.01086
1.08925
1.02288
1.00854
1.01331
1.02939
1.14864
1.08634
1.07897
1.03166
1.0973
1.01641
1.07559
1.07665
1.02423
1.13167
1.09888
1.01579
1.01682
1.06587
1.01921
1.01268
1.00758
1.03106
1.07312
1.1361
1.04965
1.04317
1.01837
1.01387
1.22593
1.11693
1.26893
1.05428
1.01269
1.11603
1.05713
1.08058
1.03612
1.02252
1.03273
0.999943
1.03368
1.07673
1.16361
1.01828
1.01637
1.0211
1.05077
1.03099
1.02892
1.01337
1.03704
1.43712
1.16139
1.03113
1.00354
1.01206
1.2912
1.41411
1.02254
1.01368
1.09743
1.16173
1.07674
1.0016
1.3054
1.35423
1.36335
1.07235
1.14225
1.44362
1.00382
1.05516
1.06227
1.41934
1.05399
1.08532
1.38726
1.32802
1.42366
1.36021
1.00851
1.18581
1.24698
1.3214
1.27202
1.08848
1.12206
1.04885
1.51978
1.06794
1.1118
1.02573
1.52088
1.03621
1.08412
1.44303
1.25015
1.00525
1.18485
1.51167
1.26926
1.05612
1.6479
1.1269
1.07885
1.00887
1.42183
1.43397
1.06113
1.04459
1.04418
1.30935
1.5169
1.23622
1.27293
1.06522
1.07216
1.01168
1.45029
1.33826
1.02357
1.05105
1.39957
1.52115
1.15073
1.36583
1.15207
1.02097
1.25685
1.56672
1.01427
1.16297
1.63615
1.02305
1.41052
1.12201
1.08923
1.1681
1.23101
1.75805
1.20017
1.05969
1.27283
1.14632
1.20922
1.44317
1.19156
0.999618
1.00177
1.25362
1.52444
1.0067
1.10878
1.07337
1.06892
1.00176
1.41977
1.03885
1.00594
1.051
1.12174
1.0533
1.17872
1.03333
1.254
1.07054
1.05902
1.13264
1.32556
1.07841
1.06487
1.16651
1.08299
1.09147
1.25991
1.0472
1.0101
1.06749
1.29155
1.27758
1.01926
1.03949
1.04911
1.56186
1.00103
1.0158
1.6286
1.87541
1.43921
1.02385
1.24503
1.04007
1.43903
1.03318
1.53764
1.21566
1.08898
1.02897
1.04378
1.4302
1.0369
1.09872
1.4151
1.0784
1.3549
1.23095
1.30315
1.02774
1.01289
1.07635
1.17725
1.37326
1.04177
1.0782
1.15547
1.30339
2.01857
1.04818
1.13809
1.25962
1.02438
1.00208
1.13367
1.15844
1.34041
1.21527
1.22276
1.09853
1.07729
1.13644
1.03148
1.00241
1.14526
1.01167
1.18026
1.10423
1.00681
1.14496
1.27428
1.20163
1.2137
1.16301
1.90014
1.00606
1.1481
1.06459
1.10229
1.05157
1.04875
1.00488
1.12737
1.10569
1.14177
1.47075
1.37619
1.17207
1.05985
1.2877
1.3334
1.07868
1.04547
1.67117
1.06522
1.44779
1.007
1.43874
1.1692
1.08379
1.01352
1.05367
1.47727
1.14415
1.00847
1.03134
1.08427
1.09771
1.19692
1.25475
1.02004
1.07315
1.33942
1.03876
1.44633
1.00581
1.08276
1.36327
1.00549
1.04187
1.42547
1.26747
1.35208
1.32058
1.18532
1.14782
1.15716
1.12345
1.14834
1.00727
1.0052
1.14606
1.43204
1.07367
1.20869
1.20004
1.44388
1.19225
1.01045
1.05404
1.06903
1.00241
1.06143
1.11335
1.06043
1.21716
1.52012
1.0768
1.09574
1.00131
1.422
1.26407
1.23144
1.18942
1.24807
1.09248
1.12312
1.27774
1.1634
1.61251
1.4177
1.68755
1.01986
1.45824
1.02473
1.02394
1.03266
1.10732
1.44958
1.13711
1.18708
1.0549
1.09577
1.04942
1.36214
1.05122
1.30926
1.08583
1.07607
1.3828
1.32861
1.6272
1.01391
1.57908
1.01428
1.04837
1.37778
1.54146
1.42834
1.38454
1.00828
1.25001
1.16713
1.09946
1.18815
1.51902
1.05455
1.02161
1.21615
1.00217
1.09787
1.13874
1.1088
1.0326
1.10079
1.25148
1.65022
1.08217
1.07077
1.03138
1.59784
1.08093
1.47897
1.13072
1.23102
1.08842
1.49303
1.38005
1.0455
1.05406
1.0221
1.09014
0.999933
1.03947
0.99623
1.03921
1.38224
1.42606
1.00661
1.32614
1.28662
1.00234
1.45811
1.26277
1.0791
1.30033
1.10528
1.07836
1.01471
1.31323
1.30818
1.5126
1.03062
1.02531
1.53375
1.2567
1.03996
1.00498
1.02914
1.41279
1.11774
1.01147
1.25259
1.30001
1.46816
1.01689
1.03288
1.05814
1.35212
1.04041
1.04234
1.03598
1.44737
1.03036
1.07431
1.34297
1.01407
1.36153
1.01323
1.00378
1.10723
1.01542
1.16259
1.0048
1.01097
1.14909
1.24554
1.33579
1.80452
1.16665
1.13778
1.39034
1.19012
1.22472
1.00907
1.00106
1.06268
1.12911
1.34362
1.61365
1.00214
1.36248
1.06427
1.21879
1.01605
1.22486
1.03125
1.00402
1.07301
1.21533
1.18211
1.01692
1.13484
1.05356
1.0644
1.10731
1.008
1.19083
1.04267
1.362
1.01469
1.18007
1.01748
1.49094
1.36047
1.08897
1.57897
1.04727
1.01167
1.0073
1.01584
1.13146
1.32309
1.00259
1.06201
1.08949
1.14063
1.33473
1.0383
1.36599
1.47177
1.0014
1.00042
1.02209
1.28159
1.14808
1.26641
1.12435
1.02379
1.20924
1.25729
1.16113
1.36088
1.03549
1.01275
1.00959
1.04917
1.14519
1.30276
1.09442
1.39809
1.05554
1.00603
1.04902
1.08876
1.40012
1.55446
1.04309
1.12464
1.05338
1.03648
1.45543
1.074
1.1149
1.15084
1.20401
1.33127
1.04056
1.20457
1.05663
1.07986
1.12179
1.01239
1.12467
1.07878
1.06689
1.03407
1.21253
1.18453
1.47126
1.0818
1.24359
1.05348
1.07484
1.38771
1.35738
1.00349
1.36988
1.31065
1.01621
1.56438
1.12505
1.32036
1.37915
1.54658
1.17719
1.13936
1.09155
1.08866
1.0405
1.06218
1.13398
1.31405
1.05955
1.54181
1.54916
1.32695
1.35894
1.02378
1.36343
1.03616
1.35442
1.19231
1.00719
1.30536
1.05965
1.15309
1.35954
1.18602
1.11466
1.29764
1.06008
1.20451
1.24897
1.33574
1.28622
1.01245
1.06923
1.04411
1.07503
1.57727
1.06455
1.34599
1.00667
1.14314
1.26366
1.03866
1.02948
1.32408
1.02727
1.00872
1.4154
1.06676
1.01523
1.04603
1.07875
1.11762
1.46052
1.47922
1.23248
1.15278
1.05611
1.01886
1.12012
1.00743
1.50827
1.01427
1.42707
1.02471
1.1363
1.06219
1.571
1.08382
1.05962
1.05087
1.24789
1.02851
1.01768
1.05075
1.50436
1.10427
1.20447
1.10184
1.00129
1.01493
1.24052
1.22301
1.22921
1.06172
1.51939
1.22309
1.22525
1.11571
1.37054
1.01463
1.00593
1.14572
1.08713
1.03738
1.33517
1.04482
1.1303
1.88009
0.999758
1.52355
1.06474
1.26207
1.13961
1.188
1.05627
1.18678
1.5865
1.32174
1.07363
1.18967
1.01838
1.29276
1.36438
1.07441
1.52645
1.06078
1.45057
1.17019
1.06012
1.43677
1.42127
1.24844
1.43553
1.06445
1.265
1.21426
1.00194
1.41737
1.14784
1.00247
1.3571
1.01627
1.40427
1.10662
1.10212
1.21772
1.40385
1.1184
1.48304
1.01531
1.07009
1.10765
1.10738
1.11023
1.00212
1.00202
1.16735
1.11549
1.06328
1.08394
1.08492
1.06379
1.02485
1.22006
1.0929
1.48814
1.04461
1.07749
1.07793
1.40101
1.02507
1.02768
1.14774
1.07429
1.09878
1.48041
1.31844
1.53447
1.19217
1.58313
1.13194
1.07454
2.0108
1.25615
1.01652
1.0614
1.05242
1.05132
1.00987
1.15608
1.17809
1.02467
1.05272
1.57869
1.06058
1.11576
1.39486
1.22457
1.06989
1.3343
1.01959
1.03197
1.31432
1.43702
1.04866
1.02315
1.50278
1.08966
1.11095
1.02358
1.00374
1.30978
1.06751
1.0066
1.0043
1.03677
1.10179
1.00365
1.05348
1.20879
1.01477
1.02242
1.22029
1.2774
1.13049
1.26875
1.45142
1.20714
1.09352
1.08837
1.3637
1.07914
1.05418
1.24366
1.04388
1.06267
1.00763
1.30267
1.05438
1.182
1.00954
1.07613
1.31108
1.4457
1.31354
1.25535
1.08055
1.04135
1.26912
1.12566
1.10596
1.06133
1.25949
1.246
1.0022
1.07598
1.06644
1.09739
1.33123
1.35491
1.00677
1.66251
1.08367
1.08104
1.0194
1.12894
1.03298
1.01293
1.5571
1.04566
1.16348
0.998731
1.06856
1.72171
1.46238
1.40648
1.02334
1.00051
1.08472
1.06967
1.23796
1.47156
1.01039
1.00159
1.59434
1.48097
1.53293
1.1138
1.21307
1.34419
1.11827
1.3383
1.00069
1.42757
1.2165
1.04632
1.07435
1.23144
1.1966
1.20791
1.47069
1.16461
1.40834
1.04577
1.02293
1.00559
1.24166
1.05333
1.02959
1.10029
1.07579
1.00961
1.06072
1.01243
1.37446
1.93826
1.38469
1.31001
1.0416
1.0594
1.14999
1.09933
1.04748
1.13871
1.31566
1.21351
1.33401
1.03104
1.16635
1.1126
1.37979
1.37595
1.04886
1.14213
1.1159
1.07386
1.31293
1.2722
1.10959
1.11392
1.01764
1.02327
1.21472
1.33506
1.04544
1.04838
1.04813
1.28552
1.00495
1.19923
1.05953
1.02719
1.25188
1.24122
1.34914
1.01972
1.00415
1.11409
1.32504
1.1758
1.43477
1.05491
1.25197
1.39904
1.0475
1.59638
1.11205
1.42512
1.06332
1.60629
1.0591
1.23544
1.19056
1.07531
1.06897
1.28441
1.05155
1.23809
1.00739
1.06343
1.32387
1.03556
1.06833
1.39989
1.30213
1.02324
1.0644
1.02857
1.16022
1.45123
1.63203
1.37002
1.06419
1.02776
1.45919
1.58983
1.03448
1.11894
1.05356
1.00582
1.57655
1.01419
1.07679
1.03894
1.06502
1.05707
1.06195
1.01039
1.5959
1.03504
1.22788
1.06366
1.16175
1.0736
1.24621
1.00673
1.93766
1.15196
1.12699
1.07545
1.07486
1.02317
1.10405
1.28376
1.24883
1.07483
1.08206
1.06926
1.4023
1.93618
1.28662
1.02204
1.32973
1.29822
1.39686
1.02875
1.04916
1.04903
1.18618
1.40186
1.02047
1.26384
1.16846
1.13842
1.09559
1.03891
1.12624
1.32824
1.04385
1.01331
1.03829
1.5465
1.21798
1.21355
1.47565
1.28341
1.01641
1.13938
1.07666
1.07686
1.13167
1.15758
1.15219
1.01681
1.13968
1.05051
1.54227
1.57082
1.25078
1.07312
2.02668
1.33679
1.04317
1.01837
1.02083
1.07522
1.12005
1.61868
1.06067
1.01269
1.13673
1.17885
1.08058
1.08919
1.02252
1.05463
0.999943
1.16954
1.14346
1.36928
1.38491
1.41814
1.09677
1.08498
1.03099
1.40288
1.01337
404433000.0
362582000.0
190724000.0
396583000.0
258072000.0
238748000.0
159328000.0
154854000.0
324050000.0
242916000.0
390357000.0
314320000.0
335079000.0
275822000.0
322941000.0
158220000.0
153193000.0
217098000.0
220367000.0
148163000.0
271358000.0
624321000.0
449975000.0
141543000.0
690409000.0
592682000.0
170506000.0
157856000.0
135736000.0
162911000.0
265121000.0
359978000.0
151633000.0
161594000.0
166910000.0
570545000.0
205954000.0
255291000.0
151257000.0
323063000.0
353330000.0
527621000.0
148018000.0
388689000.0
232277000.0
145036000.0
173679000.0
263751000.0
194780000.0
139580000.0
191534000.0
401322000.0
440539000.0
203872000.0
236844000.0
265194000.0
143661000.0
139522000.0
344490000.0
507230000.0
516706000.0
180978000.0
406043000.0
192245000.0
187819000.0
468542000.0
577088000.0
235661000.0
152982000.0
413262000.0
403833000.0
344597000.0
159953000.0
143850000.0
186022000.0
180335000.0
193726000.0
240123000.0
199990000.0
135127000.0
382723000.0
211728000.0
396355000.0
217167000.0
160042000.0
274670000.0
216557000.0
218305000.0
354150000.0
319229000.0
187704000.0
560957000.0
180246000.0
343848000.0
200803000.0
150442000.0
192208000.0
289051000.0
260549000.0
299619000.0
138100000.0
265980000.0
219838000.0
618504000.0
364300000.0
281392000.0
165334000.0
397012000.0
267109000.0
494602000.0
420182000.0
568145000.0
186315000.0
351119000.0
182843000.0
682405000.0
537005000.0
206223000.0
301928000.0
331433000.0
549468000.0
300625000.0
292867000.0
455091000.0
172114000.0
534680000.0
256539000.0
317720000.0
159151000.0
183361000.0
250660000.0
248369000.0
242681000.0
134605000.0
272570000.0
786178000.0
351745000.0
288989000.0
160246000.0
434347000.0
188327000.0
520810000.0
131011000.0
192836000.0
353192000.0
209959000.0
586208000.0
369982000.0
719579000.0
148319000.0
394129000.0
366012000.0
162429000.0
351575000.0
154105000.0
189158000.0
181174000.0
377745000.0
240661000.0
316529000.0
212516000.0
154242000.0
484329000.0
582225000.0
200145000.0
169260000.0
293742000.0
345801000.0
526326000.0
288764000.0
307880000.0
285879000.0
175532000.0
194730000.0
176573000.0
182420000.0
189510000.0
240065000.0
653420000.0
289720000.0
310324000.0
265686000.0
438570000.0
251704000.0
296298000.0
296550000.0
255704000.0
192648000.0
179176000.0
180216000.0
326871000.0
183546000.0
309064000.0
301704000.0
213805000.0
226113000.0
550766000.0
731351000.0
660450000.0
270155000.0
221688000.0
432607000.0
201764000.0
150525000.0
163478000.0
355877000.0
221089000.0
181107000.0
161928000.0
238519000.0
391033000.0
320883000.0
620097000.0
154786000.0
251244000.0
150123000.0
173875000.0
212027000.0
241657000.0
457507000.0
143548000.0
203190000.0
251061000.0
243292000.0
596680000.0
243174000.0
178040000.0
185639000.0
363953000.0
276892000.0
158347000.0
380701000.0
146784000.0
254079000.0
359802000.0
168521000.0
265129000.0
686068000.0
440111000.0
138649000.0
175492000.0
154939000.0
199473000.0
213131000.0
362732000.0
393124000.0
335437000.0
163926000.0
245219000.0
538919000.0
136539000.0
481739000.0
384748000.0
178960000.0
151285000.0
194656000.0
300288000.0
361911000.0
412389000.0
283752000.0
420917000.0
437973000.0
295864000.0
200185000.0
135331000.0
241453000.0
423521000.0
273909000.0
158949000.0
159600000.0
166581000.0
167413000.0
169329000.0
285130000.0
231839000.0
135893000.0
202787000.0
140553000.0
150599000.0
293746000.0
341313000.0
159251000.0
381058000.0
299309000.0
467869000.0
392067000.0
139291000.0
590977000.0
286909000.0
240945000.0
528104000.0
303296000.0
151225000.0
506542000.0
175055000.0
216239000.0
499810000.0
162814000.0
152164000.0
135200000.0
352442000.0
138460000.0
266150000.0
366752000.0
155923000.0
132784000.0
146477000.0
164814000.0
344529000.0
190052000.0
295215000.0
218274000.0
175688000.0
360820000.0
247417000.0
383853000.0
204048000.0
276265000.0
666664000.0
375647000.0
445272000.0
469543000.0
566244000.0
196141000.0
389095000.0
338656000.0
439353000.0
241027000.0
130516000.0
356264000.0
140544000.0
337368000.0
179383000.0
630018000.0
146855000.0
166546000.0
724181000.0
466062000.0
340562000.0
220189000.0
284376000.0
719950000.0
289977000.0
517751000.0
475924000.0
142970000.0
274315000.0
173087000.0
152213000.0
277976000.0
147930000.0
183237000.0
361767000.0
409981000.0
494309000.0
219036000.0
252907000.0
151857000.0
153622000.0
138660000.0
354383000.0
214809000.0
147628000.0
342532000.0
535965000.0
299835000.0
338670000.0
148908000.0
507378000.0
247560000.0
191349000.0
160849000.0
493914000.0
251389000.0
519890000.0
605633000.0
152150000.0
331798000.0
465258000.0
368114000.0
144591000.0
220261000.0
320906000.0
166604000.0
413628000.0
382557000.0
249475000.0
268603000.0
337611000.0
241206000.0
300722000.0
256095000.0
387667000.0
366329000.0
166312000.0
174208000.0
298863000.0
294857000.0
194022000.0
156511000.0
355677000.0
177436000.0
244838000.0
278735000.0
227842000.0
292390000.0
148768000.0
401100000.0
287832000.0
505254000.0
567387000.0
199303000.0
346893000.0
176055000.0
289091000.0
271105000.0
493966000.0
195702000.0
201468000.0
310668000.0
197416000.0
240639000.0
211521000.0
209028000.0
331368000.0
295713000.0
251531000.0
146091000.0
257898000.0
405082000.0
250208000.0
140763000.0
169064000.0
226777000.0
135320000.0
638164000.0
332581000.0
241985000.0
240284000.0
443134000.0
165687000.0
280969000.0
221656000.0
389062000.0
293163000.0
167050000.0
235548000.0
162206000.0
145477000.0
273546000.0
283696000.0
396215000.0
160663000.0
206498000.0
157791000.0
293198000.0
301841000.0
176940000.0
202082000.0
194888000.0
160844000.0
392682000.0
241510000.0
249742000.0
233815000.0
191598000.0
166561000.0
190670000.0
147477000.0
240558000.0
291118000.0
364039000.0
212400000.0
546977000.0
128692000.0
416919000.0
407433000.0
350151000.0
723181000.0
147476000.0
397065000.0
352061000.0
384589000.0
173821000.0
176390000.0
204234000.0
431038000.0
249510000.0
230677000.0
380971000.0
231559000.0
334854000.0
559458000.0
453731000.0
332570000.0
188245000.0
192380000.0
155129000.0
323231000.0
200058000.0
292520000.0
437762000.0
171189000.0
139583000.0
257426000.0
167488000.0
142605000.0
264168000.0
141384000.0
212753000.0
167139000.0
170531000.0
136671000.0
206551000.0
210285000.0
231431000.0
215210000.0
686376000.0
463189000.0
377786000.0
162658000.0
311364000.0
144274000.0
132550000.0
168475000.0
170147000.0
306563000.0
144540000.0
796743000.0
158928000.0
393598000.0
245948000.0
182377000.0
728364000.0
202446000.0
400616000.0
190590000.0
184215000.0
180590000.0
418583000.0
205767000.0
374836000.0
172175000.0
164876000.0
333043000.0
490579000.0
546687000.0
210260000.0
339188000.0
587453000.0
164809000.0
285130000.0
206747000.0
188310000.0
628725000.0
357757000.0
155315000.0
424737000.0
261430000.0
159616000.0
216928000.0
465265000.0
261625000.0
295066000.0
348868000.0
149644000.0
136620000.0
193295000.0
205743000.0
289349000.0
259708000.0
405374000.0
261080000.0
135896000.0
341756000.0
152542000.0
265780000.0
430719000.0
247637000.0
137957000.0
682935000.0
246016000.0
559467000.0
192509000.0
438602000.0
281806000.0
247920000.0
428760000.0
286965000.0
174268000.0
225439000.0
254324000.0
236862000.0
279077000.0
157912000.0
172065000.0
653162000.0
134919000.0
168503000.0
191280000.0
418003000.0
159283000.0
398188000.0
263928000.0
324313000.0
366172000.0
490444000.0
162830000.0
228695000.0
227365000.0
346447000.0
278134000.0
142824000.0
312231000.0
166262000.0
347792000.0
295947000.0
244980000.0
198553000.0
135207000.0
168197000.0
430670000.0
298378000.0
252196000.0
183226000.0
140925000.0
438446000.0
128727000.0
445277000.0
153422000.0
512108000.0
421860000.0
375094000.0
160938000.0
199924000.0
155004000.0
484974000.0
423114000.0
181554000.0
282234000.0
159880000.0
294044000.0
268846000.0
167789000.0
250233000.0
166974000.0
515151000.0
233191000.0
168114000.0
149361000.0
424530000.0
139770000.0
248730000.0
653017000.0
575609000.0
559414000.0
223775000.0
342900000.0
276012000.0
185911000.0
270038000.0
711288000.0
211401000.0
533796000.0
661811000.0
820724000.0
202373000.0
296007000.0
142851000.0
793496000.0
227914000.0
219820000.0
148789000.0
202128000.0
229026000.0
193972000.0
619857000.0
228167000.0
406589000.0
144630000.0
140881000.0
193206000.0
455314000.0
201913000.0
217964000.0
278925000.0
182263000.0
319298000.0
562754000.0
217559000.0
346438000.0
232680000.0
305431000.0
293933000.0
245770000.0
587805000.0
339765000.0
237301000.0
223266000.0
548186000.0
295087000.0
393102000.0
165229000.0
226888000.0
750079000.0
147612000.0
147826000.0
224878000.0
800467000.0
468245000.0
251351000.0
311104000.0
389510000.0
273674000.0
164555000.0
235609000.0
268647000.0
274877000.0
547422000.0
287092000.0
260932000.0
373038000.0
198059000.0
402237000.0
549304000.0
189250000.0
178906000.0
322554000.0
161126000.0
148096000.0
185857000.0
310638000.0
573055000.0
493357000.0
390666000.0
649526000.0
330852000.0
376698000.0
397429000.0
254684000.0
169158000.0
230002000.0
195057000.0
266525000.0
480357000.0
170776000.0
158758000.0
159795000.0
174074000.0
593851000.0
563226000.0
175530000.0
221399000.0
208485000.0
591354000.0
358008000.0
163750000.0
268013000.0
231960000.0
450636000.0
227728000.0
157732000.0
166532000.0
270290000.0
379081000.0
221142000.0
374191000.0
236555000.0
223639000.0
312796000.0
249648000.0
134526000.0
568197000.0
205317000.0
287003000.0
354589000.0
344384000.0
150564000.0
148297000.0
218605000.0
286442000.0
145328000.0
241914000.0
190738000.0
143079000.0
245433000.0
280057000.0
344215000.0
352003000.0
144380000.0
216239000.0
176287000.0
150584000.0
370789000.0
151852000.0
276467000.0
251609000.0
594475000.0
499519000.0
502073000.0
191906000.0
175696000.0
173354000.0
436413000.0
172807000.0
150012000.0
320958000.0
241290000.0
264372000.0
180461000.0
507707000.0
227397000.0
649871000.0
229827000.0
306821000.0
239733000.0
382837000.0
174807000.0
307889000.0
164466000.0
175534000.0
603946000.0
704966000.0
216187000.0
371322000.0
488047000.0
323173000.0
173783000.0
323265000.0
155224000.0
305491000.0
376984000.0
354065000.0
150081000.0
139569000.0
263453000.0
216284000.0
316743000.0
507797000.0
162307000.0
171337000.0
216988000.0
287714000.0
498864000.0
347210000.0
214436000.0
402649000.0
534260000.0
261773000.0
244350000.0
166525000.0
339113000.0
209734000.0
434884000.0
332328000.0
175674000.0
177744000.0
156206000.0
309254000.0
314517000.0
214141000.0
170245000.0
202823000.0
380702000.0
539825000.0
181438000.0
142740000.0
237447000.0
351057000.0
308408000.0
145138000.0
448327000.0
130623000.0
424583000.0
172077000.0
332971000.0
222459000.0
624230000.0
181218000.0
354348000.0
180892000.0
257401000.0
447475000.0
424053000.0
222042000.0
481875000.0
137848000.0
180896000.0
326121000.0
209548000.0
245951000.0
316221000.0
151362000.0
135177000.0
514779000.0
285952000.0
513151000.0
149724000.0
375015000.0
400851000.0
223951000.0
413592000.0
259990000.0
139455000.0
318543000.0
214919000.0
201028000.0
455040000.0
502997000.0
238284000.0
240192000.0
139524000.0
264048000.0
190407000.0
294928000.0
192319000.0
513052000.0
194643000.0
267930000.0
314481000.0
212307000.0
272265000.0
235488000.0
617000000.0
287278000.0
460635000.0
172058000.0
198893000.0
558730000.0
409958000.0
237119000.0
161788000.0
280269000.0
167348000.0
237976000.0
540404000.0
173772000.0
157268000.0
357697000.0
340087000.0
746599000.0
185430000.0
163385000.0
678155000.0
362336000.0
395880000.0
219226000.0
227489000.0
188071000.0
484150000.0
165700000.0
250895000.0
259077000.0
234568000.0
370235000.0
301599000.0
453817000.0
144599000.0
418305000.0
251521000.0
316069000.0
645144000.0
236891000.0
466770000.0
616491000.0
219879000.0
245509000.0
331961000.0
385191000.0
141033000.0
133353000.0
170557000.0
454139000.0
312709000.0
293385000.0
754656000.0
460058000.0
243745000.0
322729000.0
591414000.0
356161000.0
337771000.0
358270000.0
368203000.0
338198000.0
387572000.0
199098000.0
391904000.0
224620000.0
281308000.0
196206000.0
297639000.0
455395000.0
145816000.0
148744000.0
247710000.0
316324000.0
439760000.0
148764000.0
388848000.0
314777471.821858
312385231.320483
528672490.716983
703798471.908085
559693931.348348
434238918.261008
413334270.220465
469838915.318698
610832430.483888
270818222.06181
680795356.442295
644182222.690301
661651979.895101
638121628.54889
636200374.234085
441206031.189883
227530386.317584
570189933.176179
265486359.906514
275607435.218398
471595554.41982
360753527.948569
649539252.780611
480701679.772889
378854290.730486
353600712.57978
459551264.187005
471957530.224749
225696874.376958
500867394.115097
283825463.947204
307187340.013782
506406796.54159
238932427.173332
236750925.320367
350308909.245055
529855401.851226
496020397.56138
450109122.281839
297990743.743686
677765324.476886
355526715.280295
435466659.955894
314155276.636628
522340635.44114
463506397.189866
502200736.036627
278781522.737479
544862974.894395
412820304.965573
248336515.166638
694748751.919629
752557898.332847
426606207.897291
591181059.440888
629045483.574722
412670875.54538
455071626.99816
298978600.958611
766950260.451361
351769297.259359
496215094.451095
689283326.97545
525032198.754703
430966979.531253
328986274.885945
358400109.792964
605139823.645786
417773969.525147
692804230.811061
683917417.894085
583198214.689234
508910414.911698
414766592.794566
483310163.891713
513401231.949145
420334720.16167
268334977.083573
255539078.67515
343983059.328931
669828511.236995
480518981.552261
664297863.779313
253254804.00056
240168815.320402
516249147.185306
259116843.618693
519357333.755411
629836839.816602
301449736.99051
458850201.708686
701696062.591644
531252459.283199
530074550.772565
359433312.134034
511972995.599466
408024622.927059
651851890.741009
272807815.323907
637838960.30557
479678992.241443
628420698.755337
554324208.024251
371068299.843897
615479928.947949
634781601.400644
524974050.616207
320473625.714014
540055036.327438
346501909.459689
318929695.445367
355520813.149395
248107097.053366
670493615.329282
467677751.387947
385807558.66124
337094437.012471
251407551.736076
284855961.633865
302567807.966915
353348243.600104
291493858.840651
625330108.693795
742360140.615636
240960409.688821
356499463.539142
584261757.238315
296344077.967853
515832395.624006
433863012.041911
270408264.880522
613976580.799777
268580730.918797
476817767.135469
284357963.671722
388202513.373637
588384270.644684
447680463.792632
346174169.554039
640289053.155874
238353882.926041
352040466.364673
376228549.897844
510411225.952388
622522229.85652
496268536.943286
367110159.643126
615100730.99552
390327970.102887
502173816.22985
318008511.746612
314155406.924546
456954580.106054
642140919.491821
229850971.465361
337279822.818813
435304518.756958
623970411.225034
485578261.421311
287913504.047888
468005949.109003
472850419.083842
341438129.84268
807395588.560395
247999987.459617
449603081.666459
589527501.111364
630815678.076435
355333345.947278
531312193.605331
287788797.231114
577955707.492625
528182916.954754
559402271.463225
474717303.683723
242650427.58055
397817717.316636
601555335.729411
380072086.011659
289505159.299247
559509841.784465
597822713.451716
714205073.85781
461713358.793613
285101394.562018
624357687.321783
606213188.144398
538505982.725002
245515204.179719
540636490.395868
618600223.457925
533621569.279935
550336469.94766
593855592.838268
557197390.556937
256319434.389244
361312195.468269
387072652.501363
363949897.931421
584014564.202858
266744316.452185
733382086.356491
520363415.559523
435785538.941738
490353921.930423
612742135.306531
262230919.358539
538569117.387135
478695148.463733
478650715.797013
657289250.392857
294388933.99025
780090637.658411
355077787.25337
269342571.605388
322121802.809427
445989999.461923
252458444.574036
597740487.938861
715737139.185702
474706619.305233
547379775.420314
269612318.432938
604443849.578884
705870803.600935
272078783.335918
454816994.721507
543962930.660183
313430005.676291
509160612.000038
237632404.908448
314585506.574128
391866980.8895
545790031.492738
667792831.543535
392536489.873247
279226898.635191
825177789.785342
665125690.516601
425522140.711442
485158867.477241
529257916.550959
247561530.14881
584484064.234405
666633626.355726
321943133.891466
570712690.596816
488088300.777167
498136458.455152
352441533.696236
481074456.105907
737384885.702925
679107283.820856
488872246.32167
448239136.921467
350144705.237146
494310891.16376
307527170.205841
581811705.092766
287230492.134493
329339826.435062
333214646.574391
629343493.593103
517748667.013028
300385210.452245
273348837.690566
651818721.773487
637410578.380123
482200019.0739
481442792.788215
240524970.616267
495868329.674545
504336275.205423
601471573.031857
483798487.739686
272323368.772168
256621785.15833
455253910.316751
310558885.439499
595567341.773556
294734747.766037
238210823.22319
309525174.636678
650341657.914784
682831466.8779
320373885.239477
471481039.768851
350580700.16881
286102452.966597
522328585.921052
354001588.529128
277043488.407749
390662127.032132
751035324.49639
469133593.211445
519307187.531539
638696229.901268
235532875.602576
493014268.185406
396239792.918922
310633588.454257
443843516.778125
282328680.047522
688023157.855715
392506548.718724
225291177.880744
330840028.367281
242831945.244381
614764627.451815
503075302.042606
283581472.564466
487088544.602076
407600971.364661
308326059.592125
603608886.26761
500935600.827265
255961225.752308
560668724.493228
369360868.912123
295254411.117764
328950464.141718
321341274.147799
782852562.128099
521986818.848484
626394597.405012
637890392.645287
333062500.308037
582365198.36305
397413302.21939
652423055.232619
315646508.627907
624888858.620077
242710301.008537
373754982.94123
460823432.407513
238285127.057534
391728847.356164
324508598.786211
605232693.44101
455646517.892246
599128175.010896
392040671.041784
291323188.360927
785485557.628199
340238697.635341
228732565.806612
285552477.241916
506503344.451207
212315498.025331
284056970.566676
410279153.125767
426210376.779967
307623253.857489
322081164.071421
347553192.472116
261499745.266557
602720160.393446
225530896.560329
227827072.543416
443011893.927937
645767351.804127
434178666.600103
504026714.070099
296927289.394591
653271501.141144
531481594.921639
656144827.97833
365755806.482916
331585012.964272
566468906.201202
508348474.153468
377615676.787598
343927474.970991
572432200.250158
741555124.632885
371344959.162136
509848508.819523
666810925.64401
334804758.793616
312038609.520561
484918637.788796
422922390.262467
525082841.918187
319833488.410816
682453491.058996
690251027.774716
585046941.331737
550177365.791789
681387922.518697
583086626.675342
603024672.295141
341889650.195238
636543154.917879
631251448.608743
346457650.673987
474292471.103993
652456746.140208
290528616.14239
407674660.247857
374207571.072619
311686797.288595
429065695.714736
275471004.786547
281629320.801284
347827663.175044
631460088.895548
483139873.580301
318980361.381386
536720513.594356
341500716.078732
358772093.614646
535616946.086602
654097374.205037
403509581.58318
279449003.169645
573306084.913033
334479514.616393
447266389.396994
254091195.912142
598403782.926105
425441484.167532
605824118.921403
530131544.719313
408577572.36712
665810163.485511
549939815.610222
354724034.542516
335487556.596782
279320247.897416
326460326.597048
546784991.658155
465960149.895718
439082141.412386
467543280.939606
376736276.76139
375260647.277881
681194808.90196
521584399.682646
608091841.912209
325835959.493639
434223037.475139
604492697.217881
395640014.644985
673444334.781038
290003190.80972
235247990.872194
471846883.996685
239359545.917933
409596139.400853
282741770.402242
632755927.574618
321301246.127559
533650457.619931
468447193.474577
440660265.188883
543560084.629647
297291566.658395
241071313.746258
259880344.274352
505876117.207382
352598293.826145
698654211.116654
550284300.598661
278629687.221278
267570323.312857
442261208.559458
502097397.30732
514157828.513969
224972451.962711
514108387.791077
280481937.349846
312757791.369999
575810686.15421
752795049.97243
459531009.871167
327791389.159982
629783420.799209
301938967.328687
867370735.343704
499490849.937212
706354803.666666
307451854.852675
683465693.347485
545715947.681027
504278151.388448
481897452.791373
636057662.988487
590324334.751579
571925620.190687
314994042.839611
501439316.570187
661799477.644273
361770713.938995
327045093.573027
618142429.300607
493770209.627163
494976198.981073
234960165.1404
625506552.755376
253661579.057048
617391887.096974
561760880.632289
551596533.399402
297154078.359706
572951629.847556
508389458.417261
488157557.753388
616433910.069662
463549076.024228
263172259.754868
509225587.458322
244582478.315272
444174421.588088
562053252.876796
251569689.850823
582631887.85376
262401142.344281
766714205.997432
719917597.050208
686359973.397563
438194898.699432
287259853.276041
390435349.149087
400989738.348671
434909211.925433
467893187.052688
520395391.625339
230790077.81048
391355908.967732
509732182.303803
626354980.046479
606645197.397563
459046113.653721
385052169.661025
550801397.131829
325755091.651309
482664203.638947
445504458.447643
499326888.029445
656216307.684259
488950870.595968
312914985.360461
410535075.555615
240172599.98474
666513154.395668
342378504.819997
334168931.231702
526299988.740169
647083156.809056
816074921.092114
451071871.479056
503428073.381567
252210765.758177
411336550.889387
377358955.58582
685687143.954356
467994856.942562
329293009.321881
275314892.053223
509587650.085265
535748190.69845
696161465.055285
506652068.644978
284436312.375014
593907357.605477
456097982.380924
433223545.486169
248266265.748538
253744111.267458
531359080.640159
606848112.070094
680638289.511017
277069404.327901
467274516.32144
645759503.068706
228905178.927162
522359186.384069
701527611.950065
618868277.2111
422283274.918936
841761587.536097
550315157.97072
345565089.912751
429350899.721771
325677302.043329
285541804.301716
612073212.875144
706556093.556538
626782037.260686
453368506.358952
499410388.806985
524462032.641778
273010088.005523
272903498.367174
518327258.729553
494744333.116661
831185838.791517
468079633.851623
470835196.20145
509684554.989472
709967411.414499
295597825.177478
308841298.941847
529258379.58594
669545388.532759
646943181.139979
333269288.211973
233441384.152601
601065875.385944
521394632.770316
664266390.026983
525257232.539673
381637495.877936
296412465.072969
372623172.99302
659861932.330922
293007359.15186
566844854.71284
506277009.960417
382475934.213716
544943235.781157
332276323.599067
647836431.127518
586258667.830312
480457695.09489
494716153.972482
666670969.869012
492844325.312796
643255922.59479
375722186.498817
340840727.123695
323063723.974434
309331103.63658
234432385.024412
255070048.29056
426375174.563648
696648517.279314
709108125.277202
407188936.760645
595676567.82457
413080256.601032
655378825.714228
562887466.684296
470442095.394202
598196195.854374
240721226.975112
350959524.503854
266865582.591848
332651337.007419
225659952.114914
700293470.377747
499642849.043335
277190004.476679
376136467.86087
348118448.160246
359499233.857691
575067621.844632
306518538.424838
490457223.1133
493690570.359341
273216958.432358
389399149.572707
541000653.001215
354282463.339667
379068457.598721
833761149.878216
516719815.605004
622375231.875792
349798129.918795
398159656.909278
555712966.195341
560834183.899877
395049692.432865
527746162.494903
482835621.926941
537740372.522424
366442402.577408
590572666.689747
642089101.9305
413666467.140348
422584409.61399
462599124.167437
332482317.115174
508416677.164526
507129710.088181
469503819.147997
240910816.663261
609580687.336573
356296295.392893
490665772.316459
683526142.294045
534619865.539922
289247203.999602
289384781.268778
485791097.417383
779437048.413504
625425557.329372
270598925.435641
526237046.917136
356651757.779358
290744056.2133
673868729.248325
517094525.064272
259544666.000441
387251104.505141
227322287.55595
410869656.532462
509069721.27583
391646036.752144
649524894.56594
277678750.372373
296576475.371905
703327251.525578
283863252.382
232152195.482856
546224811.764435
601330336.708352
534293050.524401
743915491.497335
542142802.540781
271097360.15074
637643297.772092
553437607.142679
318667750.966751
762622470.019029
422973010.294284
511954142.313554
292615853.794129
466714203.972809
229274417.299516
461118359.13164
297821640.46805
365186671.46798
336167824.793642
697837568.62625
835735008.233769
294809735.383092
305047844.247856
321828679.437074
276944924.146499
524500041.059153
250953456.849984
502203816.086813
274932244.473997
747863310.661842
321706168.827695
409979653.485319
433526345.420392
339717000.140846
357858344.577941
364005144.147717
424281115.588354
538515676.58856
391176196.500864
367765263.920617
665266152.381077
226811047.333883
277447332.233801
260531099.976279
712356939.711832
266505212.54575
501441425.252109
530340159.190393
632043264.82452
480882414.920375
438890965.167005
303494412.392367
272957199.573466
263080585.881189
650753812.752513
614869725.001128
226597371.534707
815904076.699051
255698883.664406
617702774.107246
310829677.696795
300239209.437291
490626653.628093
409672602.059139
537644307.898838
625295863.836884
392130452.223497
264355009.571948
551958703.857715
339880085.900335
583039468.657703
642756150.088495
308906439.19872
300748936.687021
383372422.833764
500019002.601012
231709153.154269
230250978.958666
629392538.937216
408348120.555352
612343745.299314
441983756.149803
337630295.764282
341226588.084523
344931229.93986
253643061.704047
523375019.931083
388729716.028065
702162920.952097
242699578.468427
432096739.391481
293660530.279838
593987545.297428
429770267.962718
348453096.187723
349773038.549344
571687155.643856
377081376.545122
565388112.220422
601437573.995092
571169286.416594
610345593.989342
305831568.125394
289719998.203931
240655664.992726
529285213.300372
800529602.769056
386941924.475777
432117183.602262
645699579.286908
743307045.271161
642868803.656654
493241483.164438
631294472.85482
478561943.979696
581788411.769394
635277981.653105
307473569.466275
477462113.30046
468470643.25505
280539086.613016
514852395.4177
576748701.288892
343174025.941372
230822499.095117
540900605.620925
538749066.351514
284003665.661835
347248892.12575
296708665.842782
264021450.696138
317494527.094871
783332563.691855
554986337.981379
556741187.697102
505953825.960405
529399742.549942
260162406.235223
314539049.218801
679091716.648172
234751159.526972
521161423.629994
236339651.369612
561746992.048545
602637373.90878
480828100.943234
239070938.208518
251752545.169955
634192969.729805
654486541.150949
502409956.13994
502498310.171813
561072645.644102
301865280.433849
293774822.167665
474398735.677376
327376220.754766
224554548.438722
320164378.324914
423755527.869967
654617115.542259
590867447.535721
375513294.358537
241636735.189499
308389487.577153
455329710.875037
616702387.256187
657975720.988732
721856061.439764
569064840.607478
342389394.233704
403676664.856038
469567182.850642
273914139.986982
581645784.255453
548467755.745087
632223598.430351
426172017.578716
224937919.939902
340890402.813027
598225659.576204
776669433.614883
445026668.434866
318995638.579112
678729748.592622
554445375.043688
319294743.538198
507248508.265873
256845305.583393
300007755.808478
543034254.996027
435135815.601282
336736049.456153
350412718.168563
593096126.108858
273999106.211191
507684655.370082
555614884.650505
532077219.952865
288462335.951473
239691093.255693
757421139.541827
544599676.675829
278062495.367305
293163966.519516
428634050.474022
270752708.155695
266855236.110099
370390039.380118
571867596.427463
327067561.021573
243117728.186991
454132704.455969
773699397.390837
318387015.123477
581082269.243878
234096822.965133
599582949.813983
236453596.84288
574632297.716822
333532339.406258
477055260.886119
513084544.454401
302033476.524109
668351223.094633
385331906.432864
431772448.416787
238869269.365734
856740266.073308
673105532.12532
635721804.849336
556579391.721882
564687891.690473
245140547.103629
589480184.053949
254691919.987376
589819972.128762
513101804.47262
451431922.964808
314101353.726685
286136847.930813
331879882.756338
478667041.995938
671847381.658357
277242672.168195
547490923.251703
736702756.847245
386224675.979272
343379613.566715
374679580.101845
565273987.433252
277397633.905469
299079118.650586
701180275.280657
444285564.926984
293771372.058693
348007629.952909
338779037.219271
295035105.235216
284910962.124003
384705243.401532
709511270.753389
261116324.678575
301127574.504212
363954097.775896
625434487.700332
651552337.666186
298787982.889172
649701845.275333
628529326.425854
321078919.704202
525069347.976372
679926983.3894
597698233.625142
573984066.135931
478436730.015824
631286291.226225
334810617.990954
492030539.101562
476616911.965462
507532395.485945
601928620.899358
679183348.103132
230729574.835621
651057487.593339
