1.00538
1.01479
1.07924
1.0005
1.09344
1.00431
1.05467
1.04622
1.00959
1.01741
1.00026
1.09269
1.0066
1.02038
1.01012
1.00296
1.00412
1.02618
1.02145
1.01211
1.02352
1.06689
1.01332
1.00692
1.00152
1.02487
1.0013
1.01779
1.00334
1.00769
1.02082
1.02613
1.06588
1.00818
1.00865
1.06902
1.04517
1.04582
1.01567
1.00337
1.00039
1.01887
1.00237
1.01691
1.04429
1.13933
1.00645
1.00103
1.00627
1.04218
1.00906
1.0165
1.06926
1.00303
1.00917
1.01178
1.00148
1.03267
1.01431
1.01811
1.00494
1.01272
1.00476
1.0034
1.00579
1.00996
1.01384
1.02956
1.00738
1.0256
1.00028
1.00658
1.00406
1.00677
1.0122
1.0743
1.02051
1.03518
1.0339
1.00141
1.00201
1.00404
1.00595
1.00284
1.00713
1.02227
1.00123
1.00877
1.08652
1.01303
1.00526
1.02646
1.08696
1.08034
1.00809
1.00444
1.00651
1.02648
1.0068
1.00322
1.00177
1.00301
1.01603
1.00482
1.10359
1.01318
1.01522
1.00377
1.00509
1.01574
1.0007
1.00127
1.00239
1.01813
1.01365
1.01109
1.00294
1.00227
1.08687
1.05598
1.08423
1.00409
1.03571
1.00453
1.02382
1.01524
1.00792
1.01362
1.00425
1.00305
1.00739
1.00318
1.01619
1.00743
1.01442
1.0558
1.09995
1.00096
1.01161
1.00901
1.01121
1.05223
1.04646
1.00504
1.08695
1.01491
1.0045
1.01115
1.01858
1.01623
1.0424
1.01499
1.02249
0.999991
1.00255
1.01821
1.00344
1.03943
1.03292
1.01456
1.00146
1.05522
1.00403
1.00587
1.01007
1.00111
1.00117
1.00259
1.01911
1.00202
1.04534
1.05376
1.00103
1.02197
1.00144
1.01275
1.0073
1.00382
1.00443
1.0072
1.00793
1.05001
1.07423
1.03878
1.03986
1.05609
1.00881
1.01106
1.00424
1.00733
1.002
1.00998
1.0208
1.00335
1.00438
1.03097
1.00763
1.04074
1.0414
1.00795
1.00452
1.00338
1.00095
1.03649
1.0017
1.07515
1.00198
1.01892
1.03055
1.0097
1.02281
1.04959
1.03175
1.00262
1.00214
1.00427
1.00729
1.03967
1.0089
1.06525
1.05687
1.02021
1.01738
1.0003
1.00063
1.00046
1.0014
1.00353
1.00607
1.01537
1.00268
1.00281
1.00965
1.00928
1.00423
1.01935
1.01703
1.0029
1.01829
1.00609
1.05644
1.02649
1.02507
1.01572
1.00088
1.00643
1.00011
1.00416
1.01009
1.00833
1.02784
1.01022
1.0239
1.02972
1.00983
1.04853
1.01153
1.03271
1.00369
1.01904
1.01041
1.0013
1.00893
1.00989
1.085
1.08107
1.00458
1.00193
1.00483
1.0278
1.0585
1.05933
1.01309
1.00256
1.01235
1.00655
1.01012
1.10432
1.00695
1.01451
1.00357
1.0197
1.07812
1.04891
1.00501
1.02665
1.01105
1.00772
1.01367
1.00384
1.0015
1.01036
1.00117
1.00459
1.04145
1.01358
1.00568
1.04497
1.0098
1.01419
1.02762
1.0797
1.02636
1.00427
1.00507
1.02588
1.00835
1.00886
1.01413
1.01616
1.00046
1.0036
1.00536
1.00729
1.00349
1.04501
1.00142
1.02064
1.01678
1.00836
1.05106
1.00533
1.00899
1.00477
1.0061
1.01273
1.03254
1.01062
1.00734
1.02084
1.01015
1.00518
1.04257
1.02535
1.01448
1.03185
1.01217
1.01169
1.0551
1.00678
1.02205
1.0085
1.02494
1.02562
1.01592
1.02299
1.02742
1.00191
1.00179
1.0096
1.00164
1.01088
1.01085
1.08204
1.00381
1.00686
1.0066
1.01198
1.01654
1.07667
1.01322
1.01071
1.00357
1.05005
1.06587
1.01555
1.01045
1.10825
1.00053
1.08246
1.00383
1.00751
1.01849
1.00837
1.01386
1.04368
1.06988
1.04889
1.05416
1.06017
1.00147
1.00532
1.00114
1.00925
1.00847
1.03484
1.04635
1.01694
1.00111
1.0119
1.00279
1.0033
1.0033
1.05061
1.00415
1.00507
1.03325
1.00215
1.01506
1.0369
1.00719
1.00223
1.0191
1.04927
1.02626
1.01666
1.00275
1.03944
1.00246
1.00194
1.01148
1.02313
1.01514
1.01665
1.00313
1.00649
1.01399
1.0068
1.0047
1.00943
1.00185
1.00408
1.00832
1.01264
1.06061
1.04522
1.00897
1.03024
1.03979
1.04448
1.01344
1.01795
1.0061
1.13474
1.00521
1.06629
1.03541
1.00617
1.00332
1.03735
1.00484
1.01024
1.01322
1.00729
1.0053
1.04003
1.00803
1.00308
1.00283
1.02867
1.03395
1.06745
1.01607
1.04235
1.0862
1.00549
1.00861
1.04011
1.00293
1.01362
1.086
1.04283
1.00578
1.109
1.04467
1.00422
1.05752
1.01311
1.054
1.04355
1.00669
1.09524
1.00206
1.00144
1.00632
1.01431
1.05606
1.01252
1.01004
1.09564
1.00652
1.03655
1.0081
1.00565
1.02923
1.02804
1.01169
1.01105
1.01148
1.00738
1.00813
1.04231
1.00608
1.00541
1.0022
1.00192
1.03947
1.00806
1.00664
1.02017
1.01128
1.00699
1.01308
1.00028
1.0056
1.0038
1.00853
1.02591
1.01707
1.07706
1.01872
1.0302
1.01116
1.02617
1.00237
1.02839
1.01036
1.00233
1.00453
1.07702
1.005
1.01233
1.07417
1.00952
1.04752
1.0082
1.02359
1.0047
1.00629
1.00337
1.06919
1.00168
1.16248
1.0042
1.00949
1.00071
1.00769
1.02299
1.00358
1.01628
1.01298
1.05297
1.00591
1.00644
1.00291
1.01866
1.01075
1.05042
1.00561
1.00283
1.01213
1.03801
1.00918
1.01959
1.00129
1.07036
1.00122
1.08768
1.00963
1.01551
1.19242
1.01489
1.00373
1.00803
1.00107
1.01187
1.00517
1.00565
1.00976
1.00196
1.00455
1.00264
1.02491
1.01736
1.01163
1.01366
1.01178
1.00541
1.00229
1.03821
1.00822
1.00713
1.0286
1.04555
1.00664
1.00059
1.01446
1.00288
1.0112
1.00943
1.0101
1.02553
1.01493
1.00626
1.0078
1.08593
1.01443
1.13385
1.0072
1.00505
1.16385
1.00127
1.00271
1.03641
1.00613
1.00105
1.05153
1.1293
1.01263
1.10034
1.01492
1.00396
1.00189
1.0107
1.02287
1.09405
1.0063
1.01235
1.0009
1.00227
1.00837
1.00154
1.003
1.00041
1.00392
1.0098
1.00192
1.00391
1.01379
1.01589
1.04267
1.05146
1.0438
1.00442
1.0013
1.00315
1.11376
1.01592
1.00444
1.03385
1.00714
1.00576
1.02928
1.00668
1.00393
1.01814
1.00817
1.00172
1.00147
1.00511
1.04362
1.01621
1.05091
1.00312
1.00365
1.00177
1.00349
1.02088
1.03023
1.00077
1.00332
1.05793
1.00825
1.03145
1.00365
1.02031
1.00824
1.01118
1.01298
1.00931
1.03027
1.0039
1.05468
1.00924
1.00326
1.02724
1.003
1.08406
1.01978
1.01384
1.01634
1.02575
1.02064
1.01773
1.01368
1.00399
1.06481
1.05006
1.04186
1.00456
1.00799
1.01816
1.01263
1.00783
1.04674
1.06434
1.00526
1.01568
1.00853
1.01295
1.02608
1.00052
1.01592
1.01527
1.00352
1.02245
1.01763
1.02098
1.01773
1.0064
1.0472
1.00399
1.01465
1.00964
1.00497
1.00338
1.04555
1.00248
1.00466
1.00296
1.00817
1.01186
1.01191
1.00432
1.0086
1.01445
1.04698
1.00423
1.00287
1.01889
1.03979
1.00504
1.00798
1.00544
1.01635
1.00388
1.00815
1.03088
1.08666
1.01144
1.0393
1.00061
1.0017
1.00469
1.00573
1.0026
1.02429
1.00679
1.00511
1.02197
1.00298
1.03269
1.00512
1.00355
1.01162
1.04231
1.10853
1.01582
1.00066
1.00605
1.02027
1.03024
1.00058
1.03113
1.07544
1.00996
1.01951
1.00071
1.00028
1.00725
1.05942
1.00742
1.01421
1.0104
1.00935
1.00792
1.01825
1.01714
1.0153
1.00729
1.16454
1.04974
1.00819
1.02723
1.00529
1.00688
1.03931
1.00188
1.00725
1.09581
1.01146
0.999524
1.01256
1.00333
1.00846
1.00531
1.01779
1.03367
1.00288
1.00309
1.01938
1.10713
1.00215
1.04218
1.02884
1.00027
1.00806
1.05546
1.00122
1.06181
1.00159
1.00553
1.00708
1.00317
1.02937
1.03725
1.01005
1.0086
1.0064
1.01238
1.11467
1.01893
1.01705
1.00167
1.00404
1.03436
1.00422
1.00326
1.02445
1.03375
1.00207
1.00128
1.01074
1.08621
1.00262
1.01718
1.00364
1.00775
1.0065
1.06028
1.0113
1.12162
1.00606
1.00212
1.00309
1.00202
1.02783
1.0178
1.02008
1.00138
1.0371
1.03534
1.02085
1.00348
1.00573
1.00592
1.00179
1.00104
1.0356
0.999647
1.00156
1.00486
1.00911
1.05139
1.10145
1.00507
1.00176
1.0034
1.01299
1.0467
1.00183
1.0022
1.03384
1.05441
1.0798
1.01633
1.01033
1.02739
1.02461
1.01854
1.00529
1.00918
1.03649
1.00079
1.001
1.01224
1.05261
1.0071
1.00267
1.07179
1.01529
1.01113
1.0022
1.00328
1.04471
1.02138
1.00583
1.00265
1.08101
1.0158
1.03608
1.00454
1.01821
1.06754
1.09777
1.08682
1.01646
1.0164
1.00013
1.01489
1.00126
1.03834
1.00623
1.02353
1.01788
1.00218
1.04049
1.00043
1.02784
1.01933
1.04234
1.01165
1.0287
1.00465
1.01522
1.00332
1.00505
1.00236
1.01381
1.00805
1.00088
1.0041
1.00673
1.01205
1.00019
1.00284
1.00731
1.00104
1.00716
1.00727
1.00832
1.01882
1.02644
1.00703
1.04012
1.04162
1.03241
1.00684
1.00778
1.00859
1.03772
1.01139
1.02005
1.01148
0.999629
1.08279
0.999002
1.0077
1.009
1.03516
1.02366
1.03943
1.02152
1.12982
1.00241
1.00602
1.00831
1.05311
1.00854
1.00417
1.00153
1.0044
1.05896
1.00134
1.01521
1.00399
1.00779
1.00888
1.01983
1.01601
1.01571
1.01193
1.02393
1.01331
1.026
1.01506
1.0162
1.01096
1.00207
1.0073
1.00856
1.0004
1.04853
1.05896
1.00366
1.00181
1.03523
1.00285
1.01996
1.06168
1.78227
1.50782
2.03503
1.04535
1.50689
1.98689
1.41076
1.71177
1.19124
1.17974
1.0505
1.4852
1.98083
1.59386
1.13604
1.26986
1.79767
1.10615
1.57755
1.12235
1.12274
1.81983
2.04431
1.17983
1.02372
2.4948
1.24588
1.27933
1.30939
1.61104
2.19347
1.3145
1.4176
1.14139
2.18974
1.45846
1.50472
1.35995
1.27969
1.63878
1.08718
2.11647
1.13288
1.29802
1.53334
1.55226
1.11528
1.03538
1.17563
1.41085
1.21718
1.40347
1.71171
1.15978
1.19428
1.6572
1.06074
1.58155
1.83199
1.78461
1.23047
1.51905
1.10575
1.11067
1.60978
1.16776
1.27739
1.41182
1.30052
1.48181
1.44202
1.28475
1.10875
1.59249
1.34388
1.46463
1.85591
1.3529
1.05824
1.38025
1.01361
1.59165
1.67675
1.16044
1.37741
1.47923
1.27474
2.48277
1.17387
1.36946
1.24198
2.24112
1.79933
1.97336
1.31521
1.59458
1.33296
1.74172
1.51114
1.20172
1.68734
1.06407
1.6191
1.31404
1.73987
1.60793
1.19604
1.1669
1.2184
1.79765
1.0553
1.35119
1.09936
1.49014
1.40099
1.13685
1.29456
1.42794
1.37237
1.7964
1.96589
1.73551
1.51118
1.13801
2.05311
1.08763
1.5496
1.55313
1.4688
1.25131
1.07267
1.0854
1.18549
1.1289
1.92556
1.27157
1.36273
1.03537
2.04428
1.59298
1.34642
1.78088
1.84783
1.98732
1.50004
1.70612
1.13162
1.22125
1.26602
1.58382
1.4175
1.14863
1.35953
1.43681
1.11745
1.23259
1.07195
1.8773
1.29145
1.28969
1.507
1.19055
1.31873
1.06142
1.27179
1.01219
1.32653
1.23498
1.79911
1.20932
1.3683
1.17283
1.58721
1.75151
1.43279
1.59811
1.42697
2.32312
1.16292
1.1415
1.1802
1.46494
1.46465
1.53714
1.74086
1.58702
1.36279
1.4595
1.36478
1.52126
1.80324
1.39945
1.34888
1.6446
1.34006
1.82883
1.05333
1.428
1.12626
1.98648
1.80962
1.10035
1.32444
1.64796
1.57264
1.30041
1.2015
1.1783
1.2491
1.15248
1.5094
1.26249
1.21669
1.02505
1.05602
1.14436
1.09154
1.83075
1.77472
1.37942
1.18187
1.71033
1.54977
1.01525
1.84076
1.03544
1.01451
1.79767
1.22571
1.13374
1.0661
1.85747
1.74261
2.35068
1.37854
1.09944
1.31274
1.06924
1.13297
1.25787
1.19799
1.25772
2.52047
2.10035
1.98581
1.39912
1.02331
1.23061
1.41125
1.20344
1.92836
2.18655
1.77737
1.47931
1.5776
2.00642
1.19523
1.22589
1.16615
1.30178
1.17839
1.30646
1.30589
1.32471
1.5828
1.97524
1.58097
1.04855
1.07662
1.13756
1.4008
1.60884
1.13946
1.09456
2.30641
1.36467
1.06719
1.26599
1.28918
1.31343
1.1653
1.25909
1.56199
1.47087
1.42322
1.23522
2.40347
1.55026
1.28754
1.06079
1.47457
1.14273
1.01987
1.96473
1.42687
1.12151
1.25988
1.76604
2.19399
1.54733
1.52096
1.45329
1.32979
1.98512
1.348
1.45053
1.37907
2.51156
1.14803
1.25283
1.6356
1.38605
1.22058
1.89628
2.4347
1.284
1.35364
1.29416
1.93236
2.03402
1.53266
1.09092
1.15925
1.13489
1.76018
1.08832
2.04238
1.8476
1.18007
2.55447
1.15885
1.4148
2.18581
1.14118
2.24435
1.17541
1.2666
1.72986
1.28862
1.10352
1.1335
1.20374
1.23416
1.32128
2.42965
1.0992
1.27859
1.02614
1.34859
2.45355
1.37942
1.19728
1.15055
1.42684
2.15504
1.08262
1.2634
1.36136
1.50556
1.79088
1.24136
1.83058
1.33092
1.71138
1.3703
1.35791
1.24421
2.14215
1.04875
1.27166
1.80486
1.25236
1.45988
1.36652
1.10587
1.15837
1.15988
1.41486
1.11646
1.34185
1.40655
2.09947
1.03638
1.42966
1.3204
1.59023
2.82226
2.23921
1.02432
1.93964
1.07598
1.8684
1.27793
1.48513
1.30267
1.04753
1.26471
1.26224
1.29359
1.24215
1.55442
1.06303
1.32312
1.44544
1.11589
1.45156
1.34634
1.28521
2.4875
1.14451
1.57289
1.73462
2.15411
1.53661
1.23444
1.11453
1.754
1.1247
1.28955
1.15198
1.29959
1.11636
1.49851
1.7563
1.61139
1.25933
1.45969
1.17765
1.74863
1.70447
1.74977
1.66581
1.23557
1.55019
1.38746
1.54377
1.42784
1.11806
1.12103
2.27526
1.78716
1.14017
1.84591
1.61532
1.25188
2.08602
1.17025
1.07824
1.07016
1.17865
1.27061
1.25834
2.4862
1.94524
1.5961
1.28937
1.75093
1.20109
1.37859
1.37875
1.29551
1.4705
1.68713
1.15429
1.61643
1.18001
1.82776
1.19025
1.29672
1.44875
1.35888
1.66652
1.55888
1.17202
1.43697
1.23626
1.45963
1.57579
1.24822
2.40931
1.0866
1.29551
1.10227
1.69407
1.48189
1.07233
2.1077
1.34691
1.22278
1.10355
1.81595
1.95831
1.12967
1.05584
1.41131
1.05401
1.50766
1.34938
1.82206
2.13924
1.47982
1.03031
1.65477
1.48971
1.06461
1.38059
1.21779
1.27166
1.55543
1.30181
1.94423
1.2986
1.04842
1.08531
1.66047
1.39702
2.00794
1.15869
1.62442
1.57167
1.12122
1.56963
1.19671
1.08376
1.26378
1.42101
1.17905
1.07431
1.08135
1.2224
1.30307
1.58577
1.57641
1.58186
1.2552
1.07879
1.48346
2.13941
1.27662
1.19024
1.38985
1.35002
1.48081
1.08827
1.58718
1.26704
1.51833
1.45724
1.57054
1.15625
1.78177
1.37626
1.19607
1.58371
1.00954
1.88874
1.00989
1.38353
1.39336
1.08851
1.7332
1.29036
1.20296
1.60711
1.86025
1.16235
1.07713
1.3225
1.49396
1.38301
1.62323
1.41398
1.55485
1.07771
1.39616
1.11363
1.56799
1.82555
1.45556
1.40914
1.10211
1.0473
1.53013
1.60067
1.60389
1.4367
1.5547
1.56429
1.32927
1.59491
2.00102
1.49314
1.55804
1.70255
1.49836
1.37382
1.56551
1.47084
1.40533
1.69757
1.88999
1.09342
1.09534
1.33815
1.64928
1.30208
1.74587
1.47267
1.3139
1.5139
1.11914
1.22423
1.2647
1.76118
1.78086
1.69084
1.20454
1.12396
1.02013
1.04112
1.71485
1.1426
1.05527
1.10346
1.32809
1.34023
1.31121
1.25355
1.26029
1.21584
1.30831
1.3094
1.32018
1.62041
1.12199
1.31581
1.99386
1.51933
2.1558
1.23812
2.6142
1.19611
2.15344
1.20431
1.36045
1.438
1.71507
1.0534
1.05041
2.53935
1.66249
1.42831
1.20941
1.57879
1.5091
1.38275
1.45397
1.59758
1.5664
1.14761
1.59045
1.2415
1.47198
1.56276
1.24267
1.58228
1.40696
1.86584
1.04992
1.94596
1.15771
1.17942
1.49284
1.26528
1.19407
1.83359
2.05307
1.86141
1.12513
1.49547
1.62078
1.41448
1.34635
1.7448
1.98301
2.02214
1.44757
1.4945
1.57238
1.40881
1.07595
1.34308
1.37491
1.32929
1.32123
1.34141
1.67126
1.2062
1.85177
2.00463
1.28371
1.01545
1.30097
1.63555
1.49888
1.25963
1.62595
1.27268
1.6286
1.0767
1.45855
1.19671
1.60537
1.4669
1.28373
1.10096
1.72697
1.08484
1.09033
1.45158
1.58209
1.44166
1.26017
1.28328
1.90316
1.48812
1.68886
1.95362
1.25809
1.52436
1.3824
2.13687
1.22776
1.08407
1.59467
1.11017
1.28849
1.45912
1.57178
1.1364
1.25582
1.20234
1.62365
1.09577
1.32102
1.35398
1.23965
1.08011
1.87899
1.65364
1.23819
1.21048
1.59354
2.30713
1.09113
1.3963
1.45389
1.24889
2.04559
1.19387
1.46908
1.29124
1.0141
1.19685
1.33595
1.47226
1.51877
1.03286
1.44214
1.66168
2.46143
1.10754
1.13069
2.01459
1.09619
1.48876
1.34208
1.28142
1.08173
1.79832
1.53011
2.54521
1.07396
1.64796
1.33106
1.18555
1.52952
1.07982
1.59033
1.93857
1.20487
1.21486
1.12545
1.25971
1.29303
1.46625
2.18406
1.53331
1.32654
1.08699
1.72695
1.56774
1.05491
1.38721
1.2883
1.10584
1.63127
1.43067
1.24322
1.17179
1.30526
1.82739
1.10845
1.03098
1.25492
1.5628
1.72357
2.04811
1.42509
1.26414
1.56785
1.28225
2.25338
1.42974
2.01936
1.31062
1.13752
1.74644
1.2957
1.42267
1.21255
1.13816
1.26151
1.48114
1.21452
1.08783
1.03288
1.37305
1.61909
1.55769
1.23078
1.85196
1.42124
1.83373
1.63962
1.51169
2.0675
1.61179
1.55475
1.33652
1.28112
1.36721
1.18275
1.16355
1.55657
2.12568
1.28433
1.03047
1.97775
1.08573
1.20611
2.32706
1.35885
1.76994
1.65667
1.28645
1.03156
2.11903
1.32171
1.27867
1.02626
1.48552
1.37076
1.51519
1.46611
1.31346
1.81673
2.18145
1.66104
1.23452
1.3086
1.42916
1.21437
1.73393
1.17694
1.30589
1.72428
1.06923
1.03974
1.27866
1.20057
1.22452
1.39263
1.65966
1.5615
1.80926
2.02413
1.07247
1.45834
1.92622
2.04411
1.80196
1.82832
1.50964
1.55115
1.32606
1.41096
1.87099
1.02867
1.47131
1.38856
1.44736
1.38421
1.41619
1.36654
1.70533
1.4271
1.0179
1.29357
2.01142
1.11723
1.64003
1.11077
1.13711
1.43023
1.37671
1.11585
1.7379
1.2971
1.30716
1.31652
1.26491
1.38574
1.11307
1.00573
1.05725
1.58475
1.57626
1.79684
1.61591
1.31626
1.74828
1.3759
1.2023
1.09709
1.96293
1.23766
1.72919
1.33895
1.23956
1.7889
1.2707
1.28137
1.33888
2.02868
1.52378
1.63292
1.37864
1.19533
1.25036
2.46867
1.24189
1.51927
1.5847
1.41578
2.29231
1.36955
1.23742
1.32359
1.22784
1.39328
1.75719
1.34709
1.20216
1.1325
1.05633
1.10302
1.53816
1.72108
1.59379
1.55941
1.57161
1.33108
1.13358
1.23225
1.13248
1.24929
2.00888
1.11799
1.02405
1.2929
1.21369
1.61384
1.73097
1.4059
1.28208
1.85635
1.54093
1.58203
1.1881
273204000.0
381082000.0
209393000.0
801425000.0
256427000.0
148831000.0
404287000.0
286509000.0
496979000.0
475851000.0
700353000.0
192263000.0
207113000.0
274034000.0
592661000.0
453881000.0
180328000.0
416592000.0
227883000.0
537258000.0
528508000.0
208064000.0
180927000.0
403778000.0
803118000.0
185707000.0
432602000.0
393290000.0
524163000.0
240800000.0
157440000.0
498805000.0
232772000.0
496402000.0
151315000.0
319928000.0
327473000.0
225703000.0
375364000.0
351261000.0
690269000.0
157208000.0
512897000.0
543276000.0
270221000.0
312406000.0
582311000.0
701745000.0
488399000.0
320690000.0
461632000.0
230867000.0
287973000.0
638571000.0
508506000.0
293061000.0
703260000.0
222681000.0
236710000.0
213899000.0
418592000.0
267282000.0
675819000.0
624909000.0
281515000.0
355773000.0
404178000.0
488127000.0
307048000.0
385475000.0
193931000.0
377842000.0
530658000.0
335292000.0
463277000.0
252180000.0
226324000.0
363734000.0
544028000.0
212956000.0
783528000.0
285997000.0
199334000.0
516624000.0
489483000.0
232562000.0
303289000.0
195651000.0
346281000.0
339902000.0
576426000.0
216498000.0
280667000.0
170591000.0
381458000.0
347873000.0
307009000.0
277517000.0
392627000.0
618682000.0
232692000.0
725702000.0
237350000.0
289430000.0
147180000.0
300662000.0
443709000.0
456217000.0
591232000.0
232211000.0
779156000.0
267810000.0
585802000.0
177540000.0
265738000.0
524619000.0
512707000.0
347585000.0
269000000.0
217739000.0
167802000.0
169269000.0
186435000.0
630426000.0
233623000.0
489610000.0
199798000.0
373490000.0
340802000.0
578453000.0
647414000.0
663139000.0
518000000.0
638586000.0
175781000.0
341317000.0
329058000.0
661405000.0
160831000.0
341637000.0
428200000.0
187900000.0
219116000.0
170052000.0
317504000.0
378993000.0
713490000.0
637337000.0
288924000.0
154502000.0
360841000.0
471521000.0
293938000.0
197289000.0
474059000.0
481620000.0
607146000.0
229553000.0
350423000.0
417326000.0
315444000.0
389745000.0
440534000.0
650335000.0
369586000.0
739395000.0
428521000.0
482603000.0
170166000.0
614376000.0
298475000.0
409555000.0
212570000.0
275137000.0
214205000.0
354888000.0
278025000.0
203758000.0
541537000.0
643990000.0
523691000.0
289634000.0
320689000.0
351574000.0
368802000.0
173919000.0
378946000.0
299788000.0
397986000.0
248233000.0
263149000.0
444905000.0
430295000.0
219445000.0
401737000.0
262385000.0
717735000.0
372202000.0
388924000.0
143212000.0
222902000.0
552806000.0
484219000.0
369328000.0
365297000.0
326712000.0
292448000.0
259263000.0
467049000.0
625199000.0
259718000.0
271298000.0
173569000.0
778676000.0
819149000.0
513890000.0
536218000.0
259092000.0
237189000.0
324571000.0
441500000.0
326575000.0
204493000.0
801141000.0
228769000.0
525342000.0
718423000.0
289978000.0
516449000.0
710417000.0
775127000.0
197117000.0
295908000.0
164016000.0
318014000.0
493842000.0
310154000.0
689202000.0
585705000.0
496258000.0
360346000.0
266814000.0
166177000.0
247397000.0
222777000.0
328410000.0
604658000.0
501082000.0
440700000.0
469406000.0
186693000.0
195703000.0
158540000.0
274656000.0
212117000.0
243035000.0
658541000.0
394458000.0
514366000.0
263518000.0
615907000.0
521573000.0
299153000.0
346270000.0
192439000.0
193023000.0
289337000.0
679317000.0
770287000.0
503775000.0
274540000.0
249665000.0
442316000.0
652283000.0
222487000.0
466168000.0
637262000.0
284317000.0
444989000.0
267705000.0
600149000.0
529148000.0
313015000.0
304220000.0
347463000.0
372896000.0
169488000.0
348980000.0
343663000.0
748334000.0
238944000.0
548923000.0
645591000.0
175328000.0
238444000.0
624295000.0
488310000.0
215427000.0
201042000.0
211605000.0
391419000.0
281018000.0
299946000.0
245188000.0
302556000.0
267344000.0
292818000.0
167434000.0
560487000.0
254272000.0
218494000.0
262223000.0
553192000.0
234603000.0
159942000.0
283868000.0
294454000.0
274396000.0
228869000.0
194568000.0
200932000.0
691485000.0
509374000.0
486488000.0
250925000.0
598169000.0
212914000.0
238579000.0
621108000.0
189966000.0
536122000.0
394194000.0
192986000.0
436166000.0
206645000.0
481952000.0
454657000.0
285510000.0
374992000.0
708869000.0
355715000.0
362925000.0
452716000.0
278861000.0
135821000.0
572744000.0
319098000.0
506964000.0
456976000.0
168591000.0
334275000.0
530976000.0
352344000.0
264424000.0
184867000.0
581132000.0
315315000.0
396713000.0
321603000.0
167719000.0
522744000.0
206947000.0
353028000.0
193812000.0
282312000.0
446283000.0
400170000.0
239568000.0
739226000.0
283451000.0
182842000.0
393224000.0
351467000.0
454544000.0
484968000.0
373439000.0
432413000.0
352842000.0
444916000.0
360269000.0
356248000.0
195534000.0
774786000.0
342032000.0
294337000.0
345837000.0
172932000.0
145333000.0
848011000.0
237150000.0
686308000.0
185735000.0
236566000.0
339719000.0
383223000.0
700647000.0
347420000.0
393606000.0
291211000.0
373130000.0
299938000.0
723529000.0
322763000.0
334236000.0
425717000.0
251674000.0
324315000.0
196152000.0
160534000.0
711870000.0
336865000.0
377123000.0
181547000.0
222162000.0
381259000.0
723133000.0
235842000.0
572413000.0
434349000.0
389883000.0
439641000.0
602860000.0
355659000.0
156483000.0
238952000.0
209903000.0
413030000.0
359558000.0
225587000.0
279065000.0
273749000.0
189234000.0
493002000.0
214121000.0
378624000.0
281344000.0
233573000.0
561617000.0
678729000.0
219932000.0
254243000.0
565947000.0
264846000.0
264934000.0
500080000.0
205069000.0
437638000.0
712387000.0
637380000.0
511581000.0
382408000.0
418348000.0
152972000.0
236445000.0
223182000.0
404039000.0
300279000.0
408843000.0
441718000.0
282854000.0
286296000.0
242092000.0
276926000.0
280683000.0
275941000.0
412783000.0
250679000.0
448409000.0
450274000.0
313731000.0
427683000.0
205044000.0
198994000.0
538700000.0
384339000.0
279638000.0
210413000.0
298677000.0
484787000.0
208623000.0
631640000.0
223613000.0
579357000.0
164245000.0
423430000.0
448174000.0
216055000.0
236594000.0
604770000.0
717818000.0
273109000.0
246688000.0
467609000.0
565429000.0
299289000.0
719756000.0
293336000.0
378713000.0
193030000.0
200492000.0
305395000.0
664002000.0
295862000.0
237268000.0
688999000.0
405961000.0
522227000.0
458826000.0
306651000.0
239152000.0
264557000.0
333108000.0
675836000.0
603719000.0
170431000.0
338329000.0
166779000.0
590130000.0
227861000.0
204825000.0
607306000.0
332087000.0
404460000.0
592926000.0
362095000.0
370344000.0
294851000.0
603159000.0
727128000.0
468209000.0
338562000.0
174544000.0
262367000.0
299545000.0
428165000.0
632472000.0
262105000.0
176156000.0
539587000.0
514807000.0
215355000.0
349930000.0
380179000.0
635688000.0
374499000.0
516194000.0
312148000.0
219241000.0
232454000.0
557081000.0
311692000.0
279927000.0
580573000.0
213202000.0
787320000.0
212556000.0
698734000.0
282646000.0
389195000.0
666000000.0
244288000.0
275973000.0
550739000.0
338198000.0
223732000.0
524843000.0
634126000.0
349316000.0
186726000.0
454650000.0
249746000.0
174531000.0
183779000.0
573021000.0
239090000.0
559012000.0
253496000.0
181964000.0
334864000.0
344716000.0
660387000.0
704462000.0
221317000.0
230715000.0
353798000.0
305595000.0
251813000.0
416864000.0
328429000.0
449281000.0
164949000.0
211577000.0
217188000.0
231488000.0
199209000.0
331580000.0
385221000.0
246185000.0
341175000.0
224740000.0
199793000.0
705247000.0
650414000.0
292401000.0
243087000.0
205161000.0
244140000.0
280502000.0
221012000.0
274345000.0
467794000.0
493777000.0
306370000.0
265054000.0
201842000.0
273751000.0
491775000.0
562841000.0
780517000.0
671871000.0
364143000.0
646660000.0
733700000.0
693070000.0
295302000.0
418748000.0
290617000.0
501320000.0
495199000.0
517429000.0
189422000.0
297568000.0
309764000.0
303273000.0
609423000.0
321586000.0
238647000.0
383141000.0
163879000.0
325514000.0
166196000.0
474232000.0
157498000.0
565582000.0
345139000.0
234097000.0
241958000.0
722700000.0
761979000.0
151594000.0
274013000.0
513214000.0
429608000.0
224704000.0
345635000.0
305943000.0
384539000.0
274595000.0
247414000.0
574600000.0
367050000.0
439308000.0
294564000.0
157252000.0
425841000.0
225781000.0
482671000.0
207403000.0
516719000.0
200878000.0
457526000.0
646285000.0
254710000.0
458485000.0
512537000.0
195016000.0
229239000.0
277884000.0
439423000.0
359374000.0
259496000.0
392693000.0
250462000.0
313763000.0
178832000.0
218556000.0
379207000.0
296543000.0
357574000.0
304944000.0
578698000.0
341400000.0
435335000.0
310540000.0
298392000.0
268378000.0
228055000.0
584654000.0
194967000.0
184182000.0
454968000.0
780901000.0
353832000.0
210068000.0
309208000.0
437127000.0
187005000.0
412367000.0
199963000.0
644575000.0
380240000.0
420729000.0
150886000.0
337603000.0
509545000.0
720744000.0
180786000.0
633293000.0
641948000.0
293546000.0
211985000.0
266485000.0
521724000.0
479173000.0
166496000.0
389131000.0
252960000.0
222631000.0
485574000.0
205687000.0
367347000.0
214362000.0
516940000.0
569138000.0
314358000.0
704731000.0
390905000.0
327376000.0
322435000.0
411432000.0
306916000.0
565707000.0
178198000.0
597211000.0
357006000.0
388528000.0
467349000.0
626336000.0
192903000.0
323210000.0
554815000.0
420321000.0
217831000.0
203304000.0
467490000.0
262896000.0
248851000.0
362414000.0
152859000.0
422583000.0
251676000.0
294322000.0
831004000.0
290666000.0
206560000.0
245089000.0
322075000.0
762711000.0
229337000.0
180948000.0
187452000.0
627878000.0
415374000.0
175725000.0
633722000.0
230821000.0
395873000.0
367899000.0
502393000.0
223834000.0
233121000.0
199498000.0
546283000.0
265183000.0
309537000.0
451923000.0
311943000.0
748503000.0
219176000.0
160510000.0
570252000.0
579948000.0
461466000.0
554840000.0
406238000.0
364543000.0
211100000.0
238497000.0
299217000.0
635046000.0
339316000.0
281122000.0
707486000.0
385036000.0
420612000.0
612559000.0
293321000.0
360200000.0
381959000.0
377021000.0
573291000.0
235516000.0
598711000.0
761983000.0
358421000.0
270251000.0
176449000.0
169580000.0
422154000.0
317401000.0
232859000.0
327219000.0
231322000.0
359241000.0
232574000.0
454101000.0
587791000.0
174255000.0
389739000.0
333113000.0
398587000.0
596364000.0
509664000.0
218867000.0
530183000.0
699110000.0
758307000.0
319882000.0
260359000.0
246916000.0
566841000.0
211672000.0
361539000.0
184009000.0
212608000.0
303875000.0
145320000.0
265344000.0
235854000.0
290127000.0
289587000.0
288671000.0
416368000.0
585619000.0
316996000.0
173138000.0
525943000.0
690557000.0
180349000.0
679574000.0
432402000.0
155836000.0
369523000.0
210452000.0
208780000.0
543889000.0
772332000.0
198632000.0
385672000.0
405928000.0
842983000.0
204805000.0
287052000.0
238687000.0
318148000.0
459609000.0
225826000.0
167803000.0
309351000.0
385544000.0
303528000.0
354722000.0
339548000.0
265495000.0
484804000.0
324326000.0
189403000.0
638071000.0
704704000.0
421052000.0
412332000.0
435868000.0
385865000.0
317481000.0
280077000.0
279237000.0
151699000.0
662193000.0
339162000.0
301544000.0
181006000.0
247501000.0
199386000.0
231376000.0
274178000.0
285985000.0
267052000.0
180636000.0
765536000.0
269959000.0
346495000.0
212193000.0
418723000.0
241067000.0
294387000.0
182060000.0
347040000.0
847059000.0
381334000.0
227897000.0
349647000.0
238284000.0
364156000.0
646500000.0
384073000.0
315272000.0
613519000.0
176611000.0
477437000.0
274972000.0
390743000.0
447113000.0
426876000.0
564511000.0
846725000.0
641225000.0
300749000.0
337298000.0
212453000.0
254386000.0
499078000.0
264973000.0
299769000.0
293042000.0
429683000.0
197354000.0
347834000.0
220900000.0
466630000.0
532886000.0
249539000.0
514415000.0
426273000.0
416771000.0
190433000.0
247676000.0
230602000.0
368685000.0
578440000.0
359915000.0
206241000.0
425313000.0
188129000.0
317804000.0
371351000.0
144094000.0
335368000.0
262104000.0
424802000.0
322273000.0
233819000.0
196972000.0
364769000.0
478066000.0
520869000.0
725827000.0
671006000.0
309781000.0
274470000.0
203950000.0
417343000.0
296179000.0
324114000.0
534074000.0
398297000.0
462227000.0
344038000.0
222114000.0
537054000.0
741981000.0
569630000.0
416257000.0
237465000.0
244807000.0
330970000.0
398170000.0
186609000.0
383113000.0
221490000.0
312687000.0
