1.00307
1.03351
1.00816
1.03038
1.01221
1.01451
1.00887
1.00204
1.00196
1.09765
1.00224
1.01152
1.00796
1.00293
1.03189
1.01119
1.01097
1.00493
1.00076
1.04685
1.01615
1.01455
1.00287
1.00573
1.00173
1.02847
1.00067
1.06925
1.02582
1.01296
1.01188
1.00695
1.01469
1.0326
1.01109
1.00689
1.07667
1.00112
1.0027
1.00326
1.01087
1.0293
1.02041
1.01863
1.0101
1.01324
1.02531
1.00887
1.00394
1.08389
1.02187
1.00309
1.02443
1.02858
1.00687
1.11808
1.00163
1.06557
1.00106
1.05275
1.01291
1.00347
1.00379
1.00558
1.00293
1.006
1.00115
1.01084
1.08846
1.00349
1.01767
1.01311
1.00412
1.01708
1.01536
1.00081
1.00868
1.00086
1.01798
1.01082
1.00434
1.02407
1.00775
1.00931
1.01663
1.00166
1.23021
1.00497
1.02282
1.01285
1.01537
1.0101
1.01002
1.01778
1.00156
1.01355
1.00824
1.01384
1.00515
1.00699
1.01186
1.00132
1.00398
1.01259
1.00545
1.0047
1.01124
1.00606
1.05964
1.02108
1.00361
1.06289
1.00136
1.02153
1.0056
1.00037
1.07075
1.01747
1.01967
1.00594
1.00109
1.00265
1.0092
1.00031
1.01593
1.01345
1.01031
1.02776
1.04358
1.00406
1.01403
1.04758
1.03676
1.03171
1.01553
1.00588
1.00352
1.01951
1.00461
1.05198
1.00457
1.04669
1.00437
1.00029
1.00691
1.02857
1.01596
1.00833
1.00859
1.0009
1.01399
1.02153
1.00081
1.02718
1.00305
1.00438
1.06036
1.01513
1.01768
1.00523
1.00122
1.00697
1.01736
1.0074
1.00623
1.00439
0.999567
1.00658
1.1272
1.03931
1.00247
1.0849
1.07608
1.01579
1.05211
1.00989
1.01069
1.04222
1.00407
1.002
1.0027
0.999177
1.00086
1.0006
1.00619
1.0051
1.0111
1.01549
1.02071
1.0091
1.00771
1.0047
1.00464
1.00605
1.01782
1.01657
1.00766
1.00703
1.06556
1.14615
1.00605
1.00999
1.00842
1.01411
1.00337
1.0147
1.00776
1.02362
1.02969
1.00696
1.06278
1.0276
1.00906
1.00368
1.00322
1.00721
1.00247
1.00124
1.01257
1.01363
1.02418
1.02053
1.00211
1.00584
1.00266
1.06805
1.04371
1.0006
1.02877
1.0503
1.02131
1.00271
1.003
1.00893
1.00204
1.02434
1.00873
1.06636
1.04781
1.0169
1.05633
1.01876
1.31831
1.00576
1.00445
1.00532
1.01519
1.01352
1.00311
1.00036
1.01328
1.10694
1.00233
1.01177
1.06633
1.0082
1.07053
1.00258
1.02805
1.00661
1.03345
1.00675
1.03625
1.01401
1.03053
1.00923
1.01518
1.0095
1.00686
1.01292
1.00513
1.0017
1.00658
1.00782
1.0054
1.00474
1.00286
1.00769
1.00686
1.02232
1.01582
1.0017
1.02175
1.01005
1.00645
1.00534
1.00156
1.0402
1.00675
1.07886
1.00571
1.05702
1.01064
1.00392
1.07173
1.00544
1.01299
1.01281
1.00158
1.0283
1.01963
1.00317
1.00849
1.00615
1.0014
1.00216
1.00492
1.05725
1.05459
1.03886
1.02825
1.00322
1.01531
1.01473
1.00523
1.05794
1.0208
1.05215
1.15081
1.01861
1.01855
1.00943
1.0166
1.00268
1.00412
1.00025
1.04058
1.05063
1.01548
1.01447
1.0091
1.00613
1.00325
1.0283
1.00812
1.00438
1.00985
1.08026
1.01133
1.04268
1.00562
1.00649
1.0279
1.08497
1.00609
1.00478
1.00281
1.00632
1.07592
0.999631
1.03758
1.00829
1.00185
1.01024
1
1.00864
1.05231
1.02449
1.0095
1.00055
1.0075
1.00837
1.00534
1.01227
1.01635
1.07199
1.00675
1.0026
1.0862
1.0143
1.0096
1.03724
1.01515
1.00203
1.00496
1.00433
1.01707
1.00574
1.04429
1.03351
1.00094
1.0591
1.01298
1.05301
1.00256
1.01088
1.01245
1.06832
1.00437
1.13769
1.01436
1.01215
1.06666
1.06504
1.02057
1.01131
1.01751
1.05067
1.1039
1.03579
1.00664
1.00567
1.0038
1.05618
1.00766
1.1016
1.01133
1.00052
1.09109
1.00178
1.00386
1.03447
1.01189
1.01397
1.00331
1.00059
1.00381
1.1249
1.00623
1.00726
1.01338
1.01859
1.02674
1.00334
1.01271
1.00595
1.00543
1.0026
1.01651
1.01826
0.997944
1.00293
1.03271
1.02268
1.04751
1.00099
1.00267
1.0022
1.06045
1.00516
0.999652
1.00422
1.02401
1.00314
1.04722
1.00576
1.00269
1.01521
1.01821
1.0198
1.04295
1.00178
1.06888
1.00532
1.03978
1.01256
1.00083
1.01045
1.01184
1.00277
1.00473
1.01247
1.02303
1.00201
1.01181
1.01063
1.02072
1.00879
1.02567
1.00172
1.04182
1.00794
1.00026
1.00108
1.02306
1.03655
1.01515
1.00702
1.12577
1.00297
1.00448
1.0105
1.00234
1.00167
1.00382
1.00013
1.00527
1.00417
1.00818
1.0064
1.01056
1.00459
1.01516
1.0058
1.01611
1.00594
1.00598
1.00833
1.00036
1.01149
1.00548
1.00045
1.01021
1.02699
1.02877
1.00306
1.01077
1.01512
1.02255
1.01749
1.12266
1.0714
1.07976
1.00276
1.07876
1.00704
1.03371
1.00193
1.01084
1.01592
1.06291
1.11396
1.10492
1.00775
1.00733
1.00453
1.01034
1.00531
1.01668
1.01358
1.01108
1.00769
1.00829
1.03255
1.0023
1.00273
1.00526
1.06014
1.02685
1.01134
1.01062
1.01366
1.00676
1.00065
1.00077
1.00505
1.00905
1.04626
1.0146
1.00608
1.11085
1.06405
1.03986
1.0114
1.00494
1.00534
1.00794
1.06558
1.135
1.00546
1.00943
1.00105
1.00272
1.13692
1.11889
1.00823
1.00589
1.02446
1.00408
1.0103
1.02216
1.00462
1.05568
1.03489
1.01067
1.01227
1.00578
1.0057
1.00826
1.00599
1.00253
1.03033
1.00812
1.01748
1.00042
1.00012
1.03655
1.02563
1.00377
1.00816
1.00771
1.00497
1.00977
1.00646
1.00108
1.00622
1.01133
1.02722
1.01228
1.00454
1.0057
1.00212
1.00394
1.00319
1.00894
1.00983
1.01832
1.00553
1.0046
1.045
1.00723
1.00621
1.06785
1.02466
1.0033
1.00815
1.01117
1.01168
1.03313
1.00643
1.03537
1.02523
1.02049
1.00701
1.03425
1.00104
1.05439
1.00058
1.02794
1.08635
1.22914
1.02967
1.07437
1.00068
1.00224
1.00306
1.01548
1.00584
1.0219
1.00266
1.01341
1.03591
1.00604
1.05604
1.01148
1.01787
1.01813
1.16075
1.0223
1.01896
1.00804
1.00625
1.00723
1.02676
1.02755
1.01088
1.00865
1.07172
1.02164
1.06598
1.00683
1.04517
1.00679
1.00431
1.03964
1.02407
1.03648
1.00003
1.005
1.10595
1.0242
1.03579
1.00145
1.07934
1.00217
1.00278
1.0076
1.00206
1.02687
1.00059
1.00249
1.00722
1.00617
1.0503
1.0102
1.01032
1.00977
1.01392
1.01909
1.00176
1.0061
1.00291
1.00026
1.02209
1.15803
1.02368
1.02099
1.02179
1.02021
1.11509
1.00589
1.00779
1.03404
1.0068
1.01762
1.00209
1.00514
1.00493
1.00272
1.01872
1.00628
1.00608
1.09921
1.01392
1.00559
1.05166
1.04123
1.02048
1.00132
1.05114
1.003
1.00656
1.01554
1.00485
1.00358
1.01113
1.00992
1.03712
1.01462
1.01277
1.06236
1.0038
1.00328
1.01821
1.00892
1.00461
1.04195
1.0565
1.00148
1.00238
1.00625
1.00142
1.00241
1.0084
1.00485
1.00549
1.04391
1.06704
1.00176
1.00124
1.04019
1.01878
1.03913
1.06075
1.00062
1.00596
1.00983
1.03733
1.00442
1.0287
1.01852
1.01132
1.02458
1.00158
1.0482
1.00528
1.00055
1.06327
1.03717
1.01464
1.00799
1.0263
1.00423
1.01403
1.01707
1.00956
1.01493
1.01697
1.02115
1.00137
1.0003
1.02767
1.03387
1.01114
1.04399
1.01035
1.0007
1.00298
1.00111
1.07085
1.00243
1.04061
1.00265
1.04342
1.07538
1.04261
1.05879
1.02501
1.07868
1.00211
1.01566
1.01644
1.02666
1.00123
1.0309
1.00349
1.15409
1.00204
0.999548
1.00248
1.01715
1.00304
1.00807
1.00888
1.01128
1.05283
1.00475
1.01124
1.00853
1.01735
1.0221
1.01406
1.00124
1.00424
1.00171
1.0354
1.00165
1.05404
1.04783
1.00375
1.01766
1.02116
1.02361
1.06601
1.00653
1.00267
1.00184
1.00957
1.01465
1.00685
1.07566
1.00379
1.01007
1.03938
1.06309
1.03743
1.01126
1.01936
1.07406
1.00408
1.00249
1.00312
1.01563
1.01036
1.05883
1.00242
1.00063
1.00199
1.01783
1.03044
1.00408
1.01486
1.00717
1.00668
1.03224
1.00456
1.03331
1.00901
1.01649
1.00938
1.01215
1.04403
1.00329
1.01208
1.00249
1.04418
1.00493
1.00529
1.00415
1.00175
1.01842
0.999981
1.00475
1.01586
1.00598
1.03637
1.01027
1.05393
1.01335
1.0169
1.01838
1.00095
1.01191
1.01262
1.00979
1.05991
1.02452
1.01468
1.01933
1.00097
1.00623
1.01068
1.00013
1.01849
1.01935
1.00419
1.00468
1.00834
1.01614
1.00174
1.00884
1.01997
1.00729
1.03708
1.02044
1.02647
1.06506
1.02409
1.00271
1.02663
1.14208
1.00132
1.00453
1.05973
1.00609
1.00079
1.00649
1.12407
1.07402
1.05446
1.03457
1.00722
1.0803
1.0057
1.0049
1.10697
1.06261
1.01319
1.00737
1.00564
1.00778
1.00541
1.10013
1.0004
1.02164
1.0099
1.01912
1.07651
1.00255
1.11397
1.00045
1.04389
1.00974
1.01506
1.00777
1.0015
1.01365
1.00249
1.03361
1.04863
1.0218
1.0015
1.00434
1.00961
1.0062
1.0037
1.01006
1.00464
1.00961
1.02145
1.07185
1.0289
1.01968
1.01258
1.00311
1.10507
1.01244
1.00219
1.00077
1.00516
1.03567
1.02761
1.00569
1.00447
1.04316
1.00177
1.05783
1.00677
1.20352
1.00783
1.00087
1.00523
1.021
1.04277
1.00469
1.01793
1.00885
1.00685
1.01581
1.01779
1.20821
1.74191
1.36544
1.39035
1.53554
1.1458
1.23775
1.06732
1.01738
1.887
1.14745
1.21613
1.69561
1.23928
1.36369
1.27864
1.19738
1.78289
1.04034
1.27293
1.70374
1.74219
1.65077
1.32917
1.76228
1.17854
1.00449
1.4701
1.45181
1.32588
1.12849
1.45635
1.14687
1.48324
1.30021
1.1734
1.58144
1.36393
1.33927
1.31806
1.97621
1.34917
1.7464
1.54348
1.784
1.65656
1.29321
1.17303
1.48723
1.89966
1.2266
1.89077
1.13495
1.98524
1.07664
1.32771
1.23575
1.48686
1.32088
1.58846
2.30336
1.30797
1.19379
1.44646
1.13911
1.85429
1.30893
1.73957
1.75747
1.09103
2.25907
1.36767
1.59699
1.5184
1.57869
1.02415
1.23804
1.44414
1.41319
1.12833
2.10086
1.9953
1.33405
1.47248
1.35887
1.33691
1.98428
1.49125
1.4378
1.16094
1.56048
2.18016
1.25004
1.24383
2.34361
1.41232
1.26827
1.39707
1.29012
1.81422
1.29641
1.13359
1.82491
1.27713
1.34263
1.2056
1.242
1.20353
1.45033
1.14269
1.3817
1.54534
1.05795
1.38012
1.86317
1.69358
1.42629
1.92968
1.39839
1.80894
1.18978
1.22945
1.2572
1.62799
1.15881
1.26245
1.23172
1.91591
1.81689
1.11613
1.43959
1.35753
1.43195
1.33301
1.45107
1.43925
1.40398
1.23639
1.67115
1.46293
1.13394
1.53577
1.04733
1.05703
1.13149
1.36944
1.1355
1.7393
1.69661
1.08584
1.33262
1.55011
1.11034
1.27051
1.06584
1.17632
1.58652
1.48269
1.3559
1.42613
1.04087
1.9011
1.92723
1.20945
1.3389
1.56342
1.2866
1.73678
1.96115
1.76245
2.20864
1.34085
1.92732
1.3797
1.47368
1.1919
1.21135
1.36261
1.1922
1.43072
1.35792
1.02973
1.19094
1.09705
1.37045
1.404
1.0623
1.09383
1.4904
1.30329
1.43241
1.20699
2.07858
1.92248
1.27859
1.31717
1.172
1.2882
1.12027
1.68216
1.23009
1.67637
1.87746
1.8464
1.02675
1.11268
2.14248
1.24822
2.36816
1.49635
1.17223
1.23536
1.43974
1.07843
1.78094
1.70592
1.11702
1.85171
1.24384
1.97958
1.98477
1.1612
1.65912
1.4114
1.36482
1.87965
1.74007
1.42442
1.35694
1.99423
1.24214
1.16464
1.16657
1.66684
1.01384
1.15211
1.34736
1.4356
1.28693
1.81578
1.53472
1.9834
2.01302
1.44074
1.19984
1.20354
1.10683
1.17719
1.4019
1.45107
1.29706
1.49411
1.40423
1.45519
1.89754
1.3335
1.1668
1.12349
1.75169
1.17132
1.46278
1.4774
1.33597
1.85638
1.32187
1.32295
1.48174
1.29199
1.25708
2.15867
1.13782
1.84055
1.15264
2.2632
1.1764
1.09449
1.53431
1.3364
1.39329
1.72715
1.69084
1.85357
1.59589
1.45588
1.5569
1.50944
1.29387
1.21023
2.08079
1.47956
1.06643
1.76722
1.23809
1.13228
1.52037
1.1255
1.53203
1.48123
1.02149
1.48154
1.31246
1.39186
1.8694
1.51409
1.1332
1.15769
1.65819
1.52745
1.2679
1.32695
1.3445
1.48224
1.22624
2.20063
1.3704
1.56948
1.5609
1.47025
1.95313
1.22031
1.27698
1.78184
1.16559
1.48794
1.23618
1.01233
1.92278
1.29295
1.54138
1.46933
1.52769
1.55993
1.25587
1.16943
1.88364
1.67821
1.06877
1.72482
1.3976
1.32065
1.55837
1.97181
1.68285
1.98364
1.52471
1.29993
1.25583
2.0087
1.60453
1.33677
1.24441
1.23867
1.22003
1.94319
1.54044
1.14202
1.49307
1.56739
1.68232
1.03213
1.33426
1.11479
1.12112
1.24635
1.3961
1.34591
1.66387
1.27362
2.17177
2.00864
1.41905
1.97114
1.24053
1.09427
1.42589
2.1111
1.65717
1.90199
1.39998
1.34682
1.37047
1.33961
1.2373
1.54893
1.51705
1.47351
1.96063
1.558
1.09239
1.355
1.32205
2.41557
1.46713
1.22809
1.83014
1.96495
1.17889
1.89793
1.41515
1.38687
1.33119
1.04552
1.43158
1.41712
1.26673
1.55856
1.40932
1.34037
1.76352
1.9153
1.60729
1.38175
1.10479
1.83887
1.05848
1.36114
1.21938
1.31189
1.52847
1.12281
1.70896
1.19872
1.76757
2.07033
1.58331
1.83547
1.59573
2.02495
1.41272
1.40251
1.19801
2.06704
1.07478
1.3282
1.60513
1.56256
1.21137
1.44847
1.19288
1.2862
1.12665
1.43061
2.19261
1.34316
1.58315
1.48486
1.36369
1.47009
1.41259
1.36527
1.50996
1.69183
1.94506
1.17038
1.82056
1.20869
1.66325
1.23697
1.72508
1.36159
1.22371
1.87699
2.2964
1.30095
1.18343
1.7267
1.40199
1.85555
1.68589
1.21001
1.57454
1.06637
1.02786
1.73127
1.1177
1.34201
2.51371
1.84043
1.58279
1.2559
1.12139
1.50867
1.11754
2.01632
1.25563
1.13689
1.08784
1.60522
1.51173
1.14109
1.55167
1.23462
1.50773
2.286
1.87406
1.98941
1.25921
1.15162
1.02615
1.27322
1.71692
1.13698
1.2178
1.33989
1.2756
1.26922
2.126
1.29265
2.22097
1.53848
1.48959
1.32636
1.45315
1.18465
1.73674
1.30679
1.20037
1.20535
1.39253
1.29215
1.37282
1.80963
1.50353
1.27543
1.69181
1.27619
1.29063
1.16145
1.76866
1.35764
1.1107
1.19072
1.38603
1.26916
1.30184
1.08786
1.25967
1.26102
1.26066
1.13327
1.69478
2.27535
1.44015
1.96486
1.03171
1.12937
1.42855
1.45808
1.32171
1.17853
1.6174
1.48388
1.30362
1.91582
1.41331
1.31074
1.3353
1.86468
1.58686
1.89284
1.34761
1.27867
1.56572
1.34933
1.7201
1.38982
1.17844
1.57224
1.25845
1.49095
1.48518
1.20185
1.45354
1.41031
1.53332
1.48734
1.30159
1.99673
1.20468
1.35556
1.13602
1.13006
1.18356
1.52545
1.04785
1.26866
1.89595
1.89949
1.2298
1.1568
1.38367
1.09177
1.62148
1.23024
1.70096
1.19788
1.13767
1.39737
1.48503
1.55949
1.31039
1.46551
1.47001
1.46842
1.42367
1.66249
1.52699
1.58714
1.24226
1.35512
1.20948
1.27791
1.53274
1.39617
1.47046
1.49182
1.30442
1.20735
1.5658
1.47162
1.27592
1.45642
1.11382
1.5261
1.21963
1.83088
1.78919
1.33907
1.30393
1.49849
2.02373
1.449
1.30138
1.084
1.0364
1.41527
1.24889
2.02562
1.96483
1.2477
1.24135
1.70646
1.11517
1.33622
1.87266
1.3584
2.05301
1.65387
1.39802
2.37416
1.83435
1.09862
1.28715
1.29561
1.27528
1.59656
1.56895
1.83969
1.14635
1.85842
1.6353
1.54572
1.45139
1.45521
1.49143
1.27861
1.83777
1.32062
1.37964
1.36617
1.84589
1.3764
1.14313
1.56506
1.04907
1.05174
1.34421
1.52408
1.61775
1.01903
1.19705
1.17745
1.53318
1.5971
1.22316
1.54347
1.84283
1.88907
1.73161
1.13676
1.51904
1.33038
1.01791
1.22847
1.64338
2.08563
1.59955
1.96623
1.62462
1.63816
1.28763
1.56365
1.37836
1.10032
1.27889
1.27388
1.05817
1.91787
1.18983
1.59278
1.21485
1.45113
1.57333
1.08824
1.93272
1.89157
1.79598
1.30503
1.03276
1.50479
1.73962
1.48379
1.35364
1.88933
1.44352
1.49733
1.87854
1.45008
2.33263
1.73304
2.06096
1.04444
1.59454
1.22929
1.26897
1.08537
1.98845
1.49095
1.24256
1.47571
1.61711
1.17572
1.07555
1.19242
2.30543
1.42316
1.48886
1.64739
1.77205
1.40743
1.66741
1.25872
1.38359
1.38755
1.34449
2.12583
1.36847
1.46217
1.33342
1.30711
1.26776
1.59957
1.49558
1.31042
1.49169
1.21401
1.0181
1.55628
1.30573
1.67573
2.10401
1.15569
1.18123
1.23236
1.24742
2.11882
1.59696
1.1773
1.37481
1.40339
1.36654
1.47554
1.52286
1.14473
1.05798
1.25002
1.20497
1.58759
1.17553
1.73287
1.32115
1.31193
1.23063
1.17553
1.39525
1.75146
1.3079
1.3398
1.50541
1.10411
1.76339
1.22401
1.28382
1.42934
1.94837
2.07991
1.60775
1.16907
1.03597
1.18533
1.47098
1.90402
1.44876
1.42304
1.66196
1.66197
1.06497
1.72561
2.09393
1.33772
1.46612
1.34812
1.27826
1.45436
1.02643
1.60326
1.09381
1.61834
1.62009
1.19037
1.74878
1.19344
1.5932
1.75074
1.06384
1.31652
2.08672
1.06096
1.31481
1.37849
1.67211
1.49848
1.28613
1.747
1.85317
1.28531
1.61609
1.74452
1.81006
1.29637
1.19136
1.22785
1.19581
2.06474
1.82966
1.19327
1.01808
1.02586
1.39662
1.33319
1.70502
1.2538
2.49919
2.38615
1.68415
1.57986
1.12952
1.22876
1.39161
1.67043
1.1409
1.74854
1.74008
1.40837
1.02942
1.72205
1.14072
1.29684
1.04263
1.55726
2.41808
1.57068
1.23797
1.2604
1.18193
1.32342
1.52532
1.30471
2.20375
1.27019
1.28381
1.43038
1.13974
1.39114
1.83898
1.79607
1.40689
1.26309
1.31812
1.52452
1.44378
1.33026
1.25251
2.08924
1.24953
1.02699
1.54388
1.11345
1.57937
1.77127
1.98268
1.26217
1.42703
1.54122
1.40666
1.18623
1.19007
1.19257
1.16095
1.40201
1.56795
1.04667
1.36497
1.31805
1.2944
1.30367
1.46892
1.5257
1.78305
1.41411
1.5656
1.36822
1.41564
1.12947
1.38483
1.33911
2.54623
1.11913
1.95949
1.58536
1.04984
1.35018
1.40766
1.4164
1.65705
1.90008
1.53345
1.64097
1.08389
1.49791
1.0616
1.52381
2.5778
1.20573
1.13835
1.0714
1.43671
1.31101
1.30628
1.2885
1.13014
1.42921
1.45308
1.54857
1.18425
1.03789
2.36006
1.26929
1.12354
1.67876
1.94792
1.62256
1.42538
1.315
1.34709
1.59173
1.63336
2.06896
1.06642
1.24363
1.90761
1.20721
1.54427
1.10798
1.2965
1.65125
1.30395
1.52997
2.10013
1.3354
1.07619
1.39987
1.4531
2.05503
1.18614
1.64057
1.14177
1.15958
1.62015
1.24711
391011000.0
170893000.0
321298000.0
317061000.0
274427000.0
528303000.0
359781000.0
733722000.0
731380000.0
179106000.0
488514000.0
514119000.0
252837000.0
568945000.0
228695000.0
409711000.0
478978000.0
232777000.0
780357000.0
334052000.0
268004000.0
218266000.0
245388000.0
451596000.0
235135000.0
473094000.0
714318000.0
260679000.0
387267000.0
481695000.0
656235000.0
301520000.0
318893000.0
199615000.0
331850000.0
550842000.0
288338000.0
407028000.0
312458000.0
407601000.0
200319000.0
427626000.0
191840000.0
302926000.0
321179000.0
275909000.0
328700000.0
608680000.0
171006000.0
242628000.0
266046000.0
154965000.0
469521000.0
280579000.0
546437000.0
293461000.0
565774000.0
364172000.0
567356000.0
219944000.0
171584000.0
440169000.0
666996000.0
370315000.0
483291000.0
262393000.0
332613000.0
305361000.0
261237000.0
755013000.0
179831000.0
256435000.0
296256000.0
439249000.0
325585000.0
781176000.0
578182000.0
275698000.0
203308000.0
514049000.0
195768000.0
176682000.0
309228000.0
365392000.0
398162000.0
433264000.0
211502000.0
308162000.0
274202000.0
505185000.0
230740000.0
212653000.0
304363000.0
252862000.0
194219000.0
337994000.0
393732000.0
346309000.0
431119000.0
231921000.0
303806000.0
542611000.0
192215000.0
397182000.0
222122000.0
493236000.0
461795000.0
501704000.0
331398000.0
504233000.0
291636000.0
300848000.0
516291000.0
142071000.0
192767000.0
223089000.0
250359000.0
208416000.0
322321000.0
224334000.0
462632000.0
412441000.0
485272000.0
234731000.0
479887000.0
373582000.0
503810000.0
194971000.0
192704000.0
584966000.0
375959000.0
336805000.0
395586000.0
403905000.0
288091000.0
310680000.0
316846000.0
422598000.0
224114000.0
282355000.0
320090000.0
295580000.0
594410000.0
788315000.0
568966000.0
325113000.0
711793000.0
201650000.0
270479000.0
750034000.0
489852000.0
267289000.0
557271000.0
448271000.0
796562000.0
537675000.0
264030000.0
202652000.0
357535000.0
388893000.0
784097000.0
218273000.0
188503000.0
420196000.0
266030000.0
273075000.0
475054000.0
241086000.0
155849000.0
211230000.0
211699000.0
185332000.0
213733000.0
194956000.0
284259000.0
634995000.0
568875000.0
264380000.0
653483000.0
223470000.0
466635000.0
742351000.0
666834000.0
807817000.0
342432000.0
409530000.0
574094000.0
565985000.0
280138000.0
388436000.0
282709000.0
538341000.0
195687000.0
202163000.0
363048000.0
309347000.0
443103000.0
475425000.0
400390000.0
245617000.0
521378000.0
241623000.0
214845000.0
277149000.0
818627000.0
493219000.0
201586000.0
255076000.0
193844000.0
361273000.0
289939000.0
446683000.0
205444000.0
590035000.0
222291000.0
248678000.0
709662000.0
200129000.0
527190000.0
174025000.0
169574000.0
384576000.0
159683000.0
275690000.0
336546000.0
284504000.0
234887000.0
322754000.0
438932000.0
217394000.0
298038000.0
596194000.0
573555000.0
197507000.0
722818000.0
406731000.0
214622000.0
260694000.0
411604000.0
154114000.0
229822000.0
182244000.0
202693000.0
393004000.0
647776000.0
485142000.0
363083000.0
285873000.0
257769000.0
221818000.0
400089000.0
312164000.0
250996000.0
247972000.0
189096000.0
312881000.0
352189000.0
554618000.0
325302000.0
512254000.0
334991000.0
251607000.0
296066000.0
274421000.0
246151000.0
369457000.0
299918000.0
389044000.0
541719000.0
224889000.0
625967000.0
165787000.0
638952000.0
152707000.0
565914000.0
675361000.0
268743000.0
384493000.0
495286000.0
253644000.0
228074000.0
211831000.0
179959000.0
352784000.0
223454000.0
233455000.0
397830000.0
370894000.0
186105000.0
332089000.0
678532000.0
230845000.0
490114000.0
629200000.0
243688000.0
656664000.0
223365000.0
212940000.0
848200000.0
335649000.0
441173000.0
315126000.0
185217000.0
417203000.0
782650000.0
551000000.0
272869000.0
394380000.0
366971000.0
320090000.0
409504000.0
337746000.0
342888000.0
190909000.0
538357000.0
334528000.0
167513000.0
286412000.0
223557000.0
462273000.0
378763000.0
196035000.0
578676000.0
295410000.0
523869000.0
747548000.0
274191000.0
410864000.0
324367000.0
395722000.0
294547000.0
324780000.0
379035000.0
421823000.0
311725000.0
178673000.0
664838000.0
238619000.0
217062000.0
297083000.0
257448000.0
235642000.0
220843000.0
175671000.0
355860000.0
459771000.0
469033000.0
190380000.0
191701000.0
261187000.0
343523000.0
357723000.0
632978000.0
175752000.0
307887000.0
485461000.0
248718000.0
174477000.0
213041000.0
670919000.0
291200000.0
588495000.0
663170000.0
455112000.0
334183000.0
261383000.0
262983000.0
415794000.0
143316000.0
150727000.0
366829000.0
186986000.0
435593000.0
698180000.0
370017000.0
180400000.0
161396000.0
178305000.0
376274000.0
293092000.0
371082000.0
297075000.0
362903000.0
343064000.0
203772000.0
230105000.0
194636000.0
325374000.0
713162000.0
347448000.0
412357000.0
191694000.0
363786000.0
281711000.0
319427000.0
325597000.0
367164000.0
275135000.0
239140000.0
240218000.0
414639000.0
621331000.0
286587000.0
269351000.0
366436000.0
294053000.0
219534000.0
181994000.0
217815000.0
187434000.0
244779000.0
466697000.0
457634000.0
261255000.0
718339000.0
316121000.0
513603000.0
263397000.0
285645000.0
533686000.0
212551000.0
480832000.0
309042000.0
201183000.0
193740000.0
210513000.0
364693000.0
201617000.0
319902000.0
460740000.0
549095000.0
196144000.0
481030000.0
440847000.0
257274000.0
325847000.0
572728000.0
280199000.0
390798000.0
522529000.0
735501000.0
246075000.0
218583000.0
380017000.0
244293000.0
289579000.0
266760000.0
269910000.0
371561000.0
244586000.0
322013000.0
272200000.0
167111000.0
443755000.0
213367000.0
527270000.0
177313000.0
490231000.0
266469000.0
240187000.0
533351000.0
258044000.0
246838000.0
382121000.0
316204000.0
223973000.0
346792000.0
278108000.0
209600000.0
393845000.0
337450000.0
683984000.0
751081000.0
261353000.0
500509000.0
375365000.0
149631000.0
251413000.0
293290000.0
435297000.0
617986000.0
249982000.0
659063000.0
157888000.0
565501000.0
594857000.0
577694000.0
241767000.0
217036000.0
625263000.0
278612000.0
509556000.0
311643000.0
144732000.0
246869000.0
187441000.0
537544000.0
580343000.0
793863000.0
316383000.0
191456000.0
458201000.0
521520000.0
492527000.0
579764000.0
404352000.0
203200000.0
218856000.0
236226000.0
280300000.0
206421000.0
295477000.0
282034000.0
289788000.0
245109000.0
395902000.0
358123000.0
455614000.0
372692000.0
416254000.0
310651000.0
194941000.0
280667000.0
288086000.0
216428000.0
416471000.0
434854000.0
665241000.0
248598000.0
268584000.0
659679000.0
585842000.0
430840000.0
279792000.0
456771000.0
779915000.0
553975000.0
384499000.0
390982000.0
424736000.0
235240000.0
195695000.0
477981000.0
180754000.0
726497000.0
618524000.0
346739000.0
307703000.0
331679000.0
651189000.0
255202000.0
333460000.0
422187000.0
212718000.0
350981000.0
453873000.0
301105000.0
167408000.0
224768000.0
249969000.0
468940000.0
451807000.0
271651000.0
283725000.0
279588000.0
381127000.0
655124000.0
191259000.0
604397000.0
270530000.0
235371000.0
499276000.0
384764000.0
428946000.0
189258000.0
395510000.0
265144000.0
138350000.0
516974000.0
414517000.0
620857000.0
393001000.0
437334000.0
197341000.0
656079000.0
490012000.0
176158000.0
189696000.0
438570000.0
597254000.0
283197000.0
561795000.0
247722000.0
392205000.0
262628000.0
545731000.0
622156000.0
244139000.0
278049000.0
225632000.0
313881000.0
157859000.0
267366000.0
295206000.0
396784000.0
374834000.0
246322000.0
265853000.0
421798000.0
225540000.0
492891000.0
515918000.0
379209000.0
379175000.0
259129000.0
378733000.0
395618000.0
321034000.0
324202000.0
203967000.0
425844000.0
304244000.0
415208000.0
292215000.0
237186000.0
177648000.0
233125000.0
409694000.0
431652000.0
237660000.0
228887000.0
243553000.0
399459000.0
810621000.0
745019000.0
406497000.0
435565000.0
181307000.0
231387000.0
413530000.0
428379000.0
196166000.0
581758000.0
323065000.0
265666000.0
285169000.0
168398000.0
214422000.0
325420000.0
168649000.0
190803000.0
650079000.0
510012000.0
268157000.0
407795000.0
301788000.0
211939000.0
257666000.0
454945000.0
266412000.0
269615000.0
309632000.0
213140000.0
217651000.0
237558000.0
410338000.0
187730000.0
219240000.0
423749000.0
301892000.0
193817000.0
211271000.0
618661000.0
214248000.0
653471000.0
790223000.0
470096000.0
255674000.0
274836000.0
544315000.0
508119000.0
548459000.0
284260000.0
255329000.0
282499000.0
323845000.0
244074000.0
186825000.0
247944000.0
563355000.0
294486000.0
556591000.0
823388000.0
406838000.0
279561000.0
146057000.0
261041000.0
182599000.0
219309000.0
243761000.0
292289000.0
252082000.0
243325000.0
599481000.0
326863000.0
580378000.0
759751000.0
191547000.0
642346000.0
229350000.0
388144000.0
356282000.0
290805000.0
480713000.0
247638000.0
225490000.0
282076000.0
430978000.0
784087000.0
313185000.0
263466000.0
295433000.0
345904000.0
224301000.0
287936000.0
273565000.0
228609000.0
327474000.0
206252000.0
221296000.0
233596000.0
684166000.0
324392000.0
548583000.0
490981000.0
671688000.0
196834000.0
379097000.0
337507000.0
294297000.0
192568000.0
565433000.0
715088000.0
487296000.0
237585000.0
248598000.0
323481000.0
197050000.0
214942000.0
277093000.0
244916000.0
282173000.0
307302000.0
204031000.0
280934000.0
203817000.0
382017000.0
241584000.0
359179000.0
377881000.0
275437000.0
310700000.0
245030000.0
570979000.0
313835000.0
427959000.0
804841000.0
267660000.0
373811000.0
180251000.0
223089000.0
467995000.0
447311000.0
374203000.0
469658000.0
276584000.0
425996000.0
535509000.0
397693000.0
283304000.0
270019000.0
352577000.0
274489000.0
465087000.0
448269000.0
340587000.0
548456000.0
208627000.0
625641000.0
282655000.0
442068000.0
259785000.0
316845000.0
483055000.0
215400000.0
187726000.0
349786000.0
485724000.0
314089000.0
766746000.0
351794000.0
507456000.0
238674000.0
300751000.0
224048000.0
166630000.0
257031000.0
418288000.0
801735000.0
290872000.0
340165000.0
209513000.0
300961000.0
439243000.0
200347000.0
193400000.0
652463000.0
321096000.0
222293000.0
372028000.0
274447000.0
237942000.0
351992000.0
301386000.0
695176000.0
361387000.0
726534000.0
238471000.0
336512000.0
424663000.0
290356000.0
428725000.0
252642000.0
210521000.0
527409000.0
375280000.0
192881000.0
656788000.0
275975000.0
281933000.0
311363000.0
361453000.0
199494000.0
185249000.0
205214000.0
399609000.0
265267000.0
209620000.0
251324000.0
382274000.0
553345000.0
308673000.0
508138000.0
180837000.0
261506000.0
372695000.0
768720000.0
851978000.0
474731000.0
313772000.0
238690000.0
395425000.0
136044000.0
177607000.0
283157000.0
338006000.0
510919000.0
570961000.0
378001000.0
197073000.0
533917000.0
234439000.0
188047000.0
388520000.0
792920000.0
237789000.0
559037000.0
408190000.0
720604000.0
321301000.0
191942000.0
384752000.0
440957000.0
377039000.0
599722000.0
286142000.0
230704000.0
245529000.0
162589000.0
288472000.0
339729000.0
224832000.0
564045000.0
311950000.0
227273000.0
204702000.0
426082000.0
428172000.0
516363000.0
195118000.0
422719000.0
356147000.0
567966000.0
173152000.0
262339000.0
819907000.0
290774000.0
560142000.0
246833000.0
234562000.0
170364000.0
525966000.0
189066000.0
250390000.0
251397000.0
333940000.0
460612000.0
464310000.0
575576000.0
398635000.0
240710000.0
656725000.0
410335000.0
363100000.0
357640000.0
360622000.0
371966000.0
199266000.0
314206000.0
223031000.0
328885000.0
302895000.0
308675000.0
709801000.0
333550000.0
247020000.0
165319000.0
632776000.0
230408000.0
255872000.0
728294000.0
496113000.0
325949000.0
444659000.0
316217000.0
295741000.0
243214000.0
171787000.0
676202000.0
295174000.0
788550000.0
250963000.0
151787000.0
580749000.0
547613000.0
663551000.0
224771000.0
331254000.0
293091000.0
416576000.0
446510000.0
388668000.0
478838000.0
182167000.0
515742000.0
698910000.0
159225000.0
330274000.0
606265000.0
268567000.0
201567000.0
213620000.0
328456000.0
281128000.0
261765000.0
264242000.0
219553000.0
179552000.0
756918000.0
362861000.0
193367000.0
522465000.0
325713000.0
626629000.0
372679000.0
212139000.0
301835000.0
306526000.0
218475000.0
222219000.0
645340000.0
421641000.0
276302000.0
167448000.0
375210000.0
289090000.0
450026000.0
397850000.0
169724000.0
539091000.0
1.45766
1.47628
1.21869
1.17185
1.08275
1.13439
1.17584
1.05077
1.02867
1.76735
1.14949
1.10487
1.51807
1.23098
1.84485
1.06764
1.03734
1.62462
1.02362
1.2867
1.62349
1.13791
1.15853
1.49556
1.62864
1.10334
1.00052
1.88686
1.07649
1.15566
1.12464
1.11559
1.13125
1.34992
1.18688
1.07875
1.64355
1.6499
1.08788
1.4278
1.16073
1.17633
1.69172
1.09903
1.17029
1.29278
1.27463
1.20436
1.17789
2.00852
1.0736
2.05709
1.1973
1.31133
1.06411
1.61201
1.05587
1.22511
1.18089
1.17556
1.57696
1.18934
1.0997
1.16342
1.10472
1.40965
1.24854
1.3278
1.43351
1.04468
1.54837
1.12194
1.23213
1.08586
1.24657
1.03375
1.07636
1.181
1.23731
1.13583
1.15953
1.88413
1.13687
1.54524
1.26624
1.16576
1.71605
1.21235
2.05903
1.14892
1.20818
1.5843
1.12306
1.4604
1.66977
1.29533
1.40087
1.10346
1.30709
1.09627
1.28675
1.09038
1.05949
1.05315
1.36055
1.06722
1.06986
1.11819
1.72231
1.1076
2.0513
1.03835
1.00172
1.56334
1.61015
1.40149
1.28679
1.74043
1.34425
1.51879
1.16876
1.1653
1.11717
1.7591
1.18512
1.13563
1.05987
2.17947
1.13567
1.03947
1.25177
1.1127
1.47879
1.3462
1.27004
1.20654
1.10079
1.08509
1.56271
1.20521
1.25834
1.5452
1.03526
1.0229
1.01767
1.69901
1.07922
1.14606
1.70633
1.01665
1.21097
1.2752
1.14854
1.1391
1.02932
1.05453
1.07747
1.16301
1.58396
1.60487
1.01294
1.23368
1.51243
1.14295
1.08224
1.10724
1.06622
1.19495
1.44257
2.19094
1.06253
1.55978
1.34427
1.58206
1.27857
1.17396
1.24089
1.16472
1.0356
1.91788
1.19071
1.00953
1.02473
1.00083
1.62916
1.1377
1.02534
1.05552
1.73811
1.19884
1.29504
1.1028
1.05151
1.41606
1.31818
1.07444
1.35865
1.16083
1.05204
1.71501
1.13054
1.4514
1.12551
1.29007
1.01244
1.09443
1.76608
1.0962
1.84482
1.16232
1.29332
1.39287
2.03636
1.04727
1.65671
1.29519
1.01721
1.56915
1.10122
1.27865
1.53637
1.30029
1.57146
1.2926
1.13155
1.2841
1.5293
1.1114
1.14406
1.68895
1.2926
1.00958
1.09352
1.77006
1.00725
1.13672
1.17481
1.1495
1.28046
2.27073
1.15053
1.07391
1.61169
1.10938
1.10861
1.18771
1.10293
1.13923
1.47772
1.21303
1.11105
1.30897
1.5927
1.21542
1.6114
1.10605
1.0733
1.08048
1.11433
1.2041
1.33327
1.16517
1.49929
1.59656
1.47424
1.23012
1.26041
1.60203
1.12328
1.26982
1.1706
1.14129
1.08245
1.69115
1.04888
1.09174
1.23522
1.25206
1.05656
1.15474
1.18154
1.72361
1.36155
1.39635
1.49458
1.58608
1.13937
1.11632
1.36999
1.19528
1.0349
1.40455
1.05625
1.08568
1.14557
1.03897
1.54653
1.18879
1.00603
1.25798
1.16008
1.3449
1.33678
1.35486
1.00978
1.10246
1.18024
1.2247
1.29461
1.17673
1.32207
1.18634
1.16096
1.93548
1.06515
1.32784
1.09587
1.85914
1.39977
1.09928
1.15574
1.36198
1.06962
1.17259
1.02144
1.00036
1.06767
1.11034
1.43001
1.00862
1.2539
1.25111
1.41783
1.19975
1.10641
1.11885
1.05019
2.04222
1.31996
1.68958
1.06539
1.24665
2.08595
1.47323
1.19001
1.10304
1.159
1.68038
1.36089
1.25036
1.2181
1.2265
1.0422
1.4408
1.18815
1.03263
1.55049
2.23154
1.55967
1.01183
1.46602
1.04542
1.15013
1.1515
1.50221
1.23395
1.31105
1.16673
2.1646
1.03629
1.10608
1.80481
1.0535
1.03318
1.12233
1.29075
1.16961
1.41231
1.05819
1.71286
1.21772
1.46343
1.48055
1.18431
1.06028
1.19848
1.1764
1.38508
1.06166
1.61562
1.08635
2.3398
1.06623
1.50518
1.28912
1.12608
1.11654
1.84452
1.3801
1.34753
1.1333
1.02644
1.75107
1.61884
1.11974
1.22514
1.40673
1.72165
1.71292
2.181
1.25834
1.09985
1.09248
1.57627
1.04892
1.07659
1.10268
1.6466
1.40677
1.12035
1.45923
1.1367
1.08828
1.24466
1.42949
1.14223
1.28674
1.08483
1.28811
1.08489
1.0951
1.1901
1.13122
1.23664
1.62362
1.15663
1.11902
1.13208
1.33855
1.10852
1.01452
1.1489
1.7807
1.07646
1.48474
1.22773
1.37961
1.19567
1.06622
1.24626
1.10934
1.11361
1.74323
1.09
1.39649
1.1222
1.06932
1.11003
2.05416
1.51302
1.1845
1.28751
1.16358
1.1809
1.07782
1.72261
1.1402
1.5118
1.14023
1.11825
1.49863
1.15089
1.00206
1.87912
1.10737
1.08882
2.05574
1.85592
1.41519
1.07164
1.03532
1.56811
1.0909
2.65765
1.04738
1.06065
1.06555
1.42356
1.29454
1.03669
1.11613
1.1153
1.23077
1.13102
1.69179
1.54994
1.12077
1.13893
1.00036
1.20033
1.84615
1.25069
1.06711
1.22568
1.07764
1.38489
1.38143
1.21669
1.38742
1.35756
1.43026
1.09026
1.18033
1.33437
1.59568
1.17716
1.10248
1.08549
1.13475
1.12353
1.42805
1.47642
1.56951
1.17415
1.79808
1.17295
1.11523
1.09342
1.32746
1.0899
1.04105
1.12706
1.11642
1.08073
1.11291
1.02753
1.11009
1.0776
1.33976
1.04823
1.07782
1.3907
1.33145
1.25642
1.01734
1.09882
1.06379
1.54089
1.23736
1.0625
1.19299
1.38355
1.09124
1.2292
1.63685
1.25347
1.49131
1.57337
1.54507
1.35246
1.26918
1.1363
1.97465
1.16989
1.35709
1.2043
1.03441
1.55194
1.17163
1.34163
1.13363
1.1122
1.50654
1.39587
1.18626
1.29771
1.851
1.75567
1.10385
1.20978
1.03891
1.17625
1.08706
1.22961
1.02749
1.06333
2.01303
2.07048
1.14194
1.15179
1.63943
1.05967
1.43104
1.27769
1.58439
1.27458
1.12659
1.68086
1.59905
1.7029
1.38829
1.01406
2.09009
1.75469
1.37047
1.09628
1.29392
1.50762
1.25061
1.37779
1.06563
1.13444
1.11041
1.20683
2.04428
1.35034
1.19268
1.13901
1.17456
1.39229
1.24279
1.47596
1.10651
1.16886
1.42948
1.42863
2.01949
1.0766
1.29571
2.06226
1.28509
1.21482
1.34831
1.0055
1.02275
1.25914
1.33941
1.20262
1.13889
1.10694
1.18975
1.64759
1.09033
1.1298
1.45176
1.0686
1.50069
1.34195
1.17503
1.5958
1.15788
1.05054
1.10326
1.42717
1.34018
1.36618
1.25302
1.22666
1.05259
1.71796
1.58411
1.39944
1.48112
1.74407
1.79775
1.36169
1.51233
2.01382
1.1311
1.83991
1.78848
1.88069
1.09643
1.54661
1.02131
1.01248
1.15735
1.59566
1.29608
1.00912
1.1273
1.09096
1.12744
1.39549
1.19111
1.58109
1.24019
1.35907
1.45749
1.26304
1.0962
1.23829
1.00041
1.1729
1.39434
1.60649
1.40871
1.89518
1.41731
1.78573
1.07316
1.17125
1.10758
1.07798
1.11815
1.12659
1.02834
1.26719
1.06554
1.60921
1.16245
1.44212
1.84845
1.02588
1.17157
2.22431
1.07939
1.32611
1.07868
1.16319
1.27164
1.14798
1.5472
1.64532
1.12224
1.79686
1.24374
1.2263
1.51795
1.45448
1.52315
1.03686
1.3969
1.08325
1.05805
1.03891
1.57282
1.33233
1.20851
1.1584
1.09702
1.09052
1.02976
1.17549
1.22777
1.42853
1.29502
1.90195
1.96859
1.87423
1.55906
1.07242
1.29054
1.34656
1.23179
1.32748
1.41386
1.78985
1.1419
1.46567
1.18621
1.17445
1.73852
1.15031
1.29944
1.20536
1.00417
1.6802
1.63015
1.6361
1.5944
1.11348
1.1547
1.10047
1.16852
1.20433
1.15191
1.05537
1.32064
1.1279
1.26936
1.2312
1.35081
1.11837
1.15065
1.2625
1.10907
1.24444
1.12254
1.3158
1.10451
1.07426
1.18711
1.0602
1.46151
1.39339
1.17822
1.17327
1.35479
1.07326
1.52319
1.28011
1.33422
1.24355
1.55416
1.71905
1.27974
1.08267
1.01248
1.16557
1.15711
1.86019
1.15804
1.20054
1.56623
1.48597
1.04693
1.05044
1.68821
1.2222
1.07865
1.16732
1.09018
1.16328
1.0124
1.21468
1.01723
1.71707
1.25419
1.11511
1.23945
1.08704
1.50275
1.42587
1.03052
1.10344
1.46038
1.02707
1.17173
1.2831
1.12054
1.15262
1.662
1.69406
1.68298
1.13901
1.61046
1.84216
1.45129
1.09125
1.05246
1.16417
1.44077
1.50111
1.50781
1.20017
1.00527
1.00881
1.2339
1.38381
1.26863
1.12648
2.43204
1.10269
1.49725
1.28431
1.06633
1.13731
1.30946
1.78008
1.26216
1.18506
1.52275
1.35054
1.0351
1.28065
1.11242
1.40921
1.03269
1.4033
1.50422
1.17566
1.15075
1.14823
1.10245
1.1259
1.49234
1.33903
1.36499
1.39669
1.11569
1.08728
1.1303
1.84761
1.46947
1.38464
1.25154
1.2332
1.04824
1.16848
1.13576
1.18832
1.05757
1.07397
1.3976
1.01459
1.8204
1.07021
1.82162
1.6076
1.12051
1.17711
1.27001
1.72541
1.10661
1.05851
1.08482
1.31419
1.14993
1.23909
1.91999
1.03243
1.30111
1.28523
1.13407
1.29437
1.59677
1.50249
1.56899
1.68411
1.65073
1.26027
1.21786
1.04893
1.4545
1.65779
1.39536
1.05523
2.13292
1.44574
1.02806
1.07238
1.11867
1.16919
1.21615
1.24847
1.75863
1.82194
1.07138
1.65449
1.01601
1.51215
1.54411
1.1012
1.05084
1.06237
1.87443
1.2222
1.08574
1.2497
1.26293
1.28733
1.0888
1.33961
1.12271
1.02021
1.47555
1.17544
1.08985
1.66357
1.18324
1.54453
1.10888
1.09946
1.57661
1.59915
1.19523
1.20387
1.00152
1.2669
1.21759
1.20867
1.51935
1.04292
1.61363
1.44861
1.38536
1.25449
1.36067
1.38944
1.04451
1.63351
1.61592
1.34416
1.03838
1.75667
1.27997
1.12867
1.06272
1.10506
1.01089
1.05247
1.01182
1.04974
1.03014
1.04691
1.00255
1.01595
1.00835
1.11664
1.00476
1.01032
1.00088
1.01332
1.0638
1.02759
1.06524
1.00674
1.00483
1.08376
1.01908
1.00756
1.00243
1.01493
1.02989
1.05251
1.00521
1.07209
1.04912
1.02585
1.02882
1.02605
1.04669
1.0435
1.02421
1.00467
1.13837
1.00335
1.01283
1.0035
1.00925
1.06184
1.03579
1.02793
1.01214
1.0562
1.06247
1.00408
1.0097
1.0772
1.05273
1.00772
1.06135
1.04037
1.04047
1.17044
1.00594
1.08899
1.00788
1.08945
1.00329
1.00399
1.00012
1.00258
1.01115
1.01012
1.00518
1.00436
1.12309
1.00671
1.01219
1.02259
1.02618
1.01859
1.02784
1.0075
1.00319
1.01448
1.02214
1.0275
1.01586
1.02759
1.02124
1.00592
1.03854
1.00845
1.1658
1.00176
1.02846
1.02462
1.03515
1.00327
1.04371
1.05513
1.01825
1.04782
1.00882
1.01771
1.02105
1.00818
1.0249
1.02026
1.00393
1.04594
1.02241
1.01056
1.03912
1.02451
1.09681
1.05181
1.00508
1.07666
1.01251
1.02649
1.02119
1.0108
1.0847
1.01711
1.02931
1.0125
1.00428
1.01689
1.05199
1.0099
1.0375
1.03338
1.03963
1.02364
1.05181
1.00835
1.01825
1.08423
1.04309
1.03711
1.05138
1.00647
1.00837
1.05696
1.0153
1.09017
1.01166
1.0547
1.03359
1.00576
1.02497
1.05485
1.00007
1.03904
1.01715
1.0114
1.01564
1.06084
1.00202
1.04873
1.00517
1.00719
1.07311
1.02188
1.02616
1.01222
1.00642
1.00779
1.04752
1.03854
1.02663
1.00655
1.01501
1.02142
1.14574
1.03438
1.01568
1.09162
1.07306
1.02764
1.09322
1.01843
1.02308
1.11421
1.00314
1.00477
1.00248
1.01226
1.01137
1.00141
1.00814
1.00108
1.0426
1.04223
1.03329
1.01259
1.0299
1.01715
1.01155
1.00891
1.04486
1.06436
1.01174
1.02664
1.10623
1.18849
1.00043
1.01992
1.00005
1.03113
1.0067
1.03521
1.0219
1.03679
1.02384
1.00462
1.10017
1.05202
1.01475
1.00879
1.0149
1.02559
1.00735
1.00174
1.02703
1.03419
1.03389
1.03867
1.00732
1.01541
1.00845
1.09853
1.0748
1.00006
1.06262
1.07696
1.0388
1.01626
1.01442
1.0177
1.01595
1.05092
1.03534
1.10724
1.08865
1.02899
1.12839
1.02743
1.29307
1.01454
1.01055
1.01061
1.03913
1.05012
1.00959
1.01555
1.03323
1.1504
1.03702
1.02487
1.07028
1.02425
1.13438
1.01515
1.04354
1.00451
1.0424
1.01175
1.05072
1.01317
1.07257
1.00656
1.0323
1.02579
1.00025
1.04073
1.00953
1.01256
1.00272
1.01844
1.03018
1.02146
1.00884
1.00849
1.01224
1.05662
1.04311
1.00973
1.04352
1.01583
1.00678
1.0135
1.01011
1.07547
1.01424
1.13704
1.01576
1.06996
1.03307
1.00486
1.08375
1.01137
1.03348
1.02023
1.00229
1.04274
1.07632
1.01756
1.01765
1.00198
1.00462
1.00549
1.03672
1.06373
1.07914
1.08978
1.04383
1.00783
1.021
1.02668
1.01827
1.10617
1.02489
1.1251
1.17468
1.0481
1.05342
1.01148
1.03676
1.0059
1.02589
1.00703
1.07251
1.06535
1.04993
1.06633
1.00255
1.01089
1.02495
1.10267
1.03148
1.02244
1.01688
1.08877
1.0192
1.10441
1.01633
1.00741
1.04798
1.11794
1.00521
1.00273
1.00417
1.00619
1.0963
1.00368
1.08902
1.03154
1.01927
1.01872
1.00915
1.03199
1.06091
1.05561
1.02022
1.02114
1.01784
1.035
1.01152
1.02116
1.02677
1.13093
1.03175
1.00682
1.03452
1.02466
1.00323
1.03283
1.04952
1.00839
1.00497
1.0079
1.04003
1.01068
1.06337
1.09118
1.00286
1.12145
1.03154
1.08238
1.0203
1.02134
1.03503
1.0755
1.00322
1.16918
1.02752
1.01348
1.10887
1.09839
1.03006
1.01402
1.03873
1.07404
1.11453
1.05887
1.01386
1.01379
1.01068
1.12034
1.02007
1.10436
1.04148
1.00318
1.0519
1.00948
1.01493
1.054
1.06077
1.07589
1.00756
1.00829
1.00543
1.1473
1.00949
1.05847
1.01976
1.04095
1.05018
1.00964
1.02828
1.01112
1.04145
1.0067
1.0323
1.04737
1.01198
1.01797
1.06149
1.03596
1.08701
1.00389
1.00449
1.01404
1.11377
1.00796
1.00774
1.0142
1.0865
1.00516
1.06599
1.01084
1.0292
1.03518
1.03024
1.03776
1.07368
1.0158
1.11081
1.02673
1.04877
1.02464
1.0041
1.01415
1.00363
1.00613
1.00433
1.0223
1.01998
1.01397
1.05776
1.0084
1.03445
1.00967
1.03879
1.0207
1.04279
1.01609
1.02101
1.0032
1.05823
1.0528
1.00741
1.00965
1.16059
1.01458
1.02762
1.04754
1.00458
1.00256
1.02395
1.01016
1.02123
1.01361
1.0202
1.01514
1.017
1.00968
1.02335
1.00467
1.03913
1.0131
1.0046
1.01608
1.00952
1.02654
1.01142
1.01649
1.02375
1.04784
1.04311
1.0136
1.02471
1.04152
1.02619
1.02473
1.15693
1.12827
1.09406
1.00893
1.1236
1.01241
1.09046
1.0064
1.03029
1.05897
1.1074
1.12317
1.15785
1.01797
1.01767
1.02012
1.01778
1.00424
1.02902
1.04578
1.01392
1.02098
1.01446
1.0954
1.01045
1.00186
1.00576
1.1014
1.05207
1.04989
1.0095
1.02669
1.01301
1.00968
1.00637
1.0111
1.03392
1.05036
1.02716
1.0004
1.13841
1.07781
1.06989
1.04503
1.0215
1.00789
1.02966
1.07817
1.13127
1.00704
1.01891
1.01825
1.00416
1.15622
1.143
1.01133
1.00857
1.03214
1.00226
1.02754
1.03827
1.0036
1.07285
1.04645
1.01862
1.0155
1.00992
1.00413
1.01209
1.02014
1.01792
1.07557
1.01663
1.03685
1.01791
1.01195
1.05688
1.05433
1.01106
1.0125
1.01487
1.02781
1.00747
1.02419
1.01837
1.02249
1.02407
1.05432
1.0165
1.01433
1.00674
1.00492
1.03313
1.01187
1.01621
1.00938
1.04828
1.01059
1.00698
1.04441
1.03111
1.00328
1.08679
1.06252
1.00489
1.00507
1.01323
1.03578
1.03941
1.02212
1.04569
1.0616
1.08978
1.01524
1.11253
1.01035
1.09014
1.01456
1.05031
1.17922
1.26461
1.01984
1.08086
1.0054
1.01145
1.00621
1.01075
1.00792
1.04108
1.00823
1.03386
1.03461
1.02359
1.13109
1.01395
1.04688
1.02418
1.18869
1.04028
1.01832
1.02208
1.01797
1.01841
1.04292
1.05227
1.01818
1.03116
1.09605
1.07282
1.10613
1.01414
1.06655
1.01815
1.01624
1.06588
1.03552
1.04473
1.00691
1.00732
1.18697
1.02772
1.04664
1.00912
1.08858
1.02688
1.00585
1.02401
1.00924
1.02499
1.01954
1.01054
1.01288
1.01544
1.07494
1.03564
1.0084
1.00144
1.02769
1.04117
1.00907
1.01585
1.00668
1.00362
1.05344
1.20485
1.02459
1.03534
1.02777
1.03326
1.17218
1.01068
1.00315
1.06174
1.00138
1.05502
1.00752
1.00448
1.01465
1.01973
1.02738
1.00822
1.03341
1.13101
1.0636
1.00167
1.0677
1.08507
1.03918
1.01031
1.08564
1.00649
1.01919
1.01771
1.0116
1.00034
1.02092
1.00976
1.10434
1.01164
1.00676
1.05862
1.01016
1.0041
1.03952
1.00908
1.01525
1.03866
1.06114
1.00285
1.00506
1.00907
1.01691
1.00401
1.01465
1.03249
1.01025
1.05605
1.03374
1.00512
1.00642
1.07498
1.03054
1.07746
1.07254
1.01121
1.00724
1.02186
1.05756
1.0077
1.05295
1.02493
1.00691
1.04566
1.01102
1.0726
1.00694
1.00912
1.11439
1.06498
1.04033
1.00156
1.07178
1.00951
1.05811
1.07033
1.01715
1.00456
1.061
1.03087
1.00534
1.01075
1.05553
1.0745
1.03662
1.08461
1.03925
1.01334
1.00684
1.01187
1.07154
1.00664
1.06692
1.01952
1.06545
1.12453
1.02528
1.1186
1.03172
1.10481
1.00218
1.01883
1.00495
1.0615
1.01925
1.01935
1.00555
1.20077
1.02935
1.00472
1.00517
1.06599
1.01804
1.0158
1.01468
1.01637
1.05012
1.02446
1.01481
1.00888
1.03039
1.04995
1.03852
1.03175
1.00893
1.01317
1.05568
1.00551
1.07137
1.05843
1.01593
1.05252
1.07088
1.06554
1.04475
1.05072
1.00629
1.00384
1.02346
1.02053
1.01255
1.1173
1.00385
1.0398
1.06935
1.05615
1.08557
1.03531
1.02853
1.10017
1.00506
1.04129
1.00886
1.03317
1.007
1.08015
1.00729
1.00695
1.00332
1.02526
1.07792
1.00369
1.03164
1.00481
1.00962
1.04149
1.02261
1.04576
1.01281
1.02378
1.03073
1.0288
1.07728
1.00246
1.00076
1.00492
1.06169
1.00548
1.03699
1.0125
1.00942
1.04852
1.00222
1.00266
1.03964
1.00257
1.09295
1.03754
1.09007
1.012
1.02856
1.04722
1.00597
1.01161
1.00474
1.02761
1.09593
1.04194
1.02498
1.05145
1.0067
1.01802
1.03389
1.00978
1.01834
1.04164
1.00361
1.0051
1.01377
1.02218
1.00177
1.01575
1.03103
1.01533
1.05301
1.04071
1.03645
1.06899
1.05867
1.00579
1.05665
1.17378
1.00538
1.00181
1.09358
1.0048
1.00632
1.01355
1.10301
1.09696
1.06586
1.08473
1.00882
1.13103
1.00661
1.00873
1.14684
1.05783
1.0042
1.03353
1.02009
1.01052
1.00496
1.13177
1.00374
1.04605
1.00822
1.04483
1.1114
1.01111
1.12598
1.00497
1.07798
1.00563
1.01566
1.02625
1.00718
1.0169
1.00531
1.07106
1.07688
1.05103
1.00873
1.00745
1.01923
1.01102
1.01935
1.02262
1.01411
1.01714
1.01185
1.07835
1.05751
1.03513
1.02026
1.01095
1.15278
1.01349
1.00749
1.00265
1.00508
1.04439
1.03838
1.00658
1.02084
1.06036
1.02072
1.10072
1.01077
1.18557
1.0308
1.01816
1.00815
1.05312
1.06052
1.01427
1.0261
1.02302
1.0173
1.01594
1.01876
1.01084
1.05247
1.01181
1.04968
1.03014
1.04692
1.00256
1.01595
1.00834
1.11664
1.0048
1.0103
1.00088
1.01332
1.06373
1.02756
1.06524
1.00672
1.00483
1.08376
1.01908
1.00755
1.00243
1.01492
1.02989
1.05251
1.00521
1.07209
1.04912
1.02586
1.02882
1.02602
1.0467
1.04352
1.02422
1.00467
1.13837
1.00335
1.01283
1.00348
1.00926
1.06186
1.03584
1.02791
1.01214
1.05622
1.06251
1.00408
1.00974
1.07723
1.05275
1.00769
1.06136
1.04038
1.04045
1.17045
1.00594
1.08899
1.0079
1.08943
1.00328
1.00397
1.00012
1.00258
1.01112
1.01012
1.00519
1.00433
1.12309
1.00672
1.01218
1.02259
1.02615
1.01856
1.02783
1.0075
1.00316
1.01449
1.02216
1.0275
1.01586
1.02757
1.02131
1.0059
1.03859
1.00843
1.16522
1.00175
1.02846
1.02458
1.03513
1.00328
1.04369
1.0552
1.01825
1.04786
1.00882
1.01771
1.02105
1.00818
1.02487
1.02026
1.00388
1.04599
1.02242
1.01056
1.03914
1.02451
1.09683
1.05181
1.00504
1.07662
1.01253
1.0265
1.02121
1.01083
1.0847
1.01711
1.02928
1.01251
1.00427
1.0169
1.05197
1.0099
1.03744
1.03331
1.03959
1.02364
1.05181
1.00835
1.0183
1.08423
1.0431
1.03711
1.05138
1.00648
1.00836
1.05696
1.01534
1.09019
1.01166
1.0547
1.03362
1.00572
1.02489
1.05486
1.00007
1.03904
1.01716
1.01141
1.01556
1.06081
1.00201
1.04865
1.00517
1.00717
1.07284
1.02191
1.02615
1.01222
1.00648
1.00779
1.04748
1.03859
1.02661
1.00656
1.01499
1.02142
1.14573
1.03442
1.01569
1.0916
1.07306
1.02767
1.09321
1.01843
1.0231
1.11421
1.00314
1.00477
1.00247
1.01226
1.0114
1.0014
1.00817
1.00108
1.04261
1.04222
1.03329
1.01261
1.02995
1.01715
1.01156
1.00889
1.04485
1.06434
1.01176
1.02667
1.10622
1.18849
1.00047
1.01993
1.00007
1.03119
1.00671
1.03523
1.02195
1.03689
1.02384
1.00464
1.10024
1.05204
1.01473
1.00879
1.0149
1.02559
1.00737
1.00174
1.02695
1.03416
1.03389
1.03867
1.00736
1.01541
1.00849
1.09855
1.07481
1.00006
1.06264
1.07696
1.03879
1.01627
1.01443
1.0177
1.01595
1.05095
1.03534
1.10725
1.08867
1.02896
1.12837
1.02743
1.29307
1.01456
1.01052
1.01073
1.03912
1.05012
1.00961
1.01558
1.03321
1.1504
1.03708
1.02481
1.07027
1.02429
1.1344
1.01511
1.04342
1.00449
1.04238
1.01173
1.05071
1.01314
1.07265
1.00657
1.03231
1.02576
1.00028
1.04072
1.00956
1.01263
1.00271
1.01844
1.0302
1.02144
1.00883
1.0085
1.01224
1.05666
1.0431
1.00972
1.04356
1.01583
1.00675
1.01351
1.01011
1.07539
1.01424
1.13704
1.0158
1.06999
1.03317
1.00483
1.08375
1.0114
1.03351
1.02023
1.0023
1.04274
1.07637
1.01762
1.01765
1.00199
1.00462
1.00547
1.03672
1.06379
1.07918
1.08975
1.04385
1.00786
1.02105
1.02668
1.01831
1.10617
1.0249
1.12519
1.17465
1.04807
1.05342
1.01148
1.0368
1.0059
1.02584
1.00703
1.07247
1.06528
1.0499
1.06636
1.00256
1.01088
1.02497
1.10264
1.03148
1.02252
1.01689
1.08874
1.0192
1.10445
1.01635
1.0074
1.04802
1.11794
1.00522
1.00274
1.00417
1.00619
1.09654
1.00364
1.08901
1.03154
1.01929
1.0187
1.00908
1.03199
1.06109
1.05556
1.02024
1.02114
1.0178
1.03503
1.01151
1.02121
1.02673
1.13091
1.03175
1.00681
1.03453
1.02465
1.00323
1.03293
1.0495
1.00839
1.00499
1.00793
1.03987
1.01062
1.06338
1.09116
1.00287
1.1215
1.03156
1.08235
1.0203
1.02139
1.03498
1.07548
1.0032
1.16918
1.02749
1.01348
1.10887
1.0984
1.03006
1.01402
1.03878
1.07409
1.11452
1.05891
1.01392
1.01383
1.01065
1.12031
1.02016
1.10436
1.04148
1.00313
1.05192
1.00946
1.01492
1.05401
1.06077
1.07595
1.00757
1.00833
1.00545
1.14728
1.0095
1.05847
1.01977
1.04106
1.05011
1.00961
1.02825
1.01112
1.04147
1.0067
1.03233
1.04733
1.01199
1.01797
1.06146
1.03599
1.08701
1.00385
1.00449
1.01402
1.11313
1.00795
1.00773
1.01421
1.08645
1.00515
1.06598
1.01088
1.02923
1.03518
1.03023
1.03776
1.07368
1.01581
1.11079
1.02673
1.04877
1.02467
1.0041
1.01413
1.00363
1.00613
1.00438
1.02231
1.01992
1.014
1.05777
1.00837
1.03445
1.00965
1.03881
1.0207
1.04279
1.01604
1.02105
1.00324
1.05826
1.0528
1.00743
1.0097
1.16065
1.01457
1.02761
1.04757
1.00447
1.00253
1.02397
1.01016
1.02124
1.01357
1.02019
1.01514
1.017
1.00968
1.02336
1.00465
1.03915
1.01314
1.00458
1.01604
1.00953
1.02651
1.01147
1.01649
1.02331
1.04786
1.04337
1.01362
1.02475
1.04151
1.02619
1.02476
1.15692
1.1283
1.09406
1.00893
1.1236
1.01248
1.09046
1.0064
1.03028
1.05897
1.10735
1.12313
1.15783
1.01796
1.01766
1.02012
1.0178
1.00425
1.02902
1.04578
1.01391
1.021
1.01447
1.09537
1.01043
1.00188
1.00576
1.10141
1.05204
1.04994
1.0095
1.02669
1.01301
1.00966
1.00637
1.01106
1.03392
1.05037
1.02718
1.00042
1.13841
1.07775
1.06989
1.04502
1.02152
1.00791
1.02971
1.07818
1.13127
1.00704
1.01897
1.01825
1.00421
1.15622
1.14374
1.0113
1.00853
1.03214
1.00226
1.02751
1.03824
1.00361
1.07283
1.04652
1.01865
1.01557
1.00992
1.00412
1.01207
1.02014
1.01786
1.07556
1.01663
1.03689
1.01793
1.01191
1.05689
1.05436
1.01108
1.01248
1.01486
1.02781
1.00746
1.02416
1.01835
1.02244
1.02402
1.05431
1.01651
1.01433
1.00666
1.00492
1.03307
1.01192
1.01621
1.00937
1.04823
1.01058
1.00696
1.04443
1.03112
1.0033
1.08679
1.06256
1.00489
1.00506
1.01323
1.03572
1.03945
1.02214
1.04565
1.06159
1.08969
1.01526
1.11251
1.01035
1.09015
1.01456
1.05031
1.17921
1.26458
1.01988
1.08086
1.0054
1.01147
1.00619
1.01075
1.00788
1.04108
1.00819
1.03382
1.03461
1.02362
1.13108
1.01396
1.04688
1.02417
1.18869
1.04029
1.01833
1.02208
1.01797
1.01842
1.04292
1.05232
1.01814
1.03105
1.09605
1.07283
1.10616
1.01419
1.06649
1.01814
1.01623
1.06588
1.03552
1.04471
1.00694
1.00734
1.18701
1.02772
1.04672
1.00912
1.08858
1.02688
1.00585
1.024
1.00915
1.02502
1.01954
1.01054
1.01288
1.01542
1.07493
1.03563
1.0084
1.00147
1.02771
1.04117
1.00907
1.0159
1.00674
1.00362
1.05343
1.20487
1.02458
1.03541
1.02783
1.03328
1.17222
1.01068
1.00315
1.0618
1.00139
1.05503
1.00753
1.00449
1.01462
1.0198
1.02739
1.00822
1.03343
1.13103
1.06362
1.00167
1.0677
1.08507
1.03918
1.01032
1.08564
1.00644
1.01921
1.01771
1.01162
1.00036
1.02096
1.00978
1.10435
1.01166
1.00678
1.05862
1.01012
1.00404
1.03951
1.00911
1.01524
1.03874
1.06114
1.00287
1.00509
1.00908
1.01693
1.00403
1.01464
1.03248
1.01025
1.05603
1.03374
1.00512
1.00644
1.07491
1.03054
1.07748
1.07254
1.01121
1.00724
1.02186
1.05754
1.0077
1.05295
1.02471
1.00691
1.04562
1.01103
1.0726
1.00693
1.00911
1.11439
1.06491
1.04031
1.00157
1.0718
1.0095
1.05808
1.07036
1.01714
1.00461
1.06105
1.03087
1.00532
1.01079
1.05554
1.0745
1.03662
1.08461
1.03924
1.01337
1.00679
1.01189
1.07154
1.00668
1.06692
1.01952
1.06544
1.12451
1.02528
1.1186
1.03172
1.10481
1.00217
1.01884
1.00496
1.06152
1.01924
1.01937
1.00578
1.20079
1.02937
1.00474
1.00517
1.06601
1.01806
1.01582
1.01466
1.0164
1.05004
1.02452
1.01481
1.00888
1.0304
1.04996
1.03848
1.03175
1.00896
1.0132
1.05567
1.00551
1.07134
1.05842
1.01591
1.05243
1.07091
1.06549
1.04481
1.0507
1.00629
1.00384
1.02347
1.02053
1.01255
1.11732
1.00387
1.0398
1.06927
1.05616
1.08557
1.03535
1.02852
1.10016
1.00506
1.0413
1.00885
1.0332
1.00702
1.08013
1.00729
1.00694
1.00331
1.02527
1.07792
1.00369
1.03164
1.00482
1.00961
1.04151
1.02263
1.04586
1.0128
1.02378
1.03076
1.02884
1.07733
1.00249
1.00077
1.00495
1.06176
1.00545
1.03702
1.0125
1.00942
1.0485
1.00226
1.00267
1.03967
1.00257
1.09302
1.03762
1.09008
1.01202
1.02854
1.04725
1.00597
1.0116
1.00476
1.02766
1.09596
1.04196
1.02494
1.05147
1.00675
1.01799
1.03391
1.00976
1.01835
1.04161
1.00361
1.00509
1.01377
1.02218
1.00173
1.01567
1.03105
1.01533
1.05301
1.04072
1.03645
1.06902
1.05866
1.00584
1.05665
1.17382
1.00538
1.00181
1.09359
1.00479
1.00632
1.01358
1.10301
1.0969
1.06585
1.08476
1.00886
1.13106
1.00663
1.00874
1.14686
1.05788
1.00418
1.03356
1.02008
1.01053
1.00495
1.13177
1.00375
1.04605
1.00821
1.04479
1.1114
1.01111
1.12594
1.00496
1.07796
1.00561
1.01569
1.02618
1.00718
1.0169
1.00532
1.07106
1.07682
1.05107
1.00874
1.00744
1.01931
1.01101
1.01917
1.02261
1.01405
1.01709
1.01185
1.07835
1.05751
1.03521
1.02025
1.01097
1.15277
1.01348
1.0075
1.00264
1.00509
1.04428
1.0384
1.0064
1.02084
1.06057
1.02071
1.10073
1.01075
1.18557
1.03078
1.01826
1.00815
1.05312
1.06053
1.01432
1.02613
1.02305
1.01727
1.01595
1.01876
