1.00191
1.00173
1.00087
1.00105
1.00858
1.06193
1.01932
1.05584
1.0029
1.00766
1.00033
1.01314
1.00171
1.08934
1.00859
1.02207
1.11836
1.00173
1.01608
1.04445
1.01333
1.00359
1.05639
1.00382
1.00473
1.0271
1.01467
1.00892
1.01743
1.027
1.02272
1.01189
1.00374
1.00993
1.00901
1.00473
1.03117
1.05172
1.00768
1.0076
1.03263
1.00331
1.00195
1.02172
1.01122
1.00854
1.00078
1.00975
1.00761
1.0165
1.00723
1.00322
1.0568
1.01162
1.00903
1.00357
1.01353
1.00125
1.03352
1.00685
1.01233
1.02777
1.0184
1.0206
1.00453
1.01769
1.01354
1.00062
1.01113
1.05516
1.01124
1.03357
1.00672
1.00354
1.02185
1.00464
1.03976
1.00987
1.06364
1.00121
1.04245
1.1298
1.03151
1.00321
1.12644
1.00939
1.00373
1.00494
1.00916
1.01273
1.03541
1.02542
1.00529
1.01356
1.03672
1.00283
1.0355
1.00729
1.00806
1.00763
1.0118
1.0045
1.0003
1.00402
1.00253
1.02553
1.02541
1.00418
1.02299
1.02428
1.00405
1.00424
1.00834
1.00426
1.01331
1.00839
1.03913
1.00361
1.03934
1.00591
1.00299
1.01041
1.00254
1.00325
1.00275
1.00164
1.03064
1.00632
1.00482
1.03066
1.01256
1.00108
1.01157
1.0116
1.0581
1.00682
1.01012
1.00027
1.00633
1.00382
1.00798
1.00431
1.03877
1.08144
1.02124
1.03671
1.01118
1.03084
1.00216
1.00051
1.0877
1.00184
1.01717
1.01889
1.12934
1.00236
1.00741
1.00263
1.01586
1.00328
1.00415
1.00191
1.00896
1.00321
1.02442
1.00276
1.00984
1.00732
1.11155
1.01326
1.00521
1.08118
1.00626
1.04648
1.00426
1.00698
1.01713
1.06506
1.07737
1.00697
1.07912
1.05974
1.00907
1.01383
1.00958
1.02101
1.04175
1.02815
1.00443
1.00307
1.01228
1.00489
1.04814
1.00089
1.00569
1.00417
1.00649
1.01778
1.01498
1.00244
1.01792
1.13611
1.1642
1.03665
1.05312
1.01557
1.02143
1.13925
1.01172
1.00594
1.00938
1.01926
1.01611
1.00543
1.02941
1.00209
1.10573
1.03381
1.01232
1.01425
1.0101
1.07524
1.09361
1.0109
1.03598
1.01508
1.06171
1.00109
1.01301
1.02723
1.02216
1.00413
1.01634
1.00265
1.0051
1.05423
1.00236
1.03905
1.03519
1.02028
1.00764
1.03422
1.02251
1.0025
1.01711
1.00095
1.02379
1.00747
1.01531
1.01046
1.00542
1.0135
1.01353
1.01199
1.0014
1.01722
1.04922
1.0275
1.00873
1.0503
1.02046
1.00097
1.04375
1.04726
1.05334
1.00273
1.10309
1.01496
1.02341
1.07012
1.00316
1.07146
1.01638
1.006
1.00659
1.00183
1.00185
1.01486
1.00688
1.02676
1.0344
1.00849
1.00041
1.00295
1.00189
1.00193
1.00395
1.02443
1.00956
1.01942
1.01351
1.0151
1.00162
1.00839
1.0064
1.00748
1.03195
1.00896
1.01169
1.01983
1.02072
1.00412
1.00837
1.02228
1.00762
1.02515
1.0084
1.01231
1.00684
1.01278
1.01416
1.06925
1.00671
1.01201
1.01595
1.01437
1.00292
1.02245
1.04905
1.00613
1.00277
1.02027
1.00651
1.01209
1.00165
1.05553
1.01092
1.0125
1.04298
1.01113
1.039
1.01505
1.01503
1.06549
1.01899
1.00573
1.05819
1.00072
1.05924
1.08803
1.00342
1.01995
1.02201
1.06843
1.00734
1.01464
1.00435
1.00956
1.01356
1.00401
1.00027
1.04451
1.00044
1.00269
1.00022
1.01791
1.00518
1.05801
1.01023
1.00914
1.01323
1.00311
1.00957
1.00503
1.00232
1.03725
1.00871
1.00534
1.00164
1.03696
1.01322
1.01687
1.00838
1.00317
1.01917
1.09632
1.02865
1.00886
1.03721
1.01911
1.00244
1.01373
1.01151
1.02214
1.00217
1.00262
1.02128
1.0056
1.00726
1.00855
1.0196
1.05129
1.007
1.04242
1.00394
1.02136
1.01727
1.06682
1.03487
1.00251
1.00127
1.03431
1.01081
1.00409
1.00647
1.03661
1.00578
1.01056
1.10042
1.02245
1.0112
1.00247
1.00288
1.01544
1.06713
1.00765
1.11019
1.03179
1.00918
1.02116
1.0689
1.00156
1.01144
1.04053
1.02108
1.01522
1.00898
1.00556
1.00965
1.00125
1.00502
1.07098
1.00387
1.0039
1.05424
1.00691
1.00899
1.01123
1.03304
1.02257
1.01027
1.00382
1.025
1.04716
1.00253
1.02616
1.04888
1.00131
1.05249
1.02018
1.01259
1.00938
1.03758
1.01595
1.03
1.05522
1.03241
0.999428
1.03983
1.01016
1.02474
1.00328
1.00338
1.00691
1.01098
1.03151
1.03172
1.00772
1.07483
1.0099
1.00123
1.00771
1.00371
1.01652
1.00875
1.00263
1.00447
1.03027
1.00656
1.00419
1.00383
1.03071
1.00566
1.00254
1.02563
1.00194
1.00284
1.00315
1.01071
1.00044
1.01168
1.01264
1.05484
1.00505
1.01445
1.02959
1.02434
1.01997
1.00083
1.00431
1.00201
1.01032
1.00054
1.08904
1.03972
1.00439
1.00619
1.0688
1.00666
1.00299
1.00366
1.00502
1.0018
1.00778
1.00056
1.00809
1.00397
1.00607
1.02192
1.00246
1.01241
1.00663
1.04401
1.02022
1.01673
1.00617
1.01285
1.0511
1.00483
1.02423
1.05498
1.00185
1.0101
1.00206
1.00563
1.0115
1.00919
1.00388
1.00016
1.04314
1.005
1.00556
1.00834
1.04913
1.00227
1.01349
1.00092
1.02556
1.05365
1.02479
1.00339
1.00493
1.00474
0.999774
0.998337
1.00118
1.00558
1.0509
1.00289
1.01809
1.00671
1.0145
1.01156
1.00152
1.0037
1.00812
1.03861
1.00993
1.01271
1.01269
1.03407
1.00548
0.999942
1.00387
1.03299
1.01567
1.00376
1.00579
1.00832
1.00555
1.00915
1.15742
1.00899
1.09895
1.0026
1.00213
1.02578
1.01587
1.01404
1.00518
1.01693
1.04533
1.00785
1.00587
1.01066
1.0044
1.05036
1.02504
1.0357
1.00329
1.04191
1.00541
1.08064
1.04515
1.00906
1.01909
1.02959
1.0056
1.01078
1.0093
1.00314
1.01288
1.03322
1.00383
1.10727
1.00236
1.02752
1.01701
1.00054
1.00734
1.03006
1.00615
1.00215
1.01227
1.05853
1.02006
1.01925
1.00197
1.00201
1.01025
1.0232
1.00313
1.0102
1.00141
1.01328
1.01003
1.00339
1.01146
1.00154
1.04021
1.01712
1.0094
1.00966
1.01927
1.00178
1.0089
1.01213
1.02019
1.00152
1.00156
1.00596
1.02308
1.00726
1.01915
1.00323
1.00616
1.01226
1.02371
1.06868
1.01119
1.01951
1.01085
1.00596
1.02211
1.00816
1.07875
1.00822
1.00611
1.0113
1.01969
1.04403
1.0491
1.1025
1.00303
1.03544
1.00611
1.00953
1.02514
1.00276
1.00558
1.00561
1.00938
1.01869
1.01555
1.04696
1.06206
1.04114
1.00847
0.999867
1.02337
1.00265
1.03895
1.01136
1.01437
1.03429
1.00344
1.00398
1.0006
1.08884
1.01011
1.02668
1.00652
1
1.00115
1.00231
1.00709
1.01075
1.08505
1.05914
1.00168
1.00492
1.02841
1.00463
1.00026
1.00272
1.10052
1.00299
1.03213
1.07335
1.00139
1.00716
1.01157
1.00193
1.00488
1.00526
1.01304
1.02474
1.00849
1.00088
1.01698
1.00483
1.01656
1.00043
1.01953
1.0049
1.01391
1.07342
1.00012
1.00505
1.11116
1.01139
1.003
1.00173
1.00589
1.03239
1.00157
1.01644
1.00565
1.0144
1.04453
1.00716
1.0825
1.05858
1.00045
1.00316
1.00378
1.10032
1.00826
1.01067
1.00213
1.0025
1.06675
1.00733
1.0016
1.01124
1.00605
1.0148
1.00126
1.02215
1.00586
1.01291
1.00762
1.01692
1.01151
1.00043
1.10172
1.00389
1.00202
1.00718
1.03038
1.01272
1.00885
1.0063
1.00347
1.01153
1.03044
1.00546
1.01707
1.02586
1.00358
1.00856
1.01521
1.01795
1.00236
1.00401
0.999599
1.06191
1.06112
1.00616
1.01922
1.00858
1.03312
1.00223
1.01289
1.02195
1.02075
1.00774
1.01085
1.06055
1.00111
1.00407
1.00708
1.00373
1.00834
1.0149
1.00278
1.0626
1.01914
1.04988
1.01529
1.00357
1.00193
1.00919
1.00923
1.01227
1.01513
1.00691
1.0221
1.04819
1.00117
1.00833
1.00451
1.00658
1.00666
1.01178
1.00624
1.00501
1.00113
1.00051
1.05753
1.00242
1.04504
1.18047
1.01384
1.01103
1.01168
1.02721
1.02093
1.02193
1.0011
1.00084
1.04469
1.02564
1.00119
1.0443
1.01854
1.01523
1.01393
1.0114
1.00196
1.00298
1.00493
1.00351
1.06289
1.01029
1.00503
1.00158
1.02164
1.02094
1.0536
1.04181
1.02198
1.03697
1.00072
1.00179
1.00569
1.03179
1.03583
1.00425
1.00371
1.00319
1.01803
1.02696
1.00615
1.01939
1.00328
1.00158
1.05382
1.01271
1.00139
1.00253
1.13572
1.1116
1.00795
1.00651
1.06858
0.999252
1.1102
1.00668
1.00959
1.00527
1.10038
1.01209
1.00672
1.00344
1.05566
1.00055
1.01673
1.00575
1.00578
1.00375
1.05737
1.01245
1.02717
1.0059
1.14331
1.00243
1.03489
1.00518
1.01632
1.05357
1.01967
1.00825
1.00038
1.0066
1.11694
1.07427
1.00477
1.02106
1.01116
1.00335
1.00397
1.00408
1.00456
1.00344
1.00026
1.01435
1.01625
1.00449
1.01167
1.00177
1.00276
1.00764
1.02072
1.00247
1.01935
1.01233
1.00767
1.00265
1.01775
1.00305
1.18744
1.013
1.01367
1.00223
1.04213
1.00064
1.01788
1.01538
1.05578
1.01329
1.12901
1.01344
1.0337
1.01731
1.01298
1.00509
1.01562
1.00174
1.00028
1.05857
1.00911
1.0026
1.01767
1.00495
1.00199
1.00009
1.00438
1.00402
1.00386
1.00281
1.01119
1.01412
1.01037
1.00849
1.01163
1.00295
1.03413
1.0274
0.999645
1.06935
1.01497
1.00146
1.0137
1.00815
1.00076
1.00379
1.02757
1.00367
1.01453
1.47971
1.34384
1.02059
1.20392
2.0936
1.42073
1.42406
1.4776
2.3659
1.4347
1.23567
1.35106
1.35207
1.72176
1.19212
1.24509
1.26646
1.52771
1.23215
1.37426
1.16985
1.23679
1.1912
1.8746
2.53809
2.48042
1.52974
1.27253
1.37336
1.28422
1.04478
1.46549
1.28391
1.17415
1.36187
2.3359
1.37097
1.8159
1.3217
1.09805
2.21532
1.25158
1.4282
1.59138
1.2132
1.2292
1.60313
1.53018
1.09616
1.30298
1.5654
1.11141
1.47536
1.2077
1.79875
1.48004
1.11632
1.25329
1.76716
1.32546
1.38495
1.30689
1.20343
1.49907
1.1264
1.49296
2.20732
1.41496
2.16284
1.26606
1.6481
1.69636
1.40105
1.20297
2.11481
1.23797
1.4795
1.28618
1.59022
1.46577
1.20525
1.62582
1.85653
1.02595
1.71041
1.43143
1.51243
1.15017
1.34438
1.60998
1.51177
1.20344
1.04245
1.87261
1.59115
1.30386
1.40431
1.10908
1.72139
1.2969
1.42517
1.19891
1.02797
1.13266
1.2116
1.34791
1.34404
1.15846
1.57661
1.57878
1.15654
1.09648
1.11768
1.42317
1.98459
2.01886
1.74081
1.24406
1.98016
1.83448
1.53438
1.38786
1.22798
1.21821
1.24117
1.67593
1.66783
1.04889
1.37773
1.32979
1.10254
1.10924
1.27358
2.52085
1.24891
1.10817
2.21876
1.39215
1.47324
1.41418
1.27735
1.39922
1.39703
1.37392
1.68167
1.64727
1.30139
1.15897
1.42526
1.25935
1.72994
1.10648
1.31766
1.53715
1.54898
2.11168
1.46911
1.04512
2.06298
1.02612
1.5043
1.25419
1.28348
1.98869
1.26126
1.02262
1.66281
1.45341
1.80779
1.09259
1.09132
1.27325
1.3494
1.6814
1.34464
1.3932
1.93172
1.25813
1.78747
1.34189
1.17785
1.83394
2.01291
1.47249
1.58171
1.25875
1.45002
1.50731
1.30615
1.0941
1.11278
2.16375
1.18122
1.0899
1.90518
1.77719
1.51398
1.30824
1.65967
1.36351
1.76289
1.51004
1.71998
1.1816
1.33051
1.53766
1.79507
1.91084
1.69926
1.39059
1.50307
1.60606
1.5026
1.15769
1.47351
1.47403
1.59996
1.33129
1.33054
1.86658
1.86703
2.45769
1.90168
2.25832
1.26567
1.74526
1.29566
1.59462
1.33119
1.4155
1.41515
1.67542
1.92565
1.48372
1.11144
1.37347
1.33464
1.48693
2.03574
1.77341
1.40713
1.16329
1.89486
1.26215
1.12848
1.10972
1.28926
1.38962
1.265
1.52063
1.04667
1.58433
1.27739
1.94166
1.1525
2.06166
1.2029
1.62619
1.06422
1.39445
1.94373
1.03982
2.34543
1.43666
1.9101
1.66699
1.54877
1.06245
1.90448
1.84981
1.47507
1.2496
1.36191
1.69321
1.12014
1.4041
1.57626
1.50211
1.57806
1.28977
1.32189
1.22437
1.21122
1.30334
1.19051
1.29168
1.05291
1.28399
1.69035
1.37094
1.08735
1.8798
1.68583
1.53726
1.13328
2.11558
1.12115
2.17129
1.39687
1.55376
1.77114
1.36069
1.33527
1.16448
1.71358
1.20934
1.67509
1.38143
1.8061
1.19924
2.13084
1.50997
2.01902
1.67884
2.32726
1.43211
1.72276
2.03714
1.58257
1.50115
1.57768
1.25828
2.19347
1.52819
1.57088
1.24919
2.32792
1.28049
1.45086
1.09194
1.61891
2.44939
1.66483
1.4697
1.20412
1.79386
1.93289
1.04777
1.74364
1.47183
1.53174
1.33451
1.39103
1.24708
1.4612
1.38351
1.09293
1.87264
1.30173
1.07766
1.34503
2.05157
1.52683
1.0463
1.47328
1.1076
1.5837
1.18736
2.35112
1.62802
1.4791
1.30237
2.0039
1.76503
1.13265
1.82316
1.17218
1.43889
1.53387
1.3497
1.19286
1.38676
1.08177
1.24656
1.35045
1.5922
1.23078
1.4175
1.8725
1.38606
1.07521
1.72328
1.60922
1.31204
1.12988
1.32171
1.22735
1.943
1.19939
1.73918
1.16878
1.54683
2.11822
1.2689
2.46264
1.30876
1.22088
1.41827
1.17422
1.51973
1.48358
1.66512
1.94995
1.46222
1.28327
1.26239
1.05696
1.20787
1.75584
2.22904
1.1964
1.13191
1.66316
1.88637
1.32693
1.37756
1.42184
1.56177
1.09911
1.52086
2.00958
1.06863
1.30833
1.989
1.59815
1.57308
1.38556
1.81947
1.58739
1.62456
1.18007
1.33727
1.06486
1.04341
1.15804
1.7877
1.33089
1.65529
1.45258
1.5
2.09422
1.98364
1.36402
1.26915
1.20321
1.2879
1.27724
1.39216
1.37802
1.35207
1.70963
1.69384
1.52286
1.55652
1.18603
1.55372
2.66082
1.29138
1.39482
1.13038
2.18183
1.08282
1.10651
1.52385
1.18664
1.32098
1.74172
1.83203
1.16984
1.34168
1.01799
1.75986
1.20904
1.58313
1.56552
1.65651
1.09967
2.22565
1.5608
1.16265
1.02632
1.26535
1.30978
1.32482
1.37111
1.07535
1.67128
1.36264
1.75789
1.6322
1.80485
1.09901
1.92299
1.33985
1.71583
1.569
2.11345
1.40985
1.05442
1.78934
1.25234
1.26608
1.02945
1.3802
1.79209
2.54446
1.06281
1.19218
1.38389
1.09655
1.16636
1.18434
1.16986
2.45382
1.50233
1.51366
1.41994
1.34492
2.44472
1.30006
1.10434
1.20284
1.21695
1.41129
1.58583
1.19508
1.37946
1.43968
1.58626
1.47484
1.18582
1.41833
1.75632
1.06142
1.11102
1.52596
1.44779
1.21512
1.19508
1.3973
1.07485
1.59092
1.96411
1.51132
1.62543
1.73571
1.26827
1.41213
1.35695
1.34949
1.35623
1.04221
1.19013
1.41357
1.13519
1.38643
1.18302
1.61735
1.08515
1.71301
1.05658
1.39342
1.41987
1.04941
1.35579
1.38208
1.34411
1.54884
1.14819
1.53837
1.42897
1.36421
1.2839
1.38077
1.45378
1.29077
1.45593
1.18693
1.10339
2.32489
1.28204
1.59079
2.07286
1.65747
1.06683
1.02435
2.14226
1.27843
1.83265
1.26351
2.4116
1.81154
1.46947
1.47254
1.34202
1.39816
1.3297
1.45195
1.48415
1.1028
1.62341
1.5942
1.66573
1.87905
1.41213
1.23871
1.6575
1.81
1.2931
1.27204
1.51599
1.42094
1.29615
2.05921
1.76355
1.95102
1.57137
1.41852
1.12316
1.17462
1.56681
1.24204
2.07744
1.29151
1.46441
1.26092
1.4426
1.35023
1.35231
1.33926
1.97104
2.21443
1.58906
1.14782
1.34351
1.53256
1.10281
2.06655
1.26389
1.69311
1.9541
1.54153
1.93002
1.44424
1.66789
1.19587
1.43824
1.18986
1.11734
1.14918
1.25975
1.6559
1.07313
1.26998
1.82057
1.21663
1.717
1.29845
1.52528
1.33148
1.23675
1.65776
1.46336
1.68451
1.78979
1.60045
1.76876
1.37159
1.83551
1.39051
1.84991
1.48496
1.85544
1.41471
1.36745
1.2394
1.23008
1.32716
1.48161
1.67733
1.33678
1.48237
1.20246
1.62385
1.31099
1.40027
1.35596
1.25608
1.11147
2.085
1.10184
1.59025
1.90049
1.93712
1.67183
1.35528
1.53093
1.36675
1.79186
1.14109
1.99106
1.34258
1.62004
1.03342
1.38615
1.192
1.45068
1.2563
1.77865
1.09277
1.36216
1.25233
1.27321
1.05671
1.42404
1.61813
1.67549
1.77813
1.763
1.27151
1.3286
1.16677
1.04049
2.00063
2.39973
1.34703
1.34743
1.34129
1.26865
1.42861
1.1245
1.45748
1.43931
1.22926
1.25719
1.57559
1.71825
1.42734
1.31469
1.30673
1.44288
1.28475
1.07186
1.04393
1.21496
1.33132
1.10256
1.3092
1.86749
1.356
1.51154
1.3864
1.41809
1.55778
1.349
1.31031
1.91377
1.09652
1.3432
1.45645
1.49145
1.53977
1.61699
1.10404
1.63998
1.09969
1.2769
1.03477
1.58855
1.76062
1.26577
1.36182
1.51389
1.3176
1.03301
1.34361
1.42766
1.31793
1.99491
1.46292
1.9271
1.45707
1.22577
1.87747
1.34397
1.60904
1.36216
1.24661
1.22153
1.40914
1.84372
1.59355
1.25818
1.11317
1.31487
1.14117
1.32724
1.71811
1.26458
1.27248
1.31303
2.08831
1.40279
1.25641
1.35309
1.86404
1.20024
2.1359
1.26099
1.11057
1.21193
1.44464
1.28805
1.86219
1.59846
1.18174
1.53695
1.32333
1.26898
1.67666
1.51783
1.61336
1.61948
1.15265
1.35907
1.53636
1.21283
1.32423
1.79271
1.26377
1.15365
1.43435
1.23084
1.74139
1.27722
1.19595
1.13347
1.49704
1.65864
1.41279
1.06929
1.34522
1.70122
1.9055
2.45913
1.84342
2.01997
1.79113
1.3177
1.09934
1.50082
2.49277
2.18608
1.04708
1.55851
1.28129
1.55829
1.04547
1.73891
1.01726
1.66914
1.2219
1.4422
1.1569
1.32257
1.22653
1.57143
1.25449
2.21283
1.57088
1.21038
1.58268
1.82624
1.46927
1.48347
1.33155
1.27601
1.76986
1.30099
1.04728
1.32912
1.9562
1.31321
1.80642
1.80056
1.4042
1.64826
1.2171
2.03211
1.01149
1.41004
1.80604
2.20536
1.75639
1.97113
1.57999
1.11801
1.84701
1.26988
1.37703
1.40526
1.31133
1.75545
1.56294
1.31797
1.31847
1.01716
1.42985
1.09118
1.596
1.05899
1.62588
1.85694
1.33124
1.29732
2.12327
1.528
1.53638
1.49264
1.14623
1.36615
1.15639
1.2069
1.56821
1.98261
1.62699
2.409
1.24936
1.22859
1.26407
1.11389
1.68958
1.93137
1.37342
1.81054
1.01817
1.66106
1.57689
1.82179
1.32265
1.271
1.33204
2.01606
1.97882
1.26503
1.1821
1.1391
1.59856
1.24714
1.34419
1.04006
2.11677
1.40612
1.68454
1.08419
1.39407
1.32959
1.28275
1.44805
1.24342
1.0912
1.63129
1.46629
1.17138
1.70445
1.24171
1.14152
1.17779
1.11032
1.00393
1.31028
1.9817
1.30585
1.53113
1.20855
1.47919
1.46338
1.68784
1.25437
1.1156
1.4938
1.76384
1.81469
1.13184
1.99333
1.8113
1.02972
1.4824
1.46411
1.15125
1.42083
1.50481
1.63411
2.12889
1.54553
1.19787
1.11323
1.14011
1.36236
1.12885
330736000.0
357853000.0
654685000.0
547439000.0
179039000.0
291372000.0
235307000.0
256883000.0
216654000.0
234893000.0
369118000.0
470173000.0
401247000.0
251047000.0
419389000.0
398647000.0
308193000.0
206134000.0
390548000.0
328167000.0
457310000.0
531659000.0
244361000.0
226378000.0
178564000.0
202911000.0
230677000.0
514950000.0
375927000.0
397830000.0
454178000.0
312681000.0
272083000.0
512514000.0
472869000.0
172598000.0
299121000.0
260222000.0
300038000.0
599273000.0
178754000.0
587613000.0
390502000.0
215240000.0
400960000.0
531285000.0
164304000.0
442993000.0
535237000.0
451984000.0
238293000.0
505923000.0
340468000.0
546970000.0
250603000.0
269954000.0
615458000.0
463893000.0
203869000.0
275528000.0
387992000.0
301954000.0
480066000.0
335210000.0
563270000.0
245075000.0
244576000.0
315371000.0
163731000.0
366108000.0
174513000.0
217951000.0
455327000.0
640677000.0
163887000.0
405134000.0
311001000.0
385413000.0
239711000.0
298924000.0
422689000.0
266084000.0
151737000.0
786385000.0
242544000.0
399785000.0
334350000.0
607594000.0
474931000.0
311201000.0
366978000.0
373663000.0
744538000.0
238151000.0
219909000.0
520801000.0
341195000.0
564798000.0
176210000.0
300225000.0
237376000.0
496844000.0
787261000.0
479424000.0
393016000.0
243998000.0
354359000.0
554011000.0
317028000.0
304525000.0
560689000.0
651523000.0
623557000.0
497162000.0
213995000.0
185336000.0
270153000.0
379411000.0
171246000.0
241823000.0
271622000.0
434066000.0
368010000.0
431638000.0
408744000.0
226593000.0
254727000.0
662428000.0
372726000.0
345566000.0
631098000.0
714381000.0
367516000.0
143290000.0
373798000.0
499946000.0
171654000.0
441198000.0
243321000.0
384055000.0
346494000.0
396589000.0
379129000.0
295845000.0
266527000.0
246273000.0
237216000.0
315771000.0
337022000.0
468626000.0
256286000.0
721226000.0
441216000.0
180258000.0
220993000.0
153773000.0
436652000.0
661653000.0
240315000.0
740359000.0
337610000.0
373128000.0
503911000.0
197518000.0
261758000.0
824549000.0
195194000.0
288471000.0
193388000.0
665542000.0
629679000.0
323824000.0
448599000.0
238873000.0
432840000.0
258723000.0
180022000.0
324817000.0
236716000.0
252150000.0
290496000.0
297738000.0
214277000.0
309310000.0
247121000.0
423478000.0
331653000.0
410548000.0
284427000.0
614021000.0
605013000.0
222685000.0
399634000.0
768782000.0
167222000.0
156793000.0
177199000.0
329822000.0
163984000.0
346226000.0
242348000.0
260405000.0
221242000.0
450483000.0
326233000.0
218094000.0
253033000.0
187742000.0
259648000.0
214181000.0
362171000.0
210951000.0
254995000.0
599006000.0
320344000.0
400396000.0
268180000.0
339444000.0
508106000.0
221381000.0
260679000.0
198746000.0
275820000.0
173227000.0
292215000.0
238940000.0
261154000.0
276647000.0
348829000.0
219525000.0
267742000.0
169563000.0
202415000.0
326223000.0
684859000.0
362563000.0
346207000.0
307508000.0
160472000.0
248388000.0
270976000.0
418636000.0
205004000.0
334314000.0
521915000.0
731079000.0
439006000.0
469497000.0
278566000.0
233861000.0
713335000.0
197193000.0
524344000.0
267145000.0
558755000.0
183265000.0
380384000.0
230075000.0
614961000.0
438582000.0
169577000.0
740442000.0
216904000.0
441062000.0
297203000.0
187264000.0
293328000.0
499686000.0
204225000.0
225422000.0
309731000.0
317015000.0
358269000.0
195167000.0
674592000.0
376560000.0
254691000.0
291097000.0
323291000.0
471953000.0
331775000.0
444597000.0
465606000.0
239782000.0
509489000.0
285259000.0
657819000.0
391569000.0
283714000.0
340745000.0
515565000.0
278761000.0
208802000.0
249415000.0
476272000.0
196341000.0
422213000.0
192037000.0
437550000.0
199804000.0
249270000.0
202067000.0
354258000.0
335242000.0
197846000.0
562648000.0
218414000.0
489964000.0
199729000.0
565620000.0
183008000.0
252817000.0
166323000.0
306228000.0
150636000.0
334134000.0
233620000.0
219281000.0
298578000.0
177687000.0
231470000.0
332996000.0
186944000.0
296556000.0
315471000.0
373083000.0
198755000.0
438367000.0
423329000.0
599676000.0
221150000.0
175001000.0
248174000.0
212801000.0
506492000.0
180309000.0
195737000.0
782236000.0
177272000.0
271603000.0
292167000.0
424509000.0
303193000.0
332564000.0
290883000.0
396270000.0
795707000.0
278324000.0
321049000.0
639913000.0
213059000.0
196242000.0
180002000.0
776585000.0
383552000.0
497584000.0
205589000.0
349473000.0
208078000.0
208406000.0
274757000.0
343237000.0
155235000.0
211144000.0
678881000.0
256609000.0
453405000.0
279091000.0
222352000.0
383091000.0
527670000.0
449287000.0
733455000.0
439054000.0
434629000.0
268139000.0
377587000.0
315813000.0
190579000.0
278477000.0
709701000.0
213661000.0
394007000.0
453493000.0
651300000.0
322903000.0
430154000.0
221182000.0
564306000.0
255251000.0
483720000.0
287102000.0
184558000.0
472219000.0
179291000.0
488699000.0
402801000.0
266921000.0
186516000.0
211237000.0
372850000.0
184129000.0
261481000.0
184478000.0
489898000.0
414518000.0
761252000.0
518816000.0
234801000.0
168537000.0
606937000.0
593890000.0
180590000.0
300487000.0
294972000.0
294185000.0
361433000.0
303949000.0
507081000.0
378023000.0
236454000.0
671733000.0
320511000.0
218354000.0
163603000.0
277564000.0
301003000.0
262341000.0
245002000.0
272031000.0
607599000.0
334068000.0
741686000.0
564647000.0
438713000.0
323795000.0
374808000.0
367609000.0
350046000.0
272687000.0
192606000.0
197185000.0
423143000.0
385140000.0
432616000.0
452194000.0
380383000.0
252200000.0
360600000.0
372462000.0
303461000.0
250056000.0
311045000.0
311477000.0
398233000.0
238049000.0
143173000.0
303773000.0
474906000.0
557807000.0
198587000.0
613770000.0
638258000.0
336609000.0
638234000.0
401118000.0
362705000.0
183922000.0
293165000.0
302619000.0
707867000.0
163712000.0
528579000.0
307269000.0
230002000.0
157317000.0
696323000.0
191099000.0
205373000.0
593347000.0
784419000.0
293008000.0
273254000.0
199339000.0
251410000.0
787159000.0
151641000.0
314708000.0
185721000.0
233330000.0
162689000.0
592693000.0
283877000.0
258945000.0
231685000.0
219789000.0
234710000.0
387723000.0
759211000.0
257653000.0
381951000.0
363886000.0
813886000.0
233269000.0
214367000.0
196168000.0
732804000.0
232334000.0
338156000.0
725225000.0
563755000.0
419415000.0
426696000.0
198492000.0
190819000.0
258229000.0
253734000.0
367318000.0
142619000.0
440931000.0
570627000.0
618897000.0
436962000.0
476925000.0
346891000.0
561390000.0
198834000.0
376345000.0
333022000.0
196867000.0
277703000.0
370349000.0
200345000.0
695006000.0
548845000.0
223255000.0
347789000.0
465304000.0
460912000.0
246638000.0
501108000.0
268535000.0
204396000.0
159293000.0
254936000.0
223374000.0
465301000.0
421619000.0
330052000.0
324851000.0
422361000.0
682860000.0
361714000.0
337550000.0
561153000.0
361063000.0
630037000.0
283281000.0
544517000.0
191347000.0
738117000.0
524456000.0
283009000.0
560715000.0
192912000.0
394229000.0
380423000.0
207203000.0
463772000.0
442606000.0
257553000.0
231654000.0
420855000.0
314036000.0
200422000.0
335093000.0
220800000.0
373651000.0
569905000.0
150755000.0
353363000.0
218860000.0
283621000.0
297700000.0
561219000.0
645560000.0
215642000.0
195527000.0
195967000.0
189907000.0
177338000.0
253423000.0
215827000.0
319728000.0
325325000.0
359481000.0
282406000.0
261694000.0
220156000.0
613553000.0
255045000.0
174259000.0
298006000.0
167209000.0
175421000.0
351117000.0
213176000.0
227351000.0
381021000.0
473772000.0
314234000.0
258696000.0
233985000.0
213194000.0
239914000.0
212318000.0
290219000.0
322276000.0
692413000.0
590779000.0
243669000.0
441574000.0
160039000.0
364204000.0
295250000.0
392041000.0
291199000.0
358423000.0
366231000.0
251766000.0
170440000.0
164460000.0
228293000.0
733644000.0
268434000.0
349424000.0
660853000.0
233521000.0
365855000.0
168930000.0
242891000.0
261229000.0
211027000.0
473001000.0
266667000.0
421531000.0
303432000.0
636883000.0
770896000.0
624869000.0
266387000.0
244416000.0
697165000.0
343597000.0
218110000.0
633559000.0
283530000.0
294223000.0
188864000.0
363225000.0
365761000.0
351782000.0
317918000.0
258237000.0
192086000.0
277598000.0
203786000.0
323426000.0
217567000.0
267300000.0
200067000.0
435141000.0
248389000.0
362212000.0
490320000.0
314726000.0
392296000.0
205891000.0
364977000.0
223833000.0
493249000.0
233596000.0
501825000.0
192085000.0
260083000.0
242737000.0
326908000.0
431238000.0
547912000.0
191821000.0
689891000.0
250565000.0
198624000.0
277091000.0
163522000.0
217852000.0
321741000.0
317288000.0
281396000.0
476018000.0
174530000.0
348284000.0
182909000.0
792547000.0
259402000.0
445985000.0
295253000.0
298341000.0
333632000.0
696338000.0
376081000.0
492348000.0
248119000.0
749974000.0
420665000.0
301515000.0
204491000.0
206345000.0
186769000.0
432697000.0
454794000.0
435432000.0
621251000.0
198214000.0
218196000.0
443947000.0
415403000.0
474217000.0
443542000.0
222173000.0
739392000.0
304817000.0
388887000.0
489360000.0
480507000.0
343709000.0
239293000.0
383602000.0
413163000.0
329020000.0
269434000.0
476445000.0
689210000.0
716869000.0
478474000.0
532137000.0
526934000.0
320842000.0
216671000.0
459619000.0
322095000.0
303008000.0
207411000.0
299410000.0
419311000.0
434769000.0
235548000.0
574875000.0
409148000.0
245612000.0
322836000.0
162929000.0
207103000.0
591442000.0
213330000.0
556805000.0
412726000.0
756574000.0
170212000.0
181251000.0
254921000.0
402039000.0
339146000.0
300150000.0
829556000.0
353586000.0
258232000.0
398648000.0
241303000.0
383784000.0
191490000.0
168325000.0
464185000.0
176583000.0
324755000.0
167078000.0
413056000.0
495551000.0
514241000.0
335207000.0
224619000.0
305504000.0
305054000.0
777526000.0
248837000.0
544755000.0
207555000.0
269881000.0
476489000.0
433808000.0
414654000.0
188968000.0
221880000.0
403906000.0
360630000.0
238397000.0
412955000.0
159027000.0
189336000.0
763431000.0
639098000.0
285425000.0
347215000.0
217358000.0
296162000.0
577066000.0
306639000.0
467951000.0
323396000.0
188152000.0
222864000.0
325306000.0
350155000.0
551686000.0
351992000.0
346339000.0
473154000.0
482802000.0
283769000.0
331255000.0
672563000.0
239987000.0
265025000.0
267685000.0
408604000.0
604011000.0
446764000.0
186477000.0
221236000.0
219713000.0
727405000.0
286197000.0
230852000.0
230205000.0
171217000.0
178621000.0
239831000.0
221662000.0
433236000.0
656231000.0
206032000.0
152904000.0
159386000.0
809714000.0
262980000.0
431109000.0
226780000.0
425917000.0
170587000.0
733453000.0
182260000.0
358249000.0
326119000.0
439439000.0
474635000.0
534966000.0
418069000.0
473751000.0
189218000.0
257073000.0
435090000.0
207857000.0
152297000.0
267641000.0
345304000.0
361865000.0
364910000.0
181040000.0
280199000.0
733206000.0
376677000.0
295335000.0
427927000.0
236621000.0
343991000.0
281964000.0
299013000.0
356204000.0
233088000.0
815989000.0
358047000.0
222550000.0
184374000.0
252341000.0
191597000.0
246414000.0
469289000.0
203525000.0
387097000.0
445838000.0
265118000.0
253002000.0
166319000.0
319603000.0
376496000.0
384273000.0
842174000.0
348064000.0
587741000.0
241985000.0
734798000.0
292037000.0
237913000.0
278291000.0
383361000.0
164634000.0
274499000.0
190899000.0
213579000.0
535787000.0
352151000.0
526821000.0
384427000.0
323515000.0
191226000.0
181735000.0
151133000.0
478219000.0
327230000.0
283634000.0
701151000.0
225862000.0
197703000.0
235057000.0
254892000.0
824793000.0
215516000.0
337732000.0
259644000.0
405993000.0
369802000.0
458325000.0
193873000.0
195537000.0
389389000.0
332997000.0
371997000.0
376555000.0
604292000.0
372807000.0
702764000.0
194202000.0
405494000.0
211740000.0
622267000.0
176106000.0
262886000.0
421329000.0
412810000.0
427612000.0
633372000.0
221874000.0
389097000.0
326741000.0
244945000.0
431346000.0
666925000.0
593573000.0
605786000.0
701822000.0
287999000.0
189616000.0
216496000.0
270257000.0
511390000.0
400201000.0
214443000.0
216643000.0
422597000.0
610709000.0
403294000.0
286506000.0
209392000.0
611352000.0
201299000.0
198958000.0
716890000.0
328941000.0
299398000.0
366195000.0
314828000.0
456096000.0
263508000.0
192533000.0
198675000.0
571638000.0
606048000.0
437570000.0
423225000.0
606642000.0
