1.11306
1.04401
1.00986
1.06195
1.05347
1.00285
1.00684
1.0505
1.11582
1.01167
1.13446
1.00913
1.00436
1.06646
1.03378
1.00883
1.10215
1.00975
1.07906
1.11926
1.0058
1.01207
1.014
1.12641
1.00742
1.02666
1.04039
1.03068
1.01315
1.02032
1.03729
1.11293
1.04124
1.00843
1.00534
1.04973
1.0398
1.01125
1.02836
1.07297
1.07028
1.01442
1.10502
1.037
1.04549
1.03147
1.07802
1.00391
1.03071
1.00113
1.03345
1.02229
1.02276
1.04905
1.00985
1.00321
1.05472
1.00398
1.03088
1.02531
1.05093
1.04132
1.01942
1.05779
1.10129
1.00546
1.05606
1.03173
1.08397
1.00867
1.00965
1.05613
1.12621
1.07509
1.03428
1.02519
1.00539
1.19776
1.00403
1.00342
1.00724
1.02168
1.16956
1.00235
1.04888
1.01214
1.03198
1.13151
1.01121
1.00618
1.07054
1.01659
1.11005
1.00431
1.00431
1.0377
1.00814
1.02806
1.02854
1.01331
1.03963
1.02283
1.01348
1.00278
1.0169
1.0112
1.05891
1.00456
1.04882
1.01817
1.09474
1.12797
1.00157
1.10402
1.04371
1.0243
1.00372
1.09142
1.00351
1.06707
1.04563
1.04055
1.00613
1.10867
1.04288
1.05893
1.02497
1.02804
1.0107
1.00808
1.08929
1.11527
1.00841
1.05929
1.01862
1.01173
1.00203
1.00671
1.04317
1.01517
1.00454
1.01299
1.07462
1.02085
1.00873
1.00788
1.01198
1.00324
1.01128
1.02775
1.04618
1.01416
1.01329
1.04768
1.00253
1.01266
1.01798
1.04022
1.0267
1.04043
1.00206
1.00566
1.06511
1.0302
1.03451
1.04998
1.03947
1.05712
1.26781
1.01552
1.00363
1.03484
1.01528
1.038
1.06796
1.04262
1.01487
1.00097
1.03104
1.02141
1.02136
1.01329
1.03532
1.03232
1.13449
1.08027
1.01466
1.00147
1.006
1.04131
1.04786
1.0161
1.03635
1.06641
1.02383
1.00437
1.02268
1.03026
1.01598
1.09971
1.00995
1.03788
1.09217
1.0579
1.0412
1.04893
1.03092
1.07509
1.02543
1.00832
1.0387
1.03346
1.02299
1.07395
1.02652
1.06099
1.02245
1.07691
1.00216
1.06068
1.10865
1.00612
1.13974
1.00365
1.0039
1.13375
1.08966
1.03764
1.07155
1.0261
1.02406
1.08543
1.00734
1.09778
1.07429
1.12907
1.00432
1.00484
1.01084
1.0282
1.02058
1.08242
1.01001
1.09328
1.03235
1.00546
1.01038
1.00966
1.00767
1.04999
1.05987
1.01172
1.08297
1.05086
1.03602
1.01383
1.02524
1.01251
1.01037
1.01168
1.03034
1.0249
1.06541
1.01263
1.01151
1.00176
1.05344
1.028
1.0649
1.07296
1.0301
1.08292
1.00754
1.00421
1.04198
1.06154
1.02257
1.01152
1.00174
1.0433
1.0096
1.06189
1.0434
1.02771
1.09871
1.02041
1.02227
1.04605
1.02034
1.00499
1.1276
1.02513
1.0525
1.05447
1.20522
1.01185
1.07015
1.08206
1.01157
1.00246
1.02462
1.02841
1.00626
1.02005
1.0443
1.01251
1.02091
1.00262
1.00542
1.02297
1.00643
1.02114
1.06636
1.01173
1.06036
1.07407
1.03061
1.1497
1.0104
1.01396
1.11258
1.011
1.03315
1.04157
1.03855
1.10421
1.0123
1.00676
1.02103
1.00896
1.0226
1.00698
1.07124
1.00619
1.00662
1.08703
1.03938
1.01062
1.01634
1.0035
1.07999
1.00265
1.07475
1.01752
1.03504
1.06601
1.00739
1.00597
1.01755
1.0265
1.03204
1.00755
1.10664
1.00621
1.0073
1.03403
1.00711
1.01727
1.02154
1.00641
1.01794
1.07645
1.01177
1.0269
1.00918
1.02752
1.0098
1.02836
1.04351
1.03943
1.02614
1.09468
1.03149
1.0553
1.06323
1.01124
1.00976
1.00176
1.02608
1.12661
1.00926
1.02071
1.02087
1.01782
1.01282
1.01267
1.02138
1.00193
1.00111
1.0123
1.01088
1.12351
1.0182
1.00232
1.00088
1.117
1.07566
1.00271
1.00905
1.0829
1.01752
1.07711
1.07919
1.08817
1.14994
1.01499
1.11791
1.05445
1.00648
1.01644
1.01369
1.03966
1.00842
1.0315
1.00336
1.01232
1.04108
1.07518
1.01664
1.00759
1.05371
1.00818
1.00509
1.00494
1.09266
1.00517
1.01278
1.00593
1.03291
1.01112
1.02579
1.05301
1.00657
1.018
1.01603
1.03171
1.02524
1.01487
1.09463
1.00402
1.00226
1.00788
1.05981
1.02852
1.26217
1.06108
1.05876
1.04285
1.01779
1.00231
1.00681
1.01568
1.00806
1.06652
1.01774
1.19908
1.09985
1.01288
1.00563
1.10405
1.0164
1.09661
1.00921
1.03329
1.00281
1.01477
1.01414
1.04553
1.06844
1.0293
1.02687
1.11366
1.0515
1.00796
1.05561
1.01027
1.00484
1.00938
1.0167
1.02021
1.03798
1.01529
1.08746
1.00879
1.00578
1.05882
1.09957
1.00634
1.00912
1.04216
1.03193
1.00525
1.05884
1.01707
1.00226
1.00977
1.02611
1.11376
1.03873
1.02256
1.0333
1.0342
1.07772
1.10152
1.08064
1.02523
1.05644
1.01849
1.0385
1.01471
1.03246
1.01221
1.0072
1.02489
1.03551
1.01183
1.04424
1.01933
1.00158
1.13314
1.01955
1.02271
1.02383
1.0854
1.01986
1.02337
1.06621
1.01069
1.03762
1.03003
1.02481
1.05633
1.00973
1.10854
1.05019
1.00726
1.03595
1.04887
1.0383
1.10888
1.00086
1.0015
1.09262
1.00727
1.03696
1.00921
1.00856
1.06795
1.00267
1.03878
1.00643
1.00694
1.05222
1.08613
1.01689
1.00766
1.0447
1.02605
1.05608
1.14123
1.06895
1.00533
1.05291
1.0021
1.00908
1.00671
1.0188
1.00128
1.0309
1.04747
1.00985
1.03552
1.02259
1.02875
1.04959
1.08955
1.02591
1.19825
1.01886
1.01552
1.01372
1.08441
1.01914
1.01723
1.01585
1.0658
1.04313
1.05196
1.02544
1.00332
1.01885
1.02564
1.01401
1.0073
1.02274
1.03477
1.01186
1.07455
1.01864
1.02741
1.16023
1.02421
1.01777
1.03814
1.09005
1.0777
1.01443
1.0018
1.00845
1.02788
1.03633
1.03352
1.02127
1.0137
1.02491
1.16204
1.0152
1.00128
1.01915
1.01039
1.04391
1.06519
1.0327
1.08623
1.00677
1.02625
1.0661
1.04472
1.0454
1.00661
1.11012
1.03162
1.13094
1.07974
1.13045
1.04314
1.01605
1.00903
1.00077
1.14948
1.02729
1.0145
1.02394
1.06711
1.03677
1.02071
1.04499
1.02831
1.00895
1.01827
1.0524
1.05177
1.00981
1.0416
1.05173
1.00748
1.07853
1.04619
1.01097
1.01881
1.01156
1.01755
1.03697
1.0317
1.00789
1.06389
1.00472
1.11852
1.08745
1.00991
1.06471
1.0645
1.0071
1.01563
1.16738
1.01678
1.0166
1.03337
1.0107
1.07238
1.02382
1.00869
1.00777
1.13408
1.01997
1.06851
1.0125
1.10904
1.00542
1.01655
1.08945
1.05681
1.07009
1.00003
1.0029
1.00765
1.05322
1.07667
1.02735
1.02297
1.00042
1.08698
1.02749
1.06548
1.04529
1.01422
1.0376
1.00873
1.06485
1.0287
1.00367
1.01277
1.09197
1.00591
1.06969
1.1014
1.1249
1.01093
1.03512
1.02463
1.13291
1.05699
1.01617
1.04277
1.00481
1.00289
1.04539
1.02501
1.0053
1.05096
1.02026
1.00901
1.03216
1.02424
1.06398
1.00502
1.01753
1.10937
1.00326
1.01752
1.02815
1.02484
1.00791
1.00468
1.00409
1.02387
1.01601
1.12033
1.04034
1.10651
1.0249
1.00201
1.01739
1.00519
1.14627
1.00168
1.12216
1.00805
1.02662
1.0232
1.01647
1.00926
1.02357
1.00684
1.00499
1.02182
1.00788
1.01939
1.00704
1.01571
1.0619
1.02802
1.0009
1.14164
1.00588
1.10149
1.01191
1.00912
1.00658
1.01222
1.01208
1.02441
1.00824
1.05185
1.02659
1.01797
1.01013
1.0318
1.02331
1.04613
1.09072
1.07308
1.00116
1.01397
1.01313
1.02541
1.02514
1.00511
1.00808
1.04807
1.00291
1.07821
1.03581
1.11193
1.0568
1.03076
1.01686
1.08106
1.11551
1.01473
1.01471
1.03217
1.01974
1.0162
1.01037
1.02138
1.08467
1.00126
1.00807
1.01094
1.03453
1.01308
1.01152
1.05331
1.04403
1.12142
1.00196
1.00462
1.07981
1.01025
1.05316
1.0453
1.02736
1.02062
1.06391
1.0772
1.01851
1.01069
1.03745
1.01145
1.00335
1.03881
1.01966
1.02248
1.00515
1.08207
1.01549
1.01168
1.01098
1.01902
1.02259
1.00803
1.03768
1.04824
1.02146
1.02862
1.05215
1.06289
1.00465
1.13686
1.01041
1.00938
1.01013
1.00387
1.05715
1.0564
1.017
1.0084
1.02226
1.0145
1.08583
1.05014
1.04724
1.03973
1.01531
1.03238
1.02143
1.0225
1.02844
1.12324
1.01126
1.04437
1.0095
1.04205
1.04949
1.04183
1.11735
1.05133
1.02757
1.0029
1.06127
1.02177
1.04044
1.00894
1.00887
1.02065
1.07361
1.00655
1.03693
1.04209
1.03566
1.00398
1.04154
1.02016
1.03666
1.01101
1.16377
1.05807
1.03603
1.02137
1.02487
1.09311
1.00864
1.00965
1.03583
1.04883
1.0913
1.02698
1.01513
1.01604
1.04917
1.00106
1.00846
1.01325
1.00214
1.00676
1.01641
1.02265
1.02323
1.00683
1.10141
1.00743
1.03303
1.00687
1.0178
1.00534
1.02115
1.01248
1.00639
1.01247
1.01422
1.04398
1.02162
1.03317
1.02679
1.00926
1.01465
1.06427
1.00735
1.00052
1.0179
1.02296
1.14752
1.07127
1.02466
1.00536
1.08965
1.00031
1.0361
1.12118
1.06797
1.1068
1.16151
1.04035
1.00775
1.00651
1.03851
1.06491
1.05632
1.0112
1.04607
1.02053
1.03207
1.04746
1.01499
1.02763
1.01944
1.02748
1.01455
1.00556
1.01274
1.00348
1.08225
1.01517
1.0243
1.01918
1.01173
1.00614
1.00432
1.09064
1.00987
1.00877
1.0605
1.16711
1.03818
1.05086
1.02457
1.00955
1.00338
1.00269
1.12494
1.05809
1.0352
1.24065
1.17157
1.00656
1.01562
1.05858
1.16713
1.04423
1.22724
1.01934
1.02603
1.07782
1.06743
1.01601
1.20044
1.03127
1.09609
1.12355
1.01609
1.01841
1.02618
1.17659
1.01168
1.09328
1.15007
1.04545
1.02566
1.03522
1.11064
1.21767
1.20709
1.01634
1.01175
1.12354
1.06282
1.05701
1.08266
1.08243
1.13949
1.02265
1.60668
1.0725
1.05492
1.05456
1.23067
1.02466
1.05948
1.01302
1.24255
1.04592
1.20714
2.57795
1.02608
1.01742
1.08842
1.01468
1.07616
1.0408
1.06648
1.08448
1.07306
2.69447
1.11584
1.02371
1.18056
1.12751
1.20047
1.01725
1.02957
1.08933
1.19853
1.11891
1.3524
1.0388
1.01737
1.32332
1.01353
1.0109
1.0215
1.36465
1.4441
1.01047
1.09927
1.02189
1.12266
1.22641
1.01681
1.01288
1.08931
1.02888
1.15285
1.01346
1.01492
1.13838
1.02855
1.04916
1.09342
1.0711
1.05617
1.02869
1.02198
1.01698
1.02088
1.02513
1.0765
1.06872
1.12671
1.02897
1.14523
1.50187
1.00528
1.16267
1.09085
1.07027
1.00859
1.59551
1.03928
1.4302
1.22613
1.21554
1.03231
1.24592
1.63194
1.08636
1.04312
1.04531
1.02927
1.01086
1.22837
1.17864
1.0622
1.10763
1.02902
1.04507
1.01235
1.01674
1.05051
1.03694
1.00864
1.02723
1.147
1.02828
1.01387
1.0167
1.02421
1.0191
1.03348
1.05452
1.12546
1.04079
1.02565
1.76101
1.01172
1.02934
1.02911
1.77041
1.05151
1.14182
1.0164
1.01224
1.28257
1.06117
1.05055
1.14452
1.18058
1.09102
1.55243
1.02771
1.00975
1.0554
1.03093
1.15094
1.52335
1.07056
1.05204
1.0187
1.09421
1.06492
1.03501
1.01919
1.05008
1.04452
1.20826
1.60166
1.09213
1.01362
1.01642
1.06891
1.0612
1.02708
1.05515
1.09922
1.04509
1.01483
1.1129
1.0484
1.06955
1.30648
1.02729
1.06285
1.37811
1.07271
1.21285
1.07251
1.77595
1.2474
1.10294
1.10332
1.05763
1.04383
1.10674
1.11993
1.07014
1.0757
1.02735
1.28251
1.01266
1.09792
1.27682
1.00787
1.31208
1.01151
1.01841
1.52554
1.18318
1.15836
1.14376
1.04128
1.09774
1.19401
1.04401
1.31475
1.09407
1.47911
1.0095
1.01221
1.03333
1.08178
1.03446
1.25372
1.0236
1.21845
2.14751
1.00988
1.01878
1.05977
1.01152
1.10558
1.11875
1.02877
1.23164
1.08566
1.18061
1.04212
1.05772
1.07286
1.02526
1.02315
1.24378
1.06221
1.11817
1.03261
1.02493
1.00825
1.06204
1.05511
1.29729
1.09502
1.03542
1.26301
1.02636
1.01396
1.05136
1.12081
1.06495
1.03231
1.0117
1.09258
1.01584
1.09416
1.04895
1.05706
1.2432
1.04315
1.05111
1.06103
1.04881
1.01548
1.51046
1.04241
1.11533
1.18897
1.43558
1.01658
1.12937
1.35009
1.02011
1.0104
1.04852
1.03318
1.02029
1.04546
1.08001
1.02083
1.03099
1.0113
1.03144
1.03454
1.01927
1.04865
1.35808
1.01892
1.20431
1.1532
1.10448
1.36942
1.03901
1.14415
1.14481
1.05313
1.07455
1.08129
1.07488
1.16857
1.03068
1.01426
1.03569
1.03227
1.0813
1.02238
1.08146
1.01134
1.04356
1.23962
1.19815
1.02365
1.0363
1.02207
1.1777
1.0111
1.1526
2.0655
1.04626
1.08476
1.01639
1.01646
1.09284
1.36185
1.12233
1.01685
1.52023
1.01482
1.01613
1.51889
1.0218
1.03832
1.03445
1.01221
1.10135
1.23409
1.01843
1.04065
1.01377
1.04347
1.03021
1.06385
1.14948
1.05224
1.04861
1.13735
1.17454
1.07842
1.25257
1.03078
1.02537
1.01735
1.03767
1.21346
1.01826
1.0411
1.03997
1.02737
1.02251
1.03329
1.0338
1.04999
1.00763
1.02493
1.02058
1.16165
1.02429
1.01097
1.01439
1.27988
1.08654
1.00763
1.01949
1.46298
1.14085
1.12526
1.11893
1.12787
1.2972
1.03831
1.41304
1.07379
1.01552
1.02642
1.03197
1.06137
1.02494
1.04517
1.03128
1.01857
1.04662
1.11876
1.04236
1.02199
1.06534
1.10358
1.01291
1.01948
1.15764
1.01641
1.02071
1.01771
1.0499
1.0155
1.08709
1.09936
1.01698
1.03137
1.07991
1.04527
1.05021
1.0915
1.18021
1.01828
1.00924
1.01366
1.15331
1.09472
1.68658
1.1093
1.07974
1.12652
1.02876
1.00762
1.01605
1.05914
1.02411
1.13725
1.03368
1.53812
1.17468
1.02125
1.01603
1.22844
1.1121
1.20536
1.01175
1.05984
1.01364
1.02341
1.02188
1.09252
1.14541
1.06112
1.07385
1.35979
1.07392
1.02283
1.19058
1.02851
1.01399
1.01837
1.02574
1.07681
1.04695
1.04543
1.12538
1.03405
1.07079
1.18157
1.30967
1.02861
1.09437
1.12371
1.0626
1.01135
1.31442
1.03473
1.01952
1.02196
1.1647
1.38072
1.1687
1.03207
1.06366
1.23746
1.12212
1.189
1.16201
1.04026
1.09904
1.03083
1.04379
1.03246
1.04571
1.02123
1.01715
1.034
1.06536
1.18545
1.09327
1.03457
1.00582
1.26285
1.0616
1.03097
1.03898
1.10545
1.04724
1.04626
1.06955
1.02884
1.06727
1.06756
1.03112
1.10707
1.04539
1.1658
1.21482
1.01206
1.07241
1.09171
1.04573
1.19563
1.00941
1.02257
1.21652
1.04445
1.06106
1.02525
1.0213
1.34557
1.00859
1.1193
1.02253
1.02295
1.10114
1.11547
1.02757
1.02212
1.08399
1.03884
1.11942
1.19228
1.36532
1.01246
1.15917
1.01232
1.02237
1.01891
1.38534
1.0095
1.19491
1.06954
1.0192
1.04955
1.03971
1.15654
1.10446
1.17228
1.16336
1.41641
1.03446
1.0296
1.05183
1.11847
1.07363
1.03593
1.02577
1.11023
1.1833
1.0905
1.07961
1.03863
1.03785
1.03502
1.07236
1.02231
1.08374
1.06538
1.01896
1.44152
1.07583
1.0303
1.38911
1.04246
1.03292
1.1054
1.18741
1.13851
1.04059
1.01305
1.02584
1.04303
1.13168
1.17412
1.03913
1.01862
1.05159
2.75134
1.02853
1.01035
1.0758
1.01739
1.08139
1.07094
1.04592
1.12646
1.03566
1.14817
1.23679
1.06059
1.08947
1.01311
1.22831
1.05482
1.23315
1.36108
1.1622
1.05809
1.02525
1.01748
1.01085
1.27526
1.0996
1.0158
1.04646
1.39184
1.14264
1.02853
1.06984
1.04456
1.08419
1.02579
1.10008
1.10598
1.02367
1.10274
1.14714
1.0206
1.11237
1.19386
1.01601
1.083
1.06738
1.02432
1.25943
1.0584
1.01287
1.19727
1.02424
1.60172
1.1194
1.02613
1.13384
1.07919
1.11924
1.09578
1.28589
1.21361
1.02763
1.06114
1.01676
1.29302
1.05072
1.03262
1.02996
1.25197
1.03391
1.09224
1.09309
1.39173
1.00784
1.03153
1.44599
1.26855
1.10522
1.00555
1.03302
1.02062
1.06877
1.16966
1.08644
1.05589
1.00388
1.15957
1.06197
1.0845
1.19868
1.01858
1.04281
1.01858
1.123
1.04866
1.01055
1.03094
1.12283
1.00921
1.46545
1.24897
1.37524
1.01772
1.08565
1.03669
1.27372
1.11258
1.02936
1.05401
1.01104
1.01824
1.15315
1.52919
1.01982
1.06002
1.28193
1.02514
1.49157
1.17812
1.0987
1.0249
1.0709
1.35795
1.03531
1.32277
1.04278
1.04891
1.02381
1.01389
1.01323
1.11072
1.12727
1.25282
1.09355
1.21938
1.37299
1.0042
1.05791
1.06448
1.17187
1.00766
1.14079
1.03582
1.1982
1.07798
1.03091
1.0355
1.09658
1.0222
1.03354
1.08052
1.01916
1.04301
1.02841
1.02527
1.06794
1.17286
1.01475
1.52486
1.01135
1.20184
1.07506
1.02078
1.03737
1.02611
1.02301
1.03477
1.01533
1.12737
1.0439
1.02749
1.01768
1.07383
1.3039
1.51181
1.12257
1.15557
1.00689
1.03302
1.05176
1.04576
1.07547
1.02122
1.01451
1.07949
1.00808
1.21375
1.05964
1.21269
1.17037
1.0841
1.03774
1.13173
1.35613
1.0366
1.0282
1.06146
1.0559
1.07019
1.02521
1.04079
1.22376
1.00966
1.01329
1.02483
1.18642
1.04027
1.02459
1.19079
1.32555
1.18458
1.00585
1.01924
1.20388
1.0187
1.06135
1.09125
1.04111
1.04042
1.11074
1.2214
1.05991
1.01696
1.07869
1.06476
1.02365
1.10764
1.02516
1.0597
1.01379
1.34127
1.02899
1.04596
1.08281
1.03816
1.03707
1.01921
1.16055
1.09689
1.0394
1.06216
1.09496
1.17414
1.01106
1.26488
1.0222
1.02073
1.02164
1.01127
1.09067
1.07594
1.03048
1.01377
1.04005
1.02721
1.1068
1.14778
1.09161
1.07092
1.0266
1.04489
1.03805
1.07032
1.03182
1.30035
1.02403
1.0661
1.02201
1.10659
1.22853
1.05206
1.15987
1.11835
1.05452
1.01189
1.21489
1.07888
1.30505
1.08152
1.02129
1.03622
1.12373
1.02015
1.10615
1.05263
1.1657
1.01241
1.19242
1.03495
1.04787
1.02539
1.26308
1.52262
1.0583
1.05692
1.04191
1.17859
1.01945
1.02927
1.04663
1.08626
1.10926
1.0398
1.10638
1.09852
1.09932
1.01501
1.02292
1.02474
1.00745
1.01312
1.03179
1.39354
1.13845
1.0234
1.18037
1.02519
1.11613
1.05017
1.03116
1.01485
1.0285
1.03001
1.03956
1.04072
1.08651
1.05428
1.07196
1.04482
1.06297
1.01964
1.02661
1.12769
1.0182
1.01049
1.05148
1.16336
1.25641
1.09347
1.04036
1.02613
1.11233
1.00876
1.06134
1.13113
1.15887
1.30308
1.18023
1.11706
1.01623
1.01589
1.07763
1.0966
1.96437
1.0207
1.07405
1.18249
1.03864
1.13688
1.04011
1.08926
1.04381
2.25836
1.02555
1.02618
1.03574
1.01297
1.10188
1.03807
1.03751
1.10992
1.02758
1.01385
1.01347
1.13293
1.02158
1.02195
1.11609
1.29479
1.08389
1.16372
1.03905
1.01288
1.02427
1.01226
2.6096
1.90784
2.01949
3.44918
1.95618
1.02835
1.98706
1.32089
1.49362
1.58517
2.0381
2.53233
1.30505
1.45941
1.53047
2.94309
1.97341
3.17762
1.82838
1.55183
1.24393
1.68626
1.15814
1.85976
1.80676
1.46084
1.49166
1.24649
1.7627
1.64143
2.00064
1.88311
1.79396
1.15344
1.66425
1.32039
2.60708
2.19641
1.46472
2.13017
2.71956
2.12408
2.14639
3.29257
1.5852
2.3123
2.18203
1.75243
1.79625
2.32034
1.62407
1.14629
3.16912
2.57795
2.09423
1.2886
2.37015
1.08878
1.98439
1.78172
1.99328
1.43061
2.11866
2.69447
2.0219
1.781
1.66555
2.82992
2.20635
2.20284
2.57055
1.96652
2.80149
1.98251
1.44811
2.04731
1.81611
2.05917
1.14231
2.52282
1.51722
3.19983
1.98017
1.33023
1.22808
2.8372
1.18207
1.69706
2.4757
1.67016
1.8947
1.51613
3.08913
1.1849
2.73476
1.49533
1.23469
3.21827
2.26248
2.16718
1.85805
2.52131
1.53351
1.88188
3.07485
1.53804
1.46886
2.42762
2.44616
2.5637
1.68077
1.92578
3.2466
1.30827
2.82993
1.96364
1.14677
1.71855
1.85052
1.92517
1.70742
1.38285
1.37998
1.50638
2.23611
2.21725
1.3232
1.8553
2.95844
2.24371
1.55164
2.44347
1.18163
2.14896
1.14152
1.25305
2.16925
1.08565
2.0958
1.65914
2.34253
1.51726
1.90029
3.14358
1.99804
3.47612
1.11554
2.58966
1.51271
2.43206
2.76649
2.74401
1.95386
2.2586
1.24494
3.60016
2.07226
2.16048
2.93772
1.21247
1.90965
1.20378
1.70296
2.36608
2.19112
2.78288
2.04979
2.06303
2.39129
1.91319
3.00449
2.41316
1.2313
2.3384
2.37425
2.76786
2.52913
1.17973
1.46316
3.16905
2.37899
1.98344
2.14609
1.4375
1.85682
1.89905
1.97544
2.02166
3.15944
2.18246
1.98745
1.71803
2.60002
1.52971
1.21194
3.31971
2.15822
1.71473
1.54112
2.30584
1.88887
2.53935
1.79425
1.2676
3.00394
1.34168
2.86518
1.72187
1.68338
2.84981
2.00039
1.97386
2.44091
2.12785
2.03608
2.34238
1.1253
1.87886
1.43199
2.8595
1.67569
1.01044
1.74009
1.63046
1.7745
2.80827
2.41454
1.6995
2.14662
2.66116
2.02363
1.95765
3.50112
1.49996
1.54759
1.76102
2.2696
2.9748
1.29133
1.76641
3.13197
1.71194
3.28718
2.90221
2.38803
2.96656
2.93763
1.87457
3.26412
1.98548
2.80033
2.39365
1.95154
1.94841
2.62702
2.69218
1.16103
1.25624
1.53779
1.08046
2.21872
1.53581
2.17379
1.60156
1.12596
1.29288
1.43557
1.78835
3.33727
1.4844
2.05063
2.99606
1.61718
2.09388
2.00618
1.53374
1.71952
2.81405
3.02061
1.48661
1.36004
1.27123
1.81831
1.54589
1.72457
3.2136
1.12328
2.45342
1.62334
1.04489
2.78392
1.86174
1.22274
1.31144
2.86436
1.50335
2.09609
2.17221
2.54817
1.80511
1.56529
2.38425
2.38042
2.56516
1.44695
1.20466
2.35437
1.16318
1.51223
1.23777
1.07106
1.33135
1.94798
2.68761
2.19977
1.31442
2.03392
1.79854
1.35457
1.48726
1.46948
1.67588
1.93436
2.63773
1.55521
2.01222
1.0627
1.64026
1.16335
1.45333
2.76925
1.49579
1.93422
1.93936
1.52605
1.37895
1.47466
2.65525
1.22194
1.94053
2.36609
1.24387
2.18645
2.27616
2.3595
2.97102
2.68743
1.29699
1.77757
1.43677
2.39823
1.07295
2.51673
3.24095
2.50676
1.89472
1.58372
2.07679
2.06622
1.63608
2.3214
2.86675
2.93331
1.4551
1.04582
2.27525
1.95354
2.01427
2.5607
2.8707
1.3586
1.42581
1.27915
1.74413
2.19639
1.09096
1.48087
3.81239
1.32519
2.33693
2.33216
2.18275
1.328
1.41943
3.43884
2.13044
2.57791
1.05197
1.24992
1.56881
3.00157
1.86405
2.54188
1.38269
1.52467
2.36143
2.05905
2.11905
1.16744
1.54159
1.72708
2.23191
1.46638
2.55769
2.39197
1.36595
1.65355
2.13501
1.80873
2.79293
3.07866
1.88584
2.75173
2.72579
1.03342
3.12541
1.85953
1.93791
2.8603
1.58809
2.06048
3.36258
3.27478
1.30865
2.52476
3.44274
2.53462
1.424
2.20522
2.51574
3.26016
1.94023
1.48943
1.30772
1.38635
1.47629
1.25979
1.75429
1.88205
1.43954
2.87637
1.77773
1.95521
1.67942
2.37357
2.58987
2.53309
2.00547
1.75661
1.25635
2.77567
1.77722
1.71617
1.42664
2.58233
2.21578
2.38732
1.54336
1.80213
1.98429
1.84001
2.76808
2.0052
1.54344
3.20978
2.50101
2.1282
1.33842
2.85654
1.12334
1.42512
1.6634
1.80458
2.04517
1.64296
2.60747
1.06915
2.45838
1.81576
1.39217
2.22688
1.17429
1.31916
2.76181
1.632
2.82154
1.4653
2.14938
1.10035
1.93142
2.96034
2.68554
2.63514
3.16148
1.09189
1.86458
2.38471
1.55566
1.9491
2.52218
1.36263
2.26663
2.51934
1.93387
1.92827
2.14234
1.55771
1.4951
1.92667
1.16519
1.48723
1.31448
1.05513
1.94214
2.29824
2.07662
1.42503
3.18484
2.14673
1.8574
2.00153
1.39219
2.66114
1.56482
3.16851
1.66161
1.94627
3.11723
2.71296
3.00532
1.06416
2.34139
2.61514
1.76569
2.14869
1.57787
1.67654
1.53161
1.69573
2.11452
1.22625
1.32658
2.31896
1.73086
2.38413
2.34577
3.04397
2.21299
3.43959
2.26163
2.15148
1.20632
2.99834
2.02518
1.60704
2.27855
1.48505
1.10748
1.41628
1.48939
2.52535
1.73965
2.44296
1.8619
3.15999
1.88031
1.62062
1.407
2.41995
1.22725
1.95255
2.0833
1.76953
1.40121
2.00935
3.16279
1.4121
1.98757
1.95951
3.26771
2.45916
1.54061
2.10865
1.55205
2.48107
1.33573
3.33854
2.46969
1.96176
1.22364
3.00257
2.2213
2.72069
1.8314
1.36648
2.95289
1.76433
2.32377
1.586
1.60619
3.14285
1.22976
2.19345
1.29724
3.24237
2.8375
3.47239
2.41817
1.59251
2.46751
2.1616
2.01521
1.7508
1.62058
1.34956
2.75134
2.6589
2.40084
1.74084
1.46182
1.37943
1.48029
1.55944
2.5855
2.33998
2.06483
1.54963
2.62109
1.94844
2.46492
1.93867
1.30254
2.52774
1.87907
1.71721
2.31034
1.27359
1.34393
1.14405
2.15195
2.31993
2.5208
3.31155
2.67154
1.55143
1.45377
2.14409
2.26798
2.24643
2.11021
2.24551
2.73583
2.05076
2.20642
1.72837
2.91666
1.98349
1.42055
1.28257
1.79888
1.14383
1.57462
1.89116
1.36363
1.40535
2.68412
1.74486
2.76588
1.8666
2.19803
1.70343
1.39834
1.22163
2.52947
1.8735
2.41474
1.15947
1.89199
1.75965
1.61765
1.29902
1.87257
2.51442
1.94163
3.09383
1.16309
2.75516
2.16874
2.9199
1.91349
1.8588
2.37147
1.96406
1.70339
1.04052
2.01946
1.2197
1.86265
1.42769
1.56159
2.29819
2.48734
2.98981
1.50457
1.49039
1.61711
1.91763
1.18491
2.083
2.5021
1.56967
2.80986
2.70229
1.0449
1.66763
2.48471
2.47137
1.34364
1.44497
1.40266
2.19295
2.41854
1.50534
2.12795
1.07841
1.59163
1.75689
3.41839
1.46294
1.72595
2.22709
1.94252
1.94068
1.5008
1.86
1.27181
2.90893
3.09172
2.24663
3.04813
1.52318
3.31174
3.12455
2.82936
2.24193
1.90264
2.45871
1.6468
2.14489
2.2245
3.29167
2.4223
1.67744
1.81413
2.10173
2.11091
1.88804
3.25364
1.75909
1.64184
1.50166
1.24043
1.84775
1.5744
1.59726
1.30428
1.1196
2.57792
1.6796
2.36555
1.97655
2.07715
1.83961
2.27911
2.47055
2.44927
1.89788
1.17643
2.23107
1.40998
2.55142
1.38931
2.30191
3.21782
2.70411
2.93757
3.22443
1.26744
1.31481
2.04626
2.42766
1.81071
2.62228
2.984
1.91835
1.93966
2.71737
1.57756
2.68329
1.20533
1.19978
2.57318
1.19107
2.62134
1.32511
2.03798
2.98375
1.42825
1.61711
3.1284
1.46031
1.25244
1.3193
3.13503
2.553
2.97016
2.23324
1.56185
1.19449
2.04778
1.36766
1.92445
2.06643
1.94084
1.84417
1.73889
1.72256
2.57689
1.88081
1.89207
1.58746
3.035
1.19122
1.11828
1.19419
2.4526
2.15491
1.27303
1.42272
1.7686
3.33638
1.42363
1.49027
2.7608
1.47956
2.00877
2.37288
1.48725
1.24234
2.97867
3.1448
2.58593
2.91059
2.69722
2.57664
2.7705
1.99098
1.99078
1.24725
1.56317
1.51409
3.17372
1.69046
1.94045
2.23803
3.0374
2.56099
2.22714
2.39187
2.61333
2.15012
1.42434
1.93694
1.91759
1.62778
1.40254
2.65779
1.48696
1.10875
2.27906
3.0511
2.42297
3.45927
2.01652
2.57559
1.56256
1.67173
1.25616
1.81386
1.85925
1.76025
2.30375
1.31894
1.75848
1.08871
2.51572
2.70938
2.71707
1.67823
2.06231
2.99053
1.26005
1.49947
3.09451
2.37511
2.72147
2.38103
2.12703
2.83519
2.58647
2.71928
2.0766
2.85317
2.99545
1.93536
2.4712
2.74498
1.75286
1.5277
1.99657
1.38459
1.62007
1.25965
2.47028
1.30646
1.47042
2.74526
2.04951
1.48764
2.58787
1.3394
1.60725
2.03417
3.01019
2.85058
1.8018
2.10528
2.67932
1.30958
1.43541
1.31351
1.69992
2.61517
1.46913
2.75518
1.25172
3.10763
2.55047
2.72936
3.3155
1.72537
1.34042
1.46774
2.87081
1.65267
1.93231
1.54811
1.80763
1.33644
1.93453
1.56693
2.16381
1.57585
1.37474
1.76472
2.36775
2.06374
1.33394
2.68114
2.3174
2.31437
2.6588
2.33786
2.60907
3.37889
2.50138
2.22199
3.06979
1.21936
1.33296
2.53964
1.33245
1.87295
2.24454
2.76367
1.38991
2.49
2.18695
1.71161
3.03366
1.70084
2.78375
2.57795
1.94321
2.05331
2.24001
1.45497
1.86926
1.94514
1.17814
194808000.0
311511000.0
330737000.0
146021000.0
312300000.0
855444000.0
320913000.0
498763000.0
381706000.0
453458000.0
250691000.0
230506000.0
639003000.0
415976000.0
432711000.0
181052000.0
271613000.0
165982000.0
344366000.0
330797000.0
663238000.0
383074000.0
715164000.0
298158000.0
384672000.0
444208000.0
451546000.0
564973000.0
354737000.0
435530000.0
311776000.0
311273000.0
354069000.0
727800000.0
427631000.0
576498000.0
199801000.0
272885000.0
487401000.0
254365000.0
191173000.0
281935000.0
247731000.0
157296000.0
382446000.0
235618000.0
282908000.0
405811000.0
339991000.0
270226000.0
440921000.0
691993000.0
164937000.0
228734000.0
299709000.0
662105000.0
237724000.0
812998000.0
277056000.0
347028000.0
279615000.0
495661000.0
295577000.0
201855000.0
255610000.0
387387000.0
405049000.0
185809000.0
261423000.0
281562000.0
228176000.0
290228000.0
179831000.0
299257000.0
486142000.0
268594000.0
389366000.0
256669000.0
764018000.0
236920000.0
492511000.0
163894000.0
289626000.0
635586000.0
537976000.0
196466000.0
702722000.0
296824000.0
226695000.0
408937000.0
289369000.0
452855000.0
162961000.0
712648000.0
207637000.0
419587000.0
664953000.0
157935000.0
242832000.0
292026000.0
336604000.0
221511000.0
457542000.0
370372000.0
165567000.0
479739000.0
427029000.0
245751000.0
220999000.0
201991000.0
337871000.0
326878000.0
158927000.0
393672000.0
188438000.0
300828000.0
756904000.0
368519000.0
370822000.0
318746000.0
405057000.0
534271000.0
573801000.0
356780000.0
239214000.0
226600000.0
580160000.0
347878000.0
180917000.0
258736000.0
338434000.0
219237000.0
738006000.0
252617000.0
708016000.0
664895000.0
299421000.0
791138000.0
276286000.0
442846000.0
251656000.0
477951000.0
281145000.0
161565000.0
321893000.0
145443000.0
723340000.0
231416000.0
477286000.0
238732000.0
184937000.0
198730000.0
286024000.0
247414000.0
692218000.0
141890000.0
285351000.0
280945000.0
176276000.0
609498000.0
365636000.0
670091000.0
349498000.0
236893000.0
279756000.0
197458000.0
292578000.0
286133000.0
223190000.0
339743000.0
181530000.0
230342000.0
629940000.0
258885000.0
231234000.0
185655000.0
226605000.0
761361000.0
439221000.0
165961000.0
241985000.0
316408000.0
271141000.0
451839000.0
296871000.0
269805000.0
311430000.0
332107000.0
165209000.0
265279000.0
298508000.0
387860000.0
203889000.0
414731000.0
588951000.0
157908000.0
289508000.0
377015000.0
477542000.0
238125000.0
353031000.0
199353000.0
349177000.0
476488000.0
176202000.0
477033000.0
181146000.0
353221000.0
401842000.0
202605000.0
297102000.0
301358000.0
237648000.0
261870000.0
292009000.0
234832000.0
683605000.0
332949000.0
569904000.0
188844000.0
405935000.0
713041000.0
318899000.0
432849000.0
410546000.0
184672000.0
232575000.0
337963000.0
293792000.0
202407000.0
290881000.0
261398000.0
145715000.0
407478000.0
411950000.0
336332000.0
278924000.0
177990000.0
630551000.0
356598000.0
169195000.0
402229000.0
155538000.0
176345000.0
218854000.0
171595000.0
181440000.0
367351000.0
154665000.0
298599000.0
183396000.0
239786000.0
311664000.0
274605000.0
214410000.0
193132000.0
688621000.0
669274000.0
483618000.0
763379000.0
286048000.0
465592000.0
248091000.0
460860000.0
740205000.0
650543000.0
483267000.0
355900000.0
154145000.0
410677000.0
284396000.0
173030000.0
452693000.0
294667000.0
274584000.0
457337000.0
381015000.0
184304000.0
183400000.0
448485000.0
554985000.0
427107000.0
330174000.0
465535000.0
292771000.0
157087000.0
692568000.0
215745000.0
425627000.0
848283000.0
181546000.0
306176000.0
565614000.0
521190000.0
184439000.0
468948000.0
242012000.0
247408000.0
225896000.0
378681000.0
460889000.0
227745000.0
251307000.0
227676000.0
497653000.0
658092000.0
240148000.0
761546000.0
519100000.0
621759000.0
806410000.0
572798000.0
335510000.0
194357000.0
264246000.0
447256000.0
305011000.0
320580000.0
577223000.0
539555000.0
390459000.0
431345000.0
333165000.0
205131000.0
406235000.0
282739000.0
729665000.0
446628000.0
674850000.0
515820000.0
195919000.0
511531000.0
286428000.0
334638000.0
506786000.0
437646000.0
490550000.0
216106000.0
633905000.0
349166000.0
226974000.0
678958000.0
256595000.0
261860000.0
223237000.0
168176000.0
204559000.0
618877000.0
370784000.0
539681000.0
248067000.0
782768000.0
208378000.0
160085000.0
232016000.0
337087000.0
470205000.0
295881000.0
274843000.0
434925000.0
246692000.0
181802000.0
178284000.0
483712000.0
739249000.0
244981000.0
326181000.0
307523000.0
219131000.0
176421000.0
561549000.0
415088000.0
601759000.0
345007000.0
255949000.0
774758000.0
507354000.0
132351000.0
545771000.0
222022000.0
262055000.0
279840000.0
555116000.0
501015000.0
146603000.0
293098000.0
201933000.0
740048000.0
696381000.0
464804000.0
169335000.0
275576000.0
216652000.0
580298000.0
513124000.0
215436000.0
261994000.0
300971000.0
671111000.0
436143000.0
419301000.0
267123000.0
421163000.0
198786000.0
222835000.0
557678000.0
372789000.0
271786000.0
372007000.0
186980000.0
166393000.0
326876000.0
197856000.0
194080000.0
804481000.0
162431000.0
303109000.0
318328000.0
192417000.0
467266000.0
268664000.0
158133000.0
156408000.0
621996000.0
206197000.0
149735000.0
214379000.0
553566000.0
241465000.0
213555000.0
156508000.0
310350000.0
506533000.0
587823000.0
579050000.0
468029000.0
581244000.0
409618000.0
317333000.0
546128000.0
195579000.0
382492000.0
287206000.0
366527000.0
222801000.0
210704000.0
207043000.0
301979000.0
368271000.0
683569000.0
201311000.0
382027000.0
422188000.0
441898000.0
208709000.0
239872000.0
229594000.0
460550000.0
388600000.0
265488000.0
373624000.0
190308000.0
320424000.0
415509000.0
165943000.0
225414000.0
284568000.0
515393000.0
183845000.0
671000000.0
433194000.0
315563000.0
343738000.0
316478000.0
407399000.0
218886000.0
814645000.0
240475000.0
323274000.0
508234000.0
249175000.0
679150000.0
450069000.0
203766000.0
460050000.0
186061000.0
389513000.0
301178000.0
575729000.0
309839000.0
173794000.0
211375000.0
200528000.0
163583000.0
823898000.0
359996000.0
235845000.0
403189000.0
330814000.0
218760000.0
538566000.0
264205000.0
220216000.0
294857000.0
299642000.0
276302000.0
416728000.0
439911000.0
269554000.0
720744000.0
466762000.0
569877000.0
815688000.0
306519000.0
240847000.0
317790000.0
504635000.0
161383000.0
304651000.0
292394000.0
301235000.0
509569000.0
206850000.0
384014000.0
159737000.0
424404000.0
266973000.0
174795000.0
193788000.0
172794000.0
632225000.0
231556000.0
222025000.0
323315000.0
259961000.0
452887000.0
392887000.0
441652000.0
352556000.0
276303000.0
692378000.0
638562000.0
243651000.0
408492000.0
228605000.0
260279000.0
171045000.0
270280000.0
148173000.0
266258000.0
300176000.0
673470000.0
170037000.0
270910000.0
444660000.0
275845000.0
489342000.0
660804000.0
494160000.0
348013000.0
211568000.0
403067000.0
210266000.0
377807000.0
162663000.0
353543000.0
393649000.0
576003000.0
234957000.0
549683000.0
332827000.0
268646000.0
390673000.0
548462000.0
329559000.0
161315000.0
539202000.0
289340000.0
323278000.0
154010000.0
221264000.0
425249000.0
305223000.0
437532000.0
221788000.0
461881000.0
150483000.0
227198000.0
321207000.0
706665000.0
180992000.0
261540000.0
214561000.0
384116000.0
561765000.0
176243000.0
334013000.0
257640000.0
440357000.0
415974000.0
171297000.0
617137000.0
268950000.0
544130000.0
154812000.0
181282000.0
149535000.0
251252000.0
464440000.0
213051000.0
278935000.0
301282000.0
362712000.0
404599000.0
539652000.0
198063000.0
198681000.0
256154000.0
402221000.0
477087000.0
529334000.0
391517000.0
452801000.0
222924000.0
269566000.0
322738000.0
441542000.0
200682000.0
338908000.0
235946000.0
275644000.0
571542000.0
203211000.0
311312000.0
312012000.0
226426000.0
572299000.0
547430000.0
784909000.0
231685000.0
245047000.0
221205000.0
160295000.0
202500000.0
480363000.0
479732000.0
270333000.0
247128000.0
279405000.0
262821000.0
271966000.0
188923000.0
299401000.0
258557000.0
326506000.0
188613000.0
264245000.0
521756000.0
549918000.0
362240000.0
690312000.0
438385000.0
336755000.0
523929000.0
547578000.0
188019000.0
412870000.0
181852000.0
273883000.0
277644000.0
382805000.0
462130000.0
670883000.0
232081000.0
278960000.0
242952000.0
690820000.0
325939000.0
374836000.0
398461000.0
607058000.0
363417000.0
228790000.0
311531000.0
165447000.0
437140000.0
210642000.0
251450000.0
185550000.0
329653000.0
314809000.0
237855000.0
286184000.0
435760000.0
844768000.0
331350000.0
541666000.0
296383000.0
525033000.0
434035000.0
273007000.0
221828000.0
182447000.0
441306000.0
485357000.0
417492000.0
325186000.0
703270000.0
266005000.0
210400000.0
482182000.0
184543000.0
194939000.0
823345000.0
384543000.0
206244000.0
205844000.0
540325000.0
475072000.0
501070000.0
252455000.0
217326000.0
465246000.0
265575000.0
827860000.0
475962000.0
401085000.0
148260000.0
531148000.0
351499000.0
280650000.0
324496000.0
318585000.0
490785000.0
329106000.0
669925000.0
186947000.0
166310000.0
275967000.0
173143000.0
470317000.0
156293000.0
176945000.0
194691000.0
284272000.0
363429000.0
241696000.0
415546000.0
287578000.0
251773000.0
158637000.0
245827000.0
397080000.0
380840000.0
252168000.0
311504000.0
291265000.0
162448000.0
379916000.0
404630000.0
494024000.0
678527000.0
355903000.0
468636000.0
481070000.0
576074000.0
744573000.0
228239000.0
424005000.0
222141000.0
289328000.0
301251000.0
385276000.0
264252000.0
235328000.0
240218000.0
335554000.0
707177000.0
275909000.0
535611000.0
223652000.0
517355000.0
258499000.0
159808000.0
200214000.0
173830000.0
159417000.0
588371000.0
472482000.0
249801000.0
210421000.0
332026000.0
223415000.0
182464000.0
340616000.0
329588000.0
192865000.0
461760000.0
210841000.0
533526000.0
715659000.0
210467000.0
578838000.0
214459000.0
491619000.0
313997000.0
172953000.0
450750000.0
331099000.0
169219000.0
498969000.0
592849000.0
558129000.0
166690000.0
222268000.0
173924000.0
236542000.0
497250000.0
684336000.0
305929000.0
522440000.0
339216000.0
297190000.0
282645000.0
350329000.0
312274000.0
409406000.0
220863000.0
317107000.0
346522000.0
369314000.0
175209000.0
605268000.0
685483000.0
508409000.0
223122000.0
282827000.0
633231000.0
440710000.0
385232000.0
157222000.0
453914000.0
441716000.0
186094000.0
523552000.0
286895000.0
242552000.0
529175000.0
608968000.0
179792000.0
162968000.0
220334000.0
176015000.0
185996000.0
205569000.0
191435000.0
294156000.0
277058000.0
641538000.0
370259000.0
493732000.0
159584000.0
414602000.0
346264000.0
242421000.0
171128000.0
218883000.0
269146000.0
213528000.0
197861000.0
252524000.0
511197000.0
311818000.0
320551000.0
404863000.0
523950000.0
198056000.0
505078000.0
621391000.0
232634000.0
167737000.0
213153000.0
149689000.0
310155000.0
198748000.0
345807000.0
333583000.0
579054000.0
358154000.0
358842000.0
379001000.0
261145000.0
402445000.0
400646000.0
787898000.0
212548000.0
188629000.0
198411000.0
417498000.0
257406000.0
175794000.0
676049000.0
466229000.0
174398000.0
235235000.0
213810000.0
223235000.0
262567000.0
184053000.0
211006000.0
198882000.0
252550000.0
193651000.0
185213000.0
288606000.0
216630000.0
184908000.0
372045000.0
484284000.0
291911000.0
362984000.0
475702000.0
658494000.0
220805000.0
643172000.0
505105000.0
195676000.0
290786000.0
535547000.0
223854000.0
380042000.0
459316000.0
313892000.0
179096000.0
182373000.0
384967000.0
263624000.0
200243000.0
631360000.0
514210000.0
595423000.0
347742000.0
215427000.0
418441000.0
187881000.0
618984000.0
172398000.0
201859000.0
199953000.0
161857000.0
378590000.0
567363000.0
350875000.0
178922000.0
413067000.0
358271000.0
351544000.0
395952000.0
531086000.0
263165000.0
420508000.0
270391000.0
319682000.0
558296000.0
390077000.0
246507000.0
276551000.0
489835000.0
194359000.0
250508000.0
235387000.0
207289000.0
226763000.0
212070000.0
152370000.0
226149000.0
244686000.0
174053000.0
626272000.0
627662000.0
220057000.0
618194000.0
278494000.0
263979000.0
190830000.0
545639000.0
235887000.0
297373000.0
416469000.0
177361000.0
397881000.0
201030000.0
202459000.0
268579000.0
274825000.0
265917000.0
485909000.0
337091000.0
359007000.0
746958000.0
225943080.061611
264139437.762292
296852661.53662
223845855.47744
271517149.93093
390974802.262859
635866226.936187
292803924.454071
253389076.804554
319469247.276625
418569257.671546
259429759.497725
822226315.07523
587416901.510663
294333189.383546
236823088.880241
514079578.980036
475074531.173117
580675251.182395
228152057.417851
366677634.701685
287093626.420164
368114501.793046
542745965.842209
649054331.186409
288407129.623766
299356821.647862
312991338.943868
277908570.232784
317730232.554367
277222876.936207
260516643.246274
282304921.70136
373100200.493578
686583072.794988
338313280.995222
474497382.051844
568300447.131428
317292372.0667
465222866.465207
462454106.570556
587708779.495514
431405948.378887
448686369.439615
600519554.708846
242141964.172582
274362276.899852
316068380.430982
271426878.11437
626542361.649651
318260776.139123
352544550.116191
318320282.238505
262073242.894453
505753940.832025
379194705.503694
250418349.856127
393412407.746045
500556826.871771
274802224.062912
531123278.556842
315153574.157982
619230444.757077
506040093.074933
229697084.221025
306638649.606667
596004540.723219
476080608.471819
492433664.975884
275660397.504209
465244684.724438
253662096.486436
380671277.85982
533419412.901892
633106926.03667
244398192.661759
647816626.726998
234900150.526782
387885792.92643
265647769.938147
742054853.403795
451516060.088424
254892336.825579
375767835.530485
654916201.776893
529173804.952509
369186280.65732
223878813.226636
249434976.731807
303551309.414328
243674349.425194
642901571.75009
223736869.897815
375296589.230871
428625811.085992
278854395.014531
364892788.104598
445370321.696611
244178960.907594
560354281.672657
608764643.931991
476774162.710781
692235193.477408
682485623.016306
226263823.648946
327936312.450525
278776497.447691
519082345.399633
535011328.182291
472896012.795225
252392947.622064
523594567.791879
229321246.847226
228901736.446445
441798318.941569
262540900.738711
385775887.352857
492959016.207533
653960315.701934
272728938.69733
307379103.579081
328362879.42009
351927133.866902
488770331.375966
449962765.42698
223301984.848762
760560959.573643
286852338.029281
237880719.287009
473659743.316939
514622522.146707
238088397.39278
387577905.305926
533121506.234662
359205529.321797
370288081.997795
567152403.745607
381734337.595193
257350950.247808
685462547.86465
516911444.934611
322300663.404422
237448168.288611
451631925.272273
633008011.671976
370588769.204892
799071360.512091
589826653.269636
602903317.37785
448104160.832864
432732348.169865
540926904.473269
528316991.195475
248359259.522904
383007377.109105
508465583.141126
573070269.474833
269767443.084777
468662334.433768
328444446.756998
578072487.356679
358508549.289971
264525568.153476
249114525.897057
554814957.307182
536572688.109602
266544367.617642
262355419.313553
477149133.585277
647032859.423283
242402594.972896
477961898.258607
717970320.009157
491905040.994116
244003311.405691
504352206.20134
254717169.036146
399199957.621983
285622277.48403
233750353.615986
255858151.068166
594216456.859389
548385468.908959
288674231.802666
548429321.557599
486428308.601257
584252451.102304
651664686.515178
231985556.133701
564078492.973241
263676025.367162
296157229.416907
465943725.43024
281962866.851491
317231667.415643
434733115.348552
277698130.4713
628651098.179301
327089225.69242
244034529.43586
296368815.987615
224989416.7227
278449143.945151
569295547.039589
442417034.882862
625759721.124997
230673822.663372
270310742.968782
300646015.741559
484214577.492667
264141602.521717
264372889.541945
527974473.329193
247653642.655464
264245832.176401
244474062.547744
341892687.890566
278028756.355478
362709882.337571
239999443.788504
628573396.013973
320216673.602729
550108025.747738
313664265.656532
323784728.725569
432940610.355136
523230744.755096
255274587.818524
586716543.30612
501703734.342404
557020083.631546
471705274.387872
226740526.00723
583220378.545464
283345818.721734
263238256.546261
281353328.073809
521904317.734892
361887357.280958
279954937.096629
450038138.030402
608879279.570925
491902783.916216
431126243.737756
495925153.486466
422093693.442075
458740416.104807
306056126.289768
224375339.097524
263494758.25704
420848247.498707
255094585.652359
270322544.332676
484764197.227955
415141885.055008
231086741.81699
355338897.484347
373675004.864721
690012092.568998
366578373.084949
597424694.821787
317805454.947214
239688410.707765
328043127.606038
370418573.531313
804204239.654606
308338891.904295
282877667.642242
336613147.531942
270937726.930576
259195617.288934
494870221.495474
658712825.13558
274221061.572897
431484759.286506
311749773.252
291183706.430752
480319344.735291
542225874.054774
598987531.987167
335468002.37811
532824941.20597
537129552.904781
690597360.901956
224401834.1722
384412987.040048
345754009.883474
235250440.342148
670829815.271563
393938415.331729
500528761.953777
544206805.730326
640598373.175694
303782701.531867
524093120.900209
313329759.848765
454607568.003042
238853815.063938
526952297.68121
597314247.810248
320633005.58672
523998268.440337
265873463.034825
550401885.5866
320035620.377586
352346641.563198
481856154.787437
393694835.91232
729230096.541532
698921194.879439
383871779.068072
338931871.283403
290473787.63158
511150945.740756
258346996.532698
261281052.570158
589732785.827641
504426371.017417
347507384.699537
356647548.967064
552153642.536299
688405488.76332
286427474.244191
535037752.092372
607078637.371251
540095249.836959
344628807.155043
325592882.592439
348927645.703454
333180535.67131
498677489.238193
340062444.025846
550066332.847112
647844363.658646
343723705.132148
268219052.100122
321508928.342016
255029123.399275
761420025.284706
643362060.38891
518543683.453791
375348516.236392
482122901.274304
566726533.450544
503810969.870769
379509874.730555
487209794.996235
356746667.571479
292930331.980047
344622272.926787
264409726.932405
373275834.515179
233080074.283654
498743124.980897
520633300.16557
548311447.782487
330965979.903447
590713538.116519
547968074.059936
316254632.609063
393855848.805569
465376631.167793
444702088.203133
653720629.968722
343610028.25424
464333487.579325
593706703.053789
589028714.08668
472966371.116359
471683812.945521
339075271.363703
263038614.827568
342107498.572894
267438991.570433
249850211.846482
375657653.140868
333921823.886478
349844665.855735
706126547.85774
514878383.183761
271623546.524089
271475517.801612
327642862.149564
695797757.559097
224064098.823398
605075068.593684
493596512.022805
346002551.696787
386853957.948233
324084009.883672
495055552.145553
506653621.475705
244756947.366537
356610003.59974
347709067.030757
226105509.347518
239759231.749849
633406499.428854
780990466.624987
666871343.202289
321851523.088081
264975279.059185
568782126.959245
484219000.562094
236895502.604038
338559052.551361
273966071.298583
257896273.895554
613731927.190042
508875677.15734
227674534.142343
273972180.673949
241975857.146806
235120855.652088
369495509.794472
436192641.669396
539818368.994122
274174184.729954
244609210.24532
329804656.777965
246034455.310346
457789183.454934
227645364.66993
361765625.090555
455719723.826168
463056728.069573
241497446.386034
350344956.641594
467225763.061559
497927916.848591
463266997.438288
267622288.653077
335310036.89216
341647711.064499
356784199.803055
307086432.11807
325443164.238328
684794801.269243
265438468.469465
773830929.009493
548203026.931828
302208268.167893
249577218.360345
273578540.435203
467573157.28867
242531080.285087
428044657.144751
269160569.731094
612220933.737816
381688952.985738
539401038.730593
301754540.468484
322021234.477197
280191533.618406
239535754.275478
435724706.693932
520895454.318778
315908163.850102
311248262.676412
480281311.452273
305542404.146798
234127847.838697
596888668.46858
613717576.757846
236729317.282552
250561610.774455
550730764.756689
306583323.094205
489506065.346409
335003723.82995
561699806.890009
233292300.178658
275690533.743908
287666870.140322
644605385.509918
542977326.908488
387099442.479041
514489828.990372
583051005.873757
673782194.976529
486610465.069923
354453073.040343
263871821.733893
250116958.504959
333689186.8894
472143023.480199
253667407.174839
550734326.313347
281556149.629483
265967990.337155
335023329.134848
252291435.703603
450103053.964264
498506047.598147
897339047.484941
655466636.061154
547573891.872322
278766472.409736
610587539.242037
466386057.016511
697638891.046486
558189564.851294
246577410.667501
479824825.248345
529579865.3752
263080646.746445
626968640.073095
595616702.093957
461211067.072918
373245168.874671
308525162.314924
332928543.26863
382514327.661865
557848639.019119
246010593.953983
293301482.870591
319607931.068502
408418448.475283
290668254.616203
519012132.08551
542151552.363667
315297162.927288
468344368.425491
267071995.407822
446801898.008087
313419750.43103
230934223.471174
448740233.169987
501321277.677996
506894918.382662
299016578.731926
240960990.989443
258056672.291898
253721555.469606
553179733.014927
317599353.532628
292750707.951543
300639487.950076
265707034.871044
561364737.654528
377344738.623445
376490718.098441
513745673.096471
314241845.97277
242232424.47402
271357430.46642
486461649.881698
265833730.586895
486782708.908447
582155630.93885
287032499.875047
361075055.215146
440699874.017614
505037150.193756
317594890.848249
613126361.761333
322975696.688746
325256692.259804
311053248.897867
518116556.686742
237459371.507508
653457565.719808
445169449.76236
630150532.968882
462430346.274512
664138265.611377
283535547.781488
360193657.133234
474849659.459236
299821017.387104
624446287.828232
248742043.214029
307247792.473144
341560197.994838
294311439.32976
226757834.307413
338402800.399992
255592857.894815
619056733.865194
223670840.106184
241832988.352013
291175102.752975
286047723.13938
301809694.305244
492597540.523986
596568360.780005
374960498.690716
249381846.928649
603192750.402077
384313504.363306
241529245.550087
540533675.9756
507720547.154915
312652654.51835
766507061.192363
500106274.388764
453313045.19182
504200691.030365
310403006.11965
296947625.850959
451739489.980879
717900067.97179
526973518.710601
681720860.361274
376853674.173481
380128132.052662
465514858.627509
470265641.26134
328721938.086509
233646730.858683
267975603.659266
269843147.556828
282238700.671364
291415799.805607
727042858.300837
449552083.664635
484270897.628516
273326369.571034
311201485.455419
309962287.222616
324523735.983431
257580910.638439
675931363.277999
256164181.8138
629703638.390645
296177717.632303
304101530.3242
233780250.586522
293485702.269238
537732951.597099
237503012.443135
330870424.426498
468706125.349242
583665660.339225
517656546.184193
507873310.147524
323943297.042995
723453468.217875
399100464.429561
460152391.637286
560308899.82543
247828094.407571
514456639.209612
470935693.333441
331221530.922546
309964427.586472
257608328.332202
249102425.936156
278961141.196474
514749445.38222
271423742.874532
466003623.629311
531980704.654909
408078576.283237
533016005.031857
544735145.877152
232945127.989993
705469657.013185
313469291.347385
289612229.297341
350933103.461612
306795556.817001
283048244.761155
317532113.63089
342016023.543108
437620671.565247
320178135.850954
464209194.297653
227213489.559785
271230679.026934
602439716.722636
645868122.561207
364253120.121027
260907427.843084
482012561.627994
260740232.996388
355992153.743711
612850510.675831
293146325.427356
286476618.381268
350480037.758564
679665281.233624
558565561.959011
530409897.619464
485384547.027346
225970394.903645
257934400.976915
532649106.164798
493378170.311894
280350324.267604
260073709.95677
250695585.73115
544788894.215752
329896522.333754
390667591.313167
297398474.665344
293632317.505941
529288962.85232
333148420.077522
301237620.615807
617621107.435917
245227037.887416
496181543.343325
654617204.863627
686793525.747417
671561686.815739
604149310.072154
818672966.464172
545333063.722631
233973799.847366
336385156.334306
455317558.731777
234125269.095679
382361307.225082
285011903.824134
465087003.681381
226096416.170398
322667894.353954
665722679.681257
312370289.226638
540011915.955258
233605512.257449
674996469.791697
251168754.654429
396788619.853859
690700018.953115
313182693.176635
474117536.682655
345350329.866231
606387341.128931
277792188.862534
538411733.833323
274787581.279987
327363860.869969
551064656.275709
378674689.59095
500002647.439175
228525945.217623
275554274.224389
435473573.775845
318390366.550732
314725002.254954
245721810.313518
538414958.614099
283251888.405739
677478932.758557
264115744.972478
304142317.523439
615250312.20195
248920000.033977
379440463.857575
450956739.921363
296035070.321741
307063932.348898
518427741.133492
292247449.519173
244409191.934487
429138453.205994
641993965.653844
295261174.505134
678221014.887364
374072523.986138
649415371.810393
327920224.427782
741148659.452824
333939740.469646
370498521.276151
510363525.794145
316515049.499506
469117749.801289
254165031.631235
580357061.414627
315003669.68733
267671338.032546
258395870.254043
261492519.659511
283041274.64736
369752624.987916
273587819.097027
335644428.225295
253613482.610905
319452638.712754
264463301.47285
492105448.204233
482444120.178227
447912937.847923
446195564.772462
331433611.316555
276100500.011868
227181612.335382
481377335.802258
569434393.02361
499622919.17656
483468310.981137
554236847.820144
614347468.133673
510641251.840821
654989731.244113
552536826.300253
285810908.499137
381613481.25916
525239506.676159
306416613.625616
472465439.069087
289532153.885799
284408098.052129
229355200.203128
618194380.834842
480649331.23703
512033553.921914
323845188.701926
330002326.234891
327261049.469631
467964423.56249
252200579.388415
229592379.551335
508066849.894063
707025903.775747
363304739.131754
278433641.444865
317565053.9169
623323666.753466
272943666.606242
480147213.502333
607911240.49561
503951789.328396
313433187.894158
554707742.861044
563731277.379085
291397339.048347
260564181.859834
236337565.817494
320447520.765558
340692897.561285
269837678.482382
536703457.15009
603833117.925254
358275800.256786
575530272.460881
655521295.629065
233134484.954694
626853196.965658
292567335.275389
440290806.541318
344277386.667705
256136175.501885
479333059.885585
349785840.445822
336241296.192286
506982648.843958
446750306.494738
465102297.683448
510969475.748992
390044570.624251
392540857.676738
515718464.612629
260292314.72942
245138988.672676
355625572.257164
257233769.078517
332246825.107377
437489820.395973
311497053.220077
642211888.380571
241130947.167815
458244645.973125
249136897.569836
586653871.785215
498856788.9142
468798471.447249
523392027.468049
323608547.970037
551182187.815981
273193626.401805
608762355.838812
326604632.634111
453964463.986203
717690121.40327
306208070.60083
459166134.225973
498229475.533677
481877774.328494
417664309.56816
597037782.020359
227508077.57941
535475888.821132
247849247.088751
323281898.213662
288730149.173196
296523344.032366
296505493.105007
267383060.318228
235910786.221174
558615181.913105
381242200.398312
440411475.007398
456979601.319742
465556243.743502
695427331.258465
486883012.016196
498404246.470394
378601765.463545
310709143.224601
441438807.833888
248315353.717449
500929868.919516
438585012.761617
248216959.871501
495334209.015591
242560535.442102
495170497.481234
485791609.854966
498013816.133808
441128677.512497
248247533.520695
505231694.118757
480716211.522145
289840889.834492
328818259.565054
259030839.419428
495856075.338576
342519724.491804
368652859.831774
242422484.245132
836874773.332245
725342345.111767
458321308.562834
590314914.132196
354090433.290714
554929500.73929
449421525.480911
328104861.958532
283781408.111495
377730720.25513
437728000.917741
308281246.578469
246667448.581079
238450907.632671
367474045.937828
328046220.487871
347596377.633785
262726369.54984
527137579.92192
273219613.671512
230064947.614085
770704886.687713
486768826.42659
228815496.894154
525061594.994035
462561945.333739
627863037.060746
338000905.348965
480577110.246291
228289604.212076
303405422.56209
307684668.795221
541741877.502591
318104578.609903
315450155.684913
226266797.80979
647511050.558802
260033794.651553
223898245.815669
744447753.442227
305946040.974238
518188326.066343
560006910.58273
648377811.155874
231601623.262251
258011764.406458
539989018.533477
244950796.549767
458776645.643255
524481831.638207
439341552.104714
251415153.300933
241640197.306668
494796549.764303
339399734.779997
795094960.513936
531014910.336117
366094254.41155
519159179.008075
263338671.716449
348223890.049903
337062905.525
550627665.326001
608480681.512692
316814693.931919
454910087.606952
300770018.016457
504780023.567496
401199923.450427
231958327.289338
250800332.80624
264736122.458788
314215050.314905
604085375.214316
625397661.311611
391121742.156899
