1.01329
1.00525
1.00156
1.00759
1.00277
1.00538
1.00845
1.00245
1.00137
1.0066
1.00972
1.0024
1.00597
1.00303
1.00553
1.00393
1.00093
1.00809
1.01338
1.00309
1.00589
1.00138
1.01471
1.00856
1.00575
1.00247
1.00632
1.00426
1.01094
1.00372
0.999882
1.01707
1.00453
1.00534
1.01172
1.00234
1.00688
1.00457
1.00848
1.00946
1.01338
1.01442
1.00142
1.0094
1.00138
1.00647
1.00703
1.00176
1.02044
1.00831
1.01364
1.00402
1.00064
1.01245
1.00709
1.00735
1.0028
1.0053
1.00796
1.00173
1.00801
1.01281
1.00874
1.00355
1.01009
1.00589
1.00737
1.00989
1.00308
1.01754
1.01898
1.00821
1.00353
1.00209
1.00634
1.00263
1.00611
1.00226
1.00491
1.00415
1.01017
1.00244
1.01049
1.0007
1.00584
1.00112
1.0105
1.00215
1.00058
1.00388
1.00553
1.00245
1.01063
1.00041
1.00174
1.01366
1.00489
1.00433
1.00257
1.00625
1.00686
1.02756
1.00185
1.00251
1.00201
1.00917
1.00815
1.00318
1.00282
1.01827
1.00612
1.00268
1.01693
1.00274
1.00253
1.0094
1.01592
1.00156
1.00531
1.00494
1.00232
1.02144
1.00692
1.00253
1.00214
1.00856
1.00183
1.00487
1.00177
1.00823
1.00853
1.00808
1.00263
1.00779
0.999429
1.0074
1.01754
1.0002
1.00829
1.00538
1.00172
1.0436
1.00036
1.02282
1.00801
1.00403
1.00721
1.00271
1.00397
1.01565
1.01146
1.00042
1.00392
1.01911
1.00488
1.00776
1.00001
1.00074
1.00405
1.00255
1.01138
1.00381
1.00444
1.02459
1.00763
1.0136
1.00886
1.00457
1.00242
1.00241
1.00519
1.00055
1.00377
1.00523
1.00427
1.00727
1.01443
1.00626
1.0011
1.01769
1.0026
1.00353
1.00288
1.00483
1.01667
1.00975
1.00537
1.00203
1.00407
1.022
1.01143
1.00029
1.00403
1.00603
1.01622
1.00313
1.00328
1.00274
1.00166
1.01284
1.00785
1.00825
1.00011
1.00563
1.00233
1.0048
1.00216
1.01505
1.00169
1.00773
1.00739
1.00446
1.00003
1.00574
1.00648
1.00636
1.00666
1.00399
1.00328
1.01191
1.034
1.00907
1.01519
1.00397
1.02365
1.02521
1.01274
1.01051
1.00229
1.00424
1.00225
1.00177
1.025
1.00383
1.00384
1.00457
1.01046
1.01134
1.00593
1.00217
1.0028
1.00257
1.005
1.00182
1.00606
1.00084
1.00972
1.00264
1.00289
1.0042
0.999919
1.00691
1.00507
1.00334
1.00181
1.01084
1.00316
1.00286
1.00313
1.00641
1.00768
1.01062
1.0043
1.00331
1.00428
1.0035
1.01034
1.00522
1.01554
1.01148
1.01169
1.00713
1.00589
1.00228
1.00236
1.00666
1.01026
1.00659
1.00492
1.00088
1.01311
1.00403
1.00324
1.00509
1.00337
1.00245
1.0051
1.00903
1.004
1.01811
1.00832
1.0134
1.00189
1.0028
1.00698
1.01131
1.00318
1.00765
0.99954
1.00302
1.00961
1.01964
1.00333
1.00362
1.01965
1.00202
1.01424
1.00336
1.00244
1.0086
0.999007
1.01065
1.00832
1.00474
1.00225
1.00636
1.00385
1.00451
1.00218
1.00197
1.00515
1.00413
1.00089
1.00737
1.00804
1.0012
1.00242
1.01431
1.00615
1.00544
1.00426
1.00385
1.00842
1.00559
1.0065
1.00257
1.00561
1.01298
1.0036
1.00215
1.0047
1.01023
1.00267
1.01269
1.01632
1.00305
1.00309
1.01675
1.00674
1.00175
1.00127
1.00701
1.01159
1.01365
1.00437
1.01591
1.00132
1.00259
1.00018
1.01452
1.00586
1.01793
1.00489
1.00348
1.00791
1.00753
1.00543
1.00463
1.00516
1.02709
1.00268
1.00481
1.00562
1.00184
1.00297
1.01132
1.00668
1.00884
1.0066
1.00597
1.00074
1.02236
1.00145
1.00246
0.999437
1.00606
1.00197
1.00101
1.00825
0.998516
1.00422
1.01265
1.00442
1.00656
1.01342
1.00267
1.00308
1.00282
1.0114
1.0054
1.00433
1.01069
1.0095
0.997564
1.00244
1.01628
1.01017
1.01042
1.00277
1.00436
1.01529
1.01225
1.00402
1.00745
1.01597
1.00894
1.00687
1.01007
1.00144
1.00137
1.0069
1.00702
1.00439
1.00013
1.00283
1.01269
1.01467
1.00776
1.00317
1.03898
1.01474
1.00672
1.00161
1.00367
1.00665
1.00016
1.00677
1.00773
1.00494
1.02361
1.014
1.00983
1.00198
1.00855
1.01453
1.00168
1.00718
1.00781
1.00026
1.00856
1.00554
1.00352
1.00992
1.00103
1.00945
1.00424
1.01398
1.00794
1.01985
1.01105
1.00968
1.01001
1.00562
1.0054
1.00968
1.00244
1.01546
1.00506
1.00356
1.00217
1.01158
1.01436
1.00829
1.01908
1.01071
1.00006
1.00565
1.02207
1.01349
1.00377
1.00205
1.00443
1.00373
1.01247
1.0165
1.00368
1.01399
1.00202
0.999835
1.00056
1.00675
1.00412
1.00594
1.00583
1.00247
1.01178
1.00454
1.00619
1.01057
0.999824
1.00127
1.00468
1.00133
1.01108
1.00502
1.00632
1.01243
1.00389
1.00127
1.00529
1.00962
1.0116
1.00658
1.00551
1.00202
1.0042
1.00689
1.00523
1.00142
1.00213
1.00309
1.00583
1.00115
1.00172
1.01653
1.00404
1.00063
1.00371
1.00627
1.00543
1.00141
1.00417
1.00071
1.00212
1.00406
1.00313
1.01124
1.00156
1.00849
1.01296
1.00486
1.00386
1.00574
1.01212
1.0015
1.00744
1.00386
1.00349
1.00401
1.00705
1.00706
1.00678
1.00331
1.00631
1.01533
1.00671
1.00774
1.01173
1.00143
1.00553
1.00067
1.00298
1.00585
1.00285
1.00312
1.00408
1.02398
1.0039
1.00517
1.00951
1.00376
1.00279
0.999412
1.00028
1.00754
1.00454
1.01519
1.00047
1.00525
1.00272
1.00238
0.999009
1.00205
1.00167
1.00381
1.00534
1.00822
1.00493
1.00554
1.0018
1.00334
1.00142
1.00286
1.00452
1.008
1.0047
1.0072
1.00168
1.01456
1.01109
1.00452
1.00304
1.00271
1.00966
1.00266
1.00681
1.00202
1.00524
0.998734
1.00265
1.01357
1.00335
1.00432
1.00349
1.00141
1.00772
1.00379
1.00621
1.0032
1.00854
1.00142
1.00722
1.00615
1.00756
1.00547
1.01558
1.01083
1.01997
1.00617
0.999695
1.00223
1.00561
1.0072
1.00431
1.00591
1.00508
1.00202
1.00316
1.00515
1.0027
1.00685
1.00322
1.00694
1.00422
1.00389
1.00337
1.0029
1.01813
1.0097
1.00194
1.00336
1.0027
1.00447
1.00534
1.00472
1.0029
1.00554
1.01635
1.00318
1.01656
1.00864
1.00904
1.00632
1.00895
1.00468
1.00521
1.00457
1.00301
1.01321
1.00103
1.00543
1.01926
1.0078
1.00419
1.00481
1.00271
1.00167
1.00235
1.00682
1.00361
1.00022
1.00788
1.01035
1.00184
1.00441
1.00783
1.00396
1.00971
1.00399
1.00559
1.00554
1.00414
1.01186
1.00561
1.00551
1.00737
1.00158
1.00067
1.00548
1.0031
1.00551
1.0044
1.00586
1.01992
1.0104
1.00142
1.00423
1.01747
1.03455
1.007
1.00614
1.00706
1.00311
1.02989
1.01036
1.00614
1.01096
1.00245
1.02014
1.00033
1.00468
1.0098
1.00762
1.00024
1.00494
1.01786
1.02655
1.00582
1.00981
1.01668
1.02152
1.00625
1.00158
1.01285
1.00485
1.00435
1.00286
1.00295
1.00379
1.0251
1.00275
1.00676
1.02922
1.00187
1.00379
1.00796
1.02117
0.99934
1.00357
1.00105
1.00621
1.00803
1.00358
1.00182
1.00459
1.00754
1.00084
1.00307
1.00901
1.00782
1.00537
1.02789
1.0064
1.00445
1.00508
1.00548
1.00347
1.0077
1.00165
1.01157
1.00252
1.00123
1.0145
1.00319
1.00113
1.00575
1.00339
1.01282
1.00619
1.00963
1.00503
1.01319
1.00364
1.00847
1.0071
1.00307
1.00794
1.00305
1.0007
1.00202
1.01013
1.00398
1.00466
1.00291
1.00717
1.00491
1.0047
1.00063
1.01781
1.00263
1.01346
1.00238
1.00096
1.00977
1.0082
1.00627
1.01196
1.00644
1.00278
1.00116
1.00231
1.00847
1.0148
1.02331
1.00783
0.997963
1.00324
1.00309
1.00213
1.00274
1.01843
1.0086
1.00851
1.00167
1.004
1.01831
1.01307
1.00199
1.00155
1.00169
0.999219
1.02968
1.00093
1.00072
1.01109
1.00185
1.00333
1.00179
1.00181
1.01573
1.00228
1.0022
1.0136
0.999042
1.01045
1.00129
1.00482
1.00381
1.00383
1.00805
1.00563
1.00678
1.00752
1.00733
1.00204
1.01435
1.00631
1.00548
1.01396
1.006
1.00705
1.00234
1.00186
1.00183
1.02565
1.0049
1.01581
1.00276
1.00124
1.0013
1.00106
1.00615
1.00564
1.00359
1.00229
1.01188
1.00587
1.00018
1.01954
1.0006
1.01445
1.00639
1.0011
1.01242
1.017
1.00639
1.00124
1.00734
1.00424
1.00033
1.00256
1.00125
1.00281
1.00864
1.00677
1.0049
1.00501
1.00397
1.00784
1.01674
1.01421
1.00321
1.00928
1.00328
1.00374
1.01032
1.00401
1.00052
1.00122
1.01276
1.00734
1.00607
1.00313
1.00589
1.00411
1.01754
1.00775
1.00504
1.00651
1.00333
1.00446
1.00011
1.00891
1.00461
1.01702
1.00889
1.00341
1.00142
1.02416
1.0087
1.01673
1.00726
1.0019
1.01568
1.00512
1.00555
1.00062
1.00307
0.997984
1.00014
1.01535
0.998433
1.00479
1.00398
1.00561
1.00317
1.0078
0.99986
1.02828
1.00481
1.0082
1.00087
1.00178
1.01146
1.01776
1.00355
1.00982
1.01336
1.01808
1.00421
1.00987
1.01034
1.0038
1.00994
1.00519
1.00295
1.01469
1.01445
1.00904
0.99978
1.00259
1.01648
1.00823
1.00215
1.00446
1.00859
1.0047
1.01749
1.0051
1.003
1.00714
1.00148
1.00237
0.999903
1.01489
1.01106
1.03884
1.00497
1.00789
1.00383
1.00989
1.00195
1.00341
1.00331
1.00587
1.00251
1.01367
1.00171
1.00116
1.00173
1.39047
1.08148
1.29985
1.04715
1.24959
1.66991
1.18146
1.23269
1.3839
1.15013
1.11807
1.15135
1.09042
1.16719
1.11261
1.05691
1.19725
1.15694
1.22076
1.18674
1.191
1.02186
1.15676
1.08013
1.03306
1.09151
1.05459
1.12439
1.18535
1.12953
1.23927
1.15251
1.32863
1.20857
1.30153
1.15359
1.22044
1.14344
1.46579
1.06997
1.06813
1.19962
1.18411
1.40771
1.07585
1.21825
1.07924
1.10948
1.40769
1.20429
1.17453
1.27546
1.20679
1.88698
1.0656
1.10179
1.18376
1.15479
1.24093
1.07443
1.08663
1.16236
1.13237
1.1802
1.22762
1.35427
1.11497
1.21802
1.49399
1.31585
1.25321
1.08115
1.25982
1.16949
1.16165
1.16163
1.09424
1.19877
1.18459
1.20716
1.22017
1.55712
1.03695
1.13721
1.11968
1.14866
1.14417
1.13092
1.04097
1.14529
1.50498
1.0993
1.24991
1.13164
1.13965
1.15064
1.14486
1.09905
1.21681
1.08633
1.15709
1.38311
1.10933
1.25963
1.2566
1.16005
1.46027
1.16088
1.13298
1.13907
1.07386
1.21312
1.25418
1.11166
1.12146
1.20127
1.44519
1.18087
2.00448
1.00606
1.08963
1.24809
1.2456
1.02954
1.14781
1.07888
1.0543
1.14663
1.16983
1.09105
1.1912
1.16725
1.17112
1.06998
1.41535
1.24612
1.11026
1.05807
1.18752
1.18732
1.06078
1.21505
1.16059
1.13164
1.14279
1.22005
1.06276
1.47691
1.13334
1.0965
1.28041
1.16209
1.16532
1.31756
1.11366
1.21954
1.15192
1.24992
1.10991
1.19444
1.15778
1.12156
1.02387
1.38298
1.13584
1.37644
1.19502
1.16521
1.14305
1.14972
1.17786
1.08871
1.11908
1.04544
1.17733
1.13948
1.20539
1.10652
1.23743
1.20427
1.20314
1.13328
1.25944
1.03153
1.36169
1.2054
1.10368
1.15176
1.38097
1.13848
1.16825
1.1508
1.0411
1.48657
1.07905
1.16558
1.14467
1.26108
1.09313
1.42903
1.0291
1.14022
1.15188
1.12433
1.35338
1.14429
1.24252
1.41935
1.25376
1.25782
1.17466
1.20275
1.18358
1.1319
1.10704
1.1844
1.0386
1.11944
1.11561
1.40026
1.25813
1.20061
1.32645
1.19217
1.20521
1.19268
1.18045
1.10779
1.12109
1.16592
1.11028
1.16235
1.52683
1.16374
1.06621
1.13706
1.24
1.13568
1.10027
1.53815
1.13324
1.17529
1.11712
1.13792
1.03722
1.22139
1.15685
1.05535
1.23466
1.19136
1.13998
1.20445
1.39673
1.09333
1.18514
1.1846
1.21322
1.1884
1.0451
1.1818
1.15746
1.1348
1.15531
1.3685
1.17702
1.10841
1.09286
1.49873
1.06807
1.23697
1.13503
1.20448
1.09935
1.04963
1.13822
1.03785
1.13824
1.16294
1.11817
1.12249
1.12726
1.03014
1.08521
1.78547
1.15623
1.14821
1.26461
1.51476
1.24834
1.79027
1.19214
1.1915
1.0821
1.14303
1.19684
1.08152
1.05115
1.15617
1.12212
1.18176
1.1041
1.07263
1.20184
1.20843
1.27453
1.13616
1.20531
1.15224
1.17062
1.1163
1.17277
1.10416
1.13284
1.12305
1.12323
1.25139
1.38539
1.077
1.12874
1.06137
1.16657
1.17612
1.18163
1.07204
1.08606
1.29261
1.2438
1.35422
1.19573
1.3097
1.20532
1.19227
1.17818
1.18163
1.3408
1.1414
1.38565
1.46862
1.47388
1.18055
1.14914
1.21942
1.12876
1.25529
1.10808
1.15661
1.13189
1.15049
1.23668
1.17629
1.32695
1.05426
1.52288
1.36181
1.12444
1.70609
1.23324
1.30607
1.05815
1.35499
1.59235
1.1152
1.25566
1.11638
1.17531
1.43379
1.14699
1.25589
1.1726
1.10913
1.2335
1.03347
1.21778
1.19483
1.19962
1.22412
1.61425
1.17843
1.16553
1.11329
1.21613
1.19715
1.08844
1.18741
1.16404
1.14654
1.15843
1.10879
1.21036
1.14558
1.04991
1.25799
1.09116
1.22502
1.38018
1.09951
1.01065
1.17903
1.08373
1.1925
1.24345
1.07345
1.10611
1.15095
1.19919
1.04169
1.15219
1.26656
1.14371
1.10085
1.20021
1.15641
1.13854
1.25486
1.17885
1.07599
1.18969
1.3842
1.47411
1.28469
1.06796
1.13156
1.08488
1.08653
1.16005
1.19287
1.1624
1.23341
1.22218
1.60285
1.13037
1.04741
1.10023
1.21588
1.2623
1.155
1.27109
1.26105
1.18017
1.16015
1.08391
1.14613
1.18242
1.4574
1.16568
1.18879
1.08847
1.14769
1.10266
1.09885
1.29093
1.22571
1.10867
1.24139
1.15683
1.21042
1.2911
1.22063
1.10182
1.11804
1.253
1.18892
1.22393
1.22052
1.20884
1.16158
1.13875
1.14004
1.04527
1.06683
1.12783
1.45544
1.14846
1.03925
1.26458
1.43902
1.25377
1.35105
1.51459
1.06187
1.1388
1.17033
1.47095
1.09322
1.13298
1.36248
1.44266
1.03955
1.19364
1.22505
1.18265
1.08232
1.12008
1.35632
1.11763
1.05131
1.22464
1.12234
1.22963
1.21135
1.20394
1.59894
1.09404
1.07707
1.14465
1.2036
1.21616
1.18337
1.06301
1.12752
1.1648
1.11374
1.16044
1.09373
1.16318
1.19161
1.09332
1.44068
1.11902
1.18171
1.19447
1.17824
1.02303
1.13036
1.0356
1.09178
1.16098
1.17181
1.16554
1.16361
1.26732
1.11081
1.11584
1.32663
1.33092
1.73834
1.0722
1.22448
1.2039
1.41139
1.0734
1.17167
1.20555
1.16261
1.17143
1.28732
1.10581
1.0148
1.17746
1.18977
1.09931
1.12026
1.14909
1.14216
1.12131
1.16535
1.15882
1.14413
1.18773
1.06549
1.11166
1.14398
1.6214
1.14917
1.63506
1.05846
1.50766
1.1494
1.12267
1.17385
1.12874
1.12324
1.1264
1.07445
1.1982
1.10701
1.19733
1.24434
1.24762
1.09548
1.17419
1.20561
1.04944
1.42694
1.47416
1.40226
1.14368
1.04954
1.19158
1.74234
1.13697
1.19885
1.20981
1.22017
1.17499
1.16987
1.14558
1.12946
1.98608
1.08893
1.19623
1.12285
1.24288
1.42683
1.04545
1.21742
1.14212
1.08402
1.13001
1.22228
1.04954
1.12628
1.2099
1.17668
1.03419
1.24842
1.07138
1.13577
1.17323
1.16326
1.13614
1.05681
1.21523
1.20538
1.11928
1.08209
1.18484
1.11119
1.14462
1.14571
1.49386
1.21255
1.21066
1.21118
1.13859
1.13997
1.19918
1.20245
1.08981
1.16663
1.0763
1.16779
1.38818
1.1809
1.44896
1.20297
1.1065
1.07077
1.15568
1.14185
1.0793
1.14891
1.21903
1.23651
1.22721
1.50092
1.03312
1.32229
1.15282
1.08164
1.35997
1.15492
1.38811
1.30699
1.21028
1.13102
1.21141
1.40511
1.22839
1.07374
1.05416
1.14365
1.17596
1.38251
1.0667
1.01913
1.14135
1.16637
1.02703
1.54787
1.14113
1.16917
1.14083
1.19672
1.17439
1.33378
1.15037
1.09511
1.17077
1.18957
1.10533
1.42382
1.23083
1.26515
1.17228
1.10409
1.15984
1.10107
1.15051
1.11891
1.0875
1.20104
1.07393
1.22499
1.34527
1.67881
1.32425
1.15915
1.12962
1.47385
1.20235
1.12898
1.52796
1.02722
1.11127
1.06172
1.163
1.26718
1.24406
1.08314
1.22113
1.18095
1.05225
1.16068
1.09596
1.31537
1.06283
1.19096
1.32327
1.08956
1.1607
1.1628
1.02419
1.36249
1.21501
1.13732
1.10955
1.1252
1.10915
1.38656
1.21186
1.56659
1.45252
1.40782
1.06612
1.20685
1.36831
1.06412
1.0773
1.10247
1.19892
1.25936
1.46289
1.06374
1.27134
1.061
1.08476
1.08527
1.21164
1.083
1.1686
1.13701
1.19162
1.08878
1.10891
1.14132
1.19813
1.19682
1.13791
1.14864
1.097
1.14954
1.29342
1.10035
1.11282
1.14299
1.04624
1.17463
1.04352
1.20189
1.7312
1.18615
1.56443
1.22544
1.19706
1.15359
1.16137
1.25716
1.25456
1.17597
1.32753
1.12311
1.13546
1.32891
1.1552
1.13887
1.37952
1.36367
1.16426
1.23982
1.05611
1.03031
1.11101
1.27895
1.34159
1.11768
1.09923
1.19527
1.24525
1.17508
1.66218
1.18266
1.27015
1.32222
1.1895
1.12141
1.31825
1.12725
1.07953
1.1866
1.41645
1.52646
1.18598
1.11583
1.2209
1.2487
1.10461
1.13036
1.13149
1.12171
1.16281
1.06241
1.09241
1.18861
1.18537
1.22606
1.02926
1.03522
1.19075
1.37538
1.05342
1.26679
1.23933
1.106
1.80974
1.06418
1.17344
1.16404
1.20273
1.20804
1.1974
1.53671
1.04104
1.67245
1.13669
1.06415
1.18819
1.11274
1.14715
1.6235
1.33798
1.0836
1.25305
1.1255
1.24284
1.59423
1.55814
1.01889
1.22396
1.12515
1.05476
1.25679
1.54754
1.47469
1.22622
1.22169
1.01894
1.17499
1.35514
1.06141
1.6831
1.11241
1.05652
1.16624
1.16606
1.16721
1.20758
1.18654
1.17567
1.21927
1.06755
1.12733
1.11106
1.15156
1.50058
1.19825
1.15459
1.42858
1.42613
1.3986
1.41368
1.19682
1.2544
1.13793
1.57828
1.65863
1.10458
1.18511
1.18705
1.23397
1.05769
1.09821
1.21786
1.20219
1.09958
1.73582
1.17945
1.1488
1.00692
1.16911
1.18621
1.24651
1.11009
1.19443
1.14698
1.19715
1.10977
1.18895
1.06367
1.14137
1.16105
1.19788
1.08162
1.64217
1.33322
1.0495
1.15856
1.21838
1.17003
1.19627
1.14315
1.15754
1.13784
1.16966
1.1107
1.0263
1.19509
1.22732
1.63087
1.11281
1.07941
1.22827
1.0605
1.58041
1.07827
1.03585
1.18781
1.2214
1.06171
1.14959
1.14752
1.19935
1.32185
1.20581
1.08064
1.62169
1.1682
1.05911
1.32801
1.13649
1.20741
1.82172
1.18469
1.05958
1.17025
1.19474
1.16414
1.0837
1.10608
1.4492
1.14778
1.10154
1.28472
1.15284
1.65503
1.07805
1.31519
1.09912
1.12664
1.17604
1.55938
1.18571
1.1647
1.20017
1.11683
1.25008
1.11708
1.16315
1.16854
1.30041
2.24939
1.28542
1.80153
1.57819
2.00171
2.32
1.43247
1.42061
2.18189
1.56118
1.26499
1.6601
1.10506
1.4062
1.3701
1.26803
1.39786
1.86833
1.48174
1.24625
1.48715
1.64291
1.67687
1.27567
1.69902
1.1729
1.62523
1.62218
1.81014
1.47277
1.40428
2.5149
2.21081
1.29273
1.46712
1.95565
1.48759
1.68918
2.12516
1.63158
1.95227
1.38895
1.3079
2.15533
1.51307
1.25116
1.83755
1.35576
2.19555
1.31374
1.52329
2.44713
1.61893
2.02453
1.69783
2.09883
1.35773
1.20846
1.3172
1.75357
1.94752
2.44327
1.33719
2.14881
1.4047
2.17995
1.9494
1.83572
2.09623
1.90615
2.06161
2.02374
1.40638
1.33171
1.29563
1.33244
1.29415
1.42012
1.49673
1.49247
2.06031
2.17942
2.02159
1.55734
1.13085
1.3869
2.06104
1.8559
1.66752
1.52937
1.94921
1.39458
1.48641
1.64629
1.89157
1.83853
1.51395
1.3411
1.79322
2.12209
1.53407
2.04437
1.23513
1.32935
1.36427
1.51916
2.27061
1.36902
1.62397
1.75212
1.23734
1.41492
1.79486
1.58712
1.34185
1.23302
2.06233
1.46864
2.22705
1.40478
1.96397
2.03701
1.65009
1.73675
1.40147
1.25778
1.7957
1.83612
1.33357
1.50163
1.60483
1.40252
1.1942
2.07281
1.65339
2.06079
1.69631
1.08238
1.33629
1.37737
2.08415
2.07647
1.59124
2.10505
1.99855
1.31314
1.12728
1.94555
1.30698
1.59032
2.48094
1.48551
1.30289
2.37726
1.6496
1.36786
1.3414
1.33343
1.46476
1.43405
1.28173
1.93546
1.74806
2.26013
1.98223
1.86501
1.96952
1.47665
1.39754
1.218
1.40642
1.61221
1.20501
1.05259
1.42634
1.68386
1.53389
1.84015
1.30931
1.81219
1.31987
1.58751
1.33411
2.21137
2.45388
1.40318
1.55085
1.2457
2.44816
1.86928
1.66006
1.39786
1.05785
2.19591
1.9754
1.28692
1.27735
1.29767
1.61479
2.21835
1.43862
1.76306
1.30013
1.72072
2.26036
1.36302
1.3145
2.06885
1.2838
1.66877
1.30786
1.43055
1.4508
1.41055
1.99234
1.42928
2.26834
1.40333
1.92477
1.91703
1.76154
1.39022
2.02574
1.21929
2.14378
2.07178
1.20271
1.24819
1.8367
1.34061
1.35649
1.39761
2.32221
1.30441
1.60364
1.8365
1.28321
1.78973
1.2349
1.93027
1.45339
1.48293
1.15276
1.4929
1.05431
1.59936
1.38078
1.52424
1.47058
1.33834
1.36255
1.22444
2.40568
1.93486
1.55769
1.55713
1.87274
1.87866
2.22934
1.66458
1.39564
2.33618
1.3832
2.61467
1.4697
1.18123
1.18323
1.88277
2.07531
2.08576
1.28189
1.33603
1.53938
1.09231
1.14847
1.93436
1.73897
1.82695
1.63177
1.40556
1.45231
1.10513
1.52008
2.38572
2.14616
1.36209
2.16309
1.95994
2.22368
2.11353
2.06095
1.50248
1.73035
1.52699
1.33906
1.74047
1.82044
2.17411
1.1329
1.46368
1.26768
2.15846
1.67008
1.35116
2.21555
1.55544
1.71194
1.93754
1.39224
1.40312
1.21042
1.19801
2.00636
1.4763
1.3467
1.49757
2.06884
2.00091
1.51834
1.3936
1.54065
1.41197
1.3915
1.96692
1.24152
1.67836
1.57286
2.37758
1.82971
1.76282
1.47016
1.44097
1.48671
1.35817
2.18529
1.32545
1.74332
1.98238
2.51997
1.19187
1.50985
1.29503
1.26239
1.39357
1.77166
1.76614
1.6823
1.98631
1.55882
1.3732
1.78721
2.02854
1.8105
1.98711
1.45512
1.9603
1.41941
1.73848
1.07488
1.75428
2.21865
2.02682
1.30412
1.44667
1.41469
1.55542
1.57928
1.35263
1.72694
2.10364
1.26488
1.05439
1.81125
2.05369
1.53995
1.54679
2.18227
1.26452
1.87091
1.31961
1.36899
1.69609
1.50079
1.34592
1.32464
1.52467
1.34177
1.54367
1.35778
1.51798
1.92405
1.45086
1.58876
1.39518
1.86174
1.1116
1.83816
1.76457
1.97361
1.3995
1.32509
1.87409
1.23644
1.25567
1.35259
2.07094
1.34359
1.30932
1.44192
1.98777
2.23074
1.24499
1.64067
1.49527
1.68711
1.92572
1.41896
2.15948
1.94521
1.69456
1.07868
1.79403
1.22008
1.54561
1.21201
1.81496
1.42513
1.36528
1.93414
2.02974
1.62902
1.8728
1.69177
1.3072
1.33799
1.34631
2.44195
1.53487
1.30251
2.16135
2.10709
1.47939
1.33756
1.89504
1.52072
1.49099
1.84809
2.05458
1.12483
1.7174
2.26534
1.27317
1.11671
1.94891
1.64615
1.52473
1.90848
1.37992
1.57824
1.5666
1.36121
1.6163
1.50035
1.66844
1.29737
1.55012
1.6126
1.90051
1.85457
1.79901
1.85047
2.20758
1.19305
2.21324
1.50364
2.17747
1.32333
2.02451
2.42161
1.1195
1.55124
1.41919
1.81721
1.88071
1.62814
1.86197
2.42923
1.0502
1.35619
1.2619
1.40307
1.79377
1.52004
2.51951
1.23825
1.93814
1.4493
1.94454
1.50468
1.57412
1.81233
2.1762
1.45543
1.74337
1.42728
1.76865
1.87057
1.23448
1.37175
1.3546
1.81696
1.69165
1.50268
2.12579
1.28469
1.47067
1.59862
1.79395
1.19152
1.54562
1.58548
1.35008
1.60977
1.63737
2.00596
1.2912
2.15342
1.45
2.40627
1.61962
1.35496
1.19653
1.35582
2.02873
2.104
2.14685
1.77862
1.32757
1.24952
2.36475
1.8825
1.63168
1.29086
1.30654
2.1397
1.88481
1.69381
2.11201
1.80852
1.40755
1.30441
1.49597
1.21007
1.32952
1.71695
1.43158
1.67058
1.80478
1.28373
1.67926
1.59147
1.39611
2.16115
1.22786
2.46147
1.6426
2.17645
1.57053
1.64417
2.18212
1.58107
1.3241
1.59616
1.3671
1.21406
1.95247
2.08284
1.28115
1.36584
1.67771
1.99762
1.46183
1.15657
2.46019
1.71389
1.65056
1.41113
1.86787
1.2719
2.30174
1.37166
1.43889
1.5002
1.37955
2.57873
1.60293
2.0359
1.71151
2.27958
1.419
1.55496
1.7194
1.34864
2.12007
1.73589
1.50442
1.56051
1.79954
1.36561
1.28972
1.70611
1.17496
2.0897
1.39548
1.42804
2.24054
1.53752
1.61084
1.42369
1.5613
1.43679
2.04291
1.32322
1.23928
1.27939
1.46837
1.65608
1.16466
1.79359
1.48409
1.87007
1.31527
1.48612
1.7002
1.48765
1.36885
1.25507
1.54683
1.56058
1.23698
1.27547
1.45261
2.00896
1.64586
2.08751
2.45536
1.76414
2.08827
1.34462
1.47251
1.3724
1.34957
1.40176
2.03599
2.20126
1.92685
1.8431
1.71046
1.1873
1.90733
1.75536
1.60616
2.26244
1.77252
1.48479
1.39049
1.76095
2.1059
1.58307
1.31951
1.6327
2.70193
1.34586
1.86524
1.15637
1.03376
2.03564
1.18886
1.82243
1.80535
1.17084
1.96187
1.5427
1.31712
1.49448
1.98512
1.28995
1.37754
1.49187
1.50412
1.96922
1.67696
1.43827
2.37885
2.19299
1.27068
1.45377
1.51792
1.33673
1.24294
1.85685
1.3683
1.98995
1.92916
1.79922
1.98057
2.03431
1.46027
2.07436
1.96165
1.51228
1.8983
1.88384
2.00332
1.52645
1.77275
1.40387
1.65567
1.65009
1.23155
1.43253
1.26938
1.57617
1.40445
1.38719
1.97414
2.05384
1.21071
1.73048
1.76286
1.86779
1.28446
1.40561
2.05675
1.47068
1.73096
1.66845
1.52254
1.45404
2.52831
1.29638
1.95932
1.97356
2.36329
1.56989
1.51201
2.09236
1.08288
2.02446
1.11381
1.35048
2.0707
2.32662
1.51832
1.30896
1.11818
1.85516
1.41948
1.35389
1.66184
1.76236
2.18426
1.78217
1.88832
1.53871
1.40076
1.21317
1.36723
1.5324
1.47654
1.93362
1.4517
2.05494
2.26757
1.47524
1.359
1.0805
1.52348
1.77267
1.40792
2.20635
1.87706
2.4602
1.88759
1.33203
1.51338
1.642
1.42452
1.37949
1.30362
1.8368
1.50406
1.20257
1.59005
1.33815
1.69878
1.83522
1.59645
2.15473
1.3154
1.7708
1.05619
1.39455
1.90536
1.81839
1.70984
1.97365
2.17956
1.28205
1.59573
1.87575
1.70497
1.63369
1.99452
1.30516
1.36966
1.69724
1.28715
1.75927
1.3367
2.29948
2.37072
1.70411
1.46708
1.28313
1.70992
1.59586
1.58382
1.36842
1.30166
1.27735
2.37792
1.20922
1.34691
1.79252
1.39394
1.47357
1.77032
1.81155
1.94123
1.80512
1.38386
1.4141
1.2347
2.21331
1.11563
1.4354
1.46904
2.1105
1.43802
1.37922
2.51288
2.06493
2.57238
1.46581
2.00301
1.23049
1.44505
1.91764
2.16001
1.8046
1.31244
1.37381
1.31152
1.30923
1.9108
2.29448
1.83661
1.49677
1.42061
1.07951
1.39354
1.94952
1.79618
1.48025
1.51126
2.04179
1.30415
2.00314
1.08474
2.15147
1.30407
1.27492
2.11556
1.72371
1.50087
1.44417
1.43528
1.41167
1.28256
1.87436
1.59557
1.37318
2.06788
2.21394
1.24657
1.28306
2.01236
2.13826
2.03675
2.05986
1.38047
1.48774
1.48119
1.77489
2.30803
1.31212
1.36489
1.42468
1.55346
1.66175
1.76332
1.48431
1.41238
1.21133
2.09696
1.62623
1.58044
2.10694
1.34615
1.35268
1.3419
1.88844
1.7473
1.59416
1.50817
1.16695
1.40437
1.48516
2.00828
1.70804
1.55277
1.10579
1.9408
1.62106
1.6387
1.24751
1.63144
1.28814
1.27233
2.4538
1.22461
1.16932
1.34622
1.50956
1.65614
1.53815
1.50386
1.93405
1.20753
1.14427
1.44113
1.12154
1.80412
1.72641
1.06703
1.47951
1.45834
1.85327
1.8248
1.42333
1.24356
1.78789
1.34025
1.56643
2.17866
1.38975
2.12872
1.78476
1.54852
1.40594
2.07257
1.58827
1.15654
1.66958
1.62784
1.37048
1.7217
1.30778
1.56312
1.26108
1.51008
1.39192
1.48031
2.22967
1.6808
1.60384
1.19465
1.22264
2.18704
2.6834
1.38756
1.55249
1.25468
1.32194
1.35706
1.21979
1.99254
1.7439
1.98925
213783000.0
517226000.0
169117000.0
196315000.0
155388000.0
154419000.0
362871000.0
282718000.0
134257000.0
252841000.0
418341000.0
218838000.0
640183000.0
208049000.0
291350000.0
616517000.0
237562000.0
229585000.0
284254000.0
489859000.0
348465000.0
160453000.0
254579000.0
546292000.0
168739000.0
550495000.0
203342000.0
194738000.0
209107000.0
339515000.0
333883000.0
163429000.0
140817000.0
272714000.0
154088000.0
161440000.0
319912000.0
217738000.0
164914000.0
226096000.0
248205000.0
321425000.0
233626000.0
231087000.0
171143000.0
250359000.0
184679000.0
380478000.0
143969000.0
299262000.0
155054000.0
155277000.0
154921000.0
161965000.0
166133000.0
162982000.0
366805000.0
454089000.0
368741000.0
191971000.0
178944000.0
179408000.0
245402000.0
157591000.0
254475000.0
142956000.0
259516000.0
302475000.0
146693000.0
178569000.0
201770000.0
191391000.0
290267000.0
317248000.0
514194000.0
386025000.0
540098000.0
336419000.0
304995000.0
326015000.0
164467000.0
147479000.0
179848000.0
231354000.0
610164000.0
241658000.0
186697000.0
194379000.0
273788000.0
196564000.0
134361000.0
169815000.0
263950000.0
231476000.0
147192000.0
175362000.0
316417000.0
401826000.0
161381000.0
138415000.0
178270000.0
131201000.0
572536000.0
339693000.0
280982000.0
199603000.0
149054000.0
344832000.0
191438000.0
253084000.0
605896000.0
231462000.0
228369000.0
295813000.0
483741000.0
387370000.0
163879000.0
195207000.0
139220000.0
146534000.0
180835000.0
201779000.0
198811000.0
142078000.0
429414000.0
419694000.0
187665000.0
235119000.0
426789000.0
255619000.0
298394000.0
377970000.0
366617000.0
191350000.0
190388000.0
144510000.0
214739000.0
710356000.0
327768000.0
386362000.0
164581000.0
151043000.0
221421000.0
140060000.0
174565000.0
427697000.0
742871000.0
174079000.0
424560000.0
353301000.0
148004000.0
227990000.0
348761000.0
154914000.0
170113000.0
332413000.0
374179000.0
279495000.0
318361000.0
271758000.0
424465000.0
131929000.0
151951000.0
192278000.0
167457000.0
181807000.0
159676000.0
355868000.0
249987000.0
288004000.0
358101000.0
189533000.0
379613000.0
778271000.0
382979000.0
206034000.0
194569000.0
265168000.0
300132000.0
245294000.0
204775000.0
243726000.0
259098000.0
161725000.0
151270000.0
383704000.0
357052000.0
374333000.0
159918000.0
212494000.0
225198000.0
402944000.0
686669000.0
148860000.0
189941000.0
318913000.0
369037000.0
327780000.0
228423000.0
144865000.0
154932000.0
200224000.0
276008000.0
201239000.0
159412000.0
283325000.0
348122000.0
189157000.0
274626000.0
222227000.0
427730000.0
336992000.0
226948000.0
355058000.0
148771000.0
265314000.0
140807000.0
333279000.0
235322000.0
278147000.0
178955000.0
289307000.0
177098000.0
459577000.0
191405000.0
142890000.0
455400000.0
214087000.0
226517000.0
476934000.0
218490000.0
388248000.0
139124000.0
412503000.0
185742000.0
231296000.0
366911000.0
179919000.0
565869000.0
144591000.0
245332000.0
336517000.0
500522000.0
306209000.0
749986000.0
193923000.0
473064000.0
165785000.0
288230000.0
357728000.0
329142000.0
472166000.0
167180000.0
153746000.0
270330000.0
257828000.0
145053000.0
199956000.0
185587000.0
274741000.0
399510000.0
172370000.0
223279000.0
150159000.0
350737000.0
532266000.0
630040000.0
144869000.0
196503000.0
172609000.0
485012000.0
362361000.0
216474000.0
752907000.0
570225000.0
154638000.0
240739000.0
188617000.0
262649000.0
191322000.0
186884000.0
729504000.0
265577000.0
145627000.0
173782000.0
307319000.0
149043000.0
202020000.0
141639000.0
184547000.0
135786000.0
311878000.0
202391000.0
262710000.0
357907000.0
228113000.0
159131000.0
208665000.0
570968000.0
289726000.0
538299000.0
167374000.0
244353000.0
336470000.0
138083000.0
233677000.0
170512000.0
192483000.0
390637000.0
247132000.0
246601000.0
643523000.0
165697000.0
410017000.0
217935000.0
244489000.0
168094000.0
159790000.0
323060000.0
194325000.0
263057000.0
373652000.0
336155000.0
263594000.0
579475000.0
279567000.0
171977000.0
158856000.0
213080000.0
173915000.0
199666000.0
382234000.0
298362000.0
348090000.0
184618000.0
510133000.0
179097000.0
194111000.0
135673000.0
471141000.0
241256000.0
417874000.0
364815000.0
247819000.0
214435000.0
243369000.0
229692000.0
167270000.0
284102000.0
308922000.0
132673000.0
174457000.0
139957000.0
167972000.0
307893000.0
172122000.0
327363000.0
160274000.0
724812000.0
160744000.0
151151000.0
167827000.0
303722000.0
423620000.0
349260000.0
303337000.0
356432000.0
347717000.0
181925000.0
165557000.0
247269000.0
713992000.0
186290000.0
200328000.0
260972000.0
336214000.0
146163000.0
388837000.0
172215000.0
210650000.0
373604000.0
174244000.0
203142000.0
261631000.0
396918000.0
316403000.0
311512000.0
261128000.0
246238000.0
221862000.0
187260000.0
321941000.0
228972000.0
208355000.0
185600000.0
592580000.0
139120000.0
170630000.0
190595000.0
440287000.0
303478000.0
202272000.0
594935000.0
390130000.0
335509000.0
172772000.0
468240000.0
360006000.0
335786000.0
160153000.0
145325000.0
463522000.0
302144000.0
256282000.0
197476000.0
215707000.0
363325000.0
169111000.0
158277000.0
162751000.0
620454000.0
248590000.0
564466000.0
159425000.0
464237000.0
252932000.0
311210000.0
277230000.0
142945000.0
173355000.0
301710000.0
141609000.0
226890000.0
321765000.0
259870000.0
190683000.0
158920000.0
237290000.0
406304000.0
164799000.0
168404000.0
369076000.0
300307000.0
207742000.0
327391000.0
364189000.0
222746000.0
158178000.0
448261000.0
198362000.0
153859000.0
356520000.0
633698000.0
152407000.0
231506000.0
313046000.0
165963000.0
304217000.0
213293000.0
183204000.0
343123000.0
305820000.0
292773000.0
148516000.0
211366000.0
246513000.0
161936000.0
268570000.0
174766000.0
180586000.0
227614000.0
204570000.0
511145000.0
155665000.0
256807000.0
158509000.0
282460000.0
153276000.0
150313000.0
716620000.0
226546000.0
339892000.0
251017000.0
205959000.0
162278000.0
188308000.0
147112000.0
753941000.0
397558000.0
401849000.0
413480000.0
172390000.0
347682000.0
145314000.0
522755000.0
174386000.0
286924000.0
197926000.0
220796000.0
225194000.0
158195000.0
147535000.0
382737000.0
186422000.0
357744000.0
255932000.0
218285000.0
396956000.0
245562000.0
471508000.0
273148000.0
180570000.0
250930000.0
143658000.0
166895000.0
216552000.0
238183000.0
211961000.0
538166000.0
175548000.0
260055000.0
354824000.0
168862000.0
298946000.0
161095000.0
191412000.0
157705000.0
362351000.0
146771000.0
250288000.0
230476000.0
589882000.0
189225000.0
169529000.0
175164000.0
143901000.0
143122000.0
347380000.0
415897000.0
179142000.0
197008000.0
226576000.0
374577000.0
420514000.0
146925000.0
141348000.0
171487000.0
162485000.0
152299000.0
354394000.0
416829000.0
171539000.0
534714000.0
361625000.0
196213000.0
413228000.0
284556000.0
240837000.0
412974000.0
141097000.0
189542000.0
292288000.0
179002000.0
485746000.0
133598000.0
153287000.0
132240000.0
254242000.0
259153000.0
165208000.0
229236000.0
371242000.0
271934000.0
194125000.0
460664000.0
146624000.0
156560000.0
323034000.0
260596000.0
245184000.0
153916000.0
317601000.0
716766000.0
162998000.0
208946000.0
167900000.0
421638000.0
168105000.0
333533000.0
160025000.0
426296000.0
253808000.0
278978000.0
246904000.0
148822000.0
239870000.0
181484000.0
232675000.0
196641000.0
210311000.0
214073000.0
260927000.0
322099000.0
150004000.0
160888000.0
266194000.0
153655000.0
267021000.0
406334000.0
351055000.0
142692000.0
463668000.0
189446000.0
383042000.0
172599000.0
153342000.0
297674000.0
283304000.0
395445000.0
307326000.0
230535000.0
170724000.0
284344000.0
347098000.0
510163000.0
143026000.0
180915000.0
636578000.0
251386000.0
385221000.0
163399000.0
292046000.0
306371000.0
233296000.0
231019000.0
437690000.0
394852000.0
259287000.0
232803000.0
338492000.0
188868000.0
244331000.0
189347000.0
236500000.0
161316000.0
136971000.0
173668000.0
211168000.0
511082000.0
302325000.0
427511000.0
200584000.0
383365000.0
177392000.0
200555000.0
198629000.0
220493000.0
184407000.0
559890000.0
244919000.0
219615000.0
337554000.0
148209000.0
232483000.0
298963000.0
437224000.0
231256000.0
141715000.0
257705000.0
372637000.0
179529000.0
155598000.0
404666000.0
147826000.0
635408000.0
744078000.0
141557000.0
405795000.0
169957000.0
177171000.0
437358000.0
173858000.0
360455000.0
296767000.0
226513000.0
155483000.0
343455000.0
191530000.0
224983000.0
353082000.0
221937000.0
175739000.0
157202000.0
146200000.0
175219000.0
520038000.0
314319000.0
376765000.0
308381000.0
549314000.0
211285000.0
284951000.0
236806000.0
249328000.0
250384000.0
159751000.0
163722000.0
205721000.0
143121000.0
133910000.0
284632000.0
208153000.0
166336000.0
152367000.0
187137000.0
173428000.0
373329000.0
284242000.0
269861000.0
579941000.0
226025000.0
449201000.0
178969000.0
269576000.0
432538000.0
170247000.0
161494000.0
357011000.0
180615000.0
137757000.0
217300000.0
430317000.0
190699000.0
158527000.0
275378000.0
237207000.0
278818000.0
205147000.0
294921000.0
146949000.0
412714000.0
174124000.0
128998000.0
160552000.0
134583000.0
304580000.0
148270000.0
694291000.0
185375000.0
646010000.0
227023000.0
166500000.0
160164000.0
384789000.0
290202000.0
693312000.0
187909000.0
177659000.0
357551000.0
245151000.0
225977000.0
194322000.0
262571000.0
235761000.0
273647000.0
429543000.0
416961000.0
335267000.0
206491000.0
199703000.0
166998000.0
288965000.0
162191000.0
164432000.0
343599000.0
443498000.0
779391000.0
306456000.0
168240000.0
320535000.0
146020000.0
163887000.0
143770000.0
224453000.0
409529000.0
417530000.0
176596000.0
288907000.0
229704000.0
220786000.0
187927000.0
286831000.0
572005000.0
174857000.0
372416000.0
251617000.0
174852000.0
193687000.0
138006000.0
373435000.0
158908000.0
744764000.0
362068000.0
141495000.0
212318000.0
300797000.0
207254000.0
165712000.0
259867000.0
216694000.0
182599000.0
263942000.0
259964000.0
140758000.0
331274000.0
457274000.0
174176000.0
502015000.0
191260000.0
468454000.0
155024000.0
149488000.0
169342000.0
304182000.0
366811000.0
135704000.0
162467000.0
220723000.0
192225000.0
461989000.0
282348000.0
174641000.0
520125000.0
268589000.0
221638000.0
377198000.0
181583000.0
163236000.0
144108000.0
209092000.0
185049000.0
330557000.0
250716000.0
461441000.0
141185000.0
707243000.0
226904000.0
205134000.0
153579000.0
241937000.0
340389000.0
154934000.0
165780000.0
147656000.0
201883000.0
210315000.0
462938000.0
430467000.0
172263000.0
177587000.0
172081000.0
312127000.0
263658000.0
365458000.0
374556000.0
178085000.0
171483000.0
157668000.0
325995000.0
283391000.0
706324000.0
342334000.0
220491000.0
200138000.0
304433000.0
248867000.0
168120000.0
323449000.0
136831000.0
695685000.0
139543000.0
502177000.0
599191000.0
199544000.0
300632000.0
370638000.0
274893000.0
387291000.0
321850000.0
231705000.0
184766000.0
277928000.0
477972000.0
176032000.0
141557000.0
462129000.0
532187000.0
147372000.0
176462000.0
169310000.0
157104000.0
242541000.0
292120000.0
246895000.0
232293000.0
174291000.0
481239000.0
194705000.0
193750000.0
248088000.0
155023000.0
208899000.0
315112000.0
230187000.0
491547000.0
182848000.0
287197000.0
195971000.0
135877000.0
487963000.0
302843000.0
280628000.0
177772000.0
204566000.0
156053000.0
281443000.0
561119000.0
394904000.0
161347000.0
167973000.0
294489000.0
293251000.0
694970000.0
144216000.0
197594000.0
164521000.0
454757000.0
140905000.0
322493000.0
388817000.0
151340000.0
399298000.0
547555000.0
278197000.0
303339000.0
161608000.0
346789000.0
267837000.0
141253000.0
539591000.0
623160000.0
277879000.0
691678000.0
217330000.0
170080000.0
729373000.0
244519000.0
331510000.0
180840000.0
220694000.0
237666000.0
449112000.0
143426000.0
395752000.0
199116000.0
146391000.0
449445000.0
138784000.0
177133000.0
219573000.0
281775000.0
143738000.0
182574000.0
646820000.0
247455000.0
236780000.0
386282000.0
225686000.0
201734000.0
213510000.0
452496000.0
407371000.0
286876000.0
325394000.0
171672000.0
201198000.0
136981000.0
626915000.0
538294000.0
151045000.0
147854000.0
257213000.0
271832000.0
297157000.0
457793000.0
268170000.0
482125000.0
133612000.0
195617000.0
233337000.0
