1.00391
1.00363
1.01867
1.02618
1.03883
1.00417
1.00635
0.998935
1.0027
1.05016
1.01823
1.00284
1.04751
1.01436
1.06514
1.0573
1.0244
1.00079
1.04475
1.0046
1.00749
1.01288
1.0128
1.01934
1.00552
1.01389
1.00354
1.00688
1.00234
1.11693
1.00541
1.07821
1.00379
1.00418
1.02131
1.00977
1.01195
1.08351
1.00267
1.02289
1.11701
1.07008
1.07905
1.09215
1.014
1.03124
1.01559
1.00557
1.07948
1.01413
1.03161
1.00202
1.01296
1.01202
1.00956
1.00406
1.02762
1.00431
1.01673
1.00395
1.01001
1.0227
1.00102
1.07384
1.00049
1.01814
1.00853
1.0265
1.00896
1.01043
1.00266
1.00731
1.00344
1.02076
1.03653
1.05241
1.00187
0.999917
1.00169
1.00052
1.08313
0.999942
1.02543
1.00285
1.06943
1.01533
1.06502
1.00737
1.01354
1.01386
1.00529
1.03848
1.02374
1.06764
1.04336
1.01283
1.03593
1.00065
1.00959
1.00693
1.00911
1.01309
1.00586
1.04676
1.00922
1.0292
1.01215
1.00667
1.00539
1.02962
1.01544
1.00058
1.00632
1.00353
1.00264
1.0321
1.08102
1.0029
1.08885
1.0282
1.01834
1.00292
1.0115
1.01225
1.00027
1.00432
1.00104
1.01114
0.999181
1.00695
1.01686
1.01955
1.00636
1.01066
1.00646
1.00056
1.00046
1.01383
1.01858
1.02199
1.05119
1.0657
1.00183
1.07522
1.00034
1.07939
1.00429
1.00249
1.01082
1.01733
1.04376
1.00581
1.07009
1.00338
1.00354
1.0058
1.01121
1.09978
1.13429
1.08007
0.997319
1.00083
1.00166
1.00767
1.01371
1.00845
1.04775
1.02082
1.01621
1.02507
1.00345
1.03219
1.02532
1.01366
1.00982
1.01645
1.00262
1.00583
1.06289
1.02183
1.08576
1.01148
1.00828
1.00294
1.0052
1.00472
1.0082
1.01637
1.03809
1.02448
1.01055
1.00934
1.03022
1.01636
0.999001
1.04662
1.002
1.06105
1.00738
1.01463
1.01505
1.00968
1.00418
1.03833
1.01078
1.03036
1.00698
1.0316
1.14049
1.01976
1.03862
1.08833
1.02632
1.0021
1.03893
1.03753
1.03006
1.00915
1.00538
1.0235
1.01185
1.01265
1.0255
1.00227
1.0533
1.00956
1.01012
1.00782
1.03625
1.03274
1.00701
1.00354
1.00735
1.00664
1.0137
1.00309
1.00325
1.02494
1.09244
1.0283
1.04066
1.0134
1.00731
1.01103
1.01004
1.01647
1.02259
1.00267
1.01019
1.01007
1.00259
1.00269
1.05014
1.03967
1.00255
1.02257
1.00356
1.0224
1.00277
1.00732
1.01027
1.02599
1.0104
1.17363
1.0062
1.01905
1.00089
1.03341
1.02604
1.0622
1.0427
1.00353
1.01398
1.00958
1.01178
1.09591
1.00499
0.99997
1.0103
1.01082
1.00293
1.00386
1.0197
1.04492
1.06751
1.00595
1.00045
1.05427
1.00769
1.00237
1.03149
1.08264
1.00765
1.08745
1.00427
1.0694
1.009
1.02433
1.02699
1.02914
1.02318
1.01075
1.01043
1.01419
1.01532
1.00387
0.999467
1.01166
1.01338
1.03131
1.00173
1.07764
1.0122
1.05315
1.00159
1.00184
1.16016
1.00221
1.00971
1.01265
1.09762
1.01058
1.00723
1.00976
1.00476
1.00831
1.00454
1.07019
1.01057
1.01767
1.00993
1.01016
1.00608
1.02212
1.00408
1.00429
1.00035
1.00473
1.04596
1.00446
1.00866
1.00636
1.03104
1.0085
1.07676
1.00995
1.01871
1.00268
1.00809
1.02167
1.02028
1.04587
1.00775
1.00318
1.01466
1.0073
1.00138
1.03716
1.05071
1.01219
1.0016
1.00349
1.05269
1.00808
1.00212
1.01266
1.06384
1.00248
1.03631
1.08003
0.999932
1.01997
1.00336
1.08149
1.00947
1.00613
1.01917
1.06866
1.015
1.00855
1.00893
1.01955
1.01225
1.00654
1.06167
1.0549
1.01112
1.015
1.00526
1.00958
1.08173
1.00435
1.0031
1.00784
1.0262
1.0176
1.05851
1.00217
1.00285
1.0327
1.01283
1.03461
1.00802
1.00153
1.04193
1.01818
1.02855
1.14665
1.02096
1.03361
1.03943
1.02898
1.01879
1.04242
1.00456
1.03647
1.00437
1.00943
1.02075
1.00665
1.00237
1.07199
1.14627
1.07989
1.02732
1.05878
1.03766
1.01324
1.07114
1.00261
1.04275
1.00307
1.00088
1.00346
1.03662
1.00707
0.996023
1.0881
1.00482
1.00789
1.00829
1.01408
1.00521
1.00006
1.02464
1.00388
1.03875
1.0194
0.998433
1.01139
1.01679
1.00292
1.02548
1.01245
1.09609
1.01111
1.00206
1.00027
1.01139
1.01449
1.0067
1.00715
1.00992
1.01431
1.0008
1.03239
1.04349
1.02166
1.00031
1.00865
1.03647
1.0263
1.01956
1.02812
1.03948
1.06788
1.02766
1.0133
1.05146
1.00518
1.00348
1.01118
1.00719
1.05869
1.00548
1.00136
1.0173
1.00692
1.0368
1.01668
1.03418
1.02415
1.01716
1.06322
1.03464
1.04148
1.00575
1.01474
1.04313
1.00105
1.11793
1.01491
1.00112
1.03748
1.0236
1.00685
1.1087
1.03647
1.07202
1.0574
1.0553
1.00995
1.00038
1.09478
1.05721
1.00441
1.00316
1.03177
1.01565
1.00842
1.00359
1.08433
1.01396
1.0012
1.01943
1.00333
1.01384
1.00258
1.00456
1.00684
1.01069
1.00425
1.01223
1.02259
1.03887
1.01879
1.00151
1.0023
1.01041
1.04052
0.999259
1.01717
1.01241
1.03645
1.02448
1.01857
0.9988
1.00623
1.0057
1.01028
1.04469
1.0061
1.00201
1.00367
1.00285
1.01466
1.02068
1.00694
1.06515
1.00235
1.00183
1.00241
1.02217
1.00418
1.0051
1.00959
1.35237
1.02922
1.05195
1.06422
1.00085
1.00173
1.00562
1.02251
1.08292
1.00998
1.00452
1.00802
1.00625
1.00241
1.00719
1.00779
1.12578
1.09232
1.00044
1.00232
1.01449
1.01014
1.04263
1.00879
1.00759
1.04112
1.01974
1.02643
1.00605
1.01828
1.02665
1.00647
1.01229
1.00572
1.00558
1.00641
1.05037
1.00454
1.00383
1.01525
1.01316
1.02115
1.0291
1.01157
1.0054
1.0225
1.02008
1.01301
1.00345
1.01034
1.00823
1.01499
1.06996
1.03078
1.09732
1.05234
1.0092
1.00988
1.11669
1.03566
1.0151
1.0037
1.00282
1.00952
1.0655
1.04132
1.02917
1.0024
1.00507
1.03551
1.15174
1.08245
1.01812
1.03956
1.07704
1.00482
1.00273
1.18705
1.00772
1.06521
1.00301
1.01226
1.00613
1.025
1.03034
1.01038
1.06552
1.00064
1.0008
1.01493
0.999779
1.0094
1.03887
0.998546
1.00093
1.01998
1.00266
1.00182
1.00329
1.01106
1.13807
1.00128
1.0053
1.01931
1.02032
0.999414
1.0169
1.00333
1.037
1.00452
1.0009
1.00317
1.01171
1.00662
1.01938
1.12896
1.00367
1.0077
1.0025
1.04473
1.02324
1.00462
1.00548
1.02927
1.0052
1.01328
1.01593
1.00387
1.00042
1.00319
1.00882
0.998968
1.0805
1.00196
1.00488
1.00459
1.04753
1.01392
1.00063
0.999332
1.00374
1.04027
1.0397
1.00634
1.03237
1.06539
1.00932
1.00519
1.00636
1.00291
1.00792
1.02108
1.02699
1.00337
1.04596
1.02824
1.0047
1.00477
1.02866
1.00498
1.01156
1.00455
1.01582
1.02219
1.0288
1.00489
1.01084
1.02329
1.04061
1.00756
1.00576
1.01589
1.00088
1.0053
1.01356
1.00644
1.00608
1.0607
1.00227
1.00477
1.07811
1.00736
1.01127
1.01575
1.02981
1.06798
1.00488
1.01909
1.01817
1.00453
1.00732
1.00035
1.00369
1.00483
1.00353
1.027
1.00451
1.00263
1.00079
1.04623
1.01881
1.01817
1.0091
1.05253
1.03207
1.14501
1.00827
1.01582
1.05571
1.01947
1.05594
1.01942
1.11254
1.00393
1.01271
1.0438
1.11581
1.01797
1.00785
1.00687
1.00583
1.01523
1.09969
1.04583
1.00072
1.01692
1.11001
1.01293
1.01575
1.006
1.01447
1.03131
1.0187
1.02755
1.01992
1.0144
1.12167
0.999964
1.06055
1.06998
1.03876
1.00607
1.00224
1.00266
1.00368
1.00749
1.02685
1.00468
1.02254
1.04524
1.02316
1.01362
1.05278
1.12149
1.01021
1.03788
1.11905
1.00326
1.03874
1.08055
1.00937
1.01232
1.03676
1.00494
1.00319
1.00643
1.08084
1.02071
1.04767
1.01537
1.02612
1.02695
1.00354
1.07353
1.02492
1.04236
1.00688
1.0087
1.00469
1.03808
1.00667
1.01887
1.1133
1.01682
1.0222
1.00772
1.05169
1.01608
1.01295
1.01627
1.00759
1.00143
1.02082
1.04517
1.00097
1.00345
1.01185
1.00371
1.00757
1.01383
1.01005
1.0065
1.07777
1.02264
1.00725
1.00296
1.00407
1.0159
1.00692
1.0011
1.00213
1.002
1.00312
1.03596
1.00513
1.02285
1.00379
1.00662
1.02547
1.00425
1.00474
1.01719
1.01075
1.00612
1.01638
1.05381
1.00412
1.00081
1.00241
1.02241
1.00073
1.00379
1.01671
1.03262
1.08668
1.01442
1.0026
1.00079
1.08609
1.02618
1.04351
1.00185
1.00111
1.00283
1.00587
1.00513
1.1918
1.06089
1.01545
1.0243
1.00305
1.02061
1.03879
1.00807
0.996968
1.0038
1.00789
1.03301
1.0173
1.02482
1.00509
1.00341
1.04955
1.00626
1.01173
1.00805
1.07731
1.01048
1.01882
1.18412
1.00495
1.00338
1.04941
1.01653
1.07204
1.01262
1.00197
1.00062
1.02783
1.01698
1.00314
1.03004
1.02907
1.00434
1.02169
1.08009
0.999513
1.00027
1.0088
1.00714
1.00917
1.00469
1.00318
1.00491
1.0023
1.01564
1.00823
1.00422
1.02116
1.00446
1.0063
1.07893
1.01262
1.00167
1.00726
1.01901
1.00816
1.02599
1.00109
1.00038
1.05954
1.06757
1.00646
1.05607
1.02629
1.05167
1.09364
1.03651
1.04184
1.00304
1.0337
1.02522
1.00222
1.03573
1.03946
1.01026
1.00606
1.00936
1.00236
1.00099
1.00271
1.00105
1.00297
1.00316
1.31495
1.2885
1.42588
1.32668
1.58333
1.15331
1.52106
1.09655
1.08717
1.51432
1.389
1.08376
1.36451
1.21321
1.44264
1.16636
1.24716
1.61857
1.6915
1.85913
1.09263
1.95122
1.20113
1.59702
1.58427
1.9109
1.0776
1.58356
1.14461
2.02929
1.50059
1.48771
1.52413
1.34658
1.87297
1.36845
1.26193
1.27245
1.10518
1.73981
1.71085
1.45531
1.29651
1.72392
1.50526
1.31813
1.39243
1.59843
1.34179
1.64752
1.32807
1.04974
1.14478
2.21351
1.19948
1.18333
1.67476
1.31333
1.6766
1.39664
1.70666
1.98097
1.31142
2.22235
1.04649
1.36596
1.46618
1.15281
2.03693
1.72697
1.31658
1.57992
1.25517
1.2839
1.69278
1.45254
1.06708
1.26699
1.53021
1.99515
1.2736
1.11869
2.04205
1.52993
1.68331
1.51605
1.69304
1.29733
1.55063
1.51257
1.59457
1.50105
1.51267
1.24496
1.51501
1.13608
1.68371
1.40388
1.3279
1.2907
1.41256
1.80068
1.30319
1.7898
1.50307
1.30441
1.86061
1.69236
1.3347
1.65188
1.32116
1.06689
1.22104
1.1484
1.55342
1.34607
1.94755
1.27987
1.60511
1.25174
1.87991
1.50522
1.10482
1.60895
1.40337
1.79331
1.09147
1.37422
1.54471
1.32164
1.9796
1.38412
1.36823
1.56639
1.52277
1.56177
1.19597
1.72878
1.1874
1.41429
1.36586
1.75371
1.39924
1.40734
1.42231
1.39247
1.95948
1.69324
1.82336
1.30769
1.59331
1.32591
1.86077
1.25202
1.64546
1.87906
1.25948
1.87901
1.76062
1.41449
1.24078
1.42227
1.30065
1.23855
1.36711
1.3142
1.92935
1.98751
1.85566
1.78599
2.18117
1.25198
1.36937
1.26547
1.50858
1.40278
1.10238
1.84837
1.48066
1.80223
1.81692
1.45464
1.78339
1.13362
1.05769
1.4177
1.16203
1.25702
1.46695
1.60026
1.36775
1.17419
1.52144
1.10756
1.55708
1.54845
1.47452
1.24096
1.27131
1.18149
1.15426
1.45853
1.31071
2.81892
1.3804
1.17208
1.1567
1.7477
1.53807
1.33029
1.44102
1.40767
1.41968
1.34672
1.46693
1.13669
2.09621
1.40929
1.56474
1.15178
1.73816
1.29331
1.20351
1.03515
1.23542
1.75164
1.43288
1.2396
1.24367
1.45279
1.12453
1.30204
1.73691
1.54644
1.37978
1.05631
1.17768
1.21368
1.5106
1.38385
1.76619
1.70638
1.78127
1.55914
1.42313
1.7375
1.29629
1.44973
1.346
1.26598
1.38757
1.06287
1.44562
1.31291
1.3006
1.89792
1.42202
1.49214
1.35665
1.47358
1.40292
1.52557
1.35215
1.65623
1.77199
1.19839
1.02662
1.42561
1.72289
1.71638
1.3125
1.2213
1.37693
1.17839
1.2479
1.63678
1.18109
1.45136
1.40759
2.07113
1.18171
1.15561
1.31104
1.54637
1.40886
1.46302
1.16701
1.17378
1.32155
1.31208
1.3063
1.42814
1.39779
1.26596
1.13704
1.53658
1.20538
1.38884
1.59428
1.72304
1.57433
2.24158
1.23177
1.30899
1.43931
1.38843
1.59101
1.23316
1.27601
1.21448
1.69725
1.33461
2.05448
1.78141
1.05973
1.06578
1.61597
1.46615
1.40372
1.92448
1.5327
1.4965
1.44521
1.55001
1.13014
1.5573
1.99472
1.44867
1.34284
1.50237
1.59224
1.54072
1.18957
1.75049
1.05738
1.94565
1.45588
1.21076
1.80599
1.10918
1.47315
1.41078
1.18957
1.51752
1.98764
1.63611
1.27106
1.25578
1.93334
2.34819
1.64169
1.29309
1.54347
1.11774
1.62866
1.41533
1.06519
1.51459
2.12573
1.52654
1.50436
1.7684
1.4118
1.31679
1.14634
1.94114
1.28697
1.0808
1.57283
1.34362
1.2864
1.52261
1.59961
1.20751
1.67237
1.39395
1.43335
1.50302
1.22362
1.32078
1.2951
1.61644
1.24721
1.4097
1.30931
1.36144
2.15855
1.38588
1.44589
1.57421
2.05916
1.69654
1.296
1.51325
1.21337
1.59669
1.55457
1.44733
1.95514
1.48388
1.20634
1.31455
1.33086
1.69747
1.80303
1.18084
1.42647
2.02826
1.81453
1.49142
1.48358
1.36089
1.55339
1.36462
1.24618
1.33027
1.26337
1.84009
1.67735
1.32776
1.12473
1.55757
1.69787
1.51178
1.18769
1.27614
1.2502
1.2828
1.71721
1.37487
1.87315
1.16806
1.21771
1.50308
1.93521
1.26731
1.28407
1.49064
1.76308
1.57268
1.27179
1.11353
1.86638
1.46306
1.74728
1.35989
1.90935
1.31198
1.32848
1.0528
2.01252
1.409
1.15278
1.25311
2.45883
1.30194
1.19068
1.03665
1.14971
2.18564
1.37391
1.12961
1.22084
1.89297
1.42345
1.37167
1.84352
1.43384
1.56653
1.35376
1.45648
1.4847
1.20439
1.73032
1.37494
1.97085
2.2262
1.23301
1.45445
1.24091
1.41063
1.6265
1.46094
1.38576
2.04265
1.18515
1.76559
1.3249
1.47576
2.34953
1.7304
1.30852
1.85951
1.40682
1.63772
1.12903
1.16019
2.05572
1.26486
1.56983
1.46271
1.40471
1.10149
2.41236
1.3835
1.24001
1.54248
1.25535
1.34541
1.3827
1.20417
1.37296
1.39217
1.91042
1.36498
1.94324
1.22718
2.249
1.41528
1.52591
1.35781
1.84149
1.53671
1.04231
1.45418
1.20071
1.35841
1.29034
1.04514
1.3268
1.29221
1.19773
1.1728
1.83373
1.46131
1.50995
1.04475
1.47502
1.22394
1.40381
1.30996
1.98382
1.45551
1.49221
1.61359
1.86221
1.60229
1.3011
1.25251
1.14623
1.6726
1.34165
1.28763
1.09809
1.32473
1.64216
1.46087
1.17663
1.81153
1.41117
1.33068
1.27208
1.9234
1.33451
1.47291
1.19289
2.33947
1.25448
1.40519
1.39831
1.0575
1.46802
2.13461
1.38336
1.41361
1.55734
1.1949
1.24398
1.98697
1.13959
1.38125
1.55244
2.15187
1.44322
1.01367
1.16084
1.33905
1.52303
2.21027
1.31452
1.21814
1.38213
1.51809
1.59446
1.31271
1.30544
1.36626
1.3962
1.32888
1.45946
1.43013
1.35461
1.55132
2.21136
1.11425
1.16729
1.18994
2.15376
1.36036
1.27445
1.49906
1.44801
2.1755
1.38866
1.76871
1.5812
1.59077
1.72088
1.26813
2.28807
1.46607
1.80887
1.36703
1.399
1.71857
1.91046
2.12298
1.32874
1.14085
1.29969
1.60352
1.33789
2.0044
1.48975
1.94969
1.66044
1.57845
1.47731
2.28394
2.01449
1.32874
1.63638
1.56576
1.99804
1.35236
1.48796
1.39398
1.46337
1.65296
1.41054
1.83933
2.28449
1.35476
1.17502
1.90617
1.61745
1.34871
1.51436
1.68902
1.19161
1.33826
1.86
1.2417
1.34437
2.07291
1.9348
1.44171
1.43841
1.52228
1.27787
1.70076
1.48508
1.80413
2.21311
1.56993
1.33368
1.14328
2.26603
1.66902
1.55824
1.88764
1.55384
1.19751
2.75628
1.06776
1.94049
1.5844
1.36186
1.31707
1.54764
1.76557
1.59098
1.56552
1.10995
1.31337
1.16694
1.11589
1.15922
1.6588
1.43687
2.09625
1.41064
1.32093
1.46617
1.12418
1.56903
1.11234
1.78489
1.2877
1.43413
1.30826
1.38267
1.81408
1.29104
1.61071
1.63623
1.10379
1.25803
1.9557
1.46899
1.38579
1.84836
1.86243
1.19056
1.44216
1.21981
1.74138
1.71213
1.66744
2.43784
1.15293
1.39123
1.57772
2.01034
1.26791
1.27104
1.1672
1.34341
1.36738
2.1216
1.67651
1.63137
1.12442
1.46226
1.18202
1.3462
1.3315
1.39207
1.15112
1.17155
1.4515
1.55523
1.22791
1.36202
1.25718
1.68501
1.06369
1.61842
1.33127
1.87436
1.35771
2.54606
1.31471
1.07378
1.33105
1.3844
1.69246
1.34886
1.7112
1.65993
1.63276
1.53565
1.50739
1.87852
1.46864
1.34318
1.81789
1.68731
1.60378
1.08105
1.17039
1.47551
1.7529
1.88022
1.4628
1.31957
1.47491
2.31401
1.67491
1.25072
1.33545
1.42595
1.79109
2.15328
1.56208
1.46011
1.1375
1.6789
2.11622
1.74106
1.52702
1.85336
1.46734
1.09058
1.86336
1.51981
1.67048
1.48885
1.56862
1.25436
1.39825
1.80278
2.03336
1.43809
1.14311
1.2349
1.28295
1.81036
1.22535
1.50223
1.47235
1.42632
1.60089
1.78771
1.76726
1.63538
1.39764
1.59721
1.78682
1.06467
1.22125
1.43478
1.58585
1.38391
1.40793
1.53159
1.3922
1.70921
1.37093
1.52757
1.21857
1.3438
1.13175
1.48784
1.05672
1.42091
1.66086
1.18111
1.96805
1.29199
1.14522
1.08806
1.28932
1.32831
1.64034
1.1978
1.05996
1.14578
1.20136
1.77836
1.19854
1.13008
1.07024
1.46276
1.29692
1.31456
1.59672
1.34959
1.94174
1.37073
1.75223
1.53325
1.29601
1.51377
1.16867
1.21408
1.34385
1.21535
1.45405
1.5641
1.06803
1.64981
1.68395
1.24336
1.922
1.3261
1.31201
1.98829
1.3169
1.32794
1.71297
1.38295
1.58024
1.06731
1.20421
1.77996
1.09008
1.88637
1.94712
2.76385
1.40951
1.35278
1.10216
1.00938
1.3948
1.38386
1.40611
1.0282
1.17476
1.11116
1.09261
1.32593
1.73342
1.77556
1.31313
1.55593
1.12875
1.76498
1.74676
1.46794
1.18406
1.18035
1.33473
1.34171
1.39071
2.3953
1.3515
1.56974
1.53915
1.27815
1.21107
1.25531
1.50012
1.87501
1.35862
1.67839
1.17436
2.02925
1.24378
1.52043
1.5034
2.11694
1.10653
1.42846
1.91539
1.29008
1.08232
1.60591
1.23311
1.14223
1.59833
1.23373
1.51755
1.27361
1.25679
1.30375
1.50676
1.65955
1.55447
1.87977
1.23467
1.42926
1.22072
1.21434
1.28792
1.36666
1.64396
1.47229
1.45489
1.46032
1.18261
1.52118
1.41351
1.34175
1.41466
1.40461
1.46718
1.5584
1.65487
1.1635
1.44733
1.40538
1.82928
1.52806
1.59661
1.19725
1.46391
1.6988
1.34767
1.52683
1.34603
1.26766
1.56759
1.87502
1.55687
1.18475
1.33115
1.40953
1.20132
1.38016
240063000.0
526295000.0
188982000.0
290111000.0
345609000.0
727377000.0
246091000.0
684209000.0
732829000.0
322378000.0
420850000.0
710972000.0
302035000.0
378894000.0
378049000.0
403959000.0
446049000.0
305443000.0
230511000.0
175797000.0
655627000.0
219331000.0
521980000.0
307585000.0
202135000.0
165108000.0
692073000.0
288181000.0
581197000.0
198044000.0
297991000.0
187094000.0
208004000.0
437565000.0
187460000.0
303514000.0
382269000.0
262657000.0
623058000.0
137561000.0
175084000.0
274721000.0
292232000.0
181942000.0
471023000.0
423836000.0
216314000.0
234223000.0
250692000.0
201699000.0
263881000.0
765949000.0
551327000.0
177838000.0
434015000.0
499591000.0
263083000.0
389722000.0
242022000.0
413988000.0
165547000.0
213534000.0
338191000.0
189183000.0
781948000.0
455820000.0
225619000.0
307684000.0
180461000.0
161297000.0
555382000.0
337406000.0
486113000.0
398146000.0
288878000.0
284354000.0
783757000.0
440288000.0
246003000.0
170666000.0
295496000.0
579394000.0
169411000.0
229825000.0
208701000.0
199116000.0
251559000.0
270892000.0
381674000.0
215870000.0
260392000.0
264272000.0
324965000.0
359505000.0
135627000.0
522803000.0
181244000.0
286478000.0
460430000.0
332306000.0
467851000.0
202419000.0
347615000.0
170851000.0
336625000.0
342684000.0
265946000.0
235156000.0
287017000.0
154774000.0
422016000.0
748300000.0
289862000.0
502225000.0
319320000.0
262909000.0
276124000.0
414931000.0
287659000.0
329146000.0
217741000.0
330971000.0
570065000.0
203909000.0
268490000.0
197610000.0
715647000.0
333771000.0
337141000.0
436666000.0
283462000.0
422742000.0
417600000.0
256409000.0
194810000.0
221258000.0
352878000.0
281895000.0
277019000.0
278407000.0
388617000.0
190305000.0
288690000.0
240163000.0
289178000.0
332247000.0
226876000.0
295584000.0
187065000.0
349796000.0
407972000.0
305001000.0
278319000.0
484232000.0
376342000.0
340594000.0
416497000.0
225310000.0
239236000.0
313895000.0
341214000.0
347422000.0
350644000.0
364098000.0
419607000.0
348926000.0
220292000.0
262550000.0
180846000.0
188309000.0
171054000.0
430064000.0
508240000.0
457556000.0
298825000.0
235329000.0
666485000.0
213639000.0
248661000.0
279188000.0
243228000.0
293816000.0
233772000.0
665443000.0
709982000.0
360165000.0
543996000.0
333189000.0
211359000.0
216893000.0
238439000.0
322956000.0
304367000.0
467836000.0
288873000.0
303896000.0
385910000.0
442677000.0
309516000.0
536908000.0
516253000.0
249940000.0
304403000.0
141308000.0
245188000.0
427143000.0
669430000.0
167714000.0
234795000.0
407687000.0
334341000.0
291578000.0
228161000.0
370834000.0
199284000.0
448423000.0
190127000.0
339205000.0
192730000.0
318893000.0
191013000.0
469198000.0
255744000.0
776891000.0
381340000.0
182111000.0
194604000.0
443139000.0
351404000.0
323740000.0
632582000.0
367233000.0
211222000.0
338278000.0
205290000.0
798547000.0
635531000.0
224765000.0
322487000.0
334826000.0
167414000.0
195521000.0
236076000.0
201727000.0
362867000.0
167793000.0
405644000.0
328943000.0
368700000.0
433751000.0
363817000.0
605642000.0
181628000.0
465721000.0
436182000.0
201115000.0
428234000.0
220080000.0
275525000.0
269467000.0
453692000.0
191299000.0
313824000.0
238019000.0
287181000.0
548246000.0
793216000.0
270699000.0
200325000.0
180330000.0
441877000.0
463166000.0
352496000.0
507074000.0
473747000.0
252632000.0
577133000.0
273436000.0
257271000.0
179452000.0
528119000.0
641550000.0
322761000.0
187088000.0
368037000.0
204896000.0
572273000.0
398234000.0
211413000.0
427292000.0
193854000.0
263672000.0
357357000.0
209894000.0
687059000.0
242030000.0
473695000.0
317466000.0
165507000.0
179291000.0
213402000.0
160261000.0
354380000.0
294733000.0
340699000.0
289888000.0
195451000.0
382582000.0
494983000.0
442154000.0
223752000.0
344803000.0
150699000.0
236888000.0
695153000.0
813848000.0
273807000.0
299133000.0
235231000.0
174844000.0
282492000.0
190561000.0
340269000.0
174010000.0
621817000.0
150850000.0
217419000.0
378235000.0
414996000.0
437174000.0
334403000.0
242327000.0
521358000.0
253528000.0
690520000.0
178510000.0
383176000.0
262006000.0
197884000.0
554893000.0
306527000.0
220082000.0
376927000.0
274418000.0
186190000.0
331289000.0
438218000.0
362259000.0
226112000.0
185419000.0
194178000.0
278024000.0
170627000.0
630985000.0
238975000.0
361352000.0
732378000.0
221625000.0
185978000.0
301120000.0
317226000.0
213123000.0
310376000.0
277123000.0
509309000.0
201460000.0
316545000.0
593251000.0
230884000.0
215544000.0
452850000.0
199450000.0
253798000.0
358696000.0
179475000.0
267173000.0
239821000.0
336279000.0
555395000.0
423771000.0
550632000.0
204430000.0
327133000.0
412939000.0
318110000.0
170780000.0
188328000.0
276371000.0
238001000.0
272899000.0
217714000.0
212496000.0
211276000.0
279859000.0
380959000.0
273422000.0
259541000.0
310636000.0
175831000.0
278017000.0
590909000.0
488877000.0
308053000.0
288459000.0
209967000.0
479606000.0
273901000.0
244123000.0
208607000.0
235986000.0
208013000.0
330282000.0
297241000.0
354099000.0
553617000.0
308831000.0
577882000.0
180914000.0
233398000.0
350198000.0
721746000.0
265024000.0
261168000.0
325377000.0
384176000.0
379697000.0
365579000.0
373803000.0
190085000.0
327957000.0
252372000.0
543413000.0
515751000.0
372692000.0
242986000.0
392656000.0
458568000.0
299940000.0
168808000.0
248101000.0
271145000.0
546708000.0
190715000.0
248116000.0
148820000.0
207785000.0
220352000.0
401758000.0
328792000.0
593959000.0
193982000.0
331235000.0
508404000.0
248443000.0
165501000.0
405329000.0
581025000.0
771435000.0
528544000.0
271854000.0
294529000.0
481428000.0
445093000.0
190981000.0
407684000.0
266890000.0
195139000.0
265199000.0
355487000.0
257510000.0
235611000.0
429644000.0
262899000.0
197748000.0
347615000.0
252974000.0
165147000.0
486702000.0
333784000.0
428941000.0
305505000.0
288796000.0
282458000.0
359701000.0
152937000.0
601480000.0
193049000.0
313908000.0
255480000.0
172191000.0
226410000.0
316598000.0
155445000.0
217746000.0
205438000.0
257999000.0
442441000.0
177110000.0
303111000.0
450126000.0
302894000.0
326384000.0
573440000.0
221657000.0
260252000.0
573251000.0
247090000.0
462473000.0
333393000.0
264325000.0
441567000.0
267384000.0
334895000.0
242524000.0
313450000.0
161578000.0
365060000.0
205452000.0
263362000.0
242265000.0
504920000.0
185682000.0
357643000.0
711797000.0
319937000.0
517059000.0
300409000.0
270320000.0
669254000.0
403891000.0
309301000.0
381624000.0
363012000.0
216576000.0
203728000.0
327294000.0
788030000.0
351218000.0
398046000.0
291244000.0
449571000.0
210265000.0
279498000.0
326543000.0
234154000.0
207293000.0
224943000.0
434599000.0
461758000.0
605580000.0
242431000.0
386254000.0
537315000.0
631644000.0
373920000.0
219199000.0
162659000.0
517200000.0
172327000.0
282731000.0
432153000.0
466132000.0
207278000.0
466914000.0
213127000.0
497931000.0
178701000.0
430989000.0
420815000.0
291987000.0
788107000.0
350394000.0
174251000.0
305292000.0
382462000.0
292658000.0
486583000.0
460110000.0
192527000.0
659469000.0
397920000.0
219530000.0
242796000.0
287679000.0
866925000.0
598615000.0
269061000.0
273108000.0
144562000.0
227411000.0
358724000.0
306161000.0
398251000.0
373603000.0
309727000.0
345018000.0
381608000.0
350387000.0
405938000.0
436161000.0
241482000.0
343376000.0
221231000.0
178104000.0
726591000.0
521540000.0
524229000.0
170021000.0
387283000.0
346181000.0
305489000.0
391322000.0
233501000.0
230517000.0
187237000.0
427062000.0
225230000.0
227738000.0
361049000.0
168168000.0
290142000.0
196179000.0
251863000.0
220710000.0
187613000.0
174515000.0
239758000.0
517405000.0
544898000.0
495923000.0
248775000.0
428579000.0
190894000.0
400213000.0
156069000.0
254862000.0
254462000.0
299603000.0
217015000.0
170046000.0
286368000.0
167298000.0
183014000.0
171155000.0
301163000.0
337652000.0
422426000.0
351475000.0
340557000.0
201431000.0
212751000.0
181945000.0
428593000.0
575659000.0
161126000.0
244665000.0
385322000.0
224754000.0
200481000.0
572715000.0
380971000.0
186580000.0
441648000.0
393759000.0
160158000.0
193338000.0
228166000.0
355150000.0
211575000.0
404802000.0
171841000.0
257019000.0
242643000.0
136085000.0
196690000.0
439912000.0
657078000.0
160709000.0
242913000.0
243981000.0
208513000.0
318785000.0
533035000.0
171176000.0
667185000.0
167953000.0
169309000.0
436243000.0
366061000.0
213775000.0
226897000.0
199433000.0
218580000.0
599483000.0
474725000.0
537733000.0
629326000.0
667438000.0
214146000.0
276227000.0
151451000.0
356535000.0
273047000.0
274904000.0
661080000.0
249941000.0
649354000.0
184193000.0
354560000.0
226423000.0
250424000.0
372553000.0
199917000.0
400404000.0
204424000.0
229248000.0
645145000.0
382412000.0
166263000.0
247753000.0
399750000.0
252258000.0
189193000.0
486530000.0
319323000.0
432784000.0
190641000.0
151188000.0
214806000.0
170338000.0
425363000.0
236550000.0
433985000.0
146909000.0
329077000.0
379763000.0
645381000.0
292187000.0
453062000.0
154662000.0
239955000.0
414856000.0
577083000.0
242545000.0
599714000.0
533447000.0
293863000.0
203836000.0
614161000.0
445318000.0
227861000.0
205040000.0
405623000.0
396091000.0
243970000.0
229402000.0
596355000.0
180866000.0
437760000.0
290105000.0
396235000.0
205793000.0
357545000.0
738489000.0
441564000.0
364827000.0
250477000.0
458192000.0
202997000.0
260317000.0
343638000.0
290864000.0
253737000.0
201796000.0
288478000.0
321232000.0
151444000.0
239709000.0
278236000.0
672527000.0
546087000.0
319630000.0
180444000.0
145876000.0
193267000.0
346694000.0
276258000.0
165284000.0
225982000.0
444189000.0
326527000.0
320764000.0
195970000.0
154164000.0
183131000.0
390577000.0
644022000.0
290805000.0
177225000.0
193038000.0
475011000.0
225407000.0
232431000.0
673431000.0
191472000.0
163888000.0
272220000.0
263255000.0
294877000.0
472055000.0
389401000.0
247319000.0
194845000.0
274900000.0
488825000.0
228204000.0
248818000.0
308744000.0
352837000.0
193295000.0
308581000.0
249938000.0
294184000.0
244042000.0
223716000.0
213383000.0
271904000.0
199169000.0
283276000.0
705515000.0
580504000.0
282010000.0
238655000.0
211875000.0
353121000.0
255584000.0
429531000.0
205007000.0
409880000.0
281021000.0
389654000.0
495706000.0
457112000.0
248108000.0
657260000.0
249259000.0
252595000.0
466169000.0
172207000.0
310129000.0
498569000.0
643348000.0
359031000.0
422703000.0
200498000.0
492864000.0
732148000.0
678731000.0
212968000.0
174358000.0
564526000.0
732864000.0
542355000.0
299649000.0
324582000.0
434325000.0
199608000.0
426341000.0
206022000.0
325634000.0
260619000.0
214349000.0
387337000.0
229526000.0
683348000.0
529662000.0
419072000.0
621915000.0
414525000.0
245622000.0
708942000.0
331118000.0
168299000.0
511468000.0
162725000.0
444047000.0
423248000.0
178497000.0
361281000.0
444311000.0
217899000.0
334792000.0
373278000.0
748018000.0
562372000.0
211242000.0
649403000.0
220824000.0
203981000.0
167433000.0
239043000.0
445444000.0
684791000.0
836711000.0
377448000.0
384313000.0
202023000.0
597643000.0
688018000.0
571816000.0
648016000.0
262226000.0
178595000.0
162316000.0
349195000.0
392235000.0
589736000.0
171501000.0
169823000.0
242379000.0
412310000.0
559046000.0
419195000.0
389083000.0
343679000.0
141141000.0
452187000.0
207960000.0
163355000.0
321023000.0
497907000.0
458163000.0
388533000.0
256958000.0
223314000.0
247150000.0
693138000.0
184161000.0
286530000.0
300948000.0
249690000.0
236738000.0
598010000.0
415545000.0
174145000.0
244396000.0
659526000.0
261972000.0
521134000.0
629737000.0
185622000.0
345463000.0
174657000.0
319294000.0
468097000.0
433204000.0
214515000.0
232101000.0
275082000.0
195204000.0
381183000.0
407643000.0
514457000.0
618194000.0
263695000.0
306444000.0
153278000.0
295673000.0
281935000.0
225542000.0
604864000.0
183755000.0
394239000.0
498664000.0
387685000.0
319599000.0
341707000.0
282363000.0
253709000.0
204508000.0
340584000.0
283386000.0
236047000.0
346799000.0
244530000.0
548139000.0
241206000.0
174067000.0
302690000.0
376726000.0
425511000.0
473747000.0
247283000.0
166643000.0
279592000.0
495241000.0
407638000.0
330515000.0
561702000.0
215712000.0
