1.01119
1.00154
1.0125
1.00787
1.00497
1.00066
1.00336
1.01073
1.0089
1.01125
1.01749
1.00084
1.0065
0.99896
1.00585
1.00567
1.00992
1.01092
1.00941
1.00621
1.00289
1.00213
1.01377
1.00238
1.00499
1.00344
1.00707
1.0015
1.0057
1.00501
1.00266
1.00549
1.00316
1.00069
1.0009
1.00581
1.00848
1.0066
1.01025
1.01675
1.00746
1.01073
1.00382
1.00491
1.03532
1.00591
1.00943
1.00896
1.00251
1.01065
1.00608
1.00383
1.00431
1.00731
1.00389
1.00243
1.00269
1.01647
1.01962
1.00342
1.02049
1.00585
1.01482
1.01385
1.00256
1.006
1.00649
1.01231
1.01447
1.00049
1.00206
1.01295
1.04559
1.00468
1.00568
1.00295
1.00942
1.01289
1.0099
1.00203
1.00845
1.00795
1.00313
1.00579
1.00551
1.00306
0.998634
1.0054
1.00102
1.00372
1.0006
1.00448
1.00382
1.00245
1.00513
1.00992
1.01922
1.00959
1.01212
1.02269
1.00319
1.00741
1.00672
1.0124
1.01881
1.01625
1.01125
1.00261
1.0021
1.0118
1.00478
1.00899
1.00307
0.999972
1.00536
1.00102
1.00337
1.00781
1.00523
1.00919
1.00143
1.00441
1.00094
1.00104
1.00615
1.01151
1.01612
1.01057
1.00504
1.00441
1.00485
0.99991
1.01142
1.00341
1.0042
1.00251
1.00557
1.0094
1.00077
1.00255
1.00452
1.00072
1.02768
1.00318
1.00394
1.00445
1.00199
1.00517
1.00683
1.0098
1.00786
1.00258
1.01351
1.00468
1.0144
1.00411
1.00058
1.0153
1.00025
1.01808
1.00401
1.0002
1.00713
1.01907
1.01337
1.0019
1.0138
1.00832
1.00398
1.00369
1.00862
1.01985
1.00662
1.0198
1.0038
1.00875
1.00844
1.01351
1.00017
1.02544
1.00233
1.0085
1.00904
1.00379
1.00417
1.00225
1.01323
1.00307
1.00296
0.999545
1.01082
1.02772
1.0019
1.02115
1.00026
1.00164
1.00432
1.00459
1.00732
1.00258
1.00975
1.00475
1.00479
1.00955
1.00584
0.999046
1.00565
1.01014
1.02311
1.01639
1.00302
1.02441
1.00748
1.00824
1.00247
1.00209
1.00969
1.00643
1.00646
1.00541
1.00848
1.00074
1.00385
1.02224
1.01205
1.0016
1.00835
1.00726
1.00907
1.00996
1.00243
1.0012
1.0023
1.00261
1.01151
1.00951
1.00397
1.00819
1.02512
1.01351
1.03672
1.015
1.00171
1.00792
1.00545
1.00628
1.00449
1.00146
1.00048
1.00422
1.00171
1.00963
1.00221
1.00126
1.00692
1.00376
1.01512
1.0059
1.0039
1.012
1.00975
1.00483
1.00582
1.0026
1.00414
1.001
1.01837
1.00225
1.01402
1.00709
1.00057
1.03153
1.00595
1.01763
1.00178
1.01206
1.00275
1.00205
1.01156
1.01374
1.00186
1.01071
1.01333
1.00408
1.00387
1.00022
1.01043
1.00229
1.00278
1.00286
1.00381
1.00529
1.00226
1.02899
1.01284
1.02588
1.01007
1.00271
1.00641
1.00369
1.00746
1.00235
1.00716
1.00497
1.00918
1.00803
1.00184
1.00643
1.02312
1.02516
1.00353
1.00382
1.0173
1.00269
1.00796
1.00635
1.00809
1.00398
1.00134
1.00847
1.01027
1.00115
1.032
1.00059
1.00687
1.00017
1.00235
1.00825
1.03069
1.01651
1.00424
1.00631
1.01395
1.00989
1.01198
1.00279
1.00245
1.00324
1.00219
0.999673
1.00504
1.01789
1.00406
1.00737
1.0079
1.00301
1.01673
1.00121
1.0109
1.00741
1.00077
1.00702
1.00383
1.01102
1.00497
1.00266
1.00424
1.02266
1.00449
1.00397
1.00057
1.00752
1.00866
1.01215
1.00316
1.01687
0.997483
1.013
1.01154
1.00332
1.00438
1.00324
1.00801
1.00874
1.00415
1.00847
1.01894
1.00117
1.0047
1.00294
1.00671
1.00309
1.00111
1.00599
1.00094
1.00617
1.00277
1.00813
1.00358
1.00247
1.00227
1.00234
1.00464
1.00503
1.00324
1.00338
1.01624
1.00324
1.01899
1.00254
0.999784
1.00538
1.05393
1.00654
1.00401
1.00178
1.0031
1.01136
1.00692
1.00576
0.997317
1.0089
1.00859
1.00208
1.01125
1.00247
1.00638
1.00464
1.01444
1.02104
1.00149
1.00664
1.00381
1.00417
1.00427
1.00922
1.00305
1.03464
1.00489
1.00709
1.00451
1.00378
1.00046
1.00572
1.00585
1.00788
1.00278
1.00405
1.00211
1.0086
1.00416
1.00485
1.0028
1.01962
1.0333
1.00696
1.00664
1.00497
1.00687
1.01175
1.00257
1.0028
1.00085
1.01164
1.01103
1.01548
1.00103
1.00443
1.00097
1.00625
1.02099
0.99926
1.01013
1.002
1.00511
1.00355
1.02236
1.00322
1.00744
1.02668
1.01201
1.0052
1.00153
1.02619
1.00075
1.00876
1.0022
1.00359
1.00229
1.00821
1.00489
1.01134
1.0029
1.00206
1.00006
1.01108
1.00774
1.00192
1.0033
1.01211
1.00211
1.00704
1.003
0.999771
1.00096
1.00153
1.00227
1.00127
1.00132
1.00508
1.01619
1.00519
1.00566
1.00239
1.00356
1.01334
1.00592
1.00196
1.01813
1.00074
1.00045
1.00967
1.01027
1.00568
1.01482
1.00916
1.00287
1.02408
1.01061
1.00376
1.0014
1.00197
1.00347
1.00149
1.00419
1.00115
1.00725
1.02743
1.00607
1.00514
1.00666
1.00554
1.00441
1.02364
1.00359
1.01106
1.01136
1.00666
1.00435
1.00304
1.00713
1.00243
1.00084
1.00116
1.00001
1.00657
1.00544
1.00861
1.00283
1.00261
1.00817
0.999815
1.02907
1.003
1.00248
1.00128
1.0003
1.01381
1.0049
1.00283
1.01473
1.00473
1.01001
1.03096
1.00329
1.0032
1.02828
1.0057
1.02475
1.00424
1.00506
1.00299
1.02256
1.00655
1.011
1.0072
1.00697
1.00958
1.0038
1.00485
1.00945
1.01095
1.00431
1.00021
1.00663
1.00404
1.00497
1.00631
1.0012
1.00577
1.00035
1.00374
1.01311
1.00162
1.02671
1.00017
1.01156
1.00713
1.00335
0.99987
1.00197
1.00391
1.01127
1.00389
1.0034
1.00305
1.01423
1.00683
1.00532
1.00207
1.00251
1.01269
1.01208
1.00355
1.01005
1.00156
1.00634
1.0027
1.00595
1.00211
1.00191
0.999224
1.01669
1.00649
1.01705
1.00628
1.00641
1.0161
1.00474
1.01744
1.00701
1.00757
1.00313
1.00242
1.00358
1.00598
1.00631
1.00964
1.00823
1.00649
1.00218
1.00408
1.00271
1.00164
1.00219
1.00784
1.0073
1.00872
1.0024
1.00264
1.00349
1.00198
1.01986
1.00063
1.00136
1.01024
1.00625
1.00323
1.00395
1.00134
1.02641
1.02379
1.00327
1.00053
1.00416
1.00286
0.999226
1.00177
1.01778
1.00757
1.01019
1.00142
1.00309
1.00524
1.00188
1.0047
1.00124
1.00803
1.00433
1.00224
1.0646
1.00257
1.00757
0.998668
1.02319
1.00209
1.01076
1.01576
1.0154
1.00268
1.00437
1.00156
1.01447
1.00344
1.0053
1.0054
1.00443
1.00215
1.00849
1.01198
1.00682
1.00666
1.02423
1.0038
0.999229
1.01648
1.00255
1.01322
1.01314
1.0148
1.00249
1.00164
1.00967
1.00164
1.00342
1.00427
1.00416
1.0212
1.0036
1.00357
1.00564
1.00053
1.00184
1.00308
1.00553
1.00611
1.01371
1.01449
1.01016
1.01935
1.00654
1.00444
1.00985
1.0036
1.01961
1.00115
1.002
1.00182
1.01633
1.00798
1.01001
1.00574
1.00288
1.00179
1.00547
1.00174
1.0045
1.00389
1.00629
1.0075
1.00448
1.00405
1.00846
1.00638
0.998382
1.00662
1.00369
1.00295
1.0002
1.0009
1.00129
1.01081
1.00701
1.00573
1.00099
1.00987
1.00598
1.01334
1.01175
1.00748
1.01156
1.00079
1.00371
1.01595
1.00202
1.006
1.00094
1.00267
1.00512
1.0055
1.00771
1.00322
1.0006
1.0008
1.00939
0.999472
1.0163
1.01232
1.00596
1.00318
1.00018
1.01199
1.0051
1.00838
1.00369
1.00361
1.00386
1.00983
1.01681
1.00222
1.00751
1.00056
1.00294
0.999309
1.00294
1.02095
1.00481
1.00691
1.00563
1.00393
1.00323
0.998465
1.002
1.01369
1.04607
0.999767
1.00571
1.00267
1.00416
1.00749
1.00338
1.01155
1.00521
1.01405
1.00505
1.00722
1.02343
0.999893
1.0089
1.0117
1.00388
1.00036
0.999768
1.00123
1.00094
1.00395
1.01014
1.04359
1.00749
1.00243
1.0054
1.00569
1.00986
1.00187
1.00393
1.00921
1.0089
1.0021
1.00578
1.00351
1.00258
1.00507
1.00466
1.00943
1.00341
1.00447
1.00002
1.01552
1.00263
0.999014
0.999482
1.00465
1.00516
1.00962
1.00079
1.00263
1.00599
1.00355
1.00515
1.00447
1.00575
1.01799
0.999398
1.00422
1.00551
1.0033
1.02331
1.00977
0.999411
1.01174
1.00298
1.00599
1.01414
1.00158
1.00041
1.00264
1.00741
1.00604
1.00198
1.01302
1.0037
1.00744
1.00855
1.01048
1.01442
1.00373
1.00514
1.00367
1.0012
1.01373
1.01274
1.0057
1.00542
1.02018
1.01939
1.00424
1.00252
1.00747
1.00915
1.0164
1.00444
1.00791
1.03679
1.01208
1.00805
1.00805
1.02155
1.00569
1.00962
1.0064
1.00187
1.00181
0.999887
1.00466
1.00519
1.01058
1.00401
1.01654
1.0233
1.01612
1.00479
1.00366
1.02093
1.00121
1.0017
1.00455
1.01097
1.00203
1.01431
1.00639
1.0135
1.00496
1.00759
1.0054
1.01131
1.00298
1.00931
1.00733
1.01909
1.00194
1.00777
1.00781
1.00128
1.01237
1.01227
1.00762
1.00235
1.00667
1.00213
1.00987
1.00297
1.0031
1.00484
1.00363
1.00496
1.0138
1.00641
1.00137
1.00295
1.00128
1.01623
1.01615
1.01182
1.00255
1.00341
1.00354
1.01224
1.00231
1.0113
1.00659
1.00911
1.05004
1.00646
1.00096
1.00579
1.01353
1.00308
1.01454
1.00216
1.00115
1.00345
1.00318
1.01242
1.0079
1.00486
1.0048
1.00425
1.00609
1.00841
1.00248
1.14347
1.42588
1.24963
1.11185
1.03941
1.11137
1.13136
1.20592
1.10644
1.27683
1.21924
1.06425
1.11724
1.17915
1.21002
1.10126
1.31505
1.24
1.34587
1.21696
1.2052
1.04264
1.1636
1.1481
1.12936
1.08107
1.17644
1.13426
1.05735
1.1283
1.28761
1.26986
1.10069
1.01825
1.45417
1.22618
1.12598
1.65704
1.10287
1.23352
1.85236
1.07686
1.39943
1.11361
1.15131
1.20248
1.62583
1.05087
1.17175
1.1423
1.22139
1.12003
1.46715
1.09527
1.17695
1.21493
1.11741
1.16684
1.43884
1.11337
1.53383
1.28078
1.5478
1.10179
1.45863
1.14083
1.42138
1.15222
1.09057
1.19831
1.19608
1.06146
1.05749
1.138
1.16404
1.15444
1.16971
1.18993
1.41639
1.19011
1.11909
1.16718
1.04418
1.22076
1.20921
1.25544
1.12283
1.23022
1.20714
1.14007
1.16305
1.19978
1.06801
1.13007
1.23757
1.68095
1.21781
1.0703
1.13039
1.23018
1.19006
1.14295
1.19824
1.23937
2.04805
1.07677
1.1939
1.0837
1.37869
1.09403
1.08444
1.15153
1.28856
1.09535
1.13738
1.17825
1.69857
1.16435
1.28489
1.08737
1.13231
1.15157
1.05753
1.12422
1.22354
1.21902
1.1183
1.38286
1.23293
1.18478
1.18861
1.12471
1.08847
1.03196
1.11127
1.21363
1.693
1.08204
1.43875
1.19146
1.20552
1.1391
1.08032
1.25065
1.13227
1.10775
1.27514
1.12077
1.14267
1.16449
1.11227
1.06555
1.06409
2.03469
1.1034
1.22438
1.15305
1.28534
1.14126
1.19269
1.12874
1.08527
1.14411
1.24033
1.16969
1.27449
1.14283
1.07187
1.0752
1.13833
1.0669
1.2782
1.16341
1.23395
1.15155
1.36279
1.14546
1.14489
1.05446
1.26729
1.06718
1.12155
1.16661
1.18972
1.32714
1.11992
1.19394
1.15253
1.19916
1.03821
1.40312
1.17174
1.16341
1.49319
1.13677
1.20329
1.09476
1.12998
1.15694
1.06487
1.22034
1.04181
1.09302
1.12877
1.05591
1.09352
1.14128
1.17145
1.54671
1.30568
1.31584
1.18196
1.20169
1.09206
1.18303
1.07517
1.14001
1.38339
1.13981
1.15095
1.21197
1.152
1.30864
1.60666
1.16195
1.08726
1.15393
1.23998
1.07318
1.43567
1.49545
1.20956
1.20446
1.21612
1.20487
1.17633
1.04306
1.18283
1.55117
1.18689
1.56745
1.21322
1.19988
1.11062
1.20037
1.10919
1.20258
1.17037
1.18701
1.1403
1.18394
1.08144
1.0885
1.13018
1.1196
1.5167
1.0977
1.15411
1.22087
1.24981
1.16362
1.18354
1.04581
1.11456
1.13199
1.23213
1.21456
1.13254
1.55136
1.15384
1.12293
1.17447
1.48379
1.29093
1.15705
1.3821
1.17386
1.70899
1.11703
1.11888
1.15752
1.14954
1.1482
1.12408
1.2121
1.1772
1.1129
1.61302
1.14927
1.23841
1.16526
1.11389
1.11427
1.09584
1.13884
1.05967
1.20273
1.07114
1.1496
1.52006
1.22533
1.15463
1.14283
1.18438
1.16904
1.15343
1.12148
1.13828
1.40144
1.24955
1.21069
1.18844
1.43859
1.15281
1.06326
1.15022
1.19396
1.1035
1.16928
1.03954
1.14727
1.11882
1.05948
1.09696
1.14412
1.09761
1.13762
1.14505
1.41096
1.20361
1.11629
1.10207
1.88306
1.88564
1.23718
1.20776
1.04657
1.23521
1.10824
1.1712
1.15879
1.52362
1.24849
1.15896
1.07766
1.15734
1.10553
1.14806
1.08688
1.11863
1.12045
1.09859
1.20434
1.12949
1.03591
1.2037
1.11808
1.36093
1.10281
1.16783
1.12971
1.23716
1.07795
1.18039
1.17783
1.19196
1.13894
1.17802
1.13017
1.09942
1.30527
1.15774
1.56521
1.12749
1.27277
1.53364
1.61948
1.16555
1.14531
1.1729
1.22814
1.07251
1.07759
1.11345
1.15029
1.08732
1.11513
1.19621
1.55183
1.10971
1.10568
1.13917
1.16685
1.52089
1.14069
1.11931
1.80387
1.06329
1.14989
1.11073
1.22343
1.13528
1.41275
1.21093
1.87011
1.21776
1.1823
1.16289
1.12065
1.09693
1.23282
1.29778
1.20954
1.20749
1.11322
1.18689
1.39928
1.18851
1.07877
1.43943
1.2267
1.15376
1.10002
1.25216
1.17514
1.08743
1.16607
1.15279
1.20646
1.28799
1.11619
1.15855
1.08502
1.37451
1.09026
1.11631
1.16599
1.15942
1.14564
1.10603
1.33491
1.13507
1.03611
1.4101
1.04409
1.21771
1.14898
1.40461
1.08881
1.16214
1.16108
1.25931
1.04029
1.0891
1.11963
1.10304
1.18772
1.14349
1.08493
1.20375
1.49565
1.19048
1.10225
1.17072
1.40784
1.24847
1.13453
1.05425
1.10927
2.18312
1.06626
1.50212
1.42647
1.28403
1.17426
1.2163
1.18041
1.12526
1.14967
1.74426
1.07721
1.21087
1.11737
1.11334
1.22709
1.27417
1.24785
1.12704
1.11465
1.33187
1.21195
1.13192
1.18589
1.14473
1.08484
1.11839
1.14703
1.09508
1.13593
1.20162
1.14842
1.22015
1.55909
1.13348
1.07508
1.06822
1.12986
1.15968
1.43397
1.23495
1.59249
1.10703
1.16819
1.5475
1.10172
1.07164
1.15881
1.22721
1.15238
1.18713
1.13574
1.11104
1.24135
1.06124
1.08928
1.11675
1.20652
1.45562
1.21237
1.06231
1.16344
1.0787
1.10939
1.36884
1.81043
1.19704
1.25354
1.17318
1.10235
1.10126
1.12359
1.19979
1.19009
1.1833
1.13635
1.123
1.16693
1.07757
1.24432
1.0794
1.12665
1.05267
1.13466
1.15104
1.78817
1.17255
1.20941
1.55762
1.18462
1.23497
1.2508
1.1903
1.11368
1.84574
1.04795
1.13097
1.2954
1.05756
1.34815
1.22416
1.45445
1.14576
1.11061
1.17157
1.16718
1.18633
1.09744
1.20843
1.20195
1.13565
1.3051
1.17723
1.24255
1.5024
1.0517
1.04939
1.15173
1.20632
1.13678
1.1444
1.24059
1.09059
1.06815
1.17536
1.31661
1.21497
1.24738
1.12912
1.45099
1.14502
1.37348
1.18934
1.25979
1.16877
1.17802
1.14214
1.54594
1.12061
1.55094
1.21675
1.13711
1.40473
1.40985
1.17365
1.45852
1.17421
1.1591
1.0999
1.32142
1.15219
1.16081
1.12209
1.45844
1.47585
1.08859
1.29701
1.17496
1.15927
1.21599
2.07378
1.51251
1.86526
1.07629
1.18089
1.50973
1.05783
1.18893
1.15024
1.26373
1.14229
1.21836
1.1929
1.04279
1.15056
1.07615
1.15154
1.12483
1.21512
1.16451
1.08103
1.01059
1.1664
1.05899
1.18686
1.09097
1.03967
1.36151
1.21533
1.12651
1.17907
1.26192
1.17182
1.09845
1.16928
1.25048
1.25029
1.09896
1.11427
1.23857
1.21411
1.19578
1.13902
1.17821
1.14528
1.15849
1.16289
1.16959
1.10912
1.14951
1.17882
1.54724
1.12121
1.24773
1.18427
1.76871
1.18148
1.10333
1.30723
1.04436
1.44798
1.12926
1.09573
1.21179
1.14792
1.15741
1.42641
1.13161
1.09092
1.20152
1.05451
1.05093
1.2251
1.0656
1.14782
1.07429
1.44452
1.15299
1.06482
1.29809
1.23902
1.083
1.12937
1.10711
1.2307
1.18305
1.13803
1.15622
1.19187
1.15105
1.14424
1.12867
1.14439
1.15598
1.22599
1.23034
1.04242
1.35456
1.26333
1.77737
1.3338
1.1631
1.11387
1.09498
1.06767
1.16792
1.1986
1.06766
1.18287
1.16673
1.17214
1.12277
1.13661
1.16062
1.0835
1.06811
1.26895
1.21967
1.15502
1.11616
1.07906
1.11097
1.19351
1.16898
1.14712
1.05838
1.16398
1.103
1.19381
1.08338
1.14817
1.12543
1.1396
1.47843
1.16577
1.12962
1.10204
1.17045
1.33095
1.22265
1.18134
1.24091
1.21407
1.21905
1.16914
1.26687
1.23448
1.06881
1.13314
1.14065
1.12427
1.12169
1.18192
1.14299
1.02158
1.14586
1.14086
1.44047
1.29946
1.17179
1.01573
1.14995
1.07641
1.18432
1.08071
1.04662
1.26296
1.10206
1.43762
1.20783
1.18597
1.12149
1.39143
1.10739
1.19397
1.11145
1.08874
1.28806
1.16071
1.63846
1.36857
1.20283
1.0859
1.12374
1.13369
1.29483
1.18248
1.06086
1.15331
1.09069
1.1159
1.19696
1.25835
1.12185
1.36979
1.24411
1.09576
1.12986
1.09624
1.25304
1.74088
1.08554
1.34937
1.09673
1.10755
1.24063
1.18257
1.04666
1.45504
1.04932
1.1053
1.2337
1.03085
1.15205
1.12401
1.47118
1.18858
1.2447
1.18607
1.18463
1.03728
1.24696
1.13311
1.11507
1.80269
1.17093
1.18961
1.22536
1.15098
1.21084
1.20336
1.22246
1.09843
1.05984
1.23117
1.14325
1.13025
1.19897
1.28004
1.17119
1.25153
1.19292
1.57104
1.09969
1.13883
1.54114
1.14693
1.14269
1.14079
1.12983
1.8637
1.41703
1.14216
1.10725
1.09639
1.16297
1.84844
1.22697
1.19063
1.18491
1.13389
1.27465
1.09257
1.34517
1.15548
1.08799
1.21044
1.18338
1.17883
1.1464
1.20364
1.18657
1.11628
1.25923
1.06663
1.12748
1.11493
1.19195
1.13686
1.4379
1.86925
1.09459
1.19898
1.29232
1.11497
1.07801
1.16222
1.21331
1.18032
1.14632
1.13001
1.1484
1.09927
1.12889
1.1357
1.65615
1.53471
1.21841
1.13334
1.20453
1.32388
1.21683
1.17755
1.14555
1.1321
1.16894
1.16021
1.09964
1.18441
1.07604
1.18557
1.17298
1.22958
1.32266
1.25565
1.17103
1.18277
1.06376
1.56694
1.6933
1.078
1.22036
1.15126
1.35045
1.70037
1.91456
1.17476
1.18101
1.26443
1.0932
1.45478
1.10518
1.10716
1.09418
1.19178
1.17945
1.2266
1.18766
1.09742
1.07863
1.16781
1.19094
1.99983
1.26364
1.08995
1.18942
1.22709
1.03174
1.18119
1.22039
1.19207
1.07817
2.09285
1.13262
1.14167
1.16488
1.37444
1.17948
1.25647
1.1895
1.1346
1.78036
1.11503
1.36016
1.04744
1.15131
1.13458
1.09021
1.20761
1.27348
1.05734
1.58938
1.92607
1.3746
1.41612
1.05716
1.90105
1.38877
1.94853
1.75695
2.22258
2.27646
1.56261
1.50006
1.49132
1.31108
1.65611
1.95392
1.74946
1.87496
1.44808
1.28214
1.72415
1.76412
1.54888
1.76852
1.58104
1.29509
1.70707
1.86695
1.24992
1.81599
1.31554
1.66237
1.03404
2.08892
1.94473
1.37385
1.85984
1.56267
1.94783
2.10916
1.46136
1.77403
1.15881
2.11417
1.35932
2.13151
1.73249
1.24848
1.20831
2.12726
1.49093
1.98474
1.31551
1.26233
1.25437
1.46884
2.03626
2.2099
1.18333
2.20921
1.52356
2.36122
1.70866
1.88731
1.24551
1.9385
1.19061
1.9789
1.91016
1.30046
1.96012
1.84566
1.28227
1.49819
1.34576
1.64555
1.36641
1.74183
1.44982
1.60336
1.32713
1.88397
1.45457
1.31123
2.03251
1.2195
1.26649
1.4648
1.2586
1.36805
1.47158
1.22742
1.47496
1.3421
2.22166
1.53089
1.24957
1.58422
1.9439
1.35316
1.67814
1.55405
1.5803
2.4879
1.72929
1.91732
1.55022
2.06282
1.74427
1.21818
1.8491
1.78661
1.25178
1.53237
1.40619
2.13595
1.20113
1.40779
1.48751
1.36288
1.37903
1.2781
1.36416
1.39442
1.58739
1.79096
2.36057
1.52134
1.58302
1.29701
1.52088
1.80446
1.11662
1.23381
1.31445
2.14829
1.51622
1.84159
1.40234
1.39642
1.22477
1.93233
1.45836
1.56953
1.5031
1.31401
1.59658
1.65001
1.49925
1.71473
1.60747
1.93195
2.43837
1.18455
1.38377
1.37607
2.07627
1.64345
1.52955
1.7264
1.49991
2.01764
1.72978
1.74392
1.38529
1.47656
1.17976
1.60259
1.47442
1.81008
1.89619
1.51165
2.13304
1.18743
2.0757
1.66474
1.53735
1.13992
2.22647
1.54299
1.37561
1.59454
1.29803
1.84583
1.30986
1.36927
1.40465
1.91841
1.31346
1.8825
1.98091
1.41378
1.87003
1.33082
1.39772
1.74017
1.30192
1.39415
1.07636
1.37746
1.17473
1.45598
1.5282
1.34608
1.50518
1.37232
1.74445
2.15025
1.80301
1.54347
1.92645
1.42937
1.33797
1.21408
1.52931
1.62302
1.99766
1.49341
1.40771
1.53639
1.22711
1.91925
2.60407
1.59972
1.26057
1.4921
1.4583
1.28292
1.80386
1.86049
1.23929
1.24218
1.32806
1.70999
1.45753
1.58847
1.34641
1.77792
1.40523
2.41255
1.32937
1.28878
1.88848
1.38776
1.57068
1.24357
1.52597
1.50711
1.52963
1.28956
1.17115
1.3993
1.334
1.2991
2.08339
1.74165
1.41027
1.31868
1.75941
1.84587
1.50958
1.77604
1.50407
1.64792
1.69654
1.85784
1.45802
1.87142
1.42647
1.35055
2.00185
1.92797
1.90589
1.93993
1.63415
1.50087
2.25886
2.01372
1.26989
1.3345
1.37487
2.25197
1.32213
1.40728
1.41254
2.11843
1.88733
1.60706
1.27792
2.10095
1.50821
1.1754
1.98948
1.94895
1.90639
1.99366
1.2638
1.6113
1.91171
1.3429
1.40838
1.76828
1.31905
1.51721
1.51734
1.24008
1.1958
2.23749
1.79127
1.35904
1.27415
1.65004
1.51523
1.90557
1.6314
1.42126
1.4296
1.27696
2.34745
1.78493
1.61619
2.26658
1.18974
1.18556
1.39829
1.35792
1.19852
2.58118
2.5201
1.53274
1.54132
2.50867
2.03193
1.46736
1.26018
1.7607
1.33002
1.30171
1.49393
1.29938
2.38579
1.82989
1.48715
1.71538
1.25482
1.19767
1.41203
1.39898
1.42602
1.35241
1.62218
1.35021
2.2478
1.06243
1.46273
1.53888
2.46482
1.61229
1.24324
1.87096
2.31054
2.081
1.80829
1.4747
1.7104
1.45084
1.33561
1.52682
1.71422
1.79699
1.36859
2.16064
1.34069
1.86876
1.80279
2.1336
1.20246
1.64537
1.19634
1.34691
1.09947
1.69786
1.19848
1.41587
1.64164
1.4521
1.7096
1.65134
1.28065
1.23867
1.86295
1.5016
1.62475
2.1725
1.61236
2.46431
1.08477
1.61502
1.33093
1.39042
1.30145
1.78224
1.65188
2.24874
1.3139
1.23754
1.44311
1.43536
1.12878
1.33595
1.48117
1.2248
1.63131
1.63785
1.35532
1.74695
1.38369
1.64186
2.22534
1.29958
1.23659
1.49601
2.03939
2.01502
1.13279
1.47968
1.5966
1.83519
1.65797
1.28501
1.45149
1.40355
1.92076
1.89112
1.41984
1.46531
1.2521
1.36115
1.76366
1.80762
1.54244
1.0538
2.44136
1.96296
1.41622
1.40991
2.02617
1.11137
1.78855
1.23113
1.33034
1.5927
1.68235
1.5808
1.82577
1.51065
1.46499
1.80296
1.29236
2.0368
1.35483
1.89784
1.21941
1.92467
2.03463
1.60516
1.59137
1.99919
2.59712
2.32752
1.8581
1.80286
1.62411
1.27213
1.26858
1.43857
1.45724
1.34891
2.28929
1.25949
1.33201
1.58749
1.38968
1.27566
1.91875
1.32193
1.32752
1.15567
2.03162
1.26767
1.7295
1.39749
1.5602
1.54023
1.48964
1.42906
1.76665
1.55453
1.30083
1.43409
1.40883
2.20694
1.42678
1.36433
1.61066
1.32131
1.42639
2.41042
1.28874
2.09509
1.60743
1.42901
1.82426
1.59833
1.95306
1.18336
1.92129
1.18858
1.49217
1.36748
1.60948
1.30818
1.59645
2.29608
1.41538
1.38243
2.16521
1.31406
1.26174
1.196
1.4683
1.33313
1.92398
2.52199
1.22987
1.44272
1.68024
1.24645
1.70729
1.4204
1.29431
1.37747
1.43057
1.37301
1.4572
1.9519
1.35848
1.31314
1.53163
1.40647
1.0768
1.72403
1.65808
2.10445
1.66664
1.3198
1.84816
1.42299
2.03034
1.64106
1.57857
2.06334
2.29841
1.07105
1.305
2.49008
1.35343
1.75402
1.46865
2.04824
1.66991
1.92602
1.23999
1.67844
1.40717
1.51246
1.54344
1.48352
1.9834
2.3341
1.3217
1.35869
1.63866
1.64135
1.71804
1.41303
1.28676
1.54567
1.47819
1.34317
1.33021
1.46995
1.25126
1.91147
1.36674
2.01265
1.2587
1.89498
1.46086
1.97004
1.37032
1.49681
1.22505
1.48827
1.516
2.00763
1.8427
2.45949
1.3859
1.24431
2.27703
1.84926
1.38373
2.34576
1.29725
1.32177
1.18168
1.77339
1.19071
1.33255
1.4459
1.91357
1.94795
1.74715
1.65289
1.47287
2.14485
1.3884
2.5303
2.3358
2.06937
1.26273
1.45841
1.99643
1.66331
1.43288
1.41252
1.86985
1.5119
1.9383
1.24892
1.14379
1.29979
1.58502
1.53929
1.26833
1.37425
2.27303
1.5411
1.60334
1.26498
1.78834
1.37684
1.30946
1.88123
2.63978
1.31705
1.30469
1.28877
1.81342
1.90349
1.60183
1.28315
1.41938
1.33241
1.45249
1.15499
1.56075
1.95346
1.28417
1.60878
1.72475
1.58705
1.32355
1.52191
1.58505
1.6623
1.68103
1.23685
1.8458
1.51287
1.36237
1.35889
2.45769
1.39482
2.4581
2.64068
2.01887
1.84992
1.25487
1.65583
1.54103
1.60516
1.24231
1.83094
1.22954
1.12648
2.44335
2.07473
1.47443
2.10031
1.37027
1.4972
1.49635
2.00172
1.47687
2.23717
1.87176
1.28298
1.6546
1.43249
1.61704
1.29712
1.54871
1.17653
1.37416
2.40499
1.46807
1.37662
1.67332
1.15789
1.84392
1.27794
1.31931
1.10063
2.38883
1.72875
2.2218
1.81974
1.53854
1.43698
1.40816
1.34642
1.65682
1.74098
1.25288
1.2817
1.18518
1.22119
1.48371
1.5496
1.61578
1.19488
1.49457
2.01603
2.21905
1.26442
1.65905
1.43118
1.36945
1.78125
1.54505
1.46055
1.08563
1.34211
1.76112
1.59153
1.348
1.205
1.35115
1.93038
2.70618
1.96481
1.49661
1.21594
1.32048
1.99718
2.19465
1.46916
1.7032
1.25387
1.54112
1.57839
1.75498
1.38088
1.0954
1.40718
1.67783
1.59562
1.64891
1.72489
1.27188
1.03328
1.63212
1.49315
2.31476
1.73262
1.24047
1.88698
1.27872
1.98109
1.49711
1.80695
1.48175
1.3699
1.78025
1.92369
1.63057
1.40105
1.39822
1.72759
1.46289
1.53182
1.37781
2.31052
2.10383
1.53579
2.03471
1.96245
1.39013
1.3041
1.25519
1.52839
1.89853
1.40202
1.66239
1.47533
1.90834
1.50046
1.28244
2.0203
1.67619
1.9596
1.28271
1.58958
1.6641
1.11615
1.97874
2.18112
1.35496
1.52886
1.27004
1.4697
1.32881
1.24251
2.12983
1.85405
1.90947
1.49004
1.95099
1.69887
1.68744
1.33643
1.87201
1.39193
1.6262
1.21609
1.87611
1.11493
1.3691
1.39273
1.30694
2.27387
1.60248
1.51724
1.29077
1.66368
1.24517
1.26071
1.38668
1.69694
1.10005
1.82231
1.37325
1.44679
1.53985
1.82426
1.21887
1.89957
1.33279
2.55588
1.50714
1.35516
1.93745
1.50801
1.57979
1.2003
1.40205
2.03201
1.81745
1.35365
1.60724
1.10729
1.5089
2.69094
1.39931
1.5935
1.466
1.3332
1.98046
2.0062
1.83868
1.75733
1.5434
1.49929
1.43512
1.204
1.32351
1.69356
1.99276
1.59372
1.48913
1.6355
2.10364
1.23619
1.33826
1.29413
2.16791
2.48746
1.1508
1.66861
1.97183
1.68887
1.77349
2.12773
1.92489
1.46986
1.36654
1.19687
1.6711
1.7287
1.49936
1.38942
2.17693
2.3992
2.34509
1.76894
2.73289
2.01633
1.41823
1.29753
1.70811
1.40171
1.40231
1.39269
1.79727
1.26356
1.8808
1.60597
1.71512
1.26266
1.79864
1.39884
1.46959
1.25084
1.89626
2.30443
2.16299
1.26301
1.91038
1.46061
1.73805
2.01556
2.44493
1.2227
1.8323
1.87522
1.33656
1.52658
1.15311
1.38189
1.25052
1.33783
1.62903
1.68064
1.29271
1.21518
1.58375
1.2338
1.76416
2.6778
1.75492
1.26012
1.32593
2.23014
2.01349
1.56768
1.49588
1.52661
1.69508
2.46365
1.19484
1.26544
1.47775
2.35626
1.35765
1.91589
1.29593
1.51181
2.60855
1.30045
2.18675
1.68484
1.48989
1.7059
1.84675
1.56804
1.63549
1.23938
188820000.0
191580000.0
398722000.0
428710000.0
722131000.0
196029000.0
391738000.0
202381000.0
282176000.0
212730000.0
139742000.0
173350000.0
276591000.0
403430000.0
290055000.0
267752000.0
143082000.0
168123000.0
219260000.0
329439000.0
313209000.0
240850000.0
200189000.0
157051000.0
204789000.0
229465000.0
241541000.0
225323000.0
190165000.0
467911000.0
137799000.0
238005000.0
183571000.0
802950000.0
156605000.0
158514000.0
389608000.0
171776000.0
209886000.0
177861000.0
189541000.0
220464000.0
220019000.0
507263000.0
174741000.0
362702000.0
164172000.0
184903000.0
474306000.0
531644000.0
144327000.0
394762000.0
145911000.0
516485000.0
304455000.0
283662000.0
253894000.0
180624000.0
152851000.0
511847000.0
156777000.0
249488000.0
135176000.0
214050000.0
220819000.0
508669000.0
221133000.0
494448000.0
188866000.0
145319000.0
438577000.0
146411000.0
156062000.0
481287000.0
323662000.0
333992000.0
227586000.0
364311000.0
194883000.0
337275000.0
249333000.0
315901000.0
180685000.0
257646000.0
349179000.0
194428000.0
511470000.0
278204000.0
234211000.0
471451000.0
309438000.0
280378000.0
627968000.0
266147000.0
340327000.0
163884000.0
220301000.0
615829000.0
270636000.0
199585000.0
386607000.0
266514000.0
263646000.0
239770000.0
153563000.0
196103000.0
151559000.0
283218000.0
139063000.0
191729000.0
595845000.0
250765000.0
165435000.0
550328000.0
243200000.0
305812000.0
147358000.0
501114000.0
254027000.0
216665000.0
395165000.0
227682000.0
161820000.0
474077000.0
258422000.0
288829000.0
207989000.0
155523000.0
169437000.0
283677000.0
341107000.0
193768000.0
231284000.0
736947000.0
508102000.0
344163000.0
169579000.0
205178000.0
158255000.0
243061000.0
202868000.0
461506000.0
153221000.0
342181000.0
278956000.0
211371000.0
293342000.0
303380000.0
287264000.0
188978000.0
275584000.0
197792000.0
169349000.0
157332000.0
537871000.0
354568000.0
465703000.0
177369000.0
194700000.0
269830000.0
206789000.0
218450000.0
139507000.0
145973000.0
262118000.0
238603000.0
193481000.0
622075000.0
193841000.0
343039000.0
185751000.0
147580000.0
289023000.0
163742000.0
449063000.0
148393000.0
237732000.0
222963000.0
672434000.0
151250000.0
271914000.0
287989000.0
294197000.0
344331000.0
174886000.0
210787000.0
257585000.0
201668000.0
145702000.0
556753000.0
171467000.0
149526000.0
205644000.0
143260000.0
245245000.0
262979000.0
155675000.0
360867000.0
366576000.0
650126000.0
336931000.0
716609000.0
191134000.0
253562000.0
179924000.0
218013000.0
248673000.0
229058000.0
129383000.0
145509000.0
202526000.0
229259000.0
301750000.0
183865000.0
436454000.0
273507000.0
167650000.0
158471000.0
171045000.0
306680000.0
272454000.0
304485000.0
161005000.0
154316000.0
258101000.0
540561000.0
226214000.0
217424000.0
184030000.0
218719000.0
171942000.0
300134000.0
355490000.0
216490000.0
197630000.0
286587000.0
167374000.0
220528000.0
167897000.0
349567000.0
138340000.0
148997000.0
267290000.0
160832000.0
300278000.0
142656000.0
411769000.0
313310000.0
223135000.0
281321000.0
278126000.0
612082000.0
234771000.0
217483000.0
171225000.0
144579000.0
186613000.0
268563000.0
270296000.0
158228000.0
253452000.0
269951000.0
179203000.0
221649000.0
237188000.0
167470000.0
184397000.0
167087000.0
137456000.0
256109000.0
374366000.0
165052000.0
165094000.0
151278000.0
157600000.0
161171000.0
273167000.0
164129000.0
160928000.0
205819000.0
435633000.0
370023000.0
161380000.0
462778000.0
361746000.0
247512000.0
159030000.0
183675000.0
223188000.0
341678000.0
157397000.0
295171000.0
553560000.0
144549000.0
169337000.0
180152000.0
163847000.0
473295000.0
330340000.0
152690000.0
248939000.0
433232000.0
196074000.0
405979000.0
211674000.0
218441000.0
516469000.0
463366000.0
145267000.0
156605000.0
236605000.0
364322000.0
206286000.0
238041000.0
178160000.0
255596000.0
290576000.0
348285000.0
221896000.0
160310000.0
255386000.0
210723000.0
163246000.0
458587000.0
522741000.0
439603000.0
408866000.0
491088000.0
161415000.0
141932000.0
216633000.0
325685000.0
144476000.0
155979000.0
269000000.0
432595000.0
139923000.0
313953000.0
477793000.0
266862000.0
420600000.0
161308000.0
147707000.0
286937000.0
264996000.0
456048000.0
544412000.0
258280000.0
179047000.0
191250000.0
335850000.0
197876000.0
224513000.0
160074000.0
733211000.0
304849000.0
301256000.0
153861000.0
211368000.0
341913000.0
227916000.0
152629000.0
168279000.0
236133000.0
212627000.0
203177000.0
328461000.0
397524000.0
278057000.0
194382000.0
167447000.0
300728000.0
175411000.0
299644000.0
149175000.0
185507000.0
154967000.0
454113000.0
312900000.0
464566000.0
304363000.0
682561000.0
237458000.0
227315000.0
409763000.0
252443000.0
294173000.0
215411000.0
180276000.0
452200000.0
472646000.0
132969000.0
206482000.0
154375000.0
179939000.0
244652000.0
143431000.0
696949000.0
167063000.0
434071000.0
251092000.0
448907000.0
128112000.0
203081000.0
146357000.0
310370000.0
367434000.0
223032000.0
326230000.0
561763000.0
277087000.0
207485000.0
433313000.0
195586000.0
190711000.0
267007000.0
251158000.0
325870000.0
184744000.0
174196000.0
283048000.0
509728000.0
238128000.0
136954000.0
210912000.0
639638000.0
237739000.0
141724000.0
190703000.0
225264000.0
523518000.0
284824000.0
437051000.0
139572000.0
210494000.0
376441000.0
298598000.0
334271000.0
451483000.0
157510000.0
199239000.0
252749000.0
721748000.0
145226000.0
164957000.0
303515000.0
318094000.0
217371000.0
622295000.0
247613000.0
513636000.0
294137000.0
184215000.0
182251000.0
310617000.0
205493000.0
289125000.0
173507000.0
182998000.0
353966000.0
157883000.0
273053000.0
154113000.0
453335000.0
141598000.0
243116000.0
181087000.0
199625000.0
165924000.0
148306000.0
157242000.0
175356000.0
187285000.0
163321000.0
387380000.0
403737000.0
310263000.0
423218000.0
280378000.0
174274000.0
547958000.0
365154000.0
214729000.0
469659000.0
340323000.0
158724000.0
253347000.0
465942000.0
593756000.0
211112000.0
302556000.0
260971000.0
365804000.0
225430000.0
247550000.0
227599000.0
269473000.0
194005000.0
236598000.0
357338000.0
197885000.0
290037000.0
175633000.0
397034000.0
265364000.0
176703000.0
396787000.0
321527000.0
149784000.0
269404000.0
156808000.0
247570000.0
262666000.0
163120000.0
164943000.0
202519000.0
459141000.0
152781000.0
508577000.0
417048000.0
293064000.0
226262000.0
376330000.0
237207000.0
146964000.0
345547000.0
290251000.0
139263000.0
398720000.0
193161000.0
504650000.0
279900000.0
304798000.0
144400000.0
134429000.0
438375000.0
415541000.0
259398000.0
586907000.0
230477000.0
248273000.0
381118000.0
330987000.0
395079000.0
214148000.0
278775000.0
225119000.0
208403000.0
325410000.0
216146000.0
364236000.0
656334000.0
160312000.0
173290000.0
164620000.0
185094000.0
237179000.0
177466000.0
348293000.0
152045000.0
301219000.0
261613000.0
158059000.0
168311000.0
656953000.0
528972000.0
151485000.0
182060000.0
145932000.0
336033000.0
162919000.0
257643000.0
160897000.0
457410000.0
247280000.0
314802000.0
242741000.0
309623000.0
259906000.0
173263000.0
144733000.0
416835000.0
302065000.0
282246000.0
241614000.0
146812000.0
434996000.0
374817000.0
146412000.0
285950000.0
302291000.0
308306000.0
223703000.0
484406000.0
166583000.0
270421000.0
196901000.0
432566000.0
151511000.0
261895000.0
170319000.0
298472000.0
239664000.0
502509000.0
407884000.0
291823000.0
209229000.0
275649000.0
143326000.0
389819000.0
528197000.0
165021000.0
185832000.0
251981000.0
191277000.0
217650000.0
392132000.0
550630000.0
202776000.0
444329000.0
338081000.0
319706000.0
141055000.0
190119000.0
196296000.0
172648000.0
266007000.0
166493000.0
293149000.0
158382000.0
143236000.0
141299000.0
505411000.0
235214000.0
183343000.0
152591000.0
302770000.0
417386000.0
187171000.0
321676000.0
135269000.0
285421000.0
707399000.0
293036000.0
184008000.0
289070000.0
516174000.0
312668000.0
159717000.0
206863000.0
152292000.0
205913000.0
149210000.0
282359000.0
241422000.0
227101000.0
156437000.0
313586000.0
359649000.0
389078000.0
177318000.0
169304000.0
206284000.0
383104000.0
268803000.0
259694000.0
227931000.0
573036000.0
209319000.0
136110000.0
224953000.0
303135000.0
158827000.0
215411000.0
297252000.0
339175000.0
352324000.0
196245000.0
225183000.0
403718000.0
132395000.0
288074000.0
266230000.0
387881000.0
147868000.0
237385000.0
159486000.0
147092000.0
152074000.0
193648000.0
541213000.0
232725000.0
212898000.0
352821000.0
556296000.0
189674000.0
509368000.0
630061000.0
138391000.0
255826000.0
179049000.0
141268000.0
190816000.0
286662000.0
326490000.0
191775000.0
220918000.0
201333000.0
276692000.0
366908000.0
317188000.0
183327000.0
345021000.0
244800000.0
246254000.0
554571000.0
224913000.0
144149000.0
274149000.0
201038000.0
262689000.0
471940000.0
138482000.0
388296000.0
303164000.0
724138000.0
147299000.0
223651000.0
181641000.0
204143000.0
156059000.0
377614000.0
197766000.0
505231000.0
181638000.0
229498000.0
594954000.0
358411000.0
529020000.0
370610000.0
248434000.0
227277000.0
339128000.0
615591000.0
355764000.0
187367000.0
160928000.0
387440000.0
225219000.0
196791000.0
443197000.0
224642000.0
322961000.0
246528000.0
566187000.0
440538000.0
207434000.0
226665000.0
184733000.0
534334000.0
459411000.0
151487000.0
141672000.0
177551000.0
378272000.0
566773000.0
284436000.0
171466000.0
149098000.0
257553000.0
142331000.0
263847000.0
279527000.0
230208000.0
178556000.0
230861000.0
654000000.0
284734000.0
234303000.0
217806000.0
274058000.0
176818000.0
395015000.0
815160000.0
266077000.0
330975000.0
158652000.0
224430000.0
341410000.0
160878000.0
332813000.0
170968000.0
266763000.0
257289000.0
173210000.0
282791000.0
194850000.0
147085000.0
179363000.0
255430000.0
295935000.0
188383000.0
291238000.0
223222000.0
446226000.0
192943000.0
145430000.0
281459000.0
200904000.0
164080000.0
298636000.0
457244000.0
336157000.0
201600000.0
131183000.0
325844000.0
197350000.0
221692000.0
170982000.0
240539000.0
385765000.0
184629000.0
207375000.0
174232000.0
360096000.0
235889000.0
209368000.0
664152000.0
180910000.0
182631000.0
473042000.0
217959000.0
568605000.0
307845000.0
301237000.0
426586000.0
151726000.0
146501000.0
219873000.0
371841000.0
132728000.0
163928000.0
169534000.0
235934000.0
189254000.0
382615000.0
221155000.0
485892000.0
160303000.0
725322000.0
337394000.0
234638000.0
532653000.0
151284000.0
196521000.0
230796000.0
331636000.0
257561000.0
265562000.0
334762000.0
322225000.0
188363000.0
709342000.0
170132000.0
382975000.0
329867000.0
285661000.0
257718000.0
346664000.0
211906000.0
377281000.0
148825000.0
389119000.0
253510000.0
140039000.0
255980000.0
151785000.0
571879000.0
183708000.0
156332000.0
152158000.0
459214000.0
267811000.0
561255000.0
278322000.0
161044000.0
294811000.0
249206000.0
280467000.0
208070000.0
186829000.0
174232000.0
209527000.0
139584000.0
338642000.0
249815000.0
360116000.0
390119000.0
474008000.0
199096000.0
164277000.0
291116000.0
215775000.0
197964000.0
178666000.0
559447000.0
364941000.0
420797000.0
136650000.0
151090000.0
519641000.0
252626000.0
130043000.0
249033000.0
180160000.0
196999000.0
258505000.0
198248000.0
433472000.0
572516000.0
208315000.0
132534000.0
282415000.0
413319000.0
152585000.0
166953000.0
157071000.0
262521000.0
142733000.0
192940000.0
366820000.0
390567000.0
199682000.0
233099000.0
273444000.0
204535000.0
191949000.0
315392000.0
181579000.0
309519000.0
249783000.0
320816000.0
143753000.0
292279000.0
275425000.0
456917000.0
244609000.0
137377000.0
192812000.0
546505000.0
197314000.0
229429000.0
197167000.0
171785000.0
176642000.0
330374000.0
152854000.0
192022000.0
528924000.0
153758000.0
613077000.0
428292000.0
546727000.0
297574000.0
164497000.0
258837000.0
233770000.0
476776000.0
254725000.0
481890000.0
210385000.0
159100000.0
209448000.0
498733000.0
399428000.0
151201000.0
165106000.0
166049000.0
255876000.0
281119000.0
236631000.0
133337000.0
532772000.0
202157000.0
301078000.0
149584000.0
251239000.0
155604000.0
221685000.0
177243000.0
137167000.0
506999000.0
164723000.0
168727000.0
295276000.0
236674000.0
212302000.0
318962000.0
224345000.0
597980000.0
