1.00158
1.05229
1.0425
1.00545
1.04174
1.04112
1.01586
1.01228
1.00572
1.00081
1.01341
1.03655
1.01632
1.00676
1.00229
1.00464
1.02235
1.09825
1.00531
1.00235
1.01264
1.00811
1.00278
1.07628
1.12212
1.02157
1.00669
1.03536
1.00918
1.00647
1.01441
1.0101
1.02544
1.00157
1.00603
1.0226
1.00958
0.999035
1.07163
1.01817
1.00353
1.03579
1.06215
1.05037
0.999998
1.03896
1.0108
1.07956
1.05861
1.00924
1.04912
1.00567
1.01314
1.06133
1.01815
1.0061
1.06483
1.02604
1.00868
1.00959
1.06271
1.03389
1.01624
1.00674
1.00686
1.05406
1.04696
1.02421
1.00065
1.006
1.21641
1.08214
1.04059
1.01574
1.00656
1.01763
1.00917
1.00507
1.00585
1.00377
1.02145
1.01514
1.0073
1.00245
1.05157
1.0013
1.00654
1.01709
1.09432
0.997635
0.999509
1.00846
1.04818
1.0026
1.18446
1.00992
1.00364
1.01036
1.02677
1.01259
1.17877
1.05412
1.00111
1.04462
1.03211
1.12059
1.00569
1.02036
1.0241
1.00221
1.00785
1.00733
1.00362
1.0163
1.05062
1.06782
0.999729
1.01149
1.00042
1.04567
1.12581
1.02324
1.09166
1.01264
1.00502
1.07924
1.04759
1.00934
1.00571
1.0025
1.01607
1.10159
1.00595
1.00991
1.0186
1.05609
1.03206
1.0033
1.08126
1.01327
1.05921
1.00664
1.00425
1.02125
1.03401
1.0079
1.03742
1.01045
1.19919
1.00334
1.06542
1.00194
1.07122
1.02314
1.00236
1.05296
1.00277
1.04213
1.02507
1.0028
1.06585
1.06217
1.01532
1.02074
1.01125
1.00383
1.00049
1.0028
1.01455
1.06141
1.01002
1.00242
1.01034
1.00414
1.02237
1.0449
1.01795
1.02581
1.01407
1.0059
1.00328
1.09492
1.01497
1.01099
1.00219
1.00222
1.02803
1.00736
1.01757
1.02433
1.02999
1.06611
1.03803
1.20397
1.0087
1.00763
1.00302
1.00322
1.00656
1.13473
1.22511
1.02283
1.12376
1.00236
1.00507
1.0202
1.00456
1.01948
1.01857
1.08273
1.09617
1.01027
1.00946
1.02581
1.00427
1.01695
1.0232
1.00652
1.00013
1.00674
1.03903
1.00771
1.00035
1.12234
1.0062
1.00276
1.00931
1.0051
1.02256
1.06609
1.03149
1.00872
1.1427
1.00193
1.07875
1.09028
1.0043
1.02267
1.00044
1.02393
1.00757
1.00249
1.05203
1.00297
1.03273
1.01807
1.00175
1.12777
1.01029
1.01272
1.06847
1.04605
1.07996
1.02345
0.998211
1.0068
1.02209
1.00565
1.00111
1.00064
1.04667
1.01134
1.00164
1.07516
1.00269
1.01266
1.00716
1.0087
1.0431
1.00996
1.01549
1.02145
1.0518
1.00303
1.03393
1.02018
1.00449
1.00555
1.00193
1.00113
1.02061
1.11847
1.10365
1.11789
1.00073
1.06263
1.04688
1.00526
1.03313
1.01588
1.01145
1.01008
1.01061
1.08761
1.02231
1.00316
1.00153
1.00614
1.06426
1.01024
1.03952
1.00291
1.00422
1.04887
1.02593
1.00101
1.0096
1.03769
1.02518
1.00594
1.016
1.0433
1.00314
1.03898
1.07657
1.01565
1.00244
1.00235
1.01363
1.01125
1.03755
1.01712
1.01057
1.00906
1.00505
1.04661
1.00675
1.04839
1.00547
1.02166
1.28743
1.077
1.1031
1.0173
1.02163
1.00439
1.10773
1.01591
1.03787
1.0064
1.00804
1.01183
1.00353
0.997937
1.03793
1.01922
1.06298
1.01404
1.01673
0.999626
1.00198
1.00331
1.00296
1.00212
1.01367
1.0253
1.07868
1.07364
1.05244
1.0529
1.00507
1.0205
1.05259
1.05958
1.00242
1.0687
1.00845
1.05669
1.00459
1.00271
1.01294
1.00215
1.04605
1.01047
1.00237
1.00479
1.03852
1.04698
1.02384
1.03267
1.01874
1.06216
1.08227
1.03573
1.00723
1.01468
1.02006
1.01223
1.0033
1.06753
1.00006
1.0955
1.0093
1.00333
1.02968
1.07212
1.00796
1.04504
1.02076
1.04596
1.00059
1.00025
1.01731
1.00606
1.00013
1.00859
1.04398
1.01028
1.01276
1.01349
1.00187
1.05347
1.0052
1.00299
1.01135
1.01971
1.00012
1.00935
1.02755
1.01387
1.08564
1.00346
1.00097
1.01535
1.01088
1.03468
1.03007
1.00414
1.00153
1.1429
1.01224
1.01189
1.00586
1.00032
1.01777
1.04982
1.02011
1.0588
1.00481
1.01079
1.00364
1.03788
1.00066
1.04814
1.03946
1.00069
1.0114
1.00622
1.01099
0.999824
1.01244
1.02337
1.00644
1.01267
1.04125
1.01186
1.04852
1.00535
1.00619
1.12186
1.05283
1.14623
1.0162
1.05139
1.02041
1.01066
1.00246
1.017
1.03038
1.00337
1.0194
1.02497
1.00657
1.00165
1.00795
0.999936
1.00466
1.01339
1.00697
1.00223
0.99939
1.03256
1.01926
1.00819
1.02368
1.1114
1.02248
1.0042
1.01692
1.02873
1.01357
1.0073
1.10801
1.01409
1.06077
1.0038
1.00789
1.05997
1.02363
1.01035
1.00373
1.01514
1.00387
1.01052
1.07052
1.11496
1.07166
1.05823
1.02251
1.00745
1.02441
1.03799
1.00013
1.00696
1.02298
1.05526
0.999786
1.04928
1.00288
1.03622
1.0247
1.00366
1.02909
1.00145
1.01415
1.00365
1.01057
1.05751
1.01349
1.01111
1.15379
1.04006
1.00353
0.999318
1.10017
1.07493
1.07809
1.00771
1.00291
1.0221
1.05071
1.01139
0.99732
1.00056
1.00053
1.00699
1.02014
1.00985
1.03662
1.01463
1.0149
1.00464
1.00509
1.00296
1.00594
1.02008
1.01137
1.01178
1.00522
1.00123
1.04754
1.00665
1.00407
1.0057
1.02992
1.01151
1.06497
1.00292
1.01484
1.00272
1.02166
1.13906
1.04401
1.01099
1.0039
1.08337
1.06118
1.0339
1.0597
1.00344
1.03572
1.01223
1.08311
1.06244
1.00629
1.03389
1.01526
1.00377
1.01157
1.04394
1.05347
1.02552
1.00936
1.17682
1.00178
1.00162
1.01886
1.21093
1.00619
1.0296
1.00573
1.0238
1.01736
1.00658
1.03497
1.01254
1.00347
1.00334
1.00955
1.00829
1.0287
1.01869
1.03533
1.00186
1.0057
1.0326
1.01568
1.00635
1.00428
1.01486
1.01324
1.09004
1.11791
1.00235
1.00412
1.00666
1.00134
1.11957
1.00382
1.0051
1.00267
1.00971
1.00713
1.01971
1.06018
1.0131
1.0315
1.09815
1.00314
1.01023
1.0021
1.00391
1.00568
1.02782
1.01232
1.01162
1.01396
1.26581
1.00304
1.02154
1.0111
1.03378
1.0266
1.04173
1.00269
1.05866
1.004
1.05941
1.07653
1.01013
1.00707
1.00485
1.01192
1.03044
1.06104
1.0015
1.03867
1.00189
1.02198
1.00618
1.01174
1.00351
1.00424
1.03345
1.04921
1.03466
1.00578
1.00598
1.00592
1.06117
1.04076
1.00355
1.00078
1.06287
1.00071
1.00511
1.03097
1.13041
1.15234
1.07515
1.01057
1.00744
1.00128
1.03156
1.01505
1.00872
1.01065
1.02525
1.00752
1.00935
1.01327
1.00096
1.0069
1.00582
1.00925
1.05754
1.00564
1.01499
1.22017
1.0123
1.00445
1.14751
1.0684
1.04521
1.0116
1.01197
1.00175
1.0058
1.06608
1.00271
1.00427
1.00017
1.0048
1.00281
1.00898
1.01063
1.04585
1.01419
0.99788
1.00089
1.05623
1.12231
1.01554
0.998899
1.00293
1.0372
1.05023
1.0616
1.01042
1.06788
1.02629
0.998018
1.02951
1.02245
1.09203
1.01618
1.01033
1.00235
1.00295
1.09555
1.07435
1.02389
1.02489
1.02852
1.03493
1.00237
1.01128
1.0577
1.01143
1.02268
0.999006
1.02976
1.00282
1.02183
1.0154
1.0122
1.00426
1.01194
1.00487
1.08406
1.01303
1.02799
1.13112
1.0389
1.05599
1.00064
1.01958
1.00661
1.01546
1.00087
1.05381
1.01217
1.01412
1.00095
1.00778
1.01326
1.0177
1.14638
0.998921
1.04456
1.00782
1.05292
1.056
0.998066
1.02513
1.00551
1.00483
1.0168
1.00301
1.06708
1.03667
1.00663
1.07639
1.00789
1.01545
1.0956
0.999436
1.00301
1.00969
1.16107
1.02177
1.02933
1.01638
1.00855
1.01892
1.01594
1.07177
1.04197
1.03485
1.00641
1.02507
1.00279
1.00493
1.05629
1.00083
1.10712
1.04917
1.06182
1.00875
1.02557
1.00835
1.00718
1.06823
1.01201
1.02211
1.00896
1.00133
1.01001
1.01398
1.01809
1.14699
1.06995
1.07296
1.01593
1.0023
1.00685
1.01835
1.07671
1.00383
1.007
1.01139
1.01124
1.01121
1.01129
1.05378
1.01755
1.03013
1.00098
1.01936
1.02427
1.00345
1.0486
1.01223
1.01981
1.04507
1.07592
1.03718
1.04511
0.997026
1.00647
1.00307
1.00274
1.02809
1.00986
1.00542
1.0209
1.0066
1.05618
1.04275
1.01234
1.03726
1.01322
1.00001
1.04521
1.00782
1.10545
1.05077
1.02968
1.01104
1.00782
1.04783
1.01467
1.00514
1.01412
1.03512
1.0013
1.08528
1.00366
1.00034
1.00209
1.04371
1.00522
1.03499
1.0071
1.00696
1.06302
1.04064
1.00376
1.03462
1.01567
1.00059
1.00565
1.01265
1.0093
1.03456
1.01468
1.00771
1.00031
1.00438
1.01484
1.01457
1.00326
1.00201
1.00319
1.00115
1.01889
1.0028
1.09369
1.00506
1.10448
1.0033
0.999693
1.00752
1.00653
1.0147
1.00276
1.0111
1.02001
1.02219
1.02505
1.03293
0.99891
1.0224
1.04931
1.0026
1.01963
1.00343
1.00466
1.00547
1.01207
1.03459
1.04361
1.03734
1.02952
1.02336
1.13985
1.02032
1.00647
1.0862
1.01757
1.15389
1.00063
1.01959
1.00758
1.04139
1.00154
1.0064
1.00298
1.04754
1.00436
1.00951
1.00421
1.01549
1.01771
1.00175
1.01281
1.01288
1.06242
1.00348
1.00201
1.01531
1.08613
1.0245
1.0015
1.0076
1.02232
1.02397
1.00176
1.0048
1.04208
1.01302
1.00757
1.00308
1.01065
1.03779
1.01382
1.02153
1.00522
1.01096
1.0319
1.17782
1.34207
1.54286
1.35514
1.70218
1.35112
1.58107
1.33726
1.43665
1.63628
1.73709
1.62384
2.04622
1.48427
1.071
1.59821
1.46872
1.49463
1.20441
1.32095
1.59856
1.27265
1.06736
1.98132
1.20317
2.23463
1.33609
1.38082
1.76633
1.97651
1.67022
1.30916
1.40073
1.5016
1.52092
1.61803
1.59394
1.67445
1.75045
1.92224
1.38608
1.46131
1.76417
1.61839
1.01593
1.5116
2.03573
1.4815
1.28379
1.1556
1.52131
1.39138
1.2072
1.49139
1.89539
1.18703
1.41575
1.29672
1.17205
1.43957
1.44729
1.21513
1.17075
1.30403
1.62424
1.56513
1.87889
1.52641
1.80587
2.03173
1.94348
1.21313
1.31866
1.78837
1.17488
1.38492
1.06241
1.47382
1.13528
1.18155
1.5279
1.51175
1.30818
1.3359
1.44158
1.83166
1.06522
1.86848
1.73299
1.31614
1.03889
1.39267
2.0964
1.20567
1.92159
1.51987
1.59232
1.86426
1.67648
1.62275
1.47515
1.74524
1.39245
2.36141
1.68807
2.43957
1.24034
1.40342
1.4111
1.42182
1.36682
1.34102
1.55548
1.79795
1.44015
1.44334
1.89443
1.84177
1.41411
1.18742
1.58888
2.21019
1.31934
1.43162
1.28738
1.25813
1.78293
1.51743
1.18935
1.30973
1.17688
1.80251
1.8985
1.42381
1.69146
1.489
1.38499
1.11654
1.38156
2.13446
1.27244
1.83145
1.39592
1.43509
1.49072
1.31449
1.27599
1.76304
1.89176
1.51885
1.40186
1.77011
1.23903
1.29589
1.17206
1.16321
1.21724
1.3679
1.75865
1.44961
1.17014
1.351
1.42016
1.47054
1.22301
1.22672
1.48722
1.22741
1.5029
1.43155
1.33326
1.81863
1.90297
1.9129
1.95258
1.65189
1.04614
1.28888
1.52982
1.67137
1.46651
1.54136
1.9146
1.77159
1.4746
1.42893
1.31514
1.45507
1.29746
1.79662
1.46849
1.49964
2.01929
1.94478
1.72943
1.68018
1.2244
1.19926
1.39164
1.73509
1.80523
1.77618
1.62719
2.25775
1.40057
1.4053
1.28795
1.87976
1.8984
1.68622
1.4943
1.88034
1.19892
2.14277
1.09095
1.87803
2.47293
1.3511
1.28262
1.19586
1.61636
1.171
1.08446
1.72853
1.43684
1.21243
1.73516
1.11405
1.80368
1.58812
1.56631
1.43208
1.52434
1.53327
1.54842
1.6661
1.10728
1.52757
1.44568
1.87539
1.25967
1.35509
1.46911
1.28455
1.28045
1.22562
1.41364
1.36543
1.82018
1.63659
1.46464
1.53823
1.94044
1.32349
1.13467
1.48393
1.72194
1.30377
1.0488
1.02467
2.23825
1.26164
1.03633
1.80654
1.06543
1.51453
2.01543
1.42934
1.3069
1.59783
1.39494
1.20703
1.42412
1.57201
1.9687
1.843
1.48372
1.79216
1.61828
1.37553
1.33369
1.32927
1.47219
1.78808
1.88963
1.36556
1.74945
1.41702
2.1238
1.35771
1.35137
1.76157
1.55882
1.59068
1.22894
1.37027
1.57559
1.15733
1.57436
1.14106
1.47549
1.18758
1.56188
1.79884
1.24325
1.6491
1.2379
1.33374
1.42376
1.30454
1.1832
1.60794
1.0931
1.48065
1.56174
1.75888
1.35907
1.26457
1.58992
1.34188
1.38897
1.75671
1.21819
2.15902
1.27068
1.2799
1.6679
2.30578
1.47611
1.68103
1.96261
1.82068
1.48148
1.34398
1.21161
1.18543
1.47994
1.24484
1.41991
1.89843
1.33214
1.61058
1.33653
1.36934
1.32538
1.30178
1.52925
1.56803
1.22973
1.44586
1.34797
1.35706
1.29304
1.43712
1.33143
1.77134
1.65439
1.5399
1.35066
1.52082
2.02832
1.51007
1.59253
1.38568
1.32644
1.62322
1.16314
1.38086
1.29245
1.65882
1.33287
1.26716
1.25849
1.13391
1.32805
1.34223
1.9439
1.46055
1.10893
1.29169
1.19804
1.52574
1.60995
1.9111
1.33694
1.2307
1.29981
2.24711
1.71498
1.57788
1.02254
1.38474
1.2089
1.65935
1.32591
1.36701
1.66555
2.15279
1.76947
1.55004
1.12139
1.01112
1.39815
1.33035
1.34765
2.45146
1.26137
1.601
1.28754
1.59306
1.48507
1.25062
1.56088
2.51362
1.44185
1.56846
1.01272
1.09364
1.33852
1.16454
1.80575
1.49944
1.48475
1.19629
1.6848
1.1361
1.35002
1.37954
1.32857
2.08603
1.37936
1.37655
1.28756
1.60785
1.47195
1.28967
1.25396
1.81557
1.22897
1.78878
1.08031
1.70232
1.0787
2.99116
1.60022
1.48476
1.41682
1.70871
1.71591
1.66258
1.26716
2.28854
1.14233
1.64905
1.45829
1.32187
1.57835
1.28433
1.20371
1.75549
1.55523
1.68997
1.1967
1.3677
1.73839
1.41879
1.38565
1.62139
1.21209
1.75346
1.48017
1.896
1.32948
1.83162
1.90101
1.17192
1.76181
1.13659
1.85597
1.16363
1.05198
2.03003
1.25616
1.63659
1.54291
1.5309
1.74041
1.47546
1.19818
1.72286
1.68893
1.10985
1.58576
1.36676
1.54082
1.75336
1.80798
1.77808
1.5406
1.51569
1.2516
1.32883
1.48035
1.34661
1.77149
1.44051
1.79732
1.62788
1.93536
1.27085
1.36829
1.28532
1.36168
1.76217
1.71988
1.30859
1.16881
1.78649
1.60369
1.6314
1.3315
1.28492
1.53943
1.52905
1.606
1.1845
1.45506
1.72285
1.7448
1.44185
1.43939
1.89725
1.43714
1.16165
1.98973
1.31813
1.41065
2.24434
1.59904
1.44395
1.56059
1.70135
1.17417
1.16302
1.23935
1.2309
1.48961
1.18103
1.85343
1.85764
1.72538
1.31643
1.32014
2.09914
1.8334
1.22228
1.24013
1.75041
1.36879
1.35402
1.47208
1.28995
1.57883
1.28089
1.64734
1.37604
1.58701
1.1527
1.48675
1.30755
1.59794
1.64027
1.45058
1.54813
1.34397
1.36819
1.45323
1.70053
1.43028
1.27406
1.34018
1.88979
1.56565
1.42277
2.07508
1.91355
1.99314
1.48342
1.69184
1.59531
1.67099
1.75565
2.60474
1.29921
1.34598
1.16429
1.49667
1.5837
1.35293
1.42002
1.3172
1.08428
1.19674
1.41876
1.49455
1.24405
1.16321
1.61349
1.28141
1.42259
1.93574
1.35516
1.36755
1.04174
1.45723
2.85898
1.78972
1.52179
1.17761
1.51397
1.59774
1.35751
1.49967
1.42686
1.21579
1.12408
1.07183
1.53986
1.43247
1.26366
1.80609
1.47707
1.55672
1.35957
1.37506
1.36495
1.21314
1.80524
1.15284
1.39839
1.20309
1.42304
1.4309
1.37332
1.70201
1.48344
1.32237
2.0132
1.42898
1.69814
1.38498
2.26815
1.10335
1.52012
1.74792
1.38588
1.29538
1.87068
1.40475
1.62847
1.76996
1.2382
1.15609
1.26966
1.54369
1.29654
1.60112
1.13116
1.55801
1.36584
1.19728
1.21781
2.09383
2.28035
1.37418
1.51731
1.27611
1.45842
1.10022
1.89305
1.20937
2.02931
1.02061
1.49203
1.27929
1.51985
1.15353
1.56182
2.41626
1.4264
2.04215
1.33677
1.92413
1.51802
1.66375
1.46582
1.79437
2.21557
1.74682
1.684
1.76827
1.20873
1.05702
1.35293
1.714
2.24209
1.11249
1.48475
1.80212
1.20636
1.68331
1.85199
1.27322
1.41755
1.21979
1.8625
1.32586
1.43829
1.61622
1.27172
1.52245
1.17975
1.23855
1.26971
1.78886
1.81637
1.46174
1.70025
1.27659
1.42972
1.53783
1.58923
1.65414
1.57407
2.08741
1.32537
1.56826
1.37492
1.3586
1.73343
1.81876
1.30828
1.27238
2.12586
1.29514
1.83976
1.9665
1.50068
1.39917
1.2573
1.76996
1.22436
1.206
1.24752
1.72515
1.23164
1.4529
1.46601
1.43771
1.62056
1.26942
1.45939
1.12359
1.89164
1.7238
1.48078
1.53404
1.17285
1.08177
1.2339
1.83708
1.56624
1.91588
2.02626
2.48279
1.29449
1.42745
1.3009
1.24789
1.82227
1.49735
1.59819
1.15913
1.25879
1.22148
1.32765
1.17511
1.4802
1.31482
1.42262
1.42263
1.72793
1.53192
1.51827
1.21404
1.32111
1.4427
1.39291
1.67229
1.4575
1.39861
1.59775
1.71618
1.3621
1.5496
1.4946
1.1674
1.49391
2.18603
1.49527
1.52216
1.72045
1.41901
1.32164
2.07222
1.57055
1.35554
1.27731
1.4474
1.14158
2.33051
1.29969
1.25384
1.54707
1.1628
1.4658
1.24833
1.48618
1.31495
2.61886
1.17949
1.88065
1.56789
1.63336
1.25552
1.2766
1.62928
1.56352
1.32262
1.79959
1.80926
1.30698
1.63643
1.29211
1.28553
1.41817
1.47686
1.37221
1.74165
1.30754
2.07972
1.59503
1.57412
1.56305
2.02727
1.57853
1.71068
1.30272
1.47255
1.48687
1.87657
1.18143
1.82153
1.30645
1.34939
1.53533
1.47531
2.28798
1.31254
1.24641
1.85526
1.31734
1.64955
1.92017
2.0803
1.2384
1.17539
1.33953
1.53546
1.32276
1.31914
1.39097
1.3783
1.39037
1.60366
2.10226
1.36809
1.91311
1.46592
1.3401
1.58712
2.19212
1.42675
1.47735
3.14024
1.32204
1.99334
1.71126
2.31884
1.47223
1.63431
1.37397
1.44608
1.12734
1.27151
1.39865
1.9838
1.70618
1.22088
1.85819
1.70956
1.19206
1.59796
1.31887
1.86192
1.17312
1.70805
1.52323
1.32197
1.51557
1.49575
1.33567
1.19171
1.87743
1.3375
1.14966
1.46832
1.83386
1.43731
1.37255
1.40491
1.1024
1.64835
1.73425
1.9632
1.77284
1.83213
1.83727
2.06889
1.61828
1.21104
1.47638
1.1734
1.30233
1.54893
1.24604
1.49832
1.13923
1.96896
1.99972
1.72487
1.38093
1.3939
1.61322
2.02887
2.07908
1.3835
1.92425
1.39324
1.97227
1.60388
1.22834
1.84135
1.7782
1.52528
1.28385
1.37829
1.15397
1.89296
1.26321
1.22907
1.48382
1.17396
1.79528
1.22357
1.90882
1.2249
1.29564
1.30471
1.31674
1.38783
1.51796
1.32367
1.09667
2.08356
1.85593
2.00017
1.32573
1.29637
1.56061
1.28043
1.52682
1.40587
1.76157
1.35102
1.6773
1.52463
1.2026
1.54878
1.39855
657755000.0
311192000.0
195276000.0
355225000.0
150988000.0
363462000.0
233022000.0
383011000.0
254144000.0
243366000.0
194380000.0
309536000.0
234034000.0
191659000.0
681686000.0
271314000.0
295695000.0
241937000.0
596496000.0
418517000.0
279705000.0
493955000.0
676137000.0
140325000.0
238924000.0
244150000.0
248604000.0
217187000.0
235141000.0
278015000.0
182258000.0
308697000.0
298969000.0
267422000.0
219690000.0
178272000.0
269132000.0
199824000.0
312722000.0
218560000.0
207541000.0
444563000.0
209831000.0
336944000.0
819488000.0
222582000.0
171245000.0
266275000.0
186524000.0
699104000.0
231959000.0
364406000.0
435097000.0
245604000.0
216812000.0
643802000.0
230719000.0
477750000.0
496022000.0
341690000.0
190672000.0
269763000.0
452883000.0
298032000.0
192207000.0
309046000.0
230385000.0
320454000.0
182124000.0
153299000.0
173540000.0
324785000.0
262788000.0
166529000.0
495735000.0
304764000.0
691499000.0
287683000.0
350266000.0
440645000.0
159896000.0
243696000.0
297673000.0
297848000.0
325947000.0
197200000.0
582142000.0
152823000.0
157422000.0
407518000.0
802571000.0
334409000.0
155065000.0
613345000.0
184973000.0
255592000.0
174200000.0
149700000.0
312986000.0
205272000.0
213494000.0
239299000.0
349269000.0
170800000.0
173690000.0
148020000.0
345247000.0
275251000.0
448816000.0
290926000.0
263619000.0
281607000.0
212188000.0
278313000.0
270587000.0
311013000.0
264099000.0
257597000.0
257277000.0
455094000.0
183053000.0
143978000.0
254756000.0
289775000.0
372660000.0
374542000.0
160505000.0
340753000.0
492881000.0
342925000.0
290624000.0
180803000.0
153499000.0
279578000.0
176283000.0
274242000.0
251437000.0
715900000.0
250667000.0
146905000.0
393091000.0
181468000.0
315684000.0
377141000.0
370166000.0
538701000.0
357087000.0
210510000.0
186577000.0
321249000.0
239988000.0
228227000.0
330623000.0
472926000.0
477338000.0
444567000.0
310497000.0
362083000.0
214443000.0
267988000.0
386314000.0
288583000.0
264478000.0
253501000.0
598012000.0
594049000.0
282433000.0
558631000.0
203806000.0
298128000.0
222372000.0
203748000.0
204483000.0
181507000.0
166343000.0
190700000.0
505150000.0
449755000.0
195353000.0
265419000.0
357750000.0
294560000.0
242878000.0
183203000.0
254833000.0
334467000.0
234930000.0
312349000.0
428563000.0
175586000.0
243135000.0
218178000.0
201924000.0
216909000.0
186250000.0
195209000.0
571207000.0
536482000.0
371951000.0
201920000.0
231346000.0
168971000.0
263797000.0
180366000.0
399587000.0
329008000.0
316560000.0
173732000.0
197231000.0
288578000.0
181413000.0
274873000.0
512164000.0
169990000.0
631531000.0
298159000.0
216030000.0
354048000.0
439511000.0
491525000.0
266388000.0
686732000.0
778753000.0
292280000.0
193870000.0
410550000.0
186003000.0
668868000.0
174762000.0
201919000.0
181987000.0
202037000.0
280594000.0
338775000.0
236006000.0
195032000.0
692738000.0
308755000.0
378150000.0
175971000.0
581983000.0
417716000.0
356678000.0
494124000.0
391332000.0
391013000.0
227836000.0
284104000.0
202941000.0
231870000.0
323205000.0
286669000.0
174404000.0
202277000.0
592805000.0
262615000.0
321847000.0
316612000.0
753254000.0
680606000.0
206445000.0
424277000.0
654106000.0
222381000.0
682802000.0
225146000.0
304089000.0
256956000.0
212842000.0
225342000.0
216883000.0
271167000.0
361356000.0
219282000.0
187611000.0
249755000.0
240323000.0
273383000.0
311230000.0
381539000.0
243308000.0
268049000.0
316011000.0
210016000.0
188363000.0
237619000.0
198077000.0
463907000.0
152762000.0
391374000.0
475579000.0
155654000.0
234784000.0
277313000.0
551849000.0
461130000.0
172020000.0
615386000.0
321094000.0
493399000.0
211566000.0
590823000.0
273748000.0
173620000.0
524885000.0
211761000.0
519585000.0
235747000.0
224580000.0
301039000.0
490584000.0
279289000.0
659267000.0
230550000.0
287959000.0
196158000.0
243257000.0
390533000.0
303883000.0
331033000.0
230189000.0
221193000.0
480979000.0
162490000.0
439407000.0
414991000.0
169649000.0
187392000.0
255380000.0
162434000.0
164497000.0
172245000.0
238110000.0
336838000.0
437541000.0
629629000.0
274856000.0
466498000.0
212185000.0
289307000.0
474906000.0
261513000.0
340090000.0
265561000.0
372387000.0
286479000.0
328006000.0
232158000.0
240471000.0
316525000.0
354672000.0
373395000.0
419291000.0
386784000.0
272836000.0
239230000.0
199597000.0
180787000.0
390513000.0
267191000.0
237211000.0
297064000.0
208654000.0
370044000.0
412251000.0
234820000.0
609196000.0
255728000.0
466709000.0
249424000.0
244226000.0
490181000.0
478377000.0
641059000.0
290738000.0
259253000.0
262092000.0
254560000.0
482981000.0
464927000.0
462927000.0
306265000.0
210810000.0
189702000.0
357527000.0
516088000.0
368237000.0
169186000.0
216794000.0
277796000.0
776083000.0
306174000.0
485381000.0
308189000.0
255250000.0
282553000.0
297429000.0
159045000.0
209313000.0
239590000.0
637649000.0
756865000.0
318219000.0
351730000.0
209047000.0
184059000.0
370322000.0
241600000.0
438091000.0
331210000.0
373113000.0
364793000.0
319070000.0
174805000.0
201385000.0
315228000.0
860501000.0
685641000.0
322913000.0
523119000.0
278092000.0
306181000.0
210502000.0
457670000.0
228698000.0
315632000.0
296401000.0
444282000.0
399084000.0
184526000.0
318956000.0
253443000.0
437338000.0
292697000.0
272915000.0
331162000.0
387613000.0
230274000.0
547924000.0
158946000.0
676810000.0
182257000.0
756853000.0
168201000.0
290453000.0
398172000.0
446509000.0
243428000.0
199234000.0
346188000.0
309475000.0
197282000.0
613869000.0
313993000.0
344807000.0
315870000.0
219973000.0
433958000.0
534401000.0
178053000.0
275672000.0
250483000.0
555569000.0
228785000.0
190528000.0
299919000.0
224118000.0
205926000.0
223864000.0
249300000.0
325288000.0
171783000.0
438261000.0
216503000.0
160509000.0
595250000.0
178261000.0
526983000.0
175149000.0
642819000.0
723712000.0
147275000.0
465147000.0
316654000.0
253757000.0
275252000.0
214336000.0
291587000.0
383170000.0
260062000.0
159093000.0
548503000.0
230652000.0
305355000.0
296395000.0
236143000.0
295601000.0
229172000.0
281795000.0
292198000.0
430993000.0
401778000.0
295051000.0
424947000.0
216040000.0
333772000.0
285202000.0
255560000.0
173296000.0
579155000.0
241302000.0
396238000.0
538213000.0
177547000.0
157786000.0
338517000.0
506918000.0
194772000.0
226689000.0
244575000.0
307514000.0
285894000.0
229267000.0
296588000.0
199912000.0
590371000.0
178086000.0
216771000.0
184137000.0
401967000.0
287570000.0
160969000.0
315557000.0
523359000.0
239135000.0
258974000.0
200390000.0
175985000.0
256507000.0
305439000.0
323148000.0
241630000.0
460231000.0
662769000.0
561901000.0
598071000.0
216230000.0
606042000.0
246506000.0
243434000.0
241970000.0
283449000.0
295440000.0
150330000.0
179901000.0
513921000.0
521223000.0
180644000.0
450493000.0
472938000.0
189836000.0
441907000.0
230114000.0
450865000.0
196669000.0
339724000.0
339033000.0
529701000.0
190889000.0
444516000.0
254876000.0
275102000.0
298626000.0
235682000.0
351082000.0
397440000.0
374426000.0
314296000.0
275402000.0
417127000.0
367650000.0
238173000.0
204022000.0
380328000.0
239402000.0
136210000.0
295083000.0
442220000.0
187192000.0
218328000.0
262160000.0
188837000.0
188238000.0
250837000.0
377571000.0
663427000.0
287355000.0
238695000.0
268033000.0
391061000.0
475845000.0
456501000.0
480461000.0
263213000.0
298610000.0
489294000.0
580733000.0
355933000.0
483084000.0
200418000.0
303890000.0
263237000.0
357753000.0
825226000.0
189532000.0
173738000.0
177200000.0
290316000.0
570668000.0
187953000.0
298556000.0
216091000.0
155802000.0
358499000.0
399361000.0
646080000.0
736309000.0
263114000.0
253672000.0
342254000.0
305154000.0
200032000.0
236100000.0
290767000.0
269819000.0
298382000.0
313262000.0
181234000.0
655264000.0
382265000.0
519390000.0
313540000.0
460102000.0
234378000.0
192147000.0
366299000.0
185387000.0
214014000.0
230032000.0
323087000.0
246897000.0
237419000.0
496222000.0
361341000.0
182302000.0
310666000.0
284092000.0
189894000.0
319390000.0
210655000.0
247108000.0
502793000.0
576814000.0
296160000.0
409193000.0
393591000.0
240326000.0
526681000.0
260990000.0
284590000.0
600630000.0
407122000.0
151165000.0
175899000.0
332457000.0
342375000.0
216620000.0
328120000.0
627111000.0
185214000.0
416257000.0
148493000.0
764860000.0
285959000.0
337932000.0
307858000.0
320910000.0
258132000.0
156752000.0
280000000.0
183129000.0
306230000.0
299108000.0
280750000.0
228994000.0
205557000.0
188953000.0
182339000.0
239096000.0
259356000.0
179652000.0
553317000.0
641269000.0
353070000.0
317768000.0
152525000.0
578352000.0
279610000.0
242611000.0
532920000.0
183640000.0
203107000.0
247061000.0
360078000.0
513847000.0
159797000.0
354893000.0
257936000.0
249636000.0
516441000.0
214506000.0
541915000.0
320778000.0
245014000.0
326302000.0
209515000.0
283341000.0
289393000.0
492291000.0
334150000.0
329921000.0
244008000.0
211035000.0
214978000.0
145551000.0
335379000.0
198437000.0
278180000.0
260198000.0
289669000.0
145723000.0
390370000.0
456192000.0
159855000.0
340690000.0
220972000.0
239258000.0
264615000.0
397375000.0
283046000.0
206625000.0
450890000.0
435612000.0
345052000.0
264354000.0
651121000.0
285058000.0
327761000.0
262590000.0
171328000.0
405579000.0
326560000.0
714097000.0
159020000.0
224562000.0
172844000.0
185201000.0
588452000.0
755981000.0
253515000.0
178154000.0
289915000.0
173475000.0
140480000.0
149205000.0
331727000.0
330804000.0
303049000.0
476612000.0
281035000.0
365648000.0
450386000.0
634451000.0
397684000.0
328854000.0
453616000.0
529705000.0
212181000.0
390005000.0
378392000.0
406649000.0
192155000.0
308645000.0
436774000.0
443161000.0
342298000.0
397275000.0
237079000.0
239806000.0
284890000.0
331672000.0
273043000.0
250249000.0
268426000.0
213662000.0
320819000.0
454579000.0
295501000.0
146130000.0
234506000.0
228806000.0
160910000.0
296326000.0
346583000.0
210635000.0
207621000.0
322436000.0
417980000.0
199889000.0
637039000.0
158780000.0
303909000.0
516777000.0
206243000.0
428766000.0
241186000.0
405020000.0
299365000.0
273658000.0
173357000.0
558949000.0
175151000.0
202168000.0
272338000.0
341762000.0
192106000.0
194679000.0
237374000.0
248568000.0
146974000.0
180434000.0
264770000.0
336345000.0
474669000.0
344215000.0
303573000.0
342299000.0
338417000.0
303226000.0
459603000.0
159556000.0
301901000.0
222311000.0
241619000.0
186498000.0
272160000.0
199240000.0
343883000.0
272867000.0
225753000.0
226679000.0
452383000.0
220595000.0
376708000.0
320017000.0
291702000.0
323212000.0
180960000.0
270984000.0
407008000.0
179992000.0
392342000.0
171930000.0
159973000.0
178911000.0
508235000.0
497224000.0
264054000.0
201594000.0
400224000.0
199892000.0
182664000.0
318731000.0
465859000.0
212195000.0
170835000.0
216939000.0
200033000.0
365508000.0
254919000.0
324445000.0
234427000.0
273759000.0
257336000.0
153580000.0
376900000.0
165370000.0
176085000.0
155633000.0
237957000.0
218045000.0
410449000.0
424938000.0
587757000.0
330298000.0
270959000.0
180178000.0
211505000.0
396800000.0
242739000.0
163273000.0
541938000.0
221437000.0
249294000.0
237610000.0
457959000.0
274837000.0
195061000.0
292868000.0
232144000.0
213373000.0
233223000.0
308226000.0
187737000.0
309907000.0
514730000.0
234591000.0
225695000.0
223479000.0
237351000.0
284766000.0
553343000.0
241023000.0
371065000.0
181177000.0
186410000.0
326534000.0
189622000.0
195557000.0
320123000.0
500904000.0
375606000.0
466151000.0
215339000.0
325620000.0
285969000.0
230624000.0
521573000.0
181295000.0
205890000.0
195903000.0
342726000.0
294341000.0
255014000.0
264604000.0
179416000.0
262984000.0
195115000.0
218067000.0
156433000.0
213887000.0
276947000.0
160502000.0
217143000.0
269814000.0
449738000.0
339324000.0
572305000.0
238964000.0
522183000.0
484580000.0
198800000.0
630474000.0
222907000.0
518343000.0
204618000.0
444100000.0
304429000.0
414552000.0
449388000.0
217891000.0
211207000.0
398136000.0
745574000.0
187061000.0
199162000.0
169107000.0
335255000.0
500917000.0
247211000.0
450970000.0
271061000.0
256594000.0
172579000.0
203876000.0
162942000.0
250618000.0
489067000.0
189245000.0
313981000.0
