1.00097
1.00987
1.02961
1.02496
1.02048
1.01711
1.05051
1.03195
1.02571
1.01166
1.01378
1.01886
1.00481
1.02289
1.19511
1.07577
1.09215
1.02247
1.03418
1.02776
1.03126
1.01735
1.0423
1.00828
1.02859
1.00122
1.03774
1.09083
1.05308
1.02283
1.00547
1.00406
1.08217
1.04854
1.01865
1.00864
1.03131
1.02867
1.00352
1.0111
1.01576
1.24085
0.998497
1.02171
1.02929
1.04811
1.03274
1.01984
1.13017
1.15166
1.026
1.2024
1.02235
1.00841
1.02867
1.03289
1.00482
1.03059
1.02699
1.02262
1.02138
1.00826
1.2202
1.01852
1.17693
1.04162
1.01892
1.05923
1.02748
1.03258
1.08895
1.06954
1.02923
1.03732
1.01629
1.04815
1.00806
1.08412
1.01464
1.02567
1.0061
1.00409
1.0213
1.02044
1.02419
1.19219
1.02378
1.16104
1.02459
1.04471
1.02799
1.02045
1.03872
1.0836
1.16583
0.999665
1.07771
1.02597
1.01426
1.01607
1.01419
1.06191
1.06638
1.025
1.0273
1.13176
1.0522
1.01336
1.00075
1.03595
1.03514
1.03597
1.02832
1.0325
1.03103
1.03392
1.01635
1.01622
0.999474
1.04004
1.01571
1.01792
1.0097
1.03206
1.06987
1.02434
1.02295
1.0862
1.02778
1.05994
1.03562
1.03017
1.03016
1.23006
1.02843
1.02989
1.00265
1.03359
1.02999
1.04426
1.00543
1.01088
1.02289
1.00597
1.08852
1.01954
1.00886
1.02317
1.02643
1.03065
1.01027
1.05996
1.02741
1.07513
1.07963
1.07281
1.02045
1.01592
1.03159
1.02662
1.01629
1.03083
1.07806
1.02794
1.02503
1.01523
1.06485
1.02842
1.03718
1.06167
1.03018
0.999785
1.09642
1.04196
1.03985
1.03082
1.02737
1.03908
1.04123
1.0239
1.0256
1.01744
1.01402
1.08559
1.02592
1.0132
1.0173
1.03033
1.01508
1.01847
1.03314
1.04481
1.02514
1.01819
0.997457
1.02904
1.02635
1.0286
1.02789
1.02495
1.00727
1.031
1.01872
1.00986
1.02481
1.01498
1.05499
1.02898
1.00771
1.03414
1.02448
1.0264
1.0419
1.02117
1.03578
1.02054
1.05237
1.03238
1.03969
1.01478
1.02721
1.01715
1.12506
1.03197
1.02023
1.02197
1.03506
1.01588
1.0307
1.03636
1.02765
1.02152
1.02949
0.999879
1.02829
1.23184
1.01237
1.01736
1.01967
1.00641
1.00719
1.01978
1.06122
1.0243
1.03874
1.03044
1.00878
1.03883
1.03002
1.02623
1.02684
1.03349
1.01208
1.0472
1.02426
1.02715
1.03947
1.12329
1.027
1.17156
1.06263
1.0262
1.0214
0.993954
1.06223
1.03987
1.02575
1.03022
1.07534
1.0025
1.04339
1.0225
1.02486
1.02767
1.0111
1.027
1.04918
1.01447
1.14799
1.0375
1.05585
1.02332
1.02227
1.02873
1.00381
1.0007
1.02822
1.02924
1.02854
1.08433
1.03524
1.02828
1.02559
1.05765
1.00687
1.03533
1.09223
1.04257
1.0667
1.0319
1.02594
1.03024
1.03333
1.01278
1.02174
1.0226
1.03005
1.02265
1.00941
1.01222
1.21356
1.03782
1.03031
1.02893
1.02218
1.02771
1.03685
1.04847
1.01844
1.01094
1.05583
1.02734
1.00594
1.1923
1.00684
1.14631
1.02633
1.01484
1.03558
1.01176
1.03567
1.19291
1.01613
1.12745
1.02921
1.05587
1.03723
1.0035
1.02055
1.11405
1.03216
1.00874
1.09373
1.0281
1.14384
1.01866
1.02711
1.03227
1.09394
1.03871
1.03003
1.02565
0.999391
1.02868
1.02405
1.00776
1.03512
1.00459
1.04771
1.0284
1.00803
1.04732
1.0224
1.03629
1.06094
1.01666
1.07244
1.05008
1.04807
1.01689
1.00668
1.01837
1.02687
1.00916
1.00312
1.00203
1.02126
1.02417
1.00385
1.01975
1.02096
1.0184
1.06519
1.02619
1.00499
1.00738
1.02332
1.0281
1.02675
1.02775
1.05296
1.02554
1.03614
1.01864
1.01317
1.01972
1.06839
1.02679
1.03488
1.02821
1.01921
1.03125
1.03116
1.0186
1.01276
1.01346
1.03044
1.13997
1.11627
1.03131
1.02811
1.00217
1.0023
1.02479
1.02048
1.05181
1.02019
1.0303
1.04074
1.06007
1.03365
1.00941
1.01722
1.03492
1.0395
1.00932
1.04453
1.02432
1.02758
1.03385
1.03807
1.0307
1.02818
1.02952
1.01902
0.99772
1.02095
1.02553
1.05793
1.01574
1.02018
1.10454
1.02093
1.03543
1.02977
1.08653
1.01159
1.01512
1.02738
1.01573
1.01934
1.07377
1.01209
1.00868
1.0516
1.03157
1.01712
1.05578
1.01708
1.03367
1.09006
1.02995
1.0127
1.02019
1.01125
1.01187
1.00978
1.01098
1.00607
1.01153
1.01551
1.0181
1.03157
1.02845
1.26042
1.01738
1.01058
1.01612
1.02751
1.01223
1.00364
1.20062
1.04377
1.02711
1.02445
1.00506
1.02417
1.06464
1.02034
1.06442
1.00896
1.01792
1.02794
1.03047
1.0145
1.03239
1.06242
1.0577
1.01258
1.04497
1.00117
1.03372
1.00041
1.07249
0.992579
1.02297
1.06883
1.05444
1.12735
1.02668
1.05725
1.0308
1.03846
1.01983
1.02478
1.09928
1.05146
1.02403
1.01244
1.19596
1.01453
1.02794
1.0276
1.02911
1.01807
1.0185
1.16196
1.02957
1.03467
1.0365
1.01579
1.04474
1.00705
1.03035
1.02322
1.00869
1.03621
1.07707
1.01453
1.11084
1.03905
1.03237
1.0247
1.08309
1.0293
1.03049
1.06229
1.03908
1.01647
1.04531
1.02904
1.03155
1.02101
1.0262
1.01726
1.02248
0.999276
1.02872
1.00367
1.01512
1.00485
1.07493
1.00398
1.00426
1.00915
1.21232
1.01943
1.18945
1.08115
1.01872
1.00567
1.04077
1.06367
1.04591
1.02915
1.03397
1.02689
1.00279
1.01568
1.01998
1.01192
1.0148
1.01211
1.01646
1.02493
1.02986
1.0105
1.01812
1.20689
1.05039
1.01531
1.02523
1.02759
1.01441
1.00288
1.00364
1.02424
1.02834
1.05325
1.01514
1.05499
1.00958
1.04979
1.01701
1.077
1.00396
1.02816
1.02942
1.06707
1.07366
1.00106
1.02436
1.02269
1.03758
1.03317
1.02145
1.0063
1.07823
1.05252
1.0461
1.2296
1.01107
1.04618
1.08026
1.01274
1.21538
1.00835
1.02653
1.0715
1.02703
1.25502
1.00598
1.06721
1.01909
1.00948
1.02435
1.026
1.0003
1.21506
0.999774
1.02978
1.02706
1.02535
1.03151
1.02782
1.00682
1.02465
1.03285
1.02412
1.01306
1.01433
1.03409
1.05395
1.01701
1.01094
1.03059
1.03281
1.06151
1.04437
1.03872
1.03827
1.012
1.02903
1.02055
1.0672
1.0256
1.02904
1.02945
1.00304
1.02235
1.02695
1.19305
1.11588
0.999252
1.01794
1.01279
1.00434
1.12674
1.00588
1.02695
1.02755
1.01345
1.03051
1.01792
1.03106
1.06194
1.01723
1.00975
1.02169
1.02056
1.02892
1.03486
1.03483
1.00551
1.02575
1.08191
1.01917
1.20521
1.02867
1.01694
1.02384
1.03416
1.06471
1.03801
1.00486
1.02989
1.0399
1.08856
1.00286
1.02878
1.03845
1.01109
1.01429
1.03641
1.14281
1.04547
1.03905
1.03265
1.08842
1.00143
1.00921
1.02542
1.02904
1.01199
1.05065
1.011
1.02421
1.0144
1.02178
1.02974
1.03357
0.996938
1.03471
1.02533
1.02105
1.01724
1.09104
1.21787
1.02522
1.03983
1.02791
1.04292
1.02788
1.03343
1.03473
1.07613
1.01488
1.02217
1.02335
1.01158
1.17477
1.2139
1.02628
1.02232
1.00571
1.03873
0.997407
1.02325
1.04661
1.01448
1.02563
1.01701
1.01111
1.00822
1.02905
1.02359
1.01859
1.02008
1.02012
1.02762
1.02835
1.02039
1.01849
1.04109
1.01701
1.20866
1.01145
1.02042
1.02725
1.01381
1.03686
1.03132
1.03466
1.09074
1.03658
1.0347
1.03061
1.04379
1.02805
1.1339
1.01955
1.03927
1.0217
1.00665
1.02106
1.0324
1.02148
1.01781
1.00333
1.04039
0.998966
1.03902
1.03918
1.02712
1.01108
1.0454
1.02278
1.09636
1.01814
1.01432
1.04599
1.01888
1.02606
1.08156
1.03734
1.00894
1.02619
1.03291
1.0223
1.02721
1.05579
1.01859
1.10632
1.02858
1.01775
1.0389
1
1.02571
1.02367
1.03689
1.01916
1.02906
1.00077
1.02795
1.02228
1.04521
1.01217
1.06776
1.02777
1.02772
1.03448
1.02476
0.998537
1.08102
1.03215
1.19078
1.07243
1.02335
1.18752
1.0631
1.02622
1.00243
1.11979
1.01436
1.03025
1.04547
1.04074
1.03143
1.06196
1.03755
1.00159
1.01679
1.03589
1.08579
1.05173
1.06182
0.996553
1.03467
1.07996
1.02202
1.04923
1.02312
1.00084
0.998457
1.0255
1.03448
1.01403
1.0154
1.01463
1.04598
1.06182
1.06347
1.00546
1.09812
1.19686
1.03309
1.02001
1.0354
1.04515
1.01665
1.03712
1.14321
1.01671
1.0106
1.00192
1.03198
1.00684
1.02514
1.02999
1.04008
1.03093
1.23047
1.0282
1.038
1.02377
1.0248
1.03531
1.00334
1.16507
1.01844
1.02406
1.02185
1.00974
1.01977
1.01877
1.03418
1.03271
1.03697
1.15276
1.11648
1.03038
1.01846
1.00985
1.02243
1.03383
1.00765
1.03508
1.05211
1.08693
1.01682
1.07289
1.02094
1.09133
1.0248
1.01921
1.00364
1.02194
1.0212
1.02804
1.02069
1.02302
1.02176
1.01901
1.03456
1.01826
1.04147
1.03718
1.07414
0.998186
1.03169
1.07049
1.07157
1.02725
1.03183
1.02234
1.09337
1.02382
1.0085
1.01615
1.03643
1.04508
1.0195
1.13985
1.01113
1.02928
1.03086
1.00468
1.01438
1.02665
1.01369
1.04323
1.02888
1.02692
1.0094
1.02458
1.0112
1.0261
0.999527
1.04506
1.01544
1.01723
1.02606
1.02924
1.03242
1.00151
1.02223
1.08755
1.2585
1.01109
1.03214
1.0238
1.0235
1.01702
1.02777
1.02245
1.02144
1.03465
1.07041
1.0001
1.01982
1.00268
1.52971
1.14197
1.20817
1.47927
1.44502
1.16739
1.09466
1.10159
1.01166
1.50599
1.0965
1.49946
1.03725
1.2683
1.10461
1.19296
1.35586
1.3345
1.54442
1.19645
1.07938
1.11886
1.08977
1.41321
1.4729
1.34319
1.31003
1.15174
1.08103
1.00547
1.0181
1.08217
1.09246
1.06468
1.4725
1.45152
1.02867
1.00352
1.01951
1.48312
1.95514
0.998497
1.48214
1.16818
1.0718
1.0864
1.08377
1.27447
1.44965
1.04755
1.4696
1.02235
1.03173
1.1541
1.05286
1.01218
1.13177
1.0743
1.27474
1.09291
1.40167
1.66889
1.10315
1.54812
1.04162
1.50286
1.12927
1.31177
1.20729
1.26521
1.18212
1.02923
1.24602
1.02586
1.14798
1.44199
1.19193
1.05576
1.1854
1.0157
1.00409
1.41707
1.36889
1.3187
1.62984
1.13549
1.5691
1.36679
1.21305
1.22606
1.02045
1.03872
1.20314
1.67341
0.999665
1.1526
1.32182
1.01426
1.10981
1.0032
1.09974
1.06638
1.39335
1.18265
1.42881
1.08787
1.05511
1.60165
1.20227
1.441
1.32002
1.16539
1.16654
1.03103
1.32614
1.44443
1.03497
0.999473
1.27225
1.07692
1.01792
1.55159
1.31154
1.06987
1.22923
1.52367
1.19558
1.13532
1.05994
1.22935
1.17539
1.24678
1.766
1.26165
1.33515
1.58181
1.35735
1.0707
1.04426
1.06096
1.01253
1.11589
1.01487
1.11906
1.183
1.00886
1.15719
1.1884
1.19858
1.01961
1.22052
1.32694
1.07513
1.20516
1.07281
1.02045
1.01592
1.18018
1.36618
1.42946
1.26214
1.20787
1.03289
1.23
1.05808
1.09357
1.02842
1.15243
1.2135
1.29595
0.999785
1.15922
1.08713
1.03985
1.37511
1.05197
1.03908
1.24212
1.3062
1.28319
1.03411
1.47812
1.17668
1.19843
1.01777
1.0173
1.03554
1.38397
1.41769
1.21108
1.04481
1.32074
1.06962
0.997457
1.24414
1.09155
1.16094
1.02789
1.04514
1.00727
1.17445
1.41097
1.04316
1.15567
1.39457
1.15339
1.02898
1.00771
1.28225
1.09692
1.0264
1.3133
1.12429
1.29081
1.03513
1.08425
1.19195
1.10437
1.06859
1.03114
1.27098
1.26813
1.25444
1.02023
1.05446
1.31438
1.05133
1.29275
1.21096
1.23634
1.39347
1.2066
1.00515
1.24052
1.84934
1.01237
1.29009
1.48443
1.00641
1.509
1.39104
1.1148
1.21779
1.08912
1.18935
1.01665
1.04211
1.21346
1.11966
1.20735
1.31579
1.40995
1.0472
1.26039
1.27816
1.23617
1.3414
1.11519
1.50916
1.06263
1.0262
1.40587
0.993954
1.06223
1.2883
1.24257
1.42765
1.07534
1.0025
1.04339
1.16825
1.04544
1.30694
1.07658
1.05906
1.18057
1.55971
1.30122
1.0375
1.20076
1.43613
1.35749
1.47429
1.0088
1.00177
1.13306
1.18494
1.03554
1.14824
1.23269
1.20926
1.39299
1.09428
1.51579
1.168
1.14815
1.04257
1.27489
1.30907
1.2235
1.14289
1.21571
1.01278
1.28
1.09297
1.103
1.4122
1.04253
1.04025
1.6363
1.03782
1.39597
1.26549
1.05051
1.14792
1.19988
1.11286
1.08411
1.06082
1.05583
1.12281
1.00594
1.78762
1.00684
1.8857
1.34295
1.05156
1.2918
1.44334
1.21284
1.43711
1.55116
1.25492
1.28043
1.07943
1.03723
1.0035
1.06235
1.31139
1.03216
1.01645
1.09373
1.31214
1.33227
1.03112
1.2556
1.03227
1.10273
1.06165
1.16787
1.37151
0.999391
1.28553
1.44467
1.00776
1.24563
1.00459
1.06751
1.46315
1.00803
1.55587
1.35274
1.28232
1.15426
1.36777
1.11305
1.22827
1.06285
1.45989
1.44969
1.42918
1.02687
1.05536
1.02038
1.00203
1.1676
1.43737
1.00385
1.01975
1.24339
1.04096
1.13769
1.4104
1.00499
1.00738
1.28963
1.25546
1.08427
1.03557
1.07375
1.32007
1.21828
1.28325
1.04924
1.01972
1.06839
1.15831
1.21749
1.35033
1.06005
1.22891
1.18957
1.13465
1.07104
1.1056
1.37775
1.07363
1.39757
1.10983
1.45765
1.00217
1.0023
1.25758
1.06722
1.05181
1.31039
1.20182
1.04677
1.12308
1.1801
1.01231
1.40709
1.03492
1.0395
1.00932
1.07729
1.1276
1.07755
1.15931
1.20317
1.33905
1.40516
1.24682
1.57219
0.99772
1.04261
1.27522
1.05793
1.3877
1.38557
1.26928
1.32928
1.38709
1.19318
1.08653
1.47268
1.46872
1.302
1.44279
1.37645
1.27177
1.43037
1.00885
1.20307
1.24328
1.46626
1.17051
1.01708
1.24809
1.11273
1.25187
1.0127
1.06836
1.59753
1.44624
1.00978
1.07
1.00607
1.01153
1.01979
1.45738
1.17532
1.24925
1.77657
1.0391
1.02016
1.017
1.1838
1.33804
1.00364
1.74701
1.04377
1.13618
1.37298
1.50556
1.17713
1.06813
1.16886
1.16981
1.00896
1.16447
1.4095
1.07751
1.0145
1.1637
1.06242
1.16858
1.01305
1.05909
1.00117
1.25915
1.00041
1.08602
0.992579
1.30528
1.08885
1.07253
1.88319
1.23084
1.12007
1.12492
1.07205
1.46735
1.25745
1.10398
1.05146
1.29538
1.03509
1.31431
1.46421
1.15253
1.09394
1.25215
1.18956
1.37628
1.35535
1.19356
1.26029
1.34299
1.33345
1.17944
1.00705
1.36225
1.20844
1.00869
1.27716
1.07892
1.07155
1.33376
1.30195
1.19291
1.39373
1.19674
1.29662
1.10672
1.06229
1.04649
1.07915
1.0495
1.52266
1.37491
1.11114
1.52637
1.01726
1.33462
0.999276
1.36102
1.59522
1.50203
1.01441
1.07493
1.00398
1.00426
1.48579
1.48941
1.1771
1.27595
1.08115
1.38429
1.53816
1.11367
1.17765
1.04591
1.29323
1.04429
1.07343
1.00279
1.02918
1.18541
1.01192
1.42687
1.53907
1.02705
1.14709
1.23665
1.04253
1.07897
1.61532
1.10271
1.04794
1.03866
1.35205
1.0831
1.00288
1.02327
1.02424
1.15951
1.14445
1.02566
1.05499
1.13295
1.04979
1.3657
1.1578
1.03589
1.21216
1.24487
1.07979
1.07366
1.00106
1.34192
1.2179
1.25881
1.17882
1.04005
1.01125
1.14575
1.11417
1.08181
1.83972
1.06117
1.25337
1.09176
1.5129
1.59087
1.04002
1.31066
1.13556
1.16481
1.52662
1.00598
1.06721
1.41657
1.00948
1.31597
1.28519
1.0003
1.51759
1.0012
1.31963
1.02706
1.12183
1.03151
1.15805
1.00682
1.44836
1.392
1.3994
1.03131
1.4001
1.18333
1.06474
1.35855
1.06297
1.24597
1.30955
1.19058
1.04437
1.30333
1.04166
1.012
1.02903
1.40779
1.18151
1.35604
1.26141
1.3066
1.00304
1.39744
1.26043
1.74317
1.11588
0.999252
1.32416
1.06945
1.01026
1.16707
1.00588
1.17621
1.29846
1.37984
1.23935
1.42502
1.03934
1.07288
1.44579
1.50229
1.37699
1.39335
1.05891
1.18338
1.26684
1.00551
1.26011
1.20273
1.05982
1.49557
1.26513
1.47901
1.1899
1.10551
1.20821
1.1254
1.01169
1.02989
1.1915
1.12816
1.00705
1.42669
1.38613
1.03618
1.01429
1.07313
1.0177
1.06772
1.13895
1.28487
1.08842
1.00143
1.01206
1.24228
1.42362
1.01199
1.05065
1.11984
1.25952
1.07112
1.44564
1.38231
1.03357
1.01698
1.03471
1.02533
1.1484
1.02536
1.32412
1.90929
1.13323
1.30476
1.08463
1.0839
1.02788
1.12227
1.36404
1.19974
1.46267
1.09457
1.08159
1.03827
1.44013
1.66027
1.23114
1.27463
1.05283
1.04253
0.997407
1.49124
1.04661
1.36644
1.18143
1.52349
1.04844
1.4533
1.04607
1.06035
1.08412
1.45388
1.46831
1.22287
1.29628
1.02039
1.16387
1.05743
1.01701
1.5548
1.40093
1.53401
1.13107
1.10803
1.03686
1.03494
1.29834
1.2536
1.05034
1.13313
1.09224
1.04379
1.33572
1.27871
1.3533
1.16764
1.30744
1.00665
1.04054
1.3139
1.33515
1.21867
1.00427
1.18893
0.998966
1.2675
1.03918
1.33888
1.02592
1.32393
1.37312
1.12748
1.09222
1.01432
1.16218
1.15221
1.34019
1.19029
1.24951
1.53729
1.21459
1.03291
1.07565
1.2041
1.05579
1.15153
1.21001
1.06833
1.01775
1.25596
1
1.13093
1.46538
1.22087
1.02572
1.33751
1.00077
1.24129
1.12658
1.09154
1.56481
1.1115
1.29028
1.30574
1.33772
1.41356
0.998537
1.08849
1.25143
1.68431
1.11292
1.08709
1.81965
1.07315
1.02622
1.00243
1.16471
1.50644
1.26327
1.04547
1.34609
1.11858
1.06196
1.27918
1.00159
1.12235
1.19367
1.08579
1.05173
1.09973
0.996552
1.404
1.09049
1.02997
1.13758
1.14941
1.00084
0.998457
1.35693
1.28156
1.01403
1.36194
1.04309
1.04598
1.06182
1.11759
1.00546
1.13777
1.45775
1.29607
1.35861
1.23091
1.07538
1.47867
1.2877
1.26823
1.06136
1.0106
1.46512
1.15206
1.48998
1.23418
1.02999
1.06419
1.29001
1.93758
1.25726
1.2278
1.49609
1.18788
1.24921
1.00742
1.3274
1.41187
1.19419
1.43646
1.02144
1.43813
1.33682
1.06356
1.16299
1.40238
1.51174
1.37832
1.04492
1.10265
1.46655
1.25465
1.06463
1.47813
1.20605
1.15613
1.1636
1.01682
1.09884
1.05446
1.09133
1.23351
1.1135
1.00364
1.37682
1.0212
1.14252
1.45398
1.03379
1.37175
1.41905
1.321
1.04512
1.15155
1.10349
1.15935
0.998186
1.22144
1.07049
1.1324
1.02725
1.40344
1.3953
1.09337
1.14082
1.0085
1.04457
1.13999
1.05335
1.08706
1.17212
1.01113
1.21954
1.07283
1.5942
1.01438
1.14928
1.4117
1.17008
1.20319
1.30631
1.02507
1.35523
1.4788
1.0261
0.999527
1.04506
1.0885
1.26905
1.10195
1.11043
1.34531
1.02496
1.36691
1.3148
1.94161
1.52308
1.17075
1.16052
1.33258
1.45604
1.29988
1.30272
1.02243
1.15929
1.07041
1.0001
1.01982
257923000.0
137516000.0
216419000.0
193912000.0
146635000.0
141999000.0
335688000.0
211070000.0
213998000.0
251239000.0
139190000.0
232794000.0
136685000.0
329035000.0
454933000.0
380555000.0
311530000.0
158486000.0
163594000.0
140697000.0
191691000.0
234406000.0
306918000.0
247194000.0
162651000.0
136650000.0
168583000.0
316730000.0
428216000.0
225159000.0
325392000.0
269721000.0
491149000.0
343211000.0
229327000.0
144936000.0
148273000.0
376423000.0
357154000.0
256187000.0
145214000.0
283136000.0
273561000.0
150588000.0
203212000.0
340607000.0
225250000.0
219001000.0
484796000.0
461838000.0
292281000.0
416533000.0
329292000.0
249043000.0
208846000.0
226397000.0
256789000.0
208174000.0
200664000.0
171011000.0
223045000.0
138229000.0
347831000.0
232142000.0
416858000.0
458366000.0
142066000.0
495025000.0
173371000.0
169921000.0
303894000.0
318944000.0
439224000.0
180635000.0
246589000.0
310144000.0
147456000.0
319803000.0
239165000.0
201232000.0
253803000.0
249576000.0
154309000.0
162612000.0
168821000.0
358721000.0
223816000.0
400343000.0
160144000.0
294289000.0
198340000.0
387041000.0
418614000.0
326418000.0
375806000.0
288527000.0
335737000.0
151769000.0
418133000.0
234529000.0
202331000.0
612949000.0
337959000.0
159861000.0
182391000.0
447748000.0
547006000.0
230454000.0
128457000.0
186113000.0
151067000.0
175305000.0
211730000.0
204085000.0
701815000.0
168178000.0
144142000.0
242250000.0
265295000.0
169323000.0
235454000.0
235895000.0
140185000.0
177199000.0
448539000.0
174410000.0
136925000.0
595333000.0
205154000.0
623569000.0
176718000.0
217352000.0
181786000.0
300503000.0
186837000.0
167628000.0
131143000.0
166219000.0
205612000.0
387226000.0
255222000.0
249372000.0
221761000.0
328596000.0
351865000.0
187490000.0
250329000.0
198381000.0
183197000.0
203721000.0
255479000.0
287737000.0
171561000.0
662380000.0
283373000.0
451077000.0
512232000.0
250580000.0
202889000.0
166625000.0
150366000.0
191395000.0
293388000.0
615752000.0
191325000.0
244933000.0
375026000.0
456860000.0
355653000.0
305120000.0
175648000.0
274853000.0
277099000.0
303637000.0
412493000.0
165628000.0
409223000.0
463149000.0
178646000.0
162102000.0
173199000.0
245571000.0
139390000.0
333181000.0
204307000.0
398689000.0
436424000.0
303838000.0
153627000.0
150186000.0
199401000.0
343625000.0
163431000.0
234628000.0
276690000.0
192014000.0
204991000.0
201092000.0
383845000.0
228278000.0
272256000.0
199978000.0
156010000.0
244011000.0
189921000.0
160007000.0
318059000.0
227877000.0
252046000.0
172192000.0
209579000.0
495319000.0
178414000.0
224428000.0
168758000.0
230045000.0
303764000.0
182959000.0
327512000.0
246549000.0
225055000.0
156549000.0
512161000.0
187094000.0
318213000.0
289497000.0
155258000.0
234830000.0
162239000.0
193719000.0
161132000.0
141109000.0
203644000.0
327902000.0
187939000.0
290472000.0
250383000.0
171928000.0
153459000.0
310197000.0
139953000.0
152978000.0
325407000.0
196722000.0
290392000.0
194665000.0
258186000.0
407184000.0
178894000.0
213179000.0
173885000.0
172058000.0
143834000.0
312955000.0
170216000.0
179761000.0
178384000.0
554319000.0
213111000.0
449773000.0
482996000.0
473528000.0
147639000.0
279821000.0
596746000.0
176636000.0
187399000.0
156704000.0
360625000.0
254456000.0
395219000.0
195052000.0
237530000.0
164016000.0
245150000.0
234991000.0
308891000.0
145630000.0
499762000.0
491346000.0
295318000.0
148622000.0
161230000.0
152284000.0
358891000.0
271976000.0
203079000.0
198347000.0
511709000.0
513708000.0
194114000.0
207649000.0
165008000.0
429839000.0
137611000.0
198461000.0
377696000.0
348564000.0
299762000.0
175013000.0
165600000.0
285809000.0
190523000.0
246141000.0
163377000.0
297479000.0
219920000.0
153080000.0
292052000.0
241551000.0
391173000.0
466532000.0
159792000.0
187296000.0
454645000.0
210988000.0
189994000.0
398387000.0
231166000.0
248610000.0
434933000.0
203274000.0
308556000.0
303287000.0
272705000.0
320839000.0
154167000.0
242638000.0
172580000.0
151645000.0
174428000.0
441037000.0
140020000.0
499617000.0
169915000.0
465151000.0
697927000.0
269981000.0
239797000.0
460139000.0
522944000.0
250160000.0
375339000.0
176159000.0
474978000.0
244179000.0
187874000.0
755898000.0
576115000.0
624930000.0
201533000.0
157882000.0
280309000.0
169070000.0
155915000.0
308085000.0
185895000.0
264817000.0
388198000.0
143877000.0
247035000.0
137439000.0
157999000.0
177943000.0
353256000.0
150240000.0
355245000.0
322628000.0
396509000.0
145347000.0
142794000.0
151002000.0
389985000.0
245037000.0
267781000.0
311974000.0
214243000.0
157828000.0
262740000.0
461316000.0
167980000.0
228757000.0
297586000.0
159058000.0
253560000.0
302879000.0
179193000.0
168193000.0
221645000.0
231896000.0
671715000.0
170599000.0
182855000.0
184818000.0
237812000.0
246316000.0
655441000.0
185045000.0
191004000.0
165384000.0
236215000.0
194751000.0
198874000.0
222156000.0
238940000.0
231067000.0
170465000.0
497891000.0
459372000.0
195728000.0
152268000.0
252540000.0
259461000.0
171513000.0
236727000.0
393906000.0
148275000.0
201756000.0
671891000.0
338386000.0
193638000.0
243258000.0
150998000.0
577571000.0
405050000.0
260963000.0
304950000.0
211814000.0
225101000.0
279703000.0
181849000.0
169352000.0
149009000.0
192634000.0
140798000.0
284073000.0
214021000.0
178836000.0
335233000.0
153098000.0
156717000.0
302376000.0
154616000.0
155091000.0
177171000.0
385085000.0
146152000.0
148088000.0
176967000.0
143207000.0
166343000.0
364162000.0
137296000.0
382775000.0
420224000.0
176504000.0
150812000.0
302434000.0
239848000.0
176383000.0
463998000.0
181690000.0
292234000.0
208859000.0
137423000.0
150760000.0
252867000.0
236792000.0
263750000.0
242148000.0
240109000.0
147032000.0
201266000.0
174064000.0
301340000.0
235679000.0
257850000.0
340734000.0
198452000.0
148215000.0
266320000.0
333826000.0
752909000.0
219091000.0
159793000.0
142480000.0
195057000.0
380720000.0
195406000.0
355948000.0
256915000.0
219725000.0
159984000.0
217424000.0
247765000.0
181365000.0
401523000.0
468188000.0
236939000.0
399192000.0
272242000.0
184825000.0
271197000.0
423889000.0
274565000.0
165758000.0
509011000.0
572188000.0
321786000.0
189889000.0
312900000.0
200163000.0
368932000.0
148489000.0
168821000.0
477444000.0
570418000.0
164859000.0
236867000.0
320031000.0
143509000.0
209875000.0
209765000.0
193035000.0
202656000.0
154908000.0
467498000.0
190822000.0
170009000.0
148365000.0
157749000.0
198497000.0
372048000.0
161135000.0
200886000.0
382582000.0
175824000.0
650369000.0
243154000.0
505513000.0
179207000.0
204410000.0
158685000.0
308283000.0
180303000.0
220204000.0
550220000.0
438659000.0
224713000.0
428438000.0
137425000.0
165143000.0
222158000.0
134485000.0
349065000.0
156302000.0
287921000.0
168535000.0
134944000.0
141465000.0
250563000.0
585819000.0
262519000.0
356143000.0
144700000.0
433938000.0
197226000.0
410019000.0
488442000.0
156906000.0
133542000.0
318271000.0
361099000.0
336619000.0
169175000.0
404171000.0
333106000.0
262063000.0
256745000.0
185014000.0
302969000.0
151184000.0
144323000.0
239306000.0
211113000.0
189510000.0
249619000.0
223105000.0
388454000.0
414145000.0
245451000.0
233543000.0
157516000.0
236813000.0
266013000.0
253208000.0
223470000.0
219275000.0
347248000.0
230927000.0
685000000.0
211662000.0
390827000.0
147254000.0
320187000.0
260344000.0
173478000.0
172520000.0
304333000.0
653962000.0
254942000.0
164697000.0
193272000.0
179691000.0
187955000.0
284564000.0
258995000.0
287747000.0
384696000.0
331640000.0
316724000.0
245722000.0
185350000.0
340150000.0
143033000.0
364737000.0
253473000.0
164660000.0
441922000.0
211203000.0
322955000.0
255757000.0
599817000.0
156148000.0
379982000.0
170715000.0
178629000.0
265567000.0
329647000.0
268570000.0
172007000.0
524389000.0
210285000.0
683577000.0
217548000.0
256282000.0
150838000.0
165372000.0
157057000.0
241527000.0
151672000.0
189524000.0
412835000.0
149278000.0
245247000.0
187778000.0
161406000.0
304676000.0
631673000.0
183938000.0
548622000.0
368582000.0
428154000.0
155933000.0
337528000.0
161096000.0
185940000.0
171193000.0
266998000.0
158943000.0
165296000.0
343839000.0
477095000.0
280041000.0
171670000.0
237569000.0
281119000.0
528932000.0
252123000.0
197860000.0
174026000.0
156031000.0
183521000.0
156893000.0
308449000.0
535796000.0
144571000.0
147890000.0
166439000.0
160126000.0
508974000.0
193280000.0
187323000.0
252365000.0
167809000.0
374706000.0
226905000.0
399280000.0
191959000.0
143429000.0
206920000.0
211611000.0
288867000.0
203577000.0
252694000.0
425604000.0
202305000.0
417366000.0
325387000.0
155499000.0
161846000.0
322309000.0
377068000.0
377142000.0
471899000.0
337176000.0
200807000.0
190669000.0
454917000.0
273405000.0
259907000.0
179532000.0
157600000.0
571519000.0
693624000.0
232047000.0
179550000.0
233491000.0
147312000.0
159851000.0
478534000.0
273615000.0
640723000.0
334698000.0
221767000.0
250562000.0
525218000.0
276635000.0
211520000.0
182443000.0
224923000.0
342204000.0
364525000.0
210246000.0
169581000.0
304278000.0
144368000.0
219916000.0
278646000.0
242635000.0
424961000.0
367205000.0
172608000.0
164134000.0
240384000.0
468722000.0
281507000.0
143407000.0
425049000.0
159330000.0
201829000.0
142025000.0
247655000.0
141359000.0
219515000.0
232038000.0
230686000.0
152278000.0
153657000.0
182507000.0
176356000.0
333734000.0
206559000.0
289398000.0
507324000.0
381529000.0
141532000.0
143227000.0
206558000.0
232824000.0
434862000.0
687562000.0
174160000.0
322305000.0
527971000.0
194436000.0
214852000.0
385159000.0
174052000.0
537577000.0
164519000.0
197137000.0
163771000.0
311795000.0
235663000.0
172631000.0
161414000.0
183874000.0
244283000.0
191341000.0
272756000.0
179877000.0
317100000.0
163677000.0
254662000.0
171122000.0
154695000.0
581662000.0
224092000.0
241948000.0
365678000.0
223629000.0
174103000.0
417190000.0
182971000.0
144005000.0
165634000.0
301412000.0
234039000.0
195071000.0
532835000.0
201257000.0
328063000.0
222516000.0
319460000.0
179562000.0
273964000.0
220156000.0
156131000.0
180265000.0
241223000.0
162452000.0
270554000.0
176313000.0
219090000.0
316905000.0
136982000.0
552059000.0
174137000.0
180260000.0
167595000.0
155633000.0
277540000.0
456205000.0
189023000.0
380801000.0
352207000.0
203773000.0
307041000.0
468595000.0
773418000.0
360629000.0
606453000.0
144861000.0
178219000.0
698028000.0
165213000.0
211950000.0
445232000.0
172423000.0
265781000.0
221461000.0
191574000.0
565041000.0
434101000.0
368465000.0
278585000.0
160596000.0
428180000.0
237831000.0
285609000.0
197200000.0
306828000.0
269906000.0
169798000.0
177698000.0
396730000.0
150466000.0
345728000.0
541874000.0
316680000.0
300272000.0
261006000.0
343277000.0
352460000.0
170675000.0
165195000.0
193097000.0
414824000.0
139716000.0
189219000.0
466775000.0
281905000.0
392745000.0
137143000.0
330125000.0
138062000.0
181875000.0
401464000.0
293771000.0
171435000.0
289978000.0
190968000.0
193904000.0
153237000.0
202789000.0
194572000.0
265853000.0
494498000.0
153053000.0
191710000.0
146788000.0
242725000.0
157678000.0
153160000.0
341216000.0
211727000.0
156793000.0
479690000.0
475620000.0
229980000.0
228748000.0
145491000.0
176690000.0
286497000.0
141890000.0
193833000.0
320203000.0
400527000.0
236700000.0
657250000.0
396433000.0
465806000.0
190842000.0
207311000.0
267886000.0
163037000.0
364854000.0
204726000.0
151610000.0
310831000.0
171645000.0
159755000.0
171921000.0
233542000.0
327101000.0
207705000.0
343055000.0
285535000.0
185485000.0
571984000.0
346808000.0
406264000.0
157521000.0
160522000.0
479818000.0
228778000.0
350391000.0
237951000.0
269469000.0
370145000.0
241090000.0
589570000.0
311858000.0
200006000.0
224831000.0
134045000.0
353861000.0
365044000.0
155240000.0
201603000.0
180987000.0
167354000.0
282210000.0
162212000.0
149062000.0
793183000.0
273767000.0
496338000.0
229003000.0
181827000.0
215493000.0
213685000.0
170809000.0
258900000.0
157324000.0
522396000.0
295778000.0
147561000.0
204528000.0
375069000.0
156934000.0
153364000.0
159412000.0
160589000.0
348285000.0
202294000.0
348447000.0
283846000.0
236443000.0
