1.00788
1.03538
1.00368
1.0057
1.00649
1.02566
1.00229
1.02897
1.0095
1.00982
1.00321
1.01536
1.01258
1.00319
1.00969
1.00084
1.0231
1.0184
1.00317
1.00523
1.00189
1.01184
1.01735
0.999758
1.00397
1.04034
0.999907
1.00502
1.00128
1.00148
1.01435
1.0052
1.0003
1.00317
1.01088
1.00428
1.00173
1.01602
1.01022
1.01087
1.00266
1.00764
1.00464
0.998758
1.00407
1.00301
1.00962
1.00643
1.00209
1.00442
1.01381
1.00689
1.01157
1.02367
1.0024
1.01965
1.0027
1.01023
1.00076
1.00213
0.997268
1.00083
1.00253
1.00403
1.01006
1.00575
1.01426
1.00608
1.01068
1.00886
1.02011
0.996866
0.998854
1.0044
1.01776
1.00735
1.01
1.02053
1.03903
1.00644
1.00068
1.00101
1.0144
1.00531
1.01431
1.03592
1.01222
1.00495
1.00278
1.00569
1.01588
1.00367
1.00457
1.00485
1.01649
1.00317
1.00035
1.01405
1.00423
1.00713
1.0002
1.00467
1.04363
1.00537
1.02645
1.00123
1.01714
1.01189
1.01731
1.01158
0.999401
1.00367
1.00085
1.02396
1.00609
1.00057
1.00781
1.00858
1.00435
1.01484
1.00419
1.03782
1.00005
1.01581
1.00844
1.00197
1.0019
1.00204
0.998637
0.99846
1.02545
1.00462
1.00393
1.00929
1.00661
1.00536
0.999811
1.01926
1.00479
1.00374
0.9972
1.00611
1.00437
1.00533
1.00264
1.00588
1.00292
1.00254
1.00084
1.00805
1.00853
1.00729
1.00126
1.00971
1.02875
1.00071
1.0066
1.01975
1.01637
1.00439
1.00291
1.00312
1.00585
1.02424
1.00231
1.01849
1.00457
1.0096
1.00789
1.00249
1.00537
1.00418
1.03616
1.01099
1.02837
1.01323
1.00205
1.0035
1.01743
1.00531
1.00269
1.00252
1.00206
1.01388
1.00316
0.997776
1.00527
1.0074
1.00746
1.01528
1.00823
1.00681
1.00624
1.00471
1.01239
1
1.00263
1.01597
1.00216
1.02037
1.00829
1.00079
1.00476
1.00087
1.0053
1.00002
1.01765
1.00311
1.04495
1.02217
1.01563
0.997881
1.02032
0.999778
0.999353
1.01059
1.00295
1.01005
1.00131
1.01806
1.01888
1.00303
1.00638
1.00811
1.00278
1.00068
1.00737
1.00215
1.00321
1.00424
1.00751
1.00181
1.01598
1.00512
1.00768
1.02931
1.00024
1.0056
1.00583
1.00043
1.00335
1.01367
1.0265
1.01158
1.03364
1.002
1.00115
1.01192
1.00733
1.00634
1.0011
1.01257
1.00493
1.00862
1.00336
1.00242
1.00312
1.00453
1.00632
1.01102
1.00702
1.00378
1.00855
1.00038
1.00212
1.00002
1.01567
1.00063
1.00599
1.0231
1.01182
1.00616
1.04503
1.00191
1.00208
1.00876
1.0123
1.01547
1.00157
1.00208
1.0098
1.00152
1.00455
1.00332
1.01442
1.00381
1.00016
1.00143
1.02314
1.00539
1.00571
1.00503
1.00677
1.00677
1.03545
1.00344
1.00399
1.00362
1.0106
1.01966
1.00193
1.00554
1.00082
1.00733
1.00237
1.0057
1.0032
0.999704
1.00267
1.00455
1.0113
1.03581
1.00985
1.01584
1.02956
0.99979
0.998588
1.02269
1.00934
1.00781
1.0076
1.00111
1.01206
1.01341
1.01231
1.0039
1.00423
1.00191
1.01183
1.00883
1.00235
1.01388
1.00629
1.0059
1.00693
1.00687
1.00277
0.99967
1.00327
1.00379
1.00153
1.00033
1.00839
1.01205
1.00065
1.00028
1.00076
1.04779
1.00157
1.00193
1.0087
1.00966
1.0073
1.00181
1.01186
1.00272
1.00372
1.00359
1.00036
1.0059
1.00764
1.01717
1.00032
1.01447
1.00346
1.00795
0.999412
1.00594
1.00162
1.01391
1.00016
1.01566
1.00897
1.00367
1.00497
1.01033
1.00331
1.002
1.00195
1.02054
1.00536
1.00305
1.00767
1.00582
1.00439
1.002
1.00334
1.00403
1.01286
1.0452
1.01157
1.01153
1.01042
1.01034
1.00486
1.00002
0.998386
0.999078
1.0063
1.00192
0.998501
1.00668
1.01091
1.01678
1.00585
1.00372
1.03026
1.00683
1.00879
1.00205
1.00344
1.01171
0.999847
1.00677
1.00428
1.00466
1.00677
1.01901
1.00914
1.02353
1.01689
1.00264
1.00871
1.02972
1.01529
1.00309
1.01893
1.00965
1.0033
1.0049
1.00032
1.00383
1.00297
1.00395
1.00627
1.02258
1.01344
1.00301
1.01475
1.0027
1.04653
1.0048
1.0016
1.00362
1.00888
1.00052
1.0205
1.003
1.00195
1.00005
1.01147
1.00517
1.00529
1.01639
1.00866
1.00199
1.00389
1.01103
1.00604
1.00985
1.01532
1.00789
1.00322
0.998507
1.01627
1.0028
1.00738
1.0068
1.01766
1.0006
1.00281
1.00916
1.00356
1.02827
1.00258
1.00114
1.00925
1.00474
1.00848
1.00022
1.00104
1.00392
1.02531
1.0128
1.00646
1.00323
0.999753
1.02993
1.00038
1.00379
1.0084
1.02641
1.02301
1.02389
1.02322
1.0017
1.00692
1.00484
1.00232
1.00467
1.02466
1.0028
1.00538
1.00158
1.00405
1.00288
1.01108
1.00141
1.00594
0.999804
1.00295
1.00088
1.00936
1.00606
1.0025
1.00124
1.00476
1.01099
1.01564
1.0115
1.01721
1.00443
1.00514
1.00229
1.01099
1.00172
1.00903
0.99978
1.00702
1.01469
1.00696
1.01355
1.00095
1.0061
1.00768
1.00462
1.00151
1.02005
1.00631
1.00433
1.01229
1.00096
1.00274
1.01136
1.02184
1.00502
1.01128
1.003
1.00323
1.00144
1.00502
1.01654
1.0125
1.01031
1.00495
1.00134
1.01183
1.0095
1.01672
1.00801
1.00966
1.00653
1.00986
1.00323
1.00611
1.01189
1.01439
1.00324
1.0026
1.00664
1.01298
1.01557
1.00396
1.00512
1.01267
1.00431
1.00686
1.00591
1.00242
1.00124
1.00003
1.00147
1.00905
1.0088
1.00643
1.01543
1.0158
1.01332
1.0049
1.00134
1.01273
1.01158
1.01076
1.00972
1.00178
1.01955
1.00627
1.00588
1.00512
1.01119
1.00508
1.00773
1.00265
1.00764
1.00229
1.00375
1.00523
1.01161
1.00919
1.01772
1.00293
1.001
1.00756
1.01406
1.00302
1.00112
1.01743
1.00125
1.02797
1.00138
1.00331
1.00425
1.00755
1.00611
1.01683
1.01301
1.01737
1.01354
1.01251
1.00238
1.02907
1.00574
1.00054
1.02138
1.02096
1.01168
1.00167
1.00569
1.01248
1.00401
1.01847
1.01017
1.00717
1.0008
1.00274
1.00589
1.00714
1.00278
1.01277
1.00624
1.01728
1.01174
1.00096
1.00191
1.05916
1.00263
1.01351
1.00353
1.02818
1.00704
1.00872
1.00485
1.0059
1.01775
0.999824
1.01014
1.01842
1.00472
1.00525
1.00536
1.00336
1.00008
1.00964
1.00229
1.00169
1.00449
1.0018
1.00328
1.00644
1.00271
1.01934
1.0079
1.01665
1.01342
1.01111
1.00253
1.01993
1.00158
1.00266
1.00473
1.00368
1.00542
1.02179
1.00336
1.03143
1.0028
1.00682
1.00403
1.00425
1.01053
1.02417
1.01203
1.01162
1.0098
1.00318
1.00253
1.00231
1.0086
1.0064
1.02174
1.00095
1.01337
1.0078
1.01864
1.02892
1.00649
1.00602
1.00074
1.00369
1.00173
1.00859
1.03392
1.00666
1.01703
1.00433
1.00394
1.00581
1.00035
1.00333
1.02095
1.01901
1.00679
1.00261
1.00742
1.00502
1.00585
1.00174
1.00213
1.00406
1.00427
1.00255
1.00074
1.00488
1.01435
1.0029
0.999896
1.0037
1.0049
1.00331
1.00007
1.01151
0.999561
1.00562
1.00199
1.00378
1.01342
1.00908
1.00475
1.02222
1.02594
1.00753
1.00949
1.00032
1.03148
1.00592
1.00826
1.01234
1.00196
1.01425
1.0098
1.00331
0.998629
1.00808
1.01508
1.00267
1.03211
1.0014
1.00285
1.01271
1.01432
1.00061
1.01843
1.00605
1.03025
0.998456
0.999577
1.01304
1.01756
1.01653
1.00918
0.996824
1.02189
1.00123
0.999877
0.999555
1.01507
1.01107
1.00507
1.00122
1.00024
1.00281
1.00268
1.00585
1.00618
1.00279
1.01881
1.00967
1.01839
1.01003
1.00059
1.01156
1.02641
1.00252
1.00241
1.0077
1.00039
1.00443
1.00291
1.00722
1.03412
1.01181
0.999923
1.00013
1.00793
1.00477
1.00376
1.00145
1.00761
1.01623
0.999039
1.00228
1.01119
1.00024
1.00308
1.00398
1.02457
1.0039
0.999159
1.00451
1.00697
0.997058
1.00157
1.01348
1.00913
1.0035
1.00287
1.00681
1.01087
1.01214
1.00366
1.00398
1.00542
1.0076
1.00705
1.00092
1.00634
1.00366
1.00457
1.0036
1.01011
1.01411
1.00076
1.03234
1.00922
1.00297
1.00817
1.00474
1.00885
1.00609
1.00455
1.00753
1.01139
1.00836
0.998754
0.998947
1.00912
1.00185
1.00895
1.00118
1.03226
1.00817
1.0042
1.00515
1.00263
0.998546
1.00205
0.999591
1.01059
1.01417
1.00714
1.01169
1.00671
1.00715
1.00771
1.00445
1.01292
1.01731
1.00595
1.01454
1.00115
1.01576
0.998779
1.00117
1.00056
1.00473
1.00837
1.02612
1.03716
1.01364
1.00422
1.00492
1.00731
1.00179
0.999566
1.03214
1.00824
1.00158
1.00441
1.00398
1.0073
1.00432
1.00134
1.00332
1.01084
1.00263
1.00001
0.999822
0.999444
1.00207
1.00931
1.02336
1.00027
1.00332
1.0144
1.01616
1.00657
1.00163
1.0032
1.00239
1.01073
1.00344
1.00773
1.00866
1.00306
1.00548
1.00332
1.0069
1.00751
1.00076
1.00378
1.00789
1.00421
1.02779
1.00809
1.0127
1.00559
1.01225
1.00932
1.00633
1.00409
1.00892
1.00429
1.00295
1.01124
1.00254
1.01246
1.00835
1.00276
1.01108
1.00495
1.00258
1.00405
1.01859
1.00548
1.00335
1.01037
1.04298
1.01169
1.0104
1.0006
1.00902
1.00075
1.0144
1.00805
1.00138
1.00532
1.01463
1.01753
1.02207
1.00136
1.00099
1.00394
1.0006
1.00359
1.01235
1.01244
1.00387
0.999214
1.0179
1.00507
1.00788
1.03538
1.00368
1.0057
1.00649
1.02566
1.00229
1.02897
1.0095
1.00982
1.00321
1.01536
1.01258
1.00319
1.00969
1.00084
1.0231
1.0184
1.00317
1.00523
1.00189
1.01184
1.01735
0.999758
1.00397
1.04034
0.999907
1.00502
1.00128
1.00148
1.01435
1.0052
1.0003
1.00317
1.01088
1.00428
1.00173
1.01602
1.01022
1.01087
1.00266
1.00764
1.00464
0.998758
1.00407
1.00301
1.00962
1.00643
1.00209
1.00442
1.01381
1.00689
1.01157
1.02371
1.0024
1.01965
1.0027
1.01023
1.00076
1.00213
0.997268
1.00083
1.00253
1.00403
1.01006
1.00575
1.01426
1.00608
1.01068
1.00886
1.02011
0.996866
0.998854
1.0044
1.01776
1.00735
1.01
1.02053
1.03903
1.00644
1.00068
1.00101
1.0144
1.00531
1.01431
1.03592
1.01222
1.00495
1.00278
1.00569
1.01588
1.00367
1.00457
1.00485
1.01649
1.00317
1.00035
1.01405
1.00423
1.00713
1.0002
1.00467
1.04363
1.00537
1.02645
1.00123
1.01714
1.01189
1.01731
1.01158
0.999401
1.00367
1.00085
1.02396
1.00609
1.00057
1.00781
1.00858
1.00435
1.01484
1.00419
1.03782
1.00005
1.01581
1.00844
1.00197
1.0019
1.00204
0.998637
0.99846
1.02545
1.00462
1.00393
1.00929
1.00661
1.00536
0.999811
1.01926
1.00479
1.00374
0.9972
1.00611
1.00437
1.00533
1.00264
1.00588
1.00292
1.00254
1.00084
1.00805
1.00853
1.00729
1.00126
1.00971
1.02875
1.00071
1.0066
1.01975
1.01637
1.00439
1.00291
1.00312
1.00585
1.02424
1.00231
1.01849
1.00457
1.0096
1.00789
1.00249
1.00537
1.00418
1.03616
1.01099
1.02837
1.01323
1.00205
1.0035
1.01743
1.00531
1.00269
1.00252
1.00206
1.01388
1.00316
0.997776
1.00527
1.0074
1.00746
1.01528
1.00823
1.00681
1.00624
1.00471
1.01239
1
1.00263
1.01597
1.00216
1.02037
1.00829
1.00079
1.00476
1.00087
1.0053
1.00002
1.01765
1.00311
1.04495
1.02217
1.01563
0.997881
1.02032
0.999778
0.999353
1.01059
1.00295
1.01005
1.00131
1.01806
1.01888
1.00303
1.00638
1.00811
1.00278
1.00068
1.00737
1.00215
1.00321
1.00424
1.00751
1.00181
1.01598
1.00512
1.00768
1.02931
1.00024
1.0056
1.00583
1.00043
1.00335
1.01367
1.0265
1.01158
1.03364
1.002
1.00115
1.01192
1.00733
1.00634
1.0011
1.01257
1.00493
1.00862
1.00336
1.00242
1.00312
1.00453
1.00632
1.01102
1.00702
1.00378
1.00855
1.00038
1.00212
1.00002
1.01567
1.00063
1.00599
1.0231
1.01182
1.00616
1.04503
1.00191
1.00208
1.00876
1.0123
1.01547
1.00157
1.00208
1.0098
1.00152
1.00455
1.00332
1.01442
1.00381
1.00016
1.00143
1.02317
1.00539
1.00571
1.00503
1.00677
1.00677
1.03545
1.00344
1.00399
1.00362
1.0106
1.01966
1.00193
1.00554
1.00082
1.00733
1.00237
1.0057
1.0032
0.999704
1.00267
1.00455
1.0113
1.03581
1.00985
1.01584
1.02956
0.99979
0.998588
1.02269
1.00934
1.00781
1.0076
1.00111
1.01206
1.01341
1.01231
1.0039
1.00423
1.00191
1.01183
1.00883
1.00235
1.01388
1.00629
1.0059
1.00693
1.00687
1.00277
0.99967
1.00327
1.00379
1.00153
1.00033
1.00839
1.01205
1.00065
1.00028
1.00076
1.04779
1.00157
1.00193
1.0087
1.00966
1.0073
1.00181
1.01186
1.00272
1.00372
1.00359
1.00036
1.0059
1.00764
1.01717
1.00032
1.01447
1.00346
1.00795
0.999412
1.00594
1.00162
1.01391
1.00016
1.01566
1.00897
1.00367
1.00497
1.01033
1.00331
1.002
1.00195
1.02054
1.00536
1.00305
1.00767
1.00582
1.00439
1.002
1.00334
1.00403
1.01286
1.0452
1.01157
1.01153
1.01042
1.01034
1.00486
1.00002
0.998386
0.999078
1.0063
1.00192
0.998501
1.00668
1.01091
1.01678
1.00585
1.00372
1.03026
1.00683
1.00879
1.00205
1.00344
1.01171
0.999847
1.00677
1.00428
1.00466
1.00677
1.01901
1.00914
1.02353
1.01689
1.00264
1.00871
1.02972
1.01529
1.00309
1.01893
1.00965
1.0033
1.0049
1.00032
1.00383
1.00297
1.00395
1.00627
1.02258
1.01344
1.00301
1.01475
1.0027
1.04653
1.0048
1.0016
1.00362
1.00888
1.00052
1.0205
1.003
1.00195
1.00005
1.01147
1.00517
1.00529
1.01639
1.00866
1.00199
1.00389
1.01103
1.00604
1.00985
1.01532
1.00789
1.00322
0.998507
1.01627
1.0028
1.00738
1.0068
1.01766
1.0006
1.00281
1.00916
1.00356
1.02827
1.00258
1.00114
1.00925
1.00474
1.00848
1.00022
1.00104
1.00392
1.02531
1.0128
1.00646
1.00323
0.999753
1.02993
1.00038
1.00379
1.0084
1.02641
1.02301
1.02389
1.02322
1.0017
1.00692
1.00484
1.00232
1.00467
1.02466
1.0028
1.00538
1.00158
1.00405
1.00288
1.01108
1.00141
1.00594
0.999804
1.00295
1.00088
1.00936
1.00606
1.0025
1.00124
1.00476
1.01099
1.01564
1.0115
1.01721
1.00443
1.00723
1.00229
1.01099
1.00172
1.00903
0.99978
1.00702
1.01469
1.00696
1.01355
1.00095
1.0061
1.00768
1.00462
1.00151
1.02005
1.00631
1.00433
1.01229
1.00096
1.00274
1.01136
1.02184
1.00502
1.01128
1.003
1.00323
1.00144
1.00502
1.01654
1.0125
1.01031
1.00495
1.00134
1.01183
1.0095
1.01672
1.00801
1.00966
1.00653
1.00986
1.00323
1.00611
1.01189
1.01439
1.00324
1.0026
1.00664
1.01298
1.01557
1.00396
1.00512
1.01267
1.00431
1.00686
1.00591
1.00242
1.00124
1.00003
1.00147
1.00905
1.0088
1.00643
1.01543
1.0158
1.01332
1.0049
1.00134
1.01273
1.01158
1.01076
1.00972
1.00178
1.01955
1.00627
1.00588
1.00512
1.01119
1.00508
1.00773
1.00265
1.00764
1.00229
1.00375
1.00523
1.01161
1.00919
1.01772
1.00293
1.001
1.00756
1.01406
1.00302
1.00112
1.01743
1.00125
1.02797
1.00138
1.00331
1.00425
1.00755
1.00611
1.01683
1.01301
1.01737
1.01354
1.01251
1.00238
1.02907
1.00574
1.00054
1.02138
1.02096
1.01168
1.00167
1.00569
1.01248
1.00401
1.01847
1.01017
1.00705
1.0008
1.00274
1.00589
1.00714
1.00278
1.01277
1.00624
1.01728
1.01174
1.00096
1.00191
1.05916
1.00263
1.01351
1.00353
1.02818
1.00704
1.00872
1.00485
1.0059
1.01763
0.999824
1.01014
1.01842
1.00472
1.00525
1.00536
1.00336
1.00008
1.00964
1.00229
1.00169
1.00449
1.0018
1.00328
1.00644
1.00271
1.01934
1.0079
1.01665
1.01342
1.01111
1.00253
1.01993
1.00158
1.00266
1.00473
1.00368
1.00542
1.02179
1.00336
1.03143
1.0028
1.00682
1.00403
1.00425
1.01053
1.02417
1.01203
1.01162
1.0098
1.00318
1.00253
1.00231
1.0086
1.0064
1.02174
1.00095
1.01337
1.0078
1.01864
1.02892
1.00649
1.00602
1.00074
1.00369
1.00173
1.00859
1.03392
1.00666
1.01703
1.00433
1.00394
1.00581
1.00035
1.00333
1.02095
1.01901
1.00679
1.00261
1.00742
1.00502
1.00585
1.00174
1.00213
1.00406
1.00427
1.00255
1.00074
1.00488
1.01435
1.0029
0.999896
1.0037
1.0049
1.00331
1.00007
1.01151
0.999561
1.00562
1.00199
1.00378
1.01342
1.00908
1.00475
1.02222
1.02594
1.00753
1.00949
1.00032
1.03148
1.00592
1.00826
1.01234
1.00196
1.01425
1.0098
1.00331
0.998629
1.00808
1.01508
1.00267
1.03211
1.0014
1.00285
1.01271
1.01432
1.00061
1.01843
1.00605
1.03025
0.998456
0.999577
1.01304
1.01756
1.01653
1.00918
0.996824
1.02189
1.00123
0.999877
0.999555
1.01507
1.01107
1.00507
1.00122
1.00024
1.00281
1.00268
1.00585
1.00618
1.00279
1.01881
1.00967
1.01839
1.01003
1.00059
1.01156
1.02641
1.00252
1.00241
1.0077
1.00039
1.00443
1.00291
1.00722
1.03412
1.01181
0.999923
1.00013
1.00793
1.00477
1.00376
1.00145
1.00761
1.01623
0.999039
1.00228
1.01119
1.00024
1.00308
1.00398
1.02457
1.0039
0.999159
1.00451
1.00697
0.997058
1.00157
1.01348
1.00913
1.0035
1.00287
1.00681
1.01087
1.01214
1.00366
1.00398
1.00542
1.0076
1.00705
1.00092
1.00634
1.00366
1.00457
1.0036
1.01011
1.01411
1.00076
1.03234
1.00922
1.00297
1.00817
1.00474
1.00885
1.00609
1.00455
1.00753
1.01139
1.00836
0.998754
0.998947
1.00912
1.00185
1.00895
1.00118
1.03226
1.00817
1.0042
1.00515
1.00263
0.998546
1.00205
0.999591
1.01059
1.01417
1.00714
1.01169
1.00671
1.00715
1.00771
1.00445
1.01292
1.01731
1.00595
1.01454
1.00115
1.01576
0.998779
1.00117
1.00056
1.00473
1.00837
1.02612
1.03716
1.01364
1.00422
1.00492
1.00731
1.00179
0.999566
1.03214
1.00824
1.00158
1.00441
1.00398
1.0073
1.00432
1.00134
1.00332
1.01084
1.00263
1.00001
0.999822
0.999444
1.00207
1.00931
1.02336
1.00027
1.00332
1.0144
1.01616
1.00657
1.00163
1.0032
1.00239
1.01073
1.00344
1.00773
1.00866
1.00306
1.00548
1.00332
1.0069
1.00751
1.00076
1.00378
1.00789
1.00421
1.02779
1.00809
1.0127
1.00559
1.01225
1.00932
1.00633
1.00409
1.00892
1.00429
1.00295
1.01124
1.00254
1.01246
1.00835
1.00276
1.01108
1.00495
1.00258
1.00405
1.01859
1.00548
1.00335
1.01037
1.04298
1.01169
1.0104
1.0006
1.00902
1.00075
1.0144
1.00805
1.00138
1.00532
1.01463
1.01784
1.02207
1.00136
1.00099
1.00394
1.0006
1.00359
1.01235
1.01244
1.00387
0.999214
1.0179
1.00507
1.92136
2.14666
1.50869
1.60443
1.61296
1.63666
1.49296
1.93486
1.96477
1.65511
1.23539
2.21065
1.64002
1.94214
1.26136
1.38201
1.26322
2.29342
1.90002
2.22541
1.25736
1.51166
1.59621
1.60814
1.34078
2.03525
1.26664
2.2522
1.37509
1.77522
1.50693
2.06054
1.34149
1.67326
1.43744
1.4534
1.38294
1.27879
1.50388
2.10814
1.63248
1.39937
1.80034
1.33006
1.50127
1.06012
1.85091
1.43022
1.25705
1.54486
1.84729
1.40693
2.15931
2.5082
1.23644
2.06013
1.16606
1.79626
1.35787
1.85519
1.35126
1.2511
1.5207
1.31111
1.72974
1.50972
1.83296
1.31246
1.72207
1.34674
1.70166
1.4073
1.40944
1.35287
2.06405
1.24544
2.19579
2.01251
1.81596
1.86798
1.44463
1.69592
1.60173
1.50769
1.71214
2.01808
1.70225
1.2977
2.0174
1.59357
1.94225
1.27233
1.45973
1.36389
2.25347
1.92816
1.50955
1.76357
1.44093
2.14023
1.77926
1.95254
2.06789
1.65559
1.50127
1.70576
2.03401
1.59231
1.88644
1.33862
1.26208
1.58612
1.40355
2.24682
1.92526
1.31825
1.31878
1.73645
1.47108
1.89833
1.45141
2.21221
1.96834
1.99392
1.74347
1.33055
1.4036
1.50662
1.38773
1.29539
1.7808
1.55313
2.03268
2.03367
2.19789
1.28733
1.34441
1.81403
1.26847
1.50087
1.20468
2.42345
1.56434
1.3486
1.62337
2.27432
1.46966
1.25963
1.32597
1.33394
1.69091
1.50086
1.39206
2.00137
1.53384
1.43809
1.82354
2.13468
1.98951
1.23165
1.31154
2.16508
1.37545
2.55996
1.60279
2.2137
1.63948
1.85867
1.94113
1.27639
1.44458
2.24371
2.24242
1.39443
1.84268
1.38594
2.14863
1.45559
2.49088
2.02525
1.1786
2.01588
1.60881
1.65569
1.21953
1.15434
1.28205
1.61051
1.9104
2.00227
1.82175
1.37485
1.35117
1.3272
1.20694
1.34048
1.85161
1.75114
1.92677
1.68974
2.47762
1.42172
1.6662
1.25408
1.60221
1.28998
1.95879
1.62811
2.29798
1.51218
1.63659
1.24802
1.6976
1.10951
1.52896
1.79536
1.25071
1.29295
1.30897
1.9087
2.3264
1.41562
1.36517
1.1261
1.58826
1.29616
1.51503
1.41059
1.6516
1.69196
1.86343
1.94093
1.71673
1.41333
1.31641
1.80802
1.84321
1.25759
2.03718
1.60994
1.1766
1.95595
1.9758
1.51796
2.18826
1.59758
1.28025
1.82218
1.33452
1.46252
1.36177
1.89805
1.59806
1.98945
2.46024
1.56011
1.3536
1.82881
1.52972
1.72079
1.28869
1.55774
1.62501
1.39722
1.55516
1.27574
1.82693
1.36661
1.60683
1.90461
1.43405
2.05471
2.4844
1.43904
1.29171
1.89838
1.68081
1.64602
1.52393
1.8619
2.26372
1.4494
1.30292
1.8701
1.43178
1.36745
1.31416
1.54392
1.86703
1.45315
1.65952
1.45382
1.32328
1.84005
1.62824
1.27824
1.77816
1.90642
1.29067
2.1977
1.53714
1.56999
1.34658
1.89199
1.72698
1.69897
1.37261
1.41593
1.49805
1.3493
1.78191
2.21057
1.64297
1.78867
2.37271
1.25453
1.63834
2.03505
1.74977
1.99932
1.44963
1.16491
1.70221
1.88957
1.88935
2.05908
1.21324
1.36342
2.16536
2.07164
1.65378
1.93134
1.64482
1.27296
1.34311
1.61966
1.32552
1.27855
1.81565
1.15558
1.23594
1.5198
1.52527
2.10985
1.32583
1.41743
1.10266
1.79062
1.27672
1.33056
1.30047
1.89545
1.40905
1.25642
1.49154
1.58482
1.25491
1.25022
1.39149
1.42791
1.51134
1.83196
1.30964
2.03327
1.36995
1.88015
1.31413
2.06258
1.21603
1.90559
1.36739
1.61567
1.56269
1.23507
1.65951
2.02859
1.40931
1.23602
1.26178
1.71449
2.00967
1.27424
1.24139
1.91284
1.59078
1.4761
1.38803
1.38325
1.35518
2.21071
1.3604
1.38481
1.30472
1.67512
1.52248
1.72351
1.4373
1.25532
1.37846
1.94674
1.52342
2.09899
1.79681
2.28554
1.32023
1.4083
1.99315
1.94604
1.56715
1.41175
1.09764
1.91321
1.37851
1.7815
1.67269
1.60758
1.63427
2.02874
1.64151
2.06213
1.83006
1.35681
1.67612
2.12235
1.59809
1.66349
2.22555
1.53471
1.94607
1.82269
1.11621
1.28859
1.36746
1.49424
1.23051
1.55904
2.19706
1.44131
1.90766
2.03383
2.47655
1.44013
1.19423
1.67459
1.85136
1.11825
1.82678
1.35989
1.1761
1.31367
1.58494
1.80663
1.42792
1.93787
1.27937
1.43379
1.60385
1.79191
1.39543
1.52155
1.71209
1.61673
1.46497
1.29638
1.96247
1.44442
1.85985
1.55294
1.87301
1.54293
1.44527
1.68912
1.95641
1.92596
1.53177
1.23776
1.70737
1.34159
1.69012
1.15042
1.4228
1.53864
1.87069
1.6625
1.63217
1.46317
1.27801
1.91397
1.18973
1.47907
1.4415
2.24238
1.98151
1.98496
2.05434
1.73399
1.80121
1.29476
2.44373
1.41113
1.68866
1.38062
2.07569
1.44848
1.72378
1.24554
2.06201
1.66047
1.31437
1.55778
1.23466
1.29746
1.24906
1.75126
1.46803
1.68006
1.97596
1.46862
2.07776
1.65109
1.85765
1.27135
2.2362
1.16832
1.6545
1.38813
1.51287
1.52236
1.4614
1.50634
1.99268
1.62861
1.39898
1.32617
2.19773
2.58203
1.49497
1.94511
1.14668
1.65583
1.38388
1.46482
1.56834
1.95733
1.79639
1.40532
1.80796
1.28776
1.65923
1.36926
1.32301
1.9434
1.66869
1.34125
1.29253
1.56755
2.29342
1.40135
1.45066
1.86852
1.37721
1.32151
1.92725
1.85895
1.6043
2.34746
1.54948
2.0412
2.13101
1.51024
1.60856
1.82499
1.46455
1.27721
1.54805
1.78158
1.72756
1.19756
1.17982
1.41424
1.46035
1.22738
1.91149
1.4214
1.79632
2.04524
1.97282
2.12962
1.52364
1.39658
2.01252
1.16476
1.59956
2.244
1.58122
1.84074
1.44588
1.87647
1.60178
1.66227
1.49239
1.42285
1.54195
1.75862
1.46614
1.7503
1.38395
1.81626
1.09935
2.03849
1.36529
1.27809
1.88842
2.24936
1.40554
1.62284
1.55251
1.53077
1.914
1.7399
1.31289
1.65843
1.72065
1.4516
1.8896
1.57552
1.98912
1.96474
1.39278
1.26814
1.9258
1.44403
1.33563
2.19078
1.8365
1.9265
1.53886
1.22109
1.56317
1.72534
2.14781
1.96315
2.11821
1.46552
1.30348
1.2309
1.51491
2.14591
1.39403
1.43358
1.89071
1.59387
1.45958
1.82602
2.26679
1.86213
1.71184
1.64404
2.45655
1.64132
2.39472
1.60413
1.27326
2.30199
1.31304
1.51547
2.00219
1.31783
1.25898
1.66468
1.31551
1.46739
1.57924
1.36367
2.00912
1.65068
1.40127
1.36597
1.64565
1.28167
2.08356
1.76207
1.49026
1.34369
1.96742
1.38654
1.76436
1.63485
1.25399
1.54065
1.48467
1.4135
1.90867
1.85104
2.07182
1.72698
2.21026
1.35996
1.46006
1.71254
1.5623
1.83007
2.08105
2.28414
1.49448
1.34871
1.77887
1.64266
1.86845
1.91506
1.28378
1.46022
1.99451
2.15149
1.89093
1.26803
1.90636
1.70779
1.58317
1.58291
1.61344
1.88066
2.21985
1.57989
1.31842
1.3179
1.23839
1.45496
1.5324
1.8773
2.05089
1.26191
1.40935
1.8817
1.2333
1.40877
1.66921
1.50563
1.45991
1.94168
1.1937
1.50237
1.69806
1.3886
1.06436
1.29633
1.81895
1.55544
1.37116
1.39621
1.37301
1.33517
1.81465
1.78062
1.46209
1.55794
1.46739
1.12246
1.89297
1.77332
1.93307
2.15687
1.53289
1.80249
1.77863
1.35422
1.91282
1.46521
1.50689
1.47498
1.38764
1.45595
1.5793
1.31734
1.34665
1.98867
1.5286
1.39595
1.51904
1.46238
1.18799
2.30538
1.32118
2.20496
1.35537
1.22469
2.03278
1.8489
1.74511
1.29394
1.21387
1.58815
1.80274
1.43983
1.47123
1.52404
2.09321
1.60455
1.37069
1.51126
1.13202
1.64027
1.78506
1.14529
1.6233
1.95231
1.7172
1.84351
1.60179
1.35162
1.81432
1.81635
1.26121
1.55577
1.47672
1.66905
1.60758
1.82371
1.68678
2.03794
2.04696
1.26094
1.38819
1.77209
1.3561
1.51856
1.31383
1.35528
2.17165
1.2796
1.47976
1.88101
1.6747
1.1468
1.43139
2.20215
1.58556
1.2878
1.41788
2.03404
1.27302
1.30252
2.10096
1.10227
1.61665
1.47083
1.88208
1.52635
1.55098
1.28865
1.28752
1.4855
2.01127
1.80798
1.41118
1.53941
1.39181
1.78187
1.37678
1.35897
2.19673
1.54547
2.1712
1.87837
1.70562
1.24873
1.61038
1.81944
1.57299
1.23279
1.88648
1.70579
2.29914
1.41188
1.11449
1.89491
1.93707
2.00713
1.28291
2.06171
1.42982
1.34769
1.91274
1.7349
1.31647
1.50052
1.37498
1.95141
1.30009
1.52832
1.37159
2.22979
1.62915
1.37238
1.37468
2.32315
1.76848
1.29663
1.60148
1.3518
1.72854
1.36957
1.2385
1.42904
2.32658
1.59876
2.28213
2.03027
1.89947
2.07726
1.40812
1.97977
1.30517
1.25576
2.08623
2.00195
1.44048
1.43321
1.54125
1.40601
1.32823
1.24572
1.58602
1.38572
1.26492
1.26742
1.34346
1.38049
1.42071
1.39738
1.79395
1.4445
1.37316
1.80316
1.82078
1.38643
1.8945
1.46508
1.51312
1.59058
1.3125
1.33866
1.48239
1.71832
1.1921
1.37698
1.3179
1.42431
1.28429
2.04165
1.34302
1.45756
2.07499
1.8073
1.69921
1.32083
2.23423
1.72825
1.41962
1.47978
1.59229
1.60706
1.65091
1.71165
1.58735
1.90824
1.5105
1.07143
1.65189
1.72179
1.42295
1.35265
2.10984
1.74499
1.19336
1.89411
1.77369
2.19707
2.06365
1.23732
1.77582
1.31307
1.49297
1.4918
1.28888
1.40271
2.32841
2.30795
1.68909
2.16488
1.51849
1.57464
1.48521
1.37698
1.65952
1.90114
1.32776
1.16383
2.36833
1.73757
173816000.0
146286000.0
238266000.0
197534000.0
177526000.0
141244000.0
204564000.0
155967000.0
205731000.0
262015000.0
602557000.0
167148000.0
160796000.0
163971000.0
211364000.0
267871000.0
192213000.0
165472000.0
203067000.0
168343000.0
213918000.0
256387000.0
217603000.0
265657000.0
339283000.0
150757000.0
225400000.0
178916000.0
260334000.0
217222000.0
272486000.0
153136000.0
395701000.0
172570000.0
353820000.0
343016000.0
368663000.0
421237000.0
243953000.0
169788000.0
192998000.0
359105000.0
228400000.0
456742000.0
305177000.0
712755000.0
214146000.0
166234000.0
402177000.0
155433000.0
152211000.0
426331000.0
172157000.0
142472000.0
467027000.0
187731000.0
526431000.0
140638000.0
293028000.0
208361000.0
390219000.0
266597000.0
197179000.0
585841000.0
159153000.0
288721000.0
203727000.0
243261000.0
183393000.0
256548000.0
179550000.0
451169000.0
271185000.0
292067000.0
150636000.0
472493000.0
161231000.0
146187000.0
153827000.0
163910000.0
275410000.0
217668000.0
219152000.0
217245000.0
187864000.0
180032000.0
172425000.0
218855000.0
145124000.0
228203000.0
146304000.0
418498000.0
236703000.0
254589000.0
147557000.0
163896000.0
344795000.0
239329000.0
295447000.0
137948000.0
154518000.0
159235000.0
162254000.0
296515000.0
147525000.0
149061000.0
165202000.0
183492000.0
177435000.0
277540000.0
335805000.0
242595000.0
261951000.0
150408000.0
164457000.0
325312000.0
433310000.0
211920000.0
310684000.0
167183000.0
209975000.0
139715000.0
155464000.0
165826000.0
232286000.0
485525000.0
348309000.0
209633000.0
276036000.0
440993000.0
142835000.0
164658000.0
188264000.0
143574000.0
137081000.0
282364000.0
425446000.0
218885000.0
629396000.0
287066000.0
553988000.0
154607000.0
151590000.0
408889000.0
167347000.0
155760000.0
287580000.0
607979000.0
397529000.0
427688000.0
152897000.0
268014000.0
208748000.0
163094000.0
191712000.0
244613000.0
233272000.0
142820000.0
184611000.0
437236000.0
270485000.0
152472000.0
291078000.0
137353000.0
219231000.0
145710000.0
292247000.0
173755000.0
207220000.0
377372000.0
249743000.0
148910000.0
150230000.0
285138000.0
145291000.0
237004000.0
173415000.0
311990000.0
152154000.0
139575000.0
584480000.0
168580000.0
304613000.0
159332000.0
528726000.0
539122000.0
277504000.0
201355000.0
153524000.0
164411000.0
185763000.0
425788000.0
251549000.0
449933000.0
556277000.0
214429000.0
145055000.0
234376000.0
164578000.0
158093000.0
143552000.0
240674000.0
242962000.0
531704000.0
241685000.0
355258000.0
160972000.0
162188000.0
159443000.0
200741000.0
154104000.0
320554000.0
163762000.0
551728000.0
318986000.0
246654000.0
417286000.0
398506000.0
372906000.0
183606000.0
160879000.0
301979000.0
325261000.0
606268000.0
274643000.0
361750000.0
283909000.0
370120000.0
255425000.0
221096000.0
236074000.0
159318000.0
165371000.0
289495000.0
469336000.0
158526000.0
165464000.0
507126000.0
144634000.0
276848000.0
606643000.0
244041000.0
143221000.0
214465000.0
133007000.0
232858000.0
397926000.0
167880000.0
421980000.0
234873000.0
519939000.0
154887000.0
218315000.0
137993000.0
147327000.0
219702000.0
377766000.0
199765000.0
262196000.0
240198000.0
449401000.0
258638000.0
150555000.0
276281000.0
189448000.0
376277000.0
170077000.0
349924000.0
204475000.0
144276000.0
326164000.0
165883000.0
145023000.0
217635000.0
293349000.0
170622000.0
158807000.0
163451000.0
289700000.0
164744000.0
142865000.0
346590000.0
410347000.0
171575000.0
175759000.0
442591000.0
386196000.0
259738000.0
136680000.0
409360000.0
156248000.0
391173000.0
256271000.0
190502000.0
132786000.0
271702000.0
162015000.0
156941000.0
243501000.0
146519000.0
285655000.0
200639000.0
201379000.0
248883000.0
145887000.0
253417000.0
224125000.0
374728000.0
317451000.0
447962000.0
197447000.0
145942000.0
168941000.0
158308000.0
152346000.0
548359000.0
231337000.0
212597000.0
219070000.0
148714000.0
245839000.0
597757000.0
152059000.0
174282000.0
143355000.0
162366000.0
450659000.0
331860000.0
149224000.0
141890000.0
249157000.0
155814000.0
235589000.0
321207000.0
316720000.0
273676000.0
217968000.0
190170000.0
145860000.0
659192000.0
473322000.0
275087000.0
306439000.0
205740000.0
274676000.0
304386000.0
680999000.0
131264000.0
285617000.0
437496000.0
217280000.0
175121000.0
252645000.0
420338000.0
196385000.0
314805000.0
438308000.0
416162000.0
243778000.0
214423000.0
281610000.0
176382000.0
415097000.0
182403000.0
414058000.0
203601000.0
443469000.0
174575000.0
345547000.0
250673000.0
276772000.0
185529000.0
278799000.0
428003000.0
169851000.0
136904000.0
246569000.0
538522000.0
482064000.0
204189000.0
152940000.0
440325000.0
342659000.0
206451000.0
280903000.0
273828000.0
363174000.0
360697000.0
257195000.0
145295000.0
312005000.0
324666000.0
248459000.0
212598000.0
257777000.0
240485000.0
378982000.0
319215000.0
284935000.0
158742000.0
382652000.0
177557000.0
251919000.0
156401000.0
470098000.0
348471000.0
133575000.0
159382000.0
245962000.0
313535000.0
620419000.0
158982000.0
373741000.0
193573000.0
170249000.0
200297000.0
250447000.0
137469000.0
239027000.0
153097000.0
239131000.0
396324000.0
295183000.0
158777000.0
253964000.0
196415000.0
185832000.0
224447000.0
153201000.0
195817000.0
673623000.0
414417000.0
397781000.0
324012000.0
353959000.0
228757000.0
190906000.0
265611000.0
172323000.0
167513000.0
148693000.0
226797000.0
678131000.0
234080000.0
213645000.0
552664000.0
143091000.0
372951000.0
641695000.0
313059000.0
254765000.0
150862000.0
264390000.0
158513000.0
501499000.0
261916000.0
320187000.0
185400000.0
287815000.0
208580000.0
206969000.0
250247000.0
175181000.0
571939000.0
166102000.0
373488000.0
185795000.0
242961000.0
185142000.0
177650000.0
449036000.0
158737000.0
170774000.0
146666000.0
263413000.0
369998000.0
221132000.0
181870000.0
242647000.0
532915000.0
384993000.0
309434000.0
171518000.0
197830000.0
292320000.0
272028000.0
384637000.0
144978000.0
434825000.0
170053000.0
229321000.0
150319000.0
158095000.0
178040000.0
162990000.0
184398000.0
189651000.0
494601000.0
155218000.0
282231000.0
153944000.0
275606000.0
155298000.0
274022000.0
175494000.0
364474000.0
140618000.0
225835000.0
476370000.0
259237000.0
535580000.0
380119000.0
551066000.0
144423000.0
239296000.0
174277000.0
184027000.0
239929000.0
136752000.0
162659000.0
245144000.0
283881000.0
138130000.0
567362000.0
163005000.0
346379000.0
208775000.0
318773000.0
248742000.0
195942000.0
194907000.0
243858000.0
410225000.0
366057000.0
157766000.0
150112000.0
332206000.0
168867000.0
624520000.0
161166000.0
169029000.0
314822000.0
228235000.0
163775000.0
155726000.0
244299000.0
180154000.0
533760000.0
203580000.0
377389000.0
441498000.0
145754000.0
257116000.0
302917000.0
401749000.0
196294000.0
140918000.0
299976000.0
188997000.0
194658000.0
289104000.0
429353000.0
159434000.0
157377000.0
273955000.0
144161000.0
246439000.0
160896000.0
157717000.0
206486000.0
253926000.0
166778000.0
360870000.0
513413000.0
252341000.0
203999000.0
207636000.0
502782000.0
602999000.0
407852000.0
227540000.0
483360000.0
185880000.0
305775000.0
233661000.0
153043000.0
182376000.0
174329000.0
292008000.0
189148000.0
149833000.0
635339000.0
203431000.0
174940000.0
276434000.0
144005000.0
287774000.0
187048000.0
230353000.0
217647000.0
256086000.0
328306000.0
233904000.0
145855000.0
163612000.0
177569000.0
291642000.0
172337000.0
661754000.0
148645000.0
345716000.0
327619000.0
166281000.0
158373000.0
319435000.0
266266000.0
165633000.0
212291000.0
163746000.0
191305000.0
468320000.0
169381000.0
248267000.0
244281000.0
152042000.0
302142000.0
160078000.0
167947000.0
234732000.0
426035000.0
155098000.0
288222000.0
212373000.0
160368000.0
163189000.0
183439000.0
210429000.0
466062000.0
286085000.0
193504000.0
134313000.0
210193000.0
152388000.0
331005000.0
453646000.0
402211000.0
259144000.0
163168000.0
351774000.0
357072000.0
168190000.0
249015000.0
232235000.0
172800000.0
141073000.0
180700000.0
189468000.0
261508000.0
146748000.0
245757000.0
154981000.0
280269000.0
349042000.0
139764000.0
434020000.0
333822000.0
138243000.0
340220000.0
335011000.0
262420000.0
401560000.0
383501000.0
285488000.0
274164000.0
136801000.0
209821000.0
255865000.0
345732000.0
188638000.0
198373000.0
167830000.0
195519000.0
181461000.0
307820000.0
151367000.0
351255000.0
204580000.0
233778000.0
223561000.0
261765000.0
255437000.0
301720000.0
150096000.0
184604000.0
143139000.0
202055000.0
176466000.0
369239000.0
352775000.0
169075000.0
193277000.0
199471000.0
150726000.0
147623000.0
199292000.0
422617000.0
214768000.0
192362000.0
191537000.0
179299000.0
489475000.0
180534000.0
212644000.0
169165000.0
166389000.0
357163000.0
182356000.0
222277000.0
271617000.0
223108000.0
174532000.0
149276000.0
180436000.0
197645000.0
421586000.0
336765000.0
422492000.0
255643000.0
268860000.0
163125000.0
193943000.0
270758000.0
500038000.0
159064000.0
499842000.0
301228000.0
154367000.0
285593000.0
242871000.0
166747000.0
550189000.0
301751000.0
192551000.0
188569000.0
738949000.0
321864000.0
211594000.0
234396000.0
340692000.0
249211000.0
254528000.0
231062000.0
240963000.0
141514000.0
174616000.0
306033000.0
219091000.0
658189000.0
170367000.0
179324000.0
201511000.0
160917000.0
223280000.0
160287000.0
135122000.0
262330000.0
149558000.0
265548000.0
164034000.0
387057000.0
290778000.0
228688000.0
299534000.0
256091000.0
307506000.0
149687000.0
313319000.0
280685000.0
161246000.0
141394000.0
609411000.0
150491000.0
418656000.0
174252000.0
269044000.0
409903000.0
174741000.0
219119000.0
213417000.0
503312000.0
461699000.0
215362000.0
161080000.0
222583000.0
324545000.0
152073000.0
158229000.0
172986000.0
181030000.0
275725000.0
571437000.0
195313000.0
186499000.0
482317000.0
186132000.0
183381000.0
170424000.0
156380000.0
260451000.0
290978000.0
155328000.0
166945000.0
411764000.0
281690000.0
285559000.0
183335000.0
279331000.0
197968000.0
194249000.0
168711000.0
206669000.0
471484000.0
316886000.0
178074000.0
337675000.0
335003000.0
388165000.0
297680000.0
195336000.0
211784000.0
294394000.0
195347000.0
237611000.0
568852000.0
308320000.0
146418000.0
215974000.0
219763000.0
396197000.0
207721000.0
369495000.0
367348000.0
135279000.0
657364000.0
209483000.0
397462000.0
173939000.0
240303000.0
160149000.0
248857000.0
284316000.0
265301000.0
194503000.0
141347000.0
277774000.0
215159000.0
226813000.0
213084000.0
244628000.0
289703000.0
213657000.0
249911000.0
133675000.0
226559000.0
162769000.0
397063000.0
229705000.0
169356000.0
319955000.0
416731000.0
225766000.0
215185000.0
136504000.0
424047000.0
575352000.0
185529000.0
188927000.0
171404000.0
408558000.0
169893000.0
245564000.0
251857000.0
223566000.0
167819000.0
264279000.0
255782000.0
299601000.0
153777000.0
310737000.0
314464000.0
201917000.0
139407000.0
206132000.0
259029000.0
276982000.0
147797000.0
201013000.0
302383000.0
216100000.0
496146000.0
155908000.0
268386000.0
424107000.0
286991000.0
170947000.0
205471000.0
175045000.0
160076000.0
174014000.0
168659000.0
436284000.0
168337000.0
368497000.0
326350000.0
147963000.0
177572000.0
360948000.0
362448000.0
273923000.0
284771000.0
244701000.0
406038000.0
281597000.0
262113000.0
327766000.0
311323000.0
546839000.0
253343000.0
263998000.0
296116000.0
198357000.0
234381000.0
416639000.0
203055000.0
192242000.0
212957000.0
142723000.0
362972000.0
220594000.0
260639000.0
272844000.0
418248000.0
246963000.0
171712000.0
511695000.0
409781000.0
377436000.0
209489000.0
396636000.0
160350000.0
329242000.0
202920000.0
194288000.0
197687000.0
197912000.0
390307000.0
156334000.0
242289000.0
232009000.0
280335000.0
195435000.0
229643000.0
189351000.0
176773000.0
277304000.0
138206000.0
250024000.0
707355000.0
206920000.0
228249000.0
364058000.0
368014000.0
166698000.0
189398000.0
431630000.0
163972000.0
145489000.0
158569000.0
144469000.0
476324000.0
157109000.0
328421000.0
342159000.0
325903000.0
267006000.0
294514000.0
150478000.0
150194000.0
173497000.0
148840000.0
263538000.0
242335000.0
403921000.0
231134000.0
248938000.0
202434000.0
326666000.0
471574000.0
139607000.0
170930000.0
