1.01734
1.02729
1.06085
1.06424
1.01289
1.01337
1.02694
1.02369
1.01893
1.05282
0.997134
1.01579
1.01083
1.01649
1.03398
1.03252
1.01118
1.04761
1.03165
1.0058
1.15217
1.00991
0.999625
1.03581
1.02013
1.02362
1.01826
1.02476
1.06367
1.0415
1.0685
1.03017
1.00883
1.13406
1.02173
1.025
1.01046
1.08134
1.02748
0.992393
1.06333
1.04367
1.04495
1.02588
1.01884
1.03201
1.20832
1.01196
1.05119
1.05321
1.02714
1.02046
1.00712
1.12425
1.03426
1.03118
1.01519
1.02858
1.02718
1.02628
1.09728
1.01027
1.03044
1.00096
1.01495
1.02662
1.01728
1.03316
1.02987
1.1405
1.02185
1.02846
1.07276
1.05852
1.03059
1.02836
1.04024
1.03168
1.01403
1.0317
1.01367
1.07166
1.03007
1.0475
1.03247
1.01218
1.02428
1.01541
0.997271
1.01672
1.0343
1.02637
0.996948
1.00809
1.02677
1.01361
1.04595
1.0281
1.02058
1.03777
1.02409
1.08085
1.02997
1.0273
1.02495
1.04052
1.17492
1.02556
1.05353
1.02819
1.01922
1.015
1.0019
1.04397
1.00816
1.05818
1.07296
1.01231
1.17986
1.00864
1.01258
1.01166
0.99725
1.03054
1.00054
1.0097
1.02083
1.00765
1.03382
1.03314
1.06243
1.0239
1.01231
1.07072
1.01442
1.02349
1.01277
1.01886
1.0182
1.02895
1.02854
1.0293
1.02604
1.02605
1.22675
1.03138
1.01533
1.02994
1.013
1.02132
1.0322
1.02913
1.02184
1.07336
1.02505
1.02001
1.02288
1.02058
1.03138
1.21412
1.03349
1.01015
1.02922
1.04226
1.038
1.01146
1.11231
1.0164
1.01262
1.02454
1.03411
0.994445
1.06885
1.00013
1.02305
1.03411
1.00911
1.02984
1.03992
1.03533
1.01556
1.01689
1.02776
1.01939
1.07212
1.01146
1.016
1.00924
1.02681
1.06971
1.04959
1.02776
1.02776
1.02855
1.021
1.0261
1.0027
1.02966
1.02786
1.03105
1.01993
1.00875
1.05336
1.02796
1.00297
1.02762
1.03176
1.02873
1.02831
1.00933
1.17033
1.00729
1.03301
1.07892
1.02377
1.02492
1.01864
1.03058
1.06059
1.01098
1.0411
1.03005
1.04907
1.01223
1.09475
1.0177
1.03346
1.02236
1.02517
1.0132
1.05496
1.03548
1.023
1.03076
1.00186
1.01275
1.00237
1.02679
1.00705
1.02255
1.01552
1.01992
1.03423
1.02659
1.01568
1.02212
1.02974
1.02715
1.03127
1.0222
1.02182
1.02274
1.02038
1.01184
1.06735
1.09516
1.02012
1.02579
1.02505
1.06024
1.01783
1.01683
1.02112
1.01788
1.02543
1.01631
1.02169
1.02765
1.05417
1.03064
0.999917
1.01566
1.02853
1.00997
1.03159
1.22642
1.03758
1.02626
1.01237
1.02614
1.03391
1.0135
1.05297
1.02652
1.02358
1.01855
1.04969
1.0351
1.01911
1.13745
1.05874
1.02215
1.01172
1.00259
1.02162
1.00115
1.02006
1.02674
1.00324
1.021
1.01791
1.0623
1.05955
1.02723
1.01589
1.01102
1.01583
1.02495
1.0017
0.999877
1.03235
1.01222
1.00972
1.0108
1.00068
1.06988
1.02334
0.99725
1.02772
1.07539
0.999727
0.997991
1.02193
1.02797
1.01597
1.06508
1.02385
1.02542
1.01012
1.01698
1.04721
1.02437
1.0377
1.05174
1.05047
1.03244
1.00976
1.03433
1.03576
1.0175
1.02782
1.02638
1.01898
0.999148
1.03345
1.02571
0.996848
1.02832
0.995836
1.14206
1.08093
1.03691
1.03141
1.03208
1.02111
1.17494
1.08606
1.03174
1.07147
1.00989
1.19064
1.02352
1.01969
1.03042
1.03519
1.03472
1.01373
1.0587
1.02542
1.02201
1.01602
0.999128
1.02284
1.01929
1.05973
1.01376
1.01732
1.0893
1.01996
1.04972
1.12707
1.00084
1.03073
1.03508
1.01201
1.09785
1.06214
1.02461
1.0284
1.03371
0.999184
1.0146
1.01878
1.05295
1.0265
1.01719
1.05487
1.05237
1.02518
1.03372
1.03133
1.02446
1.02336
1.03305
1.03595
1.04928
1.01764
1.01766
1.01814
1.00958
1.02533
1.03446
1.02133
1.0121
1.06591
1.02851
1.03554
1.03532
1.025
1.0217
1.01162
1.01793
1.04547
1.02614
1.02734
1.01702
1.02722
1.02589
1.08208
1.01608
1.02455
1.0605
1.06188
1.02921
1.02393
1.02769
1.01003
0.999488
1.03141
1.00749
1.02682
1.03296
1.04825
0.997192
1.02561
1.01499
1.02067
1.06946
1.01874
1.02393
1.00143
1.07093
1.07321
1.01855
1.01945
1.03111
1.01973
1.03164
1.03096
1.17588
1.01912
1.01772
1.0292
1.02882
1.01867
1.01122
1.02498
1.01999
1.03589
0.996823
1.07416
1.03053
1.00142
1.0272
1.00466
1.01405
1.03138
1.01147
1.02671
1.02255
1.07852
1.02066
1.03776
1.0371
1.0142
1.03023
1.03029
1.08646
1.01903
1.01284
1.06603
1.02745
1.03316
1.01939
1.01085
1.02848
1.01763
1.02576
1.06781
1.15493
1.026
1.00755
1.19698
1.02886
1.01997
1.0091
1.0309
1.07716
1.03869
1.08518
1.02194
1.0167
1.07455
1.02867
1.01563
1.07066
1.01084
1.03318
1.03992
1.02646
1.05119
1.19954
1.02473
1.0256
1.01264
1.02774
1.06058
1.01822
1.01947
1.03147
1.02259
1.01065
1.0152
1.04212
1.04758
1.13586
1.01979
1.02812
1.03721
1.0793
1.02287
1.03152
1.01173
1.0506
1.03739
1.02167
1.0163
1.01634
1.0826
1.18254
1.09036
1.07575
1.00157
1.17493
1.03635
1.02684
1.0238
1.02307
1.00024
1.01552
1.01207
1.03621
0.996851
1.02477
1.04014
1.03648
1.0015
1.03001
1.05998
1.02898
1.02809
1.02123
1.00884
1.03909
1.08252
1.05726
1.07058
1.02629
1.02044
1.02646
1.03937
1.0089
1.02004
1.02725
1.01783
1.02865
1.03533
1.03054
1.00887
1.00718
1.02605
1.01948
1.01549
1.02358
1.03232
1.02426
1.00648
1.01993
1.02758
1.07853
1.00059
1.01504
1.08766
1.2086
1.21232
1.03214
1.02484
1.01953
1.00213
1.02265
1.02038
1.02685
1.01908
1.02237
1.02291
1.19363
1.03379
1.02145
1.02964
1.02501
1.03253
1.04477
1.01427
1.02021
1.02925
1.06355
1.03234
1.02276
1.10543
1.02342
1.02875
1.02774
1.03221
1.00665
1.00855
1.0308
1.01386
1.09027
1.19188
1.01774
1.01999
1.00493
1.03437
1.02719
1.0229
1.03382
1.03156
1.09896
1.07206
1.14552
1.02556
1.01698
1.02576
0.998939
1.01974
1.00974
1.02887
1.03628
1.01567
1.0234
1.009
1.03322
1.00075
1.02128
1.00188
1.03108
1.06296
1.02188
1.03252
1.02064
1.02198
1.03068
1.08482
1.03864
1.03027
1.04599
1.01469
1.02081
1.02739
1.19081
1.05308
1.01619
1.01742
1.02609
1.02705
1.02392
1.04947
1.00698
1.0269
1.03445
1.01442
1.02648
1.00184
1.06029
1.02688
1.0293
1.02375
1.03072
1.01648
1.0181
1.01832
1.03929
1.00373
1.02234
1.07162
1.02301
1.02442
1.02669
1.08147
1.00877
1.02563
1.02464
1.0209
1.0278
1.00683
1.0313
1.01917
1.02072
1.00429
1.03805
1.02758
0.997405
1.00904
1.02775
1.06083
1.04577
1.00694
1.0243
1.02592
1.01048
1.01456
1.19527
1.04398
1.03804
1.03325
1.05668
1.03039
1.01472
1.01334
1.01866
1.02291
1.04886
1.18318
1.00145
1.072
1.031
1.03776
1.02255
1.02523
1.01744
1.01804
1.15628
1.21564
1.0246
1.00941
1.03569
1.0235
1.02104
1.02338
1.02135
1.01971
1.03322
1.0025
1.01083
1.07144
1.01884
1.02906
1.02968
1.0254
1.0497
1.05687
1.0342
1.05507
1.03027
1.00966
1.02425
1.02153
1.00867
1.04473
1.03194
1.00384
1.01383
1.01441
1.08835
1.01856
1.01092
1.06753
1.02137
1.00329
1.01293
1.03369
1.01949
1.01848
1.00425
1.02531
1.02901
1.06942
1.01936
1.02094
1.02399
1.01429
1.02824
1.02407
1.02673
1.02552
1.21776
1.00444
1.03097
1.03708
1.00889
1.03235
1.0738
1.06459
1.0117
1.0194
1.01281
1.03332
1.0299
1.04004
1.03034
1.16378
1.05659
1.02348
1.07004
1.0328
1.06426
1.04085
1.02247
1.02087
1.02682
1.01739
1.01029
1.08054
1.02983
1.02578
1.02345
1.15162
1.05481
1.01915
1.02044
1.02283
1.02399
1.05402
1.03037
1.02595
1.03395
1.02769
1.07313
1.00024
1.01911
1.12191
1.03283
1.03046
1.0457
1.00094
1.02093
1.05927
1.02793
1.00937
1.027
1.09175
1.03062
1.22175
1.02572
1.05608
1.02808
1.00728
1.03547
1.02947
1.03274
1.02445
1.01126
1.02291
1.02644
1.04565
1.02547
0.99998
1.0233
1.05825
1.03355
1.02366
1.06634
1.02843
1.02754
1.02005
0.996833
1.04244
1.00454
1.00968
1.09071
1.0079
1.0196
1.02923
1.00796
1.02253
1.03285
1.03407
1.01685
1.02957
1.00709
1.0054
1.02856
1.01078
1.02561
1.05038
1.03749
1.01316
1.01715
1.00152
1.0342
1.10578
1.03252
1.02679
1.04364
1.04997
1.09327
1.04239
1.07698
1.02063
1.01341
1.05013
1.01859
1.02106
1.02396
1.07916
1.00771
1.21421
1.02701
1.03066
1.02843
1.00162
1.02915
1.03659
1.04916
1.02996
1.00483
1.07619
1.09543
1.01077
1.02406
1.034
1.02568
1.02802
1.02901
1.01882
1.00951
1.03169
1.02737
1.02333
1.06308
0.998323
1.00788
1.01246
1.06126
1.02889
1.01454
1.02988
1.006
1.02246
1.02741
1.03242
1.02902
1.02319
1.19998
1.09977
1.07264
1.05046
1.01465
1.20689
1.02846
1.0071
1.02203
1.03055
1.0131
1.0382
1.02507
1.0063
1.01208
1.15235
1.00658
1.04821
1.01903
1.05985
1.05425
1.03582
1.01943
1.14706
1.02473
1.06889
1.15094
1.0073
1.01262
1.02744
1.00133
1.02867
1.02057
1.0222
1.05327
1.01756
1.01954
1.41011
1.10104
1.06085
1.121
1.49614
1.01337
1.35843
1.35876
1.07122
1.05282
0.997134
1.04818
1.09664
1.0422
1.27999
1.12828
1.08756
1.08119
1.0383
1.37134
1.35271
1.05939
0.999625
1.03581
1.15111
1.40052
1.09888
1.2669
1.09191
1.23693
1.13331
1.27723
1.36326
1.28984
1.413
1.11946
1.50496
1.17358
1.02748
0.992393
1.25637
1.13912
1.04495
1.12704
1.01884
1.14908
1.83546
1.48523
1.07444
1.23306
1.02771
1.05399
1.00949
1.20927
1.1611
1.32145
1.39774
1.32009
1.48794
1.13121
1.18011
1.52343
1.11856
1.00096
1.46693
1.41037
1.14475
1.27062
1.36307
1.35687
1.04667
1.21306
1.12024
1.05852
1.21577
1.13492
1.14031
1.29711
1.04611
1.33866
1.46181
1.10053
1.23377
1.08627
1.03247
1.02446
1.37642
1.01541
0.997271
1.10628
1.24404
1.38121
0.996948
1.50514
1.41222
1.01361
1.07544
1.34395
1.31258
1.27884
1.36819
1.28089
1.15124
1.12842
1.09691
1.11439
1.85988
1.28133
1.08343
1.06945
1.01922
1.39278
1.0019
1.06109
1.04438
1.06576
1.13564
1.03894
1.31104
1.00864
1.01258
1.01837
0.99725
1.16191
1.00054
1.01395
1.23823
1.00992
1.0618
1.31745
1.21443
1.38207
1.01231
1.145
1.50639
1.15902
1.01277
1.2679
1.43952
1.10418
1.23099
1.21302
1.49223
1.4187
1.82961
1.22823
1.32651
1.36816
1.013
1.15939
1.2069
1.23545
1.08496
1.25865
1.28011
1.03689
1.38478
1.49601
1.34326
1.72153
1.16848
1.01877
1.22536
1.08527
1.10223
1.37224
1.21093
1.51529
1.53327
1.15985
1.2615
0.994444
1.09697
1.00013
1.43734
1.21077
1.02087
1.15627
1.14936
1.2296
1.04665
1.07754
1.24804
1.14216
1.13627
1.01146
1.47631
1.47367
1.31956
1.06971
1.13259
1.11632
1.33693
1.14592
1.29347
1.21084
1.0027
1.12526
1.27415
1.36643
1.01993
1.50087
1.05809
1.19952
1.43051
1.42566
1.25284
1.03672
1.06277
1.02076
1.50087
1.48882
1.49959
1.07892
1.39148
1.25212
1.45218
1.35094
1.06059
1.34223
1.12123
1.28937
1.04907
1.53802
1.09475
1.393
1.25533
1.48049
1.1404
1.47004
1.12458
1.21623
1.26151
1.1546
1.00186
1.01275
1.02231
1.27904
1.00705
1.4226
1.43638
1.3049
1.05689
1.25808
1.14644
1.44069
1.20965
1.26555
1.25497
1.19086
1.37903
1.12435
1.09732
1.01184
1.17296
1.09516
1.50748
1.02578
1.16563
1.1074
1.04215
1.30101
1.16516
1.34802
1.3393
1.4443
1.02169
1.17883
1.05417
1.17969
0.999917
1.0929
1.35671
1.43863
1.28351
1.70912
1.27722
1.13386
1.06301
1.05557
1.43543
1.0135
1.05297
1.19006
1.10952
1.08976
1.04969
1.25217
1.38865
1.45822
1.06647
1.10377
1.01172
1.00259
1.11867
1.00115
1.38467
1.13789
1.00324
1.43662
1.48043
1.16207
1.13307
1.24973
1.43662
1.49759
1.4152
1.31173
1.0017
0.999877
1.20786
1.03197
1.3864
1.0108
1.00068
1.06988
1.07159
0.99725
1.30145
1.07843
0.999727
0.997991
1.34545
1.19336
1.47073
1.06508
1.15268
1.38735
1.43505
1.36128
1.10465
1.08009
1.20556
1.05174
1.18105
1.16058
1.00976
1.22161
1.31273
1.46186
1.30655
1.34936
1.37593
0.999148
1.28347
1.05624
1.00039
1.36023
0.995836
1.36199
1.10905
1.18658
1.03141
1.14255
1.05613
1.4284
1.16172
1.28232
1.07147
1.00989
1.60946
1.1233
1.01969
1.06158
1.03519
1.31176
1.47275
1.24311
1.29299
1.02201
1.47341
1.00015
1.06543
1.07674
1.10152
1.03307
1.41722
1.23699
1.21068
1.04972
1.31684
1.00084
1.22678
1.25902
1.51006
1.09785
1.13507
1.09821
1.21165
1.17952
0.999184
1.44667
1.33137
1.13719
1.32411
1.4029
1.05487
1.05237
1.24787
1.03802
1.26546
1.21885
1.17058
1.18166
1.15523
1.04928
1.01764
1.01766
1.45267
1.50247
1.1412
1.15777
1.34563
1.40982
1.2453
1.07953
1.2967
1.18271
1.10793
1.40811
1.46387
1.1343
1.04546
1.38126
1.20933
1.46936
1.42124
1.11628
1.14412
1.41457
1.47947
1.24553
1.06207
1.3099
1.04008
1.29267
1.52233
0.999488
1.38517
1.00749
1.14757
1.04871
1.04825
0.997191
1.11097
1.42696
1.26006
1.26465
1.45764
1.08115
1.00143
1.21697
1.25024
1.43859
1.43385
1.13992
1.01973
1.06043
1.31328
1.61579
1.32372
1.38625
1.29079
1.26017
1.04054
1.01122
1.06098
1.20265
1.17404
0.996823
1.07416
1.20118
1.00142
1.13617
1.00466
1.01405
1.27832
1.01147
1.31164
1.10196
1.2127
1.44854
1.03776
1.26866
1.25885
1.23137
1.38951
1.2315
1.01903
1.38173
1.07536
1.27675
1.25733
1.25169
1.5785
1.26894
1.04246
1.28197
1.06781
1.28704
1.19039
1.01112
1.63697
1.30484
1.02907
1.0091
1.28049
1.17942
1.21298
1.17517
1.13699
1.48014
1.11706
1.11326
1.44046
1.07066
1.42468
1.23121
1.28319
1.17832
1.05119
1.74786
1.39807
1.29074
1.44402
1.18611
1.07146
1.13513
1.37628
1.38608
1.30736
1.01065
1.0152
1.05745
1.14085
1.33324
1.03871
1.2007
1.40459
1.10825
1.36781
1.46995
1.01173
1.14192
1.27858
1.06466
1.33534
1.01634
1.23221
1.61107
1.15929
1.28879
1.00157
1.76458
1.30157
1.22561
1.22588
1.13987
1.00024
1.04924
1.01207
1.06871
0.996851
1.11148
1.26485
1.31817
1.00453
1.13445
1.12517
1.15289
1.31033
1.18474
1.00884
1.07914
1.12696
1.05726
1.10905
1.23018
1.1164
1.26398
1.14179
1.01614
1.11216
1.38064
1.01783
1.17644
1.19326
1.04527
1.00887
1.00718
1.02605
1.15451
1.46612
1.44264
1.25449
1.02425
1.00648
1.01993
1.37135
1.11966
1.00059
1.11472
1.14888
1.59496
1.52876
1.29582
1.30991
1.46838
1.00213
1.02265
1.13454
1.44331
1.46781
1.07259
1.21512
1.26707
1.19463
1.49658
1.26304
1.04199
1.15513
1.24333
1.51493
1.43891
1.28812
1.22498
1.39207
1.11294
1.16065
1.43607
1.04168
1.02774
1.23986
1.51774
1.00906
1.1984
1.4337
1.09027
1.89171
1.34048
1.32148
1.5156
1.29958
1.21948
1.10449
1.14655
1.44436
1.09896
1.07722
1.37442
1.34538
1.03444
1.42433
0.998939
1.01974
1.50117
1.26331
1.03628
1.3601
1.30786
1.03326
1.31274
1.00075
1.20143
1.00188
1.1343
1.31709
1.02188
1.13458
1.39543
1.36212
1.21575
1.14299
1.28362
1.225
1.04599
1.09803
1.12248
1.41162
2.06187
1.15873
1.43748
1.37762
1.49839
1.29672
1.0792
1.04947
1.00698
1.14583
1.31855
1.39902
1.11851
1.00184
1.24888
1.06819
1.22222
1.08452
1.22731
1.12698
1.02642
1.01854
1.09045
1.01036
1.07308
1.07162
1.27434
1.0863
1.17688
1.08147
1.02729
1.31186
1.23138
1.28058
1.43202
1.00683
1.0313
1.40647
1.09356
1.01948
1.06188
1.15912
0.997405
1.01374
1.12674
1.07457
1.04577
1.43713
1.11797
1.17333
1.42729
1.09067
1.42264
1.17795
1.28096
1.21663
1.05668
1.11437
1.019
1.51714
1.06213
1.29813
1.04886
1.85077
1.00145
1.20485
1.3008
1.10031
1.10687
1.24439
1.06505
1.01804
1.03945
1.42105
1.40202
1.43629
1.27879
1.08203
1.06279
1.09779
1.21246
1.12297
1.21262
1.0025
1.43931
1.07144
1.41662
1.23705
1.17205
1.30312
1.14663
1.12435
1.2077
1.05507
1.41712
1.00966
1.37039
1.14671
1.01154
1.04473
1.17693
1.00384
1.50034
1.01441
1.12198
1.01856
1.03771
1.17778
1.33678
1.00329
1.08797
1.03369
1.34041
1.23928
1.00425
1.06537
1.29635
1.09969
1.02635
1.43076
1.18755
1.40362
1.09198
1.2743
1.05494
1.22741
1.8387
1.00444
1.03097
1.1877
1.00889
1.17464
1.13001
1.16488
1.47877
1.41403
1.41897
1.12031
1.17941
1.14649
1.1218
1.81335
1.08649
1.3454
1.11923
1.33872
1.06426
1.41775
1.02247
1.22994
1.06561
1.50235
1.02438
1.09062
1.12684
1.37306
1.40954
1.25766
1.14128
1.43594
1.16926
1.4239
1.39
1.13912
1.19819
1.16907
1.2438
1.18071
1.1074
1.00761
1.33527
1.2378
1.24783
1.22677
1.08986
1.00094
1.18253
1.27747
1.25517
1.07493
1.41909
1.14008
1.26143
1.9548
1.02572
1.0634
1.13845
1.00728
1.22038
1.2474
1.27392
1.10677
1.06334
1.05152
1.18409
1.10201
1.11228
0.999979
1.18194
1.05825
1.04111
1.12426
1.06634
1.10322
1.17771
1.02005
0.996833
1.12105
1.00454
1.04297
1.09071
1.0079
1.47681
1.37011
1.00796
1.03438
1.3724
1.06003
1.4018
1.2536
1.00709
1.55492
1.13084
1.56412
1.38152
1.1518
1.14367
1.0596
1.54019
1.40416
1.28158
1.10578
1.26434
1.20672
1.1657
1.09065
1.16772
1.33163
1.15469
1.53966
1.04125
1.15297
1.44367
1.26518
1.20457
1.13309
1.46927
1.76606
1.22355
1.32135
1.24283
1.00162
1.31535
1.09661
1.05532
1.3443
1.00483
1.31093
1.12772
1.01077
1.09198
1.06774
1.12038
1.25242
1.2326
1.25634
1.521
1.26311
1.15927
1.07118
1.13416
0.999471
1.08373
1.14547
1.10355
1.21335
1.47629
1.44059
1.5691
1.12814
1.02741
1.14863
1.34055
1.10338
1.64857
1.16559
1.12259
1.15537
1.38546
1.41068
1.40855
1.0071
1.02203
1.23201
1.47673
1.16856
1.06475
1.0063
1.01635
1.56019
1.00658
1.14483
1.36262
1.05985
1.13351
1.2321
1.34758
1.39223
1.42522
1.11803
1.31346
1.52128
1.56322
1.10708
1.00133
1.2246
1.29848
1.41973
1.11987
1.13304
1.41238
158510000.0
272351000.0
345531000.0
326062000.0
145973000.0
280506000.0
166134000.0
157482000.0
225936000.0
431971000.0
282562000.0
245084000.0
233918000.0
234040000.0
181643000.0
202520000.0
234260000.0
347726000.0
312397000.0
140923000.0
478166000.0
230695000.0
278265000.0
563868000.0
211274000.0
155515000.0
213089000.0
156201000.0
313628000.0
185352000.0
338168000.0
168485000.0
148806000.0
506964000.0
152809000.0
217643000.0
139271000.0
292580000.0
456795000.0
290088000.0
355505000.0
343425000.0
634187000.0
214626000.0
247230000.0
213644000.0
301230000.0
151321000.0
432405000.0
301702000.0
351957000.0
242678000.0
253682000.0
499846000.0
356823000.0
159245000.0
162180000.0
167152000.0
146474000.0
219816000.0
500971000.0
133204000.0
219173000.0
262514000.0
146414000.0
159386000.0
204439000.0
182748000.0
161191000.0
436192000.0
236024000.0
190409000.0
620462000.0
637584000.0
192846000.0
207666000.0
301846000.0
178862000.0
224355000.0
168889000.0
139464000.0
298520000.0
174849000.0
396019000.0
357582000.0
261911000.0
158607000.0
276811000.0
266909000.0
227643000.0
180218000.0
159913000.0
287094000.0
146247000.0
159657000.0
328007000.0
311182000.0
175104000.0
177030000.0
187695000.0
156833000.0
340014000.0
216918000.0
220474000.0
219078000.0
329268000.0
309961000.0
169688000.0
385722000.0
231709000.0
230243000.0
154140000.0
267795000.0
704795000.0
251665000.0
588758000.0
326241000.0
245371000.0
414375000.0
325009000.0
247388000.0
242167000.0
273926000.0
191651000.0
275061000.0
247330000.0
193982000.0
295282000.0
213559000.0
174051000.0
380529000.0
155444000.0
769548000.0
310574000.0
150173000.0
211093000.0
400844000.0
178338000.0
146663000.0
218911000.0
187719000.0
197270000.0
146441000.0
155972000.0
305383000.0
185882000.0
150875000.0
156731000.0
458289000.0
215627000.0
200734000.0
191929000.0
223347000.0
351327000.0
173555000.0
275751000.0
160759000.0
142654000.0
172166000.0
324470000.0
207543000.0
388965000.0
187803000.0
318753000.0
303245000.0
150820000.0
546639000.0
143417000.0
138271000.0
212603000.0
169102000.0
278066000.0
410532000.0
264364000.0
156039000.0
191691000.0
243015000.0
213156000.0
352288000.0
188425000.0
231066000.0
231950000.0
195673000.0
209097000.0
499022000.0
387271000.0
147032000.0
141313000.0
172096000.0
465405000.0
343354000.0
207880000.0
165380000.0
207563000.0
171326000.0
199623000.0
264274000.0
213205000.0
192582000.0
158313000.0
640036000.0
141428000.0
564489000.0
186354000.0
142390000.0
160313000.0
160513000.0
218041000.0
223683000.0
255952000.0
469030000.0
137048000.0
143018000.0
345670000.0
157976000.0
183826000.0
146453000.0
158750000.0
425946000.0
146417000.0
462234000.0
179145000.0
493980000.0
138960000.0
439827000.0
156270000.0
193299000.0
152400000.0
200958000.0
143095000.0
277259000.0
181245000.0
178825000.0
218496000.0
300792000.0
323042000.0
270070000.0
164009000.0
259758000.0
153105000.0
157053000.0
183596000.0
218839000.0
182243000.0
220862000.0
145615000.0
192159000.0
188752000.0
186446000.0
195663000.0
167397000.0
221351000.0
224002000.0
241978000.0
340736000.0
557022000.0
145951000.0
415441000.0
200333000.0
509975000.0
252084000.0
176175000.0
209391000.0
166545000.0
180605000.0
147655000.0
617362000.0
214937000.0
623321000.0
185126000.0
268861000.0
230451000.0
168843000.0
147209000.0
189580000.0
343855000.0
182910000.0
213793000.0
245876000.0
233050000.0
150482000.0
254248000.0
384754000.0
196951000.0
229687000.0
238905000.0
419590000.0
185592000.0
161542000.0
477943000.0
517970000.0
225410000.0
284293000.0
262930000.0
209052000.0
276090000.0
158772000.0
198675000.0
263643000.0
153391000.0
146276000.0
312461000.0
489585000.0
187693000.0
149619000.0
147519000.0
162900000.0
166568000.0
270395000.0
267646000.0
183082000.0
317609000.0
167397000.0
336003000.0
291632000.0
373624000.0
216826000.0
285368000.0
159213000.0
636498000.0
280419000.0
275763000.0
161176000.0
186399000.0
145004000.0
504551000.0
211073000.0
163086000.0
155912000.0
169332000.0
329054000.0
225655000.0
202399000.0
491976000.0
391159000.0
187147000.0
408126000.0
189094000.0
163415000.0
141818000.0
175640000.0
155817000.0
164779000.0
271472000.0
179107000.0
224013000.0
289227000.0
160969000.0
308015000.0
447018000.0
321750000.0
191327000.0
420856000.0
203168000.0
228307000.0
469338000.0
313756000.0
175403000.0
612826000.0
240630000.0
417022000.0
215150000.0
236089000.0
282844000.0
288911000.0
168015000.0
144645000.0
312283000.0
167981000.0
304202000.0
145071000.0
266587000.0
228345000.0
303525000.0
377061000.0
252513000.0
156108000.0
288557000.0
176762000.0
567775000.0
504860000.0
269257000.0
177621000.0
180085000.0
141216000.0
350748000.0
286023000.0
228195000.0
195482000.0
187891000.0
275099000.0
142922000.0
162658000.0
328842000.0
161465000.0
155752000.0
550919000.0
424372000.0
183784000.0
500150000.0
180733000.0
187905000.0
199437000.0
205333000.0
211184000.0
572589000.0
357987000.0
236469000.0
149212000.0
136070000.0
201906000.0
287244000.0
166430000.0
155681000.0
322546000.0
214643000.0
172431000.0
192133000.0
220796000.0
154745000.0
150056000.0
205899000.0
454903000.0
159815000.0
201348000.0
147811000.0
163372000.0
218010000.0
389352000.0
146680000.0
152161000.0
296946000.0
532080000.0
165474000.0
295073000.0
171014000.0
139262000.0
261910000.0
168294000.0
338465000.0
204591000.0
217965000.0
758574000.0
278302000.0
222429000.0
139590000.0
181812000.0
319397000.0
155040000.0
238125000.0
270278000.0
353249000.0
291206000.0
154932000.0
142776000.0
307309000.0
237882000.0
278060000.0
175932000.0
386403000.0
170517000.0
153949000.0
165338000.0
176345000.0
235487000.0
778399000.0
214890000.0
178826000.0
189686000.0
275460000.0
653940000.0
187980000.0
272732000.0
189852000.0
383696000.0
315052000.0
184169000.0
274789000.0
169771000.0
230862000.0
305621000.0
149645000.0
382119000.0
187727000.0
169871000.0
183596000.0
153139000.0
387607000.0
234179000.0
160255000.0
463313000.0
172646000.0
185402000.0
181987000.0
136819000.0
186904000.0
386733000.0
178186000.0
590318000.0
455058000.0
194988000.0
248372000.0
376733000.0
170962000.0
423219000.0
259157000.0
181288000.0
357134000.0
202270000.0
353260000.0
202363000.0
150018000.0
397296000.0
222740000.0
151564000.0
472544000.0
148793000.0
188675000.0
182276000.0
187199000.0
659798000.0
327248000.0
151562000.0
158300000.0
144036000.0
204968000.0
426850000.0
214940000.0
156742000.0
162685000.0
170813000.0
370780000.0
249947000.0
366997000.0
305716000.0
506405000.0
232084000.0
201100000.0
163456000.0
379592000.0
157821000.0
153728000.0
243268000.0
337982000.0
186208000.0
237068000.0
164547000.0
218493000.0
286824000.0
376580000.0
319256000.0
270926000.0
264443000.0
346086000.0
178357000.0
177359000.0
189591000.0
220966000.0
270671000.0
325143000.0
436867000.0
410209000.0
282682000.0
216444000.0
176379000.0
165435000.0
327502000.0
206601000.0
323082000.0
204799000.0
174292000.0
196512000.0
420351000.0
321932000.0
396925000.0
424732000.0
423512000.0
188407000.0
211898000.0
191023000.0
334644000.0
257897000.0
225534000.0
152389000.0
407818000.0
190230000.0
190920000.0
214999000.0
252584000.0
258763000.0
222928000.0
210262000.0
144329000.0
155697000.0
181668000.0
782014000.0
252902000.0
408771000.0
158006000.0
386594000.0
274526000.0
227470000.0
368047000.0
376093000.0
327229000.0
182875000.0
161206000.0
151131000.0
261243000.0
321519000.0
226645000.0
154537000.0
150411000.0
232878000.0
186528000.0
431727000.0
178956000.0
143290000.0
187768000.0
231448000.0
195370000.0
179275000.0
142843000.0
157906000.0
175246000.0
315718000.0
159623000.0
227116000.0
483158000.0
150817000.0
307436000.0
411819000.0
181116000.0
139138000.0
292131000.0
185298000.0
152598000.0
370194000.0
292660000.0
153092000.0
162323000.0
128628000.0
172830000.0
191105000.0
219665000.0
200199000.0
153049000.0
560460000.0
378272000.0
488989000.0
164020000.0
235344000.0
151878000.0
271916000.0
362913000.0
140785000.0
179176000.0
467722000.0
150590000.0
166028000.0
249591000.0
166816000.0
265765000.0
196638000.0
274233000.0
205876000.0
295187000.0
375465000.0
212833000.0
159774000.0
158401000.0
191179000.0
386032000.0
182121000.0
188473000.0
323251000.0
231732000.0
212493000.0
152754000.0
268861000.0
320292000.0
149596000.0
152346000.0
149536000.0
180288000.0
229156000.0
459587000.0
382760000.0
198619000.0
181518000.0
146409000.0
218961000.0
272593000.0
292317000.0
321829000.0
189631000.0
221799000.0
186116000.0
217934000.0
245873000.0
449222000.0
300831000.0
274101000.0
223679000.0
566311000.0
186052000.0
211617000.0
206306000.0
460182000.0
247083000.0
173003000.0
188170000.0
165945000.0
162874000.0
330632000.0
291131000.0
159914000.0
234154000.0
258953000.0
316209000.0
282895000.0
263701000.0
255686000.0
212948000.0
335637000.0
504984000.0
152853000.0
217340000.0
188938000.0
148566000.0
238892000.0
429599000.0
294852000.0
179609000.0
192696000.0
627486000.0
196582000.0
246386000.0
136490000.0
231486000.0
171416000.0
557133000.0
320935000.0
276279000.0
340683000.0
175625000.0
219649000.0
218315000.0
173834000.0
234519000.0
395863000.0
437779000.0
308581000.0
141917000.0
141618000.0
172539000.0
334625000.0
234639000.0
225840000.0
190485000.0
221866000.0
197866000.0
259638000.0
145694000.0
591111000.0
154622000.0
174204000.0
195550000.0
175386000.0
363832000.0
371727000.0
205784000.0
615235000.0
162482000.0
303737000.0
163453000.0
211542000.0
246665000.0
424496000.0
208238000.0
338181000.0
138133000.0
238942000.0
349577000.0
309451000.0
234647000.0
305752000.0
164288000.0
262787000.0
245488000.0
577219000.0
171859000.0
165189000.0
259989000.0
292042000.0
181236000.0
558985000.0
231221000.0
145767000.0
178928000.0
146283000.0
209257000.0
181238000.0
354616000.0
195940000.0
302236000.0
257372000.0
453580000.0
192538000.0
267217000.0
210592000.0
345236000.0
300441000.0
146312000.0
154964000.0
143521000.0
204880000.0
207386000.0
295343000.0
215674000.0
313090000.0
565500000.0
165116000.0
301397000.0
163966000.0
561009000.0
154283000.0
384515000.0
161299000.0
218201000.0
146308000.0
385227000.0
592509000.0
204572000.0
155708000.0
151354000.0
517029000.0
308699000.0
143404000.0
204490000.0
145918000.0
153550000.0
486011000.0
205039000.0
192809000.0
183118000.0
189727000.0
385618000.0
273892000.0
169010000.0
529634000.0
183360000.0
183480000.0
301931000.0
277118000.0
207341000.0
319223000.0
176347000.0
245316000.0
160278000.0
378407000.0
192742000.0
285282000.0
809870000.0
376617000.0
216942000.0
370867000.0
179749000.0
166511000.0
181285000.0
219527000.0
228916000.0
237189000.0
209947000.0
370191000.0
213757000.0
260376000.0
176948000.0
427932000.0
286007000.0
228302000.0
575789000.0
226673000.0
188035000.0
230433000.0
299440000.0
317730000.0
255230000.0
241108000.0
512533000.0
263719000.0
147132000.0
168817000.0
260224000.0
341437000.0
163944000.0
321367000.0
155040000.0
173613000.0
249344000.0
133818000.0
206143000.0
136911000.0
160128000.0
393021000.0
195379000.0
245238000.0
142276000.0
135388000.0
183434000.0
405125000.0
171178000.0
202025000.0
203741000.0
328589000.0
370106000.0
179444000.0
290686000.0
135341000.0
287438000.0
270950000.0
153920000.0
160151000.0
200436000.0
340620000.0
141023000.0
340824000.0
190615000.0
166377000.0
191366000.0
257276000.0
177138000.0
289037000.0
552595000.0
170087000.0
260716000.0
538098000.0
367680000.0
254571000.0
224193000.0
311638000.0
203457000.0
187154000.0
181905000.0
188156000.0
141316000.0
186908000.0
215080000.0
278040000.0
380792000.0
275680000.0
228594000.0
213967000.0
327509000.0
195381000.0
150754000.0
156757000.0
134650000.0
220554000.0
457816000.0
217063000.0
161977000.0
220491000.0
394788000.0
314043000.0
431288000.0
455295000.0
146315000.0
426724000.0
165194000.0
262269000.0
726969000.0
173295000.0
140964000.0
186438000.0
315751000.0
262010000.0
286119000.0
424188000.0
262494000.0
311029000.0
156810000.0
567354000.0
281045000.0
182088000.0
158195000.0
473898000.0
149513000.0
413972000.0
420187000.0
136461000.0
134476000.0
207615000.0
253476000.0
196139000.0
167301000.0
161236000.0
294348000.0
212485000.0
155806000.0
