1.0633
1.02615
1.02962
1.0252
1.00509
1.02938
1.02536
1.03115
1.04707
1.02013
1.01484
1.00909
0.998092
1.00238
1.02165
1.01713
1.00648
1.04575
1.02351
1.01126
1.01306
1.01439
1.0679
1.005
1.01745
1.00235
1.03565
1.02767
1.00209
1.00158
1.00122
0.999593
1.02882
1.01611
1.01858
1.01069
1.01649
1.04939
1.02193
1.03896
0.998321
1.02707
1.01369
1.02623
1.00471
1.0322
1.05112
1.01464
1.01241
1.02321
1.01689
1.00625
1.01447
1.00337
1.03824
1.01682
1.00459
1.00878
1.08622
1.08756
1.00121
1.02617
1.00419
1.00307
1.02215
1.00475
1.08814
1.00657
1.01087
1.00541
1.01505
1.00144
1.01295
1.0073
1.02511
1.00577
1.11417
1.00199
1.00189
1.06441
1.03172
1.02631
1.03948
1.0177
1.01706
1.00254
1.0075
1.00211
1.01099
1.01865
1.10043
1.01345
1.01542
1.00762
1.05593
1.01352
1.01003
1.01589
1.00799
1.01682
1.00061
1.02679
1.00477
1.00198
1.00282
1.12723
1.02106
1.01959
1.07683
1.00426
1.00409
1.00216
1.0053
1.04693
1.00413
1.05115
1.03361
1.02955
1.00813
1.00478
1.00075
1.01641
1.00146
1.00975
1.0035
1.02914
1.00248
1.15921
1.01828
1.00983
1.01854
1.0433
1.00261
1.00772
1.06128
1.00447
1.02748
1.02311
1.01048
1.02427
1.01159
1.03041
1.00116
1.01447
1.00228
1.00498
1.01915
1.01068
1.00841
1.00367
1.00619
1.02551
1.02274
1.05174
1.03957
1.00603
1.01633
1.00472
1.03158
1.08064
1.00123
1.01567
1.01463
1.05565
1.00446
1.02196
1.00451
1.02336
1.0017
1.00813
1.0014
0.999622
1.06477
1.08258
1.00503
1.01231
1.02619
1.00079
1.02702
1.07975
1.00611
1.01159
1.05838
1.00926
1.05084
1.05414
1.01171
1.01843
1.09675
1.0302
1.0224
1.00964
1.02379
1.08451
1.01812
1.02284
1.08293
1.00256
1.00062
1.00081
1.01118
1.13146
1.01434
1.06067
1.01858
1.0006
1.01686
1.01814
1.1016
1.03871
1.01204
1.05286
1.00312
1.00016
1.00114
1.03219
1.02297
1.02339
1.08176
1.03296
1.0047
1.01669
1.00943
1.01605
1.10538
1.0213
1.08878
1.00965
1.13594
1.01185
1.03713
1.00736
1.00432
1.00361
1.04981
1.0909
0.999773
1.01138
1.02173
1.02788
1.00319
1.01569
1.02049
0.999152
1.05143
1.00547
1.00839
1.02821
1.00889
1.05352
1.02412
1.02082
1.01305
1.0448
1.01523
1.01984
1.01455
1.00787
1.00786
1.01349
1.00336
1.01876
0.998991
1.01018
1.00733
1.00459
1.01025
1.04756
1.00637
1.00103
1.15825
1.00479
1.03001
1.05321
1.04398
1.00483
1.00495
1.0234
1.01568
1.07786
0.997672
0.999398
1.04421
1.03986
1.10243
1.06725
1.0066
1.00061
1.00155
1.00401
1.00406
1.00503
1.00049
1.01092
1.01569
1.0285
1.02925
1.01161
0.996708
1.01675
0.999516
1.0008
1.021
1.00083
1.02416
1.07542
1.02904
1.00266
1.00509
1.01923
1.00862
1.08431
1.04097
1.0024
1.00444
1.02406
1.01203
1.18249
1.06199
1.07948
1.00178
1.1163
1.00489
1.09308
1.00813
1.00616
1.07398
1.00257
1.03425
1.01522
1.01494
1.02475
1.00033
1.08484
1.009
1.04505
1.00338
1.00458
1.02155
1.00979
1.01836
1.00231
1.02098
1.00336
1.02656
1.00646
1.10252
1.01275
1.01068
1.16505
1.05423
1.01512
1.01039
1.01518
1.02029
1.02757
1.00976
1.00332
1.02613
1.03309
1.04629
1.00418
1.03421
1.07413
1.00428
1.00135
1.09046
1.0372
1.02317
1.02542
1.0469
1.00569
1.00619
1.00237
1.01753
1.03248
1.01438
1.00694
1.00331
1.01524
1.0009
1.00556
1.00928
1.00942
1.00399
1.0068
1.06931
1.01209
1.04972
1.00695
1.01944
1.00573
1.00065
1.01143
1.00528
1.08047
1.00315
1.01338
1.00812
1.03611
1.00231
1.02695
1.00622
1.03606
1.03175
1.00389
1.01735
1.00161
1.0575
1.03583
1.04359
1.04929
1.04362
1.01269
1.02533
1.00288
1.03499
1.00529
1.03248
1.0164
1.08036
1.0567
1.07929
1.02879
1.01572
1.01942
1.12866
1.00232
1.0415
1.00056
1.00328
1.13149
1.01512
1.01472
1.06645
1.00132
1.11519
1.01098
1.00419
1.00111
1.09625
1.01073
1.01042
1.01203
0.999542
1.08266
0.99612
1.02697
1.02112
1.00431
1.01657
1.00518
1.00222
1.00642
1.03298
1.01718
1.0087
1.08233
1.06446
1.0634
1.0563
1.00013
1.05431
1.01122
1.00756
1.00386
1.06589
1.13151
1.01838
1.03194
1.02873
1.00045
1.00884
1.21458
1.00067
1.02181
1.01235
1.01191
1.05319
1.03579
1.2151
1.00548
1.0914
1.00233
1.01591
0.999711
0.999521
1.05322
1.01137
1.02241
1.01497
1.01435
1.07149
1.02014
1.10526
1.00426
1.00615
1.00877
1.00939
1.01703
1.00413
0.999924
1.02728
1.00205
1.01467
1.04724
1.01044
1.04489
1.01291
1.07449
1.03786
1.02843
1.0221
1.00498
1.01435
1.00207
1.00545
1.00669
1.00047
0.997606
1.00672
1.00477
1.03672
1.01499
1.12821
1.02661
1.00236
1.00839
1.00956
1.05952
1.05104
1.0339
1.00369
1.09091
1.00576
1.00742
1.02309
1.01021
1.00806
1.01613
1.01003
1.00997
1.02641
1.00634
1.00038
1.02978
1.00071
1.0236
1.00621
1.0618
1.00698
0.997883
1.05447
1.03439
1.02035
1.07135
1.0308
1.00316
1.0003
1.04247
1.01627
1.00237
1.00595
1.01234
1.00681
1.056
1.06528
0.998967
1.00014
1.01325
1.02633
1.02371
1.04338
1.08804
1.02849
1.00173
1.06244
1.01618
1.02039
1.03523
1.00517
1.00388
1.00297
1.01181
1.00853
1.09982
1.08329
1.00491
1.00922
1.01633
1.00713
1.0255
1.00962
1.00446
1.00392
1.0268
1.02372
1.00337
1.0109
1.06511
1.0568
1.05866
1.01221
1.026
1.00171
1.06303
1.02983
1.05639
1.13437
1.00768
1.0142
1.03177
1.09253
1.00442
1.00773
1.00309
1.01345
1.14931
0.998338
1.02768
1.01108
1.00528
1.00939
1.00377
1.05841
1.0068
1.0298
1.01742
1.04522
1.00775
1.00487
1.00292
0.999888
1.02334
1.00989
1.08803
1.03883
1.06702
1.0261
1.06599
1.07539
1.01021
1.04811
1.00108
1.00728
1.00876
0.998053
1.04736
1.02857
1.00098
1.01048
1.01527
1.04585
1.02315
1.02417
1.05749
1.04297
1.04914
1.00246
1.0692
1.00711
1.00669
1.01266
1.00196
1.02142
0.998954
1.06115
1.00395
1.0053
1.00582
1.00086
1.0351
1.02154
1.0079
1.00922
1.04902
1.02834
1.03335
1.02458
1.00061
1.02456
1.04564
1.00628
1.00697
1.02972
1.00994
1.01128
1.00281
1.00183
1.08781
1.01564
1.02429
1.00064
1.01351
1.01536
1.00032
1.03981
1.0093
1.00325
1.06152
1.00648
1.03008
1.00445
1.00345
1.01596
1.01747
1.03306
1.02831
1.02412
1.00416
1.02177
1.02312
1.01051
1.06086
1.00777
1.00488
1.00955
1.00128
1.01848
1.00858
1.00824
1.02878
1.00332
1.0192
1.03042
0.998911
1.07951
1.01786
0.998069
1.05699
1.07439
1.00464
1.02065
1.01305
1.01295
1.06008
1.00237
1.00423
1.01722
1.01313
1.03712
1.01362
1.05912
1.01543
1.08329
1.00351
1.00271
1.00702
1.00544
1.02963
1.00873
1.01727
1.00869
1.00274
1.02508
1.00674
1.00941
1.01878
1.01188
1.00768
1.00775
1.02246
1.055
1.00136
1.08379
1.00223
1.01434
1.00519
1.02786
1.00574
1.10072
1.0101
0.999569
1.0791
1.01691
1.00173
1.04793
1.00172
1.02872
1.00803
1.04679
1.05233
1.00734
1.00496
1.16817
1.02097
1.02295
1.01329
1.05386
1.00421
1.00979
1.01679
1.00246
1.07185
1.01273
1.02259
1.01367
1.01554
1.0434
1.0017
1.00732
1.00385
1.00214
1.02642
1.00302
1.03412
1.00191
1.00132
1.0155
1.09434
1.00545
1.00598
1.02065
1.03259
1.03696
1.02212
1.00439
1.00621
1.01205
1.00252
1.05782
1.11621
1.01723
1.00418
1.00778
0.998922
1.01157
1.01168
1.03704
1.0634
1.04144
1.01339
1.02075
1.00116
1.1215
1.00298
1.02617
1.01222
1.02095
1.01772
1.01839
1.0329
1.0035
1.02335
1.0056
1.00589
1.00418
1.01604
1.02291
1.01884
1.03541
1.05582
1.01738
1.02112
1.01134
1.08986
1.06388
1.00193
1.10923
1.05909
1.00576
1.07663
1.00622
1.00812
1.04417
1.05547
1.02106
1.00054
1.01803
1.05192
1.00821
1.0064
1.00061
1.00124
1.02933
1.01291
1.08079
1.01002
1.01865
1.01294
1.00862
1.01579
1.02877
1.01999
1.06854
1.00071
1.2099
1.1049
1.01255
1.03555
1.03781
1.02536
1.00186
1.01726
1.01963
1.00022
1.00293
1.00565
1.01219
1.06807
1.0204
1.04111
0.999179
1.01248
1.00531
1.00329
1.05643
1.0036
1.00892
1.04364
1.0153
1.01495
1.02975
1.00208
1.01792
1.01956
1.04517
1.05314
0.999795
1.02086
1.11601
1.00192
1.05709
1.01712
1.00452
1.00672
1.1262
1.03332
1.01463
1.03584
1.02935
1.00337
1.07596
1.01966
1.01571
1.00612
1.05354
1.00195
1.09679
0.998698
1.01519
1.02349
1.01001
1.00371
1.01874
1.04331
1.00386
1.03141
1.05761
1.04591
1.00771
1.02403
1.00837
1.04606
1.00698
1.0073
1.01627
1.00382
1.00028
1.02836
1.1055
1.07783
1.00692
0.998466
1.00597
1.00117
1.03305
1.00425
1.02007
1.0051
1.00754
1.00617
1.00127
0.999684
1.00851
1.14643
1.02057
1.01603
1.02705
1.01296
1.01162
1.01754
1.05976
1.00482
1.06673
1.0708
1.01451
1.01173
1.00028
1.06991
0.998178
1.01013
1.00036
1.00691
1.03839
1.02518
1.00848
1.01217
1.01542
1.03761
1.48659
1.29491
1.64181
1.59253
1.15797
1.83813
2.15275
1.25584
1.59205
1.286
1.16162
1.44171
1.24873
1.87452
1.69551
1.67024
1.86779
1.63404
1.60027
1.62726
1.8494
1.40614
2.09493
1.34761
1.38151
1.32849
1.49706
2.08233
1.26703
1.39399
1.11111
1.37403
2.02184
1.83982
1.85791
1.72245
1.94571
1.53371
1.59698
1.70428
1.33501
1.24637
1.80434
1.63595
1.65271
1.75737
1.34111
1.54622
1.50595
1.36516
1.2788
1.94805
1.9178
1.31941
1.38006
1.4555
1.22457
1.59971
1.78687
1.88175
1.19244
1.63481
1.23347
1.29417
1.44749
1.21934
1.50786
1.65438
1.98935
1.30893
1.43616
1.66347
1.76234
1.57763
1.6209
1.2923
1.54527
1.07904
1.16847
1.39746
1.23072
1.56215
1.3966
1.70771
1.3061
1.79069
1.38768
1.39882
1.8947
1.99407
2.12153
1.22055
1.26475
1.90955
1.30062
1.70302
1.54133
1.33384
1.22404
1.76608
1.50207
1.8667
1.13327
1.23082
1.32066
1.83968
1.62086
1.30857
1.4402
1.17553
1.17465
1.4578
1.49513
1.4727
1.52372
1.34955
1.42388
1.63387
1.23168
1.43252
1.11683
1.43115
1.28436
1.71561
1.0529
1.96252
1.3177
1.70182
1.87719
1.57572
1.6631
1.71897
1.74026
1.27129
1.53285
1.54275
1.50379
1.5926
1.54981
2.00224
1.24179
1.83566
1.50543
1.51619
1.35543
1.30316
1.66494
2.25391
1.45782
1.41883
1.40966
1.85865
1.39746
1.6714
1.45157
1.40493
1.46177
1.15529
1.57814
1.84313
1.218
1.70966
1.74648
1.50231
1.25758
1.40769
1.18461
1.58001
1.73743
1.76662
1.32958
1.25836
1.56841
1.41056
1.53317
1.25384
1.34146
1.80714
1.66646
1.56424
1.32259
1.7445
1.54421
1.86594
1.19931
1.5941
1.38561
1.76303
1.31675
2.54481
1.80536
1.37738
1.24852
1.63626
2.03095
1.23686
1.52738
1.3437
1.26166
1.03651
1.84966
1.38885
1.91741
1.31204
1.79385
1.16959
1.49714
1.25898
1.54601
1.9474
1.4495
1.17521
1.46095
1.32751
1.56802
1.40351
1.15299
1.62973
1.67169
1.52873
1.49915
2.28126
1.88726
1.62845
2.22567
1.54682
1.80152
1.33076
1.40716
1.28526
2.09356
1.29177
1.42631
1.21125
1.47099
1.65045
1.34735
1.56643
2.18201
1.94814
1.72412
1.41052
1.1892
1.4289
1.77779
1.45071
1.46036
1.26303
1.19645
1.48943
1.71993
1.43966
1.74075
1.78184
1.74135
1.83326
1.33152
1.63746
1.84484
1.29221
1.2482
1.43102
1.20327
1.88465
1.20413
1.71522
1.3532
1.54358
1.14465
1.93963
1.67254
1.7821
1.22541
1.51246
1.53525
1.23361
1.26775
1.37362
1.31194
1.61367
1.38406
1.16114
2.22676
1.58536
1.52503
1.41544
1.55354
1.32131
1.45119
1.11727
1.78386
1.3086
1.63599
2.70144
1.21567
2.12408
1.97594
1.28863
1.31228
2.35798
1.66702
1.3999
1.24041
1.95748
1.92309
2.25426
1.58757
1.18195
1.27387
2.31781
1.36731
1.80485
1.66002
1.23713
1.24679
1.2804
1.77897
1.55753
1.30626
1.2578
1.02515
1.61507
1.18442
1.38727
1.87552
1.40165
1.67452
1.17947
1.18407
1.27233
1.50645
1.32988
1.44118
1.9494
1.22456
1.74428
1.53753
1.42079
2.36469
1.53188
1.36974
1.36553
1.64996
1.63267
1.55851
1.29637
1.59605
1.10906
1.12035
1.96396
1.22516
1.3555
1.81063
1.3597
2.08014
1.68203
1.33818
1.39177
1.66694
1.57404
1.34942
1.29591
1.45795
1.48384
1.45503
1.3628
1.44048
1.42894
1.63095
2.22171
1.37667
1.3556
1.52973
1.50381
1.9681
1.32289
1.45732
1.37042
1.04788
1.90562
1.15524
1.32982
1.3232
1.26265
1.6458
1.74653
2.39488
1.47685
1.31952
1.33852
1.46091
1.71933
1.76206
1.32702
1.64061
1.40749
1.38373
1.30668
1.37247
1.617
1.70054
1.36916
1.34069
1.80024
1.70766
1.05505
1.20465
1.21187
1.54344
1.62076
1.39749
1.53343
1.39232
1.56718
1.69684
1.85133
1.25261
1.41878
1.6852
1.29707
1.5007
1.59513
1.48017
2.17969
1.85551
1.29805
2.30844
1.08668
1.18861
1.02125
1.47094
1.56799
2.00894
1.36222
1.19921
1.49846
1.53652
1.62568
1.12728
1.41112
1.58875
1.12102
1.35012
1.51236
1.73469
1.60609
1.36176
1.73949
1.31315
1.45574
2.35848
1.63123
1.94671
1.18472
1.80935
1.67315
2.07626
2.20343
1.52843
1.37991
1.64876
1.34986
1.33495
1.76932
1.44151
1.59711
1.41598
2.15335
1.64531
1.66207
1.63795
1.2896
1.44004
2.70769
1.49764
1.50274
1.46609
1.32391
2.0695
1.46186
2.01899
1.09974
1.84239
1.52911
1.29451
1.29861
1.10597
1.58288
1.43577
1.38654
1.65255
1.8723
1.40072
1.84307
1.7322
1.53914
1.25222
1.93869
1.31617
1.3029
2.32155
1.2895
1.94115
1.28354
1.62872
1.30219
1.33894
1.29828
1.9324
1.35261
1.40965
1.18948
2.00738
1.27225
1.36327
1.10582
1.32722
1.38762
1.2232
1.43355
1.52796
1.37987
1.18923
1.39988
1.58061
1.60308
1.46353
1.53285
1.50069
1.72831
1.4374
1.40662
1.34336
1.46287
1.50163
1.19245
1.67724
1.52698
1.50654
1.43436
1.74778
1.53881
1.24485
1.29079
1.53501
1.45481
1.27553
1.23651
1.48161
1.37964
1.60392
1.25703
1.30694
1.48195
2.16639
1.57316
1.68745
1.61147
1.27797
2.16787
1.73642
1.32428
2.11237
1.75195
1.36672
1.62412
1.63874
1.3135
1.6385
1.44247
1.48365
1.39087
1.46053
1.52128
1.44571
1.25388
2.08384
1.5321
1.54187
1.54965
1.31324
1.48985
1.90316
2.53158
1.75526
1.29808
1.42131
1.4241
1.83389
1.16399
1.54857
1.54212
1.66117
1.56367
1.78119
1.81195
1.25615
2.28231
1.31452
1.23281
1.48749
1.8847
1.8197
2.50262
1.67994
1.72944
1.33083
1.88072
1.40173
1.52692
1.65809
2.18823
1.61671
1.22112
1.57325
1.87994
1.4192
2.42544
1.29296
1.30868
1.75221
2.25146
1.26568
1.46567
1.54247
1.21912
1.31956
1.8341
1.67013
1.85072
1.31307
1.2823
1.45948
1.42524
1.43641
1.92609
1.28526
1.60233
1.95166
1.56747
1.99753
1.80636
1.54169
1.2357
1.90535
1.57733
1.2085
1.70915
1.91827
1.89091
1.74445
1.66176
1.40901
2.59685
1.56638
1.44175
1.28199
1.7437
1.8781
1.69354
1.2119
1.63209
1.82371
1.30703
1.31593
1.3156
1.56487
1.10432
1.37136
1.53258
1.02556
1.37936
1.31725
1.15807
1.31872
1.35805
2.96348
1.49612
2.12845
1.02213
1.31931
1.50002
1.3242
1.28955
1.47933
1.21166
1.40193
1.04642
1.31085
1.44296
1.70018
2.57051
1.35863
1.47158
1.36223
1.33724
1.70118
1.41233
1.46922
1.92769
1.19967
1.95544
1.30133
1.65398
1.31618
1.37686
1.80255
1.35055
1.36073
1.40327
1.49061
1.62862
1.87528
2.00023
1.28786
1.49169
1.18713
1.16042
1.22328
1.12256
1.41574
1.30019
1.47319
1.60837
1.92756
1.38767
1.63475
1.09707
1.32791
2.02416
1.46232
1.4942
1.79403
1.57987
1.37991
1.76153
1.16097
1.25761
2.16764
1.45567
1.43338
1.55509
1.46113
1.24494
1.58909
1.44013
1.25178
1.10597
1.30138
1.54287
1.45541
1.68574
1.76029
1.40616
2.06395
1.68725
1.80547
1.74128
1.1833
2.1605
1.65078
1.65599
1.56346
2.44328
1.5832
1.06861
1.66553
1.7076
1.56093
1.58903
1.91967
1.55081
1.50302
1.32646
1.52474
1.33507
1.68102
1.24541
1.34314
1.77182
1.56116
2.09611
1.59484
1.80866
1.6548
1.75993
1.69236
1.30483
1.54971
1.20742
1.21348
1.43165
2.04444
1.64437
1.16133
1.18841
1.25245
1.90111
1.32521
1.87761
1.40933
1.85914
1.58424
1.62333
1.42455
1.14921
1.47271
1.24209
1.63126
1.68864
1.10357
1.53868
2.69357
1.6259
1.52516
1.22118
1.1382
1.51942
1.19744
1.52041
1.46639
1.48327
2.38799
1.26754
1.39188
1.10155
1.28343
1.24597
1.52178
1.82858
1.88834
1.63999
1.35073
1.47567
1.43365
1.43674
2.17582
1.39387
2.01434
1.2428
2.23244
1.31132
1.57935
1.78478
1.3508
1.42324
1.38159
1.54158
2.17352
1.82001
1.80878
1.43817
1.66319
1.84433
1.14329
1.3816
1.51748
1.27495
1.61568
1.69517
1.51618
1.28323
1.83548
1.07496
1.24188
1.55883
1.42523
1.06459
1.61418
1.7501
2.1595
1.71963
1.24065
1.78909
1.85435
1.56032
1.7119
1.34733
1.36786
1.35153
1.15673
2.60636
1.56822
1.56579
1.36314
1.03973
1.95983
1.66131
1.37022
1.1625
1.42104
1.51332
1.35965
1.46903
1.97613
1.34571
1.39589
1.11813
1.69297
1.90923
1.98159
1.49834
1.39714
1.27884
1.54943
1.34966
1.27042
1.40826
1.3086
1.48121
1.59991
1.62413
1.75005
1.4485
1.48693
2.03478
1.43938
1.21017
1.30743
1.87871
1.69619
1.19849
1.41888
1.71782
1.49825
1.36034
1.97729
1.40296
1.35744
1.25608
1.41899
1.16068
1.57822
1.70441
1.56555
1.33571
1.65
1.83141
1.40503
1.81607
1.64075
1.41522
1.23444
1.69041
1.42498
2.12583
1.51438
1.65988
1.34921
2.15542
1.95883
1.7918
1.70995
2.72789
1.71462
1.30692
1.29321
1.8005
1.89842
1.2163
1.61527
1.41281
1.39107
1.30268
1.50031
1.21122
2.02106
1.29631
2.12663
1.40731
1.30953
1.21391
1.31675
1.26973
1.2373
1.5121
1.8664
1.24434
1.2849
1.41938
1.3452
1.60437
1.78956
1.44186
1.36129
1.52751
1.16099
1.70693
1.1141
1.73332
1.0333
1.60033
1.05022
1.7095
1.63926
1.61401
1.399
1.46636
1.19797
1.49799
266389000.0
515909000.0
267475000.0
165057000.0
516701000.0
179159000.0
188321000.0
377206000.0
166245000.0
260844000.0
442871000.0
342707000.0
544712000.0
210132000.0
243307000.0
241680000.0
268324000.0
215290000.0
307348000.0
250801000.0
229079000.0
351414000.0
188186000.0
261054000.0
405673000.0
259139000.0
220581000.0
201348000.0
457234000.0
392200000.0
693649000.0
310882000.0
178921000.0
193052000.0
221635000.0
181173000.0
200127000.0
240918000.0
178517000.0
223625000.0
392430000.0
335787000.0
258554000.0
213408000.0
201556000.0
188955000.0
359204000.0
172710000.0
285332000.0
202245000.0
579756000.0
225845000.0
157190000.0
487220000.0
333167000.0
220270000.0
363444000.0
206580000.0
184631000.0
207455000.0
636491000.0
155197000.0
368128000.0
326259000.0
247992000.0
670472000.0
190152000.0
239775000.0
168843000.0
492376000.0
270696000.0
193918000.0
242670000.0
205926000.0
222165000.0
392394000.0
163017000.0
747688000.0
662959000.0
265777000.0
231998000.0
246766000.0
255432000.0
202774000.0
482153000.0
189111000.0
326684000.0
340141000.0
248244000.0
185661000.0
239290000.0
406011000.0
266312000.0
185619000.0
205374000.0
195082000.0
341766000.0
430487000.0
563447000.0
210640000.0
308317000.0
147359000.0
589948000.0
493756000.0
476547000.0
191828000.0
260352000.0
271321000.0
307537000.0
447964000.0
460305000.0
264781000.0
329654000.0
208655000.0
206419000.0
286717000.0
319363000.0
188623000.0
460656000.0
301417000.0
645633000.0
304400000.0
267018000.0
197784000.0
663965000.0
209182000.0
349178000.0
218489000.0
148960000.0
229775000.0
227744000.0
221718000.0
157972000.0
458848000.0
251359000.0
259615000.0
328871000.0
250606000.0
414838000.0
185518000.0
290056000.0
167453000.0
349469000.0
221297000.0
397697000.0
361932000.0
211357000.0
230209000.0
193222000.0
289735000.0
405630000.0
201805000.0
220324000.0
142840000.0
254165000.0
268838000.0
373300000.0
649770000.0
253832000.0
192399000.0
584714000.0
196894000.0
236893000.0
256581000.0
218524000.0
292474000.0
545665000.0
240953000.0
175728000.0
203208000.0
347514000.0
451264000.0
163241000.0
348337000.0
229842000.0
506588000.0
258567000.0
165741000.0
184615000.0
232663000.0
355414000.0
220076000.0
246808000.0
222976000.0
429060000.0
187987000.0
338858000.0
182383000.0
221600000.0
217221000.0
207534000.0
205619000.0
311519000.0
211401000.0
169118000.0
401923000.0
211015000.0
324227000.0
412343000.0
784360000.0
212496000.0
172128000.0
252767000.0
247294000.0
188727000.0
463540000.0
329977000.0
341019000.0
295336000.0
275603000.0
279838000.0
387384000.0
270109000.0
406419000.0
225131000.0
365767000.0
561249000.0
191664000.0
203398000.0
235820000.0
284194000.0
205658000.0
154315000.0
187083000.0
166480000.0
269812000.0
193279000.0
275585000.0
279526000.0
407231000.0
177104000.0
354117000.0
269904000.0
599805000.0
308659000.0
276030000.0
443322000.0
261954000.0
167148000.0
275538000.0
225726000.0
431912000.0
450427000.0
298932000.0
201432000.0
281877000.0
257990000.0
412548000.0
329322000.0
206570000.0
167794000.0
385087000.0
179687000.0
218139000.0
185660000.0
193785000.0
286637000.0
231718000.0
344246000.0
289381000.0
430836000.0
313214000.0
579503000.0
185051000.0
593630000.0
233992000.0
338407000.0
265146000.0
624303000.0
198085000.0
263923000.0
162655000.0
437714000.0
280574000.0
218242000.0
342262000.0
471666000.0
352875000.0
412723000.0
207216000.0
214881000.0
554367000.0
190908000.0
195908000.0
224523000.0
292032000.0
216125000.0
486286000.0
257685000.0
691161000.0
161863000.0
364930000.0
194484000.0
174336000.0
445071000.0
161951000.0
193760000.0
328575000.0
257973000.0
149523000.0
201546000.0
262480000.0
318120000.0
300133000.0
205816000.0
178699000.0
254022000.0
544059000.0
369334000.0
243830000.0
296967000.0
182920000.0
218744000.0
409867000.0
341090000.0
282542000.0
178943000.0
215049000.0
366614000.0
268933000.0
831301000.0
214918000.0
559028000.0
337972000.0
165189000.0
387366000.0
249445000.0
578701000.0
354001000.0
387463000.0
287150000.0
317172000.0
255463000.0
158984000.0
430388000.0
161319000.0
202123000.0
301131000.0
145459000.0
344198000.0
230470000.0
314321000.0
187818000.0
254378000.0
321556000.0
493620000.0
257969000.0
524424000.0
543111000.0
165008000.0
194361000.0
250660000.0
186656000.0
410477000.0
275502000.0
235333000.0
389621000.0
343424000.0
277500000.0
258211000.0
347894000.0
445641000.0
308781000.0
247755000.0
327621000.0
362519000.0
302523000.0
411888000.0
191810000.0
195845000.0
352298000.0
365731000.0
197972000.0
387512000.0
158796000.0
363531000.0
184591000.0
267963000.0
726388000.0
181089000.0
737898000.0
413145000.0
383935000.0
394447000.0
229500000.0
230087000.0
165398000.0
364968000.0
417298000.0
437156000.0
400218000.0
170839000.0
180078000.0
388663000.0
240306000.0
238981000.0
388939000.0
232799000.0
298167000.0
293488000.0
201876000.0
254492000.0
314917000.0
225970000.0
168765000.0
693205000.0
481974000.0
440363000.0
215506000.0
185738000.0
220646000.0
177456000.0
235265000.0
212501000.0
154194000.0
176671000.0
313088000.0
261255000.0
319758000.0
281173000.0
261654000.0
287520000.0
246265000.0
226878000.0
195166000.0
504156000.0
206334000.0
684556000.0
390050000.0
550084000.0
355900000.0
215522000.0
307031000.0
356497000.0
281353000.0
217378000.0
185220000.0
223009000.0
659394000.0
298427000.0
248135000.0
464061000.0
362194000.0
251206000.0
282990000.0
218954000.0
311387000.0
201250000.0
485254000.0
256286000.0
160524000.0
270158000.0
170270000.0
599246000.0
209616000.0
235227000.0
178952000.0
164302000.0
319182000.0
388804000.0
274385000.0
347863000.0
312232000.0
159872000.0
414720000.0
214919000.0
290334000.0
156578000.0
161167000.0
263155000.0
210369000.0
290673000.0
208312000.0
187330000.0
319129000.0
234800000.0
219310000.0
278975000.0
235582000.0
233829000.0
236025000.0
615942000.0
231498000.0
369703000.0
322403000.0
426624000.0
727828000.0
247253000.0
387874000.0
297462000.0
154517000.0
187654000.0
219346000.0
211746000.0
214013000.0
162394000.0
298828000.0
152859000.0
412778000.0
284781000.0
177312000.0
456650000.0
207110000.0
419187000.0
181962000.0
358745000.0
426336000.0
348596000.0
175454000.0
227248000.0
230700000.0
286368000.0
172636000.0
557105000.0
245460000.0
687234000.0
449033000.0
316017000.0
540502000.0
297835000.0
343433000.0
276592000.0
372676000.0
316623000.0
215082000.0
359531000.0
273174000.0
261898000.0
200375000.0
148927000.0
293468000.0
223496000.0
273971000.0
185711000.0
345466000.0
397346000.0
216188000.0
212746000.0
256505000.0
271913000.0
177511000.0
173820000.0
250190000.0
454658000.0
168266000.0
354129000.0
374346000.0
314309000.0
450517000.0
197068000.0
280044000.0
502137000.0
309079000.0
236878000.0
169606000.0
247731000.0
179021000.0
216951000.0
453598000.0
213324000.0
174221000.0
382843000.0
156808000.0
217659000.0
322718000.0
253102000.0
213171000.0
269536000.0
385221000.0
341951000.0
258303000.0
270487000.0
325123000.0
232576000.0
267350000.0
501203000.0
166998000.0
184055000.0
191561000.0
310834000.0
298965000.0
256139000.0
187502000.0
183782000.0
220462000.0
315432000.0
258037000.0
399265000.0
163615000.0
457292000.0
288566000.0
234021000.0
185813000.0
245203000.0
198258000.0
173958000.0
453648000.0
163595000.0
321737000.0
334461000.0
266403000.0
318231000.0
218863000.0
190661000.0
253411000.0
202672000.0
343529000.0
246323000.0
189161000.0
210309000.0
183866000.0
173669000.0
300558000.0
414451000.0
224264000.0
174266000.0
308384000.0
170524000.0
392288000.0
506065000.0
200439000.0
170508000.0
435822000.0
202904000.0
329649000.0
261975000.0
166735000.0
218392000.0
177330000.0
191479000.0
307081000.0
522142000.0
265113000.0
232331000.0
220597000.0
224258000.0
403487000.0
264956000.0
173670000.0
329565000.0
147542000.0
164407000.0
157977000.0
391360000.0
201369000.0
213455000.0
540461000.0
300739000.0
194200000.0
190399000.0
215923000.0
196340000.0
388016000.0
159768000.0
212988000.0
300327000.0
211580000.0
163186000.0
295035000.0
266805000.0
553386000.0
189802000.0
174580000.0
378831000.0
348094000.0
464862000.0
282647000.0
607712000.0
342116000.0
257667000.0
774167000.0
276192000.0
256204000.0
644819000.0
421610000.0
369700000.0
166465000.0
239104000.0
148254000.0
825938000.0
237468000.0
328095000.0
303729000.0
445825000.0
237099000.0
527185000.0
391389000.0
750162000.0
469864000.0
361337000.0
158176000.0
204251000.0
317065000.0
269426000.0
294059000.0
431045000.0
186978000.0
254084000.0
274317000.0
199133000.0
636396000.0
229653000.0
310338000.0
318011000.0
289148000.0
405143000.0
197785000.0
352525000.0
226578000.0
364676000.0
245060000.0
200932000.0
181198000.0
156592000.0
522582000.0
299068000.0
588542000.0
669394000.0
328371000.0
576063000.0
246125000.0
270903000.0
279156000.0
196256000.0
212479000.0
291810000.0
340317000.0
575776000.0
515885000.0
167046000.0
271187000.0
318532000.0
198672000.0
174417000.0
294654000.0
177710000.0
494223000.0
520724000.0
161023000.0
222468000.0
247149000.0
271075000.0
386489000.0
488942000.0
202892000.0
213553000.0
395164000.0
700056000.0
344598000.0
277249000.0
203434000.0
399020000.0
213594000.0
284122000.0
202228000.0
209544000.0
180908000.0
172205000.0
369815000.0
166603000.0
179852000.0
256849000.0
321761000.0
156680000.0
298507000.0
728230000.0
217404000.0
149936000.0
203069000.0
202315000.0
219401000.0
216647000.0
373357000.0
278729000.0
360150000.0
256869000.0
188167000.0
258259000.0
277162000.0
219364000.0
231332000.0
189717000.0
263140000.0
203900000.0
229785000.0
177044000.0
168864000.0
288340000.0
336032000.0
553644000.0
398537000.0
219689000.0
152737000.0
247146000.0
444777000.0
587688000.0
507961000.0
204093000.0
410504000.0
151418000.0
460339000.0
262954000.0
230846000.0
159641000.0
197745000.0
417786000.0
303817000.0
368747000.0
194655000.0
257081000.0
578955000.0
305469000.0
173743000.0
222396000.0
201697000.0
368960000.0
642285000.0
357211000.0
565945000.0
267843000.0
291883000.0
264453000.0
152816000.0
369628000.0
303882000.0
704977000.0
344576000.0
397427000.0
186788000.0
163512000.0
196858000.0
240916000.0
241943000.0
195497000.0
188340000.0
317806000.0
202245000.0
367559000.0
156883000.0
485789000.0
156341000.0
328692000.0
211951000.0
166936000.0
373530000.0
307213000.0
237866000.0
341482000.0
167386000.0
164157000.0
176026000.0
406437000.0
228544000.0
159423000.0
567459000.0
296676000.0
226935000.0
488808000.0
240537000.0
288436000.0
246776000.0
251750000.0
245299000.0
611871000.0
249179000.0
178608000.0
286801000.0
712263000.0
196736000.0
273030000.0
201945000.0
175904000.0
431993000.0
251495000.0
207836000.0
187153000.0
220270000.0
227787000.0
256985000.0
318846000.0
566013000.0
180853000.0
251252000.0
328910000.0
301620000.0
753256000.0
172786000.0
210305000.0
226066000.0
385367000.0
294264000.0
200784000.0
250933000.0
185859000.0
171547000.0
403838000.0
237501000.0
550303000.0
214002000.0
142865000.0
206263000.0
260297000.0
315625000.0
321288000.0
309301000.0
460589000.0
418790000.0
315347000.0
459992000.0
228482000.0
298311000.0
184578000.0
257239000.0
311774000.0
414464000.0
165584000.0
409122000.0
414706000.0
188486000.0
187500000.0
202830000.0
602358000.0
253704000.0
265632000.0
265955000.0
426582000.0
227310000.0
245892000.0
294335000.0
233767000.0
289917000.0
618316000.0
210143000.0
193127000.0
184851000.0
285289000.0
167901000.0
199395000.0
240208000.0
238917000.0
240383000.0
421756000.0
470482000.0
196847000.0
224116000.0
210399000.0
238008000.0
219114000.0
372760000.0
159363000.0
172909000.0
217751000.0
384776000.0
173907000.0
246689000.0
359420000.0
361006000.0
207149000.0
197449000.0
454856000.0
227331000.0
272149000.0
354508000.0
267171000.0
235074000.0
602425000.0
180828000.0
366854000.0
167603000.0
313961000.0
224361000.0
467727000.0
230221000.0
386313000.0
291546000.0
216262000.0
191730000.0
260754000.0
330916000.0
261398000.0
334118000.0
207056000.0
155459000.0
312943000.0
357311000.0
251036000.0
530433000.0
239495000.0
650033000.0
218768000.0
738428000.0
179345000.0
710374000.0
163628000.0
190333000.0
192196000.0
343140000.0
174925000.0
418681000.0
323022000.0
