1.03556
1.07468
1.05933
1.02673
1.03933
1.02221
1.01764
1.00753
1.01788
1.00466
1.01175
1.00879
1.01685
1.01216
1.0039
1.01758
1.01191
1.02314
1.0056
1.02932
1.03434
1.16861
1.01606
1.00645
1.02444
1.01371
1.02996
1.01721
1.02955
1.02423
1.02094
1.03344
1.01268
1.02588
1.02833
1.02135
1.02194
1.0245
1.01057
1.03453
1.14706
1.07334
1.02369
1.02484
1.02693
1.03031
1.19108
1.03057
1.07184
1.09037
1.01656
1.03787
1.02898
0.997753
1.01448
1.02925
1.12817
1.01242
1.03159
1.01399
1.02564
1.06218
1.02852
1.00571
1.02226
1.03302
1.03521
1.03538
1.01584
1.03656
1.01275
1.03492
1.03632
1.02431
1.06886
1.21036
1.04799
1.03345
1.00034
1.01156
1.01547
1.17423
1.01485
1.00737
1.01669
1.04289
1.05776
1.04462
1.07799
1.02591
1.02453
1.0083
1.01477
1.03533
1.02623
1.02845
1.05812
1.0093
1.02139
0.996758
1.02614
1.06449
1.02443
1.09196
1.02139
1.01518
1.01775
1.05336
1.03996
1.01867
1.02575
1.01628
1.01678
1.03058
1.14893
1.00012
0.99834
1.02658
1.0186
1.00906
1.02481
1.02377
1.02096
1.01191
1.03197
1.02584
1.02457
1.00689
1.0112
1.0212
1.00826
0.999733
1.08514
1.02588
1.02961
1.03126
1.02764
1.02284
1.22798
1.01837
1.00818
1.00381
1.03515
1.02166
1.12906
1.02323
1.01622
1.00916
1.0297
1.00403
1.00753
1.02306
1.01169
0.997567
1.02018
1.03419
1.01663
1.00706
1.03517
1.0358
1.02516
1.04556
1.01711
1.085
1.0259
1.02887
1.01475
1.03035
1.02719
1.03291
1.03505
1.01714
1.03742
1.02506
1.02148
1.01693
1.01845
1.00648
1.16042
1.01033
1.06075
1.02626
1.01167
1.00145
1.03126
1.01806
1.04134
1.01934
1.17342
1.02345
1.01956
1.02382
1.07748
1.01671
1.02257
1.01868
1.03096
1.18532
1.01758
1.03499
1.0307
1.02463
1.0288
1.03229
1.02082
1.01072
1.01354
0.996398
1.01551
1.0044
1.01537
1.02675
1.01665
1.03101
1.02705
1.06692
1.02139
1.02044
1.01586
1.01553
1.02841
1.02892
1.05564
1.11632
1.06917
1.00138
1.01907
1.00904
1.04975
1.01974
1.02331
1.03574
1.02528
1.02724
1.02708
1.01182
1.03121
1.03517
1.02617
1.02647
0.996244
1.0742
1.02472
1.02179
1.01884
1.01378
1.0298
1.02314
1.03426
1.02041
1.01521
1.03229
1.06222
1.02915
1.01926
1.02347
1.02147
1.11678
1.02564
1.02505
1.01888
1.00997
1.02924
1.07804
1.03191
1.02998
1.14643
1.04363
1.02434
1.08263
1.06105
1.0235
1.00158
1.02743
1.00268
1.0346
1.01864
1.03223
1.06825
1.02097
1.02312
1.05285
1.03304
1.01172
1.22378
1.03254
0.99786
1.02819
1.0238
1.01725
1.02434
1.00369
1.03668
1.05855
1.05647
1.054
1.01494
1.02998
1.01977
1.01944
1.01219
1.0854
1.03226
1.06813
1.12104
1.00734
0.999751
1.02625
1.02136
1.01684
1.02536
1.01394
1.01267
1.01995
1.15133
1.04392
1.01702
1.0135
1.01212
1.03516
1.02939
1.01246
1.0307
1.01515
1.01966
1.01367
1.0157
1.0346
1.02576
1.00232
1.04626
1.0249
1.02382
1.03214
1.02352
1.00737
1.026
1.03003
1.16116
1.02571
1.04173
1.01523
1.03627
1.12062
1.02073
1.06779
1.08173
1.0614
1.03515
1.01701
1.06759
1.00027
1.06063
1.01305
1.0343
1.00714
1.00877
1.00589
1.02008
1.02643
1.01662
1.01052
1.08142
1.02599
1.00182
1.04804
1.02115
1.02477
1.14873
1.02362
1.01797
1.01813
1.02658
1.08449
1.01754
1.00825
1.0272
1.01722
1.01318
1.05617
1.01579
1.00949
1.02778
1.02518
1.05356
1.02382
1.03415
1.03165
1.08596
1.01356
1.01703
1.02494
1.01685
1.02303
1.01476
1.02462
1.02997
1.1022
1.02405
1.00213
1.00889
1.02226
1.20052
1.00125
1.01475
1.0292
1.01356
1.02094
1.02887
1.05683
1.02087
1.15514
1.01322
1.00663
1.0012
1.03599
0.998754
1.06319
1.00957
1.02661
1.01172
1.01553
1.02137
1.03654
1.03458
1.00892
1.02733
1.16603
1.02452
1.02567
0.999806
1.00355
1.02827
1.02897
1.01254
0.997195
1.00564
1.02743
1.01916
1.03286
1.24856
1.00234
1.02203
1.02582
1.01046
1.02094
1.05645
1.03008
1.00557
1.05734
1.0615
1.01914
1.02813
1.01349
1.07225
1.0091
1.0297
1.07036
1.13988
0.996969
1.00926
1.02418
1.01182
1.00207
1.00975
1.0199
1.03299
1.0264
1.01374
1.00737
1.03146
1.01968
1.01304
1.02878
1.013
1.02237
1.02172
1.06071
1.07584
1.06141
1.06465
1.02591
1.01323
1.09623
1.02866
1.03076
1.05388
1.01646
1.03197
1.02689
1.14964
1.0057
1.03202
1.18893
1.02386
1.02504
1.00803
1.0058
1.03036
1.02253
1.0737
1.03873
1.07209
1.02793
1.0678
1.02053
1.01515
1.01342
1.01657
1.02157
1.02547
1.06997
1.02665
1.03067
1.01704
1.02575
1.00317
1.02784
1.01088
1.03218
1.02984
1.0226
0.992903
1.00153
1.00358
1.06627
1.02611
1.02525
1.02792
1.02755
1.13529
1.00155
1.03028
1.02177
1.08346
1.07289
1.01091
1.02557
1.02804
1.00592
1.03368
1.02447
1.03151
1.03747
1.00059
1.00882
1.18553
1.08289
1.02764
1.00765
1.03611
1.0139
1.01923
1.02987
1.02165
1.02006
1.18365
1.02313
1.02158
0.995498
1.00952
1.10381
1.01851
1.00204
1.01186
1.031
1.04788
1.02782
1.02733
1.02603
1.01999
1.07633
1.0825
1.03199
1.02641
1.02413
1.01515
1.07922
1.02145
1.02782
1.01525
1.0048
1.01812
1.08035
1.02254
1.0195
1.0169
1.0198
1.03407
1.004
1.02255
1.01742
1.01726
1.01106
1.02619
1.00671
1.05939
1.02506
1.0254
1.02137
1.02495
1.02076
1.02378
1.01146
0.997663
1.02592
1.02465
1.03551
1.05389
1.01517
1.00424
1.00308
1.02371
1.0189
1.02061
1.02455
1.02833
1.01489
1.0565
1.02059
1.022
1.02346
1.04132
1.02469
1.02255
1.05089
1.01461
1.02246
1.02121
1.15437
1.00044
1.00734
1.03912
1.06835
1.01836
1.02196
1.02232
1.02773
1.02633
1.00774
1.02174
1.03281
1.07665
1.16144
1.01103
1.03961
1.0532
1.02539
1.08664
1.03067
1.02383
1.02514
1.01822
1.03394
1.01536
1.0162
1.00152
1.00773
1.01486
1.00709
1.00519
1.00209
1.02549
1.02375
1.21326
1.02708
1.0282
1.0327
1.03014
1.02867
1.00934
1.042
1.06578
1.02668
1.06957
1.00294
1.00129
1.02897
1.00963
1.0266
1.05694
1.03101
1.03521
1.01812
0.995932
1.01789
1.02431
0.99729
1.01397
1.03766
1.02679
1.02642
1.02045
1.02214
1.01277
1.02286
1.06593
1.02073
1.17269
1.01029
1.03194
1.039
1.00357
1.06594
1.01551
1.03182
1.03423
1.0081
1.01049
1.01105
1.01087
1.02687
1.06408
1.01232
1.01937
1.01515
1.02511
0.997289
1.00439
1.01499
0.997467
1.06279
1.07135
1.02944
1.0195
1.01597
1.00547
1.02572
1.0151
1.03318
1.04325
1.00135
1.00301
1.01415
1.01165
1.04155
1.0029
1.0332
1.01995
1.01707
1.01824
1.02116
1.05024
1.03483
1.02911
1.02751
1.0052
1.06863
1.02624
1.01898
0.999452
1.01918
1.00525
1.01047
1.0399
1.01868
1.01613
1.02074
1.02572
1.02614
1.17225
1.02527
1.02198
1.0439
0.99919
1.00224
1.10597
1.06579
1.02121
1.01568
1.03158
1.01638
1.01926
1.01286
1.02449
1.0226
1.01951
1.02727
1.01054
1.02042
1.01776
1.00803
1.02684
1.00082
1.04503
1.02159
1.02341
1.01527
1.03118
1.10594
1.02502
1.02778
1.02588
1.02413
1.0336
1.02805
1.0019
1.00596
1.02343
1.0083
1.01621
1.02398
1.0227
1.02625
1.02313
1.01724
1.02025
1.01478
1.05986
1.00915
1.02489
1.02406
1.02778
1.0214
1.0137
1.02354
1.00513
1.03512
1.01707
1.01591
1.03014
1.02548
1.02263
1.00305
1.08541
1.0519
1.0281
1.02403
1.02387
1.06773
1.01406
1.03067
1.01992
1.02377
1.01693
1.01934
1.05759
1.01585
1.0082
1.03317
1.00081
1.01407
1.0037
1.01113
1.03994
1.06206
1.011
1.01775
1.06834
1.06326
1.01931
1.01735
1.02076
1.16595
1.0258
1.0149
0.999471
1.00034
1.01014
1.01911
1.00813
1.0015
1.01176
1.03018
1.01044
1.01192
1.0513
1.00636
1.02823
1.03209
1.02965
1.02887
1.02797
1.01441
1.02629
1.04177
1.07103
1.01583
1.01679
1.01886
1.05445
1.01255
1.00945
0.998366
1.02055
1.01028
1.00352
1.01742
1.02338
1.01102
1.01729
1.01746
1.02543
1.01327
1.01904
1.20682
1.05937
1.01835
1.01939
1.016
1.02587
1.19725
1.02124
1.05383
1.0574
1.03376
1.0241
1.00788
1.02676
1.01751
1.0111
1.01789
1.01071
1.00303
1.00004
1.01082
1.03185
1.02684
1.03099
1.01647
0.997682
1.0241
1.09304
1.03071
1.01181
1.01451
1.01151
1.03676
1.01095
1.03005
1.01661
1.0296
1.02063
1.01721
1.00763
1.03038
1.02218
1.04547
1.02515
1.02215
1.06895
1.00878
1.18229
1.00834
1.00783
1.03534
1.01446
1.06787
1.0865
1.06741
1.01278
1.17944
1.02278
1.04065
1.03432
1.07514
1.01113
1.02255
1.02872
1.01206
1.02374
1.04088
1.01932
1.02785
1.0419
1.0258
1.03897
1.02566
1.03189
1.02295
1.02365
0.993923
1.02634
1.03113
1.01965
1.02808
1.02453
1.0424
1.03044
1.02497
1.03516
1.02711
1.06712
1.00908
1.00817
1.02618
1.02679
1.01984
1.00551
1.00171
1.01657
0.996035
1.00126
1.02561
1.07597
1.00822
1.0351
1.03614
1.03023
1.01546
1.29517
1.13923
1.11978
1.22214
1.03933
1.02261
1.51698
1.02188
1.39534
1.00466
1.43079
1.48654
1.19884
1.073
1.02533
1.04919
1.44352
1.39783
1.03578
1.17923
1.15951
1.37
1.46551
1.03113
1.39189
1.51623
1.33494
1.14822
1.34682
1.32895
1.03366
1.27065
1.01726
1.32957
1.12613
1.02135
1.17858
1.30153
1.48701
1.26468
1.30765
1.20288
1.14223
1.39029
1.34411
1.0764
1.36364
1.08223
1.1641
1.10151
1.4673
1.03787
1.33546
0.997753
1.36161
1.18756
1.26188
1.05757
1.03159
1.41832
1.32435
1.07622
1.14367
1.52443
1.02226
1.22266
1.1438
1.30531
1.43705
1.25987
1.4037
1.32168
1.27226
1.49126
1.12561
1.46586
1.19312
1.08384
1.00034
1.01647
1.48482
1.41312
1.49242
1.08791
1.58651
1.15403
1.05776
1.15066
1.14075
1.27141
1.10906
1.01728
1.46789
1.1298
1.03526
1.09311
1.11152
1.44152
1.04503
0.996758
1.18942
1.20253
1.1079
1.22267
1.07896
1.03168
1.02478
1.10205
1.0456
1.04418
1.08691
1.01628
1.42119
1.03058
1.20666
1.00012
0.99834
1.38266
1.13027
1.43675
1.33589
1.40985
1.09041
1.45653
1.06034
1.23734
1.27506
1.02422
1.0112
1.10034
1.03615
0.999733
1.28285
1.29004
1.16886
1.30334
1.47707
1.37931
1.68913
1.06554
1.58604
1.00381
1.25053
1.35234
1.30443
1.04896
1.42451
1.00916
1.14887
1.00403
1.45513
1.34729
1.05275
0.997567
1.18311
1.1159
1.39667
1.46164
1.31589
1.16126
1.35466
1.04556
1.11279
1.13928
1.18271
1.33172
1.10334
1.28726
1.34034
1.21414
1.26587
1.0265
1.29324
1.0588
1.4156
1.51728
1.03526
1.51263
1.36592
1.01033
1.07859
1.24854
1.03111
1.00145
1.22628
1.47111
1.04134
1.05048
1.56569
1.21274
1.1826
1.08424
1.07748
1.01783
1.11045
1.27645
1.24819
1.98395
1.09761
1.03499
1.08099
1.02463
1.20891
1.19953
1.27795
1.04205
1.50456
0.996398
1.36176
1.59973
1.01537
1.24852
1.3739
1.29388
1.1826
1.22005
1.20624
1.12153
1.01586
1.37167
1.30748
1.12192
1.17739
1.14492
1.16847
1.00138
1.16955
1.52872
1.11702
1.38018
1.3859
1.24148
1.08179
1.32212
1.38091
1.1206
1.34825
1.15587
1.39603
1.06322
0.996244
1.12073
1.03728
1.22725
1.07226
1.05142
1.21081
1.09634
1.18968
1.1917
1.02249
1.20993
1.06296
1.28181
1.04859
1.2253
1.12716
1.01965
1.21135
1.28474
1.30993
1.0433
1.02924
1.14627
1.20065
1.32328
1.29729
1.09533
1.27884
1.20997
1.27444
1.14667
1.00158
1.17837
1.56852
1.23843
1.45832
1.20554
1.20247
1.19005
1.18842
1.22752
1.23427
1.09295
1.56946
1.29713
0.99786
1.16402
1.24548
1.37405
1.05722
1.55462
1.12401
1.09113
1.05647
1.09306
1.07629
1.12613
1.29968
1.46796
1.01861
1.28631
1.13833
1.12345
1.19279
1.34637
0.999751
1.1297
1.21024
1.42887
1.16878
1.01394
1.03442
1.29293
1.29047
1.04392
1.36665
1.04297
1.02806
1.15781
1.22958
1.55691
1.3278
1.42843
1.42615
1.12757
1.35406
1.14572
1.36035
1.00232
1.06018
1.14691
1.2876
1.18548
1.5493
1.02868
1.20381
1.18822
1.80174
1.10746
1.09436
1.50295
1.04447
1.42301
1.58553
1.24788
1.08173
1.07711
1.18084
1.10704
1.06759
1.00027
1.12873
1.48949
1.0343
1.45024
1.4872
1.00589
1.18634
1.16058
1.37432
1.02615
1.13908
1.29595
1.01267
1.08451
1.19881
1.31962
1.91403
1.34839
1.52201
1.51679
1.20074
1.13867
1.04918
1.01183
1.17038
1.08284
1.01879
1.16727
1.05868
1.46894
1.37619
1.02863
1.29831
1.13332
1.28551
1.26386
1.09954
1.49239
1.47807
1.25458
1.16956
1.18955
1.01476
1.14149
1.17183
1.1022
1.25504
1.00212
1.00889
1.59269
1.49998
1.00125
1.04391
1.2322
1.01356
1.22275
1.12587
1.05683
1.05778
1.52861
1.05833
1.00663
1.02618
1.31798
1.00843
1.07636
1.03709
1.1636
1.01172
1.01553
1.22467
1.32404
1.26726
1.01511
1.26752
1.32112
1.3693
1.04012
0.999806
1.00413
1.24936
1.20498
1.03521
0.997195
1.00564
1.41075
1.05877
1.29992
1.61711
1.00234
1.40207
1.40089
1.47644
1.14306
1.12537
1.44867
1.03164
1.15751
1.0615
1.13633
1.13308
1.05289
1.1952
1.01105
1.3268
1.07036
1.21635
0.996969
1.0565
1.162
1.39768
1.00207
1.50897
1.29351
1.37046
1.31639
1.04627
1.00737
1.03146
1.47377
1.36383
1.23194
1.34826
1.46308
1.31428
1.11331
1.1888
1.0677
1.16551
1.12287
1.06218
1.16388
1.16327
1.35401
1.05388
1.46124
1.19559
1.41569
1.18907
1.01181
1.17468
1.56318
1.39349
1.02504
1.00803
1.02838
1.03036
1.47007
1.0737
1.03873
1.07209
1.12712
1.0678
1.07273
1.2493
1.4112
1.14552
1.2126
1.3801
1.12159
1.29553
1.03067
1.43821
1.37669
1.01209
1.32765
1.4144
1.5448
1.18875
1.14158
0.992903
1.00153
1.00358
1.14335
1.35258
1.24033
1.10744
1.37364
1.05128
1.00155
1.34731
1.04185
1.22337
1.14723
1.02262
1.09147
1.27859
1.52408
1.20182
1.19409
1.03151
1.05378
1.00059
1.47033
1.55273
1.1675
1.20645
1.37959
1.22196
1.01857
1.31137
1.21148
1.02559
1.02006
1.31816
1.14237
1.19057
0.995498
1.00952
1.14628
1.48429
1.00204
1.016
1.2304
1.11586
1.13485
1.14268
1.10466
1.45317
1.2638
1.10371
1.26399
1.37747
1.02871
1.42002
1.11273
1.30852
1.43594
1.47016
1.0048
1.01812
1.08035
1.25605
1.4415
1.04425
1.12772
1.17066
1.46054
1.12994
1.44844
1.11024
1.53808
1.16895
1.58672
1.05939
1.3224
1.29969
1.28514
1.12686
1.35022
1.02378
1.01146
0.997663
1.17079
1.42135
1.29423
1.11996
1.40507
1.01263
1.00308
1.10504
1.46093
1.35575
1.26744
1.17894
1.37777
1.0565
1.05167
1.43253
1.22157
1.18957
1.19968
1.40777
1.11917
1.05763
1.1059
1.05869
1.46842
1.00044
1.0107
1.2787
1.06835
1.3076
1.15906
1.12672
1.26603
1.02633
1.01946
1.17608
1.21978
1.07665
1.47707
1.01103
1.03961
1.06433
1.38593
1.2093
1.26381
1.21046
1.08976
1.40725
1.23046
1.08541
1.0162
1.00152
1.00993
1.01486
1.60729
1.00518
1.00209
1.28215
1.03993
1.60963
1.33277
1.0282
1.20877
1.04733
1.34891
1.03028
1.042
1.14313
1.37206
1.21653
1.00294
1.00129
1.18681
1.02679
1.2582
1.07984
1.20674
1.03521
1.02987
0.995932
1.43118
1.30884
0.99729
1.01397
1.29405
1.328
1.30193
1.14341
1.344
1.53364
1.2606
1.06593
1.4016
1.83867
1.54599
1.03838
1.039
1.00357
1.17701
1.01551
1.23608
1.26831
1.0081
1.01048
1.03433
1.48923
1.10982
1.15077
1.55812
1.34233
1.38961
1.16616
0.997289
1.38609
1.31918
0.997467
1.15208
1.07135
1.24248
1.11715
1.07048
1.00575
1.27182
1.3951
1.27417
1.16322
1.00991
1.00301
1.01415
1.01164
1.04155
1.54997
1.15084
1.08944
1.30032
1.01824
1.35491
1.16731
1.0558
1.18405
1.21869
1.43814
1.31015
1.18055
1.01898
1.00071
1.31367
1.01964
1.0229
1.08182
1.05682
1.50006
1.31001
1.08856
1.15893
1.4507
1.11905
1.33044
1.06344
0.99919
1.00224
1.15701
1.06579
1.35836
1.04168
1.09104
1.45304
1.17524
1.0576
1.19956
1.21121
1.35329
1.33113
1.51129
1.35738
1.56753
1.54313
1.18351
1.00082
1.10709
1.15589
1.28257
1.08127
1.06113
1.12183
1.42704
1.31602
1.31048
1.21926
1.23973
1.25812
1.0019
1.46402
1.34877
1.0083
1.03047
1.26914
1.02602
1.13136
1.05487
1.16777
1.34613
1.01478
1.19534
1.05824
1.12773
1.12916
1.23543
1.09639
1.0137
1.13415
1.0243
1.17899
1.17515
1.3777
1.37485
1.23982
1.21975
1.00305
1.19856
1.08576
1.11546
1.11214
1.13224
1.19031
1.10456
1.10198
1.06867
1.02377
1.03145
1.04241
1.11736
1.17561
1.38715
1.34491
1.00529
1.47323
1.53228
1.01113
1.06735
1.11781
1.48695
1.34429
1.0885
1.2642
1.23191
1.08993
1.02075
1.30795
1.17568
1.0149
0.999471
1.00454
1.47488
1.0689
1.07358
1.0015
1.01176
1.16435
1.02795
1.04143
1.0513
1.00636
1.30617
1.12161
1.34583
1.22276
1.02797
1.08056
1.20976
1.04177
1.11352
1.1051
1.45037
1.01886
1.05446
1.45215
1.5071
1.00329
1.03354
1.47597
1.0196
1.37483
1.23461
1.06009
1.24749
1.33989
1.37885
1.03127
1.14334
1.69136
1.08235
1.19517
1.25223
1.04964
1.02587
1.47702
1.25032
1.21956
1.14307
1.14378
1.0241
1.00788
1.29579
1.48304
1.46989
1.3593
1.59562
1.00303
1.00004
1.4007
1.27655
1.05401
1.06293
1.12467
0.997682
1.13953
1.12581
1.26831
1.4729
1.04174
1.53518
1.03676
1.0291
1.40725
1.01661
1.23559
1.2274
1.09295
1.45812
1.1864
1.30807
1.0877
1.31873
1.02215
1.06895
1.02916
1.60381
1.46091
1.51543
1.03534
1.12796
1.11724
1.13778
1.06741
1.01278
1.7862
1.39823
1.0983
1.31319
1.07514
1.55989
1.21402
1.33128
1.42792
1.02772
1.04088
1.03975
1.16626
1.0419
1.20799
1.08907
1.40778
1.22776
1.39863
1.06699
0.993923
1.23601
1.25839
1.0906
1.32093
1.28971
1.08409
1.03044
1.37075
1.27553
1.20002
1.1196
1.02031
1.47174
1.18009
1.15976
1.02494
1.04839
1.00171
1.09244
0.996035
1.00126
1.24003
1.24328
1.38264
1.04933
1.0979
1.34268
1.52434
177433000.0
598794000.0
314496000.0
173633000.0
741695000.0
584492000.0
143036000.0
247312000.0
157346000.0
251833000.0
140879000.0
143716000.0
206159000.0
232220000.0
257038000.0
234594000.0
143132000.0
161113000.0
245726000.0
200960000.0
180089000.0
488990000.0
148881000.0
376458000.0
158440000.0
143052000.0
159186000.0
224728000.0
173741000.0
164852000.0
239616000.0
179488000.0
293932000.0
167256000.0
214942000.0
237426000.0
214361000.0
181275000.0
141743000.0
175067000.0
525851000.0
316994000.0
214048000.0
159501000.0
165559000.0
451987000.0
394202000.0
307992000.0
423119000.0
344901000.0
152049000.0
391269000.0
163773000.0
295817000.0
148455000.0
197757000.0
548036000.0
230889000.0
417573000.0
145889000.0
170601000.0
633388000.0
199844000.0
134650000.0
238001000.0
187375000.0
365056000.0
173819000.0
144750000.0
189077000.0
147864000.0
167166000.0
184673000.0
147654000.0
363974000.0
348038000.0
290911000.0
215775000.0
275019000.0
241537000.0
140051000.0
471695000.0
139931000.0
243177000.0
141929000.0
283477000.0
486495000.0
345994000.0
319111000.0
177138000.0
226977000.0
254603000.0
145156000.0
367114000.0
487483000.0
207937000.0
415409000.0
145752000.0
234516000.0
280725000.0
200158000.0
313825000.0
217326000.0
328795000.0
225158000.0
249371000.0
249461000.0
353868000.0
352428000.0
229795000.0
204278000.0
359878000.0
148765000.0
765670000.0
485328000.0
276647000.0
259307000.0
159258000.0
213662000.0
139589000.0
171237000.0
148751000.0
221006000.0
149846000.0
436346000.0
169370000.0
180471000.0
250821000.0
397247000.0
212101000.0
246558000.0
270915000.0
314929000.0
169982000.0
201741000.0
177556000.0
145790000.0
163709000.0
315978000.0
214273000.0
137290000.0
303272000.0
190345000.0
170279000.0
533900000.0
225238000.0
148938000.0
365681000.0
201434000.0
258219000.0
140168000.0
163530000.0
247854000.0
279610000.0
207078000.0
195478000.0
163214000.0
133962000.0
171553000.0
206095000.0
165718000.0
463711000.0
222962000.0
348582000.0
197399000.0
177475000.0
222173000.0
178240000.0
163912000.0
193343000.0
181353000.0
234602000.0
181522000.0
229485000.0
157321000.0
145662000.0
238441000.0
141966000.0
412327000.0
247134000.0
453904000.0
194893000.0
290537000.0
258719000.0
188585000.0
144849000.0
398126000.0
228729000.0
378861000.0
188495000.0
205879000.0
215671000.0
447246000.0
225175000.0
202812000.0
168905000.0
191384000.0
286037000.0
225068000.0
396271000.0
217577000.0
423855000.0
183199000.0
197923000.0
172327000.0
253327000.0
142864000.0
275750000.0
152415000.0
137183000.0
286713000.0
178037000.0
153534000.0
175103000.0
206125000.0
302857000.0
190917000.0
224325000.0
233059000.0
154244000.0
174365000.0
218488000.0
469671000.0
446437000.0
409739000.0
273405000.0
208648000.0
136723000.0
390354000.0
164807000.0
164940000.0
184634000.0
226091000.0
175905000.0
159764000.0
229731000.0
161223000.0
213368000.0
159591000.0
312509000.0
289335000.0
303595000.0
239091000.0
181369000.0
237644000.0
253030000.0
188750000.0
210525000.0
192189000.0
176475000.0
242088000.0
187659000.0
407302000.0
187227000.0
234274000.0
183211000.0
221326000.0
568943000.0
187661000.0
179306000.0
166728000.0
237479000.0
322427000.0
382601000.0
196368000.0
168450000.0
491590000.0
309651000.0
179781000.0
661599000.0
280912000.0
196410000.0
342936000.0
201098000.0
136729000.0
184351000.0
147799000.0
195348000.0
396662000.0
181138000.0
197817000.0
285166000.0
193478000.0
230273000.0
381526000.0
178314000.0
270959000.0
203336000.0
181076000.0
150223000.0
220398000.0
134000000.0
294153000.0
622462000.0
732728000.0
444914000.0
238207000.0
220239000.0
175777000.0
148994000.0
236706000.0
342416000.0
206026000.0
395185000.0
561530000.0
145026000.0
276925000.0
217352000.0
191870000.0
146851000.0
206487000.0
400044000.0
255409000.0
176712000.0
532574000.0
476551000.0
166725000.0
232736000.0
247099000.0
196221000.0
187591000.0
143967000.0
163961000.0
146976000.0
155205000.0
227628000.0
160631000.0
190182000.0
160545000.0
341280000.0
491179000.0
211571000.0
180379000.0
322937000.0
144481000.0
252888000.0
201038000.0
192197000.0
342682000.0
216764000.0
300845000.0
144509000.0
562197000.0
491535000.0
136953000.0
350346000.0
317270000.0
655132000.0
200848000.0
214375000.0
593557000.0
332578000.0
350164000.0
143482000.0
297432000.0
140630000.0
145677000.0
256667000.0
193043000.0
211325000.0
147321000.0
243720000.0
427181000.0
172734000.0
278143000.0
369218000.0
207790000.0
181837000.0
299743000.0
170545000.0
139287000.0
141363000.0
184465000.0
381177000.0
220973000.0
253313000.0
210414000.0
237017000.0
244196000.0
288408000.0
233343000.0
144929000.0
163276000.0
310666000.0
278570000.0
218092000.0
180326000.0
189302000.0
309631000.0
147743000.0
145828000.0
177384000.0
206764000.0
191476000.0
241141000.0
218264000.0
208245000.0
551085000.0
177279000.0
261407000.0
257959000.0
133458000.0
391218000.0
277408000.0
227418000.0
192550000.0
238716000.0
198297000.0
216156000.0
553107000.0
214064000.0
422571000.0
235285000.0
254335000.0
263118000.0
174868000.0
271798000.0
379352000.0
246699000.0
201049000.0
249903000.0
249233000.0
180349000.0
172709000.0
174339000.0
252386000.0
174698000.0
348796000.0
160897000.0
398371000.0
278629000.0
320867000.0
178423000.0
212362000.0
343575000.0
273218000.0
265400000.0
153734000.0
233520000.0
175105000.0
342459000.0
258086000.0
150858000.0
164725000.0
144364000.0
217405000.0
304752000.0
142544000.0
234238000.0
302351000.0
538984000.0
224400000.0
213739000.0
221656000.0
311658000.0
246522000.0
165984000.0
363156000.0
403189000.0
265181000.0
245160000.0
207206000.0
141610000.0
257545000.0
146666000.0
162500000.0
164912000.0
177194000.0
241911000.0
250514000.0
452669000.0
153560000.0
156073000.0
197393000.0
147647000.0
152572000.0
173600000.0
415314000.0
285206000.0
438767000.0
267055000.0
213488000.0
236306000.0
398473000.0
213448000.0
157647000.0
518680000.0
148490000.0
207610000.0
153880000.0
526673000.0
260569000.0
179468000.0
407045000.0
167325000.0
381937000.0
251010000.0
298603000.0
567572000.0
151918000.0
566568000.0
425156000.0
631665000.0
214124000.0
414316000.0
227846000.0
197002000.0
143152000.0
215020000.0
184828000.0
153455000.0
335615000.0
165396000.0
802988000.0
148319000.0
154524000.0
262974000.0
164831000.0
150025000.0
141161000.0
201158000.0
211214000.0
289505000.0
266962000.0
261012000.0
302915000.0
171584000.0
188195000.0
211272000.0
158351000.0
463113000.0
256024000.0
165836000.0
349749000.0
315492000.0
318577000.0
248992000.0
222425000.0
177226000.0
142058000.0
204762000.0
193535000.0
685830000.0
402323000.0
270586000.0
141275000.0
409842000.0
407792000.0
188033000.0
140913000.0
178631000.0
230790000.0
167649000.0
190264000.0
314640000.0
308704000.0
458624000.0
217025000.0
211502000.0
282144000.0
317403000.0
611414000.0
146295000.0
270381000.0
256039000.0
199037000.0
339992000.0
217740000.0
203873000.0
223594000.0
148282000.0
319319000.0
641879000.0
173958000.0
165636000.0
225441000.0
160482000.0
432935000.0
161996000.0
155235000.0
143933000.0
262832000.0
228418000.0
571477000.0
189247000.0
150633000.0
234927000.0
208692000.0
200273000.0
140563000.0
228736000.0
149477000.0
208716000.0
137460000.0
211289000.0
136796000.0
501055000.0
166220000.0
170754000.0
179324000.0
225308000.0
160118000.0
649024000.0
268607000.0
273043000.0
212992000.0
152319000.0
184600000.0
356290000.0
157537000.0
309290000.0
288781000.0
204557000.0
151325000.0
154085000.0
179853000.0
205443000.0
158037000.0
737640000.0
217461000.0
155687000.0
176978000.0
314917000.0
198344000.0
152724000.0
332342000.0
243158000.0
200848000.0
318065000.0
431867000.0
276295000.0
274674000.0
189277000.0
519765000.0
183413000.0
213954000.0
210193000.0
186416000.0
621641000.0
240052000.0
211120000.0
189053000.0
342615000.0
436488000.0
354364000.0
430344000.0
407201000.0
152852000.0
320632000.0
179997000.0
175083000.0
224633000.0
152989000.0
183769000.0
224478000.0
384453000.0
267292000.0
308304000.0
459604000.0
131795000.0
265716000.0
267140000.0
174195000.0
229295000.0
320616000.0
168397000.0
774660000.0
195730000.0
220861000.0
170756000.0
239496000.0
526844000.0
476922000.0
163495000.0
285324000.0
261357000.0
276266000.0
187822000.0
372603000.0
181174000.0
294199000.0
194435000.0
324369000.0
247692000.0
278462000.0
147296000.0
165800000.0
286458000.0
357236000.0
177036000.0
166019000.0
176595000.0
209583000.0
167237000.0
138590000.0
179736000.0
587394000.0
156868000.0
327710000.0
141933000.0
562348000.0
349331000.0
296864000.0
334538000.0
229254000.0
178827000.0
181116000.0
262663000.0
254462000.0
238282000.0
140546000.0
216661000.0
328419000.0
140050000.0
157688000.0
148412000.0
209422000.0
278343000.0
135820000.0
167060000.0
280208000.0
334454000.0
711246000.0
184654000.0
215534000.0
244343000.0
244256000.0
184912000.0
148347000.0
176674000.0
279619000.0
264391000.0
306030000.0
345702000.0
244629000.0
380992000.0
133268000.0
213312000.0
235716000.0
183731000.0
374935000.0
161856000.0
376754000.0
351878000.0
203506000.0
176138000.0
145106000.0
288512000.0
202204000.0
776377000.0
252167000.0
172114000.0
252329000.0
370188000.0
387211000.0
228460000.0
141155000.0
166633000.0
222328000.0
200322000.0
441163000.0
220670000.0
161824000.0
344224000.0
284646000.0
298418000.0
346004000.0
639799000.0
161977000.0
240655000.0
220559000.0
148702000.0
203433000.0
245460000.0
201208000.0
158814000.0
161177000.0
170549000.0
138125000.0
163528000.0
137018000.0
137401000.0
199658000.0
265829000.0
323397000.0
217296000.0
182308000.0
236387000.0
221551000.0
356621000.0
158804000.0
168006000.0
182449000.0
191136000.0
175774000.0
191343000.0
268645000.0
145474000.0
171613000.0
249532000.0
239647000.0
171187000.0
245765000.0
207168000.0
428471000.0
202850000.0
157379000.0
815185000.0
303937000.0
244085000.0
200939000.0
219186000.0
190766000.0
229036000.0
371373000.0
212069000.0
254964000.0
195448000.0
206127000.0
147658000.0
151755000.0
179709000.0
186809000.0
267159000.0
387244000.0
420654000.0
212587000.0
222424000.0
225172000.0
286121000.0
217088000.0
221006000.0
225500000.0
622789000.0
291341000.0
240188000.0
473169000.0
217519000.0
151700000.0
173646000.0
263301000.0
148671000.0
135976000.0
247434000.0
310483000.0
363823000.0
144978000.0
161867000.0
335022000.0
301542000.0
179913000.0
228560000.0
417580000.0
486555000.0
185875000.0
329708000.0
242099000.0
268073000.0
147763000.0
225402000.0
238044000.0
263470000.0
251430000.0
186227000.0
234564000.0
245299000.0
404098000.0
257435000.0
164994000.0
200923000.0
171102000.0
181075000.0
330979000.0
287902000.0
190190000.0
360136000.0
381373000.0
227177000.0
146260000.0
439712000.0
521209000.0
153280000.0
139563000.0
276293000.0
363388000.0
143844000.0
263789000.0
148916000.0
189076000.0
293156000.0
178964000.0
164465000.0
159279000.0
249288000.0
214689000.0
331624000.0
344461000.0
205763000.0
180226000.0
235135000.0
276299000.0
363650000.0
190497000.0
336920000.0
315503000.0
198012000.0
406644000.0
254164000.0
176589000.0
143480000.0
147408000.0
156629000.0
137044000.0
264896000.0
273250000.0
146826000.0
188047000.0
528367000.0
308778000.0
221372000.0
319314000.0
219028000.0
378117000.0
163288000.0
147918000.0
238712000.0
143805000.0
404097000.0
250527000.0
154821000.0
376548000.0
194178000.0
193852000.0
237229000.0
143545000.0
196705000.0
173542000.0
322885000.0
169104000.0
402019000.0
363866000.0
251628000.0
394734000.0
139869000.0
137105000.0
705307000.0
220342000.0
434112000.0
395529000.0
399939000.0
293736000.0
348617000.0
160888000.0
453613000.0
171673000.0
499092000.0
138276000.0
184320000.0
172956000.0
149952000.0
387438000.0
471464000.0
238914000.0
193116000.0
300501000.0
194186000.0
333400000.0
148311000.0
186094000.0
160542000.0
219926000.0
281975000.0
183006000.0
183399000.0
228352000.0
165810000.0
176723000.0
355773000.0
493758000.0
159733000.0
189233000.0
188136000.0
360022000.0
245127000.0
147561000.0
201602000.0
208006000.0
695123000.0
249516000.0
265232000.0
214331000.0
275254000.0
381269000.0
202250000.0
345718000.0
146082000.0
408085000.0
212535000.0
168326000.0
143705000.0
