1.01387
1.02981
1.09349
1.05716
1.01959
1.09579
1.01858
1.03485
1.08861
1.00099
1.0933
1.02741
1.03357
1.01508
1.01042
1.01294
1.08546
1.03128
1.02759
1.03177
1.09642
1.02848
1.0688
1.01751
1.06521
1.08459
1.00113
1.12815
1.06109
1.0087
1.03939
1.05702
1.02554
1.03946
1.02939
1.00496
1.00703
1.0589
1.00524
1.04547
1.1039
1.02224
1.03283
1.01244
1.02983
1.15238
1.07223
1.03606
1.00097
1.01916
1.18608
1.03763
1.00127
1.09544
1.09143
1.03786
1.03234
1.0454
1.00347
1.03534
1.00531
1.09591
1.03542
1.06586
1.03828
1.00029
1.06263
1.00977
1.01837
1.02957
1.11712
1.00437
1.09718
1.1012
1.03276
1.04654
1.02283
1.03381
1.00902
1.02273
1.05463
1.05314
1.01354
1.01957
1.0372
1.06104
1.0193
1.02198
1.04394
1.05644
1.02318
1.01333
1.02661
1.00484
1.03036
1.00998
1.07947
1.08846
1.06211
1.08658
1.07649
1.05635
1.02145
1.11069
1.03395
1.00016
1.09648
1.07293
1.00497
1.03999
1.01347
1.03034
1.02957
1.04108
1.09243
1.02698
1.06738
1.01
1.04157
1.04991
1.04155
1.10755
1.00512
1.01793
1.02807
1.03875
1.03709
1.03883
1.01852
1.01101
1.05184
1.05294
1.00038
1.02838
1.07622
1.06151
1.0696
1.05469
1.00967
1.10372
1.06748
1.11743
1.06308
1.0093
1.04765
1.01696
1.05864
1.01332
1.00107
1.0523
1.00393
1.05395
1.04208
1.01125
1.00116
1.05528
1.01187
1.09625
1.00971
1.09886
1.05491
1.07325
1.05923
1.02529
1.00042
1.00102
1.07143
1.03031
1.04938
1.03331
1.03305
1.05029
1.01464
1.08763
1.01256
1.01527
1.02252
1.05478
1.04167
1.03753
1.19216
1.10459
1.05694
1.0618
1.03281
1.12973
1.06429
1.06518
1.04078
1.01592
1.06108
1.07659
1.13496
1.06773
1.01514
1.06792
1.12668
1.0535
1.03225
1.02682
1.04066
1.00821
1.08817
1.04623
1.02405
1.0738
1.00721
1.02327
1.01538
1.04361
1.02938
1.06293
1.0728
1.05451
1.04361
1.05755
1.00338
1.02165
1.02972
1.09641
1.1257
1.00206
1.01955
1.00281
1.01978
1.02625
1.12049
1.02663
1.09277
1.03318
1.01549
1.00382
1.02179
1.01453
1.0287
1.05099
1.02345
1.08076
1.01623
1.01835
1.05933
1.02967
1.01733
1.02709
1.09031
1.00026
1.00564
1.05183
1.04858
1.08311
1.04394
1.05495
1.01582
1.01611
1.02436
1.03853
1.02674
1.04097
1.07781
1.08799
1.03344
1.00909
1.05083
1.00318
1.01923
1.01686
1.05981
1.02122
1.04721
1.00412
1.12178
1.02816
1.06334
1.02767
1.021
1.03093
1.03086
1.00175
1.05443
1.04675
1.02443
1.04864
1.03254
1.03452
1.00614
1.02527
1.02757
1.01508
1.07511
1.07393
1.08536
1.02887
1.08459
1.11522
1.0341
1.03464
1.01255
1.00603
1.04601
1.01383
1.04284
1.00011
1.01031
1.06903
1.0443
1.02492
1.04494
1.00449
1.03173
1.04229
1.0582
1.00706
1.00294
1.06654
1.02912
1.07191
1.00818
1.0178
1.03563
1.02053
1.00592
1.03262
1.07769
1.06084
1.07404
1.03458
1.02828
1.04313
1.02248
1.1013
1.02957
1.07727
1.07663
1.07939
1.01303
1.06364
1.22504
1.04318
1.125
1.06004
1.02379
1.07959
1.01603
1.0728
1.04954
1.07077
1.0316
1.02882
1.00237
1.03023
1.00047
1.00083
1.09319
1.02839
1.03308
1.00043
1.05508
1.03063
1.01752
1.03704
1.01719
1.06804
1.00192
1.09975
1.01411
1.09212
1.09767
1.04218
1.01394
1.08305
1.06927
1.04433
1.14218
1.05115
1.08779
1.01364
1.06758
1.03936
1.01903
1.05928
1.02859
1.04918
1.07605
1.09883
1.00015
1.00292
1.0421
1.06949
1.01464
1.07386
1.01468
1.03622
1.04551
1.02024
1.02822
1.08178
1.08533
1.09889
1.06842
1.03415
1.02482
1.11648
1.03833
1.0825
1.06918
1.01217
1.01532
1.02377
1.06846
1.08663
1.0057
1.06699
1.08347
1.00783
1.19147
1.03919
1.01622
1.01261
1.08772
1.05167
1.02802
1.00101
1.00857
1.05328
1.02349
1.04992
1.05304
1.04722
1.00407
1.00407
1.07484
1.0367
1.03243
1.04384
1.0508
1.01134
1.03281
1.03632
1.0557
1.01272
1.01659
1.0128
1.03667
1.08047
1.0527
1.01622
1.04743
1.08808
1.04051
1.06102
1.02528
1.04736
1.02869
1.08898
1.00184
1.05545
1.0806
1.03241
1.11917
1.21613
1.05162
1.03808
1.02876
1.09979
1.02933
1.02258
1.03816
1.00708
1.0277
1.04517
1.04962
1.01663
1.07417
1.02723
1.03663
1.0005
1.18782
1.09037
1.00248
1.00049
1.00842
1.00282
1.02287
1.09825
1.01058
1.03264
1.00896
1.01169
1.02231
1.04249
1.07851
1.00049
1.13902
1.10464
1.007
1.00554
1.03506
1.00682
1.03245
1.03876
1.01824
1.0166
1.04631
1.02215
1.02309
1.04128
1.09589
1.00314
1.11349
1.01452
1.01373
1.03464
1.04287
1.02781
1.05928
1.00516
1.05446
1.11043
1.0501
1.08199
1.10549
1.02536
1.10587
1.02715
1.02039
1.07921
1.02086
1.06497
1.03981
1.00906
1.03295
1.06973
1.0078
1.01104
1.01211
1.00134
1.00673
1.0678
1.0964
1.0149
1.01723
1.02129
1.02259
1.0349
1.0018
1.03352
1.02756
1.01833
1.0551
1.03644
1.10585
1.06815
1.03046
1.035
1.07869
1.02394
1.05101
1.08934
1.06081
1.07355
1.03426
1.0659
1.0058
1.00349
1.01023
1.00956
1.06621
1.0656
1.04004
1.05573
1.00783
1.04373
1.04276
1.08976
1.00709
1.00083
1.0151
1.03704
1.08689
1.00806
1.00253
1.0092
1.10229
1.00657
1.01981
1.03498
1.01301
1.03756
1.04624
1.04397
1.08272
1.02583
1.07811
1.03645
1.0805
1.01874
1.07872
1.06737
1.06954
1.04228
1.02712
1.07077
1.04305
1.04055
1.02649
1.04777
1.07613
1.0148
1.02045
1.00775
1.03506
1.00116
1.15515
1.22642
1.13402
1.02883
1.04452
1.03409
1.05333
1.04565
1.07453
1.023
1.08546
1.032
1.03848
1.02995
1.05578
1.07298
1.02344
1.02736
1.00708
1.05627
1.04353
1.02268
1.02975
1.07823
1.04032
1.0444
1.25948
1.02473
1.04184
1.05113
1.09029
1.02776
1.05606
1.07507
1.05532
1.01781
1.08075
1.01278
1.08327
1.02357
1.02201
1.02859
1.14215
1.00981
1.00075
1.01023
1.00589
1.08051
1.04901
1.00326
1.02655
1.06752
1.02474
1.00362
1.09224
1.00315
1.01632
1.01457
1.02816
1.0343
1.01632
1.05618
1.00396
1.01312
1.01769
1.03149
1.04173
1.05774
1.06056
1.01317
1.00009
1.06603
1.0092
1.00388
1.01052
1.093
1.03765
1.0077
1.11051
1.01705
1.02145
1.10445
1.03912
1.0006
1.04211
1.0469
1.05718
1.06121
1.04652
1.03879
1.0816
1.02637
1.05794
1.0179
1.0129
1.08801
1.03767
1.00644
1.0447
1.04289
1.0559
1.02041
1.06117
1.00213
1.04075
1.02669
1.01925
1.00129
1.01587
1.02925
1.01234
1.04247
1.04906
1.02039
1.09219
1.04564
1.02206
1.10602
1.02504
1.07578
1.03982
1.08122
1.00739
1.06929
1.0241
1.03575
1.05327
1.01812
1.00321
1.03342
1.03802
1.03093
1.01398
1.02853
1.05483
1.00621
1.02944
1.0199
1.09763
1.00817
1.02306
1.01327
1.04999
1.03185
1.01415
1.00724
1.08772
1.05889
1.02376
1.00982
1.06989
1.00452
1.08666
1.00249
1.0308
1.01183
1.0363
1.0498
1.00349
1.06222
1.01707
1.02103
1.07297
1.07572
1.10854
1.0032
1.06108
1.0525
1.05221
1.08566
1.00892
1.054
1.06083
1.0414
1.08831
1.03214
1.05908
1.01255
1.03837
1.03521
1.02799
1.01478
1.16075
1.01731
1.02254
1.08091
1.02752
1.01982
1.06356
1.01795
1.01849
1.07676
1.02714
1.05101
1.09719
1.00196
1.09871
1.02325
1.01972
1.09168
1.01546
1.02033
1.03158
1.01608
1.01851
1.08003
1.09467
1.00037
1.05332
1.05748
1.00134
1.0136
1.03179
1.02255
1.10385
1.06247
1.05281
1.01333
1.06819
1.08444
1.02306
1.02251
1.05371
1.00433
1.04837
1.0051
1.10509
1.03008
1.03504
1.02419
1.045
1.02037
1.06301
1.02779
1.08064
1.02822
1.09804
1.03622
1.01244
1.02784
1.0859
1.00329
1.05345
1.02622
1.05426
1.07578
1.09145
1.09585
1.01317
1.03647
1.02697
1.01972
1.23104
1.03626
1.01033
1.01284
1.0367
1.04645
1.11259
1.04244
1.04776
1.00136
1.07854
1.0306
1.04684
1.06801
1.00966
1.04747
1.0601
1.07021
1.01297
1.03666
1.00405
1.01554
1.03312
1.0526
1.00632
1.08554
1
1.05273
1.01459
1.02774
1.08401
1.08841
1.01739
1.07054
1.18297
1.07423
1.01277
1.06123
1.11675
1.00788
1.0781
1.06429
1.0255
1.05752
1.02053
1.06684
1.05521
1.11175
1.00235
1.02444
1.04217
1.06715
1.02946
1.02963
1.00195
1.0269
1.02928
1.04968
1.06899
1.02765
1.01563
1.01959
1.0644
1.00954
1.0252
1.12598
1.10707
1.1054
1.0172
1.00488
1.00815
1.02926
1.01443
1.02766
1.00953
1.09113
1.01848
1.10443
1.06864
1.09021
1.12082
1.03008
1.06376
1.00018
1.00975
1.02042
1.02184
1.01085
1.06257
1.02561
1.05372
1.16808
1.25554
1.03813
1.01841
1.02977
1.02352
1.05062
1.01312
1.04222
1.03898
1.08901
1.0241
1.07679
1.03334
1.03679
1.11126
1.08481
1.0292
1.0051
1.01327
1.03193
1.05399
1.02208
1.02537
1.04763
1.01471
1.0584
1.03502
1.17077
1.05191
1.0062
1.00545
1.03636
1.02283
1.07887
1.05065
1.02541
1.06396
1.10423
1.00785
1.00852
1.06549
1.1254
1.0144
1.03685
1.01387
1.02981
1.36017
1.18376
1.27337
1.24903
1.57033
1.03485
1.08861
1.00099
1.27279
1.13426
1.11233
1.23897
1.32048
1.26859
1.08546
1.13674
1.02759
1.03177
1.09642
1.02848
1.0688
1.44787
1.06522
1.08459
1.00113
1.15582
1.22645
1.0087
1.10999
1.05702
1.0855
1.21392
1.02939
1.00496
1.00703
1.0589
1.00524
1.04547
1.15182
1.02239
1.0451
1.01244
1.17241
1.15238
1.07223
1.03606
1.00097
1.2726
1.3862
1.2095
1.00127
1.09544
1.09143
1.12549
1.03234
1.0454
1.00347
1.03534
1.02988
1.9532
1.03542
1.06586
1.03828
1.00462
1.06263
1.2097
1.29468
1.07727
1.21085
1.00437
1.09718
1.1012
1.05459
1.04654
1.04936
1.06884
1.00902
1.23802
1.05463
1.1139
1.4358
1.08974
1.0372
1.17479
1.43123
1.02198
1.04394
1.05644
1.02318
1.02719
1.06017
1.00484
1.39187
1.00998
1.09089
1.08846
1.06423
1.08658
1.07649
1.05635
1.02145
1.11069
1.03395
1.00016
1.12878
1.13254
1.41224
1.19269
1.01347
1.24993
1.02968
1.04108
1.09243
1.13723
1.06738
1.01
1.05634
1.10074
1.04155
1.10755
1.02117
1.04049
1.04923
1.16648
1.15606
1.03883
1.01871
1.01101
1.26254
1.05294
1.65371
1.02838
1.07622
1.06151
1.0696
1.01262
1.00967
1.13374
1.06748
1.18089
1.06308
1.0093
1.44672
1.01696
1.05864
1.01332
1.00107
1.20133
1.00393
1.05395
1.04208
1.0367
1.00116
1.31575
1.48563
1.16638
1.00971
1.59968
1.05491
1.07325
1.43363
1.02529
1.00042
1.00102
1.07143
1.03413
1.04938
1.09998
1.19548
1.38618
1.01464
1.08763
1.24234
1.34201
1.02252
1.05478
1.04167
1.03753
1.2599
1.10459
1.05694
1.0618
1.03281
1.12973
1.20123
1.06518
1.46783
1.29471
1.06108
1.07659
1.22996
1.06773
1.01514
1.06792
1.11286
1.24253
1.11308
1.14396
1.10085
1.54442
1.08817
1.04623
1.2566
1.0738
1.00721
1.02327
1.15109
1.08799
1.02938
1.06293
1.0728
1.05451
1.27375
1.05755
1.00338
1.03609
1.25617
1.09641
1.26187
1.00206
1.19726
1.00281
1.01978
1.26636
1.12049
1.02977
1.23024
1.14892
1.35904
1.00382
1.33555
1.01453
1.11973
1.05099
1.16372
1.10758
1.01623
1.03354
1.05933
1.20377
1.01733
1.1367
1.09031
1.00026
1.00564
1.05808
1.04858
1.08311
1.07639
1.13981
1.01582
1.02838
1.32326
1.14959
1.29745
1.04097
1.02102
1.37584
1.23839
1.00909
1.05083
1.00318
1.01923
1.3323
1.05981
1.24418
1.0732
1.00245
1.12178
1.0522
1.06334
1.33107
1.05916
1.17302
1.28278
1.00175
1.05443
1.2718
1.02443
1.04864
1.52764
1.07862
1.46356
1.02527
1.02757
1.01508
1.07511
1.07393
1.08536
1.32974
1.08459
1.11522
1.0341
1.03464
1.01255
1.41204
1.04601
1.08914
1.16511
1.31627
1.40485
1.06903
1.05686
1.02492
1.04494
1.00449
1.03173
1.04229
1.18764
1.00706
1.00294
1.06654
1.02912
1.07191
1.15089
1.0178
1.20983
1.28257
1.00592
1.03262
1.16953
1.06084
1.07404
1.09068
1.06976
1.09442
1.02248
1.1013
1.35654
1.07727
1.09964
1.04131
1.01303
1.06364
1.49753
1.16818
1.1694
1.06004
1.13043
1.07959
1.08017
1.82592
1.04954
1.07077
1.06409
1.02882
1.00237
1.03023
1.00047
1.00083
1.09319
1.13754
1.03308
1.00043
1.15703
1.00316
1.15359
1.03704
1.01719
1.06804
1.0279
1.09975
1.01411
1.09212
1.30124
1.05666
1.01394
1.10476
1.1734
1.13061
1.40847
1.05115
1.08779
1.01364
1.06758
1.4833
1.01903
1.05928
1.02859
1.04918
1.07605
1.09883
1.00015
1.00292
1.3021
1.06949
1.31146
1.23267
1.01468
1.36183
1.18546
1.22347
1.08838
1.08178
1.08533
1.63188
1.06842
1.19414
1.3698
1.03286
1.17645
1.0825
1.07666
1.01217
1.27332
1.02377
1.06846
1.08663
1.0057
1.06699
1.17659
1.00783
1.43129
1.05178
1.01622
1.01261
1.08772
1.05167
1.20297
1.00101
1.00857
1.05328
1.02349
1.04992
1.07276
1.04722
1.00407
1.00407
1.07484
1.21887
1.2081
1.11948
1.0508
1.30679
1.11506
1.09557
1.0557
1.03303
1.01659
1.17095
1.10795
1.08047
1.22173
1.01622
1.04743
1.93112
1.10026
1.08427
1.04308
1.04736
1.19035
1.08898
1.55826
1.06151
1.0806
1.03241
1.34594
1.24386
1.05162
1.03808
1.02876
1.1134
1.11197
1.02258
1.03816
1.00708
1.0277
1.04517
1.04962
1.01663
1.38435
1.29923
1.05779
1.0005
1.43291
1.09349
1.5658
1.02893
1.27203
1.00282
1.48162
1.09826
1.01058
1.3196
1.00896
1.01709
1.0697
1.06367
1.07851
1.00049
1.13902
1.10464
1.00204
1.00554
1.171
1.01113
1.09512
1.03876
1.01824
1.34213
1.22535
1.0488
1.02309
1.04128
1.09589
1.00314
1.11349
1.01452
1.06008
1.03464
1.04287
1.11859
1.05928
1.53425
1.05446
1.11043
1.07851
1.08199
1.00644
1.12651
1.10587
1.11475
1.2255
1.07921
1.23818
1.06497
1.03981
1.00906
1.03669
1.28114
1.04472
1.01104
1.01211
1.00134
1.43442
1.0678
1.0964
1.0149
1.35431
1.37476
1.02259
1.0349
1.0018
1.03352
1.02756
1.37668
1.05601
1.03644
1.10585
1.06815
1.34289
1.13726
1.07869
1.02394
1.28537
1.1275
1.06982
1.07355
1.22879
1.0659
1.31482
1.00349
1.55614
1.42366
1.06621
1.20315
1.04733
1.05573
1.02188
1.1003
1.22093
1.08976
1.00709
1.00083
1.0151
1.03704
1.08689
1.03895
1.00253
1.43018
1.11892
1.00657
1.01981
1.18975
1.03695
1.03756
1.04624
1.04397
1.08272
1.24764
1.07811
1.19013
1.0805
1.3598
1.07872
1.06737
1.06954
1.08764
1.32377
1.07077
1.13825
1.04055
1.02649
1.04777
1.07613
1.07479
1.02045
1.06452
1.29047
1.00116
1.00912
1.46485
1.13709
1.02883
1.04649
1.11408
1.06836
1.18431
1.07453
1.023
1.08546
1.02796
1.03848
1.02995
1.05578
1.07298
1.41261
1.02736
1.00708
1.05627
1.04353
1.02268
1.33269
1.07823
1.04032
1.20818
1.35496
1.30897
1.04184
1.05113
1.09029
1.41677
1.05606
1.13085
1.05532
1.18918
1.08075
1.36093
1.11788
1.02357
1.02201
1.49781
1.14215
1.57113
1.00075
1.01023
1.30831
1.11994
1.04901
1.00326
1.26773
1.06752
1.06504
1.00362
1.25846
1.00315
1.01632
1.01457
1.02816
1.07732
1.31305
1.12635
1.03103
1.01312
1.01769
1.03149
1.04173
1.05774
1.29423
1.01317
1.00009
1.06603
1.0092
1.00388
1.39745
1.11828
1.30541
1.0077
1.11051
1.02007
1.02145
1.47865
1.06817
1.0006
1.11036
1.0469
1.05718
1.06122
1.25132
1.03879
1.0816
1.02637
1.20429
1.02529
1.08881
1.08801
1.03767
1.00644
1.2599
1.04289
1.0559
1.02041
1.11209
1.00213
1.15865
1.3462
1.45033
1.55273
1.01587
1.04278
1.01234
1.07048
1.08899
1.02039
1.0922
1.04564
1.3843
1.10602
1.23796
1.07578
1.03982
1.08122
1.41662
1.06929
1.03415
1.03575
1.12159
1.19354
1.00321
1.09785
1.03802
1.03093
1.02956
1.22246
1.05483
1.00621
1.16572
1.26932
1.15339
1.24821
1.02306
1.5609
1.30238
1.11071
1.01415
1.00724
1.15758
1.05889
1.02376
1.00982
1.06989
1.43453
1.08666
1.00249
1.06555
1.03803
1.34975
1.0498
1.00349
1.2824
1.01707
1.02103
1.23357
1.07572
1.10854
1.0032
1.06108
1.0525
1.05221
1.08567
1.104
1.054
1.61329
1.15607
1.08831
1.03214
1.05908
1.01255
1.03837
1.03521
1.02799
1.21957
1.53677
1.01731
1.02254
1.40648
1.02752
1.0838
1.06356
1.4806
1.01849
1.07676
1.02714
1.05101
1.09719
1.00196
1.09871
1.02325
1.30448
1.19038
1.01653
1.25303
1.03158
1.22374
1.02605
1.00859
1.1045
1.00037
1.14561
1.05748
1.00134
1.0136
1.0823
1.43187
1.10385
1.06247
1.05281
1.14792
1.29661
1.08444
1.02306
1.02251
1.08127
1.00433
1.04837
1.00633
1.10509
1.20006
1.16207
1.40071
1.09902
1.06509
1.06301
1.24476
1.08064
1.06357
1.63257
1.03622
1.32169
1.17231
1.24504
1.00288
1.05345
1.02948
1.05426
1.07578
1.09145
1.09585
1.01317
1.11758
1.15487
1.39685
1.34086
1.03626
1.36485
1.1634
1.0367
1.04645
1.1281
1.04244
1.0978
1.00136
1.07854
1.0306
1.00762
1.06801
1.02569
1.27684
1.0601
1.07021
1.01297
1.03666
1.00405
1.00174
1.16044
1.0526
1.00632
1.09474
1
1.05273
1.25542
1.48192
1.08401
1.08841
1.3224
1.19153
1.34902
1.07423
1.01277
1.01727
1.52701
1.01142
1.14604
1.12364
1.0255
1.05752
1.02577
1.07505
1.05521
1.11175
1.00235
1.02444
1.04217
1.06715
1.42039
1.02963
1.00195
1.43254
1.04164
1.04968
1.06899
1.20008
1.10968
1.28534
1.1407
1.4919
1.29028
1.28985
1.10707
1.1054
1.0172
1.00488
1.49671
1.02926
1.01443
1.02766
1.00953
1.116
1.26569
1.11779
1.06864
1.09021
1.12082
1.13994
1.11707
1.00018
1.44503
1.02042
1.40821
1.01671
1.06689
1.16888
1.05372
1.47211
1.39167
1.03813
1.11016
1.26113
1.02352
1.09541
1.22102
1.51466
1.03898
1.08901
1.0241
1.07679
1.03334
1.56182
1.11126
1.08481
1.0292
1.0051
1.23469
1.19345
1.05399
1.22502
1.19055
1.12145
1.01471
1.0584
1.239
1.41388
1.05191
1.0062
1.00545
1.1168
1.24093
1.07887
1.05952
1.02541
1.06396
1.10423
1.00651
1.00852
1.09408
1.20424
1.0144
1.03685
305645000.0
225385000.0
446805000.0
357468000.0
162706000.0
311171000.0
137677000.0
488070000.0
343650000.0
258607000.0
297287000.0
599024000.0
355738000.0
182541000.0
158087000.0
182512000.0
541986000.0
204859000.0
628566000.0
429735000.0
465425000.0
305309000.0
394028000.0
141031000.0
563708000.0
423850000.0
272529000.0
639470000.0
349092000.0
205352000.0
200949000.0
326106000.0
229740000.0
201025000.0
238548000.0
274023000.0
267195000.0
351927000.0
272722000.0
551297000.0
465035000.0
243740000.0
594660000.0
257841000.0
193979000.0
455337000.0
379739000.0
203389000.0
287949000.0
165715000.0
474671000.0
150613000.0
291629000.0
493078000.0
379566000.0
217407000.0
346824000.0
256264000.0
259089000.0
351382000.0
201882000.0
306764000.0
714250000.0
738309000.0
189542000.0
252714000.0
333927000.0
132429000.0
139029000.0
300639000.0
562291000.0
300133000.0
565571000.0
449447000.0
358339000.0
199719000.0
239571000.0
162680000.0
244392000.0
179068000.0
564294000.0
372786000.0
161686000.0
220862000.0
428881000.0
435667000.0
149906000.0
384773000.0
393566000.0
442929000.0
355435000.0
303912000.0
237032000.0
275146000.0
158077000.0
249814000.0
632093000.0
519676000.0
333599000.0
384591000.0
431910000.0
656519000.0
741851000.0
531025000.0
232230000.0
294394000.0
468612000.0
412210000.0
136256000.0
176581000.0
218207000.0
143425000.0
246973000.0
649855000.0
409751000.0
196112000.0
688150000.0
251233000.0
362824000.0
173400000.0
658092000.0
367123000.0
279045000.0
304423000.0
303673000.0
348890000.0
202071000.0
309877000.0
267385000.0
249722000.0
172805000.0
462560000.0
127051000.0
760744000.0
599786000.0
376909000.0
467150000.0
520806000.0
272260000.0
461931000.0
465428000.0
431366000.0
503697000.0
310309000.0
344295000.0
727785000.0
190574000.0
323340000.0
277208000.0
427026000.0
222066000.0
679640000.0
590619000.0
236193000.0
270986000.0
176809000.0
134199000.0
377540000.0
269755000.0
448659000.0
459827000.0
675375000.0
165434000.0
247944000.0
287362000.0
284872000.0
357604000.0
190828000.0
603942000.0
312099000.0
274733000.0
159976000.0
366696000.0
506256000.0
156885000.0
185847000.0
247351000.0
331965000.0
343654000.0
542144000.0
465113000.0
608524000.0
453984000.0
473364000.0
481765000.0
382814000.0
725713000.0
421418000.0
133585000.0
150481000.0
483927000.0
712441000.0
309313000.0
718418000.0
236920000.0
357412000.0
486429000.0
166633000.0
163077000.0
186362000.0
160677000.0
132216000.0
299808000.0
700341000.0
192790000.0
680502000.0
225238000.0
237556000.0
212831000.0
161017000.0
224866000.0
343136000.0
392456000.0
491902000.0
161388000.0
446749000.0
310226000.0
253856000.0
137880000.0
564734000.0
424956000.0
272712000.0
197993000.0
246684000.0
325549000.0
194577000.0
405892000.0
236515000.0
336027000.0
200299000.0
159330000.0
262944000.0
186033000.0
404034000.0
447651000.0
374695000.0
151017000.0
456033000.0
416612000.0
221312000.0
180913000.0
202901000.0
344621000.0
222670000.0
517630000.0
288898000.0
260369000.0
514532000.0
453113000.0
532175000.0
293709000.0
201483000.0
377589000.0
255927000.0
632085000.0
506057000.0
186154000.0
687719000.0
464098000.0
357133000.0
157586000.0
248503000.0
728961000.0
261765000.0
186691000.0
162219000.0
353763000.0
176239000.0
206486000.0
571948000.0
529892000.0
289218000.0
349237000.0
161772000.0
239450000.0
169358000.0
153448000.0
232724000.0
428144000.0
178815000.0
215822000.0
467004000.0
148969000.0
145966000.0
149085000.0
317185000.0
175546000.0
259217000.0
348481000.0
596483000.0
384277000.0
143269000.0
376720000.0
347990000.0
736446000.0
639934000.0
252210000.0
144975000.0
387237000.0
240402000.0
192779000.0
128149000.0
143542000.0
624035000.0
522427000.0
368296000.0
326030000.0
270867000.0
702101000.0
333923000.0
167924000.0
812504000.0
259441000.0
418115000.0
453470000.0
669515000.0
138909000.0
397731000.0
160088000.0
165513000.0
380099000.0
368479000.0
465350000.0
530178000.0
314473000.0
152332000.0
216063000.0
198676000.0
720067000.0
496038000.0
169562000.0
467285000.0
677889000.0
395606000.0
258683000.0
468556000.0
328948000.0
199747000.0
393517000.0
602380000.0
210430000.0
310010000.0
156725000.0
336269000.0
448329000.0
642954000.0
368227000.0
195811000.0
257654000.0
171804000.0
288121000.0
285866000.0
479021000.0
151103000.0
217731000.0
284294000.0
408597000.0
463906000.0
215802000.0
693734000.0
331642000.0
504772000.0
266770000.0
440395000.0
261285000.0
447334000.0
474844000.0
519627000.0
211238000.0
613635000.0
278428000.0
177563000.0
334245000.0
381006000.0
522917000.0
264772000.0
730593000.0
152978000.0
336965000.0
469352000.0
206886000.0
714417000.0
452876000.0
527035000.0
288891000.0
283696000.0
152441000.0
589334000.0
139752000.0
351104000.0
337842000.0
170464000.0
182050000.0
139465000.0
170496000.0
344004000.0
516025000.0
335959000.0
707213000.0
214463000.0
154204000.0
388695000.0
159248000.0
340545000.0
592563000.0
751053000.0
192568000.0
310962000.0
710102000.0
475453000.0
229339000.0
339512000.0
308147000.0
267700000.0
330646000.0
195095000.0
216079000.0
213627000.0
642624000.0
450247000.0
166973000.0
283637000.0
256294000.0
385850000.0
322240000.0
179206000.0
180324000.0
721860000.0
308998000.0
206051000.0
339518000.0
180343000.0
155236000.0
181521000.0
732574000.0
144367000.0
278065000.0
169869000.0
638389000.0
228405000.0
246514000.0
206744000.0
195850000.0
603608000.0
276189000.0
684609000.0
739260000.0
306974000.0
148347000.0
396649000.0
299909000.0
536515000.0
145094000.0
477610000.0
130831000.0
371707000.0
459284000.0
582448000.0
388457000.0
482563000.0
500704000.0
312710000.0
319490000.0
320351000.0
190190000.0
304462000.0
477714000.0
232832000.0
214003000.0
473328000.0
595308000.0
632382000.0
152789000.0
168609000.0
235102000.0
320942000.0
456420000.0
427846000.0
129922000.0
834960000.0
162967000.0
255918000.0
152771000.0
594250000.0
219477000.0
150198000.0
254981000.0
274074000.0
213270000.0
208786000.0
602299000.0
270271000.0
399748000.0
524448000.0
237764000.0
248708000.0
177424000.0
280011000.0
498393000.0
204848000.0
225394000.0
169605000.0
166299000.0
229925000.0
735488000.0
462036000.0
399467000.0
278449000.0
527242000.0
310943000.0
247421000.0
629282000.0
435166000.0
214857000.0
483173000.0
134351000.0
735951000.0
437255000.0
173615000.0
391434000.0
398523000.0
215191000.0
476237000.0
214575000.0
204379000.0
501825000.0
201935000.0
294874000.0
714572000.0
219637000.0
196769000.0
268331000.0
225463000.0
218583000.0
732552000.0
273957000.0
143170000.0
725640000.0
421303000.0
320034000.0
158739000.0
150136000.0
797675000.0
283247000.0
257579000.0
409232000.0
742173000.0
137189000.0
399507000.0
615897000.0
475181000.0
610351000.0
162608000.0
175186000.0
388652000.0
759308000.0
186590000.0
342612000.0
533479000.0
347185000.0
333983000.0
555158000.0
192339000.0
333262000.0
144120000.0
135536000.0
381409000.0
338698000.0
772059000.0
342479000.0
198139000.0
157539000.0
148209000.0
435586000.0
252784000.0
269794000.0
239495000.0
648091000.0
406954000.0
649102000.0
785310000.0
163821000.0
370377000.0
267009000.0
246647000.0
148170000.0
737580000.0
169775000.0
361218000.0
375143000.0
631698000.0
170360000.0
575189000.0
161003000.0
510510000.0
167952000.0
523881000.0
612836000.0
355659000.0
217064000.0
169137000.0
689364000.0
165751000.0
203630000.0
763904000.0
415884000.0
443818000.0
231388000.0
218982000.0
148353000.0
159499000.0
279219000.0
345148000.0
456901000.0
370919000.0
203726000.0
331211000.0
210790000.0
198693000.0
337605000.0
448714000.0
473484000.0
693012000.0
691261000.0
380494000.0
540328000.0
200792000.0
390375000.0
146076000.0
465609000.0
256944000.0
531377000.0
191146000.0
412080000.0
139941000.0
515057000.0
412681000.0
193186000.0
398104000.0
136640000.0
597723000.0
380599000.0
542118000.0
167527000.0
405940000.0
554453000.0
671227000.0
372917000.0
409261000.0
146706000.0
304891000.0
551695000.0
238729000.0
132797000.0
446358000.0
139409000.0
277047000.0
220510000.0
144800000.0
466294000.0
718488000.0
228927000.0
182815000.0
516527000.0
225379000.0
263109000.0
398937000.0
347405000.0
230178000.0
738198000.0
317362000.0
229653000.0
131406000.0
415098000.0
788731000.0
249710000.0
230363000.0
180724000.0
437087000.0
197408000.0
194863000.0
262003000.0
288481000.0
606616000.0
787900000.0
258448000.0
158471000.0
363136000.0
162519000.0
276427000.0
366513000.0
191003000.0
226606000.0
332648000.0
209566000.0
283337000.0
186957000.0
625960000.0
428000000.0
367180000.0
167386000.0
190207000.0
405254000.0
204308000.0
322352000.0
247195000.0
153732000.0
350686000.0
316449000.0
250837000.0
155450000.0
474723000.0
589089000.0
221030000.0
421896000.0
280732000.0
192960000.0
165126000.0
148521000.0
128890000.0
235750000.0
328025000.0
321006000.0
158250000.0
587508000.0
438769000.0
434587000.0
193687000.0
161383000.0
502986000.0
141446000.0
601261000.0
653666000.0
474942000.0
144924000.0
716696000.0
254909000.0
620323000.0
192981000.0
681326000.0
276351000.0
487960000.0
515476000.0
304840000.0
370678000.0
157492000.0
707955000.0
827457000.0
163389000.0
141621000.0
520181000.0
198668000.0
213634000.0
146454000.0
176365000.0
221187000.0
254517000.0
246957000.0
398196000.0
635251000.0
455750000.0
193225000.0
658474000.0
141061000.0
533548000.0
297247000.0
298452000.0
406581000.0
163410000.0
701315000.0
232100000.0
474577000.0
238753000.0
223187000.0
322827000.0
557272000.0
548391000.0
321514000.0
645420000.0
450849000.0
329650000.0
555605000.0
210032000.0
314114000.0
130498000.0
202090000.0
466826000.0
346396000.0
692564000.0
248537000.0
683085000.0
231059000.0
571470000.0
206791000.0
346660000.0
328576000.0
227412000.0
530732000.0
460653000.0
233876000.0
356804000.0
152814000.0
522962000.0
485139000.0
185935000.0
632540000.0
530325000.0
259544000.0
603492000.0
732602000.0
155904000.0
357471000.0
247582000.0
147349000.0
375238000.0
205371000.0
358275000.0
492040000.0
549616000.0
284290000.0
185601000.0
376617000.0
258600000.0
375571000.0
221659000.0
147110000.0
416183000.0
416465000.0
586570000.0
155970000.0
314013000.0
562887000.0
328501000.0
754926000.0
435291000.0
243507000.0
530851000.0
271775000.0
554978000.0
373619000.0
164355000.0
157988000.0
158247000.0
275480000.0
714986000.0
185629000.0
624189000.0
207470000.0
446656000.0
224093000.0
136978000.0
165156000.0
317997000.0
241591000.0
400568000.0
542152000.0
325619000.0
603746000.0
570908000.0
632928000.0
344160000.0
170562000.0
194654000.0
132328000.0
406890000.0
423003000.0
134460000.0
213354000.0
388066000.0
173288000.0
273653000.0
342198000.0
200730000.0
273795000.0
361239000.0
373847000.0
678201000.0
394597000.0
660370000.0
179332000.0
710359000.0
433483000.0
221920000.0
196891000.0
723464000.0
338051000.0
147840000.0
519406000.0
268121000.0
375064000.0
293916000.0
672957000.0
171096000.0
150676000.0
473902000.0
570867000.0
158699000.0
361289000.0
489721000.0
599642000.0
224747000.0
316605000.0
419195000.0
297037000.0
306129000.0
306762000.0
788901000.0
660430000.0
224021000.0
311888000.0
623138000.0
508727000.0
248338000.0
295421000.0
362622000.0
390618000.0
158187000.0
705616000.0
273002000.0
143593000.0
240561000.0
536481000.0
472604000.0
187876000.0
227915000.0
148891000.0
400941000.0
142669000.0
182601000.0
353946000.0
456310000.0
328780000.0
221520000.0
272919000.0
152854000.0
249699000.0
256480000.0
240909000.0
318909000.0
431383000.0
176629000.0
370265000.0
627623000.0
462839000.0
582329000.0
200776000.0
464939000.0
287922000.0
155485000.0
225596000.0
140190000.0
750450000.0
431247000.0
306865000.0
528869000.0
379638000.0
426402000.0
224108000.0
217444000.0
185402000.0
336643000.0
187419000.0
145229000.0
135047000.0
361351000.0
450938000.0
226103000.0
342779000.0
400456000.0
138731000.0
568168000.0
311236000.0
214301000.0
251506000.0
199802000.0
197648000.0
555235000.0
198819000.0
191345000.0
210399000.0
344303000.0
696851000.0
153836000.0
335357000.0
450893000.0
255528000.0
260369000.0
207854000.0
163081000.0
427471000.0
176651000.0
432530000.0
497280000.0
421459000.0
165932000.0
298699000.0
314864000.0
294534000.0
218392000.0
731266000.0
646110010.878333
243478862.40447
467664202.334997
659558844.356096
333554812.814369
475143594.487644
478426320.092953
619640464.205559
575351952.298973
412159362.144406
553285773.550724
778205751.593784
423096809.292013
236831119.103784
512469648.78925
446631391.886185
743412221.846784
262547501.900135
777478819.903035
504374721.757474
622312290.889245
506720705.362504
579533966.155221
448218472.478777
602954018.265318
584202058.285173
549739805.047079
802027476.745051
349089687.810428
438955297.76952
296655970.083828
375616744.382401
359479342.822189
525825721.937261
343545029.150073
422469574.873913
435089091.548651
513259947.417966
370171274.027768
679609389.697269
706591894.07673
480036262.389977
769472770.792946
479733329.65438
428614972.401957
519039271.855747
433502990.675943
305978128.725453
602190037.622077
241625742.854736
646324648.780599
324110011.235141
615492816.883754
675100127.401618
579969007.453062
328251398.179469
311055174.458856
284127149.117796
336558155.187852
652765118.007029
423222893.353285
374439819.183283
855013060.748579
808377001.568071
357859756.97771
564616635.595425
362875712.480967
152322247.566349
170663524.032891
398165409.610977
728794209.26301
428631025.022363
647293815.738934
551777639.980101
623205426.289652
369937710.945652
457251152.18522
189590841.855626
497663066.030847
236253191.994998
645000645.628445
544790033.529638
283580511.721449
545041066.355908
679119429.444212
625340471.949493
274112403.053726
449194964.98318
445223430.334547
679358340.124503
481216116.746908
316948426.783661
458460020.570766
426662163.44381
400579624.765891
369870593.079895
781283254.579581
567425703.096782
515240685.969785
401101166.990547
532190472.608599
749615405.002768
859009901.817667
706304952.949904
290128875.599098
482013624.801406
659932352.388395
562908428.615105
226477228.715801
435942952.892095
240256946.055647
324570110.345505
511207888.003941
800871311.260565
617312900.973123
311756920.474932
858281740.788679
327623555.21257
461105275.632673
430967320.628835
829935884.36888
551935520.559781
419337891.118027
433187127.738186
525592263.659524
662746764.781718
394983931.40163
348379988.668838
423009632.385768
423806393.7364
446167708.648671
587061615.363872
131343988.2646
850068941.708149
661650047.829048
648167853.645914
576032544.917486
790422959.620738
348953715.896411
514978973.341656
722679179.414178
658883515.962684
636976265.998275
500717554.19788
595575720.223066
781617547.995339
280983569.209085
390291286.561301
485604593.230068
684752635.023854
449718598.477225
804288851.352564
624399688.743764
304841464.556626
421115684.669398
379399207.013064
276253206.540266
642684253.950255
361540379.61076
668084335.021427
580472575.256619
844065367.509152
217489614.629013
589784579.979216
513684210.16183
577243295.464819
445976696.367749
388505461.56858
765728257.980705
410311791.386009
443432410.582811
499740797.826287
589229671.522499
650847194.203717
314403342.05246
343806017.064174
256235963.367382
659931323.071087
572684283.84588
618565314.94799
710265371.536691
640728142.186865
579577527.372784
518198005.497693
575709459.278864
466838774.049389
725615501.883352
656853260.597913
307013686.895873
307422950.418843
681501819.17034
717166289.243584
445277049.381367
794444937.213055
496183267.974293
594578154.438622
653294819.852524
500962702.54253
275657417.758007
259614691.465705
267664866.183021
168875884.857625
492218540.255162
762170245.295314
441361329.689838
788484348.240021
353999763.585882
286376756.436375
489053246.354294
326310644.329214
366798559.102307
404005665.790335
448874981.71591
727365591.874491
284231669.910244
546567548.370762
338636569.211777
268828955.80173
437278603.612639
789276687.972686
705360987.120393
391708195.566415
304176830.916013
541610023.770068
364089032.9166
251495462.811387
564886643.256131
412932883.203002
385514391.89738
464410636.653765
291405810.696743
469274186.126617
419682983.277931
677442997.806402
548150314.097198
694885723.719411
196534738.977533
586989309.286453
573005562.536775
261667006.768955
214213018.427162
438361966.891136
564875244.29282
357964784.964454
690488876.909871
351946698.90647
309797558.561373
758359308.625872
593981604.109345
694875594.720803
585150603.862249
496373506.105454
470433634.442434
314315427.932539
833817597.585999
754719792.148388
305946604.284355
844067124.392398
731591834.29234
558297880.044176
232020184.179771
363996557.584441
859181989.314395
418707931.482418
245138556.446544
346528650.815403
383571683.217077
316620446.09699
229358333.13026
736757413.505642
577834514.998866
413491038.383175
555741468.539473
228746760.174963
246847250.667618
287419042.910559
193497318.773304
376295413.353239
633109463.290824
227250960.705614
256258972.117183
566388207.830757
418416936.079774
175952749.89748
263571651.597912
476321009.514738
361608367.490552
562946921.104046
359506038.290801
642543230.149774
632754111.776118
185127206.202247
636933225.465067
582005745.185247
773169464.302931
706220213.534992
316373379.636973
348911989.839121
533408281.1694
518369320.870928
236471037.021782
200686790.4245
153254087.646295
732088534.267895
548057742.923096
386837248.536703
357151030.967596
280795561.527629
717490756.567683
413355825.542668
241591313.040603
852598986.285438
544921155.68096
563489265.687156
556882260.352992
843136728.073681
375914107.414828
689417259.297574
236869986.099487
231965765.389248
529581090.055885
639596497.408164
720035203.504425
770750699.773186
385156571.381057
375326657.811263
325599586.250806
374292776.836997
776179089.52
683370019.594552
346188296.532244
337372853.383094
776295990.770908
544945597.318712
468708987.440467
488719448.054945
419188623.809811
470302228.353435
599235763.407479
610354003.273422
464421591.690513
599874817.878627
193148533.507965
576742331.838012
587701247.526061
667108080.019047
418760082.345533
519770266.767108
571537317.638045
291735123.087604
430875662.665412
419623806.242998
723629504.303862
307760278.449786
309541618.806929
363502006.915758
641358789.736481
706547962.293265
238158928.847396
791758748.116127
375001463.673927
754949754.756172
444841529.440602
527831759.686045
318423572.019576
475362856.42352
540123000.399301
660624858.254312
493317810.182415
808343133.506793
511488717.462618
473266792.18217
384545428.452081
471062955.400844
640829793.731953
561700362.800107
868125480.940416
472453269.303982
538567029.322222
643921449.317124
550656512.742673
821613619.285266
657585714.378343
706126099.869131
376099718.064104
370399789.37449
206261067.78254
776041354.466934
180113515.422033
624252630.603706
517656914.55863
372605637.765722
315650686.251439
323208419.429217
197830863.152309
664998558.590133
541213279.216492
628945588.745848
811828432.321682
530888155.516328
380679626.100839
388677883.871446
186776648.612635
653122626.815882
712162571.621368
391640662.07064
348928540.495046
667373797.227467
799573261.296552
523467073.189565
261616360.025009
653627806.384139
435663269.569665
352623797.576533
346070503.618893
302879360.643094
394201837.480007
368457588.389707
851258072.498376
548791548.250226
338626862.941412
530732409.256544
316688085.728694
500750469.138909
420772662.885595
286956930.479957
208343395.2509
798594860.723459
393795881.793714
252429041.906896
502641641.69191
231072541.184199
181733432.474822
387413254.236187
797895575.967227
215288045.205426
338822400.155408
248033032.570492
796747206.041057
536169147.067517
550157406.033656
231423557.061854
321089710.47135
628683334.895159
535040517.422778
737320206.899239
892557709.527976
516916236.683681
298788624.620726
528641368.359011
501415764.639859
785305474.194584
193376837.09049
333520330.17581
159925245.115027
547505010.334357
565734422.011121
604164682.380767
582335007.140633
679478184.381577
562245838.409663
655737265.10105
558736554.887942
416067021.118877
330367318.991398
586124582.863635
577269419.757694
425223112.152077
327539426.113587
652132294.894089
749421453.844776
685716819.024086
397909058.546742
237497234.630116
606426670.082159
459910429.044636
739736483.634139
585236541.758156
161897609.546397
834960467.173026
246780862.0696
346582848.99527
229442235.799504
716648002.063098
249405460.870634
322893301.465989
463497489.945467
297795013.804091
246332026.97231
300718533.763995
659025179.678104
371102076.892172
600690019.667807
794044042.769711
271183059.942542
327459628.192973
403544093.050932
616810445.26088
729714811.660063
454058175.761491
303997779.48097
551135421.254851
223689199.778373
470205339.673463
868890503.512524
340723035.131569
446108880.695412
319080179.040617
590573223.29522
582486333.681774
510425922.526606
632396535.259637
507257249.057201
393772797.542073
527160895.476661
196508857.880915
771375778.417209
536467010.286396
184363623.785433
517345559.3627
492221149.908255
405629903.324138
552912545.004046
568281984.351866
395447297.093068
626095500.321202
431286922.200004
557673029.379185
859198408.681666
340534282.323072
487888928.877819
388836963.766814
309136596.477738
432571161.257751
873826297.303181
340507851.400149
370629606.983788
778664962.079387
686673207.573234
397729810.855733
306421454.17522
227130640.478313
397441831.299027
339831032.932216
275624522.113438
737183329.018502
802252130.263415
394967993.905496
682768241.375332
794710506.351989
499564983.661388
772859103.441595
268012197.785768
280973228.750799
550265848.320315
859163758.979345
252905357.175658
365148528.829083
357330582.194082
572280828.947641
391014362.656864
586688065.568478
522176452.764487
621851065.660881
201024454.348518
235918218.00325
662642365.351131
584288922.714218
853972223.03837
369021318.464381
202289398.589342
480036103.929424
294409309.448287
511666832.490465
500164724.352714
354345745.952764
475050204.407189
784677152.596402
484218384.375905
763656544.90257
785309698.912917
330547126.652983
552718052.034993
518624979.545095
291508845.308294
171295774.867637
848939746.345155
359280723.077174
636103035.784464
502358341.881259
691696408.027253
359461270.228345
660028172.103885
318095616.910994
638327157.909084
458406246.841138
558246577.053684
735586265.012924
379607733.057051
321221308.845869
248777092.200674
857758399.298787
316343068.320077
354909237.400287
833842440.772882
498384048.156165
672435015.186075
548167930.152177
554801083.074506
199860934.629825
206305948.130803
336745769.040765
559596669.959347
576979270.79267
413320943.112042
236041903.926066
464852031.191738
463876364.301618
338196913.329378
463505102.330909
520820309.695487
591962781.235611
779254354.217707
835069492.060391
709047623.142621
655349218.377448
432737317.293684
683507122.961076
187993220.593636
733673194.053957
490358689.631025
788751351.222759
385366352.265637
502950033.033681
207449337.671873
619428772.132758
561751225.940928
555681994.398914
545131969.002365
376059682.775166
635479131.770993
520847944.454879
640063473.632525
311185415.628071
582803403.365441
743006504.20168
379770595.012219
406476603.312024
569956526.022955
313821954.986121
500843225.058716
788637152.816759
253647674.244605
260974066.722271
506708093.532681
284549175.227656
474501136.131309
347775370.399296
224232851.558047
666580683.664979
744378934.931271
391229889.61779
252722730.092411
741163078.360233
388223891.249405
589489533.759463
724344868.335723
444906782.942292
476865095.278622
738852664.437576
422275005.12449
599286020.520543
358898367.833407
594172133.078164
846365223.104491
343229647.312366
299702247.805889
183990099.292893
516994323.207545
468737540.318681
248524901.22232
497282841.621806
299980335.460081
685238363.184798
798431259.476504
280412296.46247
295474662.534427
592412932.134026
321697040.742147
469157014.390955
507512259.806562
306625543.908208
594865806.235157
650621621.700927
463814646.526731
350000440.090199
208352368.438001
629838826.994524
596791819.50364
471587934.780929
295731589.547327
300463589.20796
555290090.110575
451336700.918993
646463447.259411
522017449.411478
262227008.679027
580724136.281888
498023309.110364
290198887.864243
226192828.287917
509777072.184684
813799118.212276
547939058.713759
634750721.661739
619498971.153743
497156797.033823
496528964.123138
213344274.05554
138938247.454246
269506704.106423
467478999.574623
567756315.16379
500809541.124063
787838669.391415
459548737.376724
571269385.335801
264903776.454534
418860783.470144
735460904.059569
298313038.624924
825508373.902339
827512704.4761
524150929.727489
230630922.766266
830166440.904347
387788825.08492
834945204.060243
204011787.633641
741505388.521207
385852446.303067
615682010.426206
646115801.072523
385670872.612411
413310901.453848
204779045.641636
819738422.823496
848067225.283855
251837486.81382
208460720.745402
774775227.441386
533206500.362689
423946754.449694
428931063.591427
293869877.866292
259353405.026968
293839051.70053
332340014.051441
662906172.012258
823676176.873114
721085670.236458
422927095.894647
696077734.523879
174814817.759623
680189449.746721
584917618.895963
567621276.896556
662993169.01864
367896846.030627
739762923.184468
245534521.348838
680175216.368175
273067755.653892
285844232.599563
547541628.370932
816648019.431108
641909750.417483
455417020.056406
700880419.846882
747820340.219849
557825513.725854
793904961.627393
346878115.730782
526385479.704193
226765989.601034
373512245.659441
614903259.356025
355375323.481978
843953638.272552
550845045.696153
768370947.668818
418129171.363413
731899366.492901
535041639.053865
377433105.900139
409089116.3329
310747275.586031
726159467.151485
726914050.371262
372686701.856407
307328935.139458
169964980.452442
531960639.928296
722034266.588789
334416977.020441
749120213.901499
574973790.730339
597834464.497656
750248155.980373
746907959.212905
346843576.053675
566461663.969853
464491919.91891
348194379.187723
621208410.519231
563230001.464037
654948382.134364
636102767.466339
350449890.489625
334848404.181622
196491300.279543
689279967.128225
612517147.423313
437139489.5558
455675284.169486
194188162.006158
552055258.133555
537521153.430302
788810073.590434
389927188.120309
395205677.514685
659115788.082881
449961899.97683
754924128.127164
518203689.438034
499178314.795881
623287804.170836
291351866.81879
705948819.252054
585829961.257936
382392611.238337
187117382.807695
290136712.283159
479799828.517095
821346817.193007
469916951.472559
817408951.877823
356696887.333928
691070834.140889
289660723.37928
142427577.555718
262173326.680571
402042758.768227
367709774.795573
668713860.997059
745972888.822393
389294600.295733
717517148.333115
350484886.488989
765371777.704208
430440463.366576
407993738.665484
374284366.06413
366697164.573992
735896736.899138
686718524.504598
217442453.055098
417249790.531502
474714289.36767
238179889.535881
554214191.631308
473578171.720971
239553619.118865
382918712.129569
536383057.480201
678356545.234442
808172638.230309
462940840.890153
837307595.01461
264219611.331312
858398098.441034
663515349.245925
281119259.104405
299892651.990862
760761288.135083
463618165.358143
235687475.37093
736273306.261221
473467274.194797
666746463.987601
336209281.977449
837194492.298256
476169188.002616
461632940.458763
544854703.100508
748649299.076019
270004577.156184
537923281.126228
710706859.528157
603668721.98115
267938412.108584
430462532.3456
692413574.973393
574449792.729586
634550047.967926
569439304.169818
801772133.840157
812252564.342668
367456360.501133
617668762.239854
720324296.806349
635121943.770105
278949065.07689
295420362.56706
373215309.663861
537290064.297856
424237826.835846
862346480.012983
592511689.457881
410452956.248833
508479998.135192
746525913.818831
760230809.747275
193238824.379805
365420985.344757
194140094.581466
692463664.239257
185048310.474875
404515815.986139
527578468.561555
537319164.995683
454972081.103058
483365747.514064
536556377.597685
266946303.149205
548817087.919663
356718023.365174
315244443.095023
537557905.917109
594522594.401476
247950724.864621
566603817.42384
804015977.815779
551246730.822759
714805287.879167
284943916.58767
764064487.587455
314145894.061842
162084706.205744
246936608.518535
255106017.867478
397942387.458837
498275261.985333
553469419.669963
613663300.093867
428403466.449739
684789698.244166
317257326.474653
545412384.487242
245985158.958469
413511482.943124
236431046.904574
384590234.066941
404570910.60525
509250940.054336
541219144.406121
274081378.224254
696679924.393889
472142269.561365
376979427.826529
676379583.069677
442084975.639067
241045664.757595
338523745.780909
257218679.292393
302836834.105059
778385023.264023
401044285.717385
327241887.179226
287907977.99618
464553147.184735
742945761.786915
422950417.199738
508222591.665479
562256620.661865
463498831.922821
495833526.04906
323134523.222131
442238080.628016
548351848.525386
473878077.727484
499179740.057365
644613676.562152
620698591.07745
528253398.217235
370111025.703972
290211562.093138
331147115.57024
324628008.396524
377321047.778401
