1.02276
1.00333
1.00064
1.02124
1.00465
1.00234
1.04158
1.00134
1.00095
1.01277
1.07184
1.00552
1.00262
1.00527
1.00815
1.02616
1.00173
1.00365
1.00637
1.00983
1.01042
1.00302
1.01634
1.0064
1.00854
1.01024
1.00346
1.01568
1.01155
1.01419
1.01214
1.00436
1.04112
1.00973
1.00978
1.01781
1.01594
1.01945
1.06855
1.01784
1.002
1.05191
1.03296
1.01762
1.0064
1.0145
1.0383
1.01873
1.00184
1.05138
1.00107
1.00413
1.09251
1.00182
1.00355
1.00026
1.03478
1.03827
1.00604
1.00228
1.01017
1.08593
1.00358
1.01098
1.00562
1.00131
1.00213
1.03723
1.00633
1.00262
1.07767
1.00345
1.00959
1.01572
1.01934
1.00032
1.00257
1.00111
1.00541
1.00153
1.0051
1.01355
1.00291
1.01536
1.00557
1.0011
1.01753
1.00226
1.00936
1.00296
1.00261
1.02001
1.04706
1.01434
1.00291
1.00726
1.00119
1.00149
1.00227
1.00388
1.00189
1.0317
1.00776
1.02314
1.00658
1.00411
1.00863
1.04979
1.00298
1.00209
1.00146
1.00276
1.00452
1.02095
1.01429
1.00032
1.00903
1.00766
1.00602
1.00917
1.00014
1.03607
1.03253
1.00594
1.00164
1.00109
1.00392
1.00485
1.00308
1.01239
1.00086
1.00907
1.0213
1.01796
1.02883
1.0201
1.00997
1.01611
1.00181
1.0032
1.01244
1.01614
1.00246
1.00046
1.00256
1.00159
1.01453
1.00394
1.01752
1.02498
1.03388
1.07269
1.01936
1.00077
1.02488
1.00267
1.05092
1.01576
1.00132
1.02189
1.08428
1.01485
1.00742
1.02762
1.00508
1.03414
1.10601
1.00428
1.00762
1.0036
1.00473
1.03074
1.12327
1.0142
1.00611
1.01734
1.18048
1.00087
1.00977
1.00875
1.00797
1.00192
1.0072
1.03644
1.00665
1.00424
1.0785
1.02461
1.01354
1.00535
1.03004
1.00207
1.02041
1.02813
1.00346
1.01277
1.02069
1.00356
1.01382
1.00477
1.00294
1.00105
1.00288
1.00164
1.01606
1.00082
1.00072
1.00755
1.0083
1.01756
1.01847
1.026
1.00281
1.00483
1.00384
1.00483
1.00063
1.00842
1.02406
1.00106
1.02168
1.01199
1.00888
1.02036
1.01069
1.00155
1.01597
1.08345
1.00045
1.01149
1.01887
1.00882
1.03536
1.09772
1.00261
1.01276
1.10834
1.01233
1.00325
1.00273
1.02725
1.00687
1.0045
1.01025
1.00561
1.00885
1.00361
1.01378
1.04319
1.00387
1.00829
1.00069
1.00394
1.01253
1.00304
1.0141
1.00236
1.02138
1.00028
1.0002
1.02168
1.02073
1.02822
1.00225
1.03328
1.0031
1.00722
1.00574
1.00604
1.00361
1.0801
1.00143
1.00665
1.00599
1.02323
1.00023
1.00873
1.01418
1.00357
1.00989
1.00629
1.00299
1.00384
1.00808
1.02619
1.01564
1.017
1.00228
1.03463
1.00983
1.00505
1.02591
1.01309
1.0218
1.00159
1.00149
1.0027
1.0145
1.022
1.00298
1.01005
1.00597
1.00431
1.04298
1.01556
1.01175
1.0187
1.01542
1.00623
1.0074
1.01382
1.00199
1.01157
1.0489
1.01197
1.00061
1.00472
1.0121
1.01113
1.03111
1.00849
1.00118
1.01251
1.01244
1.00262
1.00109
1.004
1.01491
1.05323
1.02255
1.03434
1.01518
1.01026
1.04286
1.00985
1.00974
1.0077
1.00159
1.00129
1.00281
1.01328
1.0369
1.00224
1.01605
1.02526
1.01819
1.02074
1.00226
1.01102
1.03017
1.00816
1.00348
1.00259
1.00512
1.00525
1.00363
1.00756
1.01003
1.0143
1.00416
1.0175
1.00728
1.00843
1.02283
1.00332
1.01002
1.00133
1.03353
1.00242
1.00106
1.02328
1.00295
1.04175
1.0065
1.00682
1.06732
1.01291
1.1432
1.05733
1.00738
1.0023
1.00846
1.00005
1.00109
1.00226
1.00106
1.00913
1.00645
1.0014
1.00788
1.00633
1.02629
1.03054
1.00527
1.0163
1.0409
1.02249
1.01714
1.02267
1.00855
1.00208
1.02023
1.01434
1.01075
1.01186
1.0046
1.01689
1.01618
1.01662
1.00751
1.01481
1.00332
1.03909
1.00076
1.02826
1.00067
1.00662
1.00242
1.00613
1.00128
1.00294
1.00829
1.00519
1.04165
1.0284
1.01275
1.00279
1.02205
1.01781
1.00182
1.00478
1.00217
1.00692
1.00055
1.02535
1.01256
1.00117
1.00219
1.00304
1.00191
1.00308
1.00147
1.01206
1.00479
1.00643
1.00752
1.04389
1.031
1.07612
1.00056
1.00154
1.00619
1.01467
1.01842
1.00256
1.00349
1.0045
1.00097
1.00483
1.00686
1.01855
1.0805
1.0012
1.0218
1.05045
1.11074
1.00223
1.01001
1.00457
1.00637
1.01014
1.00422
1.00675
1.02326
1.06016
1.00427
1.00275
1.05073
1.01617
1.01481
1.00155
1.01398
1.00381
1.05958
1.00438
1.04605
1.00223
1.07455
1.04199
1.1197
1.018
1.01948
1.00164
1.00218
1.02832
1.01491
1.00142
1.00985
1.00135
1.04611
1.02432
1.00634
1.0137
1.03585
1.00035
1.00322
1.00338
1.0326
1.02303
1.02432
1.06778
1.01095
1.01661
1.02807
1.00321
1.00246
1.00215
1.00929
1.02477
1.00742
1.01204
1.03884
1.00636
1.03295
1.11159
1.01552
1.0023
1.00683
1.00338
1.00376
1.00668
1.05737
1.01366
1.00457
1.005
1.0222
1.00775
1.00495
1.00138
1.0045
1.03299
1.00372
1.02094
1.0072
1.00566
1.00897
1.01039
1.0045
1.00793
1.00911
1.02701
1.00281
1.00308
1.00578
1.01137
1.02552
1.01389
1.00094
1.00725
1.0194
1.03007
1.01397
1.01003
1.00507
1.01478
1.00654
1.03033
1.03793
1.02157
1.00065
1.00577
1.0023
1.00653
1.09955
1.00083
1.00145
1.00927
1.01979
1.0424
1.00266
1.00465
1.00266
1.00015
1.00546
1.01378
1.00492
1.00388
1.00542
1.00533
1.00893
1.00139
1.00955
1.00833
1.02507
1.02427
1.00259
1.01886
1.00155
1.00375
1.02517
1.00566
1.02309
1.03868
1.03818
1.00116
1.01793
1.02866
1.01493
1.00138
1.00011
1.04577
1.00046
1.01671
1.00408
1.00807
1.02711
1.00514
1.01835
1.00024
1.00055
1.12226
1.00366
1.00964
1.10289
1.00542
1.00306
1.00346
1.00374
1.00179
1.00077
1.00716
1.00347
1.01005
1.00466
1.00171
1.17294
1.02535
1.00234
1.00562
1.01628
1.03067
1.00617
1.02365
1.0286
1.00835
1.00429
1.01409
1.00363
1.07021
1.00501
1.00476
1.0015
1.00445
1.00055
1.00139
1.00875
1.02138
1.00209
1.00383
1.00521
1.00297
1.0028
1.04895
1.00064
1.04862
1.01481
1.04165
1.01677
1.01576
1.01063
1.0008
1.00375
1.0034
1.01096
1.01692
1.00171
1.01153
1.04103
1.00261
1.00263
1.00147
1.00491
1.00029
1.01207
1.00072
1.02054
1.02859
1.00356
1.01187
1.00111
1.00659
1.00711
1.05569
1.01786
1.00719
1.02145
1.03918
1.01686
1.01282
1.00479
1.01239
1.0005
1.00769
1.00116
1.03812
1.02972
1.0113
1.00291
1.00677
1.01814
1.00076
1.01167
1.01473
1.00068
1.00461
1.02432
1.01199
1.00042
1.01147
1.00488
1.01005
1.00794
1.00412
1.00136
1.00248
1.00852
1.00105
1.01025
1.01887
1.00036
1.02464
1.00313
1.00111
1.00087
1.01043
1.04913
1.00657
1.00662
1.01057
1.00742
1.0073
1.01294
1.02832
1.00323
1.01021
1.00747
1.00089
1.01703
1.01299
1.00111
1.01272
1.00159
1.00688
1.00176
1.0129
1.0062
1.00691
1.00392
1.00237
1.01001
1.00516
1.0277
1.01025
1.00855
1.03106
1.0073
1.00524
1.00275
1.00301
1.01375
1.04284
1.00548
1.02047
1.0016
1.00062
1.00347
1.01021
1.00605
1.00141
1.00599
1.00571
1.01614
1.00255
1.08382
1.026
1.00258
1.00078
1.0096
1.00192
1.02979
1.00402
1.00188
1.00202
1.00941
1.00031
1.00607
1.00222
1.00815
1.00239
1.00206
1.00423
1.00934
1.00257
1.00185
1.01798
1.00828
1.01144
1.00234
1.00125
1.00723
1.00087
1.01041
1.01147
1.00217
1.00117
1.02786
1.00253
1.01693
1.00293
1.06124
1.04132
1.00802
1.01936
1.00231
1.00921
1.00522
1.00746
1.12202
1.0018
1.018
1.01257
1.00099
1.03346
1.00256
1.09651
1.0043
1.00086
1.00902
1.00726
1.00573
1.00399
1.04626
1.00808
1.02163
1.00384
1.00237
1.00405
1.00025
1.00055
1.01008
1.04268
1.0539
1.01522
1.0001
1.00169
1.02991
1.00482
1.00486
1.00046
1.00026
1.01456
1.00183
1.00168
1.00931
1.00217
1.00734
1.00255
1.0114
1.02076
1.02432
1.00876
1.00714
1.00307
1.03048
1.00041
1.00149
1.01701
1.03324
1.00888
1.01018
1.02544
1.08844
1.00431
1.00209
1.02563
1.02522
1.07876
1.00193
1.00239
1.02093
1.00394
1.0111
1.01935
1.00949
1.00484
1.013
1.00845
1.00063
1.00979
1.00867
1.01084
1.01967
1.00265
1.00026
1.00562
1.00404
1.0017
1.00036
1.0092
1.00041
1.00301
1.01801
1.041
1.00376
1.0021
1.00224
1.01545
1.0654
1.00024
1.00776
1.00605
1.0005
1.0016
1.00116
1.00977
1.01127
1.00542
1.01468
1.00036
1.01191
1.03904
1.00039
1.00308
1.00256
1.00022
1.00206
1.0092
1.01017
1.00344
1.02505
1.0442
1.00634
1.00358
1.00178
1.0189
1.01058
1.00446
1.00171
1.01992
1.0055
1.00525
1.00925
1.00212
1.0008
1.01292
1.00191
1.01341
1.00641
1.00989
1.01019
1.00224
1.00017
1.05701
1.01114
1.01105
1.06204
1.089
1.00463
1.00312
1.00762
1.0029
1.0188
1.04621
1.0048
1.00894
1.00257
1.0064
1.01611
1.06621
1.00599
1.00492
1.00152
1.00716
1.01322
1.01472
1.00537
1.00574
1.00959
1.0131
1.04193
1.01981
1.00142
1.00532
1.0265
1.00347
1.01235
1.02531
1.05255
1.00759
1.0096
1.16814
1.82612
1.3074
1.04799
1.02053
1.14337
1.51261
1.56705
1.01636
1.21373
1.3969
1.26993
2.03594
2.58487
1.11653
1.3054
1.00887
1.01752
1.40128
1.63551
1.12454
1.02658
1.15245
1.52014
1.55393
1.50066
1.63315
2.33642
1.38176
1.66428
1.15876
1.12318
1.2921
2.37822
1.23946
1.32385
1.31077
1.45151
1.48381
2.54915
1.07678
1.15115
1.29511
1.15973
1.21587
1.09236
1.04843
1.36691
1.51169
1.16212
1.13964
2.23262
1.43804
1.3493
1.06442
1.0107
1.2345
1.20334
1.17333
1.23679
1.59804
1.88772
1.04098
1.10145
1.41273
1.40561
1.18309
1.18582
1.27187
1.16157
1.12183
1.24718
1.14719
1.09672
1.13951
1.04972
1.51096
1.33726
1.40108
1.35237
1.09032
1.19892
1.05112
2.11923
1.82076
1.10778
1.34722
1.737
1.1542
1.53006
1.46711
1.36129
1.28722
1.19581
1.72579
1.35736
1.13682
1.28338
1.42633
1.62864
1.06071
1.29017
1.44512
1.14223
1.13014
1.08103
1.51856
1.58647
2.25747
1.60417
1.19663
1.47658
1.34584
1.96611
1.18792
1.36099
1.35905
1.70753
1.23161
1.57172
1.23494
1.96821
1.1879
1.72671
1.02113
1.37422
1.09321
1.18362
1.07249
1.26158
1.95893
1.43889
1.68882
1.2493
1.18026
1.04759
2.32033
1.49032
1.11346
1.04308
1.16798
1.17255
1.03752
1.23121
1.46593
1.06033
1.1846
1.26161
1.21916
1.74833
1.65623
1.80458
1.27077
1.14804
1.35234
1.22357
1.29818
1.13927
1.31284
1.49902
1.9002
1.80208
1.5039
1.21108
1.52969
1.64437
2.34377
1.18401
1.27985
1.03461
1.52996
1.21173
1.24425
1.26969
1.55934
1.67019
2.46697
1.03256
2.03188
1.22545
1.26891
1.48698
1.16817
1.18315
1.6119
1.61836
1.45066
1.8222
1.68747
1.10324
1.38543
1.51067
1.34823
1.20882
1.7834
1.18726
2.31514
1.08684
1.16619
1.1709
1.01832
1.0937
1.16138
1.12848
1.3092
1.00734
1.17837
1.70736
1.25299
1.22108
1.20231
1.16731
2.31358
1.14565
1.48467
1.27179
1.03087
1.28995
1.33651
1.00506
1.26365
2.05362
1.12143
1.27562
1.09776
1.04863
1.29714
1.57485
1.36524
1.22877
1.84697
1.16293
1.20235
1.52208
1.74129
1.34624
1.54551
1.12676
1.81008
1.1285
1.41566
1.79362
1.34808
1.19036
1.3122
1.70523
1.31406
1.35052
1.47052
1.06634
1.70993
1.20797
1.45792
1.83149
1.76498
1.78231
1.39517
1.04828
1.1811
1.0058
1.81492
1.93084
1.25337
1.29756
1.40136
1.35588
1.72886
1.75676
1.04141
1.23871
1.4541
1.17597
1.05919
2.16535
1.12054
1.05293
1.68906
1.21989
1.52091
1.51854
1.46894
1.55813
1.56914
1.144
2.52372
1.2221
1.08735
1.06722
1.18721
1.5257
1.11691
1.11213
1.02928
1.62002
1.11072
2.11584
1.00749
1.22011
1.16404
1.92103
1.18716
1.67446
2.28243
1.48789
1.07728
1.94853
1.10992
1.8061
1.05216
1.11168
1.27718
1.33071
1.51241
1.4498
2.11925
1.04383
1.16945
1.67497
1.99602
1.20983
1.51654
1.08337
1.16241
1.57273
1.13149
1.17571
1.19208
1.78708
1.33476
2.24507
1.10522
1.73959
2.65916
1.22211
1.4327
1.11201
2.10629
1.01067
1.48884
1.51277
1.06231
1.50325
2.23775
1.78392
2.54482
1.55394
1.28428
1.46503
1.18365
1.24423
1.45521
1.2467
1.02386
1.63803
1.03252
1.1446
1.11349
1.25823
1.07425
2.44228
1.06162
1.70477
1.13051
1.42804
1.16014
2.09184
1.06424
1.32846
1.14178
1.05239
1.16781
1.0321
1.45186
1.38853
1.60473
1.1379
1.69963
1.99508
1.14057
1.33337
1.21831
1.70508
1.00033
1.62231
1.16278
1.20553
1.03578
1.30907
1.35285
1.5694
2.53249
1.56393
1.2121
1.71007
1.3966
1.38168
1.19447
1.2563
1.30873
1.32258
1.26288
1.48657
1.59908
1.54421
1.35952
1.33921
2.14079
1.44992
1.72687
1.46918
1.06807
1.03103
1.39546
1.08779
1.16602
1.91249
1.23445
1.0335
1.33902
1.14953
1.01373
1.03521
1.11188
1.88316
1.06551
1.26797
1.21294
1.77957
1.34835
1.34801
1.56251
1.4759
1.9579
1.00193
1.81716
1.08044
1.15803
1.24663
1.11766
1.04871
1.2709
1.03433
1.31182
1.15864
1.41557
1.0719
1.1471
1.37959
1.37017
1.06007
1.31348
1.9584
1.12513
1.62027
1.37486
2.1841
1.7159
1.01533
1.24351
1.38417
1.61937
1.45435
1.02999
1.02758
2.47594
1.93985
1.29983
1.38185
1.13471
1.15958
2.16722
1.47405
1.5301
1.5443
1.43766
1.08306
1.41059
1.21532
1.5311
1.05577
1.10808
1.51245
1.12314
1.3123
1.27555
1.20924
1.53751
1.23939
1.48589
1.30746
1.16067
2.13311
1.52718
1.11179
2.27814
1.29937
1.54359
1.41753
1.2521
2.48114
1.18917
1.88522
2.39282
1.41784
1.03156
1.13439
1.05317
1.17789
1.39381
1.31012
1.25903
1.02281
1.06965
1.20011
1.05394
1.08468
1.45641
1.5268
1.43495
1.22394
1.82261
1.55216
1.13901
1.07274
1.57098
1.9051
1.17935
1.9686
1.4963
1.08685
1.01679
1.28982
1.45834
2.0849
1.02221
1.41415
1.10537
2.14469
1.0173
1.01743
1.46884
2.4407
1.02723
1.56444
1.04333
1.09913
1.12531
1.08362
1.11937
1.08448
2.15219
1.59417
1.01465
2.47683
1.15565
1.20784
1.22027
1.0543
1.10382
1.17845
1.38335
1.91081
1.1415
1.04229
1.52587
1.12051
1.92977
1.42623
1.55894
1.06041
1.2179
1.04122
1.27923
1.25063
1.1905
1.07732
1.17253
1.61763
1.29199
1.42046
1.04287
1.15469
1.0548
1.2571
1.11419
1.28576
1.7624
1.05873
1.7778
1.84079
1.78063
1.41416
2.06268
1.38181
1.61968
1.14112
1.61977
1.03879
1.0657
1.09032
1.23645
1.21933
1.42112
1.38959
1.12667
1.68583
1.11414
1.16595
2.1132
1.08311
1.40807
2.06284
1.15323
1.47401
1.81103
1.21189
2.3175
1.74049
1.30147
1.06644
2.03828
1.65731
1.1241
1.90457
1.17932
1.14864
2.00813
1.11355
1.27582
1.00693
1.41055
1.2158
1.09655
1.07336
1.10588
1.4419
1.45654
1.05999
1.46186
1.1485
1.66708
1.53658
1.16039
1.17364
1.02717
1.32541
1.75456
1.40854
1.40217
1.19
1.03948
1.1666
2.12728
1.04618
1.20597
1.11489
1.20016
1.27553
2.37333
1.07805
1.47595
1.02556
1.04916
1.36688
1.70745
1.43139
1.16647
1.21191
1.04105
1.11361
1.55573
1.79573
2.18182
1.55118
1.06879
1.22707
1.40546
1.13636
1.10429
1.79439
1.05628
1.11504
1.01311
1.48104
1.78897
1.25574
1.20483
1.01795
1.33657
1.04641
2.45571
1.5956
1.18985
1.42683
1.9214
1.76553
1.76718
1.4849
1.14035
1.01823
1.0702
1.03116
1.45666
1.02111
2.19514
1.30951
1.37683
1.50845
1.06519
1.46237
1.05393
1.24364
1.05832
1.08097
1.52222
1.22162
1.22058
1.00968
1.04903
1.15992
1.2958
1.57037
1.46456
1.79437
1.64361
1.69379
1.01037
1.40569
1.09613
1.30353
1.61316
1.36272
1.84607
1.26255
1.60173
1.12225
1.29981
1.08969
1.98306
1.13281
1.8782
1.62062
1.26665
1.19927
1.34553
1.12508
1.0209
1.603
1.25119
1.26971
1.47091
1.65356
2.39611
1.51
1.56151
1.04322
1.12588
1.18997
1.02106
1.27134
1.25243
1.96781
1.44494
1.11828
1.09709
1.32506
1.32015
1.03634
1.13162
1.40909
1.35633
2.04168
1.12206
1.0122
1.11948
1.02213
1.21098
1.39432
1.11189
1.46276
1.91337
1.59353
1.08398
1.99087
1.18559
1.08355
1.23088
1.82515
1.16304
1.12508
1.34079
1.40926
1.28013
1.58593
1.00738
1.35553
1.22927
1.60102
1.38457
1.10624
1.28206
1.01969
1.20778
1.03085
1.63491
1.6477
1.3571
1.65736
1.03378
1.10993
1.01196
1.21502
1.15984
1.70161
1.00905
1.42376
1.07249
1.50157
2.32679
1.2107
1.37477
1.81842
1.17444
1.39146
1.08621
1.0247
1.40649
1.25424
2.03278
1.60636
1.89754
2.14534
1.4016
1.99197
1.48759
1.13477
1.27678
1.16269
1.46492
1.20057
1.14762
1.23468
2.47683
1.48795
1.06069
1.10035
1.02305
1.26527
1.30471
1.11845
1.31539
1.17557
1.42816
1.01364
1.9715
1.74869
1.0747
1.32284
1.04641
1.02376
2.09463
1.76862
1.17124
1.37689
1.75453
2.16326
1.3093
1.09027
1.33035
1.07191
1.49589
1.09807
1.26679
1.1796
1.04392
1.07985
1.58912
1.16393
1.31824
1.2934
1.20384
1.48579
1.59982
2.06902
1.61405
1.74797
1.34399
1.33257
2.26861
1.59347
1.02505
1.52155
1.22856
1.54862
1.31996
1.65526
1.82302
1.0077
1.44776
1.09236
1.12495
1.59237
1.03156
1.18432
1.44424
1.1588
1.09679
1.65112
2.00128
1.30034
1.6607
1.55807
1.66489
1.46435
1.50174
1.28569
1.28525
1.18336
1.58609
1.10194
1.17765
1.72056
1.03817
1.09923
1.44956
1.371
1.07308
1.16011
1.29864
1.23919
1.2724
1.1488
1.1866
1.2526
1.00301
1.0318
1.17373
1.10087
1.4987
1.12924
1.1261
1.26116
1.03614
1.35693
2.56853
1.27886
2.22009
1.60107
1.37436
1.97279
1.04857
1.36227
1.85827
1.15838
1.24082
1.43626
1.0731
1.59294
1.65524
2.00832
1.07208
1.15006
1.31435
1.2029
1.35423
1.3168
1.22845
1.05899
1.09023
1.10084
1.42654
1.24258
1.74569
1.47402
1.02833
1.0764
1.37308
1.79509
1.20589
1.33492
1.45384
2.19357
2.04775
1.60949
2.459
1.13627
1.14132
2.28841
1.22095
1.07568
1.55923
1.23535
1.08498
1.28943
1.92208
1.78505
1.07686
1.17372
1.2545
1.559
535602000.0
177351000.0
383417000.0
502443000.0
574861000.0
496112000.0
220275000.0
214498000.0
768475000.0
340608000.0
287617000.0
395167000.0
250329000.0
135063000.0
533007000.0
410553000.0
780950000.0
747385000.0
368976000.0
161262000.0
501943000.0
721102000.0
485774000.0
280263000.0
410706000.0
314222000.0
256741000.0
206110000.0
342941000.0
357913000.0
669320000.0
577279000.0
313087000.0
158712000.0
459784000.0
254049000.0
295276000.0
326428000.0
244278000.0
185649000.0
522408000.0
251684000.0
277031000.0
633859000.0
512941000.0
474642000.0
315687000.0
360250000.0
364986000.0
375171000.0
587202000.0
188791000.0
306321000.0
271538000.0
636127000.0
800916000.0
288202000.0
444795000.0
517144000.0
529636000.0
307430000.0
248544000.0
690430000.0
576862000.0
273580000.0
260292000.0
449995000.0
326194000.0
463385000.0
623089000.0
313266000.0
511743000.0
486975000.0
450679000.0
388850000.0
837193000.0
256213000.0
279358000.0
370978000.0
392331000.0
648284000.0
424328000.0
779872000.0
186110000.0
141508000.0
676717000.0
459498000.0
215693000.0
680711000.0
349466000.0
408030000.0
399388000.0
308527000.0
388938000.0
268294000.0
403577000.0
441837000.0
319069000.0
331877000.0
295626000.0
767507000.0
187705000.0
185025000.0
278461000.0
393959000.0
496609000.0
351227000.0
330558000.0
230783000.0
140307000.0
474157000.0
345673000.0
328670000.0
185630000.0
368235000.0
274804000.0
321676000.0
332988000.0
678005000.0
171881000.0
437838000.0
267220000.0
252741000.0
279928000.0
561579000.0
456639000.0
711367000.0
517403000.0
591429000.0
520914000.0
168522000.0
372812000.0
173692000.0
494504000.0
203205000.0
585013000.0
152312000.0
363901000.0
366320000.0
652995000.0
648449000.0
504601000.0
725601000.0
267469000.0
379985000.0
593561000.0
394795000.0
312434000.0
518500000.0
290470000.0
302597000.0
241476000.0
466223000.0
458566000.0
293463000.0
312114000.0
431535000.0
418142000.0
202175000.0
256653000.0
224675000.0
196300000.0
322095000.0
520572000.0
370531000.0
317698000.0
213090000.0
438243000.0
476933000.0
741625000.0
290579000.0
398770000.0
282980000.0
379796000.0
170502000.0
364721000.0
223883000.0
808919000.0
209886000.0
337888000.0
243517000.0
349536000.0
488416000.0
518633000.0
329191000.0
318168000.0
330536000.0
334070000.0
254278000.0
422770000.0
344419000.0
180864000.0
461766000.0
454485000.0
293721000.0
466934000.0
211977000.0
651465000.0
444002000.0
570562000.0
733757000.0
554834000.0
473778000.0
619010000.0
431794000.0
709329000.0
507434000.0
288498000.0
508838000.0
324245000.0
525780000.0
485216000.0
152178000.0
558512000.0
281866000.0
538162000.0
737216000.0
604512000.0
308170000.0
812679000.0
415910000.0
190983000.0
659365000.0
358396000.0
696655000.0
600362000.0
500356000.0
236827000.0
259109000.0
547596000.0
253658000.0
556535000.0
402295000.0
196456000.0
257006000.0
480960000.0
271635000.0
604429000.0
235224000.0
393831000.0
312795000.0
298096000.0
232633000.0
622472000.0
336156000.0
211633000.0
534952000.0
415491000.0
290802000.0
717699000.0
390347000.0
272241000.0
273470000.0
227846000.0
215002000.0
282439000.0
308445000.0
502769000.0
709292000.0
794453000.0
311725000.0
200451000.0
362719000.0
485502000.0
230354000.0
288831000.0
245569000.0
244619000.0
710787000.0
415232000.0
360015000.0
371796000.0
519274000.0
180733000.0
317158000.0
657768000.0
331742000.0
444311000.0
172145000.0
249837000.0
378074000.0
231537000.0
293899000.0
537017000.0
192612000.0
535910000.0
454716000.0
656718000.0
439599000.0
447548000.0
699638000.0
503412000.0
497796000.0
315248000.0
599061000.0
177089000.0
780631000.0
422834000.0
232376000.0
236054000.0
436323000.0
179713000.0
205403000.0
275942000.0
473078000.0
242115000.0
422520000.0
268865000.0
670287000.0
713388000.0
480130000.0
182942000.0
305629000.0
334709000.0
193937000.0
812991000.0
436780000.0
274457000.0
213972000.0
547553000.0
185815000.0
589321000.0
492987000.0
368548000.0
539432000.0
671275000.0
600922000.0
292507000.0
235771000.0
230668000.0
366655000.0
243578000.0
158208000.0
422412000.0
260758000.0
695303000.0
202327000.0
871834000.0
285163000.0
418411000.0
429003000.0
150513000.0
181008000.0
254312000.0
175214000.0
376636000.0
457608000.0
386641000.0
316773000.0
404502000.0
372813000.0
544383000.0
723845000.0
355302000.0
613860000.0
684134000.0
621567000.0
457892000.0
412564000.0
193453000.0
467472000.0
297949000.0
631733000.0
324342000.0
606307000.0
205129000.0
572894000.0
377500000.0
303825000.0
693970000.0
452397000.0
770845000.0
317041000.0
302838000.0
260956000.0
371627000.0
356511000.0
205388000.0
299546000.0
428616000.0
552988000.0
212649000.0
708438000.0
182655000.0
644196000.0
399970000.0
469835000.0
404381000.0
473030000.0
321051000.0
186246000.0
426854000.0
484760000.0
226179000.0
401982000.0
280038000.0
451342000.0
369591000.0
374695000.0
353518000.0
394775000.0
329140000.0
257198000.0
232324000.0
400989000.0
258653000.0
280121000.0
284668000.0
329258000.0
338624000.0
587432000.0
695112000.0
218528000.0
567074000.0
410525000.0
233994000.0
509105000.0
696686000.0
487365000.0
387105000.0
835752000.0
583927000.0
699379000.0
203942000.0
553271000.0
566749000.0
476750000.0
224885000.0
319772000.0
396935000.0
255188000.0
168350000.0
227809000.0
846697000.0
270672000.0
685047000.0
332327000.0
275120000.0
610627000.0
607513000.0
446693000.0
673846000.0
391736000.0
503017000.0
444973000.0
569746000.0
320679000.0
339524000.0
331976000.0
755213000.0
380435000.0
165346000.0
569978000.0
290879000.0
356271000.0
200087000.0
288687000.0
845088000.0
407752000.0
347243000.0
319975000.0
278566000.0
512864000.0
522752000.0
188309000.0
167403000.0
500627000.0
354292000.0
718345000.0
631533000.0
237116000.0
342227000.0
424261000.0
267644000.0
271305000.0
636439000.0
300910000.0
404607000.0
190923000.0
548920000.0
523971000.0
263101000.0
699525000.0
291537000.0
573403000.0
310487000.0
214984000.0
386356000.0
259733000.0
206785000.0
590137000.0
232301000.0
305330000.0
607360000.0
235611000.0
386364000.0
279950000.0
297379000.0
482231000.0
173558000.0
428120000.0
240345000.0
189992000.0
186340000.0
827062000.0
245148000.0
781913000.0
431557000.0
464471000.0
393397000.0
358280000.0
713344000.0
571399000.0
557850000.0
649389000.0
525638000.0
317443000.0
226859000.0
295910000.0
412596000.0
256460000.0
400291000.0
589310000.0
531054000.0
264569000.0
204339000.0
397281000.0
241517000.0
346612000.0
516685000.0
705572000.0
470211000.0
237877000.0
200738000.0
530260000.0
354605000.0
488991000.0
211665000.0
824651000.0
680386000.0
274907000.0
141581000.0
508278000.0
306836000.0
752105000.0
556002000.0
470649000.0
604500000.0
647801000.0
693506000.0
245592000.0
386438000.0
741993000.0
181372000.0
501100000.0
303218000.0
594534000.0
774406000.0
562168000.0
347981000.0
315557000.0
225788000.0
455096000.0
714502000.0
302711000.0
647581000.0
205477000.0
394172000.0
466398000.0
702221000.0
378372000.0
642417000.0
413213000.0
252181000.0
459490000.0
641105000.0
461032000.0
372580000.0
349209000.0
386602000.0
840556000.0
475941000.0
688392000.0
350234000.0
597417000.0
211552000.0
324544000.0
578813000.0
203844000.0
175561000.0
334249000.0
457801000.0
208941000.0
421768000.0
357910000.0
413098000.0
298018000.0
774835000.0
606206000.0
584603000.0
432214000.0
476331000.0
202795000.0
291460000.0
523238000.0
374334000.0
409282000.0
440538000.0
200067000.0
580030000.0
351033000.0
224063000.0
419582000.0
265564000.0
268506000.0
439873000.0
203540000.0
233259000.0
478512000.0
762128000.0
217272000.0
174159000.0
613313000.0
204056000.0
613703000.0
633043000.0
139366000.0
609485000.0
407526000.0
774410000.0
356616000.0
305897000.0
722579000.0
723296000.0
650883000.0
175090000.0
202351000.0
621237000.0
418262000.0
654168000.0
268994000.0
360809000.0
268210000.0
516861000.0
653092000.0
470702000.0
169633000.0
377647000.0
330993000.0
637454000.0
484539000.0
699623000.0
278834000.0
723734000.0
618607000.0
570585000.0
327391000.0
204089000.0
182826000.0
580268000.0
375226000.0
804922000.0
414119000.0
222364000.0
197212000.0
310096000.0
306757000.0
461304000.0
505876000.0
468652000.0
184624000.0
164771000.0
180345000.0
290427000.0
338116000.0
420139000.0
429197000.0
421564000.0
560504000.0
278225000.0
638497000.0
508869000.0
800145000.0
296895000.0
157435000.0
390426000.0
450744000.0
680784000.0
206878000.0
687606000.0
192557000.0
224682000.0
416202000.0
263322000.0
247198000.0
345900000.0
267643000.0
266480000.0
519810000.0
751796000.0
562175000.0
824150000.0
208684000.0
771255000.0
205799000.0
262040000.0
428515000.0
276231000.0
624719000.0
372972000.0
640545000.0
589591000.0
527723000.0
572225000.0
237807000.0
348188000.0
455375000.0
701102000.0
727725000.0
445455000.0
444970000.0
299343000.0
188932000.0
311526000.0
240513000.0
154668000.0
797528000.0
396601000.0
642807000.0
469844000.0
285982000.0
312024000.0
262110000.0
307125000.0
243147000.0
508307000.0
596792000.0
634064000.0
227552000.0
545552000.0
195296000.0
268379000.0
315631000.0
393571000.0
389717000.0
358138000.0
794219000.0
194566000.0
293768000.0
378300000.0
287857000.0
168419000.0
166861000.0
274492000.0
240520000.0
683617000.0
722777000.0
301880000.0
773243000.0
407056000.0
251003000.0
239641000.0
285930000.0
631978000.0
504413000.0
204873000.0
227071000.0
712611000.0
664840000.0
306247000.0
294036000.0
217303000.0
545360000.0
635351000.0
667293000.0
696464000.0
575166000.0
469987000.0
636220000.0
493372000.0
305583000.0
221209000.0
622697000.0
276835000.0
420236000.0
578181000.0
433324000.0
236917000.0
540786000.0
281968000.0
396194000.0
459748000.0
201737000.0
407766000.0
859479000.0
432848000.0
398593000.0
262677000.0
351206000.0
559918000.0
476924000.0
463842000.0
364902000.0
680227000.0
332283000.0
310228000.0
507591000.0
267293000.0
698197000.0
576787000.0
710748000.0
595201000.0
673178000.0
243244000.0
747598000.0
247201000.0
625655000.0
382127000.0
232039000.0
259569000.0
232557000.0
216381000.0
425458000.0
336267000.0
662705000.0
817757000.0
382596000.0
340102000.0
197078000.0
391164000.0
230519000.0
128959000.0
224777000.0
175746000.0
229563000.0
516454000.0
366919000.0
681064000.0
408428000.0
517746000.0
356360000.0
454069000.0
171396000.0
290750000.0
596240000.0
504793000.0
608037000.0
479743000.0
373646000.0
588748000.0
360931000.0
306721000.0
469120000.0
738411000.0
219776000.0
246015000.0
595579000.0
405661000.0
687239000.0
705766000.0
223028000.0
189102000.0
453286000.0
510501000.0
212897000.0
183859000.0
257727000.0
500152000.0
275148000.0
367019000.0
323544000.0
567343000.0
591950000.0
272373000.0
670077000.0
720321000.0
224182000.0
211018000.0
562828000.0
299903000.0
451451000.0
270545000.0
371916000.0
179381000.0
341745000.0
254342000.0
283014000.0
332764000.0
141039000.0
236487000.0
748929000.0
302075000.0
147120000.0
279111000.0
305460000.0
390444000.0
295429000.0
774368000.0
251975000.0
698522000.0
393192000.0
275287000.0
834948000.0
398136000.0
287217000.0
637495000.0
547453000.0
344966000.0
169676000.0
399789000.0
307477000.0
286869000.0
248579000.0
285596000.0
415929000.0
523800000.0
384152000.0
313642000.0
271132000.0
507081000.0
507613000.0
152948000.0
685668000.0
658290000.0
313784000.0
328763000.0
485006000.0
291790000.0
399123000.0
545547000.0
402595000.0
564212000.0
588910000.0
293572000.0
855554000.0
678097000.0
584460000.0
422034000.0
225557000.0
453864000.0
507817000.0
413468000.0
812517000.0
377542000.0
196659000.0
475081000.0
169225000.0
142869000.0
332575000.0
219884000.0
754484000.0
244552000.0
247624000.0
664021000.0
423904000.0
256943000.0
713915000.0
346602000.0
263759000.0
192403000.0
750816000.0
708195000.0
412010000.0
497994000.0
290234000.0
335349000.0
333966000.0
773375000.0
643217000.0
585792000.0
221430000.0
327762000.0
249179000.0
236010000.0
570520000.0
642621000.0
407386000.0
254717000.0
368989000.0
413680000.0
313881000.0
166433000.0
199691000.0
258920000.0
152950000.0
644358000.0
509440000.0
159980000.0
457565000.0
404470000.0
226110000.0
415098000.0
461304000.0
318313000.0
144709000.0
168319000.0
550151000.0
429251000.0
447052000.0
243403000.0
658102326.192772
291030881.132482
579087331.531694
297771569.771746
649212383.672557
653179154.186327
306793317.296564
241358994.209466
775472892.563959
411269012.773414
475622026.6398
454845589.420792
338184881.586844
245829761.640536
540639934.312853
410532222.567592
790758766.867514
366735715.95241
586950833.830661
230796858.668224
341072944.275794
810622378.878706
599150406.717698
330775408.617612
543687485.798018
515254651.160981
473516780.408449
351788288.501965
598156013.430459
559640302.360114
668817782.744397
578290293.02363
350096197.356334
305482598.609145
610836378.621686
370862979.134388
300033919.117175
480148133.926585
453073699.231893
446464736.503948
311315988.876517
298368647.73231
468725281.170748
735988160.399152
689142335.875981
534880210.73873
560736783.703932
480935550.417036
491843769.469983
235101877.604106
608799457.482377
399212211.649839
365239299.354784
397770043.74128
355522648.141314
811900105.446204
555284427.072594
444779777.797621
662326711.320984
610763049.500537
496249627.05056
427373014.974157
821112244.231505
644992167.636905
348869733.15546
481136286.943312
552887082.678484
439196441.095622
608004678.776873
369835901.754677
394078233.736238
726825404.932507
300403195.353173
687869650.260541
506557748.811134
397247336.024992
370233088.895629
418288671.18716
445702608.688776
521475806.811341
695686288.727497
316291569.743944
857872623.394098
211477338.352376
495026116.596408
358326929.064551
702517177.386462
380659336.711032
741427274.925244
596421011.272206
516236929.174265
507446893.133028
474200013.174974
562580316.048713
370740871.809762
523596673.406785
490351883.75758
474912809.390431
575498291.169864
408158934.644686
789770215.62299
232106551.228957
352275492.499242
459750563.010086
556128337.647708
584545219.80592
420432966.873497
437856657.02194
364655698.536354
214299902.460301
330827800.458665
522073605.833925
538807465.930227
434614387.04685
528101879.102846
392868211.037155
403384849.580627
603949617.515063
813710089.386165
437084470.670187
639799510.118764
528562959.61469
437006331.697271
226080215.932945
617024706.296034
635930339.907571
850713493.257571
525241007.078956
609159646.070344
733032177.931
290942377.977262
507609921.492037
331631911.238795
578042064.648492
298739343.495007
712170602.474833
305535086.023361
595164702.358361
579189522.987152
722537486.016051
662204237.002534
627450480.155971
803069575.686477
379676499.040262
603858225.458375
608531268.02986
543466201.144853
503770340.556016
583359018.328247
565666579.502859
574880774.296261
308055099.84495
694293271.863946
577009979.172899
377465136.338941
400761449.940587
460595679.94
478138573.237264
408100280.582514
304759638.544894
372544847.246253
233373349.188359
534393169.162645
520089433.404686
628316489.362566
458778593.831801
232403123.350395
654457979.900058
663058820.361844
757166949.70504
491218127.982323
580699735.477855
223031757.033309
503479750.173088
226913967.943294
502240054.231601
286428690.243843
819297446.968189
359865091.667554
515282201.42072
267588614.518719
428405105.198752
592368732.525331
289623874.117536
565923177.68551
525748382.620232
519700293.004533
373054183.903296
452078904.807125
639868815.091463
225729862.131285
517480129.961745
630857039.561354
584027786.910674
498453668.107266
658640719.291689
250958647.075558
670350034.729613
528638540.819411
752432701.924606
783138179.875653
624336326.708275
321638637.580319
656284449.627256
666926114.644079
748364803.887001
740568229.433885
584927815.087409
631349025.01931
398473407.611743
592410155.339048
556612595.446555
194471601.446304
701922809.734327
291419254.339342
745805392.824074
825706882.286365
722865766.557188
550940272.507607
831992306.103534
512613685.578858
526686558.258097
777867018.880296
589751703.198058
717686130.660316
628484549.801222
571384364.440671
515072643.856355
424013707.906724
547433890.524042
450060003.720605
741020818.429853
415464501.694217
532515202.772641
549555234.758949
589513489.993767
335056378.951681
705474366.737986
347800568.252685
406141046.13873
528473263.886699
553677091.259047
270432335.561031
648746034.433342
490139521.047816
244221973.455748
324031912.310633
275515688.742909
417844578.159954
375980555.882936
657225924.904136
498449737.374295
343901070.652946
473539247.220729
356221767.593447
319748465.395791
439282586.167742
571809501.18438
380737458.872993
804627521.723645
433014675.090934
469950738.722525
417265268.286198
691352173.244965
504606045.886142
246477958.339733
258515140.607611
526594704.508139
834976766.694371
500261394.897395
471275031.343554
589126202.359476
519240468.122768
233601430.920833
483598160.482589
659026450.314562
273892168.055795
556422692.366532
473678820.042495
316443263.369423
444382675.807326
396704705.893531
443092627.850322
603334999.938917
436140561.258982
709698953.552525
600716345.042866
328698476.837399
605721106.956328
498422676.95488
792426873.990943
625182615.655371
543216087.824798
463225143.375027
624744405.747227
411776245.648967
828438372.333432
587781253.932409
307871342.229437
384123944.407288
514105365.381899
237569902.597845
253646319.977459
391164448.542729
267011969.919719
345488328.770708
506171357.407926
613080068.198943
700315953.028578
831765910.369693
605450763.676424
206560339.569238
417045126.204192
570982988.556368
332983162.186188
822761966.563463
689792393.268892
313043259.57349
389594814.257428
704766439.88991
306566164.03965
607971817.812765
591874778.893146
600638371.720477
710231114.711544
705763083.590941
650693969.78628
475211493.557112
470102278.839843
428986303.205229
247042829.869291
274163954.722641
274956831.132492
504063433.594411
316160300.623023
822175380.224364
365936121.918716
393906469.086041
562920366.065984
570725676.926681
617635338.977722
266343246.221457
224401321.646455
539146999.663248
373333447.606985
494310472.509549
576982700.092602
490648885.152065
414693390.222605
535574958.507162
506624126.74006
660977054.317003
367245102.079424
523915149.005794
621498595.434097
376104521.949088
828064384.75899
726381177.27464
512379316.265476
303947802.26627
630297516.773586
537963392.672159
730257431.340317
577616593.399616
719919076.677201
530117971.142046
708415541.932076
245410480.107649
391707393.170604
699126989.637298
624684916.632938
803812371.004135
440879774.194855
521820785.080301
265048904.044991
496474558.011675
476101295.9151
267596112.928344
407160657.270045
447375845.505311
635049069.361748
436784521.899453
708183409.083371
420384098.274995
711299389.444445
620167323.811519
579874591.798509
502941680.636941
667027671.366551
382456186.279526
365903254.499668
560070897.189036
626326835.063636
371020396.670336
648638734.430215
545783782.273689
495343323.00161
534008005.696346
229725752.800611
589892421.789731
509749901.050078
406669434.098469
364314544.510699
321576149.016202
537571104.773691
414785391.011713
469387246.855088
469394769.302106
568599274.288445
573913573.583674
591285273.680902
750116916.942827
490376503.160449
679316736.905099
537509912.350043
504713314.091213
746305850.668908
739558267.742313
569680983.994868
514983383.035788
398706435.756759
322291211.417178
871942810.914871
262469067.769383
685279767.961283
817786628.452459
687634854.500914
362737297.450688
553871941.525896
512236089.03027
300803445.072441
382754615.058752
339542151.017487
378840374.232461
376352587.946787
870085621.891288
522322209.171833
351345889.241671
334924217.084454
691022398.907971
663576593.778812
775602545.758002
617047455.133758
700911237.224205
666730839.629504
647072885.460429
413517211.580467
488103089.482665
536425471.453241
864819129.508189
615897076.234557
359004647.834101
701509856.756333
290863884.211354
432392908.2712
224419229.924493
337968013.583937
862994717.396453
410283754.908965
614140558.422448
443634801.195038
407259541.483521
560625908.359435
545248609.374574
201325300.527075
252472171.800295
585475532.111379
446465017.464712
823553545.247264
748195111.055849
296231706.94092
551876719.352329
563489642.207848
427886565.01473
474617348.855869
775657328.65193
395407934.067296
582605650.047712
341124682.728131
580634221.998449
636919197.844362
455994739.149712
705351146.555679
356633662.719745
754497061.784548
250195152.474101
312967324.180852
444702595.478079
502173086.828099
286805457.656905
739857362.31997
369319370.899373
441907056.533421
309016766.98457
504989474.645334
507857344.501696
413572452.583499
366151745.129823
651836258.688531
326643694.298749
568035178.16196
280476287.832917
427928961.895008
229074779.618012
858720982.32875
473834298.817496
872422644.704625
523215402.336497
515059424.067669
635382727.367711
542869740.596167
777455091.351841
643817384.946432
666829685.838748
746091933.218838
672842099.368238
392903820.281369
266289608.138283
522871206.352352
291878757.867081
309020947.007656
599669488.923833
691190699.643407
531051990.62358
470291981.641781
318076498.835355
547214931.517869
256356061.571846
481638921.032993
694333140.091138
721800341.566187
493874527.929729
495469387.02703
238025726.386413
535602214.998709
431074780.45683
643156450.283687
435921166.07597
830052508.850594
726283986.067166
295709823.660642
383625656.706614
524047977.142511
573868326.185804
760898796.535043
660933767.346049
544587510.609802
675246842.691471
695377616.00537
737307966.273942
353571779.036351
557318022.112228
806617608.559928
337631887.92589
575571662.014437
357725077.317865
658354688.771988
826380641.189682
670027287.310796
418046751.077719
470755364.482442
426984907.152911
468900694.364095
778809457.550129
378170137.985625
763626104.238784
249850853.90155
580751654.082614
712207024.732124
830287296.40156
545306571.479395
748551739.24651
489771717.001906
426295831.081709
696975399.315551
675611470.220313
581186442.295874
623985541.122866
395486163.915711
312736433.74234
869766266.862673
561492994.946065
697759748.582971
670675126.173417
699118095.114142
238804107.976971
613710831.216228
611312924.949695
546066541.748883
243517057.52875
633261946.531955
460473178.037806
372427855.033972
421757536.510756
507048856.115169
528791252.211487
370419715.645133
849887784.638817
761324334.344776
607168629.182926
563739313.697885
560710481.284294
429566766.01493
520888313.127984
268687442.833533
457324977.66728
426494838.328259
484144251.085282
300761686.464809
790391736.348379
554292814.077459
292865761.95288
535742898.241016
516263647.354408
386624081.304761
496427634.350596
363072854.110951
358726577.494061
620797187.876985
825768519.879989
401393882.784015
409406170.270825
747755524.981896
318117915.97248
336274129.31901
684818385.111613
479588188.80301
658702193.723285
604402933.171161
784292686.163016
530005833.539398
593809397.209068
846383332.708459
370294376.339097
701603897.479249
262606735.695217
252276515.889115
640920529.45954
439475096.007105
653618654.006272
483479349.601965
606188177.405778
460434776.022739
638629749.404646
665911853.739501
623510425.502422
291776980.041058
477924317.756363
450478456.607495
737210352.560745
552997641.428139
786322229.370529
332767574.495667
345622132.079988
694423877.627317
686938813.463654
514669966.423301
297315395.373465
240586551.588629
592362255.185052
634241921.465229
386292934.767645
489134110.413828
296098041.771697
438523654.015617
573764637.503889
502131186.696141
612913935.451041
588500037.363276
482274078.835715
436873361.228294
206375931.997291
436093575.380651
397244204.020405
275720923.250503
598058710.869242
510129525.774591
619977848.197425
290424990.212045
471187757.732571
309154555.201717
323175647.594857
818982140.475306
352849260.000977
211831457.668641
527796895.533874
673120019.51708
704573331.126558
316264689.267649
723917363.362698
192553177.145466
407609262.255144
492546670.277725
352836713.913692
431217609.899508
456312843.505183
388912072.334905
448121567.155884
312320273.342624
353939704.384472
562162344.13187
861339007.831882
370651589.266129
776321048.264652
394349055.478979
419913012.099064
701864219.665743
513885872.176112
773831336.053725
438780485.422707
716654219.8598
633176367.752179
606855389.782964
587939799.685941
522044158.371459
463839035.326317
490948024.265342
740588256.228676
804455269.862113
713792772.158669
657466552.351789
493583224.850714
229522244.69133
540650968.415917
349945101.056325
467133538.973269
838477331.476011
473039384.822049
695061433.946444
628913156.659047
478992494.800796
339366846.731744
386364236.006338
540028672.573355
231701092.388122
518869147.616976
681580064.207909
706827587.396884
236653253.620946
291273799.653958
384223960.181015
516087555.446282
585577090.353842
540565215.554041
560424465.082853
365111754.754953
847619898.253958
337560737.147748
502517864.214464
424360254.373515
365605573.439143
286366972.33082
197074114.519867
588070226.015805
277550170.959506
356619610.463753
865585740.919176
525011989.929278
803659860.613326
570509919.824116
256045598.866845
257208851.521411
493754118.797892
727224494.901674
576553038.83636
531095189.460051
389787957.093639
733980548.197154
365128952.125327
498595982.019682
346685953.614783
438284124.617348
558662129.763221
647867016.882365
782823435.755219
727575074.460618
768191374.07612
691109478.728012
767440562.220093
714806367.334938
379743520.367898
527349578.407761
627161162.554211
546889305.906883
533789279.455192
320310888.366415
498440153.547563
313441068.78145
669733212.489335
353395612.973071
526888627.350132
633061546.051582
363375259.651408
680478632.045498
388004797.60682
434650124.927463
661739796.452632
374063894.151101
480570914.537231
640771420.842812
607611104.215281
567793668.837705
488686738.335708
367411088.643038
420217719.807838
340975492.014062
314217765.441061
294360223.827499
343553129.572204
310588846.465272
733119564.984085
341411915.066505
767037362.574612
298233269.453227
349172759.941542
447172769.674002
789985496.608024
662823418.777755
419769613.142697
382202875.191792
381843749.19099
464091766.749449
534465329.125854
416996574.977577
372151587.994462
397839141.035165
659305904.697516
403736567.551809
343181446.359401
525262748.864686
247161823.364946
350299807.016199
269634028.521243
495597485.030731
452012538.109294
519544686.484658
386541962.398934
708049959.942594
690277676.005265
635213377.364404
522589643.002022
588018824.911495
422966848.920521
366608531.925273
621985398.223461
668638728.075738
675012304.072524
660529503.323984
518579005.007332
655876177.699364
504579436.653818
438148251.307197
613297823.760466
744352162.028196
331775413.353333
376302795.2418
737677448.855498
546607645.80744
820930695.797336
764819735.968871
322509611.792454
380387824.429155
613496286.967732
725144090.235723
436674758.710247
359913962.913743
340636807.023645
627958685.328134
435380640.214256
401939556.183302
548102395.068938
668218754.394959
677952987.466713
529135035.056479
747193594.257574
347283709.095144
454542324.77375
307403711.07154
342044922.290815
423734713.890345
576479626.503498
381369108.331394
434589198.514157
249973346.468447
428477593.772582
350096882.32741
455203068.643625
444854563.999059
333034976.210545
430077635.334937
771759323.906243
343104367.100876
194900480.759231
377902121.029331
350346423.709983
657222926.040781
311532045.384624
792347443.754475
251973615.492713
825916226.36577
401530082.535897
611195044.855394
396140575.732672
285919886.381113
374756846.493332
654791646.743537
547458548.081815
369333414.694994
379105895.733681
402637717.626849
406723544.86614
405587948.925296
340769443.773119
420949199.085112
609045834.172548
339511974.380499
443978444.874621
499735007.339667
461474819.110749
567641344.115831
596647019.18465
287776346.819622
776646985.516422
739163350.5726
617158082.47449
633978933.368539
558406795.16128
376898021.932305
643430859.856307
673150591.947529
573438898.002025
767483913.19928
736174206.313984
350514301.990473
382926026.922837
691249093.893988
355061538.152311
644991119.657687
372593694.46155
526655553.063095
602173819.75461
678849709.698361
841603697.972048
512207209.623992
353955762.338682
714181697.174969
290117340.336446
358348676.187243
460701949.43216
476679523.857511
765428642.394344
523879797.238093
354183312.647342
797296466.261327
536532734.088213
373456548.332471
863744972.324037
419487437.081747
238972655.776665
197541763.08793
786330079.991196
742756520.802613
618377352.123792
580174256.982268
248180612.53043
495863329.287747
230495258.798352
851672484.722136
705391089.221368
667792555.585349
280019663.626516
559169690.352394
461563200.348505
460033817.861674
570178508.010155
312278389.219958
572590016.066242
396021082.98642
375944962.505719
489909755.359579
489600764.340659
506999346.193086
319180107.401085
297690541.681667
335005785.680465
783550250.179992
740870617.596663
317805366.523504
506988310.168642
531151118.880472
490960355.323491
592003558.911204
628931568.31766
570489049.665942
151553634.87872
334305506.057871
644711248.328127
548643080.432976
464914648.596325
349114043.171382
