1.01088
1.00124
1.00202
1.00369
1.00987
1.0039
1.02185
1.0026
1.01116
1.00329
1.03024
1.00106
1.00143
1.00593
1.0003
1.0051
1.00359
1.00591
1.01859
1.01952
1.00348
1.00343
1.00576
1.00894
1.00407
1.00094
1.008
1.00664
1.00293
1.00548
1.00399
1.00603
1.00602
1.00533
1.01085
1.00849
1.0071
1.00163
1.006
1.02614
1.00675
1.00374
1.0037
1.00362
1.00603
1.01357
1.00071
1.02841
1.00493
1.00127
1.00248
1.00385
1.00261
1.00933
1.01237
1.00271
1.00653
1.00102
1.00982
1.00972
1.00222
1.00692
1.00474
1.00495
1.00566
1.00054
1.00239
1.01127
1.00707
1.00435
1.00056
1.01463
1.00128
1.01134
1.00646
1.00104
1.0025
1.0117
1.00342
1.00391
1.00539
1.00242
1.00728
1.00672
1.00459
1.00851
1.0048
1.00619
1.00265
1.00072
1.01447
1.00534
1.02026
1.00265
1.00086
1.00166
1.00173
1.00543
1.00172
1.01173
1.02193
1.01661
1.00161
1.00365
1.00838
1.01809
1.00267
1.00435
1.02189
1.00553
1.00413
1.00535
1.00526
1.00951
1.00289
1.00197
1.00302
1.01282
1.01344
1.00202
1.00602
1.00629
1.00426
1.00689
1.00719
1.00232
1.00661
1.00114
1.00316
1.00167
1.00424
1.00309
1.01372
1.00837
1.00629
1.00914
1.00593
1.00498
1.00158
1.01171
1.0134
1.00754
1.00222
1.0071
1.02309
1.00202
1.01427
1.00537
1.01288
1.00371
1.00177
1.00261
1.00356
1.00293
1.00587
1.0075
1.00612
1.00557
1.003
1.00355
1.00462
1.01497
1.01281
1.01015
1.00431
1.00938
1.00759
1.00894
1.00516
1.00461
1.00292
1.00405
1.01011
1.00823
1.01241
1.00349
1.01622
1.00252
1.00775
1.00116
1.00579
1.00325
1.01254
1.00196
1.00221
1.00408
1.01139
1.0159
1.00483
1.00784
1.00422
1.00396
1.00711
1.00711
1.00733
1.00458
1.00925
1.00145
1.01637
1.01301
1.00436
1.00604
1.00275
1.01261
1.01055
1.00547
1.00749
1.00239
1.0071
1.00552
1.00026
1.00597
1.00782
1.0257
1.00532
1.00207
1.00501
1.00371
1.00241
1.00194
1.00989
1.00192
1.01459
1.00707
1.00571
1.01776
1.00337
1.00192
1.0087
1.00419
1.00229
1.00127
1.00715
1.01018
1.01968
1.01425
1.00965
1.01195
1.00403
1.00753
1.00207
1.00289
1.00339
1.00458
1.00404
1.01118
1.00457
1.00113
1.01796
1.00618
1.00081
1.00496
1.00466
1.00283
1.00762
1.00931
1.00779
1.00585
1.00325
1.01051
1.00786
1.00702
1.00222
1.00171
1.00485
1.00403
1.00701
1.00405
1.01052
1.00594
1.0003
1.00702
1.00299
1.00872
1.00096
1.00218
1.01397
1.00879
1.01575
1.00269
1.00385
1.00238
1.00669
1.0122
1.00565
1.00684
1.00296
1.01214
1.00148
1.00274
1.0198
1.00446
1.00869
1.00205
1.0167
1.00426
1.0119
1.00281
1.00166
1.00524
1.01366
1.00676
1.00436
1.00815
1.00525
1.01269
1.00868
1.00238
1.00609
1.02114
1.00405
1.00607
1.00254
1.00193
1.01462
1.00518
1.01364
1.005
1.01062
1.0138
1.00054
1.00309
1.00782
1.00274
1.00679
1.01062
1.00375
1.00834
1.01229
1.00818
1.00675
1.01782
1.00452
1.0058
1.00276
1.00573
1.00499
1.00471
1.00352
1.02128
1.00373
1.00437
1.01063
1.00458
1.00335
1.00193
1.01
1.0047
1.00262
1.00183
1.00432
1.00207
1.00449
1.00419
1.00682
1.04806
1.0197
1.00627
1.00371
1.01056
1.00158
1.00074
1.00338
1.01355
1.00997
1.00858
1.00226
1.00016
1.00242
1.00778
1.00335
1.0093
1.00105
1.0054
1.00943
1.00537
1.00152
1.00785
1.00867
1.00233
1.00609
1.01147
1.00016
1.00235
1.01105
1.00101
1.00377
1.01818
1.00175
1.00647
1.00257
1.00753
1.00301
1.00129
1.00216
1.00721
1.00674
1.02113
1.00762
1.01761
1.00225
1.00321
1.00089
1.00778
1.00077
1.00793
1.01087
1.01666
1.01257
1.014
1.00754
1.00234
1.0092
1.01308
1.01136
1.01128
1.00697
1.00942
1.00912
1.00232
1.01042
1.01028
1.00308
1.02009
1.00932
1.01238
1.00364
1.00129
1.01023
1.00319
1.01423
1.00663
1.00244
1.01052
1.00402
1.00418
1.00199
1.01728
1.00494
1.00204
1.00611
1.00674
1.00658
1.00184
1.00322
1.00434
1.00731
1.01789
1.00442
1.00767
1.00915
1.00145
1.00863
1.014
1.0034
1.0042
1.00194
1.00581
1.00336
1.00846
1.01005
1.00486
1.01362
1.007
1.00761
1.00333
1.00362
1.01571
1.00452
1.00635
1.00957
1.00083
1.00612
1.00616
1.01241
1.00406
1.00189
1.00247
1.00791
1.00575
1.0132
1.00401
1.00518
1.02174
1.0032
1.01187
1.00634
1.00114
1.01541
1.00146
1.0021
1.00401
1.0019
1.00135
1.00996
1.00618
1.00159
1.00491
1.00192
1.00586
1.01111
1.00169
1.01622
1.00908
1.00939
1.00447
1.01117
1.00374
1.01042
1.00621
1.00332
1.00588
1.00656
1.0109
1.00528
1.00419
1.00352
1.01632
1.00742
1.00212
1.0036
1.00824
1.02076
1.00397
1.01228
1.00525
1.01047
1.02047
1.00691
1.00522
1.01291
1.00987
1.00187
1.00231
1.00059
1.0146
1.00064
1.00687
1.00888
1.01373
1.00188
1.01663
1.00407
1.01317
1.00418
1.02109
1.00684
1.00394
1.00289
1.00087
1.00837
1.00293
1.00489
1.00107
1.00266
1.01356
1.00465
1.0018
1.01181
1.00626
1.00533
1.01414
1.00588
1.00314
1.00868
1.00403
1.0136
1.00373
1.0007
1.00237
1.00422
1.01031
1.00286
1.00689
1.00139
1.00187
1.01279
1.00449
1.00011
1.01044
1.00869
1.00252
1.00587
1.00063
1.00654
1.00221
1.00517
1.00521
1.00289
1.00957
0.999903
1.00415
1.00267
1.00237
1.00888
1.01299
1.00273
1.00581
1.01631
1.00455
1.00394
1.00363
1.01342
1.00182
1.00675
1.00449
1.0014
1.0086
1.00926
1.00281
1.00262
1.015
1.00311
1.00398
1.01751
1.01506
1.00625
1.00268
1.00338
1.0146
1.0106
1.00467
1.00589
1.00836
1.01586
1.01079
1.00198
1.00591
1.0037
1.00702
1.00132
1.0055
1.00698
1.00317
1.00107
1.00202
1.00223
1.00489
1.00358
1.01202
1.01621
1.00638
1.00136
1.01251
1.0142
1.00361
1.00933
1.00216
1.00053
1.00873
1.02182
1.00255
1.00269
1.00423
1.00384
1.01848
1.00251
1.00398
1.01357
1.00081
1.00554
1.01731
1.00439
1.00218
1.00319
1.00872
1.00067
1.00218
1.00831
1.02801
1.00367
1.00081
1.00633
1.00574
1.00324
1.00066
1.01289
1.0068
1.004
1.00829
1.00105
1.01322
1.00784
1.00726
1.02088
1.02468
1.00064
1.00638
1.01289
1.00728
1.0091
1.00329
1.00372
1.00141
1.00855
1.00952
1.00329
1.01311
1.0019
1.01148
1.01353
1.00435
1.01309
1.00848
1.01015
1.01111
1.0055
1.01241
1.00461
1.00342
1.00514
1.01712
1.0065
1.00309
1.01299
1.00257
1.0049
1.00915
1.00124
1.00318
1.0023
1.00707
1.00937
1.00484
1.00679
1.00407
1.00268
1.00268
1.00518
1.00679
1.00139
1.01231
1.00449
1.00182
1.002
1.00219
1.00358
1.01269
1.0054
1.00285
1.00178
1.00211
1.00317
1.00304
1.0066
1.00915
1.01459
1.00182
1.00553
1.01341
1.00032
1.00663
1.00103
1.00164
1.0009
1.00734
1.00652
1.00437
1.00168
1.00365
1.00247
1.00383
1.00478
1.00632
1.00237
1.00679
1.00546
1.00188
1.00376
1.00464
1.0053
1.00335
1.00198
1.00096
1.00152
1.01129
1.01067
1.01248
1.00609
1.01
1.00649
1.01113
1.00527
1.03019
1.02125
1.01578
1.00302
1.01136
1.00159
1.0034
1.00679
1.00345
1.0024
1.00775
1.00344
1.00846
1.00845
1.02452
1.00948
1.00084
1.01838
1.00164
1.01221
1.00933
1.01201
1.003
1.00319
1.00236
1.0103
1.00132
1.00712
1.0051
1.00354
1.00714
1.01849
1.00189
1.00319
1.00618
1.00164
1.00831
1.0176
1.00263
1.01098
1.00084
1.00852
1.00748
1.00682
1.00539
1.00625
1.00234
1.0131
1.00218
1.00459
1.00081
1.01763
1.01032
1.01061
1.00124
1.01021
1.00362
1.01782
1.01158
1.00597
1.00189
1.00502
1.00224
1.00274
1.01534
1.00123
1.00675
1.00822
1.02228
1.01032
1.00558
1.01542
1.00256
1.00108
1.00851
1.01485
1.00327
1.00524
1.01196
1.00621
1.00714
1.00078
1.00773
1.00595
1.02202
1.00721
1.00491
1.00373
1.01449
1.00099
1.00848
1.00201
1.00833
1.00093
1.00493
1.00147
1.00599
1.01047
1.00437
1.00405
1.00616
1.00168
1.01728
1.00755
1.00569
1.0231
1.00259
1.01246
1.00927
1.00595
1.00291
1.01196
1.011
1.00221
1.01552
1.00204
1.00352
1.00492
1.00709
1.00854
1.00606
1.01345
1.00569
1.01131
1.00484
1.01181
1.01104
1.00888
1.01158
1.00587
1.01219
1.00237
1.0076
1.00952
1.03249
1.00917
1.00972
1.00469
1.0045
1.00279
1.00534
1.01767
1.01605
1.0018
1.00926
1.00524
1.00628
1.00181
1.01025
1.00394
1.00636
1.01072
1.00393
1.0022
1.00264
1.01432
1.00304
1.00213
1.00066
1.01033
1.01444
1.013
1.00355
1.00272
1.01603
1.00474
1.00313
1.01615
1.01144
1.00564
1.00584
1.00079
1.00809
1.0104
1.00973
1.00789
1.0047
1.00551
1.00428
1.00791
1.00121
1.01136
1.0011
1.00091
1.02213
1.00313
1.00373
1.00208
1.00609
1.0047
1.00835
1.00265
1.01273
1.00189
1.00868
1.00487
1.00765
1.00136
1.00851
1.01392
1.02071
1.00065
1.01276
1.01064
1.01168
1.00625
1.00557
1.01413
1.00956
1.00459
1.006
1.00031
1.00519
1.01308
1.00632
1.00431
1.00663
1.47897
1.26974
1.28389
1.31812
1.16652
1.22046
1.28415
1.05836
1.19552
1.08024
1.25696
1.46688
1.07715
1.05623
1.20448
1.21003
1.04034
1.0585
1.1626
1.32938
1.17881
1.38622
1.18586
1.13821
1.19408
1.09349
1.05772
1.09883
1.04186
1.18247
1.26612
1.02309
1.20201
1.14627
1.1542
1.18426
1.14371
1.28781
1.22737
1.16954
1.15195
1.01814
1.01174
1.03728
1.12298
1.13284
1.16365
1.27995
1.14792
1.20059
1.17372
2.20344
1.03704
1.08563
1.06099
1.01367
1.02747
1.26886
1.03869
1.03275
1.19771
1.07934
1.25533
1.13146
1.13027
1.07632
1.11775
1.19898
1.13668
1.07442
1.15372
1.12914
1.2885
1.26374
1.498
1.17148
1.15715
1.18255
1.04243
1.20027
1.05112
1.14716
1.18367
1.18905
1.00224
1.26821
1.2021
1.16904
2.41431
1.04134
1.27028
1.16126
1.20257
1.14204
1.15903
1.03048
1.11229
1.06778
1.11595
1.02984
1.28363
1.07709
1.11625
1.18706
1.30375
1.21117
1.10022
1.11032
1.03895
1.12669
1.08943
1.07236
1.24918
1.26255
1.22509
1.23394
1.84603
1.02871
1.23199
1.36711
1.18312
1.29458
1.18616
1.11991
1.08613
1.1654
1.01367
1.04336
1.12801
1.07295
1.11568
1.05466
1.05776
1.15868
1.06852
1.25079
1.0543
1.29904
1.03478
1.14393
1.03385
1.29787
1.32387
1.27979
1.227
1.20145
1.19816
1.08292
1.30261
1.26177
1.09444
1.14797
1.14223
1.07808
1.26775
1.13264
1.38138
1.23771
1.08951
1.13069
1.21001
1.09469
1.21263
1.19713
1.13807
1.15454
1.27392
1.16893
1.11546
1.04672
1.4824
1.15423
1.23974
1.22401
1.10653
1.05469
1.14234
1.03548
1.14097
1.02127
1.2232
1.06842
1.09555
1.10571
1.09345
1.18189
1.13143
1.12042
1.18032
1.67333
1.19197
1.25023
1.98942
1.13847
1.03459
1.16743
1.06337
1.79603
1.1487
1.30149
1.18566
1.16392
1.19818
1.26446
1.09178
1.21435
1.15294
1.00249
1.22514
1.18466
1.05163
1.17835
1.114
1.08012
1.3051
1.15909
1.24422
1.16141
1.06658
1.24933
1.0525
1.10007
1.15953
1.13573
1.17199
1.23976
1.23906
1.22646
1.08468
1.14167
1.07709
1.10636
1.13543
1.208
1.18491
1.2636
1.14043
1.15911
1.14482
1.00812
1.19844
1.22832
1.10282
1.2428
1.17575
1.06522
1.12411
1.18688
1.13466
1.19949
1.06304
1.13411
1.16184
1.26639
1.12111
1.13666
1.19167
1.15472
1.24269
1.23903
1.03141
1.065
1.14329
1.03387
1.12734
1.18013
1.16732
1.04239
1.20625
1.14234
1.09968
1.1997
1.23996
1.15245
1.17153
1.09743
1.02036
1.093
1.39425
1.21497
1.03791
1.10144
1.29996
1.29971
1.12026
1.27225
1.20462
1.15632
1.07496
1.18029
1.11906
1.20377
1.10777
1.24686
1.10924
1.1038
1.13063
1.14144
1.21111
1.17779
1.02055
1.17071
1.0837
1.22648
1.23971
1.11452
1.26833
1.39882
1.21458
1.0881
1.34505
1.07669
1.18092
1.12845
1.32537
1.08968
1.12243
1.21491
1.07637
1.29949
1.20325
1.03977
1.0661
1.0435
1.16274
1.23483
1.44685
1.16136
1.02064
1.01946
1.19464
1.05822
1.10881
1.22093
1.23772
1.15307
1.2218
1.17416
1.28256
1.06944
1.06335
1.35464
1.15948
1.65142
1.08888
1.05495
1.20064
1.06751
1.23998
1.04117
1.16796
1.12735
1.21962
1.15685
1.20261
2.78572
1.12063
1.01839
1.12714
1.28451
1.10068
1.04385
1.04814
1.21892
1.06089
1.01671
1.16477
1.29575
1.19677
1.13973
1.11143
1.64885
1.08722
1.15218
1.16931
1.18231
1.04549
1.24456
1.10095
1.16551
1.24653
1.12002
1.2113
1.12597
1.06192
1.00658
1.17274
1.23322
1.15419
1.16839
1.05005
1.17585
1.01117
1.05888
1.2535
1.04243
1.07948
1.1865
1.22059
1.1782
1.05442
1.02617
1.10024
1.03599
1.0865
1.23026
1.02164
1.11826
2.70166
1.18073
1.17974
1.06721
1.14159
1.09629
1.18415
1.15177
1.55609
1.13577
1.06971
1.03949
1.08607
1.17536
1.11533
1.13836
1.22196
1.21314
1.10266
1.11133
1.24383
1.31766
1.35149
1.15513
1.14166
1.18239
1.03474
1.13479
1.27177
1.10561
1.05305
1.25427
1.19199
1.18415
1.25403
1.10516
1.12683
1.22629
1.05004
1.13201
1.06133
1.13032
1.15829
1.03169
1.06657
1.0396
1.13056
1.09654
1.166
1.34966
1.1044
1.18293
1.14831
1.33921
1.16951
1.14138
1.11709
1.14168
1.15849
1.21708
1.22275
1.17813
1.08369
1.1772
1.2043
1.21577
1.42221
1.14497
1.20661
1.00992
1.15938
1.0106
1.16119
1.24123
1.02152
1.12313
1.09312
1.18412
1.1432
1.07516
1.1538
1.11533
1.02499
1.22521
1.0035
1.10035
1.051
1.12078
1.08745
1.16295
1.08682
1.09359
1.11878
1.12
1.17345
1.14421
1.15338
1.20099
1.08282
1.22856
1.1683
1.28598
1.19452
1.27413
1.00885
1.03639
1.02798
1.1432
1.7104
1.14264
1.19517
1.07997
1.23588
1.05629
1.21735
1.06136
1.16889
1.04193
1.05558
1.06802
1.22028
1.81412
1.03541
1.11459
1.02524
1.1681
1.26218
1.07395
1.12605
1.24676
1.14777
1.16873
1.14742
1.14873
1.22052
1.11788
1.15384
1.05651
1.09622
1.22628
1.19658
1.1107
2.3206
1.12359
1.12437
1.37562
1.0458
1.01737
1.04315
1.03014
1.07443
1.21063
1.05221
1.30943
1.17495
1.314
1.15814
1.20609
1.11763
1.14752
1.19036
1.17221
1.01566
1.24821
1.22105
1.0506
1.15046
1.0176
1.15085
1.11783
1.10844
1.15851
1.24918
1.05416
1.20798
1.09651
1.11752
1.14195
1.0739
1.06817
2.06473
1.22159
1.22763
1.12525
1.04676
1.0433
1.03649
1.24009
1.19485
1.06217
1.28459
1.02049
1.09416
1.24102
1.09461
1.0529
1.08712
1.4792
1.15875
1.13101
1.09847
1.04209
1.19086
1.17203
1.20429
1.07483
1.28177
1.09096
1.40075
1.11139
1.03469
1.23248
1.07401
1.06055
1.09981
1.13005
1.25393
1.06546
1.07648
1.10062
1.26295
1.20684
1.07168
1.04496
1.04441
1.05465
1.17598
1.193
1.1474
1.25372
1.89604
1.11648
1.09413
1.01033
1.11314
1.15652
1.2961
1.21985
1.25553
1.01172
1.115
1.23258
1.27832
1.16127
1.17582
1.12413
1.19218
1.24193
1.10336
1.1561
1.33035
1.12591
1.14399
1.73654
1.12084
1.19531
1.21161
1.05472
1.27606
1.08931
1.27642
1.69423
1.0332
1.09586
1.26888
1.15982
1.08145
1.18083
1.02142
1.14074
1.178
1.08941
1.07006
1.44264
1.1462
1.25359
1.04861
1.20662
1.15042
1.22172
1.15337
1.20596
1.21916
1.00635
1.0291
1.06929
1.2452
1.21845
1.24839
1.1628
1.07761
1.21974
1.13309
1.12065
1.01393
1.15745
1.08902
1.31843
1.2579
1.11566
1.13193
1.07097
1.05282
1.02922
1.07641
1.01747
1.23712
1.14581
1.15593
1.16318
1.1879
1.12443
1.24691
1.06196
1.21417
1.06965
1.0987
1.11831
1.49123
1.0565
1.17581
1.21688
1.0763
1.20458
1.13082
1.39981
1.35466
1.05876
1.1411
1.12158
1.06761
1.00551
1.14614
1.13651
1.05414
1.08049
1.15893
1.21078
1.19954
1.02945
1.14923
1.20565
1.09163
1.26396
1.08771
1.03355
1.11679
1.2612
1.21168
1.0139
1.1058
1.01748
1.14677
1.27696
1.26693
1.1386
1.1295
1.01731
1.23412
1.13963
1.00861
1.12196
1.0197
1.27623
1.16337
1.11893
1.15383
1.17652
1.10789
1.09638
1.23303
1.34114
1.16922
1.07184
1.00995
1.09638
1.12204
1.67458
1.068
1.51514
1.0271
1.32605
1.15671
1.24304
1.13246
1.27107
1.15817
1.22767
1.15029
1.04088
1.17536
1.0665
1.13508
1.14532
1.21519
1.24482
1.18411
1.00222
1.27559
1.7609
1.134
1.12136
1.19293
1.09171
1.00873
1.11783
1.01849
1.15164
1.12945
1.11397
1.08282
1.29343
2.61317
1.11747
1.19935
1.1257
1.30205
1.25332
1.16412
1.26136
1.27868
1.0844
1.26986
1.15127
1.10805
1.06797
1.15261
1.28325
1.12313
1.16556
1.25628
1.10816
1.05885
1.06525
1.13634
1.09597
1.1555
1.09042
1.02594
1.28112
1.0137
1.10002
1.24947
1.22141
1.09008
1.01558
1.19663
1.2772
1.0223
1.25097
1.19592
1.0688
2.11955
1.19779
1.10632
1.10647
1.41624
1.08602
1.0929
1.29398
1.2701
1.2044
1.12587
1.21085
1.2092
1.08564
1.11423
1.1968
1.05107
1.12783
1.00283
1.18262
1.46128
1.05305
1.14619
1.30727
1.10465
1.12596
1.10309
1.20167
1.25985
1.09926
1.09476
1.10016
1.0216
1.18464
1.12205
1.09781
1.16819
1.11298
1.18151
1.25763
1.16941
1.27003
1.31846
1.32698
1.13778
1.03725
1.20045
1.07629
1.20622
1.26818
1.15986
1.17719
1.17165
1.05433
1.04052
1.23716
1.18726
1.02367
1.05188
1.10867
1.0299
1.21297
1.11438
1.08486
1.23034
1.2172
1.15392
1.15266
1.02795
1.12258
1.15075
1.12315
1.03439
1.08046
1.14324
1.18824
1.1781
1.30878
1.03819
1.1473
1.06614
1.05366
1.07639
1.28757
1.08507
1.14749
1.01731
1.089
1.09073
1.07124
1.14505
1.22206
1.03769
1.15348
1.07186
1.23125
1.13857
1.12728
1.11565
1.40128
1.07393
1.101
1.30651
1.04765
1.06063
1.13102
1.04646
1.33873
1.15611
1.11981
1.10356
1.12634
1.14917
1.02852
1.20461
1.04398
1.27676
1.24679
1.1148
1.20656
1.13585
1.16325
1.17364
1.16655
1.26655
1.0779
1.10156
1.17076
1.04898
1.30152
1.2124
1.22082
1.10296
1.16937
1.40581
1.26994
1.18799
1.2794
1.20888
1.11214
2.02417
1.29128
2.15951
1.38685
2.10282
1.23446
1.55306
3.2264
1.24931
1.64402
1.33737
2.83188
1.24941
1.32837
1.64358
1.95795
2.26474
1.06756
1.16776
1.48571
1.41461
2.6205
1.73078
2.12801
1.51071
1.11618
1.1567
1.38529
1.0634
1.4842
1.99211
2.47498
2.13805
1.85062
1.27668
1.79565
1.89671
1.58141
1.67429
1.36255
1.47467
2.70819
2.26157
1.04328
1.13774
1.35187
1.19397
1.70728
2.04574
1.22304
1.31784
2.37722
2.28547
1.63977
2.31623
2.53944
2.41945
1.41337
1.10087
2.03403
1.20318
1.2143
1.28169
1.72085
1.20424
1.46889
1.25458
1.28172
1.51368
1.12079
1.51651
2.05236
1.58417
1.30706
3.00839
1.41465
1.26971
1.32616
1.46644
1.47146
1.05623
1.24033
1.62015
2.25638
1.76207
1.31874
1.63334
2.15276
2.7757
1.70163
1.63562
1.82024
1.28584
1.34639
1.91096
1.04673
1.13601
1.60024
1.21244
2.45622
1.3924
2.03068
1.82537
1.59263
1.33503
1.33267
2.38319
1.19238
2.24831
1.82907
2.00326
1.07465
1.33396
1.7009
1.23858
1.36726
2.49383
1.784
1.3885
2.14257
1.81711
1.75319
1.57054
2.432
1.08803
1.18422
1.8578
1.28546
1.76979
1.68674
1.2471
1.95787
1.88068
1.16514
1.84692
1.51593
1.06052
1.45743
1.72518
1.2894
1.6151
1.83973
1.8537
1.4772
1.30249
1.71535
1.72915
2.06155
1.36911
1.31367
1.9827
1.54412
2.1131
1.09016
1.3762
1.49998
2.07489
1.29909
1.09697
1.50828
1.30199
2.01641
1.41287
1.21572
1.16569
1.91221
1.3145
1.34102
1.68459
1.10576
2.43905
1.21531
1.86726
1.5772
1.8322
1.83794
1.23927
1.04992
1.20821
1.8353
1.41954
1.57946
2.11566
2.18383
2.15349
1.58216
1.1361
1.24099
1.28175
2.51889
2.44136
1.2675
3.00727
1.25728
1.05354
1.32203
2.14995
3.18947
1.87107
1.32953
1.66637
1.59614
1.20714
1.37424
1.69255
1.29119
1.38933
1.03126
1.98444
1.6903
1.79845
1.66427
1.61113
2.70795
1.63594
1.20323
1.24616
1.81512
1.18624
1.59474
1.1398
1.78665
1.7103
2.78721
1.3767
1.27312
1.27262
1.57064
1.90372
1.16633
1.2598
1.11788
1.49457
1.74797
2.04228
2.83998
2.08483
1.47209
1.26681
1.91408
1.57646
1.344
2.17337
1.46098
2.10775
1.07185
1.30091
1.28173
1.95596
1.57515
1.45554
1.18812
1.78919
1.48243
1.93548
1.16144
1.41341
1.41768
1.4465
1.4326
2.07991
1.6423
1.19266
2.03211
1.65119
1.19826
1.50521
2.76981
1.44424
1.92941
1.1676
1.50931
1.52269
1.29543
1.36968
1.23474
2.61886
2.22052
2.38698
1.59235
1.10678
1.53348
1.46608
1.54664
1.25838
1.30979
1.98828
1.28099
1.779
1.26718
1.71743
2.00119
1.94902
1.27491
2.27146
1.7042
1.7878
1.17714
1.53112
1.29953
2.67153
1.81579
2.59745
1.80379
1.34799
2.03796
2.051
1.79152
1.32597
2.07001
1.39381
2.02816
1.43574
1.48805
2.03858
2.04312
1.13041
1.43648
2.12362
1.58744
1.26978
1.24806
2.30892
1.04978
1.68208
1.68686
1.93317
1.80997
2.73808
2.14987
1.23733
1.06466
1.11161
1.55608
1.30183
1.80726
1.23134
1.37174
1.50168
2.76573
1.42514
1.57292
1.75816
2.53159
1.56892
1.06001
1.57617
1.33465
1.32058
1.61825
1.41322
1.89759
1.47579
1.47682
1.21638
3.22877
1.13186
2.40357
1.23099
2.28699
1.78107
2.29533
1.05146
1.56962
2.12353
1.08154
1.4135
1.87188
1.60853
1.15762
1.12291
2.30887
1.38246
1.76887
1.98225
1.96906
1.70978
1.61627
1.15202
1.49224
1.58077
1.90786
1.23311
1.40859
1.45426
1.08405
1.33721
1.82437
1.28934
1.25321
1.4527
1.57296
1.50301
1.44487
1.31782
1.05271
2.3201
2.1598
1.59746
1.68115
1.18462
1.75622
1.32464
1.15882
1.13992
1.26416
2.57725
1.81443
3.35669
1.37266
1.4476
1.30617
1.14388
2.41368
1.3094
1.77391
2.48677
1.25874
2.59851
1.59673
1.15651
1.42106
1.12928
1.19655
1.4508
1.60336
1.22421
1.85502
1.84012
2.16322
2.43235
1.27011
1.4187
1.23252
1.76443
1.15005
1.57
1.99825
2.18665
1.95597
1.62841
2.94305
1.53141
1.28128
1.39881
1.3321
1.44646
2.37434
2.3435
1.81965
1.84501
2.33496
2.21176
2.45368
1.89553
1.10102
1.3178
1.37571
1.95331
1.86091
1.65557
1.4488
1.29418
1.88324
2.25759
1.84236
1.49176
1.4731
1.33475
2.04672
1.1747
1.3014
1.25038
1.7222
2.82952
1.77431
1.679
1.02389
2.31292
2.15628
1.36343
1.24416
2.36609
2.86649
1.38931
1.63134
1.82018
1.80933
1.39117
1.2924
1.14159
1.26601
1.91992
1.24248
1.82716
1.12701
1.32959
1.97323
1.97737
1.481
1.61935
1.13159
1.45759
1.28077
1.56865
1.20564
1.13321
1.23453
1.26202
2.71613
1.26509
1.44464
2.2091
1.16017
1.96271
1.97358
2.54237
1.87804
1.71437
1.08286
1.29626
1.38544
1.30047
1.65853
1.21498
2.07608
1.85452
2.11218
1.61603
2.15393
1.70837
1.26446
2.08267
1.37173
1.3978
1.18934
1.82548
1.75861
1.62382
1.69755
1.64877
2.26808
1.37296
1.88077
1.53708
2.38852
1.95785
1.25897
1.46672
1.8099
2.47515
1.21248
1.28925
2.00574
1.09856
1.82759
1.05482
1.03371
1.12879
1.76553
2.33259
2.00798
1.65948
2.01513
1.51818
1.35552
2.13377
1.56578
1.44781
1.47356
1.73444
1.77215
1.22488
2.66971
1.5618
1.02656
2.19081
1.90699
1.2633
1.80026
1.38498
1.67381
1.48249
1.36465
1.22686
1.49031
1.8792
1.20797
2.90617
1.79016
1.52914
1.2431
1.8619
1.93315
1.03917
2.33443
1.34987
1.28509
1.30539
2.54859
1.72508
1.24437
1.23482
1.49653
2.42597
2.40762
1.49491
1.27106
1.10472
1.90409
1.32152
2.26208
1.55972
2.19247
2.11471
1.21239
1.69353
1.30266
1.03789
1.32699
1.85715
1.40004
1.70595
1.21383
2.43726
2.06404
1.09049
1.89682
1.35793
1.54115
1.08388
1.13753
2.31893
2.05112
1.4413
1.37488
1.23184
1.6922
3.1679
2.22643
3.12532
1.83017
1.22762
2.19733
1.62037
1.29959
2.78482
1.73563
1.22604
1.60722
1.28679
1.51948
1.19743
1.32308
1.31044
2.14198
2.88586
1.2931
1.38443
1.39898
1.55084
2.88484
1.13071
1.54689
1.51874
2.73063
1.60597
1.28994
1.38808
2.66541
1.10169
2.5896
2.08669
2.31043
1.19679
1.34377
1.88261
1.62826
1.66765
2.16957
1.08092
1.98944
1.34603
1.28616
2.49279
2.1256
1.69492
1.66034
1.3683
1.6029
2.06398
2.27666
1.03294
1.39385
2.63111
1.74415
1.25896
1.95153
1.81457
1.71586
2.17171
1.62864
2.89676
1.1655
1.09759
1.32645
1.3605
1.20841
1.25017
1.08585
1.38829
2.01008
1.96344
1.52835
2.00976
1.41507
1.44566
1.53619
1.79701
1.17555
1.32368
1.96893
1.58002
2.08972
1.88517
1.15419
1.99477
1.94814
1.96694
1.35628
1.31698
2.23352
1.3538
2.04883
2.76277
1.85815
1.36551
1.64941
1.54677
2.46929
1.27039
2.10855
1.71678
1.75855
1.45421
1.63507
1.53625
1.22871
1.74226
1.73471
1.27877
1.44593
1.31261
1.07024
1.87749
1.43878
1.21379
1.02603
1.26003
1.02197
1.72856
1.41803
1.55437
1.17866
1.13302
1.03145
1.64239
2.47197
2.81725
1.51342
1.60268
1.56292
1.65536
1.39719
1.52857
1.2525
1.62111
1.70972
2.15233
1.41672
1.2387
2.4488
1.31455
2.1277
1.4777
2.20704
2.68122
2.33028
2.11264
2.11768
1.33134
1.25112
2.08479
1.3746
1.42897
1.30185
1.70672
2.33091
1.61123
1.59769
1.69961
1.80321
2.34209
1.60503
1.35214
2.67016
1.90556
2.0763
1.4053
1.5122
1.32252
1.09731
1.96021
2.61303
2.35342
1.16509
2.09691
2.25415
1.08649
1.46519
3.06826
1.40158
1.34034
1.85881
1.37525
1.6349
1.39269
1.33427
1.50969
1.65471
1.53614
1.37085
1.88416
1.52156
1.26353
1.59236
1.87172
1.57942
1.98424
1.37889
2.84307
1.06716
1.21454
1.10317
1.21764
1.09375
1.08355
1.6861
1.55121
1.62784
2.18353
1.26298
1.65971
1.96484
1.66738
1.3994
1.10734
1.50361
1.6496
1.77456
2.29333
2.32386
1.12189
1.38682
1.56195
1.12911
2.31712
1.60487
1.30419
1.94523
1.28864
1.31307
1.61599
2.39936
1.24695
1.41743
1.40278
1.13375
1.00895
1.27817
2.49749
1.05742
1.60959
1.59549
1.66612
2.74023
1.10529
1.2089
1.65061
2.53672
2.00198
1.79616
2.41251
1.54232
1.96959
1.10214
1.44494
1.14968
1.22515
1.26168
1.38866
1.36493
1.43595
1.79683
1.41946
2.15568
1.67175
1.8551
1.24965
1.37698
2.44591
1.71004
1.18267
1.58464
1.87661
1.81859
2.08304
1.49171
1.0535
1.77332
2.68903
2.58023
1.18584
2.08819
1.7441
1.31472
1.66126
1.93624
1.77798
1.35173
1.18111
1.60601
2.19668
1.09639
1.22982
1.20124
1.51565
1.3649
2.58243
1.191
1.89249
1.06789
1.19844
1.56017
1.63077
1.47298
1.83887
2.0352
1.9124
1.59226
2.16921
1.28649
1.14621
1.3433
1.19574
1.25872
1.14348
2.03075
1.69522
1.74322
1.41326
1.39962
1.53011
1.67193
1.15431
1.23771
1.46268
1.44836
1.93762
1.23676
1.11364
1.19237
1.7359
2.00556
1.74059
2.28582
2.32848
1.47362
1.63167
1.66154
1.4204
2.2879
1.17663
1.19169
1.30081
1.1512
1.10848
1.35064
1.238
2.49912
1.48364
1.35448
1.11776
1.38004
1.64721
1.51654
1.37508
2.76539
1.38005
2.06714
139656000.0
239886000.0
154678000.0
254827000.0
200805000.0
399325000.0
350797000.0
140103000.0
541015000.0
306501000.0
444860000.0
132023000.0
179147000.0
522769000.0
277686000.0
171655000.0
146356000.0
723322000.0
498421000.0
370343000.0
435807000.0
146614000.0
257810000.0
260169000.0
397018000.0
513160000.0
604199000.0
443885000.0
685730000.0
246138000.0
175263000.0
169975000.0
248567000.0
212482000.0
491233000.0
255160000.0
176558000.0
211438000.0
204617000.0
370205000.0
374446000.0
148819000.0
148363000.0
675417000.0
623311000.0
448931000.0
462643000.0
313458000.0
209804000.0
334506000.0
345966000.0
153335000.0
164749000.0
234762000.0
181646000.0
139158000.0
148211000.0
268906000.0
609066000.0
187760000.0
402518000.0
654024000.0
295378000.0
231697000.0
584837000.0
193106000.0
320651000.0
465901000.0
170775000.0
694459000.0
155591000.0
207518000.0
292459000.0
340788000.0
173850000.0
173742000.0
303315000.0
368646000.0
428307000.0
330494000.0
660631000.0
503415000.0
212219000.0
175417000.0
129743000.0
415580000.0
321715000.0
210653000.0
137553000.0
159164000.0
227256000.0
212360000.0
386820000.0
481877000.0
195135000.0
687916000.0
414210000.0
146381000.0
494136000.0
161139000.0
401937000.0
210860000.0
241619000.0
256702000.0
263806000.0
412738000.0
198062000.0
612727000.0
185490000.0
183177000.0
196680000.0
619349000.0
274891000.0
222587000.0
316822000.0
406598000.0
203221000.0
147969000.0
410851000.0
164639000.0
241201000.0
204121000.0
236377000.0
179648000.0
659146000.0
491896000.0
151173000.0
489636000.0
286048000.0
149642000.0
531984000.0
192062000.0
297496000.0
434897000.0
189343000.0
362368000.0
733931000.0
278269000.0
268530000.0
570695000.0
312801000.0
270550000.0
148676000.0
309939000.0
447994000.0
276189000.0
254456000.0
217945000.0
376004000.0
400007000.0
166298000.0
208021000.0
198987000.0
664249000.0
314180000.0
228491000.0
204364000.0
427529000.0
527668000.0
382927000.0
449174000.0
263206000.0
393909000.0
529467000.0
553576000.0
248208000.0
386366000.0
355715000.0
170963000.0
163236000.0
140804000.0
528072000.0
350230000.0
353552000.0
251832000.0
157342000.0
479333000.0
657050000.0
580733000.0
156901000.0
190174000.0
202040000.0
234496000.0
157591000.0
184727000.0
184386000.0
451224000.0
404427000.0
253524000.0
147542000.0
167893000.0
364875000.0
136510000.0
186621000.0
743593000.0
284670000.0
170585000.0
131593000.0
213586000.0
314103000.0
171226000.0
362450000.0
426086000.0
316412000.0
216171000.0
505195000.0
421823000.0
819889000.0
254520000.0
289826000.0
190282000.0
196960000.0
261086000.0
184878000.0
310941000.0
526178000.0
456398000.0
207514000.0
614759000.0
221947000.0
678351000.0
186794000.0
253868000.0
152140000.0
402946000.0
449226000.0
409187000.0
270690000.0
324349000.0
426211000.0
576513000.0
679643000.0
370035000.0
309229000.0
217528000.0
161246000.0
227925000.0
399798000.0
301718000.0
140803000.0
214280000.0
231117000.0
201723000.0
336077000.0
219719000.0
534372000.0
532579000.0
281774000.0
290150000.0
251546000.0
130716000.0
591699000.0
319193000.0
293494000.0
208776000.0
601074000.0
361827000.0
425927000.0
312414000.0
323556000.0
255789000.0
225553000.0
582695000.0
154927000.0
199293000.0
469549000.0
250596000.0
178984000.0
354054000.0
218835000.0
223395000.0
256060000.0
348498000.0
530200000.0
182071000.0
198731000.0
163564000.0
143326000.0
215628000.0
199944000.0
725516000.0
399749000.0
247878000.0
272394000.0
557845000.0
339872000.0
176287000.0
371278000.0
129815000.0
271079000.0
352018000.0
205272000.0
166558000.0
310863000.0
179244000.0
334312000.0
259666000.0
491356000.0
284733000.0
325177000.0
146073000.0
275404000.0
143191000.0
191335000.0
293261000.0
190627000.0
189932000.0
228401000.0
307323000.0
288453000.0
240812000.0
215251000.0
341641000.0
442879000.0
212136000.0
275729000.0
680632000.0
254398000.0
272852000.0
331621000.0
193038000.0
626930000.0
203888000.0
769102000.0
375296000.0
152224000.0
155847000.0
185540000.0
148713000.0
182974000.0
514109000.0
703332000.0
612928000.0
338686000.0
405256000.0
240179000.0
364828000.0
453317000.0
198478000.0
165574000.0
455454000.0
181277000.0
212464000.0
129400000.0
153751000.0
670364000.0
292027000.0
501161000.0
186586000.0
154149000.0
429332000.0
188284000.0
317568000.0
220894000.0
530664000.0
163988000.0
536966000.0
144928000.0
360923000.0
140201000.0
167492000.0
156468000.0
699012000.0
320319000.0
282415000.0
782660000.0
393789000.0
194220000.0
258550000.0
500603000.0
523979000.0
157382000.0
378361000.0
256860000.0
197441000.0
243621000.0
149466000.0
247270000.0
577661000.0
374763000.0
237678000.0
239156000.0
332090000.0
279102000.0
525427000.0
157365000.0
466856000.0
334868000.0
371582000.0
421093000.0
161724000.0
384509000.0
143079000.0
453957000.0
227532000.0
629291000.0
139341000.0
245792000.0
217327000.0
171866000.0
684872000.0
179851000.0
149807000.0
145515000.0
537533000.0
430371000.0
163433000.0
219406000.0
129309000.0
420843000.0
360374000.0
505461000.0
476370000.0
163677000.0
388616000.0
348733000.0
168011000.0
447820000.0
166144000.0
145336000.0
615441000.0
346508000.0
508464000.0
547232000.0
325217000.0
320915000.0
609154000.0
183005000.0
188139000.0
194409000.0
158368000.0
531918000.0
237554000.0
522375000.0
189543000.0
500557000.0
226132000.0
243198000.0
145594000.0
166410000.0
249689000.0
148833000.0
307404000.0
456401000.0
167866000.0
286515000.0
301653000.0
203540000.0
179786000.0
266815000.0
212269000.0
157596000.0
172030000.0
144382000.0
220580000.0
601375000.0
179777000.0
291722000.0
255924000.0
221757000.0
289121000.0
253669000.0
506188000.0
196683000.0
193514000.0
200054000.0
366732000.0
386403000.0
379748000.0
222586000.0
620639000.0
266030000.0
420810000.0
252787000.0
174327000.0
159082000.0
229217000.0
813802000.0
204309000.0
138866000.0
440805000.0
366819000.0
138378000.0
168992000.0
428916000.0
259053000.0
246535000.0
201261000.0
487654000.0
405624000.0
755765000.0
443846000.0
137443000.0
170987000.0
169448000.0
414167000.0
150529000.0
200073000.0
185230000.0
394196000.0
230388000.0
496051000.0
348990000.0
467409000.0
428492000.0
398700000.0
637793000.0
305373000.0
551112000.0
168709000.0
335177000.0
297052000.0
144766000.0
600334000.0
181927000.0
198359000.0
155163000.0
200569000.0
278185000.0
488847000.0
393863000.0
430399000.0
464824000.0
249581000.0
470997000.0
202000000.0
205609000.0
255542000.0
336194000.0
170162000.0
153931000.0
586667000.0
144967000.0
177355000.0
271481000.0
163734000.0
163240000.0
223932000.0
305700000.0
288040000.0
188159000.0
229568000.0
360122000.0
174931000.0
269351000.0
160844000.0
169582000.0
400166000.0
345813000.0
133500000.0
153294000.0
178353000.0
510659000.0
163067000.0
715548000.0
140656000.0
729676000.0
710894000.0
523020000.0
238695000.0
143218000.0
210139000.0
290526000.0
207755000.0
412138000.0
343378000.0
162796000.0
179956000.0
279499000.0
346340000.0
149548000.0
286921000.0
399097000.0
157799000.0
198453000.0
791599000.0
130217000.0
314367000.0
229347000.0
309148000.0
203966000.0
140782000.0
301138000.0
218550000.0
524497000.0
367513000.0
244088000.0
414934000.0
141466000.0
256874000.0
342397000.0
168264000.0
218230000.0
140311000.0
746665000.0
177294000.0
372262000.0
595107000.0
409530000.0
144680000.0
177177000.0
356277000.0
576054000.0
378186000.0
172917000.0
200539000.0
272325000.0
474956000.0
666342000.0
145090000.0
254485000.0
182066000.0
231500000.0
170061000.0
230566000.0
599472000.0
178782000.0
225654000.0
719878000.0
383632000.0
279651000.0
166310000.0
190605000.0
383584000.0
177351000.0
267349000.0
646649000.0
230563000.0
255294000.0
310678000.0
540147000.0
722797000.0
163719000.0
183958000.0
182454000.0
226880000.0
272675000.0
239905000.0
148033000.0
194196000.0
140683000.0
156303000.0
462624000.0
195467000.0
277394000.0
416454000.0
167437000.0
139139000.0
231447000.0
263281000.0
389579000.0
309781000.0
487785000.0
375298000.0
179227000.0
224943000.0
133550000.0
443299000.0
319358000.0
166889000.0
170850000.0
133859000.0
592550000.0
268656000.0
219139000.0
148762000.0
159260000.0
508323000.0
314907000.0
157767000.0
734420000.0
136845000.0
187932000.0
175487000.0
383489000.0
192070000.0
139336000.0
220193000.0
192869000.0
148754000.0
581975000.0
273385000.0
346754000.0
396664000.0
189895000.0
194409000.0
188058000.0
255522000.0
343505000.0
240052000.0
187297000.0
138151000.0
809445000.0
325977000.0
171137000.0
239171000.0
327099000.0
226213000.0
197780000.0
222988000.0
241255000.0
261844000.0
150113000.0
626033000.0
701626000.0
233878000.0
301131000.0
628154000.0
538566000.0
609367000.0
540862000.0
151288000.0
185299000.0
137203000.0
253933000.0
388717000.0
417012000.0
338892000.0
193683000.0
577723000.0
191154000.0
153794000.0
297643000.0
213612000.0
228172000.0
542329000.0
136008000.0
197769000.0
143758000.0
300271000.0
413357000.0
183280000.0
267119000.0
226512000.0
134139000.0
191994000.0
270597000.0
265383000.0
241669000.0
135143000.0
498888000.0
198220000.0
268357000.0
245542000.0
295316000.0
308464000.0
377003000.0
138931000.0
220997000.0
339307000.0
157774000.0
233344000.0
340245000.0
553509000.0
193505000.0
240786000.0
404437000.0
768667000.0
562738000.0
789785000.0
245885000.0
344134000.0
287442000.0
474231000.0
474815000.0
817015000.0
202844000.0
131443000.0
130916000.0
173368000.0
153738000.0
266990000.0
285710000.0
205689000.0
222171000.0
437869000.0
357661000.0
258141000.0
217486000.0
251409000.0
449573000.0
144250000.0
139995000.0
125821000.0
478830000.0
206390000.0
134026000.0
202503000.0
133368000.0
206864000.0
513278000.0
428238000.0
229237000.0
316041000.0
213901000.0
445960000.0
305043000.0
183851000.0
301110000.0
195070000.0
127801000.0
228820000.0
207193000.0
274190000.0
467135000.0
134126000.0
138698000.0
194066000.0
455110000.0
407432000.0
425612000.0
517083000.0
146822000.0
146994000.0
127525000.0
349228000.0
175735000.0
203021000.0
466951000.0
308647000.0
150415000.0
375948000.0
468774000.0
157992000.0
333776000.0
284228000.0
267170000.0
422049000.0
244247000.0
273039000.0
259825000.0
301823000.0
204217000.0
159948000.0
477139000.0
301150000.0
263875000.0
223167000.0
203997000.0
292495000.0
152264000.0
639282000.0
501520000.0
566110000.0
209950000.0
476942000.0
721466000.0
219459000.0
156068000.0
226446000.0
205761000.0
473200000.0
175210000.0
159255000.0
220880000.0
276952000.0
715167000.0
328101000.0
320065000.0
214662000.0
160055000.0
202618000.0
416569000.0
437459000.0
187762000.0
599825000.0
170168000.0
367916000.0
372427000.0
211708000.0
437911000.0
488097000.0
271735000.0
183790000.0
464521000.0
300569000.0
159670000.0
613484000.0
826955000.0
479652000.0
208715000.0
726344000.0
317641000.0
297294000.0
179686000.0
146547000.0
673354000.0
508702000.0
316440000.0
161015000.0
271844000.0
246830000.0
145846000.0
203577000.0
258750000.0
453582000.0
201986000.0
622990000.0
314678000.0
284448000.0
446054000.0
350830000.0
325107000.0
185109000.0
374083000.0
138813000.0
309057000.0
148301000.0
483587000.0
356626000.0
144804000.0
252966000.0
367993000.0
206295000.0
172432000.0
239289000.0
210023000.0
126195000.0
780052000.0
221733000.0
156040000.0
137638000.0
484338000.0
180470000.0
317246000.0
455828000.0
187268000.0
207671000.0
183253000.0
435193000.0
520389000.0
161895000.0
150200000.0
522852000.0
639287000.0
431292000.0
340793000.0
346499000.0
144509000.0
506982000.0
162056000.0
319268000.0
499706000.0
316376000.0
176625000.0
313488000.0
140325000.0
219784000.0
184558000.0
199584000.0
223089000.0
365364000.0
698105000.0
444016000.0
194807000.0
448664000.0
547478000.0
212239000.0
295555000.0
232925000.0
438604000.0
176482000.0
281226000.0
152928000.0
625017000.0
194224000.0
223395000.0
318771000.0
188729000.0
493231000.0
423920000.0
549791000.0
236735000.0
169612000.0
191611000.0
207424000.0
155240000.0
218246000.0
323063000.0
330490000.0
274026000.0
211833000.0
496984000.0
509858000.0
276820000.0
718449000.0
659592000.0
157250000.0
564177000.0
152582000.0
404924000.0
251619000.0
616567000.0
426730000.0
229772000.0
234383000.0
259456000.0
158771000.0
361164000.0
144469000.0
156002680.464237
338054744.008506
450506022.197346
322515323.891334
303859564.575028
411265552.000226
697462623.282967
382366494.355751
358735636.051439
486460512.166637
654820368.553335
282352036.275578
248632611.605415
738868471.579715
386109387.88119
392731306.969776
200214486.265237
835503614.540621
743001080.074287
645199201.743226
675255089.561537
402065160.990878
558229723.64286
504140727.57462
626505725.157413
782506352.213839
616229358.641358
748927216.65297
835823658.888958
357349761.949768
287647315.775889
471413423.90259
603830575.394341
345515098.23569
699772483.756173
574219773.031401
204182982.996291
449414648.595508
387540664.425999
422024528.660234
486432691.476593
392917108.695028
489588737.705477
744028498.901396
833500922.311827
516669094.595276
623079754.434836
314776648.413674
350252251.574689
493052979.133728
661249173.649653
480881560.001149
187660373.892611
262828475.077867
404877801.183224
226845317.634477
278113664.944493
606106174.965867
745078005.164188
508615430.244568
592976497.273306
842024327.54686
530415960.54464
572435266.46964
747887564.222607
524965433.616014
360094657.395735
336701099.161927
213614604.627425
824129093.953425
227359245.17715
381637919.944083
344226606.902615
450001263.777047
336457027.144136
232327273.811029
437318203.495853
545860281.243425
497668980.819496
625818076.136864
721774204.513897
710414130.907091
375984668.752057
424860137.483389
156506035.672689
641908096.016261
422090117.017378
312061827.748751
396606563.52875
323618526.441059
383309627.424875
449805768.348996
319204527.950278
745064828.563211
545702475.084106
766058221.722693
499327800.095397
205575214.125722
631425666.229333
412255596.529992
610593234.925154
255535361.549595
334757204.563573
289323495.42334
314785713.870049
638708397.189194
433095202.415687
755009620.304829
348925894.4898
402303777.051239
506570556.275294
374375057.429351
435342086.994493
413740259.440209
577204417.723083
709002688.843878
292709168.884315
222029770.903989
605251147.387053
526182519.049869
537113875.65821
379677251.452282
290847248.943301
409625030.603077
837874378.960049
650701642.813213
379425166.665024
554699604.245055
284635244.665322
181836973.546549
701769128.561289
355375355.67652
464472029.92221
731789970.741719
436876578.121561
425566833.871807
377869627.937616
424833146.583086
452150390.797013
748124262.885798
569347572.916017
419888370.748886
512344151.861898
397815296.681289
641427864.251991
582733126.282502
550608482.03241
394892981.407631
544112637.419027
597989758.119859
243709775.949069
225410208.152432
396880188.587903
836653232.196707
475457930.662001
266112830.543111
506448017.370673
321938165.120123
708565249.214127
470984581.835489
583240610.041028
422214918.150013
650980838.075122
733532782.196181
680684300.621611
275429912.268864
666602812.728054
589682952.676638
260270845.005876
338538370.764665
214895192.971507
746764444.012308
515308871.942357
519989359.776941
387020312.92849
234666122.836377
641912593.969811
734584181.028698
605253706.442069
313837635.575864
377810365.892478
533211592.277123
326927059.621283
437176078.545818
478095783.527974
452343374.133059
720996233.185102
406056130.488352
494104643.450338
308984048.656919
381854318.752822
531042701.679451
235186835.176947
382230332.252003
764224082.212353
539974526.350076
333057677.179085
295272762.693619
235966953.730419
516511131.287797
272835563.10777
694247426.683898
458870079.162528
457936900.926672
412017556.100861
665956074.708552
689167315.48831
841467831.34877
372418872.553908
486951726.14354
429659007.857834
463091068.828577
520633394.985028
220049711.559704
554595257.28735
716685412.191586
686770882.185285
364724636.254973
798366580.974066
434305092.505118
847259139.151387
509706783.338789
596311401.945757
347469394.292283
605002082.482317
623899617.281842
573012318.49084
390800046.449192
566312902.568945
521236051.048397
804732587.669907
840306676.060433
612815229.727406
584503041.880112
512012075.177143
476119203.017709
573126820.253716
507659765.490345
409129022.521535
427425997.178902
371435228.081291
527158769.586353
335243646.132947
392520356.997806
267003575.344201
638451677.100466
737407871.655987
421966318.82096
542648531.14319
288738987.114123
393237733.286086
772397147.340699
576162802.923389
475973348.212519
337339928.636751
689800517.018114
530135606.385309
520642977.499175
588155502.85937
486124870.470698
372943580.106774
500290894.053868
772663856.182644
233109428.816123
284903388.581766
739730199.382115
367872640.173917
410014089.138622
389765583.453122
264381426.098438
507393078.51626
321728649.502555
666239508.816737
775318411.224076
423513908.612051
314020157.259491
323908558.915103
355417513.298046
372591274.911585
234438779.117896
397283914.978698
534711547.318441
483899913.866012
305972222.800402
633200110.3227
392042932.956464
498059466.016101
558891400.997086
382270062.844982
357968980.570597
502187530.5375
563348931.343923
281077298.024494
593354199.411277
310763100.279137
651650621.129665
541949844.832452
681583024.842945
493654872.119149
364751969.50805
212432781.183848
562378141.767159
237165907.534914
230632554.901925
329918282.571985
361789835.745991
519461961.655199
565137214.178539
376429206.057907
484295671.741853
422204824.606596
414019806.800887
409978638.369087
736891983.655084
487091448.408212
455056207.554615
707207568.653824
364089414.451807
498958451.976135
502109760.54666
522522382.897161
766040129.662949
508862699.832777
879042237.973194
528926374.563277
377390275.553746
199057962.169115
223177001.797363
278122654.077746
329411952.588323
732326953.170617
740184100.623143
734123360.826245
546862805.501488
635601725.584786
330408213.544866
550522460.344217
710524938.500869
550008453.09347
243053689.832717
630172097.271401
532347973.246551
498078007.128943
405644080.502134
250621499.617288
765244939.626883
413074870.970436
672237461.207112
252928710.191366
423409935.224294
629581559.070314
286374720.672244
424298179.853584
372036517.7156
802469754.823866
473080268.46974
779579300.534449
316690153.677128
429632591.627844
337917128.388773
351220604.432935
470587736.475263
779383807.145964
519378825.973819
368308787.591207
870867492.802159
689288213.302377
317575838.696453
360919494.408427
685730923.179639
572400496.959084
255803949.83856
317993792.54033
489696653.303596
474457803.319822
378177192.343921
221128659.818892
510464631.415437
692057730.589993
447049056.479492
594152236.215201
339143342.459836
530298256.390403
434094750.19269
727955833.567548
426534623.470948
617137327.895618
645674289.249397
638143693.261392
511113508.160469
371485818.421416
690196683.809605
180769579.858213
632056223.395148
495263401.158482
717686281.222717
426613027.05696
415913768.612402
257577639.937781
195729820.797245
728981892.047878
340794015.851592
327296210.344046
243059780.663414
711129649.562233
651145365.323177
267764507.285317
332820388.265465
354958592.034686
617730786.213262
386098006.710319
557388892.70898
760913251.847903
455990460.651782
456679566.636713
561211844.144132
422818054.652185
694950566.33299
348771524.044617
317873999.688872
694760602.324693
554903585.085807
743240329.264771
739178106.915013
447080967.027858
588087067.369008
785791749.522762
403310400.177203
296519238.615826
463338007.959991
464681059.144414
613489598.687905
541773609.763346
766883602.125886
360805846.200283
766918815.288328
557668942.587393
458745719.714469
304050815.180685
321326244.850061
289904377.961737
489193301.512662
409246214.247041
646253597.414927
507444444.389729
583986458.188438
393431118.826969
473801563.149034
358406508.487271
442275871.562696
441574883.848356
481184066.774804
408351348.186213
413961181.020166
427650319.014062
738527996.051797
369987327.615178
528017784.555559
594246520.258707
263289818.583927
469888128.570153
398159953.621533
572503260.208674
482035691.417523
355493438.223672
265033228.710623
705218525.919558
308449575.885419
479733091.554873
330031595.068642
725274344.635381
337199934.06278
501594310.506563
371411750.738143
364800673.15977
256868842.647751
310815697.044726
382914124.762403
425412067.692602
260149846.41818
482554926.674114
569393136.635961
385854218.196434
366067115.783552
516529260.512618
398149206.881485
531043494.649398
382259561.20709
520334028.144177
499207214.318688
394370026.015837
622838291.116325
402796033.518903
200440444.958256
340528611.738008
516766824.347389
173964814.426853
487118077.901952
318237637.309334
533358314.844653
477966753.710301
572307517.69212
554893907.252387
597378997.494365
587604002.161323
707140776.173054
357253190.813226
594573348.888742
350847984.206576
324738303.467098
441316641.935197
482543606.653711
249652433.582528
355850595.874188
189064465.639993
245409579.39274
312463922.684762
305041531.133415
388613533.02797
735285102.634052
487484910.086823
598200539.595602
605201201.107944
591835588.215148
718984891.58014
455720136.056572
463547045.336589
555784667.715869
590819497.835339
494652671.948632
362906314.454558
603209150.060937
463190587.498126
390328290.088881
439964409.850531
308629732.757884
272353565.650624
515826057.858523
293907504.591021
335425388.058898
192256915.376492
468251661.192822
551150695.942739
476112401.848928
618004250.88506
513428851.297838
428103585.071793
533509473.414144
386031496.78487
206068532.991978
242411420.655459
216356591.018145
766814404.020523
203801277.79369
815541361.698212
263145745.920824
886498058.080246
799265827.368877
710003052.820182
312889723.706731
204740794.215547
345910762.799606
603388675.936091
514062404.256642
622911285.354916
519471448.512425
459685410.602055
482701991.334985
452266544.006673
616948108.751333
169849920.378144
451521546.791878
553167683.675998
491910359.804876
303122079.614791
394021122.84744
267594859.110478
294989464.598893
432569340.104796
461903319.565695
379667871.79708
365802155.58621
411412361.924563
444256464.59898
346449002.158754
553341489.570596
448546635.972515
626987550.064243
349406183.865447
548855970.684897
511256023.040802
287134725.644935
467882382.052403
274610803.225233
890973882.433829
471650302.560202
530248650.040619
745631674.241826
575095888.795899
244141344.57145
501654641.286962
545620547.770693
796596637.400817
531810363.086174
526039574.296023
409613617.835219
454633139.120953
700777918.279833
747238638.938387
246082892.743167
540855266.446481
475454567.89818
425195669.936317
250454948.230249
266329732.853852
659348434.989995
511532580.101239
477151848.148134
789698918.857309
611915243.618815
551786242.129602
239020614.010291
433511193.366195
428728745.906474
459543522.751191
318665527.371015
857997575.07891
354226773.294296
310259336.886082
522320173.684682
750181822.095203
387459485.629041
494722563.784507
426060947.987892
370415990.300364
415917990.841343
430672268.064006
590055099.15611
405016346.918391
360717941.505539
316449115.798578
365588961.684897
707250197.942604
542381005.955541
303194817.639761
674249101.012627
527316176.686345
279783596.838287
399528818.935769
421942900.509129
705407413.427933
532665726.056964
736064525.859925
434285791.840758
531326443.055369
539732230.774657
195888365.933462
576641056.399017
421617595.525091
433031302.889232
507145291.904757
289647268.106675
684510468.265762
397914220.657808
499729864.110243
169514959.224046
255559918.261689
699763766.703479
627612836.872853
432364994.890693
888836642.002034
464652432.751473
226785713.981588
308529774.56868
672292043.027778
242124905.575836
178030340.402031
418708801.705442
269357530.494776
234517153.767145
814525635.255075
444295857.73549
447162484.790016
398908131.667271
280692112.413963
311593965.821123
252748271.369941
451222650.062101
465619914.400948
287892057.129568
339690450.602657
156591602.234057
395287873.444011
524404392.15948
329898298.537403
479285898.740028
583222008.682251
509849436.295981
242461860.78248
442810322.908368
485874937.469645
476603894.274606
478863852.916011
809607024.68774
879603534.846875
354352008.316821
468552348.832687
758147752.472448
356780468.470989
827838519.977929
350017812.355701
208058887.540441
480996811.917193
394325025.00023
403850016.301621
319230803.595406
574142814.871522
577252695.255442
239572211.347415
801565789.21987
469904018.952149
349630457.553632
400438820.801312
288296888.500578
557359690.944278
672734529.254121
180046796.220812
470463241.541668
268324801.376686
374054071.237479
498409289.119877
260848258.441724
362758320.741156
326660209.064646
392661188.5749
318505773.957991
385617864.960988
364370988.550974
544973500.249199
358023982.01429
652297342.945843
329264043.906769
437266421.670515
456136834.189518
481489861.775674
383960219.602601
532158631.127469
474623860.59741
478207504.435914
596738191.345528
198679446.25398
441881620.350211
426583469.790953
362252673.664947
415826098.746773
516116163.780082
673684892.993054
381913415.517823
759081081.60488
374644047.890889
259709814.912614
513112061.188231
510316781.306941
700424717.795398
653565121.414125
400711585.597528
375515268.690096
411845952.828464
310434604.304886
253657471.288856
283885898.404726
540220644.339087
475588785.973308
424625916.405251
470055460.402089
565384511.630004
588521154.438419
479830253.835694
431149781.689041
523883671.039203
563687703.585098
261240029.529463
438920749.494453
138339283.791557
659893531.212095
348301914.998857
252503290.588705
461298952.072516
406768332.10631
449753821.949905
760768136.367191
703730640.10855
555530575.719648
458287787.892545
463134841.064293
504224062.095279
452970940.33386
203445777.179809
450581418.970704
261779460.536688
171458404.251818
452649038.331061
314933600.680053
585623264.431426
654880949.818661
151681522.716633
212584439.353458
481554007.444322
510248631.857079
432501999.356836
665265172.845232
723670751.179897
392020665.309448
358255763.689827
134268864.421986
643668331.780194
304342088.533953
366213569.086127
727296660.868023
540134055.234666
234696896.425213
604037279.824507
705230738.410671
238641416.760294
488764239.288526
406450056.021567
558485387.415731
657138467.39392
454273924.247244
395962096.831034
306692858.464083
490846769.630899
400869953.442563
302007546.764702
539220959.361143
388498811.111616
465725160.598675
297596814.359588
312158937.02067
484482899.066022
283639321.580799
744675058.854564
659636339.291875
791014847.580358
272942086.882959
674948280.260679
848778516.950906
347180837.776607
190369933.808287
453726045.389041
302070171.215157
725204168.573432
438314443.621671
396395063.478132
339226177.589678
560579792.417425
855977120.257089
402886140.467289
501005432.113969
267031562.308403
194752302.450988
240743038.880576
512652884.144767
506630022.713502
373928041.23174
367894861.931164
501490470.134098
544984567.510184
509299495.380792
482177495.111589
589254126.512885
665342345.459362
500612725.302382
367376138.750015
701685859.187818
537103842.592438
250755075.992087
371663409.759925
861389690.721556
716461855.730744
423258821.642071
812300091.190963
345128364.674161
532419334.768608
287873777.861676
289871788.270731
793813601.316997
577626151.625828
295089458.469575
251936462.702002
334922587.659946
330459758.246341
472591780.65668
351693169.220929
328141102.159964
670389328.25072
424866297.776574
368034518.670844
627769323.511922
374975021.342439
513280170.55784
556035021.559222
649756115.547926
242358950.680116
475794364.663717
203585385.932669
462037881.464524
435729710.223434
683435687.267983
592843304.349467
381756588.243955
535108216.968074
557459180.760338
376802380.78435
358351954.962136
487203717.599041
426593611.711692
161168790.47511
392015491.377401
422686884.674013
227879754.445826
398959168.55842
507637048.208814
207536206.554712
297939327.370053
687764335.512867
401921885.181003
336128926.006359
245227054.562393
556985711.245542
641007659.285704
300624708.958697
154503760.107853
648461829.974703
797934949.49962
557427315.823835
610671421.401057
595185025.405949
169440378.330586
620589355.149287
253484649.861181
364277216.510942
623653284.620136
298978979.922429
492603799.100837
415504205.48368
200785662.624519
568835123.74922
486620666.785986
463074590.012879
439516301.347466
427748075.234876
861528852.223424
540602184.575623
420808503.094173
642943055.985002
567769197.549154
444644364.703341
570074401.050264
387175094.228504
533804175.447022
312396088.391803
506369715.199714
217185756.783562
347244365.022328
377447521.166201
290006342.279893
652501665.748033
504740641.135087
750478625.798009
542610649.417221
625699107.104714
516946174.738741
339267958.865399
345401762.060579
398796504.838401
263266715.459879
575023962.979024
410592464.100101
522846122.548838
536695740.51912
339310466.172717
771554537.101044
354424422.987272
378718778.023441
882829798.496501
817079873.146308
403433734.499816
660086290.284682
442606165.672203
577729197.643192
303827877.015492
367002591.263093
574749120.421076
569694816.115743
495051568.195107
366113728.402905
271719829.394607
483004593.421617
308997676.178607
