1.00858
1.01765
1.00756
1.02433
1.02901
1.00472
1.00372
1.01049
1.0018
1.0007
1.00411
1.05229
1.05884
1.01929
1.00289
1.02811
1.02125
1.01136
1.00324
1.00231
1.00739
1.00767
1.00103
1.00102
1.00088
1.0216
1.00123
1.00603
1.00335
1.00359
1.03694
1.0046
1.00304
1.02716
1.0369
1.0039
1.00225
1.00152
1.02212
1.01696
1.01642
1.00516
1.02166
1.00983
1.03167
1.00206
1.0039
1.0059
1.00516
1.0033
1.00388
1.00328
1.00059
1.02412
1.03304
1.01321
1.00426
1.00599
1.04124
1.01755
1.04524
1.00175
1.08775
1.02478
1.0202
1.00897
1.03615
1.01276
1.07886
1.00051
1.02882
1.01329
1.00077
1.00132
1.00239
1.01459
1.04962
1.04723
1.08119
1.0122
1.08764
1.00839
1.01259
1.02186
1.00535
1.00161
1.00904
1.00381
1.00724
1.01397
1.00762
1.01202
1.02499
1.00404
1.00188
1.00817
1.02656
1.01309
1.00617
1.01272
1.00887
1.0085
1.00259
1.02809
1.00178
1.03481
1.00874
1.02486
1.00517
1.00596
1.00929
1.0026
1.015
1.07017
1.0045
1.0031
1.06123
1.0008
1.00533
1.00975
1.0168
1.00732
1.00262
1.07232
1.00012
1.01132
1.0083
1.03091
1.00952
1.00621
1.00351
1.0124
1.00633
1.03186
1.05078
1.03552
1.00569
1.00087
1.01273
1.09939
1.00722
1.01788
1.00206
1.01122
1.01131
1.00167
1.01142
1.02427
1.00497
1.02861
1.0285
1.00665
1.03937
1.00172
1.01547
1.01283
1.00359
1.00339
1.01268
1.00724
1.00125
1.00251
1.01378
1.01622
1.00087
1.01033
1.00172
1.00655
1.00548
1.00823
1.00338
1.08404
1.03246
1.00546
1.01753
1.00747
1.00503
1.01037
1.0122
1.01241
1.00414
1.06233
1.05034
1.00231
1.04138
1.02189
1.05081
1.00244
1.00464
1.00898
1.00296
1.06761
1.01422
1.01384
1.02113
1.01054
1.00117
1.00963
1.00135
1.03478
1.00149
1.009
1.00826
1.05077
1.03847
1.00748
1.01313
1.00141
1.02616
1.00537
1.00301
1.0198
1.01077
1.02122
1.01514
1.03367
1.00171
1.01295
1.00166
1.00277
1.01059
1.00291
1.00346
1.06154
1.01088
1.04748
1.00151
1.00567
1.008
1.0038
1.00286
1.00201
1.00525
1.00212
1.00995
1.05383
1.00169
1.00896
1.00758
1.03855
1.025
1.00599
1.02696
1.00539
1.04197
1.00165
1.0113
1.01701
1.01528
1.00476
1.00075
1.00203
1.00155
1.0258
1.00803
1.00136
1.00038
1.01163
1.02229
1.00451
1.03726
1.00859
1.01295
1.00327
1.00653
1.00023
1.02704
1.03193
1.02163
1.01629
1.0603
1.05696
1.00387
1.00969
1.01622
1.01293
1.00251
1.04897
1.005
1.00555
1.0161
1.02531
1.00333
1.01436
1.00233
1.00351
1.00141
1.00375
1.00376
1.1846
1.00641
1.01918
1.01075
1.0156
1.01789
1.01217
1.03016
1.01807
1.00121
1.0562
1.01095
1.01213
1.02042
1.00761
1.01234
1.00713
1.08548
1.007
1.00874
1.0036
1.00919
1.00605
1.01077
1.0096
1.00309
1.01609
1.00199
1.00049
1.00876
1.01068
1.0043
1.00506
1.00492
1.00389
1.00554
1.02094
1.02423
1.00898
1.00984
1.01504
1.00268
1.00208
1.02569
1.02117
1.00173
1.02558
1.00018
1.00366
1.04119
1.00236
1.00098
1.00446
1.01907
1.01815
1.0034
1.00695
1.02879
1.00236
1.01072
1.00833
1.03208
1.00066
1.0104
1.01577
1.0013
1.00953
1.01338
1.00726
1.031
1.02619
1.00083
1.03213
1.00305
1.00663
1.09255
1.01549
1.02226
1.01493
1.00786
1.00373
1.00157
1.02539
1.01346
1.02478
1.01808
1.01078
1.04809
1.0411
1.00783
1.0201
1.05125
1.02688
1.00663
1.00963
1.03063
1.00395
1.03612
1.00397
1.0034
1.04934
1.00019
1.02675
1.09313
1.01605
1.00861
1.01091
1.0116
1.04729
1.05657
1.00093
1.05937
1.00512
1.00328
1.01439
1.00168
1.00191
1.0406
1.00503
1.00888
1.01276
1.02207
1.00286
1.02916
1.07003
1.04494
1.04725
1.00501
1.00446
1.00537
1.00308
1.12771
1.00828
1.00225
1.00732
1.02003
1.07208
1.01427
1.00012
1.05132
1.00875
1.01798
1.0071
1.00808
1.00576
1.00177
1.08275
1.00511
1.01231
1.01961
1.01525
1.01997
1.00125
1.00789
1.02529
1.06238
1.01674
1.00286
1.0197
1.02432
1.03244
1.0009
1.01426
1.00113
1.02432
1.15257
1.00097
1.00771
1.00449
1.01066
1.00063
1.00164
1.00445
1.00037
1.00112
1.00567
1.00284
1.00394
1.02157
1.039
1.00867
1.00273
1.01003
1.00531
1.0022
1.00178
1.01758
1.02435
1.003
1.00537
1.04508
1.03086
1.00509
1.00722
1.00052
1.00444
1.0063
1.0216
1.05566
1.02044
1.01046
1.00017
1.0056
1.00715
1.00898
1.02178
1.00291
1.00501
1.00248
1.00485
1.00726
1.01703
1.02284
1.0054
1.00148
1.02543
1.0019
1.00938
1.00081
1.00651
1.01112
1.16025
1.00497
1.01986
1.01333
1.01662
1.00735
1.03745
1.00654
1.01796
1.00394
1.03332
1.10911
1.00218
1.02146
1.00254
1.00434
1.01258
1.10477
1.00245
1.06814
1.00724
1.0017
1.00638
1.1202
1.02635
1.00854
1.00524
1.0166
1.00102
1.01527
1.00418
1.03895
1.01885
1.11787
1.00587
1.00056
1.02701
1.00286
1.01163
1.01223
1.02162
1.00044
1.00475
1.00909
1.0037
1.0276
1.00068
1.00818
1.00224
1.01076
1.01421
1.00163
1.00313
1.0089
1.00485
1.0016
1.00482
1.01001
1.00507
1.02581
1.03137
1.00059
1.01249
1.01649
1.00781
1.08872
1.03327
1.07801
1.00388
1.00209
1.00145
1.01888
1.00454
1.01059
1.00314
1.00202
1.00042
1.00833
1.01151
1.08126
1.13156
1.00572
1.0016
1.06442
1.00299
1.00422
1.00919
1.00129
1.01829
1.02039
1.0059
1.00327
1.00151
1.00428
1.01355
1.01923
1.00272
1.00191
1.00036
1.0026
1.00721
1.00116
1.00048
1.00466
1.00193
1.0121
1.02504
1.00207
1.02668
1.01127
1.08538
1.00149
1.0026
1.00228
1.00896
1.00837
1.00625
1.00282
1.08638
1.01003
1.00637
1.00875
1.02813
1.00484
1.01064
1.00102
1.03923
1.01439
1.02921
1.00009
1.01254
1.01663
1.00812
1.00541
1.00198
1.0159
1.00905
1.10382
1.01082
1.00298
1.0487
1.00013
1.06875
1.00098
1.02224
1.05762
1.00137
1.0187
1.02612
1.03248
1.00195
1.02657
1.02994
1.001
1.0017
1.00158
1.01861
1.00156
1.0742
1.00367
1.01481
1.01309
1.11476
1.00429
1.00829
1.00217
1.02323
1.04057
1.01381
1.0012
1.02372
1.00177
1.09965
1.03013
1.0079
1.01262
1.0036
1.09454
1.02588
1.00178
1.00034
1.00387
1.01537
1.01168
1.00086
1.00248
1.00027
1.00867
1.02039
1.06643
1.00326
1.01801
1.01063
1.06123
1.06179
1.10941
1.00625
1.00279
1.00239
1.03017
1.00576
1.04018
1.00049
1.0153
1.01047
1.02705
1.00671
1.01485
1.0008
1.03974
1.00319
1.01721
1.01547
1.0021
1.00619
1.03543
1.00333
1.00517
1.01407
1.00418
1.00784
1.00171
1.00255
1.01388
1.01066
1.00437
1.00587
1.00809
1.00094
1.01144
1.0203
1.00486
1.01208
1.00433
1.01074
1.01732
1.09704
1.01028
1.03023
1.00597
1.00086
1.03763
1.01587
1.00472
1.02657
1.00562
1.00478
1.01672
1.02393
1.01335
1.00145
1.05987
1.00523
1.0075
1.03243
1.01258
1.02521
1.04416
1.03134
1.00293
1.00461
1.00307
1.00789
1.00182
1.00177
1.00333
1.01392
1.00493
1.0115
1.01308
1.01084
1.00962
1.03213
1.00175
1.00792
1.00132
1.01292
1.00224
1.06184
1.00146
1.02277
1.00444
1.00521
1.02184
1.00415
1.04187
1.00908
1.00652
1.00935
1.00323
1.00558
1.01071
1.057
1.0013
1.0024
1.04532
1.01732
1.01077
1.012
1.01172
1.05842
1.00053
1.02595
1.00302
1.00909
1.00964
1.00848
1.00671
1.01509
1.00043
1.01618
1.04767
1.00986
1.1979
1.00211
1.01119
1.10739
1.00972
1.00852
1.01987
1.03036
1.0355
1.00643
1.02549
1.02864
1.00111
1.0043
1.01706
1.00167
1.00824
1.04102
1.06461
1.01197
1.01998
1.14531
1.00053
1.0014
1.0128
1.0392
1.00032
1.00766
1.08198
1.00788
1.00738
1.01427
1.03525
1.00278
1.00723
1.02963
1.01318
1.00273
1.00985
1.01848
1.02133
1.00527
1.00085
1.00902
1.02213
1.00308
1.00362
1.0049
1.00538
1.00428
1.06308
1.00416
1.13974
1.00329
1.00404
1.00478
1.02364
1.00374
1.00998
1.00226
1.01013
1.00664
1.0044
1.01008
1.00748
1.06459
1.00526
1.00417
1.00241
1.02068
1.00239
1.01293
1.05988
1.02758
1.01555
1.00324
1.00224
1.00411
1.03551
1.01016
1.01556
1.03327
1.06679
1.0297
1.00304
1.0005
1.04823
1.02044
1.05121
1.02227
1.00848
1.00248
1.00413
1.01107
1.03372
1.00667
1.07107
1.00215
1.06418
1.01285
1.01979
1.01289
1.0819
1.00299
1.00432
1.00667
1.01237
1.03524
1.00636
1.01019
1.05736
1.0025
1.02585
1.0035
1.02541
1.00739
1.0143
1.00583
1.04354
1.00659
1.00676
1.01667
1.02755
1.00296
1.0046
1.00363
1.00262
1.00274
1.07059
1.00585
1.00121
1.03009
1.02089
1.00247
1.02016
1.01528
1.00207
1.0204
1.01404
1.00352
1.00289
1.00203
1.01054
1.04687
1.00468
1.0018
1.00543
1.06319
1.00248
1.01358
1.00526
1.05407
1.00908
1.04304
1.01546
1.02506
1.01047
1.02292
1.03178
1.02834
1.06923
1.02443
1.00031
1.03991
1.00296
1.03284
1.00294
1.04745
1.00864
1.00312
1.0076
1.00581
1.00347
1.00313
1.00271
1.005
1.02651
1.11559
1.3397
1.07115
2.07987
1.33732
1.41051
1.09992
1.66004
2.05299
1.22042
1.51605
1.34816
1.35116
1.1806
2.35726
1.43438
1.4231
1.04276
1.69683
1.15426
1.57041
1.052
1.19794
1.33296
1.33905
2.61993
1.3447
1.22657
1.371
1.6612
1.32188
1.7799
1.2881
1.52929
1.39396
1.13556
1.11206
1.42141
1.20184
1.10172
1.43503
1.21458
1.06332
1.54112
1.68476
1.26521
1.19668
1.01734
1.03205
1.23851
1.96645
1.01665
1.48113
1.09507
1.11733
1.15657
1.18185
1.11403
1.43146
1.82152
1.34739
1.28005
1.56501
1.31689
1.42875
1.13265
1.49474
1.05881
1.3327
1.01563
1.37398
1.07585
1.13338
1.94421
1.30729
1.07779
1.22854
1.31615
2.21305
2.30768
1.78542
1.64007
1.43213
1.29685
1.40902
1.56162
1.22532
2.68341
1.53174
1.79565
1.79455
1.93924
1.25901
1.14359
1.24617
1.26224
1.13447
1.35933
2.16329
1.15354
1.41375
1.8702
1.79911
1.33907
1.20571
1.16464
1.60769
1.54117
1.02438
1.35183
1.32375
1.95108
1.87056
1.49846
1.76459
1.01964
1.40563
2.1782
1.16214
1.8924
1.5224
1.04
1.41131
1.48824
1.00337
1.07843
1.34572
1.44549
3.02326
1.53418
1.01007
1.15045
1.36928
1.42832
1.1773
1.82037
1.36752
1.23316
1.48825
1.25677
1.31836
1.09305
1.23724
2.42683
1.49692
1.62596
1.14781
1.77798
1.09639
1.17139
1.39795
1.58831
2.48186
1.29006
1.35365
1.42601
1.7632
1.17605
1.2991
1.12471
1.45768
1.02659
1.01078
1.28733
1.16043
1.18092
1.23801
1.08527
2.10963
1.16037
1.66464
1.25882
1.22131
1.06199
1.06277
1.83113
1.66435
1.2206
2.21288
1.28855
1.54227
1.38512
1.98172
1.18506
1.22779
1.91625
1.3133
1.35485
1.084
2.26664
1.02819
1.38296
1.11487
1.38103
1.8638
1.20607
1.03253
1.26476
1.78634
1.11946
1.76168
1.68706
1.30375
1.88579
1.35367
1.298
2.11735
2.08573
1.10545
1.59668
1.03086
1.86014
1.54196
1.27792
1.29991
1.30164
1.34696
1.50318
1.45513
2.82411
1.16071
1.28751
1.92951
1.20515
1.5135
2.00552
2.05942
1.34178
1.3121
1.39007
2.65571
1.43415
1.74581
1.41947
1.80295
1.37265
1.0947
1.46355
1.17975
1.30224
1.30308
1.0838
1.28011
1.04574
1.21132
1.49408
1.04785
2.00915
1.42538
2.10178
1.07345
1.32202
1.4532
1.65097
1.12764
1.09275
1.11765
1.30572
1.39646
1.82422
1.34361
1.32206
2.16937
1.06921
1.652
1.07022
1.13115
1.09365
1.25711
1.90595
1.23325
2.76859
1.05564
1.21399
1.86441
2.17753
1.18323
1.5536
1.06685
1.07173
1.22845
2.03362
1.17751
1.21668
1.43563
1.81272
1.44653
1.37951
1.2774
1.24632
1.19446
1.47159
1.22328
1.33634
1.3979
1.66983
1.99087
1.35511
1.0203
1.28198
1.141
1.14951
2.74367
1.68319
2.15998
1.35918
1.24019
1.48913
1.43856
1.02866
1.49067
1.41483
1.06906
1.31831
2.03665
1.4926
1.46709
1.41785
1.25223
2.59061
1.35088
1.24028
1.49416
1.20122
2.04398
1.4598
1.55612
1.68695
1.3573
1.2065
1.35103
1.03954
1.63468
1.45115
1.08177
1.07823
1.34485
1.06352
1.81166
1.65508
1.01659
2.40259
1.29342
1.66542
1.66579
1.31654
1.29953
1.16595
1.65571
1.66062
1.2806
1.09438
1.4395
1.05938
1.34496
1.25592
1.20387
1.38475
1.47562
1.34958
1.25699
1.58761
1.03535
1.24659
1.19085
2.24811
1.84084
1.19697
1.12269
1.14962
1.02657
1.40328
1.07669
1.22117
1.81717
1.11837
1.55901
1.08939
1.28192
2.65813
1.28423
1.49206
1.13457
1.29164
1.21578
2.33666
1.36953
1.25951
1.8108
1.43092
1.00194
1.48179
1.73456
1.51436
1.17912
1.15892
1.24096
1.2724
1.7568
1.01875
1.55332
1.72707
1.41793
1.89772
1.56166
1.51578
1.3489
1.19537
1.27246
1.19736
2.66197
1.42594
1.29544
1.96608
1.38498
1.27882
1.4052
1.97558
1.77011
1.71507
2.10471
1.29507
1.18594
1.66589
1.19257
2.85244
1.02111
1.00201
1.8806
1.3376
1.21964
1.21096
1.59918
1.33579
1.01784
1.31118
1.63604
2.20432
1.51615
2.12135
1.93939
1.0424
1.40221
1.36401
1.65978
1.34525
1.13505
1.11733
1.25628
1.19252
1.49124
1.17005
1.84463
1.13821
1.73568
1.02243
1.14265
1.53969
1.13255
1.1335
1.08351
1.08817
1.04837
1.06929
1.19485
1.10419
1.34766
1.09683
1.26665
1.36447
1.01227
1.70954
1.63363
1.30581
1.05707
1.47119
1.44653
1.1131
1.27502
1.32915
1.17052
1.29915
1.05447
1.13453
1.73315
1.17164
1.54844
1.24376
2.28506
1.48707
1.01338
1.36446
1.01908
1.32161
1.15493
1.10244
1.10782
1.26827
1.27555
1.17698
1.08046
1.15158
1.29496
1.01716
1.61547
1.05086
1.11319
1.06029
1.18863
1.13661
1.3509
1.24571
1.25463
1.27581
1.80377
1.54676
2.25268
1.27534
2.94711
1.23309
1.51114
1.20687
1.89252
1.84372
1.66439
1.63636
1.28753
1.51562
1.68446
1.37339
1.19934
1.45654
1.27757
1.48282
1.65712
1.52287
1.06219
1.33828
1.05507
1.46355
1.51091
1.41582
1.78388
1.52079
1.94426
1.01033
1.41378
1.06479
1.25368
1.6517
1.83924
1.03399
1.19106
1.21653
1.07482
1.35814
1.03087
1.38821
1.08699
2.50755
1.1829
1.03635
1.45562
1.07829
2.25607
1.02456
1.3818
1.60982
1.36641
1.08436
1.15584
1.2009
1.20993
2.371
1.19006
1.29239
1.28043
1.65134
1.07701
1.35422
1.01756
1.37588
1.07177
1.09032
1.0862
1.097
1.13463
1.19059
2.0605
1.57258
1.75536
1.22765
1.70411
1.51934
1.23224
1.13628
1.78799
1.06826
1.27752
1.22488
1.23287
1.26902
1.64161
1.12397
1.87054
2.35889
2.16306
1.2485
1.00456
1.16485
1.33906
1.06577
1.78487
1.25122
1.02376
1.17207
1.10938
1.83239
1.31571
1.19695
1.57121
2.05776
1.32533
1.6573
1.79015
1.18019
1.25795
1.32582
1.61155
1.33458
1.28771
1.8137
1.99227
1.05852
1.0979
1.02325
1.13338
1.50746
2.20494
1.00048
1.637
2.15126
1.11477
1.89954
1.07653
1.87564
1.25423
1.62017
1.21956
1.35622
1.24571
1.66731
1.90434
1.13042
1.44529
1.28261
1.05305
1.1655
1.88349
1.78503
1.72488
1.29588
1.26705
1.06317
1.05511
1.03099
1.39636
1.04914
1.31227
2.50754
1.91086
2.10123
1.56285
1.54036
1.56531
1.23492
2.57354
1.57304
1.29276
1.30351
1.4601
1.45164
1.15368
1.405
1.94887
1.25866
1.0775
1.26844
1.22422
1.11482
1.01218
1.0305
1.21891
1.63168
1.12187
1.10199
1.00793
1.11114
1.66476
1.39216
1.06108
2.35865
1.17174
1.7243
2.1505
1.26073
1.18592
1.44625
1.04579
2.12896
1.3814
1.20341
1.00647
1.89646
1.41059
1.09981
1.22963
1.55845
1.28922
1.24073
1.10122
1.37107
2.07184
1.02345
1.05748
1.23115
1.41733
1.08218
1.33485
1.01211
1.74564
1.69484
1.14104
1.1448
1.66013
1.06651
1.42648
1.17376
1.44807
1.34272
1.15428
1.2756
1.26619
1.10113
1.57062
1.06333
1.1883
1.10785
2.76191
1.78398
1.15168
1.26164
1.18863
1.93749
1.48656
1.75057
1.11289
1.49236
1.74733
1.28594
1.18408
1.62537
1.23823
1.82681
1.34477
1.11006
2.58114
1.34938
1.63929
1.21773
1.05704
1.23079
1.09272
1.32388
1.99992
1.12261
1.07308
1.49287
2.21639
1.21309
1.14204
1.09281
1.05584
1.07837
1.08194
1.0275
1.3582
1.56725
1.41731
1.01219
1.51863
1.03321
1.40433
1.28615
1.76936
1.24042
2.80597
1.76726
2.25183
1.57372
1.64616
1.14978
1.3637
1.16501
1.32615
1.39945
1.38135
2.33435
1.21638
1.15299
1.40415
1.03134
1.34649
1.24133
1.09591
1.14934
1.30455
1.30166
1.29084
1.02415
1.23073
1.81607
1.09839
1.68948
1.83309
1.44002
1.75666
1.69518
1.0363
2.15073
1.13504
2.23849
1.06626
1.491
1.12181
1.18175
1.73431
1.23593
1.30578
1.2936
1.46063
1.49891
1.46139
2.36817
1.69175
1.31248
1.14835
1.38586
1.32152
1.00451
1.19529
1.26124
1.45248
1.54024
1.3013
1.26807
1.03564
2.20916
1.23983
1.33052
1.1194
1.17
1.59833
1.51319
1.07899
1.00197
2.32216
1.1249
1.48055
1.42732
1.59963
1.38276
1.72101
2.02633
1.72283
1.28878
1.09131
1.68627
1.78435
2.64603
1.24932
1.50774
1.04248
1.14145
1.44964
1.13631
2.22231
1.67515
1.89678
2.13456
1.09095
1.37397
1.21114
1.14961
1.2472
1.19469
1.18962
1.0472
1.30664
1.03287
1.27766
1.75169
1.49904
1.37774
1.46388
1.62382
1.31277
1.12743
1.52088
1.25305
1.80188
1.23522
1.36059
1.31455
1.66218
1.41228
1.54252
1.38804
1.66166
1.45569
1.4969
1.45869
1.05618
1.46495
1.24802
1.49396
1.25329
1.05839
1.33217
1.09238
1.2356
1.09438
2.59124
1.20216
1.03607
1.26095
1.13819
1.09859
1.15345
1.23727
1.0527
1.68068
1.32621
1.68769
1.34301
1.53801
1.03475
1.47337
1.27226
1.41804
1.12504
1.39955
1.3021
1.1434
1.34501
2.07917
1.43952
1.43861
1.44302
1.09181
1.4472
1.27837
1.30964
1.05853
1.41903
1.18878
2.62096
1.02193
1.04324
1.44178
1.62519
1.57633
1.08744
1.27526
1.26446
1.62646
1.823
1.14228
1.34042
1.18544
2.77573
1.46852
1.5938
1.42749
1.07236
1.03237
1.62553
1.37797
1.41193
1.28805
1.2044
1.12521
1.14507
1.18005
1.71875
1.0769
1.24298
1.19937
2.78226
1.42114
647824000.0
341000000.0
638439000.0
253167000.0
272907000.0
255845000.0
619058000.0
216398000.0
213831000.0
400057000.0
362897000.0
454209000.0
418337000.0
404221000.0
173876000.0
258845000.0
250695000.0
637552000.0
133891000.0
647478000.0
256307000.0
614187000.0
343409000.0
226049000.0
180238000.0
185747000.0
382822000.0
477151000.0
276560000.0
208205000.0
400818000.0
139261000.0
435473000.0
330303000.0
323586000.0
643115000.0
612877000.0
289876000.0
408906000.0
430716000.0
414734000.0
483846000.0
571968000.0
363524000.0
282483000.0
415938000.0
635001000.0
592646000.0
773062000.0
446127000.0
196577000.0
603622000.0
376791000.0
502591000.0
480898000.0
430233000.0
390176000.0
565895000.0
286589000.0
239933000.0
234182000.0
274370000.0
278872000.0
453038000.0
427267000.0
423460000.0
372062000.0
519896000.0
326831000.0
816870000.0
391237000.0
657311000.0
530652000.0
150202000.0
328412000.0
569221000.0
392094000.0
256067000.0
193605000.0
142995000.0
310935000.0
275099000.0
260540000.0
512069000.0
469231000.0
262148000.0
363227000.0
176074000.0
327722000.0
256478000.0
206090000.0
194029000.0
437615000.0
577418000.0
399200000.0
396694000.0
432014000.0
324572000.0
182590000.0
434444000.0
374579000.0
211476000.0
219036000.0
493842000.0
464870000.0
399987000.0
217734000.0
281372000.0
728064000.0
455152000.0
542657000.0
189372000.0
316585000.0
365571000.0
304176000.0
696977000.0
282251000.0
185978000.0
581082000.0
210247000.0
366194000.0
633766000.0
297299000.0
286374000.0
778223000.0
541533000.0
438995000.0
284493000.0
152109000.0
250407000.0
670368000.0
438967000.0
440620000.0
267612000.0
460409000.0
234828000.0
471609000.0
465856000.0
310974000.0
291669000.0
468154000.0
565867000.0
503128000.0
177432000.0
174236000.0
332537000.0
532153000.0
204979000.0
754294000.0
486395000.0
393177000.0
333203000.0
154837000.0
297511000.0
347060000.0
308203000.0
241874000.0
524138000.0
287966000.0
339968000.0
321573000.0
676224000.0
697339000.0
469034000.0
453869000.0
386341000.0
395002000.0
648875000.0
178162000.0
501304000.0
302276000.0
325339000.0
318087000.0
713507000.0
573216000.0
281162000.0
250663000.0
640082000.0
162520000.0
321050000.0
274198000.0
268213000.0
167568000.0
378160000.0
424008000.0
208379000.0
272577000.0
195555000.0
478151000.0
180646000.0
758189000.0
312672000.0
642992000.0
201569000.0
206806000.0
478644000.0
848779000.0
516836000.0
229908000.0
325273000.0
148069000.0
280407000.0
240784000.0
255955000.0
293606000.0
508495000.0
201260000.0
185133000.0
552597000.0
384537000.0
701702000.0
218457000.0
254036000.0
295012000.0
244684000.0
334385000.0
379864000.0
329494000.0
243756000.0
151568000.0
611051000.0
268483000.0
168198000.0
371748000.0
417550000.0
209559000.0
302902000.0
382707000.0
426592000.0
364153000.0
165941000.0
233912000.0
242637000.0
311803000.0
147569000.0
162507000.0
529223000.0
344198000.0
336904000.0
313007000.0
392052000.0
594111000.0
346185000.0
701627000.0
510847000.0
309584000.0
648104000.0
179021000.0
389424000.0
211217000.0
665923000.0
427932000.0
362800000.0
183205000.0
683423000.0
590513000.0
605124000.0
271726000.0
424616000.0
236639000.0
280549000.0
164032000.0
212149000.0
693277000.0
246874000.0
713548000.0
636777000.0
545522000.0
525303000.0
168114000.0
398573000.0
183350000.0
659758000.0
614766000.0
212465000.0
135698000.0
677606000.0
278249000.0
628318000.0
680947000.0
332625000.0
259983000.0
651803000.0
572673000.0
317886000.0
251553000.0
425610000.0
508421000.0
459525000.0
273338000.0
503991000.0
453969000.0
468181000.0
339271000.0
251174000.0
240484000.0
193111000.0
209745000.0
719345000.0
384736000.0
502724000.0
589091000.0
176073000.0
198807000.0
231016000.0
254580000.0
422554000.0
298623000.0
293208000.0
746031000.0
396974000.0
313398000.0
716613000.0
465871000.0
189168000.0
319668000.0
462705000.0
402937000.0
327880000.0
177580000.0
415430000.0
188854000.0
368156000.0
607303000.0
212585000.0
433094000.0
335594000.0
231128000.0
340978000.0
539363000.0
242245000.0
654530000.0
331613000.0
247797000.0
715730000.0
565334000.0
309872000.0
724196000.0
280274000.0
213308000.0
771885000.0
178620000.0
325520000.0
273215000.0
295693000.0
302694000.0
260583000.0
569284000.0
204783000.0
232271000.0
363942000.0
691345000.0
401974000.0
616610000.0
344604000.0
413461000.0
415149000.0
338993000.0
269189000.0
447259000.0
476151000.0
206545000.0
750011000.0
515213000.0
229543000.0
196886000.0
258248000.0
457717000.0
428197000.0
507060000.0
729923000.0
215416000.0
551214000.0
520205000.0
180965000.0
516938000.0
220709000.0
412052000.0
235211000.0
181087000.0
375914000.0
358171000.0
521979000.0
443699000.0
378851000.0
161523000.0
416681000.0
507496000.0
149641000.0
354616000.0
851801000.0
303087000.0
224097000.0
217127000.0
576772000.0
649998000.0
272343000.0
403098000.0
243123000.0
778479000.0
256595000.0
189622000.0
345905000.0
261859000.0
241458000.0
224119000.0
446156000.0
223004000.0
503554000.0
535078000.0
180021000.0
435457000.0
269621000.0
222491000.0
305165000.0
410900000.0
237904000.0
248469000.0
154924000.0
231119000.0
171655000.0
531524000.0
427063000.0
259538000.0
382591000.0
150850000.0
490508000.0
886463000.0
230916000.0
333291000.0
458962000.0
540281000.0
387291000.0
450592000.0
640126000.0
388289000.0
320596000.0
216597000.0
257793000.0
203535000.0
260699000.0
638188000.0
431143000.0
363227000.0
243094000.0
417918000.0
629541000.0
490123000.0
329534000.0
287845000.0
186400000.0
658371000.0
344472000.0
451433000.0
269850000.0
776774000.0
569721000.0
272685000.0
527568000.0
657556000.0
672298000.0
557473000.0
664614000.0
554664000.0
293783000.0
686609000.0
452389000.0
452928000.0
323206000.0
277137000.0
751952000.0
267074000.0
343989000.0
395207000.0
663683000.0
396727000.0
307291000.0
676606000.0
587793000.0
332346000.0
325946000.0
443198000.0
533495000.0
559832000.0
250786000.0
553181000.0
409124000.0
343372000.0
250396000.0
216725000.0
822971000.0
452239000.0
673350000.0
427287000.0
467311000.0
520274000.0
719974000.0
464979000.0
466242000.0
563271000.0
450424000.0
190557000.0
485304000.0
844575000.0
288100000.0
671144000.0
587687000.0
646796000.0
507287000.0
575896000.0
236237000.0
593846000.0
426361000.0
424682000.0
285730000.0
198167000.0
164734000.0
305416000.0
167315000.0
425850000.0
210273000.0
212119000.0
272321000.0
257104000.0
315431000.0
281607000.0
542814000.0
269367000.0
251699000.0
404381000.0
557417000.0
226361000.0
606727000.0
264313000.0
263265000.0
272008000.0
759714000.0
449609000.0
619093000.0
363508000.0
355616000.0
308288000.0
204622000.0
209855000.0
243105000.0
825851000.0
234203000.0
573194000.0
301902000.0
312467000.0
227802000.0
719913000.0
510558000.0
456748000.0
601623000.0
378648000.0
769749000.0
339955000.0
496485000.0
211575000.0
587814000.0
692791000.0
433313000.0
721090000.0
158473000.0
625475000.0
407725000.0
359067000.0
214028000.0
411997000.0
432373000.0
457427000.0
430090000.0
157522000.0
585258000.0
294484000.0
280326000.0
170641000.0
458785000.0
453993000.0
862370000.0
459752000.0
649048000.0
698219000.0
547113000.0
467448000.0
477864000.0
436975000.0
186874000.0
281943000.0
191836000.0
486753000.0
192878000.0
301694000.0
344921000.0
622329000.0
204098000.0
703461000.0
308750000.0
461517000.0
408548000.0
528340000.0
327393000.0
378892000.0
235654000.0
205414000.0
209470000.0
383738000.0
844937000.0
460805000.0
408070000.0
793420000.0
218782000.0
444235000.0
670263000.0
451986000.0
495919000.0
227536000.0
338970000.0
621562000.0
310582000.0
269335000.0
428206000.0
179348000.0
245946000.0
484160000.0
205052000.0
328849000.0
294442000.0
344907000.0
277658000.0
257173000.0
269905000.0
500377000.0
524118000.0
752554000.0
487886000.0
275760000.0
241130000.0
788355000.0
267377000.0
168438000.0
475146000.0
220104000.0
500844000.0
293192000.0
509257000.0
205812000.0
441270000.0
375085000.0
334400000.0
232880000.0
206781000.0
372787000.0
277062000.0
247949000.0
544084000.0
465899000.0
229183000.0
257227000.0
338004000.0
421999000.0
346571000.0
725139000.0
811929000.0
761677000.0
409325000.0
562267000.0
355217000.0
170318000.0
254356000.0
207995000.0
248244000.0
364953000.0
246058000.0
597245000.0
174589000.0
216028000.0
294063000.0
348089000.0
271058000.0
275872000.0
333265000.0
260655000.0
265298000.0
209282000.0
698356000.0
231278000.0
493381000.0
727290000.0
739210000.0
668691000.0
268803000.0
334426000.0
583708000.0
589554000.0
790283000.0
444176000.0
217786000.0
230643000.0
702490000.0
208684000.0
489067000.0
320278000.0
159616000.0
281766000.0
251836000.0
312348000.0
625220000.0
173435000.0
417126000.0
260671000.0
865756000.0
272346000.0
254545000.0
485394000.0
523022000.0
234219000.0
554821000.0
421222000.0
567687000.0
361189000.0
220551000.0
633793000.0
531299000.0
426537000.0
400419000.0
715028000.0
334809000.0
734155000.0
306787000.0
192963000.0
449555000.0
486908000.0
257994000.0
652270000.0
424593000.0
587813000.0
277396000.0
388638000.0
314233000.0
372308000.0
349608000.0
717509000.0
177199000.0
417485000.0
287452000.0
588741000.0
146811000.0
220476000.0
399754000.0
385330000.0
488024000.0
219001000.0
406074000.0
288800000.0
515911000.0
275265000.0
299855000.0
501798000.0
542889000.0
304470000.0
570283000.0
153426000.0
328631000.0
544883000.0
171823000.0
336191000.0
223764000.0
485518000.0
486280000.0
306202000.0
735767000.0
416953000.0
296640000.0
651308000.0
408143000.0
352927000.0
161008000.0
403579000.0
663919000.0
518568000.0
521620000.0
504969000.0
680878000.0
737552000.0
289433000.0
258203000.0
313376000.0
807971000.0
270125000.0
674758000.0
310842000.0
432439000.0
289662000.0
377411000.0
149758000.0
237303000.0
175303000.0
347531000.0
174781000.0
536401000.0
360957000.0
450436000.0
283669000.0
231287000.0
334777000.0
208343000.0
588204000.0
614141000.0
273381000.0
827946000.0
397441000.0
389977000.0
482323000.0
479523000.0
381080000.0
244229000.0
329088000.0
861931000.0
223900000.0
224766000.0
528951000.0
257479000.0
230180000.0
305629000.0
187599000.0
370919000.0
578696000.0
230362000.0
322507000.0
179740000.0
717477000.0
269836000.0
355742000.0
554225000.0
231016000.0
384658000.0
356656000.0
245238000.0
252720000.0
307618000.0
384465000.0
208237000.0
252468000.0
498938000.0
481220000.0
435372000.0
293508000.0
831940000.0
570190000.0
334489000.0
322502000.0
378868000.0
353761000.0
391538000.0
792392000.0
194586000.0
360736000.0
363081000.0
637237000.0
550197000.0
318307000.0
332318000.0
692093000.0
774518000.0
167870000.0
501096000.0
303607000.0
335902000.0
336878000.0
231140000.0
254953000.0
218688000.0
273581000.0
247023000.0
698080000.0
322813000.0
253185000.0
189199000.0
340871000.0
347391000.0
708604000.0
649016000.0
324407000.0
467435000.0
172556000.0
293778000.0
319367000.0
255805000.0
653555000.0
282165000.0
389084000.0
552673000.0
473683000.0
368442000.0
458657000.0
470665000.0
407294000.0
646606000.0
339797000.0
397649000.0
298856000.0
158681000.0
329808000.0
234309000.0
418139000.0
592071000.0
190172000.0
330866000.0
306719000.0
345522000.0
377730000.0
413408000.0
324028000.0
256024000.0
399466000.0
355797000.0
284607000.0
392527000.0
247247000.0
240708000.0
494646000.0
409934000.0
508698000.0
249873000.0
386026000.0
652315000.0
429922000.0
606617000.0
523054000.0
531846000.0
163526000.0
454733000.0
758188000.0
468660000.0
369388000.0
509144000.0
355037000.0
614925000.0
609385000.0
202146000.0
407328000.0
355868000.0
456080000.0
197579000.0
626542000.0
242070000.0
412676000.0
316326000.0
625220000.0
355635000.0
426623000.0
550708000.0
260943000.0
212744000.0
363895000.0
255227000.0
346629000.0
656645000.0
463848000.0
246604000.0
430211000.0
479640000.0
253562000.0
398723000.0
157848000.0
676878000.0
619220000.0
396735000.0
226907000.0
423039000.0
749299000.0
334929000.0
267984000.0
346578000.0
245833000.0
493323000.0
477951000.0
408144000.0
188018000.0
342464000.0
252941000.0
296469000.0
433894000.0
700296000.0
243617000.0
331408000.0
230496000.0
417591000.0
345219000.0
457996000.0
582005000.0
546368000.0
195190000.0
673355000.0
512798000.0
659881000.0
141603000.0
379388000.0
710880556.65196
577557833.804349
741865880.270437
422234304.423092
356814911.488627
429474399.391136
699135398.502601
373470712.195601
335493093.333493
493049036.567017
649732811.033775
300106325.876473
287853911.071409
501571995.948523
454385330.107609
497459296.870431
381579130.541885
342264135.278099
207243690.007371
350617500.286425
441794695.56455
718581412.96895
548142936.288184
284768987.147095
200231751.898026
242361429.152474
560606511.276881
645568127.456416
382297030.121956
354622595.644763
542238784.601534
158689358.972054
670422790.252597
269782799.816992
556747894.559177
354200481.187392
320067495.334349
251711075.509737
650008834.063824
575103650.445492
305310916.716023
746585909.352214
690396804.083482
587569973.421405
484671487.43566
274507673.536585
367701542.358365
676759989.642886
792267537.362469
615969113.408879
302389211.357928
603562065.765311
450818117.320047
276792399.156231
567628986.65761
630721078.229749
299997698.422463
697012929.870125
459764237.355912
498308800.482779
365320459.699482
466137797.298623
563083459.202793
656545614.778847
602888807.774099
291942015.860005
265648691.308452
285652092.685556
489228335.790307
377760468.259711
302476178.314244
355303314.215883
690436770.290658
405461034.260002
610957369.640394
652750641.689896
484305118.416994
414323630.507465
444855644.303165
329259244.499493
388043047.077787
407007248.136008
458298269.23596
330632555.546475
632788432.947267
512617587.603956
603782805.959498
374633275.795008
600389540.138611
530728101.697386
369466268.609266
482062361.908801
493297588.865945
651221364.827558
576195290.83736
440485797.073069
263178379.025975
405625091.988806
508603211.530538
612060424.359571
582318392.852755
307093896.059772
341738696.233403
595401567.411502
592880354.682343
469523643.727749
355875365.948204
430589417.567138
766497153.963938
586201176.845066
655549953.568078
445530393.612214
629610679.064839
578312902.59373
433067238.717734
761055619.00255
503937639.865764
504327125.130297
721841241.83016
310177756.200288
640303710.362946
360185854.004052
618026910.634945
447350412.175399
347726665.937684
694666045.996082
677871881.59069
342824069.674469
483655511.619672
465656144.54978
753227714.990101
657849575.998543
538024533.185993
377536749.931737
267200004.296863
474181602.550424
299595387.161546
745761775.204026
455391182.371005
470787857.588607
553339222.003037
674159803.127731
632965870.531539
236656163.046841
283307089.803221
443131951.336655
643010053.938681
487519611.249611
761295945.966048
500204077.277945
474325611.062533
542340233.60638
408158555.934174
522465037.047486
278704708.562195
565683136.207521
520161012.569099
718030842.403777
423834293.943867
430520349.053756
626175836.985215
340489085.511799
357248472.623251
593416161.194192
600355132.277092
406575342.655188
547136787.725784
700654302.158448
235043881.305121
666401829.05282
498316713.299237
488337777.632463
392904560.633036
774185026.425331
643873964.185734
502741422.539247
443915946.907983
370192700.10841
462693544.92615
418446717.250992
252719318.884422
398962278.62065
433303653.29328
300277644.207531
553859050.926602
499075159.495755
337699541.826077
354003155.05628
523782843.208284
502938933.294768
826244256.969445
457572979.624957
778532493.2023
527168925.549936
475580890.63653
565804185.653506
883728188.372827
711262154.945671
267993200.523327
487308211.05762
455644023.0733
449954700.07956
525324194.598806
259212384.539842
553569174.651028
721218786.4256
252569116.778486
523886152.48336
634120409.232048
640442442.109226
342759470.124095
343427022.910929
487767562.596704
262942708.484609
549339796.408703
611957919.869234
578957767.088273
548963439.585868
346292553.323477
230952243.148759
358504068.014764
582233636.145171
291826699.964541
372904449.230905
697542325.99392
329453309.413416
487960861.283494
598097966.782979
575668226.633101
602420181.183502
225166681.318805
548295237.343763
488052421.657202
521863587.541835
334386717.162467
400408306.817762
716083308.726228
670062254.362248
296076337.254004
500309833.236521
418166221.316103
790136473.05055
582616859.635709
730785010.771565
677628806.765981
374425902.195698
656510289.215619
446111451.630865
474238868.753551
351241593.788607
319109908.291587
630285925.444158
586463571.901037
393581068.218375
818685632.368133
757184880.545165
763321252.222855
445292728.065829
312015402.252968
416072674.645371
421297159.223064
237735036.386233
402101652.564782
726044301.84246
575890588.720784
788807921.935112
672859644.655082
582011960.908213
679633786.703024
253416532.142412
476365836.710807
206982304.218518
366143699.683349
369659962.873302
258924495.62458
189831867.880037
369330670.232278
558861946.908871
690758014.429692
358650054.105238
560252333.412851
394613343.910452
812493350.582729
659998135.88909
438093269.792516
344600590.806389
324476771.245292
313311257.092961
631752923.771266
422577689.172073
642650512.589488
588558206.622456
321265925.960556
363601127.816246
446632788.793311
446895578.594824
403990419.251849
384009002.872925
737520653.64872
411277463.994538
634673257.69377
749146487.362336
284159108.09725
407800859.763237
550075373.521241
364540641.348115
467948041.897978
383675319.248031
370431813.249595
372014226.392515
636872244.570399
512808894.468451
797824294.300452
642718111.212234
242664301.977396
536825921.236145
629512594.528882
414214423.30434
576699232.142137
436708967.835339
683534126.085813
394032563.552441
560216248.001186
749191152.532184
441506975.396857
646984108.978994
548018357.314322
344331080.604963
300303591.524013
680176030.218745
573065552.092993
733752172.185525
269366751.648361
245196249.839585
852058383.102587
316496584.744233
587361172.21287
367830643.858826
349480002.408849
384462763.470144
855020101.680698
468518718.882214
448798362.341022
440368726.893013
343264660.082958
601359641.179308
424403704.524936
344969811.834246
452351218.154697
505283536.530975
529161553.63899
786844213.830498
474479289.4457
755047950.539694
507156889.102478
609716085.253984
579573471.494889
291764018.478565
234229089.859397
284547046.262555
633706803.092713
321597756.140174
807738251.027923
593484453.857079
491248818.463756
367925082.769525
518526249.804795
602314229.818878
550428693.408538
632510674.960294
759726277.655144
509681980.557112
740070725.153874
305508110.868928
299740413.9766
284740757.612839
419142128.490734
511005799.990504
537841201.79428
453316271.988042
558414714.738997
626828400.335277
621497638.676238
547500505.654957
443201164.113601
354858697.213197
295403359.760697
729117947.601466
204917842.067901
527630743.631462
852786529.808898
504051689.698042
393281760.685668
364671273.868714
646450162.872993
355990045.935126
406766449.914981
280663941.474282
342824322.974991
383029163.2462
443792288.405842
478813637.131534
403481494.095778
600817736.357725
259062544.910674
554989349.515699
537687996.641019
296136075.0413
750467093.037477
683913431.951076
364842028.930457
692219332.957542
357812111.551323
393182312.288289
596971964.300605
410632246.774761
269235758.04078
597605676.702207
379764837.158581
530806111.183013
285400520.277883
573072285.789021
668439718.550712
544509015.957809
517029559.4565
335104748.081374
561848665.854199
395448803.117395
454446742.641752
469302657.3973
596644506.63355
658716235.368821
645526252.546375
618408956.561746
296725640.454514
459541137.531266
586559196.59905
328691634.178671
415081711.494093
435263548.807889
577810353.87607
338606280.125409
528864295.148207
565769282.238353
470400594.273002
556294009.130641
835725834.378141
702967715.67089
592975576.492128
459695261.938687
292533374.648846
363790697.654076
433139440.181286
548741039.526562
393448664.30284
388572162.760432
312150461.301639
509708756.745595
658896547.445661
363988108.925704
797276958.407878
640649714.6129
830646174.894005
337655590.022952
569645744.228022
375719420.310921
331929485.894
536800784.061639
487870542.893015
493952584.477924
345970309.464393
463074126.643039
493713999.747046
600696594.566563
761571952.967637
467077530.251261
472681532.582565
354947059.76246
363728500.326056
434186876.565781
424143463.617443
329594135.399329
579896814.541825
700478838.289454
432926042.328948
752594924.083413
562845907.246355
362539231.697475
440676227.833006
466660831.104496
393616882.304422
658290079.117456
324722653.865555
317604250.670798
533180414.868097
623994354.288525
816552216.752742
586123461.90274
661920213.551158
723525392.133539
535232623.367346
410047463.125799
673327063.125039
865965358.353755
476397813.767853
363259594.526968
361718749.479487
358002214.137086
621163194.234799
635928824.322753
313005297.007133
732972170.24148
654306585.736375
560006613.329295
357364475.805756
449297370.134188
339738732.932255
507181481.883017
332201607.363866
545595663.923325
357685735.766686
425360924.159516
606499484.425325
316702749.15626
606466679.032352
335662709.894783
776994865.242629
407222815.887352
482144064.656505
488222938.236003
320964247.064088
566723128.456814
360734951.21929
431854464.669331
490601083.888566
482971125.78709
392100909.749102
581096618.02185
679819528.97497
575063958.221336
636611060.827646
569302262.121049
304639644.381867
300705392.42536
547288868.303528
835112651.568518
439781587.942282
669350777.454382
454539151.582083
354930919.139306
492415669.526432
330993823.706766
653124015.766292
585766652.933482
345325659.643347
614347568.865414
370201161.472474
446421086.755909
280839528.641281
334546281.762139
666085554.298226
847197422.428524
312981371.459677
375261176.019838
266715433.164089
690387656.38739
597380054.402747
432321481.691194
474161795.22804
532006908.689504
548812808.558146
669610986.438853
610336227.012545
306425874.488629
760885833.287493
383111818.765409
472686854.057733
398926515.255699
473876265.416576
597212266.802379
396044055.565035
288668252.216695
780057092.118658
836902814.851734
727952275.874939
653799673.14977
297129315.899385
650112970.792598
556073547.570263
458160025.324986
326044691.208551
340378934.768143
385087420.665592
258781205.054723
392436183.803627
327433477.88552
413606402.465832
384220625.3279
519711237.647906
311493201.600477
647628150.061225
338627699.250132
408989805.641822
650658356.122429
358243964.247419
232765203.49304
340178467.647515
488557592.141777
377238828.173481
708556335.945807
687338726.821855
854146408.220227
282290939.435792
655274921.056996
321178912.859964
245198202.433313
624345066.245479
332538006.89242
548933481.577513
712706476.714293
548080181.574753
474263117.500455
651716023.466981
293462480.966711
534340563.55569
738581620.951196
369128792.145363
515681988.471682
447655168.809436
521924437.37276
471213451.456645
338988594.32854
554979048.77919
703442761.089521
533829853.943221
854503886.182954
268164101.994652
499564345.831518
254522713.040314
350801122.596472
334753927.920601
296574719.857337
697613479.890402
467303804.318047
630890131.304237
276150419.92263
641465707.976101
473930197.687778
594847948.031625
560422851.505912
487249148.402287
408919934.379023
525026053.605292
695834014.535635
456921126.760617
461120241.146149
580562242.139038
554261983.362062
408702185.50787
492976071.283044
622851751.743042
284957893.74561
415697373.640694
393389905.422096
849378502.187777
371722775.266138
584086226.42788
759413056.392538
544194180.025778
502873078.764657
581332897.527824
414354792.729332
353408562.894139
670651889.818053
241164780.02102
806725847.732481
444508818.095855
310954010.126314
496382177.924218
583970191.409009
385797668.885601
577373311.648651
234248431.393679
247207128.300796
348124572.286663
243432133.755274
362196028.256149
364301036.574758
581262533.789308
807559635.890511
760376871.771753
339459154.677883
526747766.30934
608488764.202015
365776185.504679
716491166.961524
361307426.033591
542415365.423247
272627592.594105
432355524.242479
383711478.244473
528073625.952185
305991262.157603
589225622.706641
501450867.715788
423469579.880554
553746682.844306
412405990.279531
646179241.408622
293841955.077266
626881893.421374
309600287.634344
871737873.802398
463885866.160539
558584094.195086
585649768.52134
628672107.496654
386401604.481684
727781583.798373
443176447.95528
664822197.378426
523983584.28646
545317183.661233
666236524.379351
690756765.517693
282216132.962111
500920603.0222
749149659.014975
444223875.494767
764434399.630967
560664103.786032
463543224.756653
672329681.180875
263829596.176271
457434280.980482
725801660.579211
506318965.59373
766153820.341389
453685170.570851
514146176.092301
243572209.920735
291100076.129475
421256298.150767
373240672.866906
229763777.024574
448468137.015773
368093133.122553
729230297.334511
183645448.033534
237581993.620269
635351611.072839
652300681.714276
603912495.173211
247034902.127626
687248007.068045
375658709.494817
679956237.210083
502644850.885907
495705642.515265
346096510.802103
757599745.534064
357419810.284033
722388038.76125
390790288.218016
517542118.669858
679335484.880555
340889656.441715
259429802.958541
451533150.019806
574472377.953554
684231522.663251
252305459.621903
775897473.483829
644038900.259427
508953088.452731
339778954.354452
408158137.709566
577578873.713575
241440454.357423
536388329.886534
695347621.647163
640682026.964533
656794480.399594
538093460.638828
776971004.581898
336816812.216959
469989563.650464
529839080.341166
389295108.032659
841116408.757464
246046957.887215
711703212.077734
434031012.065693
614768864.744213
542548894.105828
512158447.571051
230270668.847845
391847683.021649
485289935.334073
294799636.233147
309419014.058592
276295041.560709
421650895.826959
329358328.624478
329987287.583603
505476168.38655
537134765.889856
338366251.150031
763867152.973086
344682230.932867
363688038.952726
833975124.682663
271742457.158614
679376841.38514
712937607.255702
640413142.089292
545271567.057275
556992225.293556
475784155.76202
871409449.029936
469629173.879175
488741525.077273
705819882.716773
398086910.314705
341335932.166156
393522918.505091
372674781.755689
580440397.07364
306412727.945161
273859981.202245
420612442.31028
444831108.877324
743482346.082625
530487991.104599
228180441.226507
355433374.179464
478118061.293276
503801379.516464
538838478.303462
485493025.000826
439010092.845441
456498140.004518
654908185.24912
418876411.957574
343350858.825627
508228481.980888
323955194.991577
286680087.808966
492795383.281631
382030947.497969
314957447.407576
529461198.727259
578933554.893574
607179273.811493
610459554.565788
269574766.735946
890188026.926188
434408239.69985
485281197.77916
593064312.592804
651302886.169464
621943763.731194
567833514.061629
587161851.40842
824707192.199822
791272284.171092
431910868.194297
587489988.150826
640410118.482507
625328290.818856
456045191.098737
503872471.651845
254529277.645978
488338668.812775
447957733.723506
437295053.545754
374153787.593873
461011288.29829
274787337.990355
373175634.306975
388841912.175128
543879924.661303
805837021.559852
839032925.025024
609879855.961093
296744731.228759
413202463.673818
459993764.055834
519577734.161976
481546328.563176
756380966.307651
448503837.789825
671772028.563968
710808014.113678
335243315.784499
589722989.135423
289493358.520943
573409412.970347
583618583.315064
740334321.953994
536511975.367891
320391982.076882
581825869.860987
492788304.425603
329797608.338214
481811923.502442
672751221.420901
340765076.771386
277594990.12378
226431621.366227
427413311.869108
448072973.004071
572818475.819112
698314577.476277
369780625.25618
442463326.420193
628874126.871101
300663434.910012
562546903.086708
487703144.403258
374083315.601331
356746801.620728
612324598.369855
483498368.410955
292829313.788007
226926571.445768
451845072.615179
786917011.322713
732047534.7891
300373473.464262
593792716.219369
625186741.701131
428717438.05839
583085561.423535
393099770.319863
591924205.50102
548216811.194089
517259555.282826
481466474.371514
828613397.731298
751431370.343787
448729058.213364
606912696.841741
527329081.316204
497386350.449814
328438010.967684
693921566.904037
516655557.420487
547284134.795916
512375312.493349
745986681.786766
616446799.206737
609729725.694329
635265340.830784
484986989.775588
341754533.624424
534263256.600774
296451596.226172
600185286.998748
367306950.320492
693751980.946589
529396763.589711
712723592.004194
267851338.831861
348285037.780726
681857797.959625
343041931.43442
328499050.883196
342007162.260086
282982154.488533
474684916.788456
555254183.242435
853658473.222658
497145875.27462
467791874.981139
447908998.156988
398280441.641188
288720607.150268
675022522.141987
607436768.786466
254714236.005158
545117428.75342
422272676.142313
406874256.123766
459326650.06673
356528059.777307
283152818.087349
279298091.431229
439325253.887704
436126333.231111
491713671.78531
542236462.115335
348499811.236891
605722655.100316
298156095.890592
772610277.853929
700593299.481018
380047021.989227
498279951.958038
566077855.134856
