0.692058
0.692058
1.16367
0.990706
0.837885
0.94511
0.86777
1.183
0.997955
0.927492
0.878258
1.01296
1.01296
1.01785
1.05011
1.04075
1.0259
1.00851
1.03055
1.01846
1.02413
1.0417
1.00472
1.01139
1.01496
1.00694
1.00877
1.05886
1.01938
1.01053
1.00875
1.0014
1.00057
1.04524
1.03762
1.00296
1.01162
1.02809
1.00658
1.28176
1.02039
1.03536
1.01291
1.04232
1.03477
1.00042
1.00059
1.00017
1.00034
1.01721
1.04915
1.00047
1.03065
1.03014
1.02837
1.02309
1.00042
1.01537
1.02243
1.00814
1.01795
1.00027
1.00669
1.09531
1.00128
1.01462
1.07658
1.03037
1.01877
1.00013
1.01021
1.00042
1.00008
1.00041
1.01604
1.02468
1.00034
1.12538
1.01682
1.03111
1.00031
1.03385
1.00496
1.06587
1.00019
1.00043
1.00826
1.00014
1.00399
1.00028
1.00727
1.02375
1.00516
1.00027
1.01953
1.00062
1.0044
1.0218
1.13196
1.04678
1.02307
1.00075
1.00212
1.00028
1.00026
1.00613
1.00605
1.05195
1.00025
1.0053
1.02887
1.00026
1.00084
1.02937
1.06688
1.00689
1.02254
1.02558
1.00029
1.01664
1.0709
1.03078
1.05193
1.00985
1.05324
1.056
1.00529
1.00994
1.0009
1.02287
1.0323
1.00033
1.01924
1.00506
1.00555
1.01187
1.01421
1.00022
1.00021
1.1466
1.04291
1.00038
1.13421
1.0534
1.06495
1.00052
1.00043
1.00042
1.00045
1.05397
1.03357
1.01566
1.03056
1.00038
1.00022
1.00093
1.00034
1.00242
1.00026
1.00036
1.0591
1.01697
1.04058
1.02383
1.02601
1.02195
1.00482
1.0176
1.02555
1.03373
1.06659
1.01288
1.00011
1.03914
1.0038
1.02182
1.00021
1.06091
1.00661
1.00023
1.0137
1.02208
1.01229
1.0012
1.00047
1.01203
1.01977
1.00037
1.01099
1.00552
1.00867
1.01597
1.00108
1.00652
1.01068
1.00055
1.05885
1.00037
1.03721
1.0364
1.01225
1.0001
1.00336
1.10466
1.00029
1.00025
1.01304
1.00059
1.02489
1.00033
1.03709
1.03223
1.01107
1.03791
1.01296
1.01296
1.01785
1.05011
1.04075
1.0259
1.00851
1.03055
1.01846
1.02413
1.0417
1.00472
1.01139
1.01496
1.00694
1.00877
1.05886
1.01938
1.01053
1.00875
1.0014
1.00057
1.04524
1.03762
1.00296
1.01162
1.02809
1.00658
1.28176
1.02039
1.03536
1.01291
1.04232
1.03477
1.00042
1.00059
1.00017
1.00034
1.01721
1.04915
1.00047
1.03065
1.03014
1.02837
1.02309
1.00042
1.01537
1.02243
1.00814
1.01795
1.00027
1.00669
1.09531
1.00128
1.01462
1.07658
1.03037
1.01877
1.00013
1.01021
1.00042
1.00008
1.00041
1.01604
1.02468
1.00034
1.12538
1.01682
1.03111
1.00031
1.03385
1.00496
1.06587
1.00019
1.00043
1.00826
1.00014
1.00399
1.00028
1.00727
1.02375
1.00516
1.00027
1.01953
1.00062
1.0044
1.0218
1.13196
1.04678
1.02307
1.00075
1.00212
1.00028
1.00026
1.00613
1.00605
1.05195
1.00025
1.0053
1.02887
1.00026
1.00084
1.02937
1.06688
1.00689
1.02254
1.02558
1.00029
1.01664
1.0709
1.03078
1.05193
1.00985
1.05324
1.056
1.00529
1.00994
1.0009
1.02287
1.0323
1.00033
1.01924
1.00506
1.00555
1.01187
1.01421
1.00022
1.00021
1.1466
1.04291
1.00038
1.13421
1.0534
1.06495
1.00052
1.00043
1.00042
1.00045
1.05397
1.03357
1.01566
1.03056
1.00038
1.00022
1.00093
1.00034
1.00242
1.00026
1.00036
1.0591
1.01697
1.04058
1.02383
1.02601
1.02195
1.00482
1.0176
1.02555
1.03373
1.06659
1.01288
1.00011
1.03914
1.0038
1.02182
1.00021
1.06091
1.00661
1.00023
1.0137
1.02208
1.01229
1.0012
1.00047
1.01203
1.01977
1.00037
1.01099
1.00552
1.00867
1.01597
1.00108
1.00652
1.01068
1.00055
1.05885
1.00037
1.03721
1.0364
1.01225
1.0001
1.00336
1.10466
1.00029
1.00025
1.01304
1.00059
1.02489
1.00033
1.03709
1.03223
1.01107
1.03791
1.00273
1.00047
1.00021
1.00029
1.0867
1.00014
1.00906
1.1111
1.01308
1.05816
1.02362
1.00898
1.00044
1.01225
1.0345
1.00488
1.13336
1.00898
1.08382
1.00056
1.02935
1.22987
1.0003
1.01368
1.01824
1.11918
1.00036
1.01956
1.00442
1.02829
1.03842
1.00533
1.00059
1.02152
1.0003
1.0005
1.04757
1.18261
1.01996
1.0122
1.00012
1.02041
1.00065
1.0154
1.01551
1.00719
1.04172
1.00918
1.00106
1.01103
1.00042
1.0143
1.05732
1.08308
1.01222
1.07461
1.0215
1.0018
1.00032
1.0003
1.01371
1.05162
1.00028
1.05814
1.01159
1.01879
1.00326
1.00501
1.10139
1.00034
1.07849
1.01094
1.00017
1.00003
1.01967
1.1539
1.00953
1.00033
1.0001
1.02266
1.01027
1.00059
1.00217
1.00029
1.0003
1.00021
1.01893
1.00569
1.00033
1.00062
1.00007
1.03561
1.00034
1.03281
1.01587
1.07744
1.02915
1.0052
1.00486
1.02043
1.04384
1.01733
1.01319
1.00419
1.01686
1.00025
1.00793
1.01308
1.0135
1.13171
1.05465
1.0017
1.00029
1.03347
1.02153
1.03647
1.04846
1.22097
1.00029
1.02096
1.00756
1.0181
1.00018
1.00099
1.00305
1.02079
1.00031
1.00052
1.00052
1.00029
1.01335
1.06278
1.00033
1.00474
1.02706
1.01235
1.11644
1.00024
1.01608
1.04102
1.00043
1.01284
1.00024
1.01383
1.02482
1.05162
1.05066
1.05111
1.03289
1.00036
1.00981
1.00472
1.0003
1.00035
1.00024
1.07364
1.01629
1.00043
1.0082
1.03177
1.00072
1.00951
1.09189
1.00044
1.02275
1.01926
1.01345
1.02135
1.02056
1.02605
1.09433
1.01623
1.00072
1.0279
1.00037
1.03856
1.05043
1.02728
1.00916
1.00048
1.00017
1.00013
1.01564
1.00616
1.11788
1.0085
1.14323
1.00007
1.05706
1.01523
1.0067
1.00407
1.00017
1.11721
1.00029
1.0493
1.04587
1.01113
1.02661
1.01585
1.17482
1.0005
1.01336
1.01469
1.00934
1.00123
1.06306
1.01665
1.02179
1.00026
1.0004
1.10938
1.00014
1.01389
1.04295
1.00346
1.00083
1.03208
1.0139
1.02717
1.00021
1.01652
1.02315
1.02038
1.02924
1.01489
1.00322
1.0252
1.02768
1.00682
1.00028
1.16575
1.01936
1.01419
1.01984
1.07858
1.02795
1.00992
1.00603
1.00064
1.01757
1.06587
1.04134
1.00042
1.01546
1.02383
1.01324
1.0003
1.00079
1.00862
1.19626
1.02986
1.0062
1.08361
1.00151
1.00011
1.03819
1.03379
1.00037
1.02625
1.02575
1.00039
1.00995
1.01181
1.00043
1.01265
1.00043
1.01621
1.02592
1.00113
1.03307
1.07119
1.00505
1.00052
1.01498
1.01466
1.03341
1.00025
1.00008
1.01967
1.00027
1.00013
1.0131
1.04921
1.00029
1.04327
1.01824
1.00411
1.02132
1.00043
1.03264
1.04421
1.01914
1.06281
1.03131
1.00024
1.00315
1.00018
1.00008
1.01902
1.00028
1.06196
1.04707
1.0297
1.00024
1.03937
1.03876
1.00033
1.01555
1.00034
1.00646
1.02521
1.00019
1.00041
1.01093
1.00026
1.01592
1.04802
1.02728
1.00187
1.0007
1.00062
1.04904
1.03656
1.04306
1.04654
1.01985
1.03997
1.07636
1.03596
1.02078
1.00852
1.05733
1.00408
1.06658
1.01835
1.02906
1.00018
1.03816
1.02873
1.00025
1.11381
1.03399
1.02528
1.00031
1.00048
1.00996
1.02455
1.0003
1.00961
1.02135
1.00068
1.01801
1.00032
1.03645
1.08695
1.00044
1.00181
1.01212
1.00041
1.08333
1.00038
1.00029
1.0003
1.05827
1.01674
1.00027
1.00043
1.00058
1.00315
1.05185
1.00623
1.01307
1.02026
1.00703
1.00024
1.00195
1.00029
1.00397
1.00023
1.00028
1.01543
1.00018
1.00208
1.01714
1.02827
1.06441
1.01476
1.01289
1.00336
1.00785
1.00028
1.00037
1.02976
1.09294
1.00045
1.0215
1.00021
1.00237
1.00415
1.02989
1.00025
1.10901
1.08371
1.00042
1.03445
1.02742
1.03417
1.00019
1.03577
1.0396
1.02097
1.00029
1.03999
1.00005
1.00029
1.00784
1.15473
1.00026
1.00029
1.00753
1.03434
1.00471
1.01646
1.00042
1.02684
1.03852
1.0003
1.02003
1.04439
1.00666
1.00692
1.00369
1.00031
1.00745
1.06191
1.01525
1.01082
1.01633
1.01156
1.04698
1.02425
1.01809
1.03127
1.00788
1.00098
1.00203
1.00511
1.03077
1.03663
1.00522
1.00017
1.01601
1.00018
1.02086
1.00045
1.0194
1.20993
1.01964
1.01557
1.03088
1.02005
1.03558
1.06612
1.06798
1.00963
1.01178
1.00265
1.00014
1.02256
1.02068
1.02825
1.01192
1.00586
1.00016
1.01479
1.00695
1.00042
1.02784
1.00015
1.02327
1.01635
1.09111
1.03038
1.00048
1.00059
1.00454
1.08554
1.01758
1.05211
1.00052
1.00021
1.01138
1.02412
1.00044
1.00034
1.01843
1.01933
1.00029
1.00429
1.11716
1.0004
1.04297
1.03145
1.0206
1.01837
1.04686
1.01205
1.02927
1.17044
1.0157
1.03135
1.05171
1.00026
1.08868
1.0005
1.01092
1.12568
1.00907
1.00048
1.0144
1.00031
1.04001
1.02321
1.03857
1.06796
1.03818
1.00014
1.02448
1.03163
1.00073
1.07239
1.0107
1.01046
1.0002
1.02753
1.00034
1.00047
1.00018
1.00024
1.01322
1.00055
1.00467
1.00015
1.0004
1.01191
1.00056
1.02147
1.01377
1.01907
1.00035
1.01634
1.02787
1.00688
1.02278
1.02192
1.00063
1.01035
1.01544
1.00025
1.03006
1.00082
1.01712
1.02927
1.0276
1.04827
1.02732
1.00147
1.00363
1.02222
1.0205
1.05649
1.00042
1.13334
1.02012
1.00015
1.00879
1.00036
1.00038
1.00012
1.02396
1.01246
1.00028
1.00013
1.02123
1.00029
1.04751
1.00721
1.00151
1.05177
1.00026
1.02354
1.00045
1.03231
1.02468
1.00027
1.00015
1.03529
1.01085
1.00023
1.02208
1.00026
1.00037
1.02263
1.02684
1.00012
1.0003
1.06099
1.00762
1.015
1.00347
1.01649
1.00458
1.03712
1.00401
1.00043
1.02307
1.04023
1.03762
1.01308
1.01673
1.03835
1.00047
1.05562
1.02162
1.00054
1.01104
1.01945
1.1523
1.00025
1.01187
1.00434
1.00329
1.0359
1.01464
1.02044
1.00026
1.07264
1.00412
1.02645
1.11778
1.01359
1.01303
1.01211
1.15056
1.00671
1.00774
1.00032
1.0688
1.01961
1.00025
1.00577
1.04409
1.03961
1.02541
1.03617
1.00371
1.0497
1.04941
1.02526
1.013
1.00285
1.00046
1.00017
1.00028
1.00024
1.00376
1.00029
1.00018
1.00418
1.01027
1.01474
1.08459
1.03367
1.00045
1.02622
1.03363
1.0006
1.03027
1.00016
1.00038
1.00493
1.00122
1.00774
1.00022
1.00034
1.01591
1.01744
1.08083
1.04677
1.03386
1.01209
1.00028
1.03324
1.00504
1.00008
1.00619
1.06227
1.0003
1.00488
1.01309
1.00035
1.0003
1.00033
1.00021
1.13477
1.0301
1.01293
1.0164
1.00032
1.00027
1.02964
1.00741
1.00665
1.0005
1.00987
1.01556
1.00331
1.12397
1.05387
1.14303
1.0001
1.00025
1.03602
1.02208
1.00009
1.0003
1.00036
1.00042
1.00007
1.00074
1.0566
1.01185
1.00404
1.0212
1.03685
1.00026
1.00282
1.00046
1.06086
1.02873
1.00456
1.00057
1.00326
1.00341
1.0098
1.13483
1.00645
1.00043
1.00034
1.0184
1.00014
1.02215
1.00024
1.01283
1.00046
1.12479
1.00056
1.02665
1.01693
1.01144
1.00046
1.00026
1.01277
1.01712
1.00016
1.00218
1.0233
1.02169
1.00061
1.00806
1.00504
1.01446
1.06322
1.01415
1.00006
1.00053
1.0101
1.027
1.00327
1.00685
1.00046
1.0429
1.00021
1.0676
1.02087
1.01198
1.01891
1.02423
1.00691
1.01607
1.01592
1.00063
1.18855
1.01099
1.00028
1.02841
1.01633
1.00016
1.22994
1.0004
1.00016
1.21274
1.00641
1.00038
1.00039
1.03922
1.00026
1.00705
1.01946
1.00015
1.0077
1.01456
1.00411
1.00019
1.00441
1.0176
1.0565
1.06228
1.00949
1.03666
1.00029
1.02282
1.01178
1.04278
1.01326
1.01095
1.00035
1.00152
1.00046
1.00025
1.06959
1.01192
1.00025
1.02124
1.01129
1.01117
1.0359
1.04146
1.02622
1.00019
1.00021
1.00044
1.04734
1.00036
1.03047
1.00197
1.0043
1.00426
1.02552
1.00004
1.00031
1.03049
1.04003
1.05602
1.00022
1.00676
1.0276
1.03342
1.12021
1.01194
1.01511
1.0086
1.05242
1.01768
1.01795
1.02325
1.00018
1.00062
1.02233
1.05203
1.00021
1.01307
1.00234
1.00315
1.05389
1.00557
1.00025
1.02881
1.00047
1.00809
1.07517
1.00512
1.03368
1.01963
1.01232
1.00019
1.00015
1.02172
1.01295
1.01089
1.00039
1.01072
1.00022
1.00829
1.00607
1.0002
1.02875
1.00655
1.00015
1.00043
1.0132
1.01058
1.00029
1.0001
1.00021
1.00979
1.00014
1.0131
1.0003
1.01977
1.00027
1.00041
1.00024
1.02426
1.00612
1.03654
1.04158
1.01635
1.00571
1.03127
1.00047
1.04306
1.02986
1.00033
1.00042
1.00021
1.0124
1.00027
1.03325
1.01828
1.0419
1.00577
1.03405
1.00995
1.00014
1.00041
1.0197
1.03513
1.01385
1.04072
1.00788
1.00122
1.0107
1.02913
1.0005
1.11476
1.00905
1.02356
1.00023
1.00694
1.0002
1.00029
1.0229
1.00124
1.00583
1.00016
1.01651
1.00806
1.01649
1.01508
1.00878
1.01412
1.00042
1.01184
1.0152
1.00029
1.00032
1.00036
1.00022
1.00026
1.01458
1.00026
1.01257
1.025
1.00033
1.00043
1.0134
1.0004
1.01559
1.0002
1.00097
1.03766
1.01807
1.01762
1.02839
1.00758
1.00054
1.00025
1.00035
1.00926
1.00015
1.00035
1.00846
1.0001
1.05165
1.0109
1.01822
1.02804
1.00011
1.00065
1.01119
1.0003
1.04584
1.02162
1.01839
1.06071
1.00021
1.02589
1.04815
1.01098
1.00055
1.00599
1.0005
1.02961
1.03119
1.0122
1.00032
1.02752
1.00307
1.00736
1.00014
1.01388
1.00616
1.00435
1.00976
1.02371
1.02197
1.00171
1.00027
1.01489
1.00005
1.00055
1.00156
1.04132
1.01776
1.01931
1.01524
1.00614
1.0119
1.00024
1.01606
1.12723
1.03131
1.00056
1.03688
1.00023
1.04576
1.0051
1.04414
1.00099
1.02059
1.00018
1.00944
1.01087
1.00337
1.00047
1.02
1.00953
1.01028
1.0122
1.00025
1.01223
1.02902
1.05891
1.00034
1.01775
1.04952
1.00043
1.00041
1.01119
1.03484
1.00051
1.01645
1.00442
1.01583
1.00797
1.00024
1.00023
1.03989
1.12541
1.0004
1.00022
1.00516
1.00428
1.06245
1.00028
1.00335
1.02882
1.0025
1.00135
1.00047
1.34504
1.00051
1.10909
1.00038
1.00263
1.00786
1.01939
1.05217
1.00018
1.00022
1.00879
1.19137
1.00037
1.08001
1.00161
1.01645
1.05077
1.02068
1.00029
1.02552
1.0193
1.00014
1.00422
1.0159
1.00015
1.02866
1.00039
1.00542
1.00706
1.01521
1.02989
1.00022
1.00777
1.00008
1.009
1.00018
1.00022
1.01393
1.00025
1.00017
1.01455
1.00013
1.02871
1.02464
1.00031
1.00036
1.00017
1.02049
1.00025
1.00024
1.00024
1.04837
1.01943
1.02676
1.01042
1.00058
1.00015
1.00025
1.02266
1.02226
1.0068
1.00064
1.03811
1.01536
1.01253
1.00496
1.18364
1.00028
1.01609
1.00313
1.00636
1.00763
1.35437
1.05551
1.01856
1.01039
1.00774
1.00016
1.01339
1.10336
1.03483
1.0159
1.00836
1.04116
1.04122
1.00025
1.02945
1.00043
1.0715
1.00019
1.00021
1.00028
1.00029
1.00851
1.18033
1.00053
1.01364
1.02419
1.00013
1.00017
1.03331
1.0221
1.00012
1.00055
1.02497
1.03385
1.00051
1.06115
1.02873
1.00024
1.02333
1.01078
1.00746
1.00513
1.00122
1.04909
1.01545
1.1676
1.003
1.00421
1.00021
1.01925
1.00045
1.00032
1.00671
1.01614
1.00252
1.01664
1.03841
1.00031
1.00018
1.00033
1.00222
1.01396
1.01617
1.01518
1.00095
1.00498
1.00036
1.00027
1.00099
1.01928
1.04882
1.00048
1.0003
1.01707
1.00196
1.00041
1.00027
1.00362
1.01357
1.04273
1.15294
1.0064
1.01226
1.0175
1.00608
1.00245
1.02125
1.03713
1.01109
1.01313
1.00987
1.00036
1.03159
1.00326
1.0247
1.02074
1.01731
1.00015
1.00231
1.01551
1.0223
1.00055
1.00028
1.00018
1.01083
1.03262
1.02302
1.00028
1.00935
1.00535
1.02158
1.0289
1.0193
1.00035
1.02591
1.00024
1.00021
1.00653
1.00042
1.01925
1.01374
1.00281
1.03966
1.00032
1.01881
1.03739
1.00042
1.01031
1.00104
1.01489
1.0487
1.02827
1.01596
1.06018
1.02302
1.0109
1.0258
1.01481
1.00038
1.02717
1.00043
1.00058
1.03187
1.01828
1.00323
1.02535
1.02802
1.01439
1.02156
1.00884
1.00435
1.01002
1.0394
1.00544
1.00015
1.01398
1.01271
1.01744
1.005
1.00101
1.01426
1.0004
1.00019
1.0004
1.00927
1.01367
1.01633
1.04465
1.01251
1.02396
1.00145
1.00032
1.00842
1.00019
1.04228
1.01219
1.09406
1.02054
1.00045
1.00014
1.00012
1.00034
1.00027
1.0003
1.00965
1.00575
1.03828
1.01913
1.02859
1.08758
1.00211
1.00007
1.01042
1.00031
1.00038
1.02281
1.00033
1.00032
1.01328
1.00154
1.00039
1.03123
1.00026
1.0007
1.00403
1.00266
1.00543
1.00057
1.0001
1.04496
1.01569
1.00984
1.00041
1.0178
1.00884
1.00023
1.00025
1.0037
1.00039
1.00643
1.00693
1.00032
1.03046
1.00024
1.01069
1.04391
1.01358
1.00056
1.11531
1.00398
1.11412
1.00649
1.02017
1.00035
1.00032
1.0189
1.00012
1.04346
1.00017
1.0004
1.02422
1.00027
1.00009
1.01516
1.01699
1.00041
1.00643
1.00036
1.01446
1.06169
1.00969
1.00408
1.0046
1.02282
1.0244
1.00048
1.00026
1.00393
1.00662
1.02795
1.00104
1.00928
1.00418
1.00996
1.15662
1.02049
1.00047
1.01053
1.00667
1.01604
1.07629
1.00041
1.00037
1.01178
1.00035
1.00812
1.00983
1.01514
1.00059
1.00871
1.0004
1.01719
1.00035
1.00034
1.0001
1.00613
1.00607
1.01685
1.00063
1.00024
1.00114
1.00035
1.0057
1.04034
1.00056
1.14739
1.00418
1.00032
1.00371
1.19852
1.0148
1.01573
1.00018
1.02427
1.00039
1.03291
1.01965
1.01499
1.01359
1.03923
1.00359
1.02184
1.01039
1.0002
1.18881
1.01721
1.00036
1.03799
1.00852
1.00038
1.00905
1.00986
1.01882
1.02456
1.0079
1.00111
1.01612
1.01175
1.04019
1.00019
1.04671
1.00015
1.01108
1.00923
1.02441
1.00004
1.16196
1.03854
1.00024
1.00018
1.00048
1.00024
1.07168
1.01599
1.02162
1.00269
1.00327
1.07784
1.02686
1.00016
1.00975
1.00027
1.12968
1.00375
1.00033
1.00034
1.02129
1.02039
1.00019
1.00614
1.01486
1.02447
1.00576
1.00019
1.01323
1.02751
1.01325
1.00987
1.02535
1.01256
1.00435
1.00873
1.0294
1.09135
1.02651
1.00767
1.01272
1.09746
1.00042
1.00027
1.00011
1.0005
1.00412
1.05733
1.01866
1.0075
1.00827
1.01171
1.02356
1.00047
1.00937
1.00265
1.00022
1.00025
1.00018
1.00016
1.00112
1.01151
1.03355
1.00033
1.00024
1.00033
1.08104
1.00032
1.00452
1.00037
1.02482
1.00026
1.00013
1.05718
1.00026
1.01887
1.01813
1.00436
1.02944
1.00041
1.00145
1.00613
1.00049
1.01573
1.02987
1.00036
1.01118
1.01066
1.01319
1.02539
1.00034
1.01841
1.03859
1.00983
1.01389
1.00062
1.00119
1.01263
1.01386
1.32032
1.00043
1.0003
1.02322
1.0004
1.13778
1.00034
1.00039
1.02705
1.01873
1.00168
1.0475
1.00719
1.01335
1.08821
1.0201
1.07916
1.00036
1.00043
1.0056
1.00775
1.00041
1.00046
1.00023
1.02288
1.10428
1.00015
1.00129
1.00931
1.0104
1.06829
1.00036
1.01457
1.01563
1.00454
1.0056
1.00168
1.02432
1.00024
1.01154
1.00565
1.03214
1.0002
1.00016
1.00049
1.03507
1.00965
1.04694
1.08316
1.00889
1.00037
1.00509
1.00009
1.00219
1.00039
1.02078
1.00037
1.00053
1.01627
1.00034
1.08328
1.07575
1.00192
1.00032
1.02875
1.02665
1.00023
1.00041
1.00059
1.00241
1.01381
1.01061
1.01227
1.0004
1.05351
1.00052
1.02
1.00803
1.00335
1.01241
1.00779
1.00925
1.00449
1.00608
1.04598
1.03179
1.00628
1.00321
1.12272
1.00899
1.0127
1.02307
1.00035
1.00098
1.00651
1.00032
1.00547
1.01705
1.02673
1.14545
1.00019
1.0002
1.00073
1.0107
1.03501
1.10424
1.01688
1.00035
1.02084
1.00273
1.01889
1.00596
1.00032
1.01603
1.01524
1.03625
1.00017
1.00014
1.07007
1.00583
1.02686
1.00497
1.04752
1.00032
1.00849
1.00042
1.0001
1.02168
1.00074
1.00044
1.00077
1.04059
1.0101
1.00634
1.00293
1.00025
1.0005
1.00248
1.00036
1.00046
1.01367
1.00041
1.00018
1.01459
1.02168
1.00049
1.00072
1.01237
1.00017
1.00059
1.02301
1.00043
1.00638
1.0123
1.00304
1.07874
1.00019
1.01212
1.00033
1.00106
1.02162
1.00024
1.00007
1.05317
1.00022
1.02248
1.02917
1.02274
1.00019
1.0004
1.00147
1.00139
1.0074
1.0002
1.00656
1.00005
1.04433
1.00704
1.01087
1.00026
1.09425
1.00753
1.06457
1.01436
1.00431
1.00021
1.02528
1.04938
1.00128
1.03475
1.04652
1.06107
1.07428
1.03185
1.0002
1.10814
1.03324
1.00049
1.04569
1.00747
1.01974
1.31911
1.01286
1.00891
1.00097
1.00612
1.04786
1.01033
1.00499
1.00037
1.00028
1.02525
1.01488
1.01189
1.05765
1.00862
1.02298
1.00173
1.00021
1.01363
1.00728
1.0113
1.00033
1.00023
1.01132
1.03298
1.00571
1.00461
1.00305
1.01918
1.00613
1.00035
1.01105
1.00027
1.16905
1.02342
1.00023
1.00026
1.01004
1.00037
1.02098
1.0144
1.0005
1.0002
1.0068
1.00026
1.01171
1.02715
1.00522
1.00658
1.04583
1.02357
1.01026
1.00026
1.00662
1.00771
1.00019
1.01909
1.00603
1.00152
1.01973
1.00108
1.00944
1.01067
1.00646
1.01805
1.02159
1.00024
1.00041
1.01419
1.01402
1.00034
1.0449
1.01025
1.01839
1.01136
1.00039
1.00044
1.00026
1.00031
1.01878
1.00033
1.00515
1.00026
1.00474
1.00032
1.0878
1.0162
1.0002
1.0114
1.00043
1.02226
1.00656
1.00877
1.00156
1.00026
1.00018
1.00022
1.0004
1.01355
1.06991
1.00614
1.00034
1.00541
1.0073
1.00029
1.00022
1.00045
1.00278
1.00403
1.00384
1.00036
1.00011
1.00061
1.00016
1.00602
1.00968
1.00622
1.00026
1.00177
1.01295
1.00789
1.03502
1.0004
1.07399
1.00024
1.01682
1.01176
1.01305
1.08252
1.00018
1.01444
1.03888
1.00038
1.01818
1.00046
1.00473
1.00904
1.00294
1.00013
1.01474
1.00038
1.01644
1.0011
1.00034
1.08874
1.01414
1.00178
1.0035
1.00019
1.00022
1.00126
1.00446
1.00237
1.00034
1.02496
1.00026
1.00534
1.00025
1.00071
1.00056
1.00029
1.00381
1.00019
1.00029
1.0187
1.00042
1.01667
1.02366
1.00024
1.00598
1.00021
1.01871
1.00059
1.01258
1.00211
1.00027
1.00766
1.00027
1.00302
1.00403
1.0002
1.01092
1.06649
1.00029
1.04511
1.01005
1.01115
1.00024
1.0169
1.00089
1.02257
1.00025
1.00026
1.0281
1.00783
1.00018
1.00668
1.06823
1.01225
1.0066
1.00472
1.02872
1.01278
1.00987
1.02675
1.00005
1.00574
1.00038
1.00055
1.00023
1.01491
1.00019
1.05634
1.00575
1.00037
1.03523
1.00036
1.0002
1.00022
1.03671
1.01141
1.006
1.00024
1.02502
1.00008
1.00048
1.0004
1.0094
1.0572
1.00009
1.00019
1.00015
1.001
1.01538
1.00025
1.00017
1.00104
1.04958
1.00035
1.04646
1.00037
1.00011
1.00008
1.01247
1.00028
1.00679
1.02197
1.03439
1.0343
1.01776
1.0002
1.00053
1.04307
1.00015
1.00031
1.01362
1.00021
1.00035
1.04878
1.01181
1.02947
1.0202
1.00605
1.0003
1.00097
1.00022
1.00056
1.01407
1.01536
1.085
1.00313
1.01641
1.00027
1.00738
1.01212
1.00482
1.01125
1.0059
1.00019
1.00782
1.00446
1.00019
1.0089
1.00038
1.00043
1.01607
1.00022
1.00045
1.00029
1.01666
1.02498
1.00021
1.00239
1.00037
1.11194
1.00046
1.01937
1.00789
1.01728
1.00021
1.01344
1.00031
1.01291
1.00048
1.02906
1.0171
1.00038
1.06872
1.0115
1.00508
1.0005
1.01281
1.00254
1.00046
1.0003
1.18446
1.02507
1.00024
1.00135
1.03409
1.01627
1.00042
1.0051
1.00031
1.01992
1.00028
1.00015
1.01561
1.00032
1.00025
1.0065
1.11511
1.00766
1.01343
1.00036
1.00053
1.00717
1.00017
1.00489
1.0011
1.00046
1.00032
1.00018
1.01248
1.00023
1.0158
1.00727
1.01844
1.00546
1.00029
1.00044
1.00025
1.14472
1.02865
1.00041
1.00383
1.04073
1.01173
1.00584
1.00782
1.02805
1.00647
1.0207
1.00022
1.02797
1.00019
1.08106
1.01601
1.11017
1.01868
1.00686
1.00019
1.00027
1.00035
1.0003
1.00023
1.00017
1.00023
1.235
1.0002
1.01694
1.00661
1.03678
1.05903
1.01587
1.10936
1.01106
1.02482
1.00916
1.00035
1.01087
1.00029
1.0091
1.00026
1.00082
1.02398
1.00305
1.02683
1.00052
1.00037
1.0139
1.01412
1.00037
1.04837
1.00031
1.0022
1.00453
1.01416
1.0255
1.01481
1.00243
1.00055
1.00023
1.01782
1.01086
1.00021
1.01337
1.00038
1.00179
1.0002
1.00946
1.01238
1.00031
1.00053
1.00181
1.00031
1.00015
1.0005
1.00055
1.05464
1.01459
1.00718
1.0227
1.00017
1.04508
1.00107
1.00846
1.00009
1.04709
1.00564
1.00021
1.00021
1.00041
1.01108
1.00019
1.00007
1.01521
1.01553
1.00022
1.00026
1.00022
1.01006
1.0002
1.00561
1.00013
1.00022
1.01929
1.0208
1.02979
1.00226
1.00014
1.00027
1.00121
1.01664
1.00394
1.00024
1.00029
1.00018
1.00031
1.00038
1.00024
1.0109
1.00049
1.01582
1.00595
1.00703
1.00427
1.00847
1.00095
1.09205
1.03591
1.05112
1.06202
1.02502
1.01683
1.02186
1.00834
1.00026
1.0837
1.0003
1.00024
1.00014
1.0412
1.00035
1.04544
1.02322
1.00026
1.00013
1.00206
1.00202
1.00046
1.0391
1.00415
1.03112
1.09415
1.04793
1.03067
1.00021
1.00025
1.00026
1.00021
1.00038
1.03092
1.01619
1.00033
1.01124
1.00028
1.07875
1.0007
1.03096
1.00029
1.06092
1.00311
1.00654
1.01417
1.00297
1.04229
1.00026
1.00086
1.00064
1.00029
1.00034
1.0035
1.00024
1.00035
1.00027
1.00813
1.00052
1.00703
1.00037
1.00019
1.00063
1.01182
1.01388
1.01016
1.01026
1.00369
1.00306
1.01516
1.00029
1.0035
1.00875
1.00629
1.00103
1.00192
1.03239
1.00043
1.07294
1.01311
1.00023
1.01906
1.00033
1.01381
1.00704
1.0533
1.0003
1.00032
1.02567
1.01559
1.00488
1.00021
1.00054
1.0415
1.00026
1.01922
1.00029
1.016
1.00024
1.0008
1.00595
1.00022
1.00026
1.00194
1.00021
1.0386
1.00038
1.00603
1.01219
1.00022
1.00326
1.00899
1.08374
1.00022
1.00101
1.01165
1.00406
1.00018
1.00492
1.00034
1.00018
1.00714
1.0051
1.00038
1.00027
1.04064
1.00028
1.00087
1.00017
1.03266
1.05826
1.00167
1.01589
1.01736
1.00021
1.01507
1.00018
1.0004
1.01498
1.00123
1.00764
1.01167
1.00648
1.03228
1.00033
1.02322
1.00011
1.02905
1.00553
1.0576
1.00035
1.00035
1.0258
1.00011
1.00043
1.01949
1.0003
1.00611
1.00988
1.00038
1.02274
1.00044
1.01133
1.05959
1.01047
1.00041
1.00221
1.02442
1.00026
1.00011
1.00512
1.00278
1.04354
1.00604
1.0005
1.0002
1.00021
1.00023
1.05848
1.00037
1.00439
1.12363
1.00022
1.01559
1.05769
1.00949
1.00305
1.01546
1.00033
1.0002
1.00462
1.00029
1.00776
1.01243
1.00018
1.00984
1.00033
1.0192
1.00043
1.12117
1.02194
1.00409
1.0095
1.00049
1.03231
1.00397
1.00023
1.09181
1.00029
1.03292
1.02527
1.00174
1.0109
1.00669
1.00127
1.00963
1.00013
1.17312
1.00025
1.00029
1.02785
1.00216
1.03684
1.04066
1.00412
1.00907
1.00034
1.00139
1.01847
1.05897
1.00906
1.0003
1.0259
1.00025
1.00742
1.00167
1.02175
1.02852
1.00059
1.01312
1.00502
1.01021
1.07938
1.06306
1.00947
1.00017
1.01993
1.08977
1.00023
1.00017
1.00871
1.00025
1.02318
1.00027
1.00042
1.00018
1.00027
1.00026
1.0135
1.00012
1.02189
1.00091
1.00029
1.07778
1.01414
1.00032
1.00321
1.00467
1.00035
1.02082
1.03256
1.01111
1.01461
1.00729
1.02489
1.0042
1.00973
1.0024
1.00272
1.01534
1.00813
1.01199
1.00061
1.00032
1.00319
1.0004
1.00018
1.00928
1.00033
1.00033
1.0003
1.00669
1.00021
1.00078
1.0075
1.01618
1.00027
1.00014
1.0105
1.00032
1.00026
1.00217
1.00027
1.01006
1.1203
1.01601
1.00011
1.06651
1.08942
1.02156
1.00704
1.02642
1.00526
1.00981
1.00019
1.02021
1.01165
1.00193
1.00872
1.00949
1.00029
1.00066
1.01138
1.00112
1.00801
1.00422
1.00019
1.00027
1.00034
1.00707
1.00586
1.00021
1.00665
1.07434
1.00101
1.00028
1.01335
1.00042
1.00047
1.21963
1.02246
1.00117
1.00314
1.03511
1.00023
1.00307
1.01416
1.0179
1.00041
1.03282
1.00054
1.00912
1.00688
1.06339
1.0527
1.0156
1.20828
1.02482
1.00015
1.02003
1.047
1.0184
1.13381
1.01839
1.00039
1.01093
1.0002
1.00031
1.00018
1.00009
1.00018
1.26791
1.0003
1.01072
1.05575
1.00017
1.0066
1.0003
1.0003
1.0003
1.0016
1.00038
1.00022
1.00033
1.00028
1.00046
1.00043
1.00795
1.00043
1.0062
1.00576
1.01118
1.00025
1.00062
1.00101
1.00017
1.01133
1.00044
1.0181
1.00013
1.02422
1.00055
1.00029
1.00035
1.00024
1.00031
1.02505
1.02437
1.00027
1.0005
1.00013
1.01584
1.00463
1.00043
1.00031
1.00056
1.00741
1.00508
1.01547
1.01534
1.00037
1.02881
1.00561
1.02563
1.00941
1.00011
1.00816
1.00033
1.00044
1.02192
1.00632
1.00017
1.00014
1.00017
1.02171
1.00009
1.04585
1.01882
1.00041
1.00746
1.00224
1.02649
1.01061
1.00935
1.00157
1.00024
1.00034
1.0003
1.0153
1.02173
1.00014
1.0044
1.00046
1.00022
1.00017
1.00027
1.03541
1.00018
1.00924
1.02714
1.01843
1.00146
1.00714
1.00027
1.00035
1.01239
1.00616
1.02945
1.00019
1.00027
1.01672
1.01278
1.07581
1.00035
1.00014
1.03208
1.00036
1.00026
1.00074
1.00018
1.0001
1.01422
1.0015
1.00794
1.00432
1.00025
1.00024
1.00016
1.01829
1.04155
1.01918
1.00038
1.24837
1.00045
1.00923
1.0035
1.01145
1.00513
1.05226
1.00781
1.00037
1.00024
1.0002
1.00019
1.01623
1.00042
1.00039
1.00115
1.01649
1.00215
1.00983
1.00366
1.00042
1.01673
1.03106
1.00024
1.00744
1.01803
1.01422
1.00037
1.00935
1.00124
1.00026
1.02323
1.01726
1.0032
1.01808
1.04517
1.00054
1.02434
1.02803
1.02886
1.00023
1.00635
1.00045
1.02653
1.01244
1.00026
1.00024
1.03771
1.01154
1.05393
1.0938
1.00025
1.00033
1.12514
1.01147
1.0177
1.00086
1.00031
1.00016
1.0003
1.00019
1.00609
1.00543
1.01885
1.00462
1.00032
1.01322
1.02036
1.00216
1.01101
1.00687
1.00026
1.00031
1.00612
1.00619
1.05763
1.00085
1.00646
