1.00609
0.924027
0.816681
0.914692
0.999998
0.685283
0.896844
0.800006
0.934188
1
0.936137
0.999998
0.652152
0.93763
0.868093
0.948431
1.00886
0.827708
0.98931
1.0013
1.00775
0.963058
0.915324
0.929162
0.999446
0.771738
1.03102
0.790328
0.974136
1.01007
0.9578
0.84603
0.999996
0.908667
0.806623
1
0.987813
1.00667
0.830095
0.887631
0.98962
0.836115
1.00105
0.790247
0.949984
1
0.992719
0.918408
1
0.999999
0.926879
1
0.805815
0.642259
0.974628
0.891863
0.941174
0.984246
0.999998
1.03603
0.859041
0.922933
1.00935
0.922389
1.00181
0.628252
0.984539
0.9582
0.914984
0.88163
0.996532
0.973719
1.03773
0.82047
1.14034
1.02846
0.982429
0.961506
1.01354
0.797339
0.881912
0.792192
0.982923
0.938384
0.960642
0.749486
1.00203
0.849632
1.04553
0.927295
0.955479
1.04366
0.667788
1.00105
1
0.984907
1.01613
1.01971
0.988091
0.977032
0.940581
1.00324
0.947909
0.919087
0.969627
1.00564
0.964339
1
0.999998
0.965578
0.894236
0.848633
0.981814
0.999998
1.01149
0.999999
0.852769
0.993238
0.955967
0.871248
0.740881
1.01116
1.00037
0.959184
0.956345
0.951691
0.790759
0.759781
1.01075
0.912507
0.965535
1
0.78387
0.99788
1
0.78449
0.885236
0.844189
1.01804
0.854778
0.924472
0.999999
1.01756
1.02337
0.963565
0.643003
0.983082
0.790682
0.808304
0.850305
1
1.00111
0.926996
0.96158
0.723877
0.927782
0.95639
1.03549
1.07364
0.903864
0.804086
0.991381
0.999997
0.983813
0.888713
0.931591
1.08075
0.86174
0.949332
0.999999
0.90214
0.941365
1
0.957484
0.875414
0.923388
0.750611
1.00278
0.802754
0.999997
1.00427
1.00757
0.707287
0.987394
0.964923
1.02916
0.756397
0.955291
0.945423
1.04354
1.01048
0.900304
0.845945
0.913959
1.08063
0.995159
1.03089
0.93238
1.07984
1.00619
1.02862
0.904232
1.03149
0.938053
0.710443
0.919342
0.971204
0.771132
1.00621
0.999996
0.832743
0.975459
0.856494
0.958084
0.983042
1.03048
0.993545
0.943632
1.00886
1
0.985735
0.7034
0.921973
1.00438
0.740568
1.00528
0.925798
0.850041
0.818558
1.02364
1
0.988847
1.01074
0.928764
1.00775
1.11031
0.960345
0.999997
0.939723
0.999998
0.829918
0.976704
1
0.922143
0.964025
0.729225
0.955166
0.974931
0.855278
0.999996
0.943783
0.846809
0.885863
1
0.624541
1.02186
1
0.983137
1.00164
0.957898
1
1.00251
0.954518
1
0.651648
1.00325
0.999999
0.999999
1.01012
1.01434
0.966687
1.04223
0.975965
1
0.84248
0.791638
1.03756
0.901639
1.04495
0.999832
0.930031
1
0.999999
1
0.907436
0.893764
0.883927
0.912519
0.938441
0.591718
0.994379
0.850717
0.786774
1.0752
1.04494
0.964403
1.0307
1.03396
1
0.999997
1.00065
1.01709
0.999998
0.942437
0.999998
0.992861
0.964645
0.912191
0.999998
0.959367
0.838692
0.892192
0.933333
0.917791
0.902388
1.01472
0.765228
0.97741
1.01822
0.629401
1.0143
1.0007
1.00612
0.940175
0.946477
0.995803
0.988151
0.882305
0.854386
0.804723
0.958687
0.989912
0.922862
0.923591
1.01764
0.970671
0.826617
1
0.878945
1.00042
1.01426
1.00998
0.780608
0.976566
1.04616
1.00026
0.992214
1
0.980831
1.00049
0.96601
0.999999
0.781777
1.05558
0.763015
0.875259
0.959387
0.873449
0.996756
0.995874
1.00988
0.795415
1.03808
1
1.05487
0.806072
0.993782
0.705447
0.930129
0.984063
1.01565
0.956735
1.01669
0.999997
0.851593
0.865609
0.902669
1.01784
0.994682
1
0.851668
0.776163
0.845096
0.884908
0.887035
0.752198
1.02042
0.999999
0.835936
1
0.82827
1.00375
0.995989
0.999999
0.959557
0.997811
1.06856
0.917397
0.881097
0.77083
0.83792
0.818478
0.999717
1.00673
0.886637
1.02183
0.905097
0.849446
0.823113
0.957253
1.0022
1.00195
1.04829
0.978273
0.952609
1.00034
0.985849
0.776186
0.974032
0.637584
1
0.925796
1.00091
0.780616
0.827617
0.953514
1.00876
0.999893
1.05613
0.826759
0.999999
0.849454
1.04618
1.00327
0.935164
0.960505
0.968277
0.9975
0.982532
0.988309
0.988002
1.02354
0.958614
1.00489
0.840682
0.987969
1
0.783037
1
0.816757
0.935986
0.864743
0.960368
1
0.942348
0.999999
1
0.923068
1.01606
0.959576
0.759283
0.957393
0.979612
0.705705
0.844144
0.992743
0.778283
0.854178
0.971484
0.849982
0.923286
0.964246
0.973234
1.00225
0.928359
0.837902
1.01083
0.882898
1
0.820844
0.995819
0.996145
0.95187
0.988299
0.97716
0.917664
0.938951
0.724074
0.901628
0.915654
0.772037
0.783776
0.814977
0.965924
0.978701
0.778333
1.00772
1.03587
1
1.0518
0.712734
0.965015
0.999999
0.908799
0.971081
0.737684
1.01445
0.878683
0.807958
0.99281
0.999999
1
1.05596
0.945365
0.99058
0.995504
0.906598
0.971441
0.916749
1.03142
0.840757
1.01204
0.849299
0.987556
1.00114
0.8356
0.768148
0.940481
1.08726
0.988021
0.976842
0.959863
0.761389
0.993539
1
0.96003
1.02476
0.999997
0.886784
0.889567
0.923605
0.980767
0.974787
0.988033
0.880899
0.989691
0.82274
0.892163
1.02197
1
0.899584
0.995037
0.967188
0.943769
0.996986
0.999998
1.00687
1.00441
0.946594
0.911795
0.835655
0.879309
0.843495
0.79919
1
0.916855
0.926588
0.681843
0.995257
0.999998
1.05403
1
0.999997
1
1
0.890738
0.99556
1.00116
0.970385
0.959808
0.923157
0.969544
0.938689
1.004
0.997756
0.940331
0.942143
0.982197
0.940873
1
0.954336
0.978412
0.999999
1
0.753654
0.974971
0.842309
1.14562
0.701793
0.930453
0.79035
0.792448
0.999998
1
0.960842
0.841956
1.00036
0.939532
0.980882
0.908247
0.985498
0.999999
0.986825
0.962125
1.04732
1.03574
1
0.904646
0.965478
0.877223
0.973149
0.998243
0.645757
0.698161
0.939668
0.616193
0.804998
0.990561
0.957348
0.950824
0.999999
1.06865
0.999999
0.890269
0.806555
0.906784
1.00958
0.999999
1.00827
0.88726
1
0.950661
0.84329
0.999827
0.958115
0.923468
0.922016
0.896713
0.927237
0.939249
0.960778
0.967679
0.717959
0.677746
0.984208
0.95053
1.01957
0.775545
1.00006
0.830357
1.00011
0.994936
0.876618
0.99843
0.962801
0.51886
1.0061
0.766477
0.830385
0.75805
0.999999
0.843001
0.902403
1.0383
0.921741
1.00058
1.00341
1.04879
0.811269
0.953895
0.805741
0.906014
0.996356
1.10567
0.99282
0.999998
0.722518
1.08864
0.878971
1.00792
0.999998
1
0.999999
0.807613
1
0.88406
0.912147
0.914147
0.947279
0.953973
0.967379
0.999998
0.885373
0.783256
0.999999
0.939322
1
1
0.688981
0.745693
0.917479
0.994419
1.00734
0.947376
0.827356
1
0.976759
1.00315
1.0022
0.98448
0.999998
0.986424
0.763196
1
0.964802
0.87943
0.861818
1.13448
1.00462
1.06206
0.828466
0.825053
0.968832
0.829635
0.96703
0.921704
1.00329
0.747108
0.976701
1
0.874489
1.0548
0.812059
0.77057
1.00218
0.98168
1.02628
0.857281
0.999084
0.977305
1.01635
1.01608
0.701312
0.891631
1
0.994429
1.01168
0.982561
0.954177
0.845347
0.98925
0.928293
0.880263
0.900582
0.883349
1
1
0.899231
1.03305
1.02108
1.00832
0.955174
0.906261
0.991753
0.945063
0.754264
1
0.969435
0.933531
0.875239
0.944904
0.99032
0.999999
1.00472
0.800899
0.969056
0.988975
0.956507
0.949888
0.947751
0.974643
0.786147
1.03202
0.981198
0.68298
0.842699
0.835552
1.1028
0.844248
0.919476
1.05881
0.881463
0.984328
0.966039
0.918852
0.892352
0.989659
0.999999
0.965797
0.867609
0.999997
1
0.870604
0.946979
1.00246
1.04594
0.829576
1
0.82094
0.739159
0.710314
0.928376
0.98878
0.935441
1.02024
1.05503
1
0.917505
0.999999
0.862178
1
0.988364
0.946187
0.880629
0.905408
1.00204
0.820328
0.993094
0.697906
0.826517
1.04313
1
0.982078
0.922384
0.739223
0.972135
0.951897
0.94719
0.801035
0.999997
1.00774
1.02833
0.937536
0.978755
1.09719
0.829843
0.740406
0.821048
0.962154
0.934363
0.999998
1.02108
0.992039
1.01119
0.809103
0.885421
0.974286
0.972565
0.966802
0.995675
0.971475
0.664243
1
0.97667
1.00003
0.818308
1.00147
0.537605
0.984491
0.902187
1
0.793417
0.736862
1
1.02678
0.670991
1.01779
0.899623
0.820302
0.91166
1
0.64488
1.00085
0.999657
1.02724
0.869013
1.02645
0.995795
0.984904
0.601573
0.858424
0.960915
0.775028
0.925
0.959164
0.969273
0.99256
0.83016
1.00449
1.00456
0.972359
0.987044
1
0.98877
0.911644
0.742454
0.997583
0.757233
0.955233
1.01975
1.02448
0.986427
1.01229
0.773491
1.00033
1.01569
0.977751
1.05494
0.976012
1
0.883154
0.964776
0.989493
0.997106
0.719703
0.827698
0.797252
0.939749
0.999121
1.00296
0.939565
1
0.999999
0.865851
0.965386
0.788398
0.820162
0.999997
0.999999
0.850839
0.923322
0.9356
0.908491
0.982932
0.962862
1.04631
0.982109
0.85482
0.975045
0.992987
0.92363
1.0243
0.981716
0.942662
1.00743
0.739387
0.811126
1.01464
0.973844
0.848975
0.86346
1.00118
0.955551
0.751855
1
1
1.02119
1.00085
0.916292
1
0.909643
0.987838
1
0.773252
1.00052
0.956355
0.990383
0.956405
0.850906
0.95158
0.960079
0.765651
1.01175
0.786655
0.774385
0.897941
0.833615
1.01446
0.79442
0.872451
