0.986174
0.820481
0.999999
0.815859
0.992406
0.99677
1.01611
0.848489
0.84701
0.808238
0.905546
0.957705
0.942266
1.00097
0.645066
0.97399
1
0.895306
0.965142
0.707521
0.892189
1.05987
0.769783
0.778195
1
0.909529
1
1.00729
0.89956
0.706477
1.0142
0.999999
1.03983
0.753466
1.00469
0.640694
0.99424
0.982791
1.00678
0.990158
0.971733
0.853368
1.02068
1.02441
0.901988
0.939553
1.0072
0.993882
0.999999
0.793776
0.714463
1.02073
0.99904
0.88417
0.980263
1.00797
0.820458
1.02118
1.03105
0.995264
0.89028
1.08999
0.911852
1.00157
1.00636
0.965374
1.03187
0.754964
0.986997
0.970868
1.07665
0.833077
0.896673
0.999999
0.998959
0.879537
0.97756
0.936354
0.903138
1.00124
0.728381
0.854092
0.989267
0.953601
1.00628
1.03466
1.0084
1.00088
0.862387
1.04608
0.953488
0.999998
1
0.982937
0.961303
0.999999
0.8636
1.00367
1.00758
0.771526
1.00148
1.00694
0.987443
0.963293
0.94209
0.728829
0.663589
0.999999
0.842702
1.00217
0.910447
1.02816
0.936733
0.92416
1.02732
0.966844
1.11713
1.00267
0.857389
1.01223
1.00204
1.0097
0.782065
1.03542
1
0.867486
1
1.02075
0.977493
0.999548
0.938027
1.03504
0.991787
1.035
0.948072
0.970274
0.981283
0.999999
0.999998
1.00204
0.878946
1.03184
0.99695
1.00172
1
0.829201
1.0044
0.988599
0.983052
0.987678
0.877302
1.00319
0.955916
0.703811
0.901875
0.920166
1
1.00484
0.894381
1.02804
0.980306
0.689436
0.863339
0.957445
1.01009
0.953367
0.988905
0.795412
0.889424
0.985853
0.979174
0.983954
0.932718
0.985559
1.0096
0.964593
0.993217
0.974133
1.0112
0.801298
0.896584
0.891081
0.924193
0.955361
0.959891
0.874401
1.00012
1
0.97858
1.00512
0.843313
0.988224
0.999998
1.02989
0.999998
1.02959
0.999998
0.99202
0.999999
1
0.919432
0.757599
0.938843
0.842076
0.95786
0.926416
1.0181
0.917375
0.999999
0.995865
0.881462
0.99304
1.06286
1.00169
0.948444
1.02321
0.847015
0.890127
0.983869
0.972189
0.978765
0.99568
1.01931
0.94943
0.81384
0.961866
0.905267
1.04034
1.00275
1
0.997043
0.92231
0.897704
0.888144
0.980895
0.889585
0.823653
0.985605
1
1.00785
1.00336
1.0146
0.986451
0.72262
1
1
0.846295
1.05953
1.02644
1
1.00338
0.99764
0.94386
1.00196
0.946674
1.00012
0.840463
0.99983
0.790903
0.910124
1.02018
0.876967
0.840281
0.93492
0.885985
0.906725
0.999999
0.965888
1.0296
0.968536
0.988494
0.934119
0.88062
1.03036
0.846403
1.07042
1.03253
1.00656
0.851341
1.01566
0.916839
0.984077
1.01854
1.04094
1.01111
0.986997
0.953524
0.997572
1.05651
0.904798
0.980975
0.997245
1.00144
0.971922
0.796196
0.999997
0.96798
1.01468
1.00883
0.826195
1.05489
1.00402
1.00747
0.999998
0.890516
1.05634
1.01216
0.884447
0.899857
0.989791
0.955228
0.999997
1.00832
0.995317
0.894291
1.02883
1.02695
0.977721
0.978488
1
1
1
1.01333
0.945087
0.799784
1
1.14287
0.862578
0.907334
1.02869
1.01301
0.858185
0.993392
0.994637
0.948301
0.964894
0.796717
1.06934
0.809705
0.98468
0.990263
0.766626
0.907798
1.02948
0.937016
0.974847
1.03601
0.881585
1.01386
1.01113
0.864772
0.990977
0.929655
0.869309
1
0.963159
0.989184
1.00111
0.936631
1
0.964172
0.840352
0.993355
0.990677
0.912448
1.00004
1.0023
0.928499
0.992738
0.999999
0.98952
0.878788
0.813386
0.738393
0.975774
0.879846
0.955229
0.952893
0.968977
0.795306
1.00385
0.994156
1.03074
0.99317
1.01776
0.910703
1
1
1.02637
0.999999
1
0.705692
1.0973
1.00054
0.936355
0.918522
0.921125
0.967684
1
0.9839
0.885248
1.02338
0.999999
0.896785
0.9847
0.981475
0.865907
0.91813
0.999272
0.972516
1.12368
1.00095
0.957854
1.00106
0.949786
0.952812
0.980515
0.799427
1.03855
0.922785
0.981897
1
0.896475
0.998301
0.926739
1.05686
1.01266
1
1.01378
0.967388
1.01137
0.887609
0.934774
1.04135
1.00351
1.00087
0.952786
1.03949
0.875528
0.988061
0.98386
0.958245
0.997486
0.987067
1
0.848164
0.85587
0.941973
1.00338
0.997161
0.998126
1.00839
0.982957
1.00874
0.995974
1.00153
0.895632
0.974509
0.799857
1
0.799632
0.963517
0.742014
0.999999
0.96368
1.03121
0.997741
1.02707
0.707677
0.983807
1.03981
1.03904
0.660378
0.952355
0.96373
0.920744
1.01604
0.962346
1
0.845895
1
1.01271
0.962871
0.832419
1.0554
1.00375
0.820544
1.01312
0.918881
0.970007
1.00781
0.98182
1.01025
0.66962
1.09792
1
0.870396
0.927201
0.978417
0.842607
0.899228
1.01161
0.999998
0.836407
0.99051
0.904357
0.730643
0.801062
0.998033
1
1.02017
0.989837
0.982184
0.99812
0.970041
0.953607
0.919088
1.00441
1.01097
0.999719
0.974366
0.937027
0.999998
1.0005
0.961136
1
1.0023
1.0126
0.992619
1.0054
0.999999
1.00802
0.992839
1.02476
0.932635
1
1.00659
0.953482
0.81877
0.993028
0.948856
0.820803
0.917479
0.994235
0.762765
1.00285
0.938754
1.00172
0.86628
0.738858
1.03802
1.00885
1.00647
0.999999
1.00895
1.00291
0.903763
1.00576
0.953441
1.06087
0.999998
0.906469
0.968827
0.993293
1.00662
0.999999
0.764143
0.924613
1.00592
0.911055
0.984699
0.957247
0.882182
0.993798
1
0.959965
1.00425
0.76149
0.929266
1.04919
0.969543
0.945122
0.996528
1.01386
0.993239
1.02472
1.01767
0.959216
1.00012
0.833094
1.09215
0.963619
1
1
0.904322
0.980245
0.832128
0.999999
0.802359
1
0.751243
1
1.00667
0.948582
0.752329
0.999999
0.905609
1.00129
1
0.966089
1.04499
0.982973
0.93559
0.965347
0.833143
0.808777
0.999999
0.928005
0.818562
0.754078
0.999998
0.814144
0.867555
0.961857
0.980813
0.855449
0.918365
1.00556
1
0.926443
0.955425
1.01981
1
0.978927
0.685999
0.999999
0.93451
1
0.776439
0.966559
1
1.00223
0.998503
1.0053
0.749664
0.667517
0.98236
0.777902
1.00489
1.00084
0.891666
0.854713
0.999999
1.03129
1.00598
1
0.981876
0.840021
0.768323
0.999999
0.911054
0.999999
1.03702
0.946904
0.923473
0.949067
0.932209
0.992254
0.993274
0.965455
0.840062
0.999998
0.927524
0.909245
1.01626
0.891741
0.904509
0.625249
0.986283
0.961327
0.940327
0.999998
0.999999
0.974079
1.03118
0.948902
1
0.983725
0.953999
0.705748
1.00137
1.00062
0.977787
0.831564
0.871431
0.999998
1
0.706371
1.00517
0.896523
1.01382
1.02318
1.00328
0.999999
0.973615
0.744688
1
1.00527
0.969726
0.9873
1.0124
1.06407
0.934002
0.952548
0.915456
0.952895
0.922579
0.998718
0.869205
0.890461
0.998654
0.938779
1
0.943192
0.762523
0.809564
0.989378
0.877071
0.975124
0.843834
1.2215
0.766102
0.631934
0.999999
0.992806
0.827917
0.93146
1
1.00246
0.939871
1.00046
0.959719
1.17295
1.00246
0.98497
0.997191
0.896249
1.00048
1.00415
1.03332
0.913602
0.999998
0.806887
0.973251
0.938308
1.00436
0.993615
0.936425
0.735642
0.823968
0.932298
0.971686
0.975737
1.00975
1.11466
0.801172
1
0.995458
0.979645
1.04364
1.04667
0.942211
1.00143
1.00799
1
1.04035
0.939488
0.944847
0.93994
0.988944
1
0.807318
0.97414
0.988603
0.906005
0.894624
0.986941
0.979583
0.989513
1.02216
1.00017
0.999999
1
0.930017
0.843646
0.814552
0.908375
1.03038
0.975614
1.00277
1.00623
1
0.799107
1.09377
0.728725
1.00661
0.990781
1
1.00303
0.939945
1
0.974395
0.877305
0.99933
1.01613
1.05065
1.00154
1.00299
0.819388
0.988318
0.992579
0.965478
0.816076
0.969857
0.95576
0.942745
0.997538
0.964817
0.902375
0.936316
0.9962
0.999963
1.01831
0.899789
0.997772
0.94585
1.01806
0.993074
0.996081
0.977595
0.978713
0.950934
0.772733
1.00492
1.00009
1
0.997023
1
0.99966
0.982421
0.765553
0.869123
0.983833
0.945839
1.00898
1.02508
1.00329
0.892318
1
0.943937
1
1.00621
0.964667
1.02462
0.937073
1
1
0.955237
0.960736
0.950805
1.05173
0.982427
0.980261
0.731197
0.975895
0.825735
0.976739
0.906507
1
0.999999
0.948633
1
0.866451
0.968022
0.999999
1
1.0188
0.750198
0.940029
0.995552
1.05198
1.00561
0.755191
0.957079
1.0112
1.01118
0.824201
0.905443
0.999267
0.690714
0.989447
0.858514
1
1.02412
0.97186
0.987194
0.758399
0.855218
0.692901
0.975525
0.829115
0.903705
0.999999
0.97205
0.962626
1.00099
0.959652
0.92373
1.0386
0.984551
0.971459
1.01875
0.952114
1.06372
0.956468
1.00013
0.749757
0.975038
0.9576
1.00788
0.9823
0.937841
0.958347
0.849722
1
0.999998
0.937935
0.999999
1
0.922382
1.00342
0.94308
0.986317
0.959025
1
1
1.01031
1.01623
0.747983
0.997376
1.07017
0.784525
0.991761
1.01959
0.784793
0.930853
0.912576
0.981968
0.994544
0.99077
0.999999
0.990974
0.800828
0.982354
0.688649
0.940698
0.812683
1
0.838503
0.999741
0.992447
0.982532
0.982573
1.01398
1
0.809232
1.02841
0.789572
0.937401
0.942163
0.977557
0.981726
0.896992
0.987103
0.984258
0.970526
1
1.00697
1.00096
0.796168
1.00994
0.999034
0.999999
1
0.949722
0.858397
0.824332
0.905766
1.01296
1
