0.771359
0.530954
0.61794
0.580348
0.911692
0.669929
0.694398
0.977948
0.671437
0.739854
0.633552
0.853228
0.697301
0.713857
0.744189
0.824167
0.653904
0.667212
0.796462
0.85642
0.85024
0.929589
0.890324
0.85272
1.00215
0.887105
0.88548
0.721481
0.884039
0.577354
0.913496
0.639595
0.799395
0.877297
0.760416
0.89365
0.770312
0.815441
0.891682
0.680949
0.604938
0.636117
0.829739
1.00548
0.669063
1.0172
0.859894
0.990758
0.646101
0.629876
0.675805
0.663067
0.56291
0.673953
0.630441
0.76829
0.768101
0.722869
0.907938
0.660929
0.900104
0.832868
0.610039
0.719041
0.575914
0.54871
0.460839
0.85214
0.586639
0.816031
0.698773
0.620167
0.684708
0.884298
0.786498
0.692487
0.702891
1.02434
0.657694
0.782713
0.624819
0.667431
0.643054
0.62556
0.722804
0.798544
0.852563
0.819851
0.813526
0.969376
0.600274
0.916658
1.02003
0.878724
0.770548
0.730466
0.924179
0.809391
0.935683
0.666713
0.695853
0.872982
0.786143
0.774351
0.752752
0.816271
0.871557
0.787917
0.546895
0.757524
0.818573
0.842175
0.661948
0.754782
0.799335
0.936134
0.742778
0.84546
0.795553
0.614074
0.77897
0.874561
1.02011
0.792453
0.865524
0.803306
0.743793
0.728876
0.7357
0.759734
0.88983
0.654409
0.814754
0.851416
0.856311
0.799732
0.929895
0.720329
0.75081
0.663633
0.850294
0.647512
0.707339
0.821401
0.691031
0.89623
0.716229
0.799935
0.742557
0.667877
0.894398
0.9493
0.754225
0.96935
0.898182
0.778747
0.741242
0.768421
0.774615
0.57962
1.00654
0.64435
0.908152
0.857683
0.735425
0.818563
0.645158
0.793863
0.753918
0.813251
1.01906
0.732634
0.367318
0.786325
0.432455
0.753056
0.798283
0.633236
0.859906
0.720842
0.87611
0.889871
0.534644
0.689955
0.77944
0.598137
0.768605
0.803711
0.740862
0.8357
1.02246
0.808637
0.650592
0.728198
0.552327
0.592198
0.882809
0.722208
0.572516
0.650335
0.882657
0.842701
0.803088
0.781504
0.877275
1.0232
0.996884
0.795209
0.56413
0.681903
0.772753
0.55209
0.838022
0.705991
0.950817
0.899121
0.70335
0.819146
0.826391
0.920157
0.75782
0.655314
0.732444
0.76043
0.606014
0.676543
0.702679
0.755012
0.846925
0.897215
0.981774
0.784531
0.849825
0.781444
0.902639
0.868245
0.745416
0.794496
0.826384
0.828461
0.649523
0.762594
0.823567
0.761148
0.76475
0.627958
1.17852
0.778501
0.779285
0.697882
0.577903
0.996951
0.54066
0.819816
0.994753
0.824552
0.855164
0.824488
0.669332
0.929163
0.860694
0.542426
1
0.626903
0.545209
0.653286
1.05237
0.67884
0.835022
0.980601
0.833711
0.75427
0.654138
0.80612
0.851466
0.910999
0.595814
0.885517
0.855446
0.58503
0.543002
0.813675
0.811388
0.804606
0.652869
0.761874
0.776335
0.491095
0.758719
0.848497
0.892659
0.846939
0.651665
0.898569
0.637429
0.943166
0.582506
0.615739
0.902853
0.772008
0.82607
0.72523
0.730437
0.9289
0.595376
0.874902
0.653962
0.72199
0.794257
0.714361
0.854409
0.792312
0.655558
0.746215
0.708645
0.898026
0.854613
0.87364
0.857397
0.800503
0.914971
0.740477
0.931759
0.778629
0.774261
0.66988
0.783512
0.823577
0.910985
0.694856
0.707006
0.756967
0.720709
0.805959
0.819089
0.731847
0.754011
0.784489
0.978249
0.813738
0.863864
0.696773
0.75445
0.644142
1.0135
0.843501
0.943815
0.548628
0.729065
0.61097
0.725639
0.620879
0.532957
0.803459
0.83033
0.874125
0.961197
0.707011
0.712823
0.877659
0.694112
0.728445
0.73059
0.576148
0.69423
0.850218
0.820126
0.886608
0.735252
0.680006
0.773631
0.684042
0.705009
0.605738
0.741211
0.829194
0.807569
0.902707
0.720539
0.780443
0.884745
0.960407
0.555088
0.671863
0.882916
0.936895
0.640509
0.695247
0.743872
0.636161
0.950897
0.837383
0.795823
0.932606
0.865683
0.655041
0.854886
0.832632
0.863006
0.747748
0.704653
0.787279
0.895413
0.818057
0.768473
0.643806
0.759803
0.921198
0.801395
0.765696
0.886776
0.817018
0.917154
0.657296
0.689292
0.734201
0.83423
0.815919
1.00211
0.838292
0.610138
0.64988
0.788075
0.891254
0.999999
0.840999
0.673893
0.711903
0.95063
0.937508
0.634641
0.675571
0.685285
0.485275
0.622697
0.611464
0.760915
0.863066
0.753142
0.837462
0.854364
0.802284
0.812461
0.862218
0.767662
0.834824
0.670884
0.605505
0.620739
0.700191
0.819429
0.803775
0.821836
0.612027
0.821444
0.976371
0.813471
0.685545
0.79376
0.774703
0.863396
0.698957
0.552818
0.734216
0.687722
0.725422
0.718642
0.752477
0.660454
0.592125
0.711382
0.736686
0.74807
0.531201
0.481688
0.709083
0.645867
0.783689
0.752447
0.910653
0.74941
0.670845
0.603622
0.785541
0.563117
0.654993
0.816108
0.715992
0.752495
0.764262
0.624723
0.664597
0.920684
0.949066
0.670092
0.851788
0.73841
1.01391
0.812823
0.496373
0.675885
0.804895
0.681058
0.695632
0.662986
0.647516
1.01338
1.05416
0.917997
0.785237
0.965013
0.851721
0.764829
0.873027
0.917725
0.775008
0.820827
0.898408
0.684761
0.808592
0.760772
0.595646
0.700658
0.872525
0.567007
0.830019
0.520183
0.631476
0.750983
0.627463
0.635738
0.68047
0.707667
0.846738
0.636736
0.541439
1.01135
0.915836
0.816665
0.840353
0.569448
0.912429
0.761744
0.832688
0.730789
0.90497
0.723
0.699778
0.628364
0.690732
0.767241
0.791495
0.704571
0.831609
0.740146
0.819418
0.818285
0.618951
0.706555
1.11094
0.531586
0.829804
0.640876
0.607755
0.663174
0.624606
0.639307
0.669286
0.700917
0.645065
0.798031
0.805244
0.738326
0.776175
0.735867
0.952051
0.900456
0.696945
0.854835
0.669968
0.530747
0.852813
0.746316
0.662976
0.696333
0.878307
0.689725
0.979896
0.655981
0.916553
1.00576
0.725054
0.68378
0.708323
0.867516
0.92433
0.582319
0.817767
0.89081
0.847515
0.701183
0.7398
0.459495
0.748884
0.651824
0.662635
0.902188
0.794163
0.738352
0.676111
0.558921
0.799545
1.03874
0.692933
0.670633
0.710075
0.687848
0.836414
0.870453
0.824847
0.802262
0.84061
0.721931
0.818059
0.837587
0.789883
0.77656
0.625647
0.680691
0.862076
0.511437
0.848926
0.627764
0.763499
0.953166
0.756618
0.993999
0.789399
0.626209
0.725487
0.593815
0.756093
0.626179
0.940965
0.717502
0.640444
0.603152
0.893616
0.842888
0.823816
0.65259
0.981294
0.770907
0.869844
0.559314
0.620572
0.66306
0.752235
1.02379
0.812438
0.747323
0.559677
0.659726
0.964343
0.808834
0.793558
0.936072
0.671213
0.537734
0.525324
0.846544
0.713948
0.738999
0.999999
0.611801
0.689664
0.608758
0.992684
0.825772
0.834891
0.896502
0.998077
0.618571
0.783193
0.921304
0.737826
0.75845
0.665696
0.921522
0.663231
0.663947
0.840642
1.02642
0.872425
0.915447
0.625465
0.912603
0.959002
0.829791
0.831012
0.716434
0.786553
0.837959
0.905126
0.831529
0.875499
0.689888
0.855746
0.801171
0.902105
0.593398
0.727475
0.781704
0.742549
0.766622
0.90523
0.66897
0.813375
0.727909
0.765763
0.712437
0.866349
0.704955
0.661353
0.865113
0.767317
0.867021
0.843897
0.811798
0.890237
0.766916
0.754336
0.694209
0.859746
0.823184
1.03893
0.778844
0.798575
0.708024
0.528882
0.759218
0.744028
0.767196
0.893288
0.526599
0.711859
0.849811
0.71442
0.780393
0.758892
0.919365
0.984476
1.05963
0.700941
0.805227
0.847311
0.820481
0.834457
0.749083
0.870477
0.751513
0.809284
0.741039
0.602663
0.548203
0.70731
0.714924
1.0228
0.608006
0.9877
0.708025
0.62197
0.828534
0.644701
0.71145
1.01941
0.76221
1.0253
0.683046
0.901866
0.969037
0.663658
0.705246
0.603054
0.571306
0.534768
0.826257
0.811777
0.616095
0.91704
0.747273
0.585251
0.743547
0.989012
0.765186
0.658257
1.02445
0.694106
0.605949
0.915605
0.756495
0.845172
0.851372
0.853957
0.699877
0.922353
0.764744
0.832093
0.690052
0.845002
0.735288
0.536977
0.715322
0.914597
0.862062
0.863923
0.860462
0.765472
1.04823
0.688703
0.727969
0.659626
0.605366
0.71704
0.872204
0.773388
0.67517
0.757395
0.824575
0.92192
0.581594
0.622122
0.722016
0.798106
0.775699
0.774169
0.774453
0.770425
0.78313
0.710659
0.900595
0.82854
0.771232
0.842975
0.775096
0.913617
0.678174
0.793738
0.636984
0.822128
0.785194
0.809989
0.86656
0.917942
0.82375
0.707554
0.834724
0.764931
0.931482
0.602633
0.827757
0.810599
0.734677
0.601153
0.977844
0.733481
0.967034
0.702846
0.771904
0.571043
0.87129
0.868731
0.692614
0.642533
0.701549
0.80788
0.78364
0.842381
0.797877
0.703955
0.75701
0.825641
0.64543
0.896637
0.723347
0.66459
0.715053
0.722301
0.971693
0.811702
0.867659
0.788622
0.729731
0.857545
0.907386
0.810502
0.806374
0.84672
0.754928
0.705456
0.539227
0.682267
0.521017
0.725687
0.764386
0.715968
0.712394
0.730555
0.793814
1.06042
0.906382
0.807925
0.769123
0.539369
0.79288
0.686471
0.684825
0.701438
0.86484
0.949835
0.650328
0.699022
0.789086
0.616234
0.667561
0.739037
0.684724
0.836177
0.78496
0.790181
0.688808
0.69386
0.669637
0.817677
0.624949
0.8172
0.574962
0.75712
0.993434
0.85749
0.790994
0.83052
0.723585
0.737986
0.65547
0.694
0.787957
0.882937
0.689949
0.789531
0.656802
0.797074
0.836907
0.705173
0.830176
0.624641
0.694352
0.641886
1.05441
0.718611
0.7906
0.775589
0.786076
0.773106
0.980266
0.548029
0.664311
0.880484
0.852748
0.836178
0.698662
0.764244
0.686065
0.534193
0.67996
0.905264
0.61248
0.638995
0.732829
0.826457
0.889733
0.735149
0.677442
1.00924
0.901469
0.654569
0.693329
0.905395
0.685539
0.912276
0.634328
0.898265
0.894073
0.720931
0.782869
0.693901
0.590061
0.757331
0.494629
0.526792
