1.01198
0.994767
1.02755
0.912793
1.02264
0.992375
0.793619
0.809795
1.00099
0.941717
1.00262
1.00209
0.93463
0.992599
0.859447
0.987494
1.03
1.01324
0.929735
1.00452
1.00223
1.0137
0.883664
0.956628
0.816749
1
0.799292
0.971957
0.978304
0.788916
0.948824
0.835355
0.875587
1.0224
1
0.920061
0.841883
1.00011
1.02463
0.800571
0.794519
0.868539
0.985641
0.997779
0.951651
1
0.889774
1.02555
0.889454
0.837537
0.937327
1.01788
1.01382
1.01799
0.985952
1.00352
0.992618
1.01135
1.00488
0.843294
0.989568
0.920664
1.04303
0.997248
0.956281
1.00919
0.94232
1
0.857473
1.00855
1.0229
0.988441
1.03139
0.819002
0.95345
0.971165
0.977718
1.03874
0.989136
0.942101
1
0.935509
1.05175
0.911491
0.949941
1.05095
0.826625
0.822174
1.02163
0.919865
1.02224
0.761771
0.981548
0.843467
0.982194
0.976278
0.999999
0.946719
0.754136
0.922904
0.991597
1.01537
1.05143
1.02229
1
0.895581
0.978363
0.954418
0.94878
0.910984
0.98078
1.0137
0.938569
1.0011
1.00149
0.922294
0.966698
0.98159
0.947065
0.987793
1
0.914215
1
0.999998
0.970485
0.854482
0.912044
1.0105
1.04294
1.0504
1.02385
0.995769
0.839039
0.864774
0.920478
1.00741
0.830503
0.98619
1.0082
1.00781
0.866798
0.81844
1.02444
0.921714
0.852433
1.00019
1.00231
1.00151
0.985269
0.911811
0.817826
1.00293
0.928241
1.00296
0.866126
0.913373
1.00393
1.03865
0.979239
0.989001
0.994181
0.814014
0.916665
0.9562
0.909789
0.920858
1.00883
0.935185
1.02452
1.04334
0.978368
0.896369
0.730819
1.02368
0.999999
0.749063
0.84111
0.856912
0.887918
0.955116
0.932381
0.996944
0.98793
0.883622
0.989938
1
0.925198
1.00376
0.913461
0.859703
0.975008
0.771211
0.908526
0.937626
1
1
0.991918
0.908844
0.953381
1.03725
0.886351
0.992188
1.00966
0.999999
0.969873
0.856367
0.955282
0.996362
0.750937
1.00063
0.910636
1
1.00098
1.00093
1.0841
0.903268
1.00872
0.987945
0.971698
1.00322
0.956005
0.999999
0.945013
0.817723
0.851666
0.923905
0.831732
1.07323
1.01187
0.954627
0.976269
1.02294
0.904613
1.00581
1.01291
0.981689
0.856198
0.945064
0.999999
1.00255
1
0.988695
0.950095
0.996088
1.01237
1.02553
0.979937
0.991928
1.026
0.842773
0.943501
0.926209
0.949173
1.03711
0.993935
1.00608
0.816536
1.0079
0.989776
1.02339
0.961477
0.898365
0.777767
1
0.946212
1
1.00063
1.00449
0.808292
1.00508
0.952828
0.947745
1.04444
1.0183
1.07619
0.993374
1.06061
1.05777
1.00094
1.03013
0.934283
0.650612
0.982288
0.985534
0.830358
0.843592
0.990654
0.920541
0.952848
0.964383
0.990193
0.955239
0.99945
1.0022
1.02223
0.799202
1.03484
1
1.0208
0.998374
1.0011
0.952659
1.00137
0.793932
0.871233
0.998847
1.00053
0.960029
1.01964
0.994189
0.934946
0.970034
0.933038
0.997541
0.965534
0.86457
0.992155
0.968918
0.949695
1
1
0.99295
1.00793
0.793229
0.809173
1.02073
1.0148
0.896944
0.913644
1.02339
0.874016
1.01078
1
1.01304
0.978622
0.99299
1.01751
0.95868
0.925319
0.999999
0.983206
1.00225
1.01921
1
0.999069
0.994887
0.978564
1
0.942855
0.905544
0.795039
0.871299
0.992804
0.921073
0.963789
0.964556
1.00782
0.917537
1.01868
0.94595
0.976219
0.995913
0.999999
0.999999
1.05164
1.00733
0.999999
0.94328
0.951511
1
0.996141
0.992802
0.90999
0.789097
0.994975
0.892674
0.89753
1
0.996381
0.955096
0.985962
1.0065
1.11205
0.977462
0.959174
0.980891
0.999999
1.00117
0.937492
0.656886
0.855133
0.99957
1.00248
1.00407
1.01742
0.986312
0.934939
0.938763
0.943511
0.990838
0.833531
0.974725
0.994983
1.00034
0.982636
0.93592
0.808623
0.974844
0.999999
0.881199
0.962946
1
1.00166
0.806715
0.987978
0.999999
0.961982
1.01449
0.975334
0.998058
0.969498
0.998048
0.973784
0.984056
0.995867
1.01116
1.085
0.999999
0.982416
0.892608
0.932912
0.999999
0.994105
1.00819
0.98698
1.02262
0.973882
1.02254
1
0.888977
0.999999
0.991026
1.00286
0.967655
1
0.963422
1.01224
1.01367
0.872998
1.00469
0.62341
0.997771
1.01988
1.03576
0.801893
0.998509
0.805903
0.966959
0.855842
1.06039
0.912898
1.01331
0.868916
0.906488
1.02714
0.970217
1.00946
1
0.994198
0.895134
0.990438
1.00959
1.04596
0.95025
0.887226
0.960232
0.924776
1.13376
0.96973
0.999999
0.778057
0.944693
1.00177
0.961982
0.87264
0.854361
0.798109
1.02578
0.9284
0.878388
1.01495
0.981951
0.828261
1.00453
0.749996
1.03239
0.985754
0.889051
1.04394
0.974217
1.02379
0.989204
0.996368
0.882951
0.97016
0.888631
0.920543
0.870425
0.969624
0.916302
0.938277
0.992122
0.941002
0.959325
1
0.89537
0.999999
0.967377
1.00116
1.01756
1.02572
0.988811
0.966472
0.999476
0.864713
1.00191
1.04655
0.97303
1.03309
0.966771
0.982107
1.03368
0.877157
1.00203
0.980524
0.937117
0.860719
0.991854
0.982832
0.969004
1.01228
1.02581
0.8879
0.986688
1
1.00356
1
0.967643
0.818453
1.05193
0.999999
0.995818
0.99599
0.738326
1.03
1.05525
0.610791
0.926053
0.929852
0.873634
1.00731
0.924305
0.997628
0.883184
0.854376
0.929833
0.935358
1.00176
0.938005
0.844082
0.81426
0.882153
0.970459
0.935457
1
1
0.952772
1.00282
0.815756
0.835593
0.960689
1.02603
0.930947
0.858848
0.736134
1.01105
0.981892
0.808079
0.80209
0.92078
0.966005
0.978104
0.997836
0.927496
0.972739
0.993772
1.0528
0.941758
0.908488
1.00257
1.01035
0.941697
0.985046
0.988096
1.02616
0.85278
0.926055
0.973779
0.883503
0.971692
0.918566
1.0094
0.847852
1.00507
0.961717
1.03182
0.78409
1
0.978593
1.03714
0.971174
0.874982
1.00227
0.98363
0.915129
0.948015
0.914358
0.99979
0.972016
1.00039
0.895608
0.906916
1.00384
1
0.925495
0.998058
0.987732
1
0.844768
0.953929
0.956939
1.01513
1.04125
1.02625
1
0.795888
0.963835
1.00231
1.00603
1.02186
0.915123
0.877485
0.986796
0.985695
1.00763
0.933454
0.915654
0.98994
0.994529
0.891078
0.871032
1.02581
0.662815
0.915273
1
0.956446
0.988555
1
1.00006
0.962193
0.756623
0.873809
0.87979
0.9233
0.900077
1.02914
0.950758
0.998243
0.790739
0.847616
0.992765
0.831594
0.7549
0.987648
0.88411
0.975612
0.938713
1.02041
0.990976
1.02751
0.900133
0.933743
0.98087
0.98628
1.0057
0.966446
0.88524
1.07975
1.00759
0.999923
0.956862
0.949602
1.03506
1
0.985385
0.854711
0.885911
0.974646
0.971534
0.97848
0.981921
1.00886
1
0.89817
0.901532
1.00367
0.855992
0.895203
0.999998
0.945962
0.979466
1.0013
0.932191
0.95727
0.960128
1.00452
1.01339
1.00328
0.910734
0.838332
0.98606
0.983271
1.02233
0.895949
0.951673
0.873998
0.988553
0.981791
1.02736
1
1.00705
0.788239
1.03292
0.964021
1.00016
1.02955
0.929347
0.97906
0.970048
0.997436
1.02128
0.820197
0.960112
1.02355
1.00583
0.891474
0.87041
1.06915
0.923473
0.915123
0.988564
0.979804
0.88937
1.0142
0.909336
0.918224
0.979922
1
0.974008
0.958086
1.00894
1.02343
0.888934
0.811772
0.999999
0.995377
0.775209
1.02454
0.991119
0.960696
0.94158
1.00946
1.05606
0.868224
1.00501
1
0.977313
1.02736
1
0.999999
0.897143
0.99231
1.01725
1.0097
1.00885
0.922084
0.951317
0.788038
1
0.996768
0.904072
0.931811
0.968185
0.999356
0.915648
0.935363
1
0.957252
1.02899
0.964961
1.00794
1
1
0.912788
0.829942
1.02741
1.04747
0.793355
1
0.992289
0.574211
0.92347
1
0.973557
1.02694
1.02534
0.996482
0.784779
1.0435
0.914831
0.978393
1.02858
0.911496
1.00643
1.03337
0.895311
0.973611
0.745483
0.992744
1.00196
1.12021
0.92154
0.990492
0.905508
1.00265
0.973362
0.97044
0.915404
1.12281
0.972494
0.923877
1.00969
0.984744
0.978799
1.02944
1.01025
0.765689
1
0.959089
1.03266
0.856995
0.9636
0.892641
0.947605
0.971775
0.909541
1
1.03109
0.94157
0.921077
1.01523
0.979742
0.981857
0.774432
0.978433
0.743063
0.760126
0.867881
0.956689
0.923321
0.993359
0.99381
1
0.982135
1.05835
0.764537
0.992061
0.900722
1.00305
0.922128
0.991984
0.999852
1.01232
0.90432
1
1.01282
0.939163
1.02597
0.844731
0.813975
1.03276
0.743968
0.999999
0.998036
0.939058
0.992299
0.991581
0.992635
0.964896
0.862804
0.957044
0.834359
0.676351
0.929962
1.01017
1.00958
1.00815
0.804066
0.955784
0.996412
0.937527
0.994279
0.856004
1.00342
0.995249
0.986757
1.01175
1.01632
0.978072
1.03375
0.811637
1.04017
0.976688
0.944173
0.92646
0.99018
0.99017
1.00668
0.894244
0.996411
0.948344
0.957773
0.945935
0.978154
1
1.00409
0.951306
0.992077
0.999999
0.976063
0.830103
0.996958
0.967765
0.934532
1.00146
0.914243
0.989102
0.848139
1.00275
0.99537
0.958761
1.04314
0.97108
1.02244
1.01965
0.99964
1.03572
0.810138
1.01631
0.94206
0.991955
1.03394
0.85638
0.876473
1.0252
0.871493
0.962185
0.827562
1
0.945121
1
0.887863
1.00386
0.974292
1.01087
0.945052
1.04467
0.991859
1.00308
0.972558
0.88969
0.954602
1.01346
0.93259
0.999999
1.02919
0.853244
1.00448
0.999999
0.815282
