0.844187
0.834787
0.740563
0.929762
0.72875
0.841965
0.749157
0.840708
0.759096
0.693233
0.811285
0.703886
0.926028
0.6219
0.945069
0.79557
0.854356
0.898702
0.730911
0.805979
0.935365
0.690519
0.737971
0.874104
0.667817
0.564282
0.826836
0.709772
1.00431
0.721888
0.884544
0.905537
0.678832
0.746723
0.830962
0.77853
0.797819
0.879174
0.832685
0.755786
0.697857
0.754826
0.581195
0.828548
0.959547
0.678696
0.735533
0.850626
0.807082
0.744675
0.701553
0.807772
0.869116
0.789228
0.879905
0.736881
0.736406
0.712515
0.793057
0.78435
0.660911
0.930456
0.769633
0.548945
0.625537
0.692067
0.85376
0.746454
0.482947
0.666346
0.793846
0.689758
0.620196
0.561778
0.829459
0.762627
0.733737
0.630375
0.740226
0.836954
0.715052
0.688742
0.56948
0.603635
0.679035
0.667701
0.777083
0.861619
0.843596
0.957112
0.755093
0.8894
0.737141
0.751076
0.714947
0.705504
0.767029
0.896826
0.995495
0.730573
0.805459
0.68828
0.814493
0.661889
0.832601
0.772269
0.910402
0.562268
0.737529
0.592051
0.785984
0.799076
0.932
0.738175
0.734137
1.01783
0.827795
0.637762
0.69558
0.832654
0.795712
0.941533
0.555654
0.850873
1.03696
0.755543
0.613085
0.758422
0.509381
0.915783
0.629079
0.829289
0.622992
0.643513
0.681969
0.730429
0.708714
0.921665
0.718886
0.549503
0.817146
0.706677
0.834636
0.758238
0.881285
0.731613
0.798892
0.975716
0.71054
0.982071
0.729669
0.935589
0.860246
0.765319
0.766403
0.713201
0.666263
0.818912
0.758894
0.769574
0.839321
0.672634
0.932537
0.853365
0.777515
0.728165
0.738224
0.861157
0.798955
0.625805
0.857354
0.79566
0.708138
0.903536
0.5155
0.739954
0.622388
0.580207
0.853462
0.704858
0.569048
0.845937
0.750507
0.716391
0.731687
0.740847
0.636221
0.564871
0.699223
0.666352
0.755772
0.800839
0.69766
0.736161
0.752389
0.706218
0.802198
0.571183
0.665885
0.561235
0.605642
0.756077
0.610484
0.796691
0.781103
0.695534
0.718473
0.623682
0.666803
0.709938
0.74667
0.657116
0.748005
0.700573
0.854452
0.79464
0.866599
0.811007
0.727498
0.865841
0.706593
0.900304
0.801562
0.78719
0.826123
0.641479
0.795345
0.854313
0.670096
0.77288
0.614687
0.772687
0.847334
0.649309
0.798824
0.729721
0.660836
0.693162
0.66379
0.682842
0.728503
0.76958
0.897574
0.817644
0.733746
0.651571
0.767273
0.807215
0.937836
0.84895
0.642162
0.926571
0.618386
0.693085
0.933036
0.774928
0.87959
0.873322
0.528311
0.793767
0.843639
0.877661
0.77161
0.710146
0.880977
0.643443
0.669206
0.974963
0.786112
0.829176
0.904447
0.818406
0.795847
0.73958
0.791179
0.549069
0.835615
0.726181
0.953389
0.640152
0.640843
0.742684
0.629216
0.922378
0.932231
0.633202
0.688625
0.834549
0.881146
0.852976
0.751333
0.656198
0.865566
0.81278
0.761272
0.894636
0.572387
0.708368
0.823615
0.822438
0.773746
0.918515
0.80325
0.695744
0.800335
0.831941
0.780932
0.81724
0.667399
0.901356
0.716063
0.632172
0.881503
1.02112
0.763582
0.74505
0.761773
0.611238
0.94261
0.690663
0.820303
0.985603
0.620107
0.867194
0.798527
0.836362
0.656233
0.700027
0.625162
0.883203
0.888747
0.824047
0.763465
0.688397
0.832569
0.634376
0.835685
0.621588
0.842849
0.893343
0.727243
0.557287
0.82337
0.757463
0.673277
0.748619
0.88593
0.918868
0.789111
0.711298
0.707316
0.649711
0.784226
0.708633
0.774252
0.855514
0.81369
0.715954
0.82317
0.75073
0.649763
0.663646
0.74028
0.912725
0.693972
0.760883
0.692854
0.687211
0.807044
0.644091
0.875275
0.766575
0.632798
0.779514
0.817791
0.719451
0.505934
0.893773
0.583882
0.659823
0.758992
0.865667
0.898741
0.687861
0.65623
0.796308
0.768622
0.706301
0.921801
0.64942
0.718833
0.70008
0.688472
0.714773
0.766093
1.01779
0.569049
0.938197
0.565946
0.849284
0.696699
0.802821
0.755165
0.789205
0.870399
0.694002
0.85292
0.568112
0.819002
0.66718
0.723715
0.794102
0.849351
0.652042
0.568191
0.606123
0.726966
0.896982
0.860216
0.606049
0.741264
0.7673
0.692839
0.99424
0.940377
0.721064
0.745821
0.883044
0.758734
0.705936
0.880086
0.724058
0.532261
0.650858
0.528402
0.696994
0.74222
0.774781
0.894234
0.833633
0.730052
0.827547
0.843651
0.883835
0.819503
0.740189
0.725885
0.956133
0.893475
0.643242
0.715917
0.982405
0.728266
0.722304
0.683911
0.838455
0.626572
1.06682
0.759074
0.758924
0.858944
0.796684
0.715185
0.891073
0.748419
0.802771
0.73754
0.72739
0.620035
0.850415
0.602706
0.613629
0.741671
0.670818
1.08612
0.75388
0.563879
0.722546
0.850962
0.852426
0.909795
0.934921
0.721241
0.841459
0.820086
0.879078
0.891987
0.796201
0.811962
0.708357
0.586943
0.881196
0.659741
0.842191
0.789934
0.816867
0.69843
0.916706
0.734755
0.895014
0.833295
0.822311
0.695421
0.784929
0.718581
0.820169
0.688062
0.688639
0.554384
0.889548
0.735524
0.718865
0.620008
0.688362
0.772157
0.634884
0.599844
0.872979
0.919169
0.981967
0.727499
0.862039
0.652894
0.726188
0.767002
1.10382
0.834023
0.895761
0.627098
0.717582
0.717254
0.978637
0.712456
0.536802
0.87416
0.906227
0.758836
0.630468
0.894676
0.738917
0.919218
0.723496
0.775587
0.69486
0.764575
0.722808
0.633031
0.778927
0.839717
0.846485
0.706192
0.658279
1.01765
0.558679
0.729429
0.720799
0.855934
0.610666
0.560995
0.881329
0.818524
0.847759
0.940473
0.689263
1.01362
0.766338
0.778921
0.782437
0.896931
0.861858
0.653602
0.696971
0.922479
0.877105
0.602234
0.684709
0.711914
0.693288
0.573461
0.735806
0.587333
0.813464
0.768294
0.880038
0.75893
0.930039
0.847682
0.822127
0.742424
0.784042
0.603241
0.700487
0.708325
0.93194
0.558747
0.836872
0.751586
0.621431
0.744525
0.68352
0.563729
0.719465
0.686277
0.823533
0.619099
0.82465
0.820245
0.694523
0.904857
0.69779
0.943188
0.633543
0.924129
0.710021
0.796582
0.600946
0.634425
0.693488
0.708066
0.929596
0.523821
0.713775
0.798386
0.832981
0.643675
0.848727
1.01021
0.652591
0.677531
0.807511
0.670128
0.58311
0.837616
0.759642
0.941246
0.695228
0.767792
0.832043
0.768512
0.720613
0.794235
0.687679
0.742693
0.651707
0.872625
0.891911
0.745032
0.807275
0.65993
0.744168
0.74033
0.720437
0.912236
0.860277
0.878946
0.677523
0.726158
0.687657
0.746935
0.918698
0.786849
0.84136
0.967332
0.838546
0.757483
0.951086
0.750579
0.855569
0.679911
0.723462
0.770976
0.707204
0.863026
0.773961
0.873351
0.886384
0.70046
0.622313
0.757902
0.822336
0.842135
0.787017
0.672664
0.856071
0.877331
0.854346
0.68647
0.688477
0.834202
0.958497
0.595991
0.882114
0.637466
0.890402
0.689641
0.648812
0.709116
0.880734
0.870881
0.780959
0.921773
0.70371
0.7456
0.95978
0.786073
0.655236
0.862614
0.902512
0.962315
0.7612
0.790548
0.905336
0.773245
0.710779
0.825477
0.723102
0.776943
0.579705
0.634074
0.729478
0.794389
0.838666
0.785274
1.00995
0.853111
0.668585
0.798667
0.77139
0.700865
0.652515
0.769314
0.751256
0.806254
0.77784
0.774673
0.895341
0.748842
0.794939
0.909933
0.655588
0.816741
0.758014
0.602691
0.613363
0.754555
0.683267
0.932009
0.793219
0.877389
0.910209
0.642414
0.981537
0.876627
0.736498
0.837824
0.53106
0.702825
0.862254
0.610068
0.629681
0.777617
0.884877
0.877023
0.786926
0.901264
0.91135
0.855199
0.814108
0.757526
0.731611
0.916143
0.874093
0.647861
0.740377
0.789053
0.860272
0.566575
0.646437
0.790759
0.6891
0.766667
1.00311
0.744269
0.650243
0.598974
0.904703
0.913708
0.709745
0.825579
0.729189
0.60572
0.644775
0.880759
0.794394
0.766522
0.849682
0.829358
0.713904
0.740885
0.583626
0.59438
0.721659
0.863622
0.768936
0.881644
0.705232
0.723839
0.654977
0.775431
0.709068
0.710964
0.711302
0.757934
0.790238
0.844305
0.869932
0.711018
0.845187
1.00046
0.736986
0.791408
0.596152
0.738719
0.851594
0.711098
0.826563
0.751701
0.732738
0.712154
0.789477
0.82933
0.63184
0.682176
0.926204
0.772351
0.746694
0.728194
0.75165
0.743049
0.881923
0.857182
0.594915
0.703541
0.619381
0.84862
0.53964
0.855034
0.758515
0.702265
0.751739
0.726492
0.684537
0.751555
0.581571
0.6465
0.876528
0.544706
0.632512
0.708042
0.772859
0.664262
0.868778
0.744492
0.802816
0.727596
0.684062
0.81977
0.854624
0.81194
0.647646
0.8893
0.803487
0.976922
0.747941
0.657545
0.779707
0.862531
0.823035
0.815271
0.754624
0.635251
0.628109
0.626226
0.815342
0.683041
0.639713
0.797001
0.791293
0.734721
0.623697
0.691657
0.77738
0.810126
0.815858
0.647515
0.617368
0.620472
0.791339
0.619599
0.752911
0.785416
0.731042
0.519755
0.648066
0.985573
0.732812
0.514636
0.650714
0.919483
0.745431
0.920243
0.790399
0.834978
0.736598
0.80953
0.785582
0.809464
1.01076
0.741947
0.888322
0.860863
0.700787
0.599709
0.616527
0.736348
0.726386
0.642443
0.759429
0.659658
0.770004
0.987025
0.927902
0.645025
0.686083
0.775342
0.715089
0.664146
0.841978
0.779255
0.755161
0.659068
0.821458
0.770963
0.871261
0.823442
0.759032
0.803158
0.750191
0.690663
0.691786
0.781403
0.596288
0.832152
0.833294
0.686279
0.82694
0.724766
0.691344
0.945897
0.872692
0.852883
0.701746
0.791191
0.692679
0.704796
0.69831
0.774533
0.816635
0.767439
0.635327
0.79946
0.80775
0.7525
0.871031
0.746658
0.754367
0.91284
0.900647
0.780855
0.7811
0.794845
0.808415
0.816385
1.0023
0.694727
0.806901
0.676567
0.8856
0.886647
0.738304
0.888522
0.794448
0.834452
0.805532
0.707
0.717917
0.783904
0.814937
0.898619
0.92187
