0.954071
1.16182
1.02709
0.810375
1.05536
1.17317
0.887204
1.16426
0.70623
0.872561
1.09598
1.22227
1.31986
0.634771
1.05829
0.861004
0.886999
0.900368
1.23954
1.07177
0.827276
0.985464
1.00171
0.758865
1.15906
0.801952
1.06289
1.02032
0.888772
0.865368
0.749587
1.08963
1.09464
0.868769
1.18613
0.749326
0.832716
0.828457
1.04062
0.933182
0.762714
0.995977
0.868194
0.893624
1.2166
0.930844
0.95682
0.970139
1.12525
0.844203
0.920816
1.17402
0.892614
1.06565
0.934217
0.950687
1.10059
0.793185
0.915151
1.17992
0.997999
0.967039
1.0158
0.835547
1.06634
1.03837
1.24089
1.29415
1.14694
0.941529
1.13667
0.893218
1.03369
0.74749
0.846371
1.08405
1.07283
1.15268
1.0448
1.11055
1.19195
0.916094
0.969835
1.00289
0.949826
0.864078
0.987202
0.64035
1.09899
0.834285
0.920146
0.850991
0.751712
1.07642
1.16894
0.753854
1.07863
0.835663
0.87762
0.880769
1.08739
0.864595
1.07901
0.986845
1.12352
0.986436
0.977279
1.07029
1.02027
1.19337
0.860552
0.910894
1.11649
0.972601
0.956876
0.683695
0.982258
1.02358
1.06665
0.952445
0.885455
0.846524
1.2543
0.837535
1.05718
0.874762
0.944035
1.06495
0.752534
0.914768
0.973831
0.945438
0.767026
0.870609
0.786825
0.910317
0.922435
1.26471
0.943745
1.24498
0.97367
1.05079
0.801642
0.856835
0.958054
0.909302
1.23148
0.802481
0.779965
1.32468
1.09162
1.14016
0.956459
1.1768
0.96129
0.899806
1.13471
1.04741
1.08194
1.09716
1.0056
1.13282
1.0054
1.0884
1.14186
1.19374
0.970714
0.705207
1.02538
0.872917
0.894556
1.1407
0.989901
0.903741
1.04156
0.817887
0.873338
0.8067
1.10132
0.810987
0.800371
1.33517
1.06775
0.955694
1.32334
1.09462
0.965582
0.93081
0.949962
1.01707
0.991914
0.957659
0.904505
0.940067
0.838716
1.17068
0.949798
0.813733
0.739775
0.766831
0.806665
0.85212
0.854259
1.03508
1.00837
1.01691
1.15935
0.839353
1.09314
0.899549
0.691013
0.888731
0.67471
0.741211
0.919406
0.788882
0.849013
0.920648
1.21345
0.832153
0.870399
1.06126
1.01561
1.25177
0.795245
0.903495
1.08676
1.03822
1.01597
0.935077
0.985069
1.11881
0.954392
1.06158
0.906231
0.910823
1.08497
0.826964
1.33157
1.08709
0.929502
0.723963
0.845858
0.892876
0.99554
0.956562
1.08932
1.10693
1.11171
1.12161
0.760433
0.977044
0.90888
0.822543
1.0239
0.982481
0.99011
1.15988
1.01007
0.875773
1.07113
0.825864
0.865257
0.858908
0.96381
1.03096
0.979201
0.835708
0.869952
0.861488
1.03651
0.750803
0.704987
0.861325
1.09607
0.748131
0.915041
1.00511
0.873468
0.874334
0.86535
0.803394
1.2427
0.766304
0.857219
0.863414
1.02705
1.04796
0.867774
0.944194
1.13688
1.00359
1.01108
0.969767
0.885719
1.19471
0.786403
1.17445
1.48581
1.1055
0.742413
0.831915
0.950791
0.942385
0.956605
0.958657
0.812923
1.16139
0.877749
1.18245
0.995318
0.88058
1.17386
0.956698
0.605973
0.971965
0.930179
0.965192
0.930865
1.17975
0.942191
0.932169
1.08193
1.17356
0.955027
0.995973
1.04727
0.700931
1.04383
1.01075
1.27101
0.773296
1.01563
1.04864
0.869326
0.856935
0.704073
0.83557
1.05965
0.785639
1.01204
1.07778
1.10113
1.09267
1.30016
0.956652
0.757857
1.19669
1.01012
0.870423
0.919894
0.852809
0.944959
0.925166
1.11823
1.24822
0.933296
0.972658
0.835999
0.758496
0.779199
0.858139
1.08637
1.30973
1.24179
0.81946
1.12994
0.852433
0.943834
0.896846
0.92085
0.841203
1.0508
0.789355
0.920261
0.932818
1.11566
0.947557
0.946683
0.846139
0.753208
0.917235
1.03721
1.03751
0.810725
0.89385
0.993652
0.931758
1.00798
0.975894
1.21959
1.03956
0.969448
1.13833
0.899418
1.20835
0.97933
0.912058
0.949579
0.757173
0.923636
1.04709
1.20376
1.03036
1.05032
1.08807
0.976591
1.28384
1.02732
0.906136
1.01551
0.986248
0.983977
0.9869
1.23901
1.00604
0.912105
1.07513
0.909583
1.01194
0.800133
0.955109
1.02698
0.962316
0.760286
0.824848
0.997657
0.783444
1.08847
0.899843
0.854378
0.909903
1.27238
0.963185
0.937044
1.02827
1.08433
1.05071
0.883579
1.21132
0.782032
1.09002
1.11516
0.999308
1.03598
0.859133
1.08675
1.05481
0.951998
0.892195
0.810369
1.04068
1.07097
0.830611
1.09614
0.825263
0.731446
0.668915
0.809042
0.777977
1.05244
0.967273
1.13934
1.17708
1.43461
1.00312
1.00684
1.33749
0.725867
0.758475
0.905077
0.895193
0.954053
1.0706
0.952326
0.782397
1.15612
0.808012
0.762626
0.975585
0.992473
0.993337
1.09088
0.890334
0.740873
0.914815
0.978229
0.770473
0.904244
0.880506
0.976467
1.0199
1.06746
0.866041
1.29091
0.878875
1.17365
0.684629
1.13435
0.90039
1.1324
0.959277
1.40587
1.04483
1.16466
0.875608
0.801317
0.982547
0.94337
0.914023
1.14783
0.992557
0.951032
0.734983
1.1165
0.825172
1.02549
1.10257
0.689329
0.809606
0.898119
1.027
1.00816
0.96346
0.83016
0.891835
1.03366
0.927765
0.913781
1.12764
0.791018
0.963604
0.931502
0.961177
0.882789
0.900084
0.689312
0.854905
1.07729
1.01397
0.937611
1.09434
0.942174
0.773683
1.08249
1.00251
0.915692
0.977989
0.99796
1.03552
0.941048
0.72826
1.01209
0.894525
0.951485
1.09806
0.863654
0.791781
0.801543
1.22876
0.96979
0.863846
1.08892
0.925139
0.927987
0.912901
0.847189
1.16172
1.02669
1.06797
1.11555
0.687088
0.958775
0.880855
1.07343
1.11347
0.897058
0.863794
1.00621
1.20592
0.737113
1.16757
1.23865
1.07678
1.18013
1.06547
1.26275
1.17408
1.24723
1.10475
0.930207
0.809135
0.826515
0.938313
1.10866
0.799703
0.921869
1.05967
1.0309
0.943825
1.12641
1.05309
1.09088
1.02101
0.934649
0.846821
0.900646
1.31993
1.16173
0.95487
1.05765
0.978432
0.793793
0.946902
1.26059
1.30845
0.980376
1.02268
0.709025
1.02615
0.949096
0.954777
1.24028
0.934651
1.27786
0.881672
0.931508
1.0058
0.857709
0.96011
0.951798
0.811275
1.0701
0.723001
0.805168
0.841033
0.934022
0.922059
0.783456
1.1512
0.765627
0.961667
0.910354
1.14209
0.96368
0.981415
1.03469
0.86696
0.955057
0.892136
0.779409
0.987948
0.988096
0.825916
0.812587
1.09392
1.00285
0.877077
0.909288
0.969202
0.784946
0.970881
1.0527
0.68234
0.966442
1.05768
0.736217
0.964158
0.934102
0.933183
0.688262
0.900567
0.810552
0.84157
1.12944
0.947102
1.17959
0.753993
0.919163
0.734467
0.816283
0.963167
1.0252
0.875909
0.886393
0.892026
1.02269
0.908921
1.12673
0.895895
0.829877
0.774416
1.02525
1.00326
0.804748
1.28663
0.574959
0.92331
1.05177
1.01235
0.940502
0.899753
1.04384
1.06147
1.0373
0.951582
0.988539
0.967399
0.951909
0.949937
1.0734
0.834863
1.19227
0.762007
1.18638
0.959579
1.06713
0.853047
1.05576
1.26002
1.20447
0.98608
0.826029
0.816788
0.864531
0.929488
0.941274
1.06467
0.978072
1.15082
0.652083
0.836627
0.870783
0.921114
1.02436
0.917689
0.645074
1.06825
1.11047
1.0132
1.06405
0.952507
0.912116
1.27698
0.736398
1.16437
0.911495
1.08983
0.86369
0.916367
1.3174
0.785576
1.15908
1.11865
0.88418
1.11411
1.1406
0.966847
0.91731
0.840855
0.990604
1.11324
0.884179
0.828292
0.949847
0.876813
0.959266
0.811301
0.870381
0.915466
1.19232
0.862529
0.708507
1.10353
0.952522
1.20962
0.948735
1.01851
0.70594
0.799913
0.864232
0.950276
0.949453
0.901442
0.825608
0.923904
0.947064
0.984428
1.01385
0.590797
1.06431
1.01167
1.02774
0.857154
0.959564
1.133
0.89112
0.963587
0.969308
0.919115
1.00747
0.881275
1.02067
0.774947
0.814794
1.23298
0.914252
1.14423
1.00469
0.933726
1.06404
0.808825
0.976138
0.836328
0.910292
1.14259
1.03324
0.821645
1.0046
0.857043
1.24866
0.941139
0.964883
0.849632
0.874126
0.961961
0.756805
0.712918
0.90172
1.0233
0.976125
0.906376
0.924057
0.999903
0.864364
1.22605
1.01432
0.952722
1.0146
1.04476
1.04721
0.82555
0.941874
1.00505
0.988497
1.03263
0.894749
1.0094
0.957189
1.07723
0.914842
0.763275
1.24191
0.793912
1.02359
0.939514
1.16907
0.91443
1.04653
0.843627
1.01549
0.891226
1.07233
0.99821
0.941513
0.999961
0.892659
1.21751
0.857379
1.01535
1.14719
0.749562
1.0978
0.606254
0.916656
0.963454
0.817527
1.09484
1.22212
1.31277
1.15856
1.18214
1.05095
0.945692
1.02698
0.770392
0.955004
1.17008
0.866679
1.15419
0.89268
1.48011
0.967048
0.894572
1.16667
0.895553
0.708117
0.949214
0.888875
1.04604
1.01938
1.02617
1.01124
1.01645
0.828673
1.03112
0.854123
1.09578
0.842395
0.930477
0.913761
0.798281
0.866775
1.02678
0.984476
1.07749
0.828053
1.06581
0.954306
1.23562
0.694869
0.834991
0.9716
0.979013
1.11506
1.07259
0.856695
0.97052
0.929261
1.25209
1.07427
0.90125
0.901019
1.2265
0.819199
1.23436
1.02231
1.04314
0.992436
1.26104
0.828152
0.940942
1.25515
0.894005
1.0988
1.04258
0.689716
1.02838
0.788617
0.771241
1.03523
1.08462
1.12426
0.985817
0.840389
0.758691
1.03056
0.904453
1.20464
0.919995
0.969682
1.1926
1.13581
0.802653
0.965838
1.01759
0.936437
0.994613
0.97511
0.950174
0.914516
1.1098
0.725167
1.03248
1.1061
0.809752
0.848728
1.08086
0.773267
1.13328
0.92676
0.802276
0.972179
1.01626
1.01998
0.948037
0.818099
1.03365
0.826174
0.807177
1.13647
1.2671
0.982267
0.968886
1.18048
1.02787
1.23608
0.80758
1.08905
0.971781
