1.09285
0.925157
0.893425
1.09911
1.12855
0.908016
0.954405
0.673126
0.763588
1.19261
0.86017
0.966312
1.01469
0.928368
0.945766
0.782867
1.07602
0.8737
0.932118
1.11849
0.713982
1.22017
0.793978
0.99614
0.911476
0.866472
0.960846
0.984957
1.04942
1.51626
0.967432
1.00589
0.803831
1.05498
0.875787
0.851189
1.19358
0.963281
1.14204
1.15657
0.90536
0.742188
1.07809
0.862659
0.867018
0.951459
1.019
1.14685
0.744272
0.954269
0.926732
1.08709
1.18336
1.0703
1.37029
1.02948
0.822383
1.16768
1.15809
1.21518
1.22869
0.933082
1.20018
1.17147
0.953918
0.841533
0.950225
1.17927
1.13805
1.03857
1.00784
1.05668
1.03498
1.12332
0.97446
0.952054
0.787013
0.879326
1.32317
1.0228
1.31198
1.03812
0.793538
1.22386
0.718945
1.01611
0.945725
1.06909
1.15178
1.21256
0.890824
0.990645
1.38632
0.848159
1.01721
0.912797
1.27537
1.0202
0.913064
0.910009
1.13261
0.837795
1.33432
1.25667
1.02111
1.08586
0.987896
1.10006
1.18931
0.95702
0.731597
0.971722
1.24566
1.09762
1.05497
0.990105
1.08563
1.09699
0.99886
0.773055
1.04272
0.759483
0.931221
1.10289
1.14036
0.979137
1.15947
0.938886
0.822164
1.25807
1.24811
0.953783
1.03952
0.973814
1.18805
1.16237
1.08725
0.82466
0.924586
0.793881
0.973799
1.14186
1.11125
0.925392
1.02285
1.08972
0.894229
1.03217
1.21212
1.07855
1.017
1.14047
0.954384
1.04671
0.990785
0.977279
1.12885
0.949989
1.02221
0.924177
0.98933
1.09922
1.2048
1.13962
1.02898
0.907439
0.896426
1.11868
1.46603
1.52751
0.646819
0.930096
0.863587
1.23115
1.30629
0.960072
1.02955
1.13347
1.40073
0.928564
1.27138
0.944839
1.40916
1.14042
1.05785
1.04686
1.35433
0.883498
1.17077
1.20787
0.901983
0.924978
1.21959
1.23521
0.848571
1.08446
1.24332
0.795236
1.00831
1.04287
1.76573
0.952348
1.0236
0.88477
0.908699
1.0189
1.38089
1.09064
0.903276
1.00299
1.14919
1.05305
0.992692
0.886289
1.06825
1.0342
1.09167
0.994268
0.949235
0.803855
1.06857
1.14402
1.05855
1.0286
1.37528
0.892272
1.05958
0.926058
0.856144
0.731634
1.26292
0.856041
0.792871
0.981237
0.800166
0.82731
1.22417
0.817646
0.929051
1.308
1.05641
1.32951
0.92783
1.06637
0.941571
1.13373
1.18088
0.73407
0.879831
1.23052
1.75988
1.22851
0.953872
1.021
1.10198
1.12923
0.843507
0.925739
0.890123
1.06581
1.29004
0.855851
1.00953
1.40463
0.847665
0.902955
0.825704
1.19126
1.06041
1.42968
0.639034
1.04445
0.83888
1.15538
1.72026
1.0424
0.807037
0.855979
0.922898
0.855761
0.83016
1.03983
1.10079
0.949832
1.02264
0.854991
1.06938
0.959801
1.09936
1.06133
1.12215
1.07636
1.05086
1.24518
1.11146
0.959431
0.841462
1.20186
0.784803
1.24158
1.11597
1.6868
1.28822
0.889123
0.981175
1.83379
0.905835
0.908684
0.798934
1.02902
1.28408
0.875432
1.11663
0.816851
1.25467
1.00735
1.09524
0.879617
0.971557
0.990978
0.897012
0.765316
1.25661
0.885257
0.993629
0.993803
0.980997
0.928263
0.957838
0.849201
0.772398
0.856584
0.705681
0.840558
1.19828
1.08859
0.860417
0.991975
1.26666
0.906656
1.00925
0.8374
1.32089
1.20616
0.950846
0.971011
0.850503
0.877137
1.12874
1.26892
1.16448
0.813516
1.12053
0.782852
0.926103
0.941261
1.05354
1.02682
0.868845
0.831764
0.931324
0.92113
1.00229
1.53466
0.856638
1.06319
0.940407
1.11758
0.905072
1.12217
0.865941
0.901829
0.820295
0.843642
0.946611
1.35344
0.991135
1.01191
1.29099
0.849546
0.802688
1.06436
0.993103
1.02589
1.22453
1.27751
1.0698
1.05426
0.893865
0.886358
1.00321
0.770042
0.986117
0.917128
0.84737
0.868615
0.685696
0.829491
1.00259
0.78369
1.01318
0.938304
1.36385
0.745504
1.2087
0.873743
1.21219
0.78171
1.01798
1.12146
1.5471
1.08898
0.891815
0.876467
0.888825
0.817962
0.774305
1.08836
0.807812
0.857453
0.863067
1.18853
1.06043
1.21205
1.0814
1.08817
0.829266
0.973617
0.672164
0.859135
1.14262
1.39395
0.920057
1.0374
1.00822
0.86146
1.22264
0.998401
1.13661
0.964317
0.930199
1.18223
1.08378
1.02528
0.921177
1.00518
0.875759
1.061
1.40126
1.10736
1.01021
1.26766
1.22228
1.2166
0.98959
1.01224
1.05259
1.08056
0.947885
1.13524
0.937073
0.976661
0.882106
0.895474
1.11697
1.32783
0.955981
1.09487
1.17459
1.29615
1.02056
1.09969
1.19509
0.796444
0.779048
0.920848
1.08562
1.07092
1.27681
0.941278
0.897019
1.18081
1.00685
0.744662
1.14728
1.01113
1.13421
1.13276
0.900442
1.11671
1.30114
1.00868
0.952422
1.1301
0.814594
1.01946
0.882773
1.35116
0.947031
0.943206
0.668149
1.13015
1.33856
0.741653
1.12091
0.906116
0.977828
0.90247
1.22244
1.00003
1.0572
0.917285
1.36111
1.14812
1.1144
1.14139
0.843412
0.930816
0.905562
1.01763
1.00563
1.10498
1.09178
1.2344
1.03229
0.870711
0.802481
1.31319
0.82033
0.873013
1.36826
1.05875
1.08922
0.814765
0.934398
1.4681
1.11469
1.00425
0.904078
1.06242
1.15213
1.01392
0.747656
1.03061
0.979827
1.20295
1.14317
0.906868
1.20494
1.08799
0.917004
0.820673
1.13957
1.23057
1.16091
1.1446
0.925686
0.928215
1.04576
0.786152
1.04187
1.00707
1.15412
0.716805
1.02182
0.843621
1.21998
1.22413
1.17902
0.831118
1.26676
0.842235
1.06198
1.00251
0.983335
0.889402
1.02382
1.23198
0.854638
0.871861
0.775447
1.21857
1.04828
0.874831
1.04547
1.22297
1.11464
1.31176
0.955275
0.874405
1.08063
1.15015
0.971871
1.14014
0.974546
1.20063
1.23566
0.741886
1.11035
1.15175
1.02816
1.12608
0.867681
1.13797
0.832327
1.14602
1.37095
1.05506
0.902832
1.22065
1.15915
0.797573
0.921785
1.16323
1.40635
1.66192
1.43644
0.88983
0.865686
1.12771
1.15847
1.06071
0.78207
0.632418
0.943286
1.27684
1.23741
1.07821
1.10736
1.13317
0.725312
0.907356
0.981442
0.888333
0.924971
0.840994
1.05808
1.16945
1.19112
1.08973
0.979629
0.736825
0.799474
0.900367
1.01873
0.937166
1.15109
1.02634
0.8874
1.00497
1.04762
0.824245
0.907746
0.911243
0.936452
0.780741
1.08186
1.18707
1.10336
1.19323
0.878277
1.38379
1.16696
1.22597
0.787023
0.952477
0.975054
0.929968
0.990883
0.95949
0.979204
1.00962
1.26689
0.848841
0.848743
0.939624
1.53184
1.10939
1.03222
0.858622
0.912759
1.27189
0.855326
1.03956
1.18853
1.1164
1.08419
0.841026
1.01305
0.715998
1.19895
1.26994
0.756123
0.881558
1.05208
0.993499
1.22616
1.08192
1.02482
0.778971
1.05034
1.20397
0.9317
1.2008
1.29324
0.938086
1.33313
1.13916
1.30233
0.905439
0.872379
0.801479
0.988602
0.951255
1.03126
0.809012
1.37078
1.07372
0.962802
0.770573
0.822679
0.863599
0.946729
0.84996
0.83246
0.990839
0.961366
1.11011
0.885214
0.765507
1.1801
0.939148
0.898385
1.32915
1.09904
0.990783
1.26256
0.744205
0.965965
0.921249
1.11958
1.23869
0.883638
1.16407
0.789635
0.931835
1.13559
1.06885
1.03614
0.80822
0.665283
1.06965
1.00468
0.825577
0.993266
1.00344
1.13544
1.2616
1.28979
0.992623
1.00162
0.927953
1.1321
0.988872
0.953134
1.14716
1.1126
1.19357
1.12918
0.818694
0.997628
0.930085
0.963654
1.00497
0.791359
1.13133
1.33692
1.0044
0.716223
0.798203
1.17392
0.906293
0.865281
1.00554
0.927251
1.08507
0.888375
0.885672
0.994052
0.878697
0.828119
0.983083
1.16941
1.18002
1.30398
1.02231
0.858362
0.950067
1.57986
0.944285
1.09018
0.865934
1.17923
0.678725
1.03489
0.803423
0.927468
0.91359
1.27118
0.91383
0.775351
1.10713
1.09761
1.03303
1.23227
0.988257
0.918047
1.58436
1.03514
0.969233
1.06938
0.746545
1.30752
0.783994
0.906811
0.730641
0.97849
0.875614
0.835782
1.08713
0.901412
1.02408
1.35324
0.878398
1.37127
1.08248
1.18859
0.918161
1.28244
0.959408
0.825892
0.903399
1.12144
0.754162
0.976801
1.1107
1.29351
0.882351
1.08619
0.946179
1.3787
1.03285
0.826565
0.988519
1.10225
1.01872
1.21313
0.737347
1.13311
0.862802
0.886374
1.27979
1.09337
0.737035
0.963422
1.06692
1.03542
1.46436
1.07842
1.18574
1.01859
1.33091
0.813499
1.33562
1.34418
1.28204
0.945291
1.18894
0.701378
0.781901
1.03206
1.00916
1.2052
1.08607
1.06936
0.928117
1.43363
0.861805
1.04773
1.15952
1.23137
0.954083
1.12816
1.17697
0.80953
0.915737
1.44446
0.97591
0.948282
1.1675
1.31509
0.564097
1.16534
1.00853
0.892218
0.904518
1.03578
0.960822
1.33448
0.873676
1.10307
0.862295
0.979431
1.45265
0.955975
0.775682
0.93624
0.972263
0.821512
1.05789
0.87103
0.894806
1.08835
0.913476
1.24223
0.903902
1.02908
0.896422
1.02607
0.901476
0.968727
0.9167
1.16007
1.18555
1.10525
1.28613
1.10777
0.918888
1.00121
0.853705
0.908368
1.03568
0.973076
0.983288
0.834738
1.21767
0.961972
0.723804
0.773162
1.15398
1.00782
0.798605
0.666749
0.899128
1.03121
1.38725
0.944822
0.983618
0.995549
1.10371
1.12894
1.04348
1.03786
1.01183
0.944524
0.800659
1.11168
1.07486
0.969486
0.907288
1.02692
1.00575
0.820207
0.824731
1.19501
0.885282
1.06833
0.94286
1.29092
1.10201
1.06888
0.826432
0.965573
1.33061
0.865959
1.1454
1.00192
0.920692
0.870531
1.43176
1.04164
1.26248
0.868652
0.91372
0.920658
1.12501
0.756179
1.25314
1.36728
0.982305
