0.692058
1.16367
0.775728
1.05138
0.747743
1.07945
1.22061
1.27347
0.905693
1.5091
0.977929
0.740949
1.10812
1.13813
1.2258
1.12854
0.713257
1.07931
1.17797
0.766934
1.25446
1.16198
1.13335
0.954512
0.905287
1.24243
1.20415
0.984736
0.766556
1.02871
1.20761
0.788694
0.917398
1.10376
1.13709
0.951017
1.00251
1.19831
0.809997
0.975477
0.916205
0.936079
0.833729
0.986474
0.751033
1.00338
0.913422
1.00886
0.881159
0.733574
1.02593
1.03003
0.840196
1.1894
1.13211
1.07585
0.853562
1.09331
0.917242
0.823734
1.3125
1.37581
1.19423
1.34662
1.02492
1.00643
0.934233
0.990963
1.00214
0.808858
0.944676
0.921573
0.854059
1.18999
1.07668
0.918176
1.10679
0.805726
1.29379
0.954365
0.76349
0.909861
0.91266
0.974382
1.14582
0.910483
1.06454
1.06008
1.22847
1.10343
0.976706
1.08294
0.921462
1.07042
0.813161
0.713279
0.845658
0.845915
1.13112
1.18156
0.827603
0.945141
0.972169
1.11172
1.03848
0.953778
0.775393
1.02413
0.920023
1.11943
1.12391
0.861669
0.990706
1.21301
1.02461
1.1018
0.922915
1.28926
1.18281
0.993682
1.23129
1.24158
0.962491
1.03115
1.10964
0.610459
1.12714
1.02291
1.18631
0.922643
0.94846
0.965917
1.0551
1.39228
1.14774
0.837211
1.43475
1.00568
0.766465
1.10834
1.18044
0.836187
1.16634
1.31018
0.843685
1.19179
1.2085
0.826796
1.06329
0.939747
1.00412
1.39514
1.11881
0.975196
1.12403
1.82088
1.11587
0.845829
0.877584
1.0478
0.903823
0.843986
0.944555
1.01159
0.922127
1.10785
1.07782
1.01227
0.993119
1.35223
0.935218
1.27453
1.18854
0.937519
1.09029
0.998989
0.902413
1.03823
1.10417
1.1292
1.29817
1.00531
1.16473
1.04655
1.21576
1.38492
1.0527
0.751178
1.28166
0.88226
1.07446
0.913524
1.29952
1.27195
0.863781
1.29049
0.981955
1.31397
1.34174
0.850901
1.0138
1.27235
1.08987
0.976653
1.00517
0.8282
1.19283
1.27238
1.34094
0.948367
0.981231
1.04452
1.25346
1.07794
0.792984
0.923787
0.752339
1.34116
1.04473
1.32612
0.831661
1.45372
1.29524
0.837885
1.12682
0.980184
1.2205
1.13751
1.28776
1.31173
1.24937
1.10983
0.951416
0.871068
1.0348
1.16244
1.18718
0.926086
0.96291
1.16759
1.16479
1.06979
0.77464
0.925059
1.13425
0.976332
1.05148
0.936718
1.13887
0.973527
0.721952
1.15585
1.07964
0.709971
1.10723
1.09965
1.11375
1.21031
1.17537
1.1168
0.854317
0.793038
0.975856
1.18472
0.807271
1.16243
0.949452
1.27052
1.0435
1.04561
1.36322
1.02592
0.925079
0.91958
1.18409
0.823059
0.942532
1.19747
1.08263
1.34356
0.686732
1.28896
1.18486
1.24904
1.15953
0.879538
1.06951
0.871352
0.865068
0.875154
0.701341
1.11013
1.20171
1.12668
1.53897
1.0228
0.843572
0.849397
0.948667
0.694371
1.01893
0.684226
0.705068
1.35252
0.853546
1.10646
1.18035
0.835872
1.11159
0.793544
1.08651
1.0103
1.14581
0.883959
1.0477
1.19283
1.00014
1.05479
1.15065
0.950302
0.925931
1.11945
1.0286
1.00216
1.15407
0.938573
1.0363
1.27379
0.920461
0.888976
0.97944
0.90463
1.02174
0.964852
0.94511
0.902035
1.00148
1.15613
1.12146
0.745433
1.05321
1.02265
0.897887
1.0739
0.983212
1.09736
0.933692
0.8869
1.245
1.05871
0.782966
1.34635
1.09854
1.0897
0.973641
0.862421
0.964275
1.06302
0.945608
1.07699
1.14079
1.12503
0.912549
1.2313
0.731701
0.953541
1.23137
1.42051
0.93998
1.04335
0.839735
1.33766
1.04356
1.27184
0.966208
0.834762
1.03666
0.879908
0.926931
0.711713
0.94308
1.13645
1.39867
0.836927
1.20516
0.923911
0.780062
1.0714
1.00673
1.09222
0.842778
0.87974
1.01839
1.32405
1.05089
0.845421
0.969848
1.10889
1.02127
0.838651
1.17215
1.18495
0.80986
1.09453
1.2591
0.940888
0.884535
1.16086
0.980107
1.07691
0.957548
0.910209
1.06337
0.900049
1.12618
0.875219
1.3819
1.02304
1.06473
1.16709
1.11501
1.17616
1.0731
1.1482
1.15042
1.04761
1.0408
0.994803
0.905682
1.02301
1.02456
0.856621
1.01791
1.05563
0.931813
0.788984
0.945969
1.1302
1.04595
1.09126
0.902689
1.05723
0.919214
0.776398
1.13096
0.86777
0.935975
0.830901
0.86258
1.17924
0.734479
1.06044
1.13346
0.913407
0.825312
1.2287
0.866622
1.07167
0.811426
1.3843
1.1121
0.84493
0.997608
0.738262
1.13485
0.899713
1.06911
1.25385
0.904609
0.982914
0.977615
1.11689
0.91906
0.841999
0.896495
1.15333
0.956431
1.13921
0.916408
0.827622
0.747429
1.10156
1.01678
0.930233
1.16797
0.914208
1.47516
0.710555
0.967684
1.15356
0.887088
0.82506
0.858335
0.841111
0.973156
0.884657
1.11873
0.955314
1.30517
1.00392
1.17211
1.03642
1.16608
1.26571
0.809289
1.02744
0.846305
0.804845
1.1494
1.26776
0.849088
0.926953
0.71664
0.874325
0.864306
0.974514
1.15478
1.24279
0.613061
1.07328
1.44537
0.894807
0.787937
0.8074
0.986872
1.13084
1.12945
1.05539
1.1117
0.860654
1.05221
0.724077
0.958223
1.00433
1.02681
1.00684
1.08639
1.03688
0.894654
1.02353
0.748572
0.971175
0.985165
0.956218
0.947846
1.08574
0.978828
1.50707
1.06078
0.758363
0.908015
1.43362
0.838743
0.916935
1.04024
1.10028
1.183
0.990753
0.751712
0.913273
1.12709
0.913048
0.733481
0.835159
0.961142
1.08422
0.960561
0.986074
1.03114
0.910666
1.0537
1.14993
1.17059
0.904189
1.01435
1.24748
0.936906
1.26524
1.21915
0.94856
0.982474
1.05097
1.13891
0.853445
1.23277
0.921714
0.726042
1.16923
0.818017
1.08402
0.99748
1.16889
1.2226
0.92093
0.991253
1.1571
1.18084
0.863486
0.793152
1.02693
1.01042
1.02525
0.869644
1.25563
1.26422
0.971382
0.907983
1.17827
0.999884
0.943154
1.30739
1.22659
0.902335
0.787128
0.990984
1.00499
0.819523
1.18937
1.12509
0.769869
0.997975
1.11442
1.01138
1.17631
0.998854
1.18106
1.18153
0.821611
0.997153
0.97598
1.30289
1.18487
1.08261
1.10361
1.02569
0.749362
1.11783
1.06917
1.08799
0.77592
0.970011
0.749765
1.15871
0.948095
0.824675
1.10448
1.30243
1.06923
0.987823
1.11326
0.980593
1.16927
0.95968
1.3161
1.06899
1.3279
1.29272
1.25295
0.985518
0.992023
1.20307
1.05093
1.56878
1.01021
0.975917
0.891072
1.13327
0.997955
1.02103
1.08447
0.945258
0.705655
1.12875
1.42538
0.892464
1.07499
1.06447
0.956554
0.849836
1.18022
0.897868
1.25479
0.590808
1.13618
0.773674
0.833544
1.13866
1.10911
0.691282
0.99653
1.08893
0.970671
0.818417
0.987851
1.01385
0.936021
0.907285
1.23306
0.82756
0.926677
1.09787
1.05618
0.885027
1.15568
0.971972
1.25467
1.05093
1.24047
1.00405
1.03242
1.07038
0.82578
0.859721
0.963534
0.866444
1.12626
1.0143
0.886219
1.47403
0.887687
0.762303
1.02967
0.854097
1.06381
0.989741
0.906939
1.31758
0.983259
1.04034
0.66353
1.17797
0.906373
0.950342
1.02071
0.994156
0.764474
1.00724
0.939749
1.0802
1.30974
0.832162
1.26519
1.25987
0.938663
0.941994
1.01292
1.03108
1.02513
0.937471
0.91203
0.861217
0.739198
1.17012
0.996867
0.844889
0.918155
0.934543
0.876662
1.09954
0.979753
1.20803
0.871848
1.16629
1.03096
0.867553
1.00206
0.836343
1.03526
0.91657
1.04759
1.23326
1.287
1.0264
1.04285
0.938705
1.65692
0.785573
0.978606
0.927492
0.856871
1.37265
1.27267
1.11929
1.25451
1.07679
1.43482
1.25475
1.17058
0.913198
1.10338
0.817892
1.6463
1.20194
0.896511
1.12994
1.16573
0.984509
1.14588
1.11071
0.922061
0.84879
0.697263
1.18996
0.980749
0.892727
1.13854
0.929044
0.854913
1.25208
1.06351
1.4583
1.27844
1.17386
1.27217
0.895969
0.816763
1.05856
0.978888
1.04688
1.21333
1.0279
1.24098
1.0765
0.994329
0.929984
1.00888
0.823006
1.30722
0.970873
1.04276
1.15369
0.834182
1.05486
1.01682
1.38212
1.0794
1.27751
0.896344
0.856334
1.10933
1.07007
0.971784
0.980061
1.15248
1.01898
0.868758
1.13977
1.19788
1.14302
0.914122
1.00187
1.06679
0.783808
0.941501
0.892062
0.981661
1.21821
0.863028
0.907708
1.03184
0.886625
0.945838
1.01341
0.935982
1.18846
0.941721
0.800645
1.42429
1.36885
1.15833
0.935882
1.01616
1.20106
1.07812
1.05836
0.791549
1.17536
0.951298
1.00242
0.939642
1.05161
1.06819
1.32475
0.809789
0.785159
1.29959
0.751942
1.22904
0.952683
0.878258
1.0242
1.03522
0.860436
1.00178
1.19696
1.00689
1.04255
0.949742
0.750842
1.02062
1.33483
0.893834
1.08105
1.19479
1.14546
1.00983
0.947214
0.984471
0.983369
1.05236
0.795705
0.938365
0.988788
1.05137
1.10953
1.21201
1.14675
1.1255
0.928651
0.839201
0.850149
1.36093
0.985991
1.51503
1.13155
0.831583
0.778723
0.909764
0.993854
0.648796
1.00191
1.07137
1.02718
0.904899
1.01227
1.24797
0.936585
0.929732
0.966616
1.19414
1.02597
1.07475
0.770725
0.875486
1.30882
1.04375
1.08267
0.917808
1.22499
1.01105
0.92154
1.0848
0.899691
1.01079
1.0721
1.19842
1.2455
1.14191
0.889091
1.12279
1.09727
0.968727
1.03035
0.802456
1.00471
1.04561
0.793793
0.807585
1.1268
1.0343
1.04372
0.845056
0.993765
0.893016
1.10147
1.11818
1.35161
0.792524
1.08423
1.38433
1.09342
1.2362
1.02295
0.918376
0.778311
0.869475
0.752054
0.774613
0.863607
1.20392
1.14406
0.93914
0.980542
1.21346
1.04741
0.789377
1.05901
1.13353
0.938337
0.901064
0.691837
1.16348
0.99063
0.837855
0.945062
0.867816
1.18302
0.997881
0.927483
0.877623
0.691767
1.16341
0.99054
0.837793
0.944981
0.867702
1.18285
0.997813
0.927413
0.877518
0.69171
1.16335
0.990457
0.837732
0.944933
0.867627
1.18275
0.997748
0.927358
0.87746
0.831836
1.36877
1.04767
1.0146
1.14055
0.947846
1.24263
1.85056
1.28647
0.929831
0.831836
1.36877
1.04767
1.0146
1.14055
0.947846
1.24263
1.85056
1.28647
0.929831
0.69171
1.16335
0.990457
0.837732
0.944933
0.867627
1.18275
0.997748
0.927358
0.87746
0.693394
1.16335
1.00959
0.837733
0.944933
0.884536
1.19868
0.997748
0.954146
0.877041
0.693394
1.16335
1.00959
0.837733
0.944933
0.884536
1.19868
0.997748
0.954146
0.877041
0.693394
1.16335
0.775642
1.10273
0.780971
1.09528
1.22045
1.2255
0.928613
1.52271
0.975932
0.74081
1.14133
1.14586
1.246
1.12842
0.723418
1.07915
1.19019
0.766817
1.26269
1.16182
1.15145
0.958481
0.89418
1.24153
1.20401
1.04118
0.780232
1.07897
1.23298
0.853238
0.693394
1.16335
1.00959
0.837733
0.944933
0.884536
1.19868
0.997748
0.954146
0.877041
0.688722
1.15653
0.989088
0.837732
0.949629
0.889252
1.19868
0.997748
0.973095
0.906173
0.702034
1.15653
1.02236
0.841358
0.950674
0.886862
1.19868
0.997748
0.967895
0.907694
0.688191
1.15653
0.985863
0.845245
0.944932
0.890993
1.2085
0.997748
0.954146
0.906182
0.693394
1.16335
1.00959
0.837733
0.944933
0.884536
1.19868
0.997748
0.954146
0.877041
0.693937
1.15653
0.985928
0.841358
0.950675
0.888665
1.18275
0.997748
0.927358
0.906173
0.704066
1.16619
0.985862
0.837733
0.949631
0.909846
1.18274
1.05858
0.927358
0.877042
0.689981
1.16335
0.987276
0.859649
0.952863
0.922927
1.18275
1.12033
0.927358
0.907691
0.691751
1.16335
0.987276
0.845245
0.956377
0.891457
1.18274
0.997748
0.927358
0.907691
0.688504
1.16335
0.987276
0.845245
0.949628
0.884533
1.18274
0.997748
0.927358
0.877954
0.69171
1.16335
0.990457
0.837732
0.944933
0.867627
1.18275
0.997748
0.927358
0.87746
0.691939
1.16335
0.990457
0.837733
0.945193
0.871315
1.18275
0.998579
0.927358
0.878097
0.691939
1.16335
0.990457
0.837733
0.945193
0.871315
1.18275
0.998579
0.927358
0.878097
0.691939
1.16335
0.990457
0.837733
0.945193
0.871315
1.18275
0.998579
0.927358
0.878097
0.69171
1.16335
0.990457
0.837732
0.944933
0.867627
1.18275
0.997748
0.927358
0.87746
0.691767
1.16341
0.99054
0.837793
0.944981
0.867702
1.18285
0.997813
0.927413
0.877518
0.691837
1.16348
0.99063
0.837855
0.945062
0.867816
1.18302
0.997881
0.927483
0.877623
0.55231
0.711282
0.99063
0.627523
0.606707
0.545908
0.582366
0.997881
0.584659
0.535701
0.55231
0.711282
0.99063
0.55231
0.711282
0.99063
0.627523
0.606707
0.545908
0.582366
0.997881
0.584659
0.535701
0.55231
0.711282
0.99063
0.627523
0.606707
0.545908
0.582366
0.997881
0.584659
0.535701
0.55231
0.711282
0.99063
0.627523
0.606707
0.545908
0.582366
0.997881
0.584659
0.535701
0.691837
0.711282
0.99063
0.837855
0.945062
0.545908
0.582366
0.997881
0.584659
0.877623
0.691837
0.711282
0.99063
0.837855
0.945062
0.545908
0.582366
0.997881
0.584659
0.877623
0.691837
0.711282
0.99063
0.837855
0.945062
0.545908
0.582366
0.997881
0.584659
0.877623
0.691837
1.16348
0.99063
0.627523
0.606707
0.867816
1.18302
0.997881
0.927483
0.877623
0.691837
1.16348
0.99063
0.837855
0.945062
0.867816
1.18302
0.997881
0.927483
0.877623
0.692067
1.16348
0.99063
0.837855
0.945324
0.871504
1.18303
0.998711
0.927483
0.87826
0.692067
1.16348
0.99063
0.837855
0.945324
0.871504
1.18303
0.998711
0.927483
0.87826
0.692067
1.16348
0.99063
0.837855
0.945324
0.871504
1.18303
0.998711
0.927483
0.87826
0.691837
1.16348
0.99063
0.837855
0.945062
0.867816
1.18302
0.997881
0.927483
0.877623
0.691939
1.16335
0.990457
0.837733
0.945193
0.871315
1.18275
0.998579
0.927358
0.878097
0.691939
1.16335
0.990457
0.837733
0.945193
0.871315
1.18275
0.998579
0.927358
0.878097
0.691939
1.16335
0.990457
0.837733
0.945193
0.871315
1.18275
0.998579
0.927358
0.878097
0.69171
1.16335
0.775639
1.05119
0.747536
1.07931
1.22044
1.27342
0.905566
1.50883
0.975286
0.740807
1.10794
1.13793
1.22564
1.12841
0.713155
1.07914
1.17771
0.766817
1.2542
1.16182
1.13322
0.954252
0.905143
1.24221
1.204
0.98457
0.766472
1.02853
1.20738
0.788595
0.917288
1.1036
1.13699
0.950817
1.00233
1.19818
0.809803
0.975307
0.915977
0.935887
0.830406
0.986288
0.750935
1.00317
0.913245
1.00865
0.880984
0.733478
1.02574
1.02992
0.840045
1.18918
1.13194
1.07563
0.853461
1.09314
0.917112
0.823586
1.31233
1.37556
1.19398
1.34624
1.02483
1.0063
0.930406
0.990751
1.00201
0.808693
0.944491
0.921369
0.85398
1.18981
1.0765
0.917987
1.10619
0.805618
1.29341
0.954176
0.76332
0.909689
0.912512
0.974246
1.14559
0.910305
1.06436
1.05994
1.22827
1.10328
0.976531
1.08204
0.921297
1.07014
0.813049
0.712544
0.845561
0.845804
1.13092
1.18134
0.82745
0.945027
0.971956
1.11151
1.0383
0.953575
0.775276
1.02392
0.919846
1.11927
1.12365
0.861491
0.990457
1.21281
1.02449
1.10162
0.922755
1.289
1.18263
0.993483
1.23117
1.24133
0.962269
1.031
1.10941
0.610318
1.12694
1.02277
1.18601
0.92246
0.948249
0.965748
1.05481
1.392
1.14759
0.837096
1.4345
1.00551
0.766318
1.10806
1.1802
0.83602
1.16614
1.30998
0.843566
1.19156
1.20835
0.826661
1.06308
0.93962
1.004
1.39483
1.11858
0.974865
1.12381
1.81856
1.1157
0.845684
0.877437
1.04759
0.902251
0.84389
0.944407
1.01142
0.922023
1.1076
1.07761
1.01208
0.993004
1.35197
0.935043
1.27434
1.18841
0.937382
1.09005
0.998721
0.902265
1.03743
1.10404
1.12902
1.29789
1.00512
1.16454
1.0464
1.21557
1.38449
1.05241
0.751043
1.28144
0.880986
1.07429
0.911271
1.29926
1.27177
0.86365
1.29022
0.98176
1.31374
1.34143
0.850742
1.01351
1.2722
1.08975
0.976477
1.00499
0.828055
1.19269
1.27215
1.3408
0.948162
0.9811
0.653469
1.25346
1.07779
0.792821
0.923636
0.752245
1.34089
1.04447
1.32587
0.831556
1.45345
1.29501
0.837732
1.12669
0.97994
1.22033
1.13736
1.28755
1.31145
1.2491
1.10969
0.951205
0.870953
1.03465
1.16218
1.18697
0.925939
0.962732
1.16742
1.16445
1.06967
0.774481
0.924892
1.13399
0.97617
1.05128
0.936536
1.13862
0.973309
0.72188
1.15566
1.07948
0.709837
1.10706
1.09945
1.11357
1.21126
1.17508
1.1166
0.854184
0.792872
0.975718
1.18451
0.807194
1.16225
0.949223
1.2703
1.04335
1.04548
1.36308
1.02577
0.924853
0.919468
1.18391
0.822916
0.942394
1.1973
1.07989
1.3441
0.686616
1.28865
1.18463
1.24875
1.15937
0.879318
1.06936
0.871159
0.864937
0.875007
0.701176
1.10997
1.20021
1.1265
1.53866
1.02268
0.843422
0.849247
0.948528
0.694278
1.01882
0.684127
0.701489
1.35231
0.853408
1.10623
1.18015
0.835733
1.11139
0.793432
1.08632
1.0101
1.14565
0.883852
1.04752
1.1927
0.999926
1.05465
1.15046
0.950182
0.925717
1.11926
1.02846
1.00196
1.15392
0.938367
1.03616
1.27359
0.920334
0.88879
0.979243
0.904347
1.02158
0.964705
0.944932
0.9019
1.00134
1.15584
1.12127
0.745327
1.0531
1.02246
0.897815
1.07372
0.983098
1.09721
0.933511
0.886774
1.24482
1.05855
0.782848
1.34618
1.09835
1.08956
0.973436
0.862297
0.964015
1.06284
0.945322
1.07689
1.14055
1.1248
0.912392
1.22992
0.731627
0.953421
1.23118
1.42022
0.9398
1.04316
0.838997
1.33744
1.04334
1.27157
0.966041
0.83462
1.03649
0.879763
0.926773
0.711581
0.942923
1.13627
1.39844
0.83681
1.20498
0.923723
0.779973
1.07113
1.0066
1.09199
0.842648
0.879559
1.01828
1.32385
1.05074
0.845336
0.969735
1.10867
1.02113
0.838508
1.17204
1.18468
0.809751
1.09433
1.25888
0.940707
0.884387
1.16061
0.979948
1.07676
0.957449
0.910017
1.06308
0.895517
1.126
0.875073
1.38177
1.02284
1.06453
1.16683
1.11478
1.17597
1.07294
1.14798
1.15014
1.04737
1.0405
0.994598
0.905544
1.0228
1.02445
0.856464
1.01771
1.05543
0.931675
0.788914
0.945834
1.13002
1.04578
1.0911
0.902548
1.05706
0.919084
0.776271
1.13077
0.867627
0.935873
0.830776
0.862457
1.17901
0.734325
1.06031
1.13315
0.913256
0.825188
1.22853
0.866432
1.07147
0.81126
1.38406
1.11197
0.844731
0.997401
0.738135
1.13463
0.899552
1.06893
1.2536
0.904451
0.982708
0.977459
1.11676
0.91888
0.841845
0.896334
1.15317
0.956243
1.13896
0.916225
0.827455
0.747307
1.10143
1.01659
0.930112
1.16774
0.914072
1.47487
0.710431
0.967503
1.1534
0.886935
0.608906
0.857193
0.840979
0.972983
0.884454
1.11854
0.95516
1.30497
1.00372
1.1718
1.03614
1.16585
1.26536
0.809171
1.02719
0.846178
0.802302
1.14924
1.26756
0.848991
0.92675
0.71651
0.871442
0.864201
0.974345
1.15454
1.24253
0.612916
1.07304
1.44509
0.894657
0.787724
0.807269
0.986755
1.13069
1.1293
1.055
1.11133
0.860515
1.05205
0.724003
0.958051
1.00419
1.02664
1.00663
1.08627
1.03671
0.894537
1.02329
0.748434
0.970994
0.98498
0.956051
0.94771
1.08556
0.978698
1.50687
1.06042
0.758228
0.907883
1.43342
0.838622
0.916769
1.04002
1.1001
1.18274
0.990587
0.751549
0.913102
1.1269
0.912864
0.733381
0.83503
0.960908
1.08403
0.960383
0.985892
1.03102
0.910515
1.0535
1.14968
1.17042
0.902371
1.01051
1.24728
0.936763
1.26501
1.21896
0.948415
0.982235
1.05076
1.13873
0.853358
1.23256
0.921573
0.725878
1.169
0.817911
1.08373
0.997235
1.16868
1.2223
0.920746
0.991062
1.15689
0.701028
0.863324
0.793056
1.02681
1.0104
1.02506
0.869496
1.25538
1.26401
0.971218
0.907833
1.17806
0.999701
0.942988
1.30716
1.2264
0.902212
0.787008
0.990808
1.0049
0.819377
1.18917
1.12484
0.769705
0.997874
1.11419
1.01122
1.1761
0.998688
1.18081
1.18133
0.821482
0.996996
0.97578
1.30274
1.1847
1.08241
1.10342
1.02552
0.749252
1.11569
1.06904
1.08783
0.775816
0.969811
0.749657
1.15724
0.947926
0.824564
1.1043
1.30218
1.06909
0.987601
1.11307
0.600583
1.16905
0.959537
1.31587
1.06884
1.3277
1.29244
1.25275
0.98541
0.991828
1.20276
1.05075
1.56839
1.01004
0.975779
0.890885
1.13307
0.997748
1.02081
1.08432
0.944965
0.705565
1.12852
1.42503
0.892275
1.0748
1.0643
0.956323
0.849708
1.17994
0.897721
1.25407
0.590712
1.13598
0.773529
0.83344
1.1384
1.10893
0.691167
0.996366
1.08872
0.970507
0.818269
0.987692
1.01368
0.935855
0.907154
1.23306
0.827364
0.926532
1.09763
1.05598
0.884864
1.15549
0.971711
1.25445
1.05078
1.24026
1.00389
1.03229
1.07022
0.825636
0.859467
0.963344
0.866276
1.1261
1.01402
0.88605
1.47385
0.88754
0.76217
1.02954
0.853933
1.06362
0.989572
0.904322
1.31738
0.983189
1.04021
0.663454
1.17774
0.906242
0.949969
1.02055
0.993986
0.76435
1.00711
0.939557
1.07997
1.3095
0.832043
1.26491
1.25967
0.938358
0.941816
1.01275
1.03091
1.02491
0.937345
0.911825
0.861049
0.739019
1.16987
0.996663
0.844782
0.917941
0.93437
0.87653
1.09943
0.979614
1.20791
0.871677
1.16601
1.03077
0.867458
1.0018
0.836179
1.03509
0.916342
1.04739
1.23314
1.28672
1.02621
1.04265
0.938587
1.65669
0.785379
0.978407
0.927358
0.856133
1.37265
1.27249
1.11913
1.25435
1.07666
1.43452
1.25457
1.17037
0.913018
1.10319
0.817794
1.64603
1.20163
0.896411
1.12973
1.1656
0.984235
1.14564
1.11051
0.921837
0.848654
0.697132
1.18985
0.980648
0.892588
1.13838
0.928909
0.854767
1.25191
1.06333
1.45801
1.27827
1.1737
1.27195
0.895775
0.816558
1.05845
0.978743
1.0467
1.21298
1.02762
1.24074
1.07626
0.994151
0.929774
1.00871
0.822866
1.30693
0.970665
1.04255
1.15369
0.834025
1.05466
1.01666
1.38186
1.07922
1.27724
0.896174
0.856178
1.10916
1.06995
0.971593
0.979922
1.15174
1.01882
0.868604
1.13953
1.19767
1.14285
0.914011
1.00169
1.06659
0.783722
0.94133
0.891962
0.981522
1.218
0.862833
0.907602
1.03166
0.886525
0.945668
1.01332
0.935819
1.18827
0.941614
0.800555
1.42414
1.36855
1.15817
0.935718
1.01593
1.20085
1.07788
1.05818
0.791445
1.1752
0.949617
1.10204
0.939486
1.0515
1.06798
1.32218
0.8097
0.785013
1.29932
0.75178
1.22884
0.952493
0.87746
1.02394
1.03507
0.860299
1.00165
1.19677
1.00674
1.04226
0.949584
0.750682
1.02047
1.3346
0.893694
1.0809
1.19459
1.14518
1.00963
0.946966
0.984296
0.983231
1.05216
0.795517
0.938227
0.988589
1.05119
1.10934
1.21169
1.14652
1.12529
0.928555
0.839059
0.850008
1.36071
0.985816
1.51466
1.13133
0.831476
0.778661
0.909626
0.993647
0.648723
1.00175
1.07117
1.02701
0.904763
1.01207
1.24773
0.936372
0.92487
0.966422
1.19396
1.02584
1.07453
0.770627
0.875341
1.30854
1.04358
1.08248
0.917566
1.22478
1.01087
0.921361
1.08466
0.899537
1.01063
1.07191
1.19814
1.24549
1.14174
0.888951
1.12261
1.09702
0.968566
1.03015
0.802336
1.00456
1.04537
0.793658
0.807447
1.12661
1.03413
1.04357
0.844883
0.993636
0.892856
1.10123
1.11794
1.35137
0.792429
1.08406
1.38396
1.09626
1.23602
1.02283
0.918197
0.778162
0.869288
0.7503
0.774509
0.863482
1.20368
1.14386
0.938974
0.980381
1.21327
1.04721
0.789264
1.05878
1.13341
0.938261
0.900884
0.691837
1.16348
0.775828
1.05134
0.747707
1.07947
1.22062
1.27351
0.905726
1.50312
0.975471
0.740746
1.10813
1.13807
1.2259
1.12854
0.713292
1.07936
1.17791
0.766959
1.25434
1.162
1.13339
0.951521
0.899409
1.24242
1.20413
0.984712
0.759107
1.02866
1.20752
0.788814
0.917491
1.10376
1.13723
0.951032
1.00251
1.19841
0.809952
0.972857
0.915589
0.936014
0.825893
0.986505
0.751157
1.00331
0.913454
1.00875
0.881132
0.73366
1.02586
1.03007
0.840184
1.18934
1.13016
1.07581
0.853615
1.0933
0.917253
0.818223
1.31256
1.37577
1.19404
1.34641
1.02496
1.00403
0.930625
0.990895
1.0022
0.808798
0.944617
0.917479
0.854138
1.18997
1.07662
0.914689
1.10637
0.805785
1.29358
0.954321
0.763481
0.923392
0.9127
0.974358
1.14572
0.910477
1.06447
1.06017
1.22845
1.10343
0.976721
1.08217
0.921445
1.07036
0.813242
0.711463
0.845385
0.845937
1.13115
1.18146
0.827589
0.945243
0.977706
1.11175
1.03854
0.953723
0.775421
1.02408
0.919966
1.11948
1.12377
0.861603
0.99063
1.21291
1.02463
1.10176
0.922902
1.28917
1.1828
0.993623
1.23142
1.24151
0.962469
1.03119
1.10574
0.610467
1.12706
1.0229
1.18617
0.922591
0.948397
0.965939
1.05501
1.39218
1.14778
0.837247
1.43473
1.0057
0.766557
1.1083
1.18044
0.836172
1.16631
1.31021
0.843753
1.19178
1.2085
0.826801
1.06321
0.939818
1.00418
1.39498
1.11871
0.975003
1.124
1.81826
1.1159
0.844685
0.877645
1.04775
0.902346
0.844004
0.944557
1.01157
0.922146
1.14822
1.07782
1.01227
0.993108
1.35216
0.935175
1.27454
1.18857
0.937504
1.09026
0.998843
0.902397
1.03759
1.10421
1.12917
1.29809
1.00523
1.16478
1.04605
1.21575
1.38464
1.05253
0.751168
1.28171
0.881133
1.07452
0.911395
1.29948
1.27197
0.863839
1.29049
0.981058
1.31405
1.34158
0.850892
1.01373
1.27232
1.08992
0.976593
1.00511
0.828209
1.19283
1.27229
1.34097
0.948327
0.981232
0.651051
1.25346
1.07794
0.792932
0.922425
0.752382
1.34112
1.04463
1.32609
0.829851
1.4536
1.28948
0.837855
1.12689
0.980106
1.22052
1.13759
1.28768
1.31032
1.2493
1.10985
0.948202
0.871114
1.03483
1.16242
1.1871
0.923401
0.962936
1.16758
1.16465
1.06623
0.7746
0.925057
1.13419
0.976339
1.05148
0.936702
1.13289
0.973436
0.722027
1.1451
1.07975
0.709992
1.10717
1.0996
1.11372
1.21149
1.17524
1.11677
0.854329
0.792988
0.975858
1.18406
0.807368
1.16242
0.949373
1.27044
1.04351
1.04561
1.36327
1.02592
0.925004
0.919652
1.18407
0.823062
0.942563
1.19747
1.08003
1.34431
0.686753
1.2888
1.18486
1.24897
1.15951
0.879433
1.06946
0.871297
0.86506
0.875191
0.70132
1.11013
1.20035
1.12666
1.53883
1.02282
0.843545
0.848683
0.948646
0.694414
1.01901
0.68427
0.701657
1.35246
0.853535
1.10636
1.18029
0.835867
1.11155
0.793586
1.08645
1.01029
1.14583
0.883956
1.04117
1.19284
1.00005
1.05482
1.15058
0.950346
0.925853
1.11941
1.02662
1.00208
1.15413
0.938512
1.03629
1.27377
0.920444
0.888926
0.979469
0.904492
1.02175
0.964937
0.945062
0.902036
1.00149
1.15038
1.12148
0.745458
1.05324
1.02266
0.898073
1.07388
0.983274
1.09744
0.933682
0.886916
1.245
1.05871
0.782999
1.34636
1.09847
1.08976
0.973595
0.862506
0.964191
1.06301
0.945486
1.07162
1.14068
1.125
0.912566
1.23009
0.731822
0.972706
1.23137
1.42052
0.939965
1.04334
0.839243
1.33765
1.04349
1.27175
0.966254
0.834803
1.03663
0.879896
0.926942
0.711747
0.943123
1.13646
1.39867
0.836955
1.20514
0.923876
0.780138
1.07133
1.00672
1.09214
0.842816
0.879773
1.01845
1.32408
1.05087
0.84549
0.969916
1.10881
1.02127
0.838692
1.1722
1.1849
0.809878
1.08827
1.25908
0.940901
0.884579
1.16079
0.980086
1.07692
0.957638
0.910212
1.06326
0.895721
1.12616
0.875203
1.38197
1.02299
1.06472
1.16701
1.11499
1.17099
1.07312
1.14817
1.15025
1.04757
1.04067
0.993173
0.905666
1.02306
1.0246
0.853231
1.01789
1.05556
0.931846
0.789069
0.945975
1.13019
1.04596
1.09125
0.902714
1.05723
0.919267
0.776377
1.13092
0.867816
0.936069
0.830939
0.862564
1.17923
0.734464
1.06047
1.13338
0.912777
0.823278
1.2287
0.866624
1.07163
0.811383
1.3842
1.11209
0.844833
0.997529
0.738274
1.13482
0.899676
1.0691
1.25379
0.90458
0.982877
0.977655
1.11692
0.919
0.841963
0.896473
1.1533
0.956388
1.13918
0.916412
0.827588
0.742745
1.10157
1.01671
0.930249
1.16792
0.9142
1.47516
0.710566
0.967645
1.15359
0.887061
0.608991
0.857316
0.841101
0.968343
0.884642
1.11642
0.955121
1.30287
1.00388
1.172
1.03625
1.166
1.26562
0.809258
1.02731
0.846294
0.802483
1.14943
1.26784
0.849165
0.926876
0.716678
0.871578
0.864357
0.974498
1.15473
1.24272
0.613092
1.07327
1.44526
0.894834
0.787886
0.80739
1.01899
1.13082
1.12944
1.05516
1.11155
0.860641
1.05217
0.724103
0.958219
1.00431
1.02679
1.0068
1.08638
1.03685
0.894687
1.02344
0.748582
0.971158
0.985152
0.956187
0.947858
1.08573
0.977011
1.50712
1.06057
0.758379
0.908119
1.43368
0.83873
0.916905
1.04018
1.10031
1.18302
0.990733
0.748317
0.913236
1.12703
0.913003
0.731465
0.835146
0.961109
1.08252
0.960549
0.986018
1.03123
0.910651
1.05366
1.14986
1.17062
0.902493
1.0103
1.24744
0.93689
1.26515
1.21909
0.948586
0.982499
1.05093
1.13886
0.853503
1.23275
0.921726
0.726041
1.16923
0.818043
1.08389
0.997399
1.16883
1.22247
0.920876
0.991184
1.15703
0.699758
0.863417
0.791625
1.02699
1.01051
1.02523
0.869631
1.25554
1.26418
0.971402
0.907953
1.17738
0.999841
0.943131
1.30736
1.22663
0.902373
0.787101
0.990965
1.00507
0.819606
1.18927
1.12506
0.76983
0.997986
1.11105
1.01136
1.17626
0.998848
1.18103
1.18148
0.821647
0.997198
0.975925
1.30295
1.18483
1.08265
1.1036
1.02565
0.749401
1.11509
1.06588
1.08802
0.775969
0.970009
0.749884
1.15741
0.94806
0.821463
1.10442
1.30231
1.06479
0.987751
1.11321
0.600671
1.16917
0.959691
1.31604
1.06558
1.32791
1.29261
1.25291
0.985638
0.991965
1.20303
1.05088
1.56867
1.01016
0.975887
0.891014
1.13322
0.997881
1.02108
1.08458
0.945082
0.701001
1.12871
1.42524
0.892469
1.0749
1.06444
0.956469
0.849908
1.18011
0.897877
1.25428
0.590841
1.1361
0.773694
0.833616
1.13566
1.10909
0.69134
0.995902
1.0889
0.970688
0.818392
0.987845
1.01381
0.935993
0.907277
1.23306
0.827502
0.926652
1.09781
1.05619
0.885027
1.15561
0.971917
1.25458
1.05096
1.2405
1.004
1.03246
1.07033
0.825797
0.85965
0.96009
0.866385
1.12628
1.01415
0.886206
1.47417
0.887724
0.762317
1.02969
0.854096
1.06382
0.98968
0.904507
1.31758
0.983353
1.04034
0.662218
1.17792
0.906405
0.95008
1.02069
0.994125
0.763647
1.00726
0.939711
1.08011
1.30966
0.832184
1.26511
1.25783
0.938481
0.941979
1.013
1.03113
1.02509
0.937558
0.910233
0.855255
0.739147
1.17002
0.996819
0.844958
0.915505
0.934568
0.87666
1.09958
0.979786
1.20812
0.871816
1.16625
1.03092
0.867627
1.002
0.836335
1.03522
0.916456
1.04424
1.22886
1.28218
1.02636
1.04281
0.938725
1.65701
0.78551
0.978529
0.927483
0.856281
1.37265
1.27265
1.11934
1.25455
1.07675
1.4347
1.25473
1.17052
0.91316
1.10334
0.817903
1.64631
1.15236
0.896577
1.12825
1.1658
0.984339
1.14577
1.11065
0.921989
0.848773
0.697292
1.18916
0.98078
0.892738
1.1386
0.929087
0.854884
1.25206
1.05755
1.45819
1.27841
1.17313
1.26996
0.895984
0.816734
1.05862
0.976042
1.04686
1.21311
1.02777
1.24088
1.07639
0.99428
0.929887
1.00884
0.823006
1.30712
0.970786
1.04271
1.15369
0.834116
1.05484
1.01679
1.38204
1.07938
1.27735
0.896267
0.856344
1.10843
1.06836
0.971756
0.980126
1.14877
1.01699
0.868713
1.13973
1.19786
1.13946
0.914146
1.00197
1.06674
0.783858
0.941426
0.892146
0.98072
1.21818
0.862962
0.90768
1.03189
0.886626
0.945833
1.01351
0.931955
1.18846
0.941725
0.800664
1.42429
1.36871
1.15835
0.935837
1.01605
1.20105
1.07804
1.05837
0.791577
1.17537
0.946579
1.10204
0.93962
1.05166
1.06812
1.32236
0.809861
0.785109
1.29945
0.751953
1.22905
0.952604
0.877623
1.02412
1.03525
0.860429
1.00185
1.19699
1.00691
1.04246
0.949734
0.750809
1.02067
1.33473
0.893837
1.07845
1.19477
1.14496
1.00978
0.94713
0.98444
0.983379
1.05235
0.79572
0.938358
0.988771
1.05135
1.10954
1.21182
1.14667
1.12546
0.928726
0.839189
0.850181
1.36089
0.985941
1.51486
1.13157
0.831621
0.778816
0.909821
0.993795
0.648876
1.00196
1.07134
1.02714
0.904944
1.01224
1.24791
0.936547
0.925029
0.966571
1.19413
1.02607
1.07471
0.770821
0.875483
1.30881
1.04373
1.08269
0.917727
1.22495
1.01101
0.921517
1.0836
0.899691
1.01077
1.07204
1.19761
1.24551
1.14186
0.889086
1.12597
1.09715
0.968709
1.03035
0.8025
1.00468
1.04561
0.793832
0.807606
1.12684
1.03427
1.04375
0.845004
0.987098
0.893005
1.10144
1.11812
1.35138
0.787299
1.08418
1.38413
1.09644
1.23419
1.02305
0.918319
0.778333
0.869504
0.750549
0.774604
0.863594
1.20383
1.14405
0.939128
0.980536
1.21345
1.04732
0.789402
1.05892
1.13203
0.938407
0.900993
0.691837
1.16348
0.99063
0.837855
0.945062
0.867816
1.18302
0.997881
0.927483
0.877623
0.692067
1.16348
0.776103
1.05134
0.747712
1.07951
1.22063
1.23473
0.90573
1.50312
0.975471
0.742457
1.1097
1.13807
1.22904
1.12896
0.713292
1.08396
1.17806
0.76696
1.25593
1.162
1.13466
0.951519
0.899409
1.24306
1.20413
0.984712
0.759302
1.02892
1.20752
0.788816
0.919599
1.10382
1.13723
0.951034
1.00358
1.19841
0.809952
0.972858
0.915589
0.93683
0.825893
0.986505
0.753832
1.00331
0.913457
1.00875
0.881132
0.73366
1.02613
1.03007
0.840185
1.19297
1.13016
1.07581
0.853613
1.0933
0.917252
0.818223
1.31256
1.37577
1.1941
1.34828
1.02497
1.00546
0.93063
0.991099
1.00232
0.808923
0.944617
0.91935
0.854138
1.18997
1.07662
0.914728
1.1068
0.805785
1.29358
0.954321
0.763573
0.923392
0.912703
0.974498
1.14652
0.91419
1.06447
1.06017
1.22845
1.10391
0.976721
1.08291
0.922032
1.07036
0.813242
0.711463
0.845385
0.845939
1.13228
1.18169
0.829213
0.945244
0.978589
1.11471
1.03854
0.953723
0.775422
1.02408
0.919966
1.11949
1.12378
0.861603
0.99063
1.21387
1.02463
1.10402
0.922903
1.28917
1.1828
0.993623
1.23142
1.24151
0.964787
1.0312
1.10574
0.610472
1.12727
1.02389
1.18617
0.924996
0.948397
0.967654
1.05502
1.39218
1.14883
0.8374
1.43476
1.0057
0.767772
1.10835
1.18044
0.836172
1.16631
1.313
0.844148
1.19295
1.2085
0.826802
1.06321
0.940679
1.00521
1.39498
1.12095
0.975013
1.124
1.82021
1.11883
0.847237
0.877647
1.04812
0.902346
0.844025
0.944688
1.01157
0.922146
1.1064
1.0796
1.01227
0.993111
1.35216
0.935307
1.27455
1.18857
0.937504
1.09026
0.998844
0.902397
1.03826
1.10421
1.12917
1.2982
1.00523
1.16479
1.04607
1.21762
1.38703
1.05254
0.751168
1.28171
0.881133
1.07452
0.911395
1.29948
1.27197
0.863839
1.29049
0.981059
1.31682
1.34158
0.850904
1.01374
1.27232
1.09027
0.976593
1.00511
0.829561
1.19299
1.27327
1.34143
0.948333
0.981232
0.651719
1.02641
1.07794
0.793131
0.923777
0.752382
1.34112
1.04553
1.3284
0.830475
1.45379
1.28948
0.837855
1.12692
0.980106
1.22052
1.13759
1.29015
1.31034
1.24932
1.10985
0.948202
0.871114
1.03483
1.16244
1.1871
0.9263
0.962938
1.16758
1.16493
1.06624
0.774602
0.925481
1.13419
0.980269
1.05148
0.936702
1.13289
0.974252
0.722027
1.1451
1.07975
0.709993
1.10717
1.10023
1.11372
1.21149
1.17524
1.11756
0.854328
0.794498
0.975858
1.18406
0.808651
1.16335
0.949373
1.27044
1.04351
1.04561
1.36327
1.02592
0.927955
0.919652
1.18407
0.825084
0.943501
1.19747
1.0826
1.34431
0.686753
1.2888
1.18486
1.24897
1.16135
0.879433
1.06955
0.871875
0.865645
0.875192
0.70132
1.11014
1.20035
1.12666
1.54001
1.02282
0.843546
0.848685
0.950195
0.694414
1.02036
0.684667
0.705157
1.35247
0.853534
1.10647
1.18059
0.835869
1.11209
0.793587
1.08646
1.01329
1.14746
0.883958
1.04117
1.19284
1.00005
1.05483
1.1517
0.950482
0.926066
1.12021
1.02663
1.00208
1.15413
0.93916
1.03629
1.27377
0.921878
0.889129
0.979469
0.90463
1.02242
0.964939
0.945324
0.902036
1.0015
1.15043
1.12148
0.745814
1.05349
1.02521
0.898079
1.07415
0.983274
1.10012
0.934979
0.886916
1.24574
1.05872
0.782999
1.34636
1.09918
1.08976
0.974529
0.862505
0.965245
1.0635
0.945733
1.0738
1.14068
1.12501
0.912563
1.23126
0.731825
0.954471
1.23163
1.42093
0.939965
1.04541
0.83986
1.33765
1.04349
1.27279
0.967535
0.834804
1.037
0.879969
0.928433
0.711873
0.943123
1.13672
1.39913
0.838175
1.20514
0.924844
0.780955
1.07133
1.00701
1.09215
0.842816
0.879773
1.01845
1.32408
1.05087
0.84549
0.969916
1.11122
1.02127
0.838692
1.1722
1.1849
0.809878
1.09007
1.25908
0.942685
0.88458
1.16108
0.980426
1.07792
0.957638
0.910213
1.06326
0.895721
1.12616
0.875204
1.38197
1.02299
1.06472
1.16702
1.11499
1.17099
1.07312
1.14987
1.15066
1.04874
1.04117
0.993177
0.90842
1.0288
1.02461
0.853234
1.01832
1.05556
0.931846
0.789069
0.945975
1.13041
1.04596
1.09243
0.902863
1.05723
0.919272
0.776377
1.1323
0.871504
0.937257
0.831575
0.862639
1.17923
0.734464
1.06047
1.13369
0.913947
0.823279
1.2302
0.866759
1.07163
0.811383
1.38568
1.11202
0.844834
0.997572
0.738274
1.13482
0.899676
1.0691
1.25379
0.90458
0.983903
0.977655
1.1172
0.919487
0.841964
0.896496
1.15343
0.956388
1.13918
0.916466
0.827772
0.742863
1.10261
1.01671
0.931252
1.16792
0.9142
1.47516
0.710567
0.967646
1.15443
0.887061
0.608991
0.857316
0.841101
0.968344
0.884642
1.11642
0.955124
1.30358
1.0062
1.17201
1.03625
1.166
1.26771
0.809258
1.02779
0.846294
0.802483
1.15367
1.26784
0.852379
0.926875
0.716679
0.874335
0.86436
0.974498
1.15819
1.24272
0.613092
1.07425
1.44526
0.894835
0.787886
0.80813
0.986968
1.13082
1.12944
1.05536
1.11155
0.860642
1.05218
0.724109
0.958218
1.00431
1.02797
1.00876
1.08638
1.03733
0.894688
1.02545
0.748582
0.971159
0.985153
0.957417
0.948597
1.08667
0.978062
1.50744
1.06057
0.758379
0.910092
1.43369
0.838731
0.916904
1.04018
1.10031
1.18303
0.991635
0.748318
0.913236
1.12703
0.913004
0.731467
0.835146
0.964765
1.08252
0.961228
0.986019
1.03123
0.910652
1.05366
1.14997
1.17333
0.904143
1.0103
1.24745
0.937296
1.2665
1.21909
0.949274
0.984411
1.05093
1.13886
0.853503
1.23513
0.922187
0.726042
1.16985
0.818043
1.08389
0.997399
1.16949
1.22247
0.920876
0.992132
1.15783
0.699758
0.863749
0.791627
1.02699
1.01051
1.02677
0.869631
1.25555
1.2695
0.971402
0.907955
1.17738
0.999841
0.946145
1.30777
1.22793
0.902373
0.787373
0.990965
1.00507
0.821415
1.18945
1.12506
0.773792
0.999978
1.11105
1.01137
1.17706
1.00007
1.18103
1.18148
0.8228
0.997212
0.977645
1.30295
1.18619
1.08415
1.10383
1.02565
0.749522
1.11704
1.06918
1.08803
0.775969
0.971612
0.75155
1.15868
0.948062
0.821803
1.10657
1.30232
1.06479
0.987751
1.11321
0.600671
1.16917
0.959691
1.31634
1.06558
1.32791
1.29312
1.25291
0.985638
0.99207
1.20303
1.05087
1.56868
1.01016
0.976038
0.891305
1.13322
0.998711
1.02109
1.08458
0.945082
0.701002
1.12871
1.42536
0.893861
1.07513
1.06628
0.957827
0.85075
1.18011
0.897877
1.25428
0.590843
1.1361
0.773695
0.833616
1.13685
1.11044
0.693121
0.996065
1.09028
0.972626
0.818392
0.987845
1.01583
0.935993
0.908016
1.07305
0.827505
0.926652
1.09781
1.06
0.885266
1.15577
0.975083
1.25493
1.05237
1.24571
1.004
1.03246
1.07034
0.825802
0.860855
0.96009
0.866385
1.12628
1.01415
0.886207
1.47844
0.890047
0.762317
1.02969
0.854098
1.06566
0.990301
0.904504
1.31811
0.983369
1.04034
0.662218
1.18016
0.906405
0.95008
1.02118
0.994126
0.764809
1.00726
0.939711
1.08011
1.30966
0.832184
1.26788
1.25783
0.938485
0.941982
1.013
1.03404
1.02509
0.937558
0.912336
0.855257
0.739147
1.17002
0.997223
0.844958
0.9173
0.936978
0.872163
1.09959
0.979787
1.20812
0.871817
1.16684
1.03092
0.867627
1.00358
0.836336
1.03522
0.918553
1.0468
1.22886
1.28218
1.02636
1.04417
0.938725
1.65701
0.786281
0.978888
0.927483
0.856889
1.18677
1.27265
1.11934
1.25572
1.07675
1.4347
1.25523
1.17087
0.913243
1.10334
0.818158
1.64631
1.15236
0.896577
1.1285
1.16681
0.985778
1.14577
1.11065
0.922044
0.85119
0.69992
1.19001
0.98078
0.893711
1.1386
0.929102
0.85588
1.25206
1.05756
1.4598
1.27841
1.17313
1.26996
0.89603
0.816744
1.05882
0.976043
1.04736
1.21381
1.02967
1.24088
1.07748
0.99428
0.931106
1.0091
0.823012
1.30712
0.971453
1.04292
0.959502
0.834116
1.05484
1.01679
1.38476
1.08076
1.27735
0.896267
0.856346
1.10903
1.06864
0.971756
0.980569
1.14922
1.01699
0.869702
1.13973
1.19922
1.14126
0.914146
1.00542
1.06674
0.783856
0.941573
0.892159
0.98285
1.21818
0.862963
0.90768
1.03509
0.886627
0.945833
1.01351
0.933615
1.18846
0.941725
0.801028
1.42429
1.36872
1.15835
0.935837
1.01605
1.20106
1.07804
1.05971
0.791664
1.17647
0.948057
1.10204
0.939621
1.05336
1.06836
1.32461
0.809862
0.785198
1.29995
0.751953
1.23177
0.952595
0.87826
1.02425
1.03777
0.861049
1.00241
1.19961
1.00691
1.04253
0.949734
0.753594
1.02067
1.33485
0.893837
1.07845
1.19477
1.14511
1.01049
0.94713
0.984495
0.983388
1.05235
0.795722
0.938358
0.989205
1.05256
1.11017
1.21182
1.14808
1.12546
0.928727
0.839191
0.850182
1.36089
0.986225
1.51486
1.13157
0.831621
0.778816
0.909822
0.993796
0.648876
1.00514
1.07134
1.02714
0.905244
1.01224
1.24817
0.936547
0.929766
0.968004
1.19463
1.02889
1.07533
0.770821
0.875483
1.30881
1.04619
1.0827
0.917732
1.22495
1.01101
0.921536
1.0836
0.899691
1.01148
1.07275
1.19801
1.08343
1.14186
0.889087
1.12708
1.09715
0.969198
1.03256
0.802501
1.00468
1.049
0.794539
0.808421
1.12684
1.03428
1.04375
0.845013
0.987099
0.893041
1.10467
1.11814
1.35208
0.7873
1.08418
1.38689
1.09349
1.23419
1.02305
0.920834
0.778333
0.869504
0.752167
0.774604
0.864392
1.20468
1.14526
0.94138
0.982423
1.21418
1.04733
0.789412
1.06001
1.13203
0.925725
0.900994
0.692067
1.16348
0.99063
0.651719
0.837855
0.945324
0.871504
1.18303
0.600671
0.998711
0.927483
0.87826
0.692067
1.16348
0.99063
1.0415
0.692067
1.16348
0.99063
1.0415
0.837855
0.945324
0.871504
1.18303
0.980581
0.998711
0.927483
0.87826
0.692067
1.16348
0.99063
1.0415
0.837855
0.945324
0.871504
1.18303
0.980581
0.998711
0.927483
0.87826
0.692067
1.16348
0.99063
1.0415
0.837855
0.945324
0.871504
1.18303
0.980581
0.998711
0.927483
0.87826
0.692067
1.16348
0.776103
1.05134
0.747712
1.07951
1.22063
1.23473
0.90573
1.50312
0.975471
0.742457
1.1097
1.13807
1.22904
1.12896
0.713292
1.08396
1.17806
0.76696
1.25593
1.162
1.13466
0.951519
0.899409
1.24306
1.20413
0.984712
0.759302
1.02892
1.20752
0.788816
0.919599
1.10382
1.13723
0.951034
1.00358
1.19841
0.809952
0.972858
0.915589
0.93683
0.825893
0.986505
0.753832
1.00331
0.913457
1.00875
0.881132
0.73366
1.02613
1.03007
0.840185
1.19297
1.13016
1.07581
0.853613
1.0933
0.917252
0.818223
1.31256
1.37577
1.1941
1.34828
1.02497
1.00546
0.93063
0.991099
1.00232
0.808923
0.944617
0.91935
0.854138
1.18997
1.07662
0.914728
1.1068
0.805785
1.29358
0.954321
0.763573
0.923392
0.912703
0.974498
1.14652
0.91419
1.06447
1.06017
1.22845
1.10391
0.976721
1.08291
0.922032
1.07036
0.813242
0.711463
0.845385
0.845939
1.13228
1.18169
0.829213
0.945244
0.978589
1.11471
1.03854
0.953723
0.775422
1.02408
0.919966
1.11949
1.12378
0.861603
0.99063
1.21387
1.02463
1.10402
0.922903
1.28917
1.1828
0.993623
1.23142
1.24151
0.964787
1.0312
1.10574
0.610472
1.12727
1.02389
1.18617
0.924996
0.948397
0.967654
1.05502
1.39218
1.14883
0.8374
1.43476
1.0057
0.767772
1.10835
1.18044
0.836172
1.16631
1.313
0.844148
1.19295
1.2085
0.826802
1.06321
0.940679
1.00521
1.39498
1.12095
0.975013
1.124
1.82021
1.11883
0.847237
0.877647
1.04812
0.902346
0.844025
0.944688
1.01157
0.922146
1.1064
1.0796
1.01227
0.993111
1.35216
0.935307
1.27455
1.18857
0.937504
1.09026
0.998844
0.902397
1.03826
1.10421
1.12917
1.2982
1.00523
1.16479
1.04607
1.21762
1.38703
1.05254
0.751168
1.28171
0.881133
1.07452
0.911395
1.29948
1.27197
0.863839
1.29049
0.981059
1.31682
1.34158
0.850904
1.01374
1.27232
1.09027
0.976593
1.00511
0.829561
1.19299
1.27327
1.34143
0.948333
0.981232
1.0415
1.02641
1.07794
0.793131
0.923777
0.752382
1.34112
1.04553
1.3284
0.830475
1.45379
1.28948
0.837855
1.12692
0.980106
1.22052
1.13759
1.29015
1.31034
1.24932
1.10985
0.948202
0.871114
1.03483
1.16244
1.1871
0.9263
0.962938
1.16758
1.16493
1.06624
0.774602
0.925481
1.13419
0.980269
1.05148
0.936702
1.13289
0.974252
0.722027
1.1451
1.07975
0.709993
1.10717
1.10023
1.11372
1.21149
1.17524
1.11756
0.854328
0.794498
0.975858
1.18406
0.808651
1.16335
0.949373
1.27044
1.04351
1.04561
1.36327
1.02592
0.927955
0.919652
1.18407
0.825084
0.943501
1.19747
1.0826
1.34431
0.686753
1.2888
1.18486
1.24897
1.16135
0.879433
1.06955
0.871875
0.865645
0.875192
0.70132
1.11014
1.20035
1.12666
1.54001
1.02282
0.843546
0.848685
0.950195
0.694414
1.02036
0.684667
0.705157
1.35247
0.853534
1.10647
1.18059
0.835869
1.11209
0.793587
1.08646
1.01329
1.14746
0.883958
1.04117
1.19284
1.00005
1.05483
1.1517
0.950482
0.926066
1.12021
1.02663
1.00208
1.15413
0.93916
1.03629
1.27377
0.921878
0.889129
0.979469
0.90463
1.02242
0.964939
0.945324
0.902036
1.0015
1.15043
1.12148
0.745814
1.05349
1.02521
0.898079
1.07415
0.983274
1.10012
0.934979
0.886916
1.24574
1.05872
0.782999
1.34636
1.09918
1.08976
0.974529
0.862505
0.965245
1.0635
0.945733
1.0738
1.14068
1.12501
0.912563
1.23126
0.731825
0.954471
1.23163
1.42093
0.939965
1.04541
0.83986
1.33765
1.04349
1.27279
0.967535
0.834804
1.037
0.879969
0.928433
0.711873
0.943123
1.13672
1.39913
0.838175
1.20514
0.924844
0.780955
1.07133
1.00701
1.09215
0.842816
0.879773
1.01845
1.32408
1.05087
0.84549
0.969916
1.11122
1.02127
0.838692
1.1722
1.1849
0.809878
1.09007
1.25908
0.942685
0.88458
1.16108
0.980426
1.07792
0.957638
0.910213
1.06326
0.895721
1.12616
0.875204
1.38197
1.02299
1.06472
1.16702
1.11499
1.17099
1.07312
1.14987
1.15066
1.04874
1.04117
0.993177
0.90842
1.0288
1.02461
0.853234
1.01832
1.05556
0.931846
0.789069
0.945975
1.13041
1.04596
1.09243
0.902863
1.05723
0.919272
0.776377
1.1323
0.871504
0.937257
0.831575
0.862639
1.17923
0.734464
1.06047
1.13369
0.913947
0.823279
1.2302
0.866759
1.07163
0.811383
1.38568
1.11202
0.844834
0.997572
0.738274
1.13482
0.899676
1.0691
1.25379
0.90458
0.983903
0.977655
1.1172
0.919487
0.841964
0.896496
1.15343
0.956388
1.13918
0.916466
0.827772
0.742863
1.10261
1.01671
0.931252
1.16792
0.9142
1.47516
0.710567
0.967646
1.15443
0.887061
0.825003
0.857316
0.841101
0.968344
0.884642
1.11642
0.955124
1.30358
1.0062
1.17201
1.03625
1.166
1.26771
0.809258
1.02779
0.846294
0.802483
1.15367
1.26784
0.852379
0.926875
0.716679
0.874335
0.86436
0.974498
1.15819
1.24272
0.613092
1.07425
1.44526
0.894835
0.787886
0.80813
0.986968
1.13082
1.12944
1.05536
1.11155
0.860642
1.05218
0.724109
0.958218
1.00431
1.02797
1.00876
1.08638
1.03733
0.894688
1.02545
0.748582
0.971159
0.985153
0.957417
0.948597
1.08667
0.978062
1.50744
1.06057
0.758379
0.910092
1.43369
0.838731
0.916904
1.04018
1.10031
1.18303
0.991635
0.748318
0.913236
1.12703
0.913004
0.731467
0.835146
0.964765
1.08252
0.961228
0.986019
1.03123
0.910652
1.05366
1.14997
1.17333
0.904143
1.0103
1.24745
0.937296
1.2665
1.21909
0.949274
0.984411
1.05093
1.13886
0.853503
1.23513
0.922187
0.726042
1.16985
0.818043
1.08389
0.997399
1.16949
1.22247
0.920876
0.992132
1.15783
1.17844
0.863749
0.791627
1.02699
1.01051
1.02677
0.869631
1.25555
1.2695
0.971402
0.907955
1.17738
0.999841
0.946145
1.30777
1.22793
0.902373
0.787373
0.990965
1.00507
0.821415
1.18945
1.12506
0.773792
0.999978
1.11105
1.01137
1.17706
1.00007
1.18103
1.18148
0.8228
0.997212
0.977645
1.30295
1.18619
1.08415
1.10383
1.02565
0.749522
1.11704
1.06918
1.08803
0.775969
0.971612
0.75155
1.15868
0.948062
0.821803
1.10657
1.30232
1.06479
0.987751
1.11321
0.980581
1.16917
0.959691
1.31634
1.06558
1.32791
1.29312
1.25291
0.985638
0.99207
1.20303
1.05087
1.56868
1.01016
0.976038
0.891305
1.13322
0.998711
1.02109
1.08458
0.945082
0.701002
1.12871
1.42536
0.893861
1.07513
1.06628
0.957827
0.85075
1.18011
0.897877
1.25428
0.590843
1.1361
0.773695
0.833616
1.13685
1.11044
0.693121
0.996065
1.09028
0.972626
0.818392
0.987845
1.01583
0.935993
0.908016
1.07305
0.827505
0.926652
1.09781
1.06
0.885266
1.15577
0.975083
1.25493
1.05237
1.24571
1.004
1.03246
1.07034
0.825802
0.860855
0.96009
0.866385
1.12628
1.01415
0.886207
1.47844
0.890047
0.762317
1.02969
0.854098
1.06566
0.990301
0.904504
1.31811
0.983369
1.04034
0.662218
1.18016
0.906405
0.95008
1.02118
0.994126
0.764809
1.00726
0.939711
1.08011
1.30966
0.832184
1.26788
1.25783
0.938485
0.941982
1.013
1.03404
1.02509
0.937558
0.912336
0.855257
0.739147
1.17002
0.997223
0.844958
0.9173
0.936978
0.872163
1.09959
0.979787
1.20812
0.871817
1.16684
1.03092
0.867627
1.00358
0.836336
1.03522
0.918553
1.0468
1.22886
1.28218
1.02636
1.04417
0.938725
1.65701
0.786281
0.978888
0.927483
0.856889
1.18677
1.27265
1.11934
1.25572
1.07675
1.4347
1.25523
1.17087
0.913243
1.10334
0.818158
1.64631
1.15236
0.896577
1.1285
1.16681
0.985778
1.14577
1.11065
0.922044
0.85119
0.69992
1.19001
0.98078
0.893711
1.1386
0.929102
0.85588
1.25206
1.05756
1.4598
1.27841
1.17313
1.26996
0.89603
0.816744
1.05882
0.976043
1.04736
1.21381
1.02967
1.24088
1.07748
0.99428
0.931106
1.0091
0.823012
1.30712
0.971453
1.04292
0.959502
0.834116
1.05484
1.01679
1.38476
1.08076
1.27735
0.896267
0.856346
1.10903
1.06864
0.971756
0.980569
1.14922
1.01699
0.869702
1.13973
1.19922
1.14126
0.914146
1.00542
1.06674
0.783856
0.941573
0.892159
0.98285
1.21818
0.862963
0.90768
1.03509
0.886627
0.945833
1.01351
0.933615
1.18846
0.941725
0.801028
1.42429
1.36872
1.15835
0.935837
1.01605
1.20106
1.07804
1.05971
0.791664
1.17647
0.948057
1.10204
0.939621
1.05336
1.06836
1.32461
0.809862
0.785198
1.29995
0.751953
1.23177
0.952595
0.87826
1.02425
1.03777
0.861049
1.00241
1.19961
1.00691
1.04253
0.949734
0.753594
1.02067
1.33485
0.893837
1.07845
1.19477
1.14511
1.01049
0.94713
0.984495
0.983388
1.05235
0.795722
0.938358
0.989205
1.05256
1.11017
1.21182
1.14808
1.12546
0.928727
0.839191
0.850182
1.36089
0.986225
1.51486
1.13157
0.831621
0.778816
0.909822
0.993796
0.648876
1.00514
1.07134
1.02714
0.905244
1.01224
1.24817
0.936547
0.929766
0.968004
1.19463
1.02889
1.07533
0.770821
0.875483
1.30881
1.04619
1.0827
0.917732
1.22495
1.01101
0.921536
1.0836
0.899691
1.01148
1.07275
1.19801
1.08343
1.14186
0.889087
1.12708
1.09715
0.969198
1.03256
0.802501
1.00468
1.049
0.794539
0.808421
1.12684
1.03428
1.04375
0.845013
0.987099
0.893041
1.10467
1.11814
1.35208
0.7873
1.08418
1.38689
1.09349
1.23419
1.02305
0.920834
0.778333
0.869504
0.752167
0.774604
0.864392
1.20468
1.14526
0.94138
0.982423
1.21418
1.04733
0.789412
1.06001
1.13203
0.925725
0.900994
0.691939
1.16335
0.775647
1.0512
0.747538
1.07935
1.22178
1.23731
0.906702
1.50883
0.975315
0.742518
1.10951
1.13794
1.22565
1.12882
0.713155
1.07915
1.17771
0.766818
1.25579
1.16182
1.13322
0.95425
0.905143
1.24285
1.20621
0.984574
0.766454
1.02879
1.20742
0.788596
0.917288
1.10365
1.13698
0.951995
1.00233
1.20115
0.809804
0.975306
0.917776
0.936703
0.833593
0.98629
0.750927
1.00429
0.913247
1.00865
0.880984
0.733497
1.02602
1.02993
0.840046
1.19281
1.13194
1.07563
0.859403
1.09314
0.91711
0.823586
1.31234
1.37643
1.19403
1.34812
1.02484
1.00774
0.934087
0.990955
1.00213
0.808818
0.945745
0.92324
0.853982
1.18987
1.0765
0.918026
1.10662
0.805617
1.29548
0.954605
0.763411
0.909689
0.912513
0.974386
1.14639
0.914019
1.06437
1.05994
1.22907
1.10328
0.975288
1.08205
0.921884
1.07235
0.813317
0.71314
0.845532
0.845805
1.1309
1.18134
0.829074
0.94847
0.972839
1.11447
1.04097
0.953575
0.775276
1.02392
0.919847
1.11927
1.12606
0.861491
0.991885
1.21377
1.0245
1.10162
0.92276
1.28901
1.18263
0.995179
1.23117
1.24133
0.96227
1.03104
1.10967
0.610319
1.12715
1.02277
1.18755
0.924865
0.94825
0.967463
1.0548
1.39535
1.14864
0.837096
1.43451
1.00551
0.767532
1.10807
1.1802
0.836025
1.16752
1.31277
0.843567
1.19273
1.20835
0.826666
1.06308
0.939631
1.00403
1.39483
1.12081
0.974868
1.12474
1.82051
1.11863
0.848235
0.877438
1.04759
0.903711
0.843911
0.944538
1.01164
0.922024
1.10837
1.07939
1.01213
0.995171
1.35197
0.935175
1.27435
1.19005
0.938816
1.09006
0.998721
0.902265
1.0381
1.10404
1.12978
1.29789
1.00512
1.13839
1.0464
1.21745
1.38449
1.05253
0.751044
1.28247
0.882148
1.07476
0.913368
1.29926
1.27177
0.866038
1.29022
0.98277
1.31651
1.34222
0.850747
1.01351
1.2722
1.0901
0.977264
1.00499
0.829406
1.19286
1.27215
1.3408
0.951127
0.9811
1.04537
1.02626
1.08088
0.793021
0.923639
0.752379
1.34304
1.04447
1.32817
0.831558
1.45365
1.29709
0.837732
1.12669
0.981287
1.22039
1.13736
1.28752
1.31482
1.2491
1.10969
0.95176
0.8723
1.03466
1.16218
1.18697
0.928838
0.962734
1.16742
1.16473
1.07024
0.774481
0.925316
1.13435
0.980099
1.05128
0.936688
1.13861
0.974125
0.72188
1.16251
1.07948
0.709838
1.10706
1.09945
1.11468
1.21126
1.17631
1.1174
0.854229
0.794382
0.975718
1.1862
0.807196
1.16225
0.949223
1.2703
1.0434
1.04611
1.36308
1.02577
0.927805
0.919898
1.18391
0.824938
0.942399
1.20149
1.08246
1.34329
0.686616
1.28908
1.18465
1.24876
1.15936
0.879319
1.06944
0.871159
0.864938
0.875007
0.701183
1.10997
1.20148
1.127
1.53866
1.0233
0.843854
0.850742
0.950076
0.694281
1.02018
0.684525
0.704989
1.35231
0.853745
1.10623
1.18015
0.836016
1.11193
0.796095
1.08632
1.01012
1.14729
0.884747
1.04758
1.1927
1.00083
1.05661
1.15046
0.950317
0.92593
1.12006
1.02847
1.00196
1.15392
0.939014
1.03616
1.2736
0.921768
0.888993
0.981038
0.904487
1.02225
0.964707
0.945193
0.902287
1.00134
1.15589
1.12127
0.745326
1.0531
1.02501
0.897818
1.07372
0.983108
1.09989
0.934808
0.886775
1.24556
1.05855
0.782848
1.34619
1.09834
1.08956
0.973436
0.862349
0.965069
1.06284
0.945569
1.07689
1.14139
1.1248
0.912392
1.23108
0.731627
0.954577
1.23144
1.42063
0.939802
1.04522
0.839614
1.33746
1.04334
1.2726
0.967322
0.835408
1.03687
0.988563
0.928263
0.711707
0.942953
1.13652
1.39844
0.836807
1.20674
0.924691
0.78079
1.07114
1.00688
1.092
0.842648
0.879557
1.01828
1.32385
1.05216
0.84534
0.969739
1.11107
1.02113
0.838741
1.17204
1.18549
0.809757
1.09613
1.25888
0.940708
0.884889
1.16089
0.980288
1.07776
0.957449
0.910017
1.06326
0.895517
1.126
0.875084
1.38178
1.02304
1.06452
1.16817
1.11478
1.17712
1.07294
1.14798
1.15055
1.04737
1.0405
0.9946
0.908297
1.02854
1.02446
0.856464
1.01814
1.05759
0.931694
0.78959
0.945834
1.13023
1.04659
1.09228
0.902697
1.05706
0.919089
0.776271
1.13216
0.871315
0.937061
0.831412
0.862533
1.17901
0.734325
1.06032
1.13346
0.914426
0.825189
1.23003
0.866563
1.07147
0.81126
1.38404
1.11303
0.845397
0.997445
0.739773
1.13814
0.9001
1.06893
1.25435
0.904456
0.982708
0.977459
1.11703
0.918883
0.841845
0.89635
1.15331
0.956504
1.13896
0.91628
0.827638
0.747423
1.10143
1.01659
0.931116
1.16832
0.914072
1.4801
0.712952
0.967504
1.1534
0.886935
0.825115
0.857193
0.840979
0.972984
0.889871
1.11854
0.955161
1.30568
1.00603
1.17221
1.03614
1.16585
1.26536
0.809172
1.02767
0.847857
0.804708
1.15348
1.26757
0.848992
0.926749
0.717093
0.874198
0.864201
0.974854
1.15801
1.24253
0.612944
1.07403
1.44625
0.894657
0.789289
0.808009
0.98718
1.13069
1.12935
1.05521
1.11134
0.860546
1.05238
0.724003
0.95805
1.00419
1.02782
1.0086
1.08742
1.03719
0.896236
1.0253
0.748437
0.970995
0.984981
0.956054
0.947708
1.0865
0.979748
1.50687
1.06046
0.758397
0.907879
1.43342
0.838622
0.916769
1.04002
1.10052
1.18275
0.990588
0.751549
0.913447
1.1269
0.912864
0.735845
0.835031
0.960868
1.08403
0.960385
0.985896
1.03101
0.910517
1.0535
1.14978
1.17313
0.904019
1.01412
1.24728
0.937167
1.26501
1.21896
0.949103
0.984147
1.05237
1.13873
0.853819
1.23255
0.921584
0.727118
1.16962
0.817915
1.0841
0.998003
1.16868
1.2223
0.920746
0.99201
1.1569
1.18058
0.863323
0.793057
1.02682
1.01036
1.0266
0.870823
1.25545
1.26932
0.971223
0.907833
1.18094
1.00017
0.946
1.30717
1.2264
0.902734
0.787279
0.992307
1.00496
0.819391
1.18934
1.12484
0.773667
0.997876
1.11419
1.01122
1.1761
0.999915
1.1832
1.18263
0.822635
0.996998
0.977502
1.30274
1.18606
1.08391
1.10365
1.0261
0.749252
1.11764
1.06905
1.08783
0.777216
0.969813
0.749657
1.15851
0.947926
0.824564
1.10646
1.30218
1.06909
0.988867
1.11488
0.981518
1.16905
0.959537
1.31616
1.06884
1.3277
1.29296
1.25275
0.985461
0.991933
1.20809
1.05075
1.5684
1.01004
0.975782
0.89088
1.13307
0.998579
1.02081
1.08473
0.946085
0.705566
1.12984
1.42514
0.892293
1.07503
1.06429
0.957681
0.849708
1.17994
0.898681
1.25459
0.590727
1.13598
0.77353
0.83371
1.13959
1.11028
0.692948
0.996529
1.09011
0.972444
0.818269
0.987692
1.01368
0.937187
0.907893
1.07289
0.827365
0.926533
1.09763
1.0598
0.884864
1.15565
0.971711
1.2548
1.05218
1.24547
1.00389
1.03667
1.07022
0.825636
0.860671
0.96381
0.866727
1.1261
1.01402
0.886052
1.47812
0.889863
0.762175
1.03032
0.853934
1.06546
0.990193
0.90678
1.3179
0.985695
1.04054
0.664766
1.17998
0.906738
0.949972
1.02104
0.994026
0.765539
1.00711
0.939557
1.08277
1.31103
0.832362
1.26768
1.25967
0.938727
0.941816
1.01276
1.03382
1.0283
0.937362
0.913928
0.861049
0.740117
1.16987
0.996663
0.844782
0.919736
0.936781
0.872026
1.09943
0.979614
1.20903
0.871678
1.16661
1.03077
0.867466
1.00181
0.836179
1.03509
0.918439
1.04995
1.23314
1.28672
1.02674
1.04258
0.939664
1.65669
0.78615
0.978402
0.927358
0.856741
1.18664
1.2725
1.11913
1.25552
1.07675
1.43452
1.25457
1.17037
0.9131
1.10358
0.818049
1.64812
1.20182
0.890718
1.12998
1.16559
0.986325
1.14564
1.11051
0.921884
0.851072
0.699759
1.18986
0.980648
0.89356
1.14013
0.928913
0.854767
1.25191
1.06332
1.45963
1.27834
1.1737
1.27527
0.89582
0.81656
1.05865
0.978743
1.0467
1.21368
1.02952
1.24074
1.07735
0.994151
0.930994
1.00871
0.822884
1.30693
0.970668
1.04255
0.959322
0.834207
1.05466
1.01666
1.38458
1.07922
1.27724
0.897216
0.856178
1.10977
1.07022
0.971624
0.980363
1.15219
1.02122
0.868584
1.14068
1.19903
1.14465
0.914009
1.00515
1.06764
0.785081
0.941332
0.891962
0.981524
1.2186
0.862834
0.907926
1.03486
0.886701
0.948374
1.01332
0.937479
1.18828
0.941614
0.800919
1.42414
1.37116
1.15817
0.936478
1.016
1.20085
1.07788
1.05815
0.791532
1.1752
0.951095
1.10204
0.939486
1.0532
1.06798
1.32444
0.809705
0.785102
1.29982
0.751782
1.23156
0.952995
0.878097
1.02407
1.03759
0.860301
1.00222
1.19677
1.00675
1.04227
0.949584
0.753469
1.0205
1.33472
0.893699
1.08212
1.19459
1.14532
1.01034
0.948676
0.98435
0.983238
1.05216
0.795517
0.938227
0.989023
1.05119
1.10997
1.21193
1.14792
1.12589
0.928556
0.839061
0.850009
1.36073
0.985817
1.51621
1.13286
0.831476
0.781243
0.909627
0.993654
0.648732
1.00492
1.07178
1.02799
0.904764
1.01266
1.24799
0.936372
0.929606
0.966428
1.19446
1.02584
1.07516
0.770626
0.875623
1.30867
1.04358
1.08388
0.917566
1.22787
1.01358
0.922302
1.08466
0.899537
1.01135
1.07262
1.19815
1.08329
1.14175
0.888952
1.12366
1.09702
0.969054
1.03015
0.802336
1.00463
1.04876
0.794364
0.808261
1.12663
1.03414
1.04414
0.844882
0.993637
0.89289
1.10124
1.11795
1.35207
0.792429
1.08406
1.38672
1.09331
1.23658
1.02283
0.918195
0.778162
0.869287
0.751918
0.774514
0.863482
1.20453
1.14386
0.938974
0.982268
1.214
1.04721
0.789987
1.05987
1.13342
0.938256
0.900885
0.691939
1.16335
0.775914
1.05119
0.747541
1.07935
1.22045
1.2346
0.905569
1.50883
0.975286
0.742518
1.10794
1.13793
1.22879
1.12882
0.713155
1.08374
1.17785
0.766817
1.25579
1.16182
1.13449
0.95425
0.905143
1.24285
1.20401
0.98457
0.766444
1.02853
1.20763
0.788597
0.917288
1.10365
1.13699
0.950818
1.0034
1.19818
0.809805
0.975307
0.915977
0.936703
0.833593
0.986288
0.75361
1.00429
0.913248
1.00865
0.880984
0.733479
1.02602
1.02993
0.840046
1.19281
1.13194
1.07563
0.859403
1.09314
0.91711
0.823586
1.31233
1.37556
1.19403
1.34624
1.02484
1.00774
0.930411
0.990955
1.00213
0.808818
0.944493
0.92324
0.853987
1.18981
1.07651
0.918026
1.10662
0.805618
1.29341
0.954176
0.763411
0.909689
0.912515
0.974386
1.14639
0.910305
1.06437
1.05994
1.22827
1.10376
0.975289
1.08279
0.921884
1.07015
0.813317
0.712544
0.845561
0.845805
1.1309
1.18156
0.829074
0.945028
0.972839
1.11447
1.04097
0.953576
0.775277
1.02392
0.919849
1.11927
1.12366
0.861491
0.990457
1.21377
1.02449
1.10162
0.922756
1.289
1.18263
0.993483
1.23117
1.24133
0.962271
1.03101
1.10941
0.610322
1.12694
1.02375
1.18601
0.924865
0.948249
0.967463
1.05481
1.39201
1.14864
0.837249
1.4345
1.00551
0.767532
1.10812
1.1802
0.83602
1.16614
1.31277
0.843961
1.19273
1.20835
0.826662
1.06308
0.940481
1.00502
1.39483
1.12081
0.974875
1.12381
1.82051
1.11863
0.848235
0.877439
1.04796
0.903712
0.843911
0.944538
1.01142
0.922023
1.10837
1.07939
1.01208
0.993008
1.35197
0.935175
1.27435
1.19005
0.937382
1.09006
0.998722
0.902265
1.0381
1.10404
1.12978
1.29799
1.00512
1.16454
1.04641
1.21745
1.38688
1.05241
0.751043
1.28144
0.882148
1.0743
0.913368
1.29926
1.27177
0.866037
1.29022
0.982769
1.31651
1.34222
0.850754
1.01352
1.2722
1.0901
0.977264
1.00499
0.829406
1.19286
1.27313
1.34126
0.948168
0.9811
1.04537
1.02626
1.07779
0.793021
0.924013
0.752245
1.34089
1.04538
1.32587
0.831556
1.45365
1.29709
0.837733
1.12673
0.97994
1.22033
1.13736
1.28752
1.31482
1.2491
1.10971
0.95176
0.870953
1.03465
1.16218
1.18697
0.928838
0.962734
1.16742
1.16473
1.06968
0.774482
0.925316
1.13399
0.97617
1.05128
0.936537
1.13862
0.974125
0.72188
1.15566
1.07949
0.709838
1.10706
1.09945
1.11357
1.21126
1.17631
1.1174
0.854183
0.794383
0.975718
1.18451
0.808477
1.16225
0.949223
1.2703
1.04341
1.04548
1.36308
1.02577
0.927805
0.919468
1.18391
0.824938
0.943332
1.20149
1.08246
1.34329
0.686616
1.28865
1.18463
1.24875
1.16121
0.879318
1.06944
0.871736
0.865522
0.875007
0.701183
1.10997
1.20148
1.1265
1.53984
1.02268
0.843423
0.849249
0.94852
0.694278
1.02018
0.684127
0.704989
1.35231
0.853408
1.10623
1.18016
0.835735
1.11193
0.793433
1.08632
1.0131
1.14729
0.883854
1.04752
1.1927
0.999926
1.05466
1.15046
0.950317
0.92593
1.12006
1.02847
1.00196
1.15392
0.939014
1.03616
1.2736
0.921768
0.888993
0.979243
0.904484
1.02225
0.964707
0.945193
0.901901
1.00135
1.15589
1.12127
0.745683
1.05335
1.02246
0.89782
1.07398
0.983133
1.09989
0.934808
0.886774
1.24556
1.05855
0.782848
1.34618
1.09834
1.08956
0.97437
0.862296
0.965069
1.06333
0.945568
1.07906
1.14055
1.1248
0.912389
1.23108
0.731627
0.954577
1.23118
1.42063
0.939971
1.04522
0.839614
1.33745
1.04335
1.2726
0.967322
0.834621
1.03687
0.879835
0.928263
0.711707
0.942924
1.13652
1.39889
0.83803
1.20674
0.924691
0.78079
1.07245
1.00688
1.092
0.842648
0.879559
1.01828
1.32385
1.05074
0.84535
0.969741
1.11107
1.02113
0.838508
1.17204
1.18468
0.809751
1.09433
1.25888
0.940708
0.884387
1.16089
0.980288
1.07776
0.957452
0.910018
1.06308
0.895517
1.126
0.875075
1.38814
1.02284
1.06453
1.16684
1.11478
1.17597
1.07294
1.14798
1.15055
1.04854
1.0405
0.995915
0.908297
1.02854
1.02447
0.856467
1.01814
1.05543
0.931675
0.788914
0.945834
1.13023
1.04659
1.09228
0.902697
1.05706
0.919089
0.776271
1.13216
0.871315
0.937061
0.830775
0.862533
1.17901
0.734325
1.06031
1.13346
0.914426
0.825189
1.23003
0.866567
1.07147
0.81126
1.38403
1.11189
0.844732
0.997445
0.739773
1.13814
0.899552
1.06893
1.2536
0.904451
0.983734
0.977459
1.11703
0.91888
0.841845
0.896356
1.15317
0.956243
1.13896
0.91628
0.827638
0.747423
1.10247
1.01659
0.930113
1.16832
0.914072
1.47487
0.710431
0.967503
1.1534
0.886935
0.824887
0.857193
0.840979
0.972983
0.889871
1.11854
0.955164
1.30568
1.00603
1.1718
1.03614
1.16585
1.26536
0.809172
1.02767
0.847857
0.80471
1.15348
1.26756
0.852205
0.926749
0.71651
0.874199
0.864201
0.974345
1.15801
1.24253
0.613963
1.07403
1.44509
0.894657
0.787724
0.808009
0.986755
1.1307
1.12936
1.05521
1.11133
0.860516
1.05205
0.72401
0.95805
1.00493
1.02782
1.00859
1.08627
1.03719
0.894537
1.02329
0.748435
0.970995
0.984981
0.957281
0.947707
1.0865
0.979748
1.50687
1.06042
0.758228
0.907882
1.43342
0.838623
0.916954
1.04002
1.1001
1.18275
0.990588
0.75155
0.913447
1.1269
0.912864
0.735845
0.83503
0.960846
1.08403
0.961062
0.985893
1.03102
0.910517
1.0535
1.14979
1.17313
0.904021
1.01412
1.24729
0.936763
1.26501
1.21896
0.949103
0.984147
1.05237
1.13874
0.853358
1.23494
0.922034
0.72588
1.169
0.817924
1.08373
0.997235
1.16933
1.2223
0.920747
0.99201
1.15689
1.18058
0.863655
0.79423
1.02682
1.0104
1.0266
0.869496
1.25538
1.26932
0.971225
0.907834
1.18094
0.999701
0.946002
1.30758
1.2264
0.902212
0.787279
0.992307
1.0049
0.821185
1.18934
1.12484
0.773667
0.999865
1.11419
1.01122
1.1761
0.999915
1.18081
1.18263
0.822635
0.99701
0.9775
1.30274
1.18606
1.08391
1.10365
1.0261
0.749372
1.11764
1.07231
1.08783
0.775821
0.971414
0.751324
1.15851
0.947927
0.824571
1.10646
1.30218
1.06909
0.988867
1.11307
0.98152
1.16905
0.959537
1.31616
1.06884
1.3277
1.29295
1.25275
0.98541
0.991933
1.20276
1.05074
1.56839
1.01004
0.97593
0.891176
1.13307
0.998579
1.02082
1.08432
0.944965
0.705568
1.12852
1.42503
0.893667
1.07503
1.06614
0.956328
0.849708
1.17994
0.897721
1.25459
0.590714
1.13598
0.77353
0.833444
1.13959
1.11028
0.692948
0.996529
1.09011
0.972444
0.818269
0.987692
1.01368
0.935858
0.907893
1.07289
0.827367
0.926533
1.09834
1.0598
0.885102
1.15565
0.971711
1.2548
1.05218
1.24547
1.00389
1.03229
1.07022
0.825636
0.860671
0.963344
0.866276
1.1261
1.01402
0.88605
1.47812
0.88754
0.762175
1.02954
0.853933
1.06546
0.990193
0.904319
1.3179
0.983189
1.04021
0.664766
1.17998
0.906242
0.950155
1.02104
0.993987
0.76435
1.00711
0.939557
1.08277
1.31103
0.832362
1.26768
1.25967
0.938362
0.94182
1.01276
1.03382
1.02491
0.937345
0.913928
0.861049
0.739019
1.16987
0.997068
0.844782
0.919736
0.936781
0.872024
1.09943
0.979616
1.20791
0.871678
1.16661
1.03077
0.867458
1.00181
0.836179
1.03509
0.918438
1.04739
1.23314
1.28672
1.02621
1.04401
0.938587
1.65669
0.78615
0.978405
0.927358
0.856741
1.18664
1.27249
1.11913
1.25552
1.07675
1.43452
1.25457
1.17072
0.913018
1.10358
0.818049
1.64605
1.20163
0.896411
1.12998
1.16559
0.984235
1.14564
1.11051
0.921837
0.851072
0.699759
1.1907
0.98065
0.892588
1.13838
0.928924
0.855764
1.25191
1.06333
1.45963
1.27827
1.1737
1.27195
0.89582
0.816568
1.05865
0.978743
1.0467
1.21368
1.02952
1.24074
1.07735
0.994152
0.930994
1.00871
0.822872
1.30693
0.970666
1.04276
0.957695
0.834025
1.05466
1.01666
1.38458
1.07922
1.27724
0.897216
0.85618
1.10977
1.07022
0.972738
0.980364
1.15219
1.02122
0.868574
1.13954
1.19903
1.14465
0.914011
1.00515
1.06659
0.78372
0.941477
0.891975
0.983615
1.218
0.862834
0.907926
1.03486
0.886526
0.945668
1.01332
0.935819
1.18872
0.941618
0.800918
1.42414
1.36856
1.15817
0.936478
1.01593
1.20085
1.07788
1.05951
0.791532
1.1763
0.951094
1.10204
0.939487
1.0532
1.06822
1.32444
0.809701
0.785102
1.29982
0.752985
1.23156
0.952995
0.878097
1.02407
1.03759
0.860919
1.00222
1.19677
1.00675
1.04234
0.949584
0.750686
1.02047
1.3346
0.894834
1.0809
1.19459
1.14532
1.01034
0.946966
0.98435
0.98324
1.05217
0.795517
0.938227
0.988589
1.0524
1.10997
1.21169
1.14792
1.12589
0.928556
0.83906
0.850009
1.36071
0.9861
1.51466
1.13134
0.831476
0.778662
0.909628
0.993648
0.648737
1.00492
1.07117
1.02702
0.905063
1.01207
1.24799
0.936372
0.929608
0.967855
1.19446
1.02866
1.07516
0.770626
0.875623
1.30855
1.04358
1.08249
0.91757
1.22478
1.01087
0.92138
1.08466
0.899537
1.01135
1.07262
1.19816
1.08329
1.14275
0.888952
1.12261
1.09702
0.969055
1.03236
0.802336
1.00456
1.04875
0.794364
0.808261
1.12662
1.03414
1.04358
0.844883
0.993637
0.892891
1.10447
1.11796
1.35137
0.792429
1.08406
1.38672
1.09331
1.23602
1.02283
0.920712
0.778162
0.869288
0.751918
0.774509
0.86428
1.20453
1.14507
0.941226
0.982268
1.214
1.04721
0.789274
1.05987
1.13346
0.925552
0.900886
3.04352
4.49805
3.58265
3.30011
3.28619
3.82659
2.69566
2.57699
4.1173
3.14822
3.67678
2.91831
3.91797
3.71984
2.8385
1.63225
3.71101
2.56603
2.85679
3.91984
2.66838
2.36584
3.21262
2.934
1.72112
4.2435
2.77273
2.88866
3.79424
1.49945
2.83924
3.27363
3.16689
4.54815
1.82124
3.51111
1.57479
1.57239
3.94018
1.67859
3.44241
2.8429
2.75823
3.47638
3.46615
1.78464
2.15913
1.43553
2.77104
3.60186
3.92685
3.57238
3.78816
3.93238
1.79828
1.89444
3.97695
1.66522
3.05906
2.05196
3.97961
3.67158
3.69395
3.50096
3.51888
1.8365
4.6882
1.47219
3.34383
3.67756
3.58006
2.98532
4.45983
4.07435
1.57771
3.96714
4.80806
3.43765
4.21824
0.691939
1.16335
1.05119
0.747541
1.07935
0.990457
1.04537
0.837733
0.701176
0.684525
1.14729
1.00196
0.945193
0.901901
0.934808
1.06333
0.9398
0.711707
0.842648
1.18468
1.06308
1.14798
0.931675
0.871315
0.937061
1.07147
0.904451
0.827638
0.886935
1.03614
0.71651
0.808009
1.02782
1.0865
1.18275
0.991489
1.03102
0.949103
0.997235
1.0266
0.902212
1.1769
1.02552
1.10646
0.980437
1.29295
0.998579
1.02082
1.17994
1.09011
1.0598
0.860671
1.06546
0.993987
1.01276
0.936781
1.03509
0.927358
0.856741
0.818049
0.699759
1.17371
0.994152
1.38458
0.869593
1.218
1.42414
1.10204
0.878097
1.02407
0.893694
0.989023
1.51466
1.01207
1.04604
1.08329
0.808261
1.08406
1.20453
0.870948
1.23752
0.965131
0.920151
1.06349
0.989061
0.975202
0.860456
0.926841
0.774303
1.12249
0.908694
0.932317
1.04918
0.889149
0.870948
1.23752
0.965131
0.920151
1.06349
0.989061
0.975202
0.860456
0.926841
0.774303
1.12249
0.908694
0.932317
1.04918
0.889149
0.878855
1.0566
0.853262
0.861805
0.917733
1.08173
1.11491
0.92429
0.836577
1.06775
1.10329
0.913471
0.760935
0.998074
0.865578
0.950856
1.09602
1.19143
1.03822
1.24493
0.90997
1.10388
0.97804
1.05584
1.10343
0.910526
1.07302
0.878899
1.10535
1.00811
1.13635
1.05984
1.13798
1.09135
1.07385
1.23638
0.757623
1.05133
0.921522
1.09242
0.990405
0.986969
0.951955
0.92945
0.889829
0.856102
1.19039
0.913239
1.24794
1.10615
1.01848
1.27413
1.04665
0.888778
1.01545
0.887916
0.962743
1.32317
1.01689
1.03658
0.971722
0.947941
1.1227
1.14257
0.691939
1.16335
1.05119
0.747541
1.07935
0.990457
1.04537
0.837733
0.701176
0.684525
1.14729
1.00196
0.945193
0.901901
0.934808
1.06333
0.9398
0.711707
0.842648
1.18468
1.06308
1.14798
0.931675
0.871315
0.937061
1.07147
0.904451
0.827638
0.886935
1.03614
0.71651
0.808009
1.02782
1.0865
1.18275
0.991489
1.03102
0.949103
0.997235
1.0266
0.902212
1.1769
1.02552
1.10646
0.980437
1.29295
0.998579
1.02082
1.17994
1.09011
1.0598
0.860671
1.06546
0.993987
1.01276
0.936781
1.03509
0.927358
0.856741
0.818049
0.699759
1.17371
0.994152
1.38458
0.869593
1.218
1.42414
1.10204
0.878097
1.02407
0.893694
0.989023
1.51466
1.01207
1.04604
1.08329
0.808261
1.08406
1.20453
0.691939
1.16335
1.05119
0.747541
1.07935
0.990457
1.04537
0.837733
0.701176
0.684525
1.14729
1.00196
0.945193
0.901901
0.934808
1.06333
0.9398
0.711707
0.842648
1.18468
1.06308
1.14798
0.931675
0.871315
0.937061
1.07147
0.904451
0.827638
0.886935
1.03614
0.71651
0.808009
1.02782
1.0865
1.18275
0.991489
1.03102
0.949103
0.997235
1.0266
0.902212
1.1769
1.02552
1.10646
0.980437
1.29295
0.998579
1.02082
1.17994
1.09011
1.0598
0.860671
1.06546
0.993987
1.01276
0.936781
1.03509
0.927358
0.856741
0.818049
0.699759
1.17371
0.994152
1.38458
0.869593
1.218
1.42414
1.10204
0.878097
1.02407
0.893694
0.989023
1.51466
1.01207
1.04604
1.08329
0.808261
1.08406
1.20453
0.870948
1.23752
0.965131
0.920151
1.06349
0.989061
0.975202
0.860456
0.926841
0.774303
1.12249
0.908694
0.932317
1.04918
0.889149
0.878855
1.0566
0.853262
0.861805
0.917733
1.08173
1.11491
0.92429
0.836577
1.06775
1.10329
0.913471
0.760935
0.998074
0.865578
0.950856
1.09602
1.19143
1.03822
1.24493
0.90997
1.10388
0.97804
1.05584
1.10343
0.910526
1.07302
0.878899
1.10535
1.00811
1.13635
1.05984
1.13798
1.09135
1.07385
1.23638
0.757623
1.05133
0.921522
1.09242
0.990405
0.986969
0.951955
0.92945
0.889829
0.856102
1.19039
0.913239
1.24794
1.10615
1.01848
1.27413
1.04665
0.888778
1.01545
0.887916
0.962743
1.32317
1.01689
1.03658
0.971722
0.947941
1.1227
1.14257
0.691939
1.16335
0.965131
0.771681
1.06349
0.995652
0.975202
0.842959
0.701176
0.67563
1.12249
0.908694
0.932317
0.945285
0.889149
0.878855
0.89936
0.711707
0.861496
0.880077
1.12679
1.11491
0.92429
0.834665
0.937061
1.16921
0.890544
0.760935
0.886935
0.865578
0.71651
0.808009
1.02782
1.03822
1.18275
0.90997
1.03102
0.951952
0.987288
0.97844
0.899854
1.07302
0.878899
1.10535
0.973991
1.13635
0.998579
56063.1
1.09135
0.998477
1.0598
0.757623
1.05133
0.921522
0.997007
0.94075
0.986969
1.00434
0.856741
0.800748
0.699759
1.12354
0.913239
1.24794
0.869323
1.01848
1.27413
1.10204
193301
1.01545
0.887916
0.962743
1.32317
1.05829
1.03658
0.971722
0.808261
1.12894
1.14257
0.69171
1.16335
0.965129
0.743554
1.06344
0.993855
0.9752
0.842604
0.701176
0.675223
1.12249
0.908694
0.932055
0.69171
1.16335
0.965129
0.743554
1.06344
0.993855
0.9752
0.842604
0.701176
0.675223
1.12249
0.908694
0.932055
0.870388
0.887851
0.878845
0.899253
0.711581
0.861496
0.879323
1.04784
1.1149
0.92429
0.833479
0.935873
1.02792
0.890125
0.760752
0.886935
0.865496
0.71651
0.807267
1.02664
1.03728
1.18274
0.909068
1.03101
0.948795
0.985943
0.976918
0.899853
1.07222
0.878899
1.10319
0.972908
1.1358
0.997748
1.00908
1.09134
0.997078
1.05598
0.756418
1.05129
0.921481
0.992392
0.940746
0.986967
0.915029
0.85613
0.800747
0.697129
1.11919
0.913239
1.24523
0.867203
1.01788
1.27369
1.10204
0.876378
1.01545
0.886669
0.962307
1.32145
1.05829
1.03412
0.97167
0.807445
1.12769
1.14256
0.69171
1.16335
1.05119
0.747536
1.07931
0.990456
1.0443
0.837732
0.701176
0.684127
1.14565
1.00196
0.944931
0.9019
0.933509
1.06284
0.9398
0.711581
0.842648
1.18468
1.06308
1.14798
0.931675
0.868969
0.935873
1.07147
0.90445
0.827455
0.886935
1.03614
0.71651
0.807267
1.02664
1.08556
1.18274
0.990587
1.03101
0.948414
0.997235
1.02506
0.902212
1.1761
1.02552
1.1043
0.980435
1.29241
0.997748
1.02081
1.17897
1.08872
1.05598
0.859466
1.06362
0.993986
1.01274
0.934368
1.03509
0.927358
0.85613
0.817794
0.697129
1.1737
0.994151
1.38186
0.868573
1.218
1.42414
1.10204
0.877459
1.02393
0.893693
0.988587
1.51466
1.01207
1.04358
1.08324
0.807445
1.08405
1.20368
0.69171
1.16335
0.965129
0.743554
1.06344
0.993855
0.9752
0.842604
0.701176
0.675223
1.12249
0.908694
0.932055
0.870388
0.887851
0.878845
0.899253
0.711581
0.861496
0.879323
1.04784
1.1149
0.92429
0.833479
0.935873
1.02792
0.890125
0.760752
0.886935
0.865496
0.71651
0.807267
1.02664
1.03728
1.18274
0.909068
1.03101
0.948795
0.985943
0.976918
0.899853
1.07222
0.878899
1.10319
0.972908
1.1358
0.997748
1.00908
1.09134
0.997078
1.05598
0.756418
1.05129
0.921481
0.992392
0.940746
0.986967
0.915029
0.85613
0.800747
0.697129
1.11919
0.913239
1.24523
0.867203
1.01788
1.27369
1.10204
0.876378
1.01545
0.886669
0.962307
1.32145
1.05829
1.03412
0.97167
0.807445
1.12769
1.14256
0.69171
1.16335
0.761221
0.965129
0.743554
1.06344
1.15329
0.935784
0.891019
1.10038
0.983021
0.740806
1.07105
1.04535
1.10436
1.07655
0.713155
1.05077
1.09739
0.761388
0.922651
1.02842
1.04394
0.954247
0.907764
1.14037
0.953526
0.882343
0.766442
1.0116
1.1144
0.780808
0.917285
1.00857
1.13239
0.950816
0.932763
1.15537
0.788667
0.975304
0.876019
0.79834
0.830404
1.00003
0.744068
0.991668
0.913244
0.901454
0.876718
0.712263
0.955697
1.02992
0.840044
1.18918
0.976528
1.07563
0.853458
1.09314
0.91442
0.821344
1.01183
1.35012
0.99738
1.35703
0.953913
0.971534
0.925798
1.02689
0.968709
0.810497
0.931754
0.917854
0.85398
1.18491
1.11389
0.916761
1.12906
0.804543
1.10184
0.944571
0.761819
0.909689
0.912512
0.955194
1.0862
0.907176
0.935648
1.05618
1.15009
1.05962
0.969839
1.05625
0.914092
1.07014
0.813049
0.712544
0.842948
0.845804
1.05272
0.985756
0.809765
0.874954
0.950941
1.06465
1.03892
0.972698
0.764849
0.856196
0.88108
1.10437
1.08485
0.861491
0.993855
1.03161
1.02449
1.10162
0.825676
1.08517
1.1457
0.897101
1.0822
0.941698
0.929683
1.031
1.10893
0.610317
1.10545
1.02069
1.03398
0.874795
0.950021
0.94189
0.965411
1.19886
1.09366
0.831663
1.28934
1.00551
0.78675
1.11731
1.04071
0.83602
1.16614
1.13295
0.843566
0.95653
1.06133
0.816215
1.06141
0.937306
0.925127
1.35064
1.07026
0.960086
1.10312
1.3461
1.1157
0.79877
0.85708
0.894707
0.912263
0.837188
0.933897
1.01142
0.922023
1.09675
0.963188
1.01208
0.964502
1.35197
0.931162
1.10328
0.949929
0.937381
0.991909
0.897837
0.902265
1.03743
1.10404
0.974084
1.19256
0.810475
1.0742
1.0464
1.05208
1.14761
0.972856
0.751043
1.23007
0.815769
1.08051
0.805244
1.09188
1.08966
0.834761
1.21226
0.911409
1.08388
0.996357
0.850742
0.881043
1.16369
1.08975
0.976477
1.01545
0.823936
1.13283
1.22783
1.25123
0.901192
0.975173
0.9752
1.01422
1.08566
0.79282
0.917765
0.751931
1.04383
1.04255
1.17781
0.817562
1.21978
1.14885
0.842604
1.05547
0.975108
1.00131
1.13736
1.17995
1.27627
1.1842
1.0527
0.957692
0.871184
0.970438
1.09511
1.15063
0.971672
0.922859
1.08151
0.833112
1.00999
0.77448
0.913031
1.08421
0.976166
1.05128
0.884644
1.05383
0.973693
0.72188
0.9764
1.01616
0.709837
1.02767
1.06433
1.09647
1.06773
1.17507
1.11573
0.853118
0.791261
0.988589
1.18213
0.807193
1.14546
0.90193
1.16272
0.999842
0.972488
1.30082
0.808175
0.919079
0.86528
0.848335
0.801152
0.870972
1.13028
0.973953
1.28637
0.686616
1.0269
0.884448
1.01545
1.12137
0.879318
1.05302
0.863459
0.814479
0.893674
0.701176
0.982225
1.19608
1.0382
1.25141
1.04163
0.823775
0.849246
0.948519
0.694727
1.01882
0.675223
0.701487
1.11031
0.837999
1.05877
0.938836
0.837754
1.14473
0.793432
1.09063
1.04642
1.12249
0.881889
1.00992
1.1473
1.00862
1.00925
1.05356
0.950181
0.925717
0.98476
0.984453
0.908694
1.12707
0.914108
1.00662
1.03209
0.920333
0.853476
0.959429
0.90418
1.02962
0.964705
0.932055
0.870388
0.96223
0.998483
1.12201
0.745325
0.964083
0.993748
0.897813
1.0213
0.965624
1.08279
0.887851
0.886774
1.16105
1.05725
0.736351
1.32258
1.03677
1.05406
0.973429
0.862295
0.884036
0.878845
0.849973
0.90128
1.13209
1.1248
0.897237
1.13755
0.708148
0.955285
1.23118
1.19822
0.899253
1.0265
0.746096
1.14444
1.0081
1.09122
0.959381
0.833612
1.03649
0.830042
0.742997
0.711581
0.942922
1.13627
1.20517
0.828742
1.1802
0.877371
0.767843
1.09745
1.01259
1.08256
0.861496
0.803623
0.919906
1.19958
1.00958
0.845335
0.949461
0.892413
1.02113
0.852104
1.10212
0.879323
0.80975
1.09321
1.15915
0.922279
0.845333
0.992319
0.979948
0.91738
0.954411
0.875367
1.04784
0.895515
1.00561
0.875072
1.08302
0.97386
1.04344
1.07764
1.04955
1.10667
1.02126
1.1149
0.993813
1.05414
1.02938
0.994597
0.88135
0.976031
1.02445
0.808001
0.95769
0.873169
0.92429
0.788914
0.945833
1.13002
0.88943
1.0911
0.903953
1.0329
0.919082
0.776271
1.13077
0.833479
0.935873
0.837462
0.862457
1.08514
0.717918
0.978866
1.03497
0.913255
0.825187
1.16877
0.862877
1.02792
0.796801
1.21127
1.09221
0.822619
0.984766
0.748199
1.11589
0.899552
0.811138
1.11635
0.890125
0.88893
0.939116
0.997169
0.918878
0.841844
0.896333
1.13035
0.955939
1.05689
0.916221
0.760752
0.74642
1.02506
1.01659
0.874053
0.989796
0.914196
1.21952
0.710429
0.90465
1.07358
0.886935
0.824887
0.857193
0.840979
0.957908
0.842326
1.09828
0.932104
1.11228
0.99271
1.1718
0.865496
1.03617
1.19614
0.791763
0.96597
0.83855
0.802301
1.14924
1.04192
0.807226
0.875079
0.71651
0.87144
0.8642
0.958252
1.11338
1.058
0.612916
0.96897
1.20194
0.894656
0.772359
0.807267
0.98866
1.13069
1.04793
1.03061
1.05282
0.836429
1.0494
0.724002
0.942417
0.950269
1.02664
0.976967
1.04706
1.03671
0.899218
1.0005
0.712591
0.948333
0.98498
0.934229
0.956791
1.03728
0.898626
1.28334
1.06042
0.741162
0.907876
1.39501
0.838622
0.916767
1.01514
1.1001
1.18274
0.909068
0.751549
0.873712
1.09478
0.90708
0.733377
0.83503
0.960841
1.03112
0.985962
0.933662
1.03101
0.832823
1.0535
1.06494
1.08099
0.902369
0.991282
1.19992
0.93676
1.24287
1.16466
0.948795
0.983901
0.987239
1.08173
0.848446
1.21477
0.891052
0.733759
1.15318
0.805019
0.921122
0.985943
0.859356
0.933226
0.92893
0.980877
1.0234
1.10238
0.863322
0.793056
0.919067
0.751224
0.976918
0.862394
1.17739
1.22713
0.938333
0.909324
1.15942
0.9997
0.762606
1.18344
1.02102
0.899853
0.787008
1.01474
1.0049
0.819376
1.18881
1.11831
0.769703
0.908551
1.10924
0.956618
1.07222
0.944401
1.08656
1.2185
0.815491
0.982089
0.975779
1.21405
1.13729
1.0854
1.03327
0.878899
0.741529
1.10579
1.02577
1.08783
0.775815
0.969809
0.738751
1.05351
0.940801
0.824564
1.10319
1.08319
1.07521
1.00521
1.11307
0.972908
1.07456
0.93601
1.14888
0.895996
1.20736
1.1358
1.20803
0.969212
0.975883
0.950835
1.01415
1.33651
1.01004
0.941774
0.882945
1.03679
0.997748
1.00908
1.09318
0.944964
0.705565
1.10936
1.41005
0.866718
0.993639
1.02868
0.87892
0.826365
1.09134
0.897721
1.12562
0.590711
0.897163
0.773528
0.833775
1.07023
1.10891
0.691166
1.00339
0.997078
0.970504
0.813304
0.927762
0.951073
0.949208
0.907153
1.06137
0.827364
0.926532
1.08236
1.05598
0.884863
1.09275
0.967033
1.00495
1.02577
1.05844
0.944361
0.982686
1.04697
0.846943
0.756418
0.89573
0.866276
0.98013
0.943069
0.886049
1.3524
0.873671
0.762169
0.81272
0.853933
1.05129
0.945545
0.904313
1.11188
0.892082
1.04021
0.663453
0.872935
0.890853
0.939152
1.01813
0.921481
0.736027
0.894149
0.939557
0.916071
1.16389
0.832043
1.25949
1.24216
0.967542
0.941816
0.992392
1.01112
0.881382
0.928596
0.813628
0.868961
0.739018
1.10336
0.87815
0.844782
0.888
0.940746
0.872024
1.13516
0.979614
0.949541
0.871677
1.12837
1.03881
0.867457
1.01591
0.781283
0.986967
0.929117
0.991781
1.23314
1.22739
0.929647
0.917462
0.938587
1.46549
0.785378
0.941332
0.915029
0.85613
0.899093
1.28695
1.03827
1.25435
1.07065
1.21824
1.25457
1.0985
0.913017
0.945867
0.800747
1.37799
1.11263
0.91386
1.12941
1.12133
0.969157
1.14564
1.03081
0.921837
0.844204
0.697129
0.863978
0.888312
0.910262
1.05067
0.890816
0.782174
1.00985
1.07211
1.35763
1.15788
1.11919
1.08045
0.840745
0.803867
0.95991
0.93291
1.00084
1.08694
0.998263
1.13733
1.07476
0.913239
0.92977
1.00922
0.822865
1.15213
0.9451
0.90011
0.859892
0.834024
0.93086
0.950913
1.24523
1.09347
1.19199
0.896173
0.847253
1.08935
1.06995
0.855839
0.972287
1.02684
0.963694
0.867203
1.08065
1.05436
1.10106
0.912929
0.929585
1.00414
0.775359
0.941329
0.860219
0.955339
1.01788
0.8169
0.90391
0.844686
0.822377
0.740221
0.979208
0.932495
1.03023
0.874111
0.800552
1.27369
1.2033
1.04126
0.927743
0.988537
0.99776
0.984211
0.978567
0.784759
1.16077
1.00146
1.10204
0.939486
0.959041
1.06798
1.08017
0.8097
0.785523
1.18232
0.75178
1.04356
0.952483
0.876378
1.01545
0.977448
0.841931
0.929563
0.972633
0.988195
1.01468
0.834177
0.757286
1.02047
1.19817
0.886669
1.07852
1.02849
1.1132
1.00006
0.946964
0.984293
0.854084
1.05371
0.795514
0.947441
0.962307
0.904356
1.06045
0.920105
1.11844
1.12529
0.928555
0.842938
0.850008
1.30649
0.971237
1.32145
0.997548
0.797854
0.778661
0.922608
0.989236
0.648721
1.01656
1.02139
1.00947
0.904763
1.05829
1.11953
0.936371
0.888498
0.954378
1.06918
1.00463
1.08442
0.770299
0.87534
0.923492
1.03412
1.08248
0.832011
0.894864
0.994054
0.921361
0.926943
0.899537
0.983325
1.00755
1.14831
0.97167
1.14174
0.885598
1.1226
1.02748
0.968564
1.00521
0.802336
1.0036
1.04537
0.796984
0.807445
0.936635
1.01204
1.03134
0.844882
0.912012
0.892854
1.07461
0.951916
1.11363
0.78995
1.12769
1.19965
1.0931
1.11971
1.02283
0.871731
0.778162
0.862698
0.75445
0.774508
0.796309
1.14256
1.00224
0.92672
0.98038
1.04265
1.04778
0.769114
0.901073
1.05834
0.92545
0.880904
0.69171
1.16335
0.69171
1.16335
0.775636
1.05119
0.747536
1.07931
1.22043
1.23364
0.905564
1.50883
0.975284
0.740806
1.10794
1.13793
1.22563
1.12841
0.713155
1.07914
1.17771
0.766816
1.2542
1.16182
1.13322
0.954247
0.905143
1.24221
1.204
0.98457
0.766442
1.02853
1.20738
0.788594
0.917285
1.10359
1.13239
0.950816
1.00233
1.19818
0.809802
0.975304
0.915976
0.935886
0.830404
0.986287
0.750924
1.00317
0.913244
1.00865
0.880984
0.733477
1.02574
1.02992
0.840044
1.18918
1.13194
1.07563
0.853458
1.09314
0.91442
0.823586
1.31233
1.37556
1.19398
1.34624
1.02483
1.0063
0.930404
0.99075
1.00201
0.808681
0.94449
0.921367
0.85398
1.18981
1.0765
0.917986
1.10619
0.804543
1.29341
0.954175
0.763315
0.909689
0.912512
0.974246
1.14559
0.910301
1.06436
1.05994
1.22827
1.10328
0.975286
1.08204
0.921297
1.07014
0.813049
0.712544
0.845516
0.845804
1.13089
1.18133
0.827442
0.945025
0.971954
1.11151
1.0383
0.953575
0.775275
1.02392
0.919845
1.11927
1.12365
0.861491
0.990456
1.2128
1.02449
1.10162
0.922755
1.289
1.18263
0.993482
1.23117
1.24133
0.962268
1.031
1.10941
0.610317
1.12694
1.02276
1.18601
0.922458
0.948249
0.965747
1.0548
1.392
1.14759
0.837096
1.43449
1.00551
0.766316
1.10806
1.1802
0.83602
1.16614
1.30997
0.843566
1.19156
1.20835
0.826661
1.06308
0.939616
1.004
1.39482
1.11858
0.974864
1.12381
1.81856
1.1157
0.845667
0.877437
1.04759
0.902251
0.84389
0.944406
1.01142
0.922023
1.1076
1.07761
1.01208
0.993004
1.35197
0.935042
1.27434
1.1884
0.937381
1.09005
0.998721
0.902265
1.03743
1.10404
1.12902
1.29788
1.00512
1.16454
1.0464
1.21557
1.38449
1.05241
0.751043
1.28144
0.880985
1.07429
0.91127
1.29926
1.27177
0.863649
1.29022
0.981759
1.31374
1.34143
0.850742
1.01351
1.2722
1.08975
0.976477
1.00499
0.828054
1.19269
1.27215
1.3408
0.948161
0.9811
1.0443
1.02557
1.07778
0.79282
0.923636
0.752245
1.34089
1.04447
1.32586
0.831556
1.45345
1.29501
0.837732
1.12669
0.979938
1.22033
1.13736
1.28752
1.31144
1.2491
1.10969
0.951205
0.870953
1.03465
1.16218
1.18697
0.925938
0.962732
1.16742
1.16445
1.06967
0.77448
0.924891
1.13399
0.976166
1.05128
0.936536
1.13861
0.973306
0.72188
1.15566
1.07948
0.709837
1.10706
1.09945
1.11357
1.21014
1.17507
1.1166
0.854182
0.792871
0.975718
1.18451
0.807193
1.16225
0.949223
1.2703
1.04335
1.04548
1.36308
1.02577
0.924852
0.919468
1.18391
0.822914
0.942393
1.1973
1.07989
1.34329
0.686616
1.28864
1.18463
1.24875
1.15936
0.879318
1.06936
0.871158
0.864937
0.875007
0.701176
1.10997
1.20021
1.1265
1.53866
1.02268
0.843421
0.849246
0.948519
0.694278
1.01882
0.684127
0.701487
1.35231
0.853406
1.10623
1.18015
0.835732
1.11139
0.793432
1.08632
1.0101
1.14565
0.883852
1.04752
1.1927
0.999926
1.05465
1.15046
0.950181
0.925717
1.11925
1.02846
1.00196
1.15392
0.938366
1.03616
1.27359
0.920333
0.888789
0.979243
0.904344
1.02157
0.964705
0.944931
0.9019
1.00134
1.15584
1.12127
0.745325
1.0531
1.02246
0.897813
1.07372
0.983098
1.09721
0.933509
0.886774
1.24482
1.05854
0.782275
1.34618
1.09834
1.08956
0.973429
0.862295
0.964015
1.06284
0.945321
1.07688
1.14055
1.1248
0.911947
1.22991
0.731626
0.953421
1.23118
1.42022
0.9398
1.04316
0.838991
1.33744
1.04334
1.27157
0.966039
0.83462
1.03649
0.879763
0.92677
0.711581
0.942922
1.13627
1.39844
0.836806
1.20498
0.923722
0.779972
1.07113
1.00659
1.09199
0.842648
0.878846
1.01828
1.32385
1.05074
0.845335
0.969735
1.10867
1.02113
0.838507
1.17204
1.18468
0.80975
1.09433
1.25746
0.940706
0.884387
1.1606
0.979948
1.07676
0.957448
0.910017
1.06308
0.895515
1.126
0.875072
1.38176
1.02284
1.06452
1.16683
1.11478
1.17597
1.07294
1.14798
1.15014
1.04737
1.0405
0.994597
0.905543
1.0228
1.02445
0.856463
1.01771
1.05543
0.931675
0.788914
0.945833
1.13002
1.04578
1.0911
0.902546
1.05706
0.919082
0.776271
1.13077
0.868969
0.935873
0.830773
0.862457
1.17901
0.734324
1.06031
1.13315
0.913255
0.825187
1.22853
0.866428
1.07147
0.81126
1.38403
1.11189
0.84473
0.997401
0.738134
1.13463
0.899552
1.06893
1.25359
0.90445
0.982705
0.977459
1.11676
0.918878
0.841844
0.896333
1.15317
0.956243
1.13896
0.916221
0.827455
0.747306
1.10142
1.01659
0.930112
1.16774
0.914071
1.47487
0.710429
0.967503
1.1534
0.886935
0.824887
0.857193
0.840979
0.972983
0.884451
1.11854
0.95516
1.30497
1.00372
1.1718
1.03614
1.16585
1.26535
0.809171
1.02719
0.846177
0.802301
1.14924
1.26756
0.84899
0.926749
0.71651
0.87144
0.8642
0.974345
1.15454
1.24087
0.612916
1.07302
1.44509
0.894656
0.787724
0.807267
0.986755
1.13069
1.1293
1.055
1.11133
0.860515
1.05204
0.724002
0.95805
1.00419
1.02664
1.00663
1.08627
1.03671
0.894536
1.02329
0.748434
0.970994
0.98498
0.95605
0.947707
1.08556
0.978697
1.50686
1.06042
0.758228
0.907876
1.43342
0.838622
0.916767
1.04002
1.1001
1.18274
0.990587
0.751549
0.913101
1.1269
0.912864
0.733377
0.83503
0.960841
1.08403
0.960382
0.985892
1.03101
0.910515
1.0535
1.14968
1.17042
0.902369
1.01051
1.24728
0.93676
1.26501
1.21896
0.948414
0.982231
1.05076
1.13873
0.853358
1.23254
0.921572
0.725877
1.16899
0.817911
1.08373
0.997235
1.16868
1.2223
0.920746
0.991062
1.15689
1.18058
0.863322
0.793056
1.02681
1.0104
1.02506
0.869496
1.25538
1.26401
0.971217
0.907833
1.17805
0.9997
0.942985
1.30716
1.2264
0.902212
0.787008
0.990806
1.0049
0.819376
1.18917
1.12484
0.769703
0.997873
1.11419
1.01122
1.1761
0.998687
1.1808
1.18133
0.82148
0.996992
0.975779
1.30274
1.1847
1.08241
1.10342
1.02552
0.749252
1.11568
1.06903
1.08783
0.775815
0.969809
0.749657
1.15724
0.947925
0.824564
1.1043
1.30218
1.06909
0.9876
1.11307
0.980435
1.16905
0.959537
1.31586
1.06884
1.3277
1.29241
1.25275
0.98541
0.991828
1.20276
1.05074
1.56839
1.01004
0.975779
0.890877
1.13306
0.997748
1.02081
1.08432
0.944964
0.705565
1.12852
1.42503
0.892274
1.07479
1.06428
0.956322
0.849707
1.17897
0.897721
1.25407
0.590711
1.13598
0.773528
0.83344
1.1384
1.10891
0.691166
0.996366
1.08872
0.970504
0.818269
0.987691
1.01368
0.935855
0.907153
1.07121
0.827364
0.926532
1.09763
1.05598
0.884863
1.15549
0.971706
1.25445
1.05078
1.24026
1.00389
1.03228
1.07022
0.825634
0.859466
0.963343
0.866276
1.1261
1.01402
0.886049
1.47385
0.887536
0.762169
1.02954
0.853933
1.06362
0.989572
0.904313
1.31738
0.983186
1.04021
0.663453
1.17774
0.906242
0.949969
1.02055
0.993986
0.76435
1.00711
0.939557
1.07997
1.3095
0.832043
1.2649
1.25967
0.938357
0.941816
1.01274
1.03091
1.02491
0.937344
0.911824
0.861048
0.739018
1.16987
0.996662
0.844782
0.91794
0.934368
0.872024
1.09943
0.979614
1.20791
0.871677
1.16601
1.03077
0.867457
1.0018
0.836178
1.03509
0.916341
1.04739
1.23314
1.28672
1.02621
1.04254
0.938587
1.65669
0.785378
0.978398
0.927358
0.85613
1.18537
1.27249
1.11913
1.25435
1.07666
1.43452
1.25457
1.17037
0.913017
1.10319
0.817794
1.64603
1.20163
0.890708
1.12973
1.16559
0.984232
1.14564
1.11051
0.921837
0.848653
0.697129
1.18985
0.980648
0.892585
1.13838
0.928907
0.854767
1.25191
1.06332
1.45801
1.27827
1.1737
1.27195
0.895773
0.816556
1.05845
0.978742
1.0467
1.21298
1.02762
1.24074
1.07626
0.994151
0.92977
1.00871
0.822865
1.30693
0.970664
1.04254
0.957688
0.834024
1.05466
1.01666
1.38186
1.07922
1.27724
0.896173
0.856178
1.10916
1.06995
0.971593
0.979914
1.15174
1.01882
0.868573
1.13953
1.19767
1.14285
0.914007
1.00169
1.06659
0.783718
0.941329
0.891958
0.981518
1.218
0.862832
0.907602
1.03166
0.886525
0.945667
1.01332
0.935819
1.18827
0.941613
0.800552
1.42414
1.36855
1.15817
0.935717
1.01593
1.20085
1.07788
1.05813
0.791444
1.1752
0.949616
1.10204
0.939486
1.0515
1.06798
1.32218
0.8097
0.785013
1.29932
0.75178
1.22884
0.952483
0.877459
1.02393
1.03507
0.860297
1.00164
1.19677
1.00674
1.04226
0.949583
0.750681
1.02047
1.3346
0.893693
1.0809
1.19459
1.14518
1.00963
0.946964
0.984293
0.983231
1.05216
0.795514
0.938227
0.988587
1.05119
1.10934
1.21169
1.14652
1.12529
0.928555
0.839058
0.850008
1.36071
0.985816
1.51466
1.13133
0.831476
0.778661
0.909626
0.993647
0.648721
1.00175
1.07117
1.02701
0.904763
1.01207
1.24773
0.936371
0.924869
0.966421
1.19396
1.02583
1.07453
0.770299
0.87534
1.30854
1.04358
1.08248
0.917564
1.22478
1.01087
0.921361
1.08466
0.899537
1.01063
1.07191
1.19814
1.08324
1.14174
0.888951
1.1226
1.09702
0.968564
1.03014
0.802336
1.00456
1.04537
0.793657
0.807445
1.12661
1.03413
1.04357
0.844882
0.993635
0.892854
1.10123
1.11794
1.35137
0.792429
1.08405
1.38396
1.0931
1.23602
1.02283
0.918193
0.778162
0.869286
0.750294
0.774508
0.863482
1.20368
1.14386
0.938973
0.98038
1.21327
1.04721
0.789263
1.05877
1.1334
0.92545
0.900884
