1.02733
1.03936
1.02805
1.17657
1.00401
1.01719
1.02413
1.05407
1.08042
1.09652
1.06307
1.12899
1.49846
1.73324
1.03368
1.02853
1.02978
1.51135
1.01528
1.0223
1.13228
1.02738
1.03296
2.24959
1.12676
1.54078
1.12552
1.02136
1.0686
1.0286
1.02545
1.03135
1.10858
1.0222
1.0467
1.16764
1.03091
1.06185
1.03576
1.01496
1.42518
1.10573
1.08316
1.03971
1.04591
1.00879
1.03867
1.01973
1.29914
1.0068
1.01477
1.03816
1.09129
1.02214
1.02332
1.02685
1.05125
1.19738
1.31906
1.0893
1.13119
1.01808
1.02168
1.32735
1.06787
1.05205
1.0542
1.04314
1.32334
1.07304
1.00769
1.05476
1.03887
1.02508
1.1744
1.73964
1.09031
1.01432
1.02393
1.54686
1.07839
1.08457
1.09423
1.05145
1.01778
1.01113
1.31713
1.03225
1.0462
1.05056
1.45412
1.03224
1.14697
1.02127
1.36176
1.20521
1.23215
1.13011
1.05973
1.24739
1.02898
1.04761
1.01153
1.02918
1.01341
1.17652
1.01805
1.05829
1.01105
1.0247
1.00117
1.02676
1.0518
2.6789
1.03913
1.06617
1.04805
1.03552
1.05371
1.04308
1.03879
1.0122
1.0555
1.07358
1.01884
1.24779
1.10544
1.05973
1.02393
1.02217
1.03795
1.2732
2.84049
1.07165
1.05451
1.01464
1.03745
1.06588
1.06298
1.03806
1.0537
1.00667
1.0179
1.05511
1.01746
1.05868
1.05667
1.04713
1.01514
1.10241
1.02764
1.04925
1.06551
1.04081
1.00568
1.15758
1.05144
1.04687
1.05228
1.01677
1.06943
1.03118
1.0406
1.02833
1.02586
1.10555
1.09519
1.02458
1.5747
1.19929
1.11392
1.18794
1.01882
1.26363
1.04795
1.0045
1.29219
1.11328
1.03013
1.13731
1.00605
1.21859
1.06229
1.02718
1.06824
1.0394
1.48558
1.11867
1.10357
1.02685
1.06081
1.02258
1.00979
1.24148
1.05368
1.00815
1.03369
1.02411
1.15417
1.03128
1.16575
1.00162
1.02893
1.05545
1.14582
1.06021
1.02007
1.03269
1.01
1.11377
1.06256
1.01243
1.03622
1.64334
1.05418
1.08272
1.03786
1.01339
1.01698
1.07204
1.54761
1.01187
1.02354
1.03527
1.01874
1.06015
1.07199
1.08537
1.04282
1.01575
1.03794
1.02155
1.03869
1.01943
1.09284
1.01321
1.03695
1.18502
1.01697
1.02226
1.02178
1.02349
1.05074
1.02413
1.02926
1.30237
1.10763
1.02395
1.0307
1.01861
1.02675
1.19891
1.0431
2.02741
1.08708
1.50239
1.08048
1.03109
1.09794
1.12281
1.02491
1.01259
1.01527
1.14771
1.97094
1.16734
1.12598
1.15078
1.03559
2.78878
1.05102
1.02739
1.03954
1.20555
1.044
1.02311
1.00515
1.01291
1.14087
1.31891
1.07825
1.01993
1.53591
1.01387
1.01668
1.05256
1.00554
1.03531
1.0188
1.02911
1.04662
1.0305
1.01962
2.31615
1.08898
1.37042
1.34874
1.08861
1.16897
1.50753
1.07673
1.11344
1.02277
1.05907
1.05843
1.02744
1.0244
1.06749
1.39992
1.03927
1.03724
1.02428
1.08581
1.06921
1.05087
1.17338
1.48018
1.14924
1.04143
1.02233
1.04314
1.06102
1.07516
1.00696
1.00814
1.22064
1.02828
1.01944
1.01162
1.01436
1.32042
1.00614
1.06931
1.02863
1.12904
1.08897
1.0827
1.03463
1.05299
1.04949
1.02079
1.73936
1.03224
1.04184
1.01236
1.04015
1.45388
1.0562
1.02567
1.25563
1.00978
1.03078
1.16955
1.03198
1.02808
1.07692
1.02652
1.03375
1.03013
1.45208
1.02577
1.01685
1.1014
1.65209
1.06296
1.02312
1.0151
1.01718
1.00582
1.05617
1.02889
1.26773
1.05862
1.82044
1.07059
1.07866
1.84865
1.20692
1.28376
2.18526
1.13263
1.00657
1.02549
1.01697
1.0315
1.05464
1.03698
1.33083
1.02313
1.43591
1.03396
1.06493
1.0228
1.3809
1.04725
1.06883
1.02906
1.23463
1.00779
1.00838
1.04103
1.00481
1.09769
1.01617
1.02006
1.04453
1.20727
1.07558
1.01813
1.0461
1.04254
1.02982
1.03562
1.03191
1.04507
1.07144
1.03541
1.01661
1.01724
1.05046
1.0456
1.02733
1.10738
1.04812
1.09182
1.003
1.05822
1.03454
1.08701
1.0461
1.0399
1.01132
1.04202
1.30226
1.04841
2.20452
1.03427
1.03201
1.03019
1.05204
1.02978
1.06613
1.03322
1.05259
1.03213
1.02469
1.02467
1.06086
1.04113
1.49628
1.0134
1.71597
1.07958
1.28619
1.04479
1.01052
1.07933
1.02625
1.04227
1.69913
1.1085
1.30828
1.04303
1.04452
1.09397
1.02731
1.10388
1.14209
1.03421
1.03905
1.10347
1.02538
1.2063
1.04735
1.02457
1.04267
1.0249
1.38835
1.02406
1.01916
1.01401
1.00548
1.05293
1.03108
1.0266
1.40422
1.08845
1.04382
1.66318
1.09059
1.03657
1.04319
1.09998
1.65514
1.01353
1.01325
1.018
1.07412
1.05509
1.02366
1.19221
1.04318
1.07557
1.04796
1.02448
1.38765
1.63234
1.02904
1.00772
1.05138
1.01429
1.05936
1.04718
1.04719
1.07565
1.47475
1.04928
1.04714
1.27514
1.03662
1.08674
1.13237
1.03138
1.03205
1.16778
1.03723
1.18397
1.0231
1.05073
1.03292
1.07208
1.19996
1.01258
1.0849
1.03877
1.04115
1.12427
1.11824
1.02513
1.21838
1.01302
1.00218
1.00746
1.01895
1.02552
1.12827
1.03127
1.06493
1.01282
1.06199
1.05873
2.21097
1.05879
1.02021
1.0453
1.18859
1.8946
1.1695
1.03262
1.12706
1.06894
1.03757
1.02105
1.17908
1.0093
1.04503
1.09187
1.01245
1.02574
1.46314
1.02346
1.0288
1.06206
1.11448
1.34578
1.07722
1.08753
1.00989
1.0707
1.14199
1.0511
1.10118
1.01076
1.02537
1.05511
1.05157
1.04547
1.05634
1.25259
1.07083
1.04866
1.01914
1.02082
1.16455
1.04819
1.25034
1.28237
1.08324
1.12452
1.01231
1.01496
1.1032
1.03497
1.03069
1.01876
1.33244
1.03211
1.02018
1.01832
1.03386
1.07599
1.19554
1.01536
1.01063
1.0793
1.03375
1.03281
1.06526
1.00652
1.15277
1.03218
1.01306
1.04495
1.04505
1.02894
1.12014
1.01252
1.11423
1.019
1.0649
1.03493
1.0882
1.00884
1.02779
1.13066
1.12293
1.17362
1.03477
1.01734
1.0072
1.64531
1.06555
1.03657
1.79661
1.02772
1.64383
1.04553
1.02532
1.02979
1.04401
1.15173
1.02124
1.07285
1.34263
1.23268
1.53678
1.05139
1.01729
1.13945
1.03442
1.05275
1.01699
1.06565
1.77729
1.03075
1.03554
1.08139
1.05209
1.02373
1.02375
1.02473
1.08031
1.10466
1.02138
1.10157
1.06683
1.04456
1.03442
1.03456
1.73216
1.0419
1.04444
1.02366
1.03395
1.003
1.04042
1.22083
1.15499
1.14476
1.05197
1.01322
1.01542
1.04054
1.02365
1.01176
1.6694
1.01203
2.04171
1.06597
1.02493
1.02574
1.04413
1.0113
1.02819
1.0266
1.02085
1.02437
1.02967
1.12051
1.05793
1.04101
1.02891
1.06247
1.01599
1.03062
1.4768
1.43357
1.02609
1.08297
1.01611
1.11593
1.05976
1.03033
1.04532
1.08167
1.02086
1.05875
1.01943
1.03724
1.07276
1.13738
1.01279
1.01834
1.04096
1.04364
1.67197
1.04204
1.01774
1.0579
1.04855
1.01383
1.0186
1.22197
1.15941
1.43772
1.03552
1.12831
1.02892
1.05423
1.01442
1.03906
1.24774
1.05252
1.04914
1.14381
1.20577
1.05279
1.03183
1.05868
1.0188
1.01096
1.04271
1.00999
1.03389
1.01769
1.03609
1.08955
1.02993
1.09955
1.0923
1.02911
1.03336
1.04225
1.01228
1.04637
1.04648
1.03649
1.07057
1.03888
1.04749
1.28605
1.03146
1.0409
1.04097
1.09394
1.04671
1.02578
1.01703
1.0513
1.10558
1.02442
1.26836
1.02593
1.06448
1.04582
1.05451
1.01212
1.08414
1.06963
1.04374
1.02447
1.04344
