1.01296
1.01296
1.01785
1.05011
1.04075
1.0259
1.00851
1.03055
1.01846
1.02413
1.0417
1.00472
1.01139
1.01496
1.00694
1.00877
1.05886
1.01938
1.01053
1.00875
1.0014
1.00057
1.04524
1.03762
1.00296
1.01162
1.02809
1.00658
1.28176
1.02039
1.03536
1.01291
1.04232
1.03477
1.00042
1.00059
1.00017
1.00034
1.01721
1.04915
1.00047
1.03065
1.03014
1.02837
1.02309
1.00042
1.01537
1.02243
1.00814
1.01795
1.00027
1.00669
1.09531
1.00128
1.01462
1.07658
1.03037
1.01877
1.00013
1.01021
1.00042
1.00008
1.00041
1.01604
1.02468
1.00034
1.12538
1.01682
1.03111
1.00031
1.03385
1.00496
1.06587
1.00019
1.00043
1.00826
1.00014
1.00399
1.00028
1.00727
1.02375
1.00516
1.00027
1.01953
1.00062
1.0044
1.0218
1.13196
1.04678
1.02307
1.00075
1.00212
1.00028
1.00026
1.00613
1.00605
1.05195
1.00025
1.0053
1.02887
1.00026
1.00084
1.02937
1.06688
1.00689
1.02254
1.02558
1.00029
1.01664
1.0709
1.03078
1.05193
1.00985
1.05324
1.056
1.00529
1.00994
1.0009
1.02287
1.0323
1.00033
1.01924
1.00506
1.00555
1.01187
1.01421
1.00022
1.00021
1.1466
1.04291
1.00038
1.13421
1.0534
1.06495
1.00052
1.00043
1.00042
1.00045
1.05397
1.03357
1.01566
1.03056
1.00038
1.00022
1.00093
1.00034
1.00242
1.00026
1.00036
1.0591
1.01697
1.04058
1.02383
1.02601
1.02195
1.00482
1.0176
1.02555
1.03373
1.06659
1.01288
1.00011
1.03914
1.0038
1.02182
1.00021
1.06091
1.00661
1.00023
1.0137
1.02208
1.01229
1.0012
1.00047
1.01203
1.01977
1.00037
1.01099
1.00552
1.00867
1.01597
1.00108
1.00652
1.01068
1.00055
1.05885
1.00037
1.03721
1.0364
1.01225
1.0001
1.00336
1.10466
1.00029
1.00025
1.01304
1.00059
1.02489
1.00033
1.03709
1.03223
1.01107
1.03791
1.00273
1.00047
1.00021
1.00029
1.0867
1.00014
1.00906
1.1111
1.01308
1.05816
1.02362
1.00898
1.00044
1.01225
1.0345
1.00488
1.13336
1.00898
1.08382
1.00056
1.02935
1.22987
1.0003
1.01368
1.01824
1.11918
1.00036
1.01956
1.00442
1.02829
1.03842
1.00533
1.00059
1.02152
1.0003
1.0005
1.04757
1.18261
1.01996
1.0122
1.00012
1.02041
1.00065
1.0154
1.01551
1.00719
1.04172
1.00918
1.00106
1.01103
1.00042
1.0143
1.05732
1.08308
1.01222
1.07461
1.0215
1.0018
1.00032
1.0003
1.01371
1.05162
1.00028
1.05814
1.01159
1.01879
1.00326
1.00501
1.10139
1.00034
1.07849
1.01094
1.00017
1.00003
1.01967
1.1539
1.00953
1.00033
1.0001
1.02266
1.01027
1.00059
1.00217
1.00029
1.0003
1.00021
1.01893
1.00569
1.00033
1.00062
1.00007
1.03561
1.00034
1.03281
1.01587
1.07744
1.02915
1.0052
1.00486
1.02043
1.04384
1.01733
1.01319
1.00419
1.01686
1.00025
1.00793
1.01308
1.0135
1.13171
1.05465
1.0017
1.00029
1.03347
1.02153
1.03647
1.04846
1.22097
1.00029
1.02096
1.00756
1.0181
1.00018
1.00099
1.00305
1.02079
1.00031
1.00052
1.00052
1.00029
1.01335
1.06278
1.00033
1.00474
1.02706
1.01235
1.11644
1.00024
1.01608
1.04102
1.00043
1.01284
1.00024
1.01383
1.02482
1.05162
1.05066
1.05111
1.03289
1.00036
1.00981
1.00472
1.0003
1.00035
1.00024
1.07364
1.01629
1.00043
1.0082
1.03177
1.00072
1.00951
1.09189
1.00044
1.02275
1.01926
1.01345
1.02135
1.02056
1.02605
1.09433
1.01623
1.00072
1.0279
1.00037
1.03856
1.05043
1.02728
1.00916
1.00048
1.00017
1.00013
1.01564
1.00616
1.11788
1.0085
1.14323
1.00007
1.05706
1.01523
1.0067
1.00407
1.00017
1.11721
1.00029
1.0493
1.04587
1.01113
1.02661
1.01585
1.17482
1.0005
1.01336
1.01469
1.00934
1.00123
1.06306
1.01665
1.02179
1.00026
1.0004
1.10938
1.00014
1.01389
1.04295
1.00346
1.00083
1.03208
1.0139
1.02717
1.00021
1.01652
1.02315
1.02038
1.02924
1.01489
1.00322
1.0252
1.02768
1.00682
1.00028
1.16575
1.01936
1.01419
1.01984
1.07858
1.02795
1.00992
1.00603
1.00064
1.01757
1.06587
1.04134
1.00042
1.01546
1.02383
1.01324
1.0003
1.00079
1.00862
1.19626
1.02986
1.0062
1.08361
1.00151
1.00011
1.03819
1.03379
1.00037
1.02625
1.02575
1.00039
1.00995
1.01181
1.00043
1.01265
1.00043
1.01621
1.02592
1.00113
1.03307
1.07119
1.00505
1.00052
1.01498
1.01466
1.03341
1.00025
1.00008
1.01967
1.00027
1.00013
1.0131
1.04921
1.00029
1.04327
1.01824
1.00411
1.02132
1.00043
1.03264
1.04421
1.01914
1.06281
1.03131
1.00024
1.00315
1.00018
1.00008
1.01902
1.00028
1.06196
1.04707
1.0297
1.00024
1.03937
1.03876
1.00033
1.01555
1.00034
1.00646
1.02521
1.00019
1.00041
1.01093
1.00026
1.01592
1.04802
1.02728
1.00187
1.0007
1.00062
1.04904
1.03656
1.04306
1.04654
1.01985
1.03997
1.07636
1.03596
1.02078
1.00852
1.05733
1.00408
1.06658
1.01835
1.02906
1.00018
1.03816
1.02873
1.00025
1.11381
1.03399
1.02528
1.00031
1.00048
1.00996
1.02455
1.0003
1.00961
1.02135
1.00068
1.01801
1.00032
1.03645
1.08695
1.00044
1.00181
1.01212
1.00041
1.08333
1.00038
1.00029
1.0003
1.05827
1.01674
1.00027
1.00043
1.00058
1.00315
1.05185
1.00623
1.01307
1.02026
1.00703
1.00024
1.00195
1.00029
1.00397
1.00023
1.00028
1.01543
1.00018
1.00208
1.01714
1.02827
1.06441
1.01476
1.01289
1.00336
1.00785
1.00028
1.00037
1.02976
1.09294
1.00045
1.0215
1.00021
1.00237
1.00415
1.02989
1.00025
1.10901
1.08371
1.00042
1.03445
1.02742
1.03417
1.00019
1.03577
1.0396
1.02097
1.00029
1.03999
1.00005
1.00029
1.00784
1.15473
1.00026
1.00029
1.00753
1.03434
1.00471
1.01646
1.00042
1.02684
1.03852
1.0003
1.02003
1.04439
1.00666
1.00692
1.00369
1.00031
1.00745
1.06191
1.01525
1.01082
1.01633
1.01156
1.04698
1.02425
1.01809
1.03127
1.00788
1.00098
1.00203
1.00511
1.03077
1.03663
1.00522
1.00017
1.01601
1.00018
1.02086
1.00045
1.0194
1.20993
1.01964
1.01557
1.03088
1.02005
1.03558
1.06612
1.06798
1.00963
1.01178
1.00265
1.00014
1.02256
1.02068
1.02825
1.01192
1.00586
1.00016
1.01479
1.00695
1.00042
1.02784
1.00015
1.02327
1.01635
1.09111
1.03038
1.00048
1.00059
1.00454
1.08554
1.01758
1.05211
1.00052
1.00021
1.01138
1.02412
1.00044
1.00034
1.01843
1.01933
1.00029
1.00429
1.11716
1.0004
1.04297
1.03145
1.0206
1.01837
1.04686
1.01205
1.02927
1.17044
1.0157
1.03135
1.05171
1.00026
1.08868
1.0005
1.01092
1.12568
1.00907
1.00048
1.0144
1.00031
1.04001
1.02321
1.03857
1.06796
1.03818
1.00014
1.02448
1.03163
1.00073
1.07239
1.0107
1.01046
1.0002
1.02753
1.00034
1.00047
1.00018
1.00024
1.01322
1.00055
1.00467
1.00015
1.0004
1.01191
1.00056
1.02147
1.01377
1.01907
1.00035
1.01634
1.02787
1.00688
1.02278
1.02192
1.00063
1.01035
1.01544
1.00025
1.03006
1.00082
1.01712
1.02927
1.0276
1.04827
1.02732
1.00147
1.00363
1.02222
1.0205
1.05649
1.00042
1.13334
1.02012
1.00015
1.00879
1.00036
1.00038
1.00012
1.02396
1.01246
1.00028
1.00013
1.02123
1.00029
1.04751
1.00721
1.00151
1.05177
1.00026
1.02354
1.00045
1.03231
1.02468
1.00027
1.00015
1.03529
1.01085
1.00023
1.02208
1.00026
1.00037
1.02263
1.02684
1.00012
1.0003
1.06099
1.00762
1.015
1.00347
1.01649
1.00458
1.03712
1.00401
1.00043
1.02307
1.04023
1.03762
1.01308
1.01673
1.03835
1.00047
1.05562
1.02162
1.00054
1.01104
1.01945
1.1523
1.00025
1.01187
1.00434
1.00329
1.0359
1.01464
1.02044
1.00026
1.07264
1.00412
1.02645
1.11778
1.01359
1.01303
1.01211
1.15056
1.00671
1.00774
1.00032
1.0688
1.01961
1.00025
1.00577
1.04409
1.03961
1.02541
1.03617
1.00371
1.0497
1.04941
1.02526
1.013
1.00285
1.00046
1.00017
1.00028
1.00024
1.00376
1.00029
1.00018
1.00418
1.01027
1.01474
1.08459
1.03367
1.00045
1.02622
1.03363
1.0006
1.03027
1.00016
1.00038
1.00493
1.00122
1.00774
1.00022
1.00034
1.01591
1.01744
1.08083
1.04677
1.03386
1.01209
1.00028
1.03324
1.00504
1.00008
1.00619
1.06227
1.0003
1.00488
1.01309
1.00035
1.0003
1.00033
1.00021
1.13477
1.0301
1.01293
1.0164
1.00032
1.00027
1.02964
1.00741
1.00665
1.0005
1.00987
1.01556
1.00331
1.12397
1.05387
1.14303
1.0001
1.00025
1.03602
1.02208
1.00009
1.0003
1.00036
1.00042
1.00007
1.00074
1.0566
1.01185
1.00404
1.0212
1.03685
1.00026
1.00282
1.00046
1.06086
1.02873
1.00456
1.00057
1.00326
1.00341
1.0098
1.13483
1.00645
1.00043
1.00034
1.0184
1.00014
1.02215
1.00024
1.01283
1.00046
1.12479
1.00056
1.02665
1.01693
1.01144
1.00046
1.00026
1.01277
1.01712
1.00016
1.00218
1.0233
1.02169
1.00061
1.00806
1.00504
1.01446
1.06322
1.01415
1.00006
1.00053
1.0101
1.027
1.00327
1.00685
1.00046
1.0429
1.00021
1.0676
1.02087
1.01198
1.01891
1.02423
1.00691
1.01607
1.01592
1.00063
1.18855
1.01099
1.00028
1.02841
1.0511
1.0511
1.01441
1.0515
1.04796
1.02609
1.00558
1.00564
1.01885
1.02876
1.04713
1.0001
1.01247
1.0158
1.00002
1.00872
1.0598
1.02383
1.01121
1.00005
1.01806
1.00003
1.04909
1.00596
1.01591
1.00258
1.03011
1.00005
1.08255
1.02089
1.03682
1.00006
1.04577
1.03991
1.00579
1.00055
1.00002
1.01693
1.01516
1.05424
1.00031
1.03183
1.03218
1.12846
1.00004
1.00002
1.01758
1.02758
1.00006
1.00011
1.05542
1.00824
1.00222
1.00084
1.01795
1.08142
1.11039
1.02532
1.01971
1.01523
1.00009
1
1.00006
1.03435
1.02872
1.00003
1.2746
1.01726
1.03555
1.00922
1.03613
1.00001
1.00707
1.00004
1.00014
1.01134
1.00001
1.00346
1.00903
1.00973
1.02532
1.0063
1
1.02402
1.08925
1.00748
1.0034
1.05996
1.00001
1.02433
1.00002
1.25565
1.00074
1.00004
1.00786
1.00577
1.05577
1.0068
1.00827
1.03231
1.00003
1.001
1.09296
1.00001
1.00873
1.02616
1.03073
1.00003
1.00897
1.07875
1.03486
1.00006
1.01235
1.03941
1.0572
1.00812
1.01199
1.03362
1.02381
1.03551
1.00002
1.03433
1.00881
1.00001
1.0844
1.00035
1.00872
1.00624
1.00002
1.00004
1.00009
1.02888
1.05096
1.00007
1.02195
1.01647
1.0064
1.00002
1.05859
1.19284
1.01778
1.02673
1.00001
1.00001
1.00128
1.00004
1.00269
1.00003
1.00005
1.00005
1.02049
1.045
1.00005
1.04643
1.02999
1.00616
1.02744
1.01897
1.0356
1.00308
1.01334
1.00304
1.04514
1.00421
1.04546
1.00009
1.06669
1.02196
1.00001
1.01725
1.00007
1.01711
1.05896
1.00848
1.00003
1.02552
1.00005
1.01216
1.007
1.01115
1.01818
1.00088
1.00001
1.01388
1.14411
1.10014
1.00004
1.0422
1.10278
1.04377
1
1.0046
1.03471
1.00003
1.0001
1.01386
1.00006
1.02759
1.00003
1.02607
1.07904
1.0567
1.04159
1.00261
1.00002
1.02322
1.00002
1.00872
1.00001
1.01001
1.00003
1.00004
1.0458
1.04294
1.07007
1.00001
1.01628
1.03444
1.00592
1.06496
1.00853
1.1189
1.00008
1.00005
1.09654
1.00007
1.15473
1.0206
1.04801
1.00006
1.00004
1.00403
1.02588
1.0385
1.00521
1.00693
1.02539
1.00001
1.01239
1.05659
1.23231
1.02156
1.01353
1.00002
1.02446
1.00565
1.01881
1.02082
1.00893
1.04284
1.01295
1.00129
1.0137
1.00604
1.04081
1.10741
1.01993
1.01122
1.00616
1.02335
1.02453
1.05138
1.01218
1.00007
1.00005
1.00012
1.05994
1.01431
1.00004
1.0163
1.00456
1.0149
1.00001
1.04439
1.01578
1.0219
1
1.02516
1.00008
1.01247
1.01084
1.00001
1.05905
1.00009
1.01545
1.01555
1.00002
1.00008
1.05697
1.02355
1.00002
1.00001
1.00004
1.00002
1.037
1.00002
1.03701
1.02481
1.17337
1.02964
1.00016
1.00508
1.02145
1.01629
1.02464
1.03189
1
1.02089
1.00002
1.00794
1.00002
1.12861
1.07129
1.05889
1.00119
1.00005
1.22526
1.10171
1.03911
1.05489
1.09713
1.00007
1.07675
1.02232
1.02023
1.00004
1.02769
1.0046
1.00168
1.07845
1.00002
1.00002
1.02849
1.01647
1.06592
1.00003
1.00003
1.02787
1.01519
1.12222
1.00014
1.01849
1.00016
1.00001
1.0153
1.00002
1.01577
1.0725
1.01158
1.04328
1.05523
1.10908
1.00002
1.01282
1.00508
1.04054
1.00002
1.01705
1.07795
1.01913
1.01879
1.01469
1.03811
1.00331
1.00004
1.01906
1.00002
1.04569
1.02319
1.00005
1.00007
1.02366
1.02847
1.01578
1.01625
1.00824
1.0001
1.00003
1.03924
1.05403
1.01288
1.01209
1.00004
1.00002
1.00001
1.01934
1.00005
1.13317
1.00002
1.00008
1.00002
1.06679
1.01652
1.0068
1.0055
1.00003
1.00005
1.00001
1.05132
1.04896
1.01257
1.02717
1.01631
1.12811
1.01541
1.01532
1.01902
1.12215
1.00136
1.00719
1.00005
1.02299
1
1.00003
1.112
1.00002
1.01661
1.05583
1.02417
1.00014
1.01579
1.01476
1.02714
1
1.00006
1.03832
1.02356
1.03204
1.01739
1.00514
1.01548
1.00286
1.00007
1.00002
1.00882
1.02646
1.00007
1.02262
1.11431
1.03091
1.0176
1.0077
1.01046
1.00008
1.00193
1.04258
1.00003
1.01934
1.02591
1.00004
1.01607
1.0044
1.00005
1.20945
1.03266
1.00002
1.00078
1.01125
1.00002
1.04332
1.03932
1.00015
1.0314
1.03351
1.00001
1.03884
1.01522
1.02468
1.08505
1.00002
1.01956
1.02685
1.00124
1.0357
1.00018
1.00447
1.00007
1.00004
1.10517
1.05037
1
1.00001
1.02225
1.01317
1
1.01455
1.02575
1.00001
1.08376
1.02124
1.00421
1.03278
1.00006
1.03805
1.0515
1.01965
1.06267
1.03337
1.00002
1.0039
1.00001
1.0386
1.02647
1.00002
1.06585
1.0392
1.03409
1.00001
1.04076
1.04295
1.00771
1.02341
1.00004
1.03304
1.02694
1
1.00018
1.01307
1.00001
1.18457
1.0525
1.02779
1.00212
1.00846
1.01427
1.00004
1.01318
1.04622
1.04693
1.02301
1.03567
1.02809
1.03842
1.02198
1.01126
1.00507
1.00003
1.01925
1.09242
1.03436
1.00001
1.03229
1.03002
1.00002
1.02819
1.03643
1.03129
1.00002
1.02792
1.01398
1.02695
1.00002
1.01314
1.02686
1.02888
1.00005
1
1.04076
1.08682
1.00002
1.00144
1.01551
1.00006
1.08506
1.01459
1.01649
1.01825
1.02794
1.01678
1.01378
1.00001
1.00035
1.00386
1.05577
1.00724
1.01578
1.02545
1.01102
1.00001
1.01477
1
1.00701
1.00001
1.01891
1.10894
1.00001
1.0026
1.01907
1.03926
1.13842
1.01727
1.00005
1.0921
1.0077
1.02823
1.00902
1.03272
1.09944
1.00006
1.02806
1.00001
1.00331
1.00408
1.03166
1.00002
1.11462
1.01377
1.00472
1.01443
1.0273
1.03792
1
1.03851
1.04531
1.02476
1.00001
1.03753
1
1.00008
1.00005
1.02113
1.02116
1.00007
1.00009
1.04593
1.00439
1.01956
1.00004
1.03202
1.04294
1
1.02628
1.04283
1.00001
1.0163
1.00451
1.05098
1.0072
1.06172
1.0176
1.00004
1.01702
1.01667
1.05061
1.02911
1.02066
1.00002
1.01097
1.00004
1.07275
1.00674
1.05079
1.04069
1.00007
1.00557
1.01745
1
1.02222
1.00007
1.08503
1.02603
1.02472
1.01893
1.09104
1.06644
1.03981
1.14162
1.07346
1.01216
1.00076
1.0713
1.00654
1.0255
1.02269
1.03136
1.00003
1.00703
1.00002
1.01486
1.02095
1.00004
1.00003
1.26625
1.00238
1.01818
1.00001
1.09078
1.02921
1.00074
1.00595
1.10559
1.02332
1.05207
1.01183
1
1.01551
1.02546
1.00002
1.00001
1.00005
1.02157
1.00002
1.00412
1.11387
1.01611
1.04583
1.00001
1.02192
1.02383
1.04737
1.01585
1.03036
1.14965
1.01869
1.033
1.28833
1.01269
1.09124
1.00002
1.01231
1.00002
1.00992
1.00005
1.02314
1.00883
1.04209
1.01063
1.11194
1.00002
1.07383
1.00001
1.02473
1.14963
1.00004
1.00001
1.01411
1.00002
1.0713
1.02971
1.0058
1.02604
1.0041
1.00002
1.00002
1.0083
1.00585
1.008
1.00002
1.05221
1.00003
1.00005
1.00012
1.02181
1.00002
1.00023
1.03427
1.0001
1.10268
1.1644
1.01218
1.01372
1.01754
1.01386
1.00005
1.00084
1.00004
1.0313
1.03038
1.05904
1.10509
1.00194
1.00604
1.02494
1.00004
1.10152
1.00735
1.01598
1.00003
1
1.00005
1.00014
1.00007
1.14382
1.02755
1.05009
1.0064
1.00001
1.02357
1.00004
1.30091
1.04446
1.06303
1.01539
1.00001
1.0266
1.00004
1.07953
1.02852
1.00524
1.00002
1.03489
1.1003
1.00015
1.03081
1.00001
1.03353
1.0255
1.18427
1.00908
1.00004
1.06803
1.01086
1.01863
1.00003
1.02047
1.00682
1.04045
1.00004
1.00534
1.02473
1.06881
1.09957
1.05065
1.08388
1.04065
1.00005
1.07159
1.02206
1.00006
1.01365
1.02108
1.06296
1.08582
1.01428
1.00572
1.00421
1.03984
1.0207
1.02327
1.00001
1.02141
1.00902
1.02642
1.00005
1.01496
1.00006
1.01464
1.03376
1.00786
1.00748
1.00005
1
1.00001
1.00001
1.00749
1.0308
1.02238
1.00007
1.04514
1.00006
1.05451
1.05577
1.17439
1.0521
1.0041
1.00335
1.00003
1
1.00004
1.00003
1.00001
1.00007
1.00527
1.00005
1.00004
1.0128
1.0389
1.00004
1.00002
1.04053
1.00063
1.02987
1.01316
1.00007
1.0812
1.00124
1.02834
1.00008
1.00001
1.019
1.01762
1.08473
1.05139
1.03502
1.01398
1.00003
1.03609
1.00591
1
1.00003
1.00007
1.01152
1.00652
1.05029
1.00002
1
1.00001
1.00002
1.01231
1.03147
1.00099
1.03869
1.00003
1.00004
1.00007
1.00003
1.0098
1.00003
1.01219
1.0172
1.00574
1.03667
1.05538
1.05064
1
1.00002
1.03782
1.02541
1.00732
1.00001
1.05807
1.00001
1.03694
1.00063
1.06556
1.00003
1.00518
1.06102
1.042
1.00964
1.00002
1.00003
1.18473
1.03168
1.00505
1.01853
1.00001
1.00002
1.00002
1.03661
1.008
1.00004
1.02956
1.02207
1.00174
1.02258
1.03145
1.00006
1.00002
1.1346
1.00003
1.02856
1.00007
1.0125
1.02812
1.00371
1.01949
1.01737
1.00002
1.00331
1.06102
1.02513
1.0007
1.01164
1.0063
1.15883
1.00224
1.01793
1.00001
1.00003
1.01223
1.03101
1.00387
1.00149
1.01665
1.00001
1.00001
1.07815
1.02407
1.01826
1.01967
1.0271
1.14367
1.00008
1.01994
1.00008
1.31452
1.01378
1.00001
1.03526
1.0127
1.0127
1.01441
1.05007
1.04069
1.00006
1.00815
1.03026
1.00002
1.00009
1.00009
1
1.00005
1.00003
1.00002
1.00001
1.03507
1.00009
1.00001
1.00005
1.00107
1.00002
1.00013
1.00596
1.00258
1.0114
1.00006
1.00623
1.2596
1.02022
1.03524
1.00006
1.0072
1.00375
1.00001
1.00046
1.00001
1.00003
1.01698
1.02219
1.00004
1.0306
1.00008
1.01154
1.00004
1.00002
1.00014
1.02235
1.00006
1.00007
1.00001
1.00008
1.09494
1.00008
1.01453
1.07645
1.03028
1.01846
1.00001
1.00014
1.00013
1.00001
1.00003
1.00005
1.02457
1.00003
1.12533
1.00672
1.00011
1.00002
1.0338
1.00001
1.06571
1.00009
1.00001
1.0082
1.00001
1.00345
1.00005
1.00694
1.00007
1.00509
1.00002
1.00004
1.00002
1.00006
1.02136
1.11853
1.03832
1.02274
1.00002
1.00194
1.00004
1.00009
1.00003
1.00577
1.05186
1.00002
1.00019
1.00004
1.00001
1.00011
1.00009
1.06655
1.00668
1.00007
1.0255
1.00003
1.00905
1.0708
1.03066
1.05146
1.00007
1.05297
1.03061
1.00004
1.00006
1.00017
1.00005
1.03223
1.00002
1.00003
1.00007
1.00001
1.01169
1.00035
1.00001
1.00001
1.14643
1.02483
1.00006
1.13405
1.05337
1.06468
1.00008
1.00009
1.00011
1.00001
1.05376
1.03352
1.00238
1.03044
1
1
1.00003
1.00008
1.00127
1.00003
1.00011
1.04497
1.01676
1.04046
1.02375
1.00005
1.02189
1.00004
1.01742
1.01894
1.0095
1.06647
1.00001
1.00001
1.00445
1.00004
1.00322
1.00003
1.06081
1.00616
1.00001
1.01339
1.02192
1.00013
1.00111
1.00003
1.00003
1.00004
1.00001
1.01079
1.00006
1.00847
1.01588
1.00094
1.00001
1.01053
1.00001
1.05874
1.00002
1.00016
1.03631
1.01204
1
1.00012
1.09018
1.00005
1.00002
1.01283
1.00003
1.0248
1.00001
1.02607
1.0321
1.00001
1.00017
1.00261
1.00009
1.00002
1.00002
1.08651
1.00001
1.00882
1.09799
1.01304
1.05803
1.0236
1.00002
1
1.00123
1.02102
1.00471
1.13322
1.00857
1.08369
1.00003
1.02923
1.18284
1.00002
1.00005
1.00011
1.09028
1.00008
1.01939
1.00403
1.00381
1.0007
1.00521
1.00008
1.00007
1.00001
1.00006
1.02091
1.18253
1.01993
1.01211
1.00001
1.02028
1.00017
1.01534
1.00009
1.00686
1.04165
1.00894
1.0009
1.0001
1.00001
1.01415
1.0251
1.08297
1.01186
1.0743
1.02127
1.0017
1.00013
1.00004
1.00005
1.04702
1.00011
1.01174
1.00013
1.00004
1.00305
1.00456
1.0896
1
1.07839
1.01063
1.00001
1
1.00005
1.14056
1.0092
1.00004
1.00001
1.02253
1.00009
1.00007
1.00012
1.00002
1.00005
1.00007
1.01881
1.00002
1.00002
1.00002
1
1.00004
1.00002
1.03277
1.01575
1.06492
1.02872
1.00514
1.0048
1.02027
1.04336
1.01731
1.01313
1.00367
1.01679
1
1.00788
1.00002
1.01337
1.11013
1.05462
1.0014
1.00003
1.03337
1.02141
1.01261
1.04825
1.22086
1.00005
1.01709
1.00731
1.00923
1.00001
1.00064
1.00296
1.00889
1.00003
1.00002
1.00002
1.0001
1.00005
1.0001
1.00006
1.00003
1.0001
1.01225
1.11535
1.00001
1.01597
1.00004
1.00002
1.01278
1.00002
1.0134
1.02463
1.05129
1.05038
1.05094
1.00447
1.00009
1.00017
1.00445
1.00003
1.00002
1.00002
1.07354
1.01619
1.00005
1.00007
1.00508
1.00001
1.00004
1.09161
1.00002
1.00003
1.00012
1.00005
1.00005
1.02046
1.02602
1.08316
1.00004
1.00003
1.02781
1.00002
1.03849
1.00012
1.02698
1.00909
1.00003
1.00002
1.00003
1.01554
1.00604
1.11778
1.00002
1.11121
1.00002
1.05694
1.00006
1.00655
1.00018
1.00002
1.11682
1
1.01193
1.04575
1.01056
1.02655
1.00005
1.16107
1.00013
1.00026
1.01459
1.00002
1.00108
1.06276
1.00005
1.02168
1
1.00003
1.08578
1
1.00003
1.04288
1.0034
1.00006
1.01579
1.01371
1.01759
1.00001
1.01634
1.00011
1.00004
1.02907
1.00018
1.00318
1.01548
1.02757
1.00007
1.00002
1.16552
1.01925
1.01413
1.00013
1.07848
1.02788
1.0098
1.00012
1.00009
1.00005
1.06555
1.01404
1.00001
1.01537
1.00008
1.01318
1.00001
1.00007
1.00841
1.1962
1.02977
1.00002
1.08225
1.00109
1
1.0381
1.03367
1.00002
1.02617
1.00007
1
1.00977
1.00008
1.00005
1.01258
1.00002
1.00004
1.02578
1.00004
1.03296
1.00018
1.00447
1.00007
1.00003
1.0002
1.0333
1.00273
1
1.01956
1.0001
1
1.00002
1.02575
1.00001
1.04304
1.00008
1.00002
1.0212
1.00006
1.03256
1.04399
1.00005
1.06262
1.00396
1.00002
1.00003
1.00001
1.00001
1.01881
1.00002
1.06184
1.04694
1.00005
1.00001
1.00007
1.0001
1.00005
1.00166
1.00004
1.00621
1.00006
1
1.00004
1.00005
1.00001
1.01577
1.04796
1.00009
1.00151
1.00002
1.00004
1.04859
1.03638
1.04298
1.04649
1.01958
1.03567
1.0562
1.03589
1.00006
1.00007
1.05563
1.00002
1.06637
1.01818
1.029
1.00001
1.0189
1.02865
1.00002
1.11375
1.0002
1.0252
1.00001
1.00005
1.0001
1.00892
1.00001
1.0095
1.02128
1.00017
1.01792
1
1.03629
1.08679
1.00002
1.00142
1.00007
1.0001
1.08327
1.00003
1.00004
1.00004
1.03387
1.0167
1.00002
1.00001
1.00007
1.00306
1.02586
1.0059
1.01302
1.02013
1.00006
1.00001
1.0018
1
1.00006
1.00001
1.00011
1.00003
1.00001
1.00199
1.00007
1.00008
1.05108
1.00002
1.00005
1.00318
1.00771
1.00001
1.00013
1.02967
1.06839
1.00006
1.02138
1.00001
1.00008
1.00406
1.00011
1.00002
1.10896
1.07301
1
1.02249
1.02729
1.0341
1
1.0001
1.00742
1.02085
1.00001
1.03991
1
1.00002
1.00746
1.15436
1.00005
1.00001
1.00005
1.0342
1.0044
1.00008
1.00004
1.00368
1.03829
1
1.01997
1.04426
1.00664
1.00651
1.00007
1.00006
1.00719
1.06172
1.01511
1.00006
1.00004
1.01148
1.04688
1.00015
1.00011
1.03112
1.00782
1.0008
1.00199
1.00007
1.0306
1.03647
1.00478
1.00001
1.01583
1
1.02069
1.00003
1.01922
1.20491
1.01955
1.01544
1.03074
1.00008
1.03545
1.06606
1.06795
1.00957
1.00076
1.00251
1.00001
1.00009
1.02057
1.0001
1.00003
1.00013
1.00001
1.00001
1.00686
1.00005
1.02733
1.00003
1.00238
1.00004
1.09072
1.03025
1.00039
1.00009
1.00008
1.08526
1.0175
1.05201
1.00004
1
1.00014
1.00005
1.00002
1
1.00005
1.01921
1.00002
1.00412
1.1171
1.00008
1.04294
1.0254
1.00003
1.01826
1.00709
1.01196
1.00372
1.17036
1.00693
1.00009
1.05158
1.00005
1.0886
1.00002
1.00156
1.12543
1.00004
1.00008
1.01435
1.00011
1.03988
1.01063
1.0385
1.06781
1.03802
1.00001
1.00003
1.03146
1.00004
1.07208
1.01037
1.00005
1.00004
1.02738
1.00025
1.00008
1
1.00001
1.00002
1.00007
1.00013
1.00003
1
1.01176
1.00009
1.00007
1.00005
1.01897
1.00001
1.00005
1.02777
1.00007
1.00007
1.02189
1.00001
1.01021
1.00005
1.00018
1.02918
1.0001
1.00004
1.02918
1.0001
1.04818
1.02722
1.0014
1.00351
1.02211
1.00004
1.02031
1
1.12592
1.01989
1
1.00005
1.00001
1.00005
1.00002
1.0239
1.01236
1.0127
1.0127
1.01441
1.05007
1.04069
1.00006
1.00815
1.03026
1.00002
1.00009
1.00009
1
1.00005
1.00003
1.00002
1.00001
1.03507
1.00009
1.00001
1.00005
1.00107
1.00002
1.00013
1.00596
1.00258
1.0114
1.00006
1.00623
1.2596
1.02022
1.03524
1.00006
1.0072
1.00375
1.00001
1.00046
1.00001
1.00003
1.01698
1.02219
1.00004
1.0306
1.00008
1.01154
1.00004
1.00002
1.00014
1.02235
1.00006
1.00007
1.00001
1.00008
1.09494
1.00008
1.01453
1.07645
1.03028
1.01846
1.00001
1.00014
1.00013
1.00001
1.00003
1.00005
1.02457
1.00003
1.12533
1.00672
1.00011
1.00002
1.0338
1.00001
1.06571
1.00009
1.00001
1.0082
1.00001
1.00345
1.00005
1.00694
1.00007
1.00509
1.00002
1.00004
1.00002
1.00006
1.02136
1.11853
1.03832
1.02274
1.00002
1.00194
1.00004
1.00009
1.00003
1.00577
1.05186
1.00002
1.00019
1.00004
1.00001
1.00011
1.00009
1.06655
1.00668
1.00007
1.0255
1.00003
1.00905
1.0708
1.03066
1.05146
1.00007
1.05297
1.03061
1.00004
1.00006
1.00017
1.00005
1.03223
1.00002
1.00003
1.00007
1.00001
1.01169
1.00035
1.00001
1.00001
1.14643
1.02483
1.00006
1.13405
1.05337
1.06468
1.00008
1.00009
1.00011
1.00001
1.05376
1.03352
1.00238
1.03044
1
1
1.00003
1.00008
1.00127
1.00003
1.00011
1.04497
1.01676
1.04046
1.02375
1.00005
1.02189
1.00004
1.01742
1.01894
1.0095
1.06647
1.00001
1.00001
1.00445
1.00004
1.00322
1.00003
1.06081
1.00616
1.00001
1.01339
1.02192
1.00013
1.00111
1.00003
1.00003
1.00004
1.00001
1.01079
1.00006
1.00847
1.01588
1.00094
1.00001
1.01053
1.00001
1.05874
1.00002
1.00016
1.03631
1.01204
1
1.00012
1.09018
1.00005
1.00002
1.01283
1.00003
1.0248
1.00001
1.02607
1.0321
1.00001
1.00017
1.00261
1.00009
1.00002
1.00002
1.08651
1.00001
1.00882
1.09799
1.01304
1.05803
1.0236
1.00002
1
1.00123
1.02102
1.00471
1.13322
1.00857
1.08369
1.00003
1.02923
1.18284
1.00002
1.00005
1.00011
1.09028
1.00008
1.01939
1.00403
1.00381
1.0007
1.00521
1.00008
1.00007
1.00001
1.00006
1.02091
1.18253
1.01993
1.01211
1.00001
1.02028
1.00017
1.01534
1.00009
1.00686
1.04165
1.00894
1.0009
1.0001
1.00001
1.01415
1.0251
1.08297
1.01186
1.0743
1.02127
1.0017
1.00013
1.00004
1.00005
1.04702
1.00011
1.01174
1.00013
1.00004
1.00305
1.00456
1.0896
1
1.07839
1.01063
1.00001
1
1.00005
1.14056
1.0092
1.00004
1.00001
1.02253
1.00009
1.00007
1.00012
1.00002
1.00005
1.00007
1.01881
1.00002
1.00002
1.00002
1
1.00004
1.00002
1.03277
1.01575
1.06492
1.02872
1.00514
1.0048
1.02027
1.04336
1.01731
1.01313
1.00367
1.01679
1
1.00788
1.00002
1.01337
1.11013
1.05462
1.0014
1.00003
1.03337
1.02141
1.01261
1.04825
1.22086
1.00005
1.01709
1.00731
1.00923
1.00001
1.00064
1.00296
1.00889
1.00003
1.00002
1.00002
1.0001
1.00005
1.0001
1.00006
1.00003
1.0001
1.01225
1.11535
1.00001
1.01597
1.00004
1.00002
1.01278
1.00002
1.0134
1.02463
1.05129
1.05038
1.05094
1.00447
1.00009
1.00017
1.00445
1.00003
1.00002
1.00002
1.07354
1.01619
1.00005
1.00007
1.00508
1.00001
1.00004
1.09161
1.00002
1.00003
1.00012
1.00005
1.00005
1.02046
1.02602
1.08316
1.00004
1.00003
1.02781
1.00002
1.03849
1.00012
1.02698
1.00909
1.00003
1.00002
1.00003
1.01554
1.00604
1.11778
1.00002
1.11121
1.00002
1.05694
1.00006
1.00655
1.00018
1.00002
1.11682
1
1.01193
1.04575
1.01056
1.02655
1.00005
1.16107
1.00013
1.00026
1.01459
1.00002
1.00108
1.06276
1.00005
1.02168
1
1.00003
1.08578
1
1.00003
1.04288
1.0034
1.00006
1.01579
1.01371
1.01759
1.00001
1.01634
1.00011
1.00004
1.02907
1.00018
1.00318
1.01548
1.02757
1.00007
1.00002
1.16552
1.01925
1.01413
1.00013
1.07848
1.02788
1.0098
1.00012
1.00009
1.00005
1.06555
1.01404
1.00001
1.01537
1.00008
1.01318
1.00001
1.00007
1.00841
1.1962
1.02977
1.00002
1.08225
1.00109
1
1.0381
1.03367
1.00002
1.02617
1.00007
1
1.00977
1.00008
1.00005
1.01258
1.00002
1.00004
1.02578
1.00004
1.03296
1.00018
1.00447
1.00007
1.00003
1.0002
1.0333
1.00273
1
1.01956
1.0001
1
1.00002
1.02575
1.00001
1.04304
1.00008
1.00002
1.0212
1.00006
1.03256
1.04399
1.00005
1.06262
1.00396
1.00002
1.00003
1.00001
1.00001
1.01881
1.00002
1.06184
1.04694
1.00005
1.00001
1.00007
1.0001
1.00005
1.00166
1.00004
1.00621
1.00006
1
1.00004
1.00005
1.00001
1.01577
1.04796
1.00009
1.00151
1.00002
1.00004
1.04859
1.03638
1.04298
1.04649
1.01958
1.03567
1.0562
1.03589
1.00006
1.00007
1.05563
1.00002
1.06637
1.01818
1.029
1.00001
1.0189
1.02865
1.00002
1.11375
1.0002
1.0252
1.00001
1.00005
1.0001
1.00892
1.00001
1.0095
1.02128
1.00017
1.01792
1
1.03629
1.08679
1.00002
1.00142
1.00007
1.0001
1.08327
1.00003
1.00004
1.00004
1.03387
1.0167
1.00002
1.00001
1.00007
1.00306
1.02586
1.0059
1.01302
1.02013
1.00006
1.00001
1.0018
1
1.00006
1.00001
1.00011
1.00003
1.00001
1.00199
1.00007
1.00008
1.05108
1.00002
1.00005
1.00318
1.00771
1.00001
1.00013
1.02967
1.06839
1.00006
1.02138
1.00001
1.00008
1.00406
1.00011
1.00002
1.10896
1.07301
1
1.02249
1.02729
1.0341
1
1.0001
1.00742
1.02085
1.00001
1.03991
1
1.00002
1.00746
1.15436
1.00005
1.00001
1.00005
1.0342
1.0044
1.00008
1.00004
1.00368
1.03829
1
1.01997
1.04426
1.00664
1.00651
1.00007
1.00006
1.00719
1.06172
1.01511
1.00006
1.00004
1.01148
1.04688
1.00015
1.00011
1.03112
1.00782
1.0008
1.00199
1.00007
1.0306
1.03647
1.00478
1.00001
1.01583
1
1.02069
1.00003
1.01922
1.20491
1.01955
1.01544
1.03074
1.00008
1.03545
1.06606
1.06795
1.00957
1.00076
1.00251
1.00001
1.00009
1.02057
1.0001
1.00003
1.00013
1.00001
1.00001
1.00686
1.00005
1.02733
1.00003
1.00238
1.00004
1.09072
1.03025
1.00039
1.00009
1.00008
1.08526
1.0175
1.05201
1.00004
1
1.00014
1.00005
1.00002
1
1.00005
1.01921
1.00002
1.00412
1.1171
1.00008
1.04294
1.0254
1.00003
1.01826
1.00709
1.01196
1.00372
1.17036
1.00693
1.00009
1.05158
1.00005
1.0886
1.00002
1.00156
1.12543
1.00004
1.00008
1.01435
1.00011
1.03988
1.01063
1.0385
1.06781
1.03802
1.00001
1.00003
1.03146
1.00004
1.07208
1.01037
1.00005
1.00004
1.02738
1.00025
1.00008
1
1.00001
1.00002
1.00007
1.00013
1.00003
1
1.01176
1.00009
1.00007
1.00005
1.01897
1.00001
1.00005
1.02777
1.00007
1.00007
1.02189
1.00001
1.01021
1.00005
1.00018
1.02918
1.0001
1.00004
1.02918
1.0001
1.04818
1.02722
1.0014
1.00351
1.02211
1.00004
1.02031
1
1.12592
1.01989
1
1.00005
1.00001
1.00005
1.00002
1.0239
1.01236
1
1
1.02106
1.00002
1.04744
1.00005
1.00133
1.05154
1.00001
1.00005
1.00004
1.03222
1.0245
1.00002
1.00002
1.03487
1.00011
1.00001
1.02194
1.00001
1.00008
1.02244
1.02676
1.00002
1.00004
1.06088
1.00003
1.01475
1.00003
1.01633
1.00004
1.03702
1.00369
1.00014
1.00006
1.04012
1.0375
1.00006
1.01616
1.03826
1.00005
1.05557
1.00002
1.00002
1.01087
1.00007
1.15219
1
1.01172
1.00005
1.00299
1.03577
1.00015
1.02034
1.00002
1.0549
1.00366
1.02642
1.10833
1.00271
1.00004
1.01183
1.12151
1.00656
1.00747
1.00005
1.06869
1.01949
1.00001
1.00019
1.04386
1.02238
1.00007
1.03611
1.00018
1.01682
1.04924
1.02516
1.0001
1.00009
1.00006
1.00003
1
1.00004
1.00001
1
1.00002
1.00007
1.00005
1.00009
1.08444
1.00093
1.00007
1.02578
1.03347
1.00051
1.02984
1.00003
1.00002
1.00457
1.00006
1.00758
1.00002
1.00001
1.01226
1.01733
1.08069
1.04662
1.00007
1.00008
1.00005
1.03314
1.00451
1
1.00002
1.04927
1.00003
1.00474
1.01304
1.00004
1
1.00001
1.00001
1.1265
1.03003
1.00099
1.00918
1.00004
1.00004
1.00014
1.00004
1.00657
1.00003
1.00979
1.00005
1.00016
1.10786
1.02598
1.14273
1
1.00002
1.03586
1.0001
1.00002
1.00001
1.00009
1.00001
1.00001
1.00064
1.05652
1.00003
1.00003
1.02111
1.03646
1.00002
1.00239
1.00005
1.06079
1.00009
1.00003
1.00012
1.00001
1.00323
1.0097
1.11489
1.00624
1.00002
1.00011
1.01831
1.00002
1.02209
1
1.00006
1.00002
1.12465
1.00002
1.00009
1.00007
1.01131
1.00005
1.00003
1.01237
1.00006
1.00001
1.002
1.02328
1.02157
1.00056
1.00768
1.00485
1.00006
1.06312
1.00003
1
1.00025
1.01004
1.02681
1.00009
1.00151
1.00008
1.04261
1.00002
1.06751
1.00002
1.01193
1.00009
1.00005
1.00684
1.016
1.01583
1.00002
1.18847
1.00003
1
1.00013
1.0127
1.0127
1.01441
1.05007
1.04069
1.00006
1.00815
1.03026
1.00002
1.00009
1.00009
1
1.00005
1.00003
1.00002
1.00001
1.03507
1.00009
1.00001
1.00005
1.00107
1.00002
1.00013
1.00596
1.00258
1.0114
1.00006
1.00623
1.2596
1.02022
1.03524
1.00006
1.0072
1.00375
1.00001
1.00046
1.00001
1.00003
1.01698
1.02219
1.00004
1.0306
1.00008
1.01154
1.00004
1.00002
1.00014
1.02235
1.00006
1.00007
1.00001
1.00008
1.09494
1.00008
1.01453
1.07645
1.03028
1.01846
1.00001
1.00014
1.00013
1.00001
1.00003
1.00005
1.02457
1.00003
1.12533
1.00672
1.00011
1.00002
1.0338
1.00001
1.06571
1.00009
1.00001
1.0082
1.00001
1.00345
1.00005
1.00694
1.00007
1.00509
1.00002
1.00004
1.00002
1.00006
1.02136
1.11853
1.03832
1.02274
1.00002
1.00194
1.00004
1.00009
1.00003
1.00577
1.05186
1.00002
1.00019
1.00004
1.00001
1.00011
1.00009
1.06655
1.00668
1.00007
1.0255
1.00003
1.00905
1.0708
1.03066
1.05146
1.00007
1.05297
1.03061
1.00004
1.00006
1.00017
1.0127
1.0127
1.01441
1.05007
1.04069
1.00006
1.00815
1.03026
1.00002
1.00009
1.00009
1
1.00005
1.00003
1.00002
1.00001
1.03507
1.00009
1.00001
1.00005
1.00107
1.00002
1.00013
1.00596
1.00258
1.0114
1.00006
1.00623
1.2596
1.02022
1.03524
1.00006
1.0072
1.00375
1.00001
1.00046
1.00001
1.00003
1.01698
1.02219
1.00004
1.0306
1.00008
1.01154
1.00004
1.00002
1.00014
1.02235
1.00006
1.00007
1.00001
1.00008
1.09494
1.00008
1.01453
1.07645
1.03028
1.01846
1.00001
1.00014
1.00013
1.00001
1.00003
1.00005
1.02457
1.00003
1.12533
1.00672
1.00011
1.00002
1.0338
1.00001
1.06571
1.00009
1.00001
1.0082
1.00001
1.00345
1.00005
1.00694
1.00007
1.00509
1.00002
1.00004
1.00002
1.00006
1.02136
1.11853
1.03832
1.02274
1.00002
1.00194
1.00004
1.00009
1.00003
1.00577
1.05186
1.00002
1.00019
1.00004
1.00001
1.00011
1.00009
1.06655
1.00668
1.00007
1.0255
1.00003
1.00905
1.0708
1.03066
1.05146
1.00007
1.05297
1.03061
1.00004
1.00006
1.00017
1.00005
1.03223
1.00002
1.00003
1.00007
1.00001
1.01169
1.00035
1.00001
1.00001
1.14643
1.02483
1.00006
1.13405
1.05337
1.06468
1.00008
1.00009
1.00011
1.00001
1.05376
1.03352
1.00238
1.03044
1
1
1.00003
1.00008
1.00127
1.00003
1.00011
1.04497
1.01676
1.04046
1.02375
1.00005
1.02189
1.00004
1.01742
1.01894
1.0095
1.06647
1.00001
1.00001
1.00445
1.00004
1.00322
1.00003
1.06081
1.00616
1.00001
1.01339
1.02192
1.00013
1.00111
1.00003
1.00003
1.00004
1.00001
1.01079
1.00006
1.00847
1.01588
1.00094
1.00001
1.01053
1.00001
1.05874
1.00002
1.00016
1.03631
1.01204
1
1.00012
1.09018
1.00005
1.00002
1.01283
1.00003
1.0248
1.00001
1.02607
1.0321
1.00001
1.00017
1.00261
1.00009
1.00002
1.00002
1.08651
1.00001
1.00882
1.09799
1.01304
1.05803
1.0236
1.00002
1
1.00123
1.02102
1.00471
1.13322
1.00857
1.08369
1.00003
1.02923
1.18284
1.00002
1.00005
1.00011
1.09028
1.00008
1.01939
1.00403
1.00381
1.0007
1.00521
1.00008
1.00007
1.00001
1.00006
1.02091
1.18253
1.01993
1.01211
1.00001
1.02028
1.00017
1.01534
1.00009
1.00686
1.04165
1.00894
1.0009
1.0001
1.00001
1.01415
1.0251
1.08297
1.01186
1.0743
1.02127
1.0017
1.00013
1.00004
1.00005
1.04702
1.00011
1.01174
1.00013
1.00004
1.00305
1.00456
1.0896
1
1.07839
1.01063
1.00001
1
1.00005
1.14056
1.0092
1.00004
1.00001
1.02253
1.00009
1.00007
1.00012
1.00002
1.00005
1.00007
1.01881
1.00002
1.00002
1.00002
1
1.00004
1.00002
1.03277
1.01575
1.06492
1.02872
1.00514
1.0048
1.02027
1.04336
1.01731
1.01313
1.00367
1.01679
1
1.00788
1.00002
1.01337
1.11013
1.05462
1.0014
1.00003
1.03337
1.02141
1.01261
1.04825
1.22086
1.00005
1.01709
1.00731
1.00923
1.00001
1.00064
1.00296
1.00889
1.00003
1.00002
1.00002
1.0001
1.00005
1.0001
1.00006
1.00003
1.0001
1.01225
1.11535
1.00001
1.01597
1.00004
1.00002
1.01278
1.00002
1.0134
1.02463
1.05129
1.05038
1.05094
1.00447
1.00009
1.00017
1.00445
1.00003
1.00002
1.00002
1.07354
1.01619
1.00005
1.00007
1.00508
1.00001
1.00004
1.09161
1.00002
1.00003
1.00012
1.00005
1.00005
1.02046
1.02602
1.08316
1.00004
1.00003
1.02781
1.00002
1.03849
1.00012
1.02698
1.00909
1.00003
1.00002
1.00003
1.01554
1.00604
1.11778
1.00002
1.11121
1.00002
1.05694
1.00006
1.00655
1.00018
1.00002
1.11682
1
1.01193
1.04575
1.01056
1.02655
1.00005
1.16107
1.00013
1.00026
1.01459
1.00002
1.00108
1.06276
1.00005
1.02168
1
1.00003
1.08578
1
1.00003
1.04288
1.0034
1.00006
1.01579
1.01371
1.01759
1.00001
1.01634
1.00011
1.00004
1.02907
1.00018
1.00318
1.01548
1.02757
1.00007
1.00002
1.16552
1.01925
1.01413
1.00013
1.07848
1.02788
1.0098
1.00012
1.00009
1.00005
1.06555
1.01404
1.00001
1.01537
1.00008
1.01318
1.00001
1.00007
1.00841
1.1962
1.02977
1.00002
1.08225
1.00109
1
1.0381
1.03367
1.00002
1.02617
1.00007
1
1.00977
1.00008
1.00005
1.01258
1.00002
1.00004
1.02578
1.00004
1.03296
1.00018
1.00447
1.00007
1.00003
1.0002
1.0333
1.00273
1
1.01956
1.0001
1
1.00002
1.02575
1.00001
1.04304
1.00008
1.00002
1.0212
1.00006
1.03256
1.04399
1.00005
1.06262
1.00396
1.00002
1.00003
1.00001
1.00001
1.01881
1.00002
1.06184
1.04694
1.00005
1.00001
1.00007
1.0001
1.00005
1.00166
1.00004
1.00621
1.00006
1
1.00004
1.00005
1.00001
1.01577
1.04796
1.00009
1.00151
1.00002
1.00004
1.04859
1.03638
1.04298
1.04649
1.01958
1.03567
1.0562
1.03589
1.00006
1.00007
1.05563
1.00002
1.06637
1.01818
1.029
1.00001
1.0189
1.02865
1.00002
1.11375
1.0002
1.0252
1.00001
1.00005
1.0001
1.00892
1.00001
1.0095
1.02128
1.00017
1.01792
1
1.03629
1.08679
1.00002
1.00142
1.00007
1.0001
1.08327
1.00003
1.00004
1.00004
1.03387
1.0167
1.00002
1.00001
1.00007
1.00306
1.02586
1.0059
1.01302
1.02013
1.00006
1.00001
1.0018
1
1.00006
1.00001
1.00011
1.00003
1.00001
1.00199
1.00007
1.00008
1.05108
1.00002
1.00005
1.00318
1.00771
1.00001
1.00013
1.02967
1.06839
1.00006
1.02138
1.00001
1.00008
1.00406
1.00011
1.00002
1.10896
1.07301
1
1.02249
1.02729
1.0341
1
1.0001
1.00742
1.02085
1.00001
1.03991
1
1.00002
1.00746
1.15436
1.00005
1.00001
1.00005
1.0342
1.0044
1.00008
1.00004
1.00368
1.03829
1
1.01997
1.04426
1.00664
1.00651
1.00007
1.00006
1.00719
1.06172
1.01511
1.00006
1.00004
1.01148
1.04688
1.00015
1.00011
1.03112
1.00782
1.0008
1.00199
1.00007
1.0306
1.03647
1.00478
1.00001
1.01583
1
1.02069
1.00003
1.01922
1.20491
1.01955
1.01544
1.03074
1.00008
1.03545
1.06606
1.06795
1.00957
1.00076
1.00251
1.00001
1.00009
1.02057
1.0001
1.00003
1.00013
1.00001
1.00001
1.00686
1.00005
1.02733
1.00003
1.00238
1.00004
1.09072
1.03025
1.00039
1.00009
1.00008
1.08526
1.0175
1.05201
1.00004
1
1.00014
1.00005
1.00002
1
1.00005
1.01921
1.00002
1.00412
1.1171
1.00008
1.04294
1.0254
1.00003
1.01826
1.00709
1.01196
1.00372
1.17036
1.00693
1.00009
1.05158
1.00005
1.0886
1.00002
1.00156
1.12543
1.00004
1.00008
1.01435
1.00011
1.03988
1.01063
1.0385
1.06781
1.03802
1.00001
1.00003
1.03146
1.00004
1.07208
1.01037
1.00005
1.00004
1.02738
1.00025
1.00008
1
1.00001
1.00002
1.00007
1.00013
1.00003
1
1.01176
1.00009
1.00007
1.00005
1.01897
1.00001
1.00005
1.02777
1.00007
1.00007
1.02189
1.00001
1.01021
1.00005
1.00018
1.02918
1.0001
1.00004
1.02918
1.0001
1.04818
1.02722
1.0014
1.00351
1.02211
1.00004
1.02031
1
1.12592
1.01989
1
1.00005
1.00001
1.00005
1.00002
1.0239
1.01236
1
1
1.02106
1.00002
1.04744
1.00005
1.00133
1.05154
1.00001
1.00005
1.00004
1.03222
1.0245
1.00002
1.00002
1.03487
1.00011
1.00001
1.02194
1.00001
1.00008
1.02244
1.02676
1.00002
1.00004
1.06088
1.00003
1.01475
1.00003
1.01633
1.00004
1.03702
1.00369
1.00014
1.00006
1.04012
1.0375
1.00006
1.01616
1.03826
1.00005
1.05557
1.00002
1.00002
1.01087
1.00007
1.15219
1
1.01172
1.00005
1.00299
1.03577
1.00015
1.02034
1.00002
1.0549
1.00366
1.02642
1.10833
1.00271
1.00004
1.01183
1.12151
1.00656
1.00747
1.00005
1.06869
1.01949
1.00001
1.00019
1.04386
1.02238
1.00007
1.03611
1.00018
1.01682
1.04924
1.02516
1.0001
1.00009
1.00006
1.00003
1
1.00004
1.00001
1
1.00002
1.00007
1.00005
1.00009
1.08444
1.00093
1.00007
1.02578
1.03347
1.00051
1.02984
1.00003
1.00002
1.00457
1.00006
1.00758
1.00002
1.00001
1.01226
1.01733
1.08069
1.04662
1.00007
1.00008
1.00005
1.03314
1.00451
1
1.00002
1.04927
1.00003
1.00474
1.01304
1.00004
1
1.00001
1.00001
1.1265
1.03003
1.00099
1.00918
1.00004
1.00004
1.00014
1.00004
1.00657
1.00003
1.00979
1.00005
1.00016
1.10786
1.02598
1.14273
1
1.00002
1.03586
1.0001
1.00002
1.00001
1.00009
1.00001
1.00001
1.00064
1.05652
1.00003
1.00003
1.02111
1.03646
1.00002
1.00239
1.00005
1.06079
1.00009
1.00003
1.00012
1.00001
1.00323
1.0097
1.11489
1.00624
1.00002
1.00011
1.01831
1.00002
1.02209
1
1.00006
1.00002
1.12465
1.00002
1.00009
1.00007
1.01131
1.00005
1.00003
1.01237
1.00006
1.00001
1.002
1.02328
1.02157
1.00056
1.00768
1.00485
1.00006
1.06312
1.00003
1
1.00025
1.01004
1.02681
1.00009
1.00151
1.00008
1.04261
1.00002
1.06751
1.00002
1.01193
1.00009
1.00005
1.00684
1.016
1.01583
1.00002
1.18847
1.00003
1
1.00013
1.01395
1.01395
1.01506
1.05087
1.40156
1.40156
0.829214
1.43238
1.17508
1.5853
0.998063
1.18849
0.893528
0.922031
0.981294
0.784395
1.0152
1.38493
1.21786
0.897825
1.27506
0.845738
0.838293
0.992439
0.376752
1.04458
1.78685
0.964095
1.24188
1.60424
0.923434
0.868781
1.22961
1.05572
0.970759
0.711809
2.4767
1.04896
0.83546
1.18811
0.85988
1.06814
0.988419
1.22512
0.97743
1.26074
1.02528
1.44024
1.08135
1.13544
0.843698
1.0633
0.827248
0.577442
0.996054
1.08997
1.15125
0.838089
0.921701
1.09097
1.13048
1.14019
1.07737
0.846664
0.791278
0.859886
1.07664
0.900444
1.20821
1.14019
1.39727
0.996168
1.23825
1.10771
0.993739
0.805066
1.24795
2.25597
0.863585
0.937906
0.998285
0.974386
0.904436
1.04776
0.908958
0.911524
0.890871
0.970058
1.08636
0.574805
1.17453
1.01054
1.05909
1.03016
1.24333
1.17438
0.654323
1.00897
0.979717
0.776023
1.06333
0.971952
1.20633
0.978241
0.724414
0.909558
1.21087
0.768042
1.36503
0.889464
1.03661
1.12333
2.0371
1.09078
2.91223
1.28014
0.960829
1.06548
1.09974
0.766251
0.670539
0.829999
0.978234
1.31157
0.907925
1.04986
0.555257
0.993476
1.04102
1.18258
1.0493
0.901604
1.81899
0.72612
0.816269
1.19033
0.914843
1.04199
0.767038
0.984932
1.05166
0.839751
0.999529
0.928147
0.810376
0.895831
1.09994
0.909516
0.835801
1.04895
0.686945
0.927597
0.971718
2.17861
0.74156
1.21196
0.925881
0.906395
0.872695
0.955127
1.03448
0.827083
1.26735
1.01089
0.906602
0.655424
1.2704
1.03738
1.57201
0.798972
1.37316
0.747306
1.26431
1.08394
1.11451
0.870418
1.00352
0.87074
1.16879
0.888653
0.552015
0.998829
1.09841
1.18475
1.10237
1.12619
1.14693
1.27839
0.991545
1.44398
0.837442
0.959239
1.04787
0.831358
1.00061
0.85254
1.00901
0.946853
1.3544
1.02478
2.83041
0.946966
1.28131
1.38407
0.807375
0.762666
1.16456
1.47401
1.00027
1.30988
1.3976
1.1232
2.20982
1.08386
1.16517
1.19032
0.640935
0.902174
0.949051
0.964646
0.91369
1.29512
0.665051
1.99043
1.30993
1.02374
1.10063
0.766563
1.27743
0.884978
1.03595
0.912078
1.14545
0.86452
0.998632
1.84136
1.07855
0.908088
1.04365
0.867747
1.40995
1.22429
0.874675
0.98292
2.01769
0.897121
2.1189
1.44318
0.984322
0.672968
1.02721
1.00651
0.958041
1.43404
1.05913
0.969877
0.837534
0.742227
0.907623
1.48317
0.846734
0.918672
1.13848
1.10805
0.846654
0.892825
1.06209
1.05042
1.07385
0.830183
1.1522
1.31889
0.837043
1.05618
1.20919
1.20498
0.873264
1.17243
1.104
1.04261
1.15512
1.32856
1.87437
0.901589
1.00428
0.866252
1.02404
0.741632
1.0215
1.35031
1.40156
1.40156
0.829214
1.43238
1.17508
1.5853
0.998063
1.18849
0.893528
0.922031
0.981294
0.784395
1.0152
1.38493
1.21786
0.897825
1.27506
0.845738
0.838293
0.992439
0.376752
1.04458
1.78685
0.964095
1.24188
1.60424
0.923434
0.868781
1.22961
1.05572
0.970759
0.711809
2.4767
1.04896
0.83546
1.18811
0.85988
1.06814
0.988419
1.22512
0.97743
1.26074
1.02528
1.44024
1.08135
1.13544
0.843698
1.0633
0.827248
0.577442
0.996054
1.08997
1.15125
0.838089
0.921701
1.09097
1.13048
1.14019
1.07737
0.846664
0.791278
0.859886
1.07664
0.900444
1.20821
1.14019
1.39727
0.996168
1.23825
1.10771
0.993739
0.805066
1.24795
2.25597
0.863585
0.937906
0.998285
0.974386
0.904436
1.04776
0.908958
0.911524
0.890871
0.970058
1.08636
0.574805
1.17453
1.01054
1.05909
1.03016
1.24333
1.17438
0.654323
1.00897
0.979717
0.776023
1.06333
0.971952
1.20633
0.978241
0.724414
0.909558
1.21087
0.768042
1.36503
0.889464
1.03661
1.12333
2.0371
1.09078
2.91223
1.28014
0.960829
1.06548
1.09974
0.766251
0.670539
0.829999
0.978234
1.31157
0.907925
1.04986
0.555257
0.993476
1.04102
1.18258
1.0493
0.901604
1.81899
0.72612
0.816269
1.19033
0.914843
1.04199
0.767038
0.984932
1.05166
0.839751
0.999529
0.928147
0.810376
0.895831
1.09994
0.909516
0.835801
1.04895
0.686945
0.927597
0.971718
2.17861
0.74156
1.21196
0.925881
0.906395
0.872695
0.955127
1.03448
0.827083
1.26735
1.01089
0.906602
0.655424
1.2704
1.03738
1.57201
0.798972
1.37316
0.747306
1.26431
1.08394
1.11451
0.870418
1.00352
0.87074
1.16879
0.888653
0.552015
0.998829
1.09841
1.18475
1.10237
1.12619
1.14693
1.27839
0.991545
1.44398
0.837442
0.959239
1.04787
0.831358
1.00061
0.85254
1.00901
0.946853
1.3544
1.02478
2.83041
0.946966
1.28131
1.38407
0.807375
0.762666
1.16456
1.47401
1.00027
1.30988
1.3976
1.1232
2.20982
1.08386
1.16517
1.19032
0.640935
0.902174
0.949051
0.964646
0.91369
1.29512
0.665051
1.99043
1.30993
1.02374
1.10063
0.766563
1.27743
0.884978
1.03595
0.912078
1.14545
0.86452
0.998632
1.84136
1.07855
0.908088
1.04365
0.867747
1.40995
1.22429
0.874675
0.98292
2.01769
0.897121
2.1189
1.44318
0.984322
0.672968
1.02721
1.00651
0.958041
1.43404
1.05913
0.969877
0.837534
0.742227
0.907623
1.48317
0.846734
0.918672
1.13848
1.10805
0.846654
0.892825
1.06209
1.05042
1.07385
0.830183
1.1522
1.31889
0.837043
1.05618
1.20919
1.20498
0.873264
1.17243
1.104
1.04261
1.15512
1.32856
1.87437
0.901589
1.00428
0.866252
1.02404
0.741632
1.0215
1.35031
1.01794
0.781559
0.975109
1.01265
0.770456
0.610886
1.0678
1.45873
1.09412
1.13979
1.03277
0.936691
0.852794
1.10794
0.80145
0.959599
0.860288
0.883381
1.15423
0.981882
0.911289
1.06444
1.00181
1.28362
0.827891
1.08063
1.39366
1.11323
1.12639
0.771348
1.00893
1.49075
1.20303
1.00327
2.69034
0.933852
1.12205
0.8088
1.20896
0.898365
0.795305
0.960737
0.834949
1.11234
0.78429
0.949549
1.1323
1.05691
1.17493
1.09028
0.947193
1.26891
0.834616
1.80454
1.37335
1.30792
1.00005
0.99059
0.822925
0.458075
0.848102
1.12581
1.0112
1.9901
0.92062
2.27013
0.996664
0.614085
0.87894
0.728876
0.927309
0.756275
2.3486
0.813948
1.0385
1.55576
1.40534
1.07476
0.913338
1.03649
1.11911
0.834714
1.26996
0.768392
0.934147
1.10775
1.16808
1.21962
1.44662
0.953827
0.634008
1.00024
1.22561
1.15948
0.942306
0.895733
0.688038
1.09121
0.909155
1.21339
1.20369
1.1894
0.746564
0.879755
1.08824
1.6708
1.06813
1.01956
1.08951
0.830836
1.28617
1.22185
1.05203
1.38813
0.95259
1.15123
1.04521
2.01514
0.766616
1.14355
0.780335
1.28573
0.911108
1.05521
1.05411
0.813988
0.984726
1.26244
0.895143
0.919787
1.10572
1.02518
0.888766
0.688659
1.52639
0.832905
1.28889
0.863947
0.793579
1.35849
0.978495
1.05003
0.691595
1.35059
0.96162
0.937538
0.82706
0.941396
1.37349
1.33542
0.967416
0.615819
1.42309
0.771635
0.994431
0.948475
0.780696
1.14298
0.990838
0.973874
0.898971
0.918631
1.02176
0.873572
1.0673
1.79999
1.12516
1.77865
0.865601
1.14255
1.04139
1.17347
0.8625
1.57289
0.931657
0.919027
0.876246
1.00007
1.18288
0.915654
0.634523
0.919688
0.987246
1.03061
1.89594
1.30465
1.18575
0.88138
1.06231
0.992457
1.10135
1.0779
1.76087
1.03707
1.03232
0.914907
1.14327
1.25717
0.786073
1.00003
1.03173
0.980488
0.905332
2.08292
0.921194
1.07587
0.963294
0.936569
1.34307
1.81869
1.30465
1.25287
0.988873
1.15711
0.747703
1.00438
1.20478
1.12481
1.5022
1.24077
0.829736
0.895882
1.05591
0.904237
0.941424
1.39091
0.697256
1.27271
0.943624
1.07412
1.0147
0.999223
0.673187
1.15968
0.875907
0.949012
0.626642
0.992174
0.908429
0.767301
0.676741
0.860335
1.00786
1.28153
1.2943
1.28447
1.0634
0.905912
0.979122
1.14535
0.957856
1.2466
0.94187
1.05155
0.704944
1.10241
0.907216
1.59155
0.860375
0.926942
1.01781
1.32856
0.523063
1.03894
1.11725
0.521757
1.08564
1.12928
0.878942
1.12873
0.783499
1.11659
1.17716
1.07303
0.572655
1.12632
0.628757
1.1107
1.10593
0.962945
1.05095
1.40024
0.977737
0.851936
0.979297
0.982301
0.975273
1.50014
0.904219
1.10922
1.1621
1.30256
1.53546
1.06481
1.84002
1.34182
1.00016
1.30488
0.980938
0.97087
0.908934
0.839199
1.01774
1.84709
1.16255
0.80735
0.916391
2.18124
1.09993
1.1512
1.36688
1.19403
0.53387
0.936663
1.45389
0.840503
1.0791
0.944552
1.00158
2.37824
1.49635
0.996804
1.1132
1.29542
0.755685
1.32222
1.16351
1.17718
1.33033
0.898142
0.901748
1.08153
1.03484
1.92833
0.998036
0.84548
1.22287
1.748
1.21142
0.744083
0.491416
1.11781
0.716642
1.4155
0.976256
1.09069
0.896664
0.914755
2.5848
1.24807
1.12066
1.06857
4.19383
0.878844
1.00196
1.19445
1.0921
1.10654
1.12995
1.10753
0.959761
1.03383
1.03425
1.19377
1.09112
1.01679
1.36899
1.06308
0.980106
0.880707
0.943628
0.610615
1.09412
2.29226
1.13066
1.04101
0.686345
1.24292
1.08143
0.951762
0.947395
1.75802
1.0402
0.68626
0.81029
1.08386
0.795061
1.18618
0.962686
1.03193
1.0859
0.853633
0.989751
1.14978
0.86745
0.880618
1.77405
1.18114
0.914431
1.14145
1.26892
1.1346
1.15575
0.875823
0.853516
0.892618
1.17171
0.681372
1.00286
0.976034
0.874094
1.01827
0.787585
0.939819
1.01518
1.06935
0.869029
0.976012
1.26386
1.21612
1.03736
0.923403
1.3511
1.15073
1.288
1.42492
2.53228
1.33467
0.996038
0.897612
2.05027
0.825413
0.885122
0.741676
1.11154
2.00651
0.570006
0.977511
1.01136
1.29309
0.778502
1.18785
1.19606
0.737973
0.684295
1.21404
0.886634
0.407144
1.61318
1.34779
1.22989
1.07356
2.04535
0.850268
1.09192
0.983704
1.17496
0.939643
0.582784
0.893709
1.54691
0.937318
0.920072
0.825425
1.04786
0.984192
1.13877
0.977139
0.834455
1.05551
1.13165
1.17648
1.16465
0.650796
0.887129
0.951481
0.731884
0.795929
0.87194
1.08938
0.964029
0.950797
0.776739
1.12884
0.960075
1.24276
0.943655
0.7957
0.986764
0.754626
2.40536
1.07797
1.24157
1.04567
0.943766
0.907053
0.817482
0.804966
0.866316
1.04643
1.17556
0.986421
0.79559
1.11259
0.680487
2.17465
0.970469
0.799386
1.0721
0.803683
1.15945
0.593255
1.1478
1.04206
1.88754
1.05015
0.721994
0.835202
1.08144
0.976681
1.33549
1.36519
0.907976
1.03348
1.72118
1.00117
1.30855
0.883988
1.04226
1.05128
0.865776
1.04235
1.24806
0.901581
1.12822
1.11748
1.0567
1.16387
1.20623
0.853595
1.05557
0.9408
0.903245
2.9448
0.700867
1.13055
1.00937
1.45265
1.20029
0.590011
1.1436
1.03499
0.679153
0.589849
0.904186
1.17173
1.15882
1.69782
1.236
1.06377
1.0308
1.20014
0.754392
1.30925
0.871344
1.45941
1.01503
0.950733
0.906612
1.73012
1.24182
0.874473
1.46157
0.556437
1.85345
0.917442
1.1031
0.872537
0.950744
0.94758
0.889612
1.13635
0.994269
0.611206
0.896221
0.968708
1.1911
0.956255
0.926782
1.65794
1.18513
0.525145
1.18926
1.0676
1.07871
1.45419
1.36485
0.796169
2.26437
1.21324
0.342731
0.958364
0.949896
1.2897
0.879938
1.20637
2.99816
1.31392
2.0156
0.954132
0.877171
0.995864
1.12867
1.36418
0.984463
1.03127
0.977154
1.1745
0.863897
0.916524
1.06745
0.879992
1.01279
0.899992
1.12764
1.60364
0.802423
1.38811
0.986538
1.08941
1.02509
0.986988
1.05461
1.26381
0.906273
1.11293
0.873529
1.10288
1.09774
1.13264
1.10558
0.992
1.07167
0.840356
0.836426
1.01872
2.12175
1.02911
0.949983
0.753089
1.59281
0.797142
1.30795
1.11649
0.984706
0.828343
1.01178
0.862291
0.827065
0.892051
1.06195
1.05117
1.10091
1.18149
0.955594
0.91287
0.792046
0.820737
0.711004
1.07793
0.686249
0.862091
2.95962
1.65437
0.849623
1.05848
1.31052
0.767144
0.990733
1.14109
1.07474
0.819769
0.866775
0.868617
1.04926
1.37017
0.962079
0.826484
0.885941
1.01147
1.03953
0.763895
0.923338
0.833103
1.09762
1.24999
0.760146
1.31237
1.2082
1.24722
1.10913
1.00281
1.14656
0.786389
2.52357
1.01412
1.03429
1.4589
0.913898
1.12771
1.69209
0.979666
0.58469
0.898754
1.0127
1.0127
1.01442
1.05007
1.04069
1.02581
1.00815
1.03451
1.01817
1.00023
1.00017
1
1.00005
1.00009
1.00675
1.00001
1.03507
1.00019
1.00001
1.00863
1.00109
1.00099
1.00019
1.00596
1.0026
1.0114
1.00022
1.0062
1.28131
1.02022
1.03524
1.00015
1.04227
1.0346
1.00008
1.00046
1.00002
1.00003
1.01692
1.02229
1.00022
1.00004
1.00024
1.02825
1.00013
1.00002
1.00014
1.0001
1.00009
1.00022
1.00001
1.00008
1.09499
1.00056
1.00007
1.07645
1.03028
1.01847
1
1.01006
1.00005
1
1.00864
1.0001
1.02457
1.00027
1.12533
1.00675
1.00011
1.00001
1.0338
1.00001
1.06571
1.00001
1.00005
1.0082
1.00092
1.00345
1.00015
1.00688
1.00007
1.00509
1.00009
1.00015
1.00001
1.00392
1.02303
1.11853
1.03832
1.00004
1.00002
1.00194
1.0002
1.00017
1.00016
1.00605
1.00009
1.00001
1.00019
1.00004
1
1.00011
1.00018
1.07422
1.00662
1.00014
1.0255
1.00009
1.01642
1.0708
1.01027
1.05146
1.00021
1.05297
1.03069
1.00504
1.00977
1.00017
1.0001
1.03223
1.00177
1.00003
1.00488
1.00542
1.00003
1.00042
1.00612
1.00001
1.14646
1.02485
1.00054
1.13413
1.05337
1.06471
1.00004
1.00034
1.00456
1.00002
1.05376
1.03352
1.00238
1.03044
1
1.00001
1.00083
1.00002
1.00232
1.0111
1.00048
1.04497
1.01673
1.02458
1.00002
1.0257
1.00006
1.0045
1.01742
1.02523
1.00994
1.06651
1.00007
1.00296
1.00451
1.00332
1.00336
1.00019
1.06081
1.01109
1.00001
1.01333
1.00004
1.00013
1.00111
1.00006
1.01161
1.00004
1.00001
1.01079
1.00018
1.00847
1.01588
1.0011
1.00002
1.01053
1.00647
1.05874
1.00005
1.03709
1.03631
1.01204
1.00041
1.00004
1.1041
1.00028
1.00018
1.01283
1.00951
1.00004
1.00001
1.0261
1.0321
1.01086
1.03773
1.00262
1.00027
1.00017
1.00006
1.08651
1.00002
1.00875
1.11082
1.01304
1.05803
1.0236
1.00862
1.00031
1.01223
1.02118
1.00471
1.13322
1.00961
1.08369
1.00003
1.00002
1.1829
1.00007
1.00005
1.01812
1.09028
1.00641
1.01939
1.00405
1.00381
1.0007
1.00532
1.00523
1.02133
1.0014
1.00945
1.02091
1.1273
1.01993
1.01211
1.00002
1.02028
1.00062
1.01534
1.01547
1.00683
1.04165
1.0089
1.0009
1.01051
1.00002
1.01415
1.0251
1.08297
1.01186
1.07888
1.02127
1.0017
1.00003
1.01074
1.00015
1.05141
1.00089
1.01189
1.01151
1.00002
1.00305
1.00456
1.08972
1
1.07839
1.01056
1.00008
1
1.00005
1.15373
1.00913
1.00984
1.00002
1.02253
1.01007
1.01243
1.00201
1.00046
1.00001
1.00025
1.00013
1.00539
1.00002
1.00001
1.00002
1.00017
1.00002
1.03277
1.01575
1.06497
1.02872
1.00514
1.0048
1.02027
1.04336
1.01731
1.01313
1.00367
1.00006
1.00001
1.00788
1.00015
1.01346
1.1102
1.05462
1.0014
1.00513
1.03337
1.02141
1.03613
1.04825
1.22086
1.00009
1.0171
1.00731
1.01802
1.00002
1.00064
1.00296
1.00894
1.00003
1.00004
1.00002
1.00002
1.00003
1.00049
1.00024
1.00003
1.00015
1.01225
1.11535
1.00001
1.01597
1.00012
1.01323
1.01278
1.00012
1.01334
1.02463
1.05131
1.05056
1.0509
1.00453
1.00042
1.00964
1.00445
1.00005
1.00001
1.0002
1.07354
1.01619
1.00005
1.00007
1.03166
1.00002
1.00004
1.09162
1.00002
1.00005
1.01917
1.01329
1.02106
1.02046
1.00006
1.08341
1.00004
1.00563
1.00005
1.00003
1.03849
1.05037
1.02693
1.00909
1.00737
1.00002
1.00014
1.00006
1.00601
1.11778
1.00003
1.11146
1.00002
1.05694
1.00011
1.00502
1.00028
1.00007
1.11682
1.00291
1.01206
1.04575
1.00002
1.02655
1.01548
1.1611
1.00002
1.00026
1.01459
1.00002
1.00007
1.06277
1.00003
1.02168
1.00001
1.00003
1.08592
1.00001
1.01368
1.04288
1.0034
1.00008
1.0158
1.01371
1.01759
1
1.01634
1.0231
1.00004
1.02907
1.00005
1.00318
1.01564
1.00283
1.00623
1.00008
1.16552
1.01925
1.01413
1.01972
1.07848
1.02788
1.00975
1.00596
1.00828
1.00005
1.08188
1.01419
1.00602
1.01537
1.00008
1.00001
1.00471
1.00322
1.00863
1.1962
1.00004
1.00002
1.0828
1.00109
1.00003
1.0381
1.00009
1.00336
1.02617
1.00007
1.00001
1.00978
1.01148
1.00002
1.01258
1.00864
1.01607
1.00003
1.00088
1.03296
1.07104
1.0045
1.0209
1.01473
1.0003
1.00006
1.00273
1
1.00005
1.00027
1
1.00003
1.04901
1.01008
1.04304
1.00015
1.00002
1.0212
1.01051
1.03256
1.04417
1.00005
1.06262
1.00402
1.00807
1.00291
1.00001
1
1.01892
1.0001
1.06184
1.04694
1.00005
1.00003
1.0004
1.00014
1.00034
1.00166
1.00012
1.00617
1.00021
1
1.00004
1.00007
1.00001
1.01577
1.00007
1.00009
1.00144
1.00002
1.01338
1.05798
1.03638
1.00005
1.04649
1.01958
1.03567
1.0562
1.03589
1.02075
1.0002
1.05718
1.00391
1.06638
1.01818
1.0088
1.00001
1.01906
1.02865
1.00611
1.11375
1.0004
1.0252
1.00002
1.00001
1.00974
1.00892
1.00013
1.0095
1.02128
1.00005
1.00003
1.00001
1.03626
1.08679
1.00024
1.00153
1.01184
1.00002
1.08327
1.00001
1.00008
1.0172
1.03395
1.0167
1.00004
1.00945
1.00028
1.00306
1.02586
1.0059
1.01302
1.02013
1.00664
1.00003
1.0018
1
1.00006
1.00001
1.00002
1.01532
1.0001
1.00199
1.01708
1.00008
1.05113
1.00002
1.00005
1.00318
1.00778
1.00244
1.00873
1.02967
1.06839
1.01813
1.02138
1.00963
1.00195
1.00406
1.02972
1.01474
1.10896
1.07316
1
1.03399
1.02729
1.00105
1.00001
1.03565
1.0395
1.02085
1.00003
1.03991
1
1
1.00749
1.15436
1.00019
1.00003
1.00001
1.0342
1.00443
1.00026
1.00002
1.00368
1.03829
1.00069
1.01997
1.04432
1.00664
1.00646
1.00007
1.00006
1.0072
1.06185
1.01511
1.0107
1.00012
1.01148
1.04688
1.02417
1.01803
1.03112
1.00005
1.0008
1.00199
1.00485
1.0306
1.03647
1.00478
1.00002
1.01581
1
1.02069
1.00009
1.01917
1.20491
1.01955
1.01544
1.03074
1.02001
1.00006
1.06606
1.06795
1.00957
1.00075
1.00251
1.00006
1.02248
1.02057
1.02814
1.00003
1.00559
1.00003
1.00001
1.00686
1.00221
1.02736
1.00772
1.00238
1.00004
1.09072
1.03025
1.00039
1.00013
1.00438
1.08526
1.00004
1.05201
1.00013
1
1.00028
1.00016
1.00001
1
1.01817
1.00005
1.00001
1.00413
1.1171
1.00031
1.04294
1.03113
1.02028
1.01826
1.00709
1.01196
1.00375
1.17036
1.00698
1.03129
1.05158
1.0002
1.0886
1.0148
1.01079
1.12543
1.00004
1.00276
1.00002
1.00071
1.03988
1.01069
1.0385
1.07254
1.00011
1.00011
1.00006
1.03146
1.00508
1.07209
1.01037
1.00005
1.00017
1.02738
1.00001
1.00004
1.00001
1.00001
1.01277
1.00002
1.0002
1.00001
1.00003
1.01176
1.00458
1.00007
1.00002
1.01897
1.00087
1.00014
1.00005
1.00013
1.00013
1.02189
1.00001
1.01021
1.00005
1.00002
1.02918
1.00059
1.00004
1.02918
1.02751
1.04818
1.02722
1.0014
1.00351
1.02211
1.00021
1.05638
1.00001
1.12593
1.01989
1.00071
1.00849
1.00001
1.00007
1.00001
1.00009
1.01236
1.00002
1.00001
1.00008
1.00004
1.04744
1.00714
1.00133
1.05154
1.00003
1.00005
1.00612
1.03222
1.0245
1.00007
1.00011
1.03487
1.0108
1.00002
1.02194
1.00194
1.00045
1.02244
1.02676
1.00002
1.00019
1.06088
1.00741
1.01469
1.00006
1.01633
1.00004
1.03702
1.00369
1.00039
1.00009
1.00008
1.0375
1.00006
1.00002
1.03826
1.01089
1.05557
1.02129
1.00006
1.01087
1.01907
1.15219
1
1.01172
1.00405
1.00294
1.00406
1.01453
1.02034
1.00088
1.07246
1.00755
1.02642
1.10842
1.01233
1.00008
1.01183
1.1502
1.00008
1.00747
1.00003
1.06875
1.0195
1.01009
1.00564
1.04401
1.03957
1.00025
1.03611
1.00003
1.04965
1.04924
1.02516
1.00029
1.00264
1.00214
1.00003
1.00001
1.00002
1.00002
1
1.00002
1.00395
1.0001
1.0146
1.08444
1.03354
1.01231
1.0349
1.03347
1.00051
1.02985
1.00001
1.00189
1.00457
1.00097
1.00758
1.00239
1.00001
1.0123
1.01733
1.08069
1.00009
1.00007
1.01151
1.00001
1.03314
1.00451
1
1.00004
1.04934
1.00003
1.00469
1.01304
1.00012
0.999999
1.00001
1.00001
1.12669
1.03003
1.01277
1.00918
1.00001
1.00023
1.00003
1.00001
1.00657
1.0107
1.00008
1.00005
1.00016
1.10786
1.02619
1.14273
1
1.00031
1.03586
1.02198
1.00009
1.00071
1.00002
1.00003
1.00001
1.00064
1.05652
1.00006
1.0001
1.02111
1.03646
1.00002
1.00239
1.00002
1.06079
1.02863
1.00397
1.00036
1.0002
1.0032
1.00001
1.11489
1.00624
1.00004
1.00004
1.0001
1.00108
1.02209
0.999999
1.01258
1.00001
1.12465
1.01051
1.00004
1.00007
1.01129
1.02546
1.00258
1.01268
1.01704
1.00011
1.00004
1.02328
1.02157
1.00056
1.00763
1.00485
1.00019
1.06312
1.00003
1
1.0127
1.00006
1.02681
1.00009
1.00654
1.01332
1.04262
1.00001
1.06751
1.00002
1.01193
1.00009
1.02408
1.00684
1.00004
1.01579
1.00009
1.18847
1.00008
1.00001
1.02836
1.12952
1.12952
1.01441
1.00748
1.00031
1.00031
1.00907
1.03026
1.00002
1.00005
1.00009
1
1.00002
1.00003
1.00006
1.00001
1.03507
1.00005
1.00001
1.00018
1.00107
1.00023
1.00006
1.00592
1.00256
1.34565
1.00003
1.09219
1.2596
1.00008
1.02819
1.00006
1.00715
1.00375
1.00004
1.00055
1.00001
1.00003
1.06391
1.02214
1.00022
1.00004
1.00004
1.01164
1.00013
1.00002
1.00021
1.0001
1.00003
1.00004
1.00001
1.00004
1.09494
1.00004
1.00007
1.02292
1.00003
1.01846
1
1.00007
1.00005
1.00001
1.00003
1.00005
1.00966
1.00003
1.04726
1.00669
1.00006
1.00001
1.00013
1.00001
1.0601
1.00001
1.00001
1.00004
1.00001
1.00345
1.00005
1.00006
1.00004
1.00011
1.00002
1.00004
1.00001
1.00113
1.02136
1.11853
1.03832
1.00004
1.00002
1.0002
1.00002
1.12483
1.00003
1.00577
1.00009
1.00001
1.0001
1.00004
1
1.00005
1.00004
1.06655
1.00114
1.00014
1.00003
1.00001
1.00905
1.0142
1.01027
1.05146
1.00007
1.0187
1.03061
1.00004
1.00003
1.00009
1.00005
1.00006
1.00001
1.00003
1.00017
1
1.00003
1.00033
1.00001
1.00001
1.14643
1.02483
1.00009
1.13405
1.04251
1.06468
1.00004
1.12301
1.00004
1.00001
1.01643
1.00003
1.00238
1.00725
1
1
1.00003
1.00002
1.00135
1.00003
1.00011
1.04497
1.00003
1.02458
1.00002
1.00005
1.00006
1.00002
1.00415
1.01893
1.00941
1.06647
1.00001
1.00003
1.00439
1.00004
1.00322
1.00003
1.05839
1.00616
1.00001
1.00006
1.00004
1.00006
1.00009
1.00001
1.00003
1.00002
1.00001
1.00478
1.00018
1.00181
1.00099
1.00094
1.00001
1.00016
1.00001
1.28882
1.00001
1.00016
1.00005
1.0001
1
1.00008
1.09011
1.00005
1.00003
1.00003
1.00003
1.00004
1.00001
1.02607
1.00829
1.15021
1.00017
1.00261
1.00009
1.00002
1.00002
1.08588
1
1.0042
1.09799
1.00003
1.04119
1.00007
1.00002
1
1.00111
1.02102
1.00008
1.10983
1.00851
1.07442
1.00002
1.00002
1.18284
1.00001
1.00003
1.00011
1.09028
1.00001
1.00004
1.00401
1.00375
1.0007
1.00521
1.00008
1.00017
1
1.00006
1.09722
1.1273
1.00002
1.00727
1.00001
1.00016
1.00006
1.00008
1.00009
1.00003
1.00004
1.00009
1.00004
1.00003
1.00001
1.00596
1.0251
1.08171
1.12828
1.0743
1.00131
1.00057
1.00003
1.00002
1.00005
1.04702
1.00011
1.01167
1.0004
1.00002
1.00143
1.00456
1.0896
1
1.17468
1.00007
1
1
1.00005
1.14068
1.00015
1.00002
1.00001
1.02266
1.01007
1.00007
1.00012
1.00001
1.00001
1.00002
1.00013
1.00068
1.00002
1.00001
1
1.00004
1.00001
1.03277
1.00005
1.06492
1.02872
1.00507
1.00387
1.00004
1.04336
1.00006
1.09231
1.00367
1.00011
1
1.00782
1.00002
1.01336
1.11013
1.05462
1.32602
1.00007
1.00007
1.00009
1.01261
1.04825
1.19094
1.00002
1.01709
1.00752
1.00923
1.00001
1.00032
1.00019
1.00887
1.00001
1.00004
1.00002
1.00002
1.00003
2.26023
1.00006
1.00003
1.00005
1.00004
1.05696
1
1.00523
1.00004
1.00002
1.00516
1
1.00147
1.02476
1.05129
1.05038
1.02393
1.00441
1.00001
1.00009
1.00001
1.47321
1.00001
1.00002
1.04551
1.00013
1.00002
1.00004
1.14219
1.00001
1.00002
1.09161
1.00002
1.00003
1.00025
1.00003
1.00002
1.00013
1.00006
1.08316
1.00002
1.00003
1.00005
1.00001
1.00003
1.00018
1.02466
1.00012
1.00006
1.00001
1.00003
1.00006
1.00003
1.09953
1.00001
1.11121
1.00001
1.00009
1.00006
1.00514
1.00009
1.00001
1.11682
1
1.01187
1.04575
1.45562
1.0001
1.00003
1.1611
1.00002
1.00013
1.00024
1.00002
1.00007
1.06276
1.00003
1.00005
1
1.00002
1.08578
1
1.00003
1.05575
1.00004
1.00003
1.01579
1.01367
1.01759
1.00001
1.00002
1.00011
1.00004
1.00007
1.00005
1.00007
1.01548
1.00283
1.00004
1.00008
1.16674
1.00007
1.00002
1.00007
1.07833
1.00005
1.00004
1.00006
1.00004
1.00005
1.06555
1.01398
1.00001
1.01537
1.00004
1.00001
1.00008
1.00002
1.00833
1.15747
1.00004
1.00001
1.08225
1.00109
1
1.01632
1.00009
1.00001
1.00008
1.00007
1
1.00977
1.00004
1.00002
1.00005
1.00018
1.21343
1.00003
1.00004
1.00007
1.00018
1.00445
1.00004
1.00003
1.0001
1.00006
1.00085
1
1.00005
1.00001
1
1.00002
1.02575
1.00001
1.02092
1.00004
1.00002
1.00022
1.00006
1.0001
1.09072
1.00003
1.06463
1.0039
1.00005
1.00003
1
1
1.01881
1.00002
1.0273
1.04389
1.00005
1.00001
1.02452
1.00005
1.00007
1.00176
1.00001
1.00004
1.00003
1
1.00002
1.00002
1.00001
1.01592
1.00007
1.00004
1.00007
1.00002
1.00004
1.04859
1.02663
1.00005
1.0095
1.01958
1.03567
1.0562
1.0064
1.00032
1.3806
1.05563
1.00002
1.06637
1.00007
1.0088
1.00001
1.0189
1.02865
1.00001
1.15626
1.0001
1.00009
1.00001
1.00001
1.48712
1.00892
1.00006
1.00006
1.00005
1.00005
1.00003
1
1.02037
1.07671
1.00003
1.00142
1.00004
1.00002
1.04686
1.00022
1.00002
1.00014
1.03387
1.00002
1.00002
1.00001
1.00007
1.00011
1.02586
1.00031
1.00143
1.00007
1.00009
1
1.0018
1
1.00003
1.00001
1.00002
1.00003
1.00001
1.00208
1.41192
1.00008
1.05108
1.00002
1.00005
1.00009
1.00771
1.00005
1.00001
1.00008
1.06839
1.00003
1.00011
1.00001
1.00003
1.00406
1.00324
1.00004
1.08815
1.07301
1
1.02249
1.02729
1.00105
1.00001
1.0001
1.00742
1.00013
1.00003
1.00952
1
1
1.00744
1.15436
1.00007
1.00001
1.00001
1.00447
1.0044
1.00004
1.00002
1.07318
1.01593
1.28901
1.01997
1.04426
1.00001
1.00006
1.00003
1.00003
1.39316
1.06172
1.00003
1.00006
1.00002
1.00063
1.03928
1.00015
1.00011
1.03112
1.00005
1.00001
1.00009
1.00004
1.00007
1.01381
1.00002
1.00001
1.01583
1
1.00004
1.00002
1.00005
1.20491
1.00007
1.00008
1.00654
1.00011
1.23962
1.03527
1.06795
1.00011
1.00075
1.00251
1.00002
1.00024
1.0128
1.00015
1.00002
1.00013
1.00001
1.45848
1.00014
1.00002
1.02733
1.00003
1.00238
1.00004
1.09072
1.02182
1.00006
1.00004
1.001
1.06823
1.00009
1.0368
1.00002
1
1.00014
1.00003
1.43344
1
1.00003
1.00005
1.00001
1.00412
1.08348
1.00004
1.01662
1.0254
1.00003
1.00009
1.00709
1.00014
1.00372
1.14093
1.00693
1.00004
1.01622
1.00005
1.0276
1.00002
1.00164
1.12543
1.00004
1.00003
1.00002
1.00011
1.03988
1.01063
1.0385
1.06781
1.00011
1.00002
1.00003
1.03145
1.00002
1.07207
1.00012
1.00001
1.00004
1.00697
1.00001
1.00004
1
1
1.00002
1.00002
1.00007
1.00001
1
1.00022
1.00009
1.00007
1.00002
1.00006
1.00003
1.00005
1.00005
1.00003
1.00003
1.00022
1.00001
1.00008
1.00005
1.00002
1.02918
1.00005
1.00009
1.00007
1.0001
1.00015
1.02447
1.00007
1.00009
1.00012
1.00004
1.02047
1
1.12592
1.00003
1
1.00002
1.00001
1.00002
1.00001
1.00009
1.00027
1
1
1.00008
1.00001
1.00006
1.36908
1.00123
1.03725
1.00001
1.00003
1.0001
1.03222
1.00019
1.11185
1.00004
1.03487
1.00005
1.00001
1.01051
1.00001
1.00008
1.0724
1.00008
1.00001
1.00004
1.02109
1.00003
1.00007
1.00003
1.00003
1.00004
1.00008
1.00369
1.0001
1.00003
1.18802
1.00027
1.00003
1.00002
1.00096
1.00005
1.00021
1.00002
1.00001
1.00009
1.00007
1.12133
1.00001
1.0003
1.0001
1.00005
1.00406
1.00008
1.00015
1.00001
1.0549
1.00361
1.02643
1.1083
1.00271
1.00002
1.00005
1.12151
1.00008
1.00747
1.00003
1.06869
1.01949
1.00001
1.0001
1.04386
1.02257
1.00007
1.00314
1.00003
1.01687
1.0048
1.00027
1.00005
1.00014
1.00003
1.00001
1
1.00002
1.00001
1
1.00001
1.00007
1.00005
1.00065
1.074
1.00112
1.00002
1.02578
1.00011
1.00006
1.02984
1.00001
1.00002
1.00366
1.00003
1.00188
1.00003
1
1.01224
1.00877
1.03686
1.00009
1.00003
1.00012
1.00001
1.00008
1.00021
1
1.00002
1.04927
1.00002
1.00015
1.00001
1.00001
1
1.00001
1.42601
1.15044
1.00004
1.00099
1.00918
1.00001
1.00004
1.00003
1.00001
1.00004
1.00008
1.00017
1.00005
1.00008
1.10786
1.02598
1.12088
1
1.00004
1.00004
1.00025
1.22934
1.00001
1.00002
1.00002
1
1.00064
1.00011
1.00001
1.00001
1.00009
1.00837
1.00001
1.00006
1.00002
1.00016
1.00014
1.00003
1.00004
1.00002
1.30552
1.00001
1.16901
1.00019
1.00001
1.53992
1.01831
1.00001
1.00003
0.999999
1.00003
1.00001
1.06055
1.00009
1.00004
1.00004
1.00003
1.00011
1.00001
1.01237
1.00006
1.00003
1.00004
1.00003
1.00013
1.00014
1.00006
1.00036
1.00006
1.06156
1.00003
1
1.00001
1.00006
1.00517
1.00005
1.00177
1.00008
1.04261
1.00001
1.0104
1.00002
1.00003
1.00005
1.00014
1.00009
1.00004
1.00004
1.00001
1.12946
1.00003
1
1.00013
1.38901
1.38901
0.793026
1.3898
1.1347
1.5598
0.994732
1.14675
0.893507
0.898048
0.981209
0.784395
1.00396
1.38487
1.58447
0.897825
1.15587
0.879808
0.838293
0.983987
0.445595
1.04382
1.74172
0.945017
1.22922
1.34565
0.895444
0.868803
1.2079
1.03558
0.941227
0.714072
2.4767
1.04896
0.835422
1.1882
0.859869
1.06814
1.0354
1.22497
0.97743
1.26074
1.02508
2.03488
1.05843
1.16592
0.828707
1.0632
0.819564
0.55958
0.996054
1.08993
1.15121
0.837969
0.92163
1.03744
1.10022
1.49751
1.07737
0.605415
0.766314
0.859888
1.07657
0.892199
1.1933
1.13995
1.3192
0.996105
1.2382
1.0999
0.960069
0.810478
1.31623
2.25597
0.859398
0.929745
0.99737
0.974386
0.904333
1.04094
0.908922
0.938339
0.890804
0.969949
1.08636
0.574835
1.17286
1.01054
1.05909
1.03016
1.24333
1.17457
0.653869
1.00897
0.979588
0.787283
1.06333
0.971952
1.29383
0.978241
0.724414
0.908876
1.21074
0.757728
1.35955
0.889464
1.01114
1.11619
2.0371
1.03419
2.91223
1.27992
0.960692
1.03913
0.975961
0.761244
0.660821
0.829312
0.978184
1.2794
0.906164
1.03072
0.546568
0.98806
1.04102
1.18248
1.04319
0.998918
1.81899
0.708141
0.957259
1.14976
0.890961
1.04197
0.786192
0.984595
1.04713
0.839871
0.962203
0.894658
0.810376
0.87264
1.09994
0.909506
0.835018
1.04895
0.685973
0.916529
0.971353
2.17861
0.724828
1.21196
0.902157
0.883433
0.933166
0.955105
1.02121
0.82699
1.2432
1.01085
0.906544
0.674501
1.20837
1.03726
2.30099
0.798815
1.37073
0.747272
1.56192
1.07066
1.09267
0.870353
1.0036
0.870697
1.40105
0.888631
0.551996
0.992815
1.09326
1.1781
1.08748
1.12603
1.14691
1.26802
0.985079
1.40837
0.837403
0.922307
1.01162
0.717003
1.00021
0.849458
0.995028
0.946625
1.34385
1.01197
2.83041
0.946966
1.28131
1.23478
0.78344
0.753918
1.12699
2.05978
1.00009
1.30973
1.38354
1.12203
2.20982
1.0793
1.16511
1.17731
0.753285
0.87864
0.94045
0.964333
0.902576
1.29496
0.666251
1.96704
1.77109
1.01446
1.10061
0.737355
1.27738
0.884922
1.02247
0.894071
1.14545
0.940227
0.979279
1.84136
1.07849
0.908088
1.04347
0.862598
1.38879
1.22289
0.865287
0.956401
2.01769
0.871549
2.1189
1.44317
1.00821
0.490022
1.01195
1.20177
1.10976
1.39243
1.05032
1.01103
0.827062
0.742218
0.899434
1.48317
0.845424
1.03591
1.07264
1.08808
0.845523
0.875444
1.05136
1.18533
1.06946
0.829408
1.15199
1.30777
0.855135
1.06979
1.70512
1.19354
0.873264
1.26872
1.104
1.04253
1.15512
1.32856
1.87437
0.892608
0.994454
0.86624
1.01627
0.765603
1.00914
1.34958
1.01749
0.781559
0.954954
1.01265
0.765748
0.610877
1.0678
1.45871
1.05865
1.13016
1.03277
0.920989
0.840428
1.18687
0.801387
0.958671
0.841829
0.87113
1.1645
1.06106
0.971234
1.12888
1.0018
1.28234
0.813743
1.08593
1.37223
1.11323
1.32602
0.766283
0.975638
1.46943
1.12166
1.01087
2.69034
0.933782
1.12204
0.765916
1.20017
0.898352
0.794947
0.956217
0.834845
1.09947
0.579608
0.949549
1.1323
1.05691
2.26023
1.0901
0.947193
1.26881
0.822412
1.74597
1.37335
1.29739
0.999973
0.99046
1.11679
0.460627
0.836225
1.12594
1.01118
1.9901
0.89365
2.27013
0.996253
0.60453
0.874498
1.47321
0.927309
0.739779
1.57135
1.04011
1.03847
1.55572
1.31849
1.07474
0.913318
1.03647
1.11911
0.834688
1.25103
0.75513
0.93405
1.08742
1.14213
1.20862
2.1099
0.948233
0.606253
1.00022
1.18715
1.10929
0.940028
0.886762
0.680723
1.0912
0.909039
1.21339
1.19771
1.17114
0.746539
0.849898
1.08822
1.61395
1.06807
1.01816
1.08933
0.820534
1.28617
1.21895
1.01468
1.20528
1.45562
1.12479
1.04505
2.01514
0.823012
1.13074
0.761548
1.28573
0.910091
1.00999
1.05411
0.792351
0.984719
1.26242
0.871584
0.919779
1.09207
1.02062
0.885408
0.803469
1.52638
0.832863
1.27939
0.863949
0.777257
1.35849
0.978495
1.02103
0.676894
1.34749
0.954371
0.937538
0.836749
0.940858
1.37471
1.31624
0.953307
0.596163
1.63419
0.743809
0.984724
0.942572
0.780347
1.14298
0.974508
0.946639
0.892961
0.918631
1.37306
0.873572
1.06268
1.79999
1.10776
1.70894
0.835872
1.14254
1.04121
1.5061
0.862475
1.38339
0.898079
0.915677
0.850156
1.00007
1.18287
0.91565
0.623045
0.949475
0.974717
1.02352
1.89594
1.30465
1.18491
0.848494
1.04618
0.992409
1.08049
1.06319
1.76067
1.03707
1.03043
0.914905
1.12376
1.25692
0.893864
1.00002
1.03165
0.970419
1.0899
2.08292
0.921194
1.05488
0.952853
0.904103
1.22008
1.81869
1.30666
1.22559
0.988873
1.15423
0.728174
1.00438
1.20467
1.12473
1.46766
1.03266
0.829736
0.895857
1.01561
0.932774
0.94116
1.391
0.697146
1.26659
0.943446
1.07413
1.01493
0.999175
0.686278
1.15983
0.828009
0.948968
0.515155
0.992174
0.895087
0.757908
0.667283
0.860335
0.97088
1.25969
1.2943
1.28447
1.03391
0.905233
1.3806
1.11153
0.953963
1.18154
0.926878
1.05155
0.704944
1.16407
0.907216
1.59155
0.839929
0.893197
0.992688
1.82968
0.540715
1.48712
1.07053
0.508865
1.07621
1.10805
0.660752
1.11084
0.778555
1.1007
1.16708
1.06707
0.567475
1.11451
0.645273
1.07428
1.10613
0.962883
1.0339
1.37606
0.96106
0.851917
0.978757
0.982089
0.972323
1.304
0.898668
1.10922
1.14203
1.29601
2.21777
1.06481
1.84002
1.40686
1.00016
1.79958
0.965642
0.970781
0.909021
1.41192
0.984375
1.96881
1.16255
0.79455
0.913297
2.18124
1.09755
1.47524
1.3668
1.19403
0.534107
0.915394
1.44428
0.840449
1.0791
0.918069
0.986892
2.37824
1.27257
0.996804
1.05829
1.29542
0.755685
1.32222
1.12795
1.1451
1.42327
0.898148
0.871351
1.08153
1.03484
1.46028
0.938231
0.766509
1.21883
1.748
1.1817
0.744051
0.464846
1.11781
0.686742
1.41072
1.28901
1.09069
0.896582
0.908125
2.5848
1.62298
1.12064
1.39316
4.19383
0.863761
0.991321
1.17833
1.08125
1.09894
1.10601
1.08961
0.913805
0.824106
1.03425
1.19187
1.09105
0.986255
1.34633
1.05831
0.971222
0.930275
0.94363
0.615869
1.09405
2.29226
1.13066
1.02153
0.814535
1.2188
1.06153
0.916429
0.948133
1.48725
1.03074
0.745992
0.800266
1.08382
0.789455
1.1785
0.934694
1.0202
1.08044
0.853612
1.45848
1.14306
0.86745
0.875725
1.38627
1.16104
0.914347
1.14145
1.23954
1.13426
1.15523
0.872489
0.95881
0.875207
1.30575
0.67442
1.00286
0.975896
0.888654
1.43344
0.802626
0.949639
1.01518
1.06935
0.869024
0.942216
1.26358
1.21587
1.03162
0.90316
1.41292
1.11101
1.27618
1.38842
2.53228
1.32603
0.964795
0.862255
2.05027
0.825413
0.870341
0.824752
1.07241
2.00651
0.567272
0.977511
1.01076
1.29309
0.778442
1.18785
1.19133
0.700064
0.693771
1.21401
0.846871
0.393597
1.61318
1.34185
1.22986
1.07342
2.04535
0.850268
1.09192
0.988163
1.17496
0.939577
0.600648
0.889159
1.54691
0.937292
0.908538
0.820938
1.04786
0.984192
1.11986
0.976297
0.818213
1.05551
1.13155
1.17638
1.14297
0.639485
0.887145
0.951481
0.731884
0.795929
0.871447
1.08938
0.934915
0.923388
0.820539
1.06958
0.958736
1.24276
0.921663
0.795526
0.942108
0.757347
2.40536
1.0581
1.6114
1.03721
0.943766
0.896052
0.817482
0.781156
0.854219
1.04641
1.17556
0.965433
0.795565
1.0652
1.36908
2.17465
0.956183
0.797831
1.07208
0.797655
1.15945
0.563801
1.14773
1.04199
1.88754
1.0394
0.721977
0.823773
1.07951
0.945081
1.3132
1.33851
0.907967
1.02046
1.72118
0.993782
1.30855
0.883958
1.026
1.05128
0.828833
1.04235
1.24777
0.90152
1.08818
1.08033
1.05667
1.25807
0.814288
0.842761
1.00021
0.919538
0.903199
2.9448
0.683624
1.09969
1.00938
1.44122
1.19634
0.6488
1.1436
1.09554
0.532294
0.579751
0.885815
1.16779
1.15883
1.69782
1.22638
1.06371
1.01902
1.17145
0.747909
1.30925
0.871344
1.45933
1.01502
0.940655
0.901165
1.72997
1.22481
0.930011
1.42861
0.582156
1.82067
0.917104
1.07821
0.859654
0.948248
0.945465
0.889598
1.13634
0.994269
0.605468
0.896219
0.968696
1.18836
0.946077
0.91284
1.65794
1.1527
0.784598
1.16489
1.06897
1.07831
1.45418
1.36485
0.793364
2.26437
1.55141
0.423671
0.956003
0.949886
1.69239
0.871377
1.16254
2.99816
1.2802
2.0156
0.949799
0.844114
0.995864
1.12867
1.92404
0.91689
1.03125
0.972611
1.16148
0.863791
0.915845
1.06745
1.42601
1.00471
0.870001
1.11586
1.17761
0.801012
1.3647
0.986538
1.08217
1.01856
0.976376
1.04498
1.24843
0.903159
1.11293
1.02592
1.08103
1.09774
1.13238
1.06976
1.02167
1.30091
0.839649
0.836426
1.0187
2.12175
1.02911
0.893578
0.771671
1.59281
0.776113
1.27948
1.11648
0.982403
0.828343
1.03401
0.833802
0.823123
0.876211
1.06176
1.30552
1.10091
1.18149
0.949546
0.904731
1.53992
0.773013
0.709935
1.05587
0.686056
0.849542
2.95962
1.59027
0.839205
1.05848
1.84229
0.75589
0.965379
1.13853
0.813424
0.819769
0.863098
0.868617
1.02601
1.34873
0.962079
0.853777
0.881407
1.01134
1.03797
0.763895
0.923338
0.820413
1.09762
1.22836
0.756968
1.3076
1.19496
1.24721
1.10913
0.945699
1.14656
0.774491
2.52357
0.990181
1.02754
1.44294
0.898148
1.12762
1.46517
0.979613
0.877246
0.87053
1.38901
1.38901
0.793026
1.3898
1.1347
1.5598
0.994732
1.14675
0.893507
0.898048
0.981209
0.784395
1.00396
1.38487
1.58447
0.897825
1.15587
0.879808
0.838293
0.983987
0.445595
1.04382
1.74172
0.945017
1.22922
1.34565
0.895444
0.868803
1.2079
1.03558
0.941227
0.714072
2.4767
1.04896
0.835422
1.1882
0.859869
1.06814
1.0354
1.22497
0.97743
1.26074
1.02508
2.03488
1.05843
1.16592
0.828707
1.0632
0.819564
0.55958
0.996054
1.08993
1.15121
0.837969
0.92163
1.03744
1.10022
1.49751
1.07737
0.605415
0.766314
0.859888
1.07657
0.892199
1.1933
1.13995
1.3192
0.996105
1.2382
1.0999
0.960069
0.810478
1.31623
2.25597
0.859398
0.929745
0.99737
0.974386
0.904333
1.04094
0.908922
0.938339
0.890804
0.969949
1.08636
0.574835
1.17286
1.01054
1.05909
1.03016
1.24333
1.17457
0.653869
1.00897
0.979588
0.787283
1.06333
0.971952
1.29383
0.978241
0.724414
0.908876
1.21074
0.757728
1.35955
0.889464
1.01114
1.11619
2.0371
1.03419
2.91223
1.27992
0.960692
1.03913
0.975961
0.761244
0.660821
0.829312
0.978184
1.2794
0.906164
1.03072
0.546568
0.98806
1.04102
1.18248
1.04319
0.998918
1.81899
0.708141
0.957259
1.14976
0.890961
1.04197
0.786192
0.984595
1.04713
0.839871
0.962203
0.894658
0.810376
0.87264
1.09994
0.909506
0.835018
1.04895
0.685973
0.916529
0.971353
2.17861
0.724828
1.21196
0.902157
0.883433
0.933166
0.955105
1.02121
0.82699
1.2432
1.01085
0.906544
0.674501
1.20837
1.03726
2.30099
0.798815
1.37073
0.747272
1.56192
1.07066
1.09267
0.870353
1.0036
0.870697
1.40105
0.888631
0.551996
0.992815
1.09326
1.1781
1.08748
1.12603
1.14691
1.26802
0.985079
1.40837
0.837403
0.922307
1.01162
0.717003
1.00021
0.849458
0.995028
0.946625
1.34385
1.01197
2.83041
0.946966
1.28131
1.23478
0.78344
0.753918
1.12699
2.05978
1.00009
1.30973
1.38354
1.12203
2.20982
1.0793
1.16511
1.17731
0.753285
0.87864
0.94045
0.964333
0.902576
1.29496
0.666251
1.96704
1.77109
1.01446
1.10061
0.737355
1.27738
0.884922
1.02247
0.894071
1.14545
0.940227
0.979279
1.84136
1.07849
0.908088
1.04347
0.862598
1.38879
1.22289
0.865287
0.956401
2.01769
0.871549
2.1189
1.44317
1.00821
0.490022
1.01195
1.20177
1.10976
1.39243
1.05032
1.01103
0.827062
0.742218
1.38901
1.38901
0.943241
1.3898
1.1347
1.5598
0.998983
1.20327
1.03527
1.08305
0.981209
0.896122
1.00396
1.38487
1.58447
1.0599
1.15587
0.879808
0.838293
1.10419
0.643739
1.04382
1.74172
1.0451
1.22922
1.34565
0.895444
0.954767
1.2079
1.03558
0.98985
0.820138
2.4767
1.16316
0.835422
1.1882
0.859869
1.06814
1.0354
1.22497
1.08155
1.26074
1.02508
2.03488
1.05843
1.15819
0.828707
1.0632
0.91058
0.64438
0.996054
1.08993
1.21284
0.837969
0.92163
1.03744
1.10022
1.49751
1.07737
0.592773
0.86793
0.859888
1.07657
1.08326
1.1933
1.13995
1.3192
1.0757
1.2382
1.0999
0.960069
0.952651
1.43437
2.25597
0.942505
1.05637
0.99737
1.10991
0.904333
1.04094
0.908922
0.938339
0.890804
0.969949
1.29277
0.706913
1.2589
1.01054
1.09113
1.03016
1.24333
1.27845
0.774341
1.00897
0.979588
0.787283
1.06333
0.971952
1.48989
0.978241
0.724414
0.908876
1.21074
0.795413
1.35955
0.889464
1.01114
1.11619
2.0371
1.03419
2.91223
1.36262
0.960692
1.23502
0.975961
0.761244
0.784544
0.977135
0.978184
1.2794
0.906164
1.30127
0.619761
0.98806
1.153
1.33368
1.04319
0.998918
1.81899
0.778954
0.957259
1.21364
1.00273
1.04197
0.826496
1.08896
1.04713
0.885263
1.05167
0.894658
0.971242
1.07848
1.09994
1.03961
0.954212
1.04895
0.786546
0.916529
0.971353
2.17861
0.855906
1.21196
0.902157
1.00638
1.05626
0.955105
1.02121
0.82699
1.46327
1.01085
0.906544
0.722587
1.20837
1.03726
2.30099
0.798815
1.37073
0.747272
1.56192
1.07066
1.09267
0.870353
1.09243
0.870697
1.40105
1.01847
0.551996
0.992815
1.09326
1.1781
1.08748
1.19132
1.14691
1.26802
0.985079
1.67406
0.837403
1.00476
1.12719
0.717003
1.00021
0.849458
1.07191
1.00598
1.34385
1.01197
2.83041
0.946966
1.28131
1.23478
0.949377
0.84797
1.12699
2.05978
1.00009
1.52967
1.38354
1.14664
2.20982
1.0793
1.16511
1.17731
0.880042
1.0312
0.94045
0.964333
0.917302
1.29496
0.742894
1.96704
1.77109
1.01446
1.10061
0.792687
1.27738
0.884922
1.02247
0.894071
1.23005
0.940227
0.979279
1.84136
1.23334
0.908088
1.04347
0.862598
1.38879
1.22289
0.865287
1.03631
2.01769
0.991349
2.1189
1.44317
1.07012
0.555491
1.01195
1.20177
1.10976
1.61069
1.1567
1.12658
0.827062
0.742218
0.956581
1.48317
0.913259
1.03591
1.07264
1.08808
1.03283
1.04386
1.05136
1.18533
1.06946
0.829408
1.15199
1.30777
0.983227
1.06979
1.70512
1.25824
0.873264
1.26872
1.104
1.04253
1.15512
1.32856
1.87437
0.892608
0.994454
0.86624
1.09771
0.964667
1.00914
1.34958
1.05401
0.888178
1.06767
1.01265
0.765748
0.759776
1.0678
1.45871
1.26939
1.13016
1.00576
0.920989
0.840428
1.18687
0.911821
0.958671
1.08201
0.980178
1.29044
1.06106
0.971234
1.3458
1.0018
1.42006
0.93402
1.21069
1.37223
1.07504
1.32602
0.766283
1.16492
1.46943
1.32073
1.01087
2.69034
0.933782
1.15668
0.765916
1.20017
0.898352
0.937672
1.20254
0.834845
1.3201
0.587179
0.949549
1.1323
1.05691
2.26023
1.0901
0.947193
1.3457
0.822412
1.74597
1.37335
1.29739
0.999973
0.99046
1.11679
0.581352
0.96061
1.10626
1.01118
1.9901
0.89365
2.27013
1.10334
0.717105
0.896846
1.47321
0.927309
0.739779
1.66251
1.04011
1.03847
1.55572
1.45768
1.07474
0.913318
1.07883
1.11911
0.834688
1.25103
0.869062
0.93405
1.08742
1.20902
1.20862
2.1099
0.948233
0.666046
1.00022
1.34432
1.10929
1.02141
0.886762
0.680723
1.0912
0.909039
1.21339
1.19771
1.17114
0.746539
0.924173
1.08822
1.81183
1.06807
1.01816
1.08933
0.820534
1.28617
1.21895
1.01468
1.20528
1.45562
1.26656
1.18354
2.01514
0.823012
1.28106
1.01883
1.28573
1.02354
1.04011
1.05411
0.792351
0.984719
1.46112
0.963473
0.979283
1.09207
1.03804
1.05218
0.98182
1.52638
0.824023
1.38126
1.05162
1.09245
1.35849
0.978495
1.25817
0.774237
1.34749
1.02446
0.937538
0.96119
0.940858
1.37471
1.61767
1.03777
0.596163
1.63419
0.743809
0.984724
1.08262
0.780347
1.14298
1.05674
0.946639
0.892961
0.918631
1.41132
0.873572
1.06268
1.79999
1.19289
1.79858
0.835872
1.14254
1.13172
1.5061
0.862475
1.57319
0.898079
0.915677
1.14683
1.14503
1.18287
0.959353
0.623045
0.971833
1.21993
1.2324
1.89594
1.30465
1.18491
0.848494
1.1293
0.992409
1.08049
1.06319
1.76067
1.16306
1.03043
0.914905
1.21867
1.25692
0.893864
1.00002
1.03165
0.970419
1.0899
2.08292
0.921194
1.05488
1.11961
1.06431
1.22008
1.81869
1.43924
1.22559
1.16705
1.15423
0.741445
1.00438
1.20467
1.12473
1.46766
1.03266
0.829736
0.895857
1.18241
0.969494
0.94116
1.391
0.773443
1.26659
0.943446
1.07413
0.978087
1.19606
0.686278
1.20691
0.911868
0.948968
0.544732
1.04072
0.895087
0.757908
0.667283
0.860335
1.05648
1.38358
1.2943
1.28447
1.15091
1.09709
1.3806
1.11153
0.953963
1.22355
1.0637
1.05155
0.889645
1.16407
0.878832
1.59155
0.893464
0.893197
0.992688
1.82968
0.540715
1.48712
1.20959
0.551704
1.07621
1.38188
0.728439
1.22321
0.824522
1.1007
1.19792
1.06707
0.567475
1.11451
0.66194
1.18687
1.10613
0.962883
1.16421
1.41385
0.96106
0.851917
0.978757
0.982089
0.972323
1.304
1.01726
1.22322
1.14203
1.43596
2.21777
1.07733
1.84002
1.50879
1.00016
1.79958
1.02409
0.970781
0.990837
1.41192
1.07355
1.96881
1.16255
0.935849
0.913297
2.18124
1.09755
1.47524
1.3668
1.19403
0.534107
0.915394
1.44428
0.980289
1.0791
0.918069
0.986892
2.37824
1.35105
1.06184
1.15433
1.29542
0.755685
1.32222
1.12795
1.1451
1.42327
0.898148
0.871351
1.08153
1.03484
1.55907
0.938231
0.821235
1.28973
1.748
1.30335
0.914342
0.542535
1.11781
0.711398
1.60423
1.28901
1.07497
0.896582
1.01143
2.5848
1.62298
1.12064
1.39316
4.19383
1.00827
0.991321
1.17833
1.08125
1.15351
1.10601
1.08961
1.11437
0.824106
1.03425
1.42267
1.09105
1.27067
1.34633
1.05831
1.18188
0.935883
0.94363
0.847598
1.09405
2.29226
1.26403
1.02153
0.814535
1.2188
1.06153
1.15599
1.18284
1.48725
1.03074
0.745992
0.959312
1.16438
0.829598
1.1785
0.934694
1.0202
1.08044
0.853612
1.45848
1.20551
0.86745
0.875725
1.38627
1.31404
0.914347
1.14145
1.37352
1.29273
1.32537
0.872489
1.18686
0.875207
1.30575
0.714382
1.00286
0.975896
0.889229
1.43344
0.905538
1.08231
1.01518
1.06935
0.869024
1.1514
1.26358
1.21587
1.07544
1.05283
1.51191
1.11101
1.27618
1.38842
2.53228
1.43003
0.964795
0.862255
2.05027
0.925186
0.924176
0.850831
1.17686
2.00651
0.567272
1.11646
1.01076
1.39746
0.778442
1.27186
1.19133
0.93723
0.817078
1.38683
0.855273
0.489059
1.61318
1.34185
1.22986
1.07342
2.04535
0.850268
1.09192
0.988163
1.17496
0.939577
0.649494
0.889159
1.54691
0.937292
1.11588
0.820938
1.04786
0.984192
1.28766
0.976297
0.886315
1.05551
1.13155
1.17638
1.14297
0.780272
0.887145
0.951481
0.731884
0.868776
1.00942
1.16504
1.11547
0.923388
0.771285
1.26495
0.958736
1.23934
1.07406
0.795526
0.942108
0.812037
2.40536
1.0581
1.6114
1.03721
0.943766
0.963508
0.817482
0.89329
1.03589
1.04641
1.17556
1.12178
0.795565
1.0652
1.36908
2.17465
1.03596
0.911411
1.20737
0.797655
1.12728
0.699038
1.25958
1.04199
1.88754
1.22646
0.721977
0.91768
1.07951
0.945081
1.38545
1.33851
0.907967
1.02046
1.72118
1.05251
1.49941
0.883958
1.09721
1.05128
0.926044
1.17368
1.24777
0.90152
1.08818
1.35941
1.05667
1.34059
0.856858
0.842761
1.00021
1.04677
0.903199
2.9448
0.707497
1.23822
1.00938
1.44122
1.43276
0.751955
1.1436
1.09554
0.790783
0.633472
0.885815
1.16779
1.15883
1.69782
1.34696
1.06371
1.23365
1.17145
0.902293
1.39527
0.871344
1.45933
1.06927
1.05625
0.901165
1.72997
1.22481
0.931958
1.42861
0.646088
1.82067
1.05219
1.37714
0.989046
0.948248
0.945465
0.889598
1.13634
1.11235
0.605468
0.896219
0.968696
1.18836
0.946077
1.002
1.65794
1.1527
0.906868
1.25565
1.10593
1.34557
1.45418
1.36485
0.880485
2.26437
1.55141
0.417867
1.13069
0.949886
1.69239
0.882303
1.3026
2.99816
1.2802
2.0156
0.949799
0.844114
1.10637
1.12867
1.92404
0.954915
1.03125
1.098
1.16148
0.863791
0.915845
1.06745
1.42601
1.00471
0.870001
1.11586
1.17761
0.94086
1.3647
0.986538
1.08217
1.27135
0.976376
1.17363
1.24843
0.903159
1.11293
1.02592
1.08103
1.09774
1.13238
1.23101
1.02167
1.30091
0.929596
0.836426
1.0187
2.12175
1.02911
1.08988
0.830378
1.59281
1.03911
1.27948
1.11648
0.982403
0.949243
1.27873
0.833802
0.823123
0.876211
1.06176
1.30552
1.10091
1.18149
0.949546
0.904731
1.53992
0.824901
0.803252
1.05587
0.742622
0.849542
2.95962
1.59027
0.839205
1.05848
1.84229
0.842791
0.965379
1.13853
0.909723
0.802793
0.863098
0.868617
1.14666
1.34873
0.961659
0.853777
0.881407
1.01134
1.03797
1.03149
1.01447
0.820413
1.09762
1.44298
0.947022
1.3076
1.19496
1.2988
1.10913
0.945699
1.14656
0.90153
2.52357
1.24676
1.02754
1.44294
1.15781
1.12762
1.46517
0.979613
0.877246
0.87053
1.38901
1.38901
0.943241
1.3898
1.1347
1.5598
0.998983
1.20327
1.03527
1.08305
0.981209
0.896122
1.00396
1.38487
1.58447
1.0599
1.15587
0.879808
0.838293
1.10419
0.643739
1.04382
1.74172
1.0451
1.22922
1.34565
0.895444
0.954767
1.2079
1.03558
0.98985
0.820138
2.4767
1.16316
0.835422
1.1882
0.859869
1.06814
1.0354
1.22497
1.08155
1.26074
1.02508
2.03488
1.05843
1.15819
0.828707
1.0632
0.91058
0.64438
0.996054
1.08993
1.21284
0.837969
0.92163
1.03744
1.10022
1.49751
1.07737
0.592773
0.86793
0.859888
1.07657
1.08326
1.1933
1.13995
1.3192
1.0757
1.2382
1.0999
0.960069
0.952651
1.43437
2.25597
0.942505
1.05637
0.99737
1.10991
0.904333
1.04094
0.908922
0.938339
0.890804
0.969949
1.29277
0.706913
1.2589
1.01054
1.09113
1.03016
1.24333
1.27845
0.774341
1.00897
0.979588
0.787283
1.06333
0.971952
1.48989
0.978241
0.724414
0.908876
1.21074
0.795413
1.35955
0.889464
1.01114
1.11619
2.0371
1.03419
2.91223
1.36262
0.960692
1.23502
0.975961
0.761244
0.784544
0.977135
0.978184
1.2794
0.906164
1.30127
0.619761
0.98806
1.153
1.33368
1.04319
0.998918
1.81899
0.778954
0.957259
1.21364
1.00273
1.04197
0.826496
1.08896
1.04713
0.885263
1.05167
0.894658
0.971242
1.07848
1.09994
1.03961
0.954212
1.04895
0.786546
0.916529
0.971353
2.17861
0.855906
1.21196
0.902157
1.00638
1.05626
0.955105
1.02121
0.82699
1.46327
1.01085
0.906544
0.722587
1.20837
1.03726
2.30099
0.798815
1.37073
0.747272
1.56192
1.07066
1.09267
0.870353
1.09243
0.870697
1.40105
1.01847
0.551996
0.992815
1.09326
1.1781
1.08748
1.19132
1.14691
1.26802
0.985079
1.67406
0.837403
1.00476
1.12719
0.717003
1.00021
0.849458
1.07191
1.00598
1.34385
1.01197
2.83041
0.946966
1.28131
1.23478
0.949377
0.84797
1.12699
2.05978
1.00009
1.52967
1.38354
1.14664
2.20982
1.0793
1.16511
1.17731
0.880042
1.0312
0.94045
0.964333
0.917302
1.29496
0.742894
1.96704
1.77109
1.01446
1.10061
0.792687
1.27738
0.884922
1.02247
0.894071
1.23005
0.940227
0.979279
1.84136
1.23334
0.908088
1.04347
0.862598
1.38879
1.22289
0.865287
1.03631
2.01769
0.991349
2.1189
1.44317
1.07012
0.555491
1.01195
1.20177
1.10976
1.61069
1.1567
1.12658
0.827062
0.742218
0.956581
1.48317
0.913259
1.03591
1.07264
1.08808
1.03283
1.04386
1.05136
1.18533
1.06946
0.829408
1.15199
1.30777
0.983227
1.06979
1.70512
1.25824
0.873264
1.26872
1.104
1.04253
1.15512
1.32856
1.87437
0.892608
0.994454
0.86624
1.09771
0.964667
1.00914
1.34958
1.05401
0.888178
1.06767
1.01265
0.765748
0.759776
1.0678
1.45871
1.26939
1.13016
1.00576
0.920989
0.840428
1.18687
0.911821
0.958671
1.08201
0.980178
1.29044
1.06106
0.971234
1.3458
1.0018
1.42006
0.93402
1.21069
1.37223
1.07504
1.32602
0.766283
1.16492
1.46943
1.32073
1.01087
2.69034
0.933782
1.15668
0.765916
1.20017
0.898352
0.937672
1.20254
0.834845
1.3201
0.587179
0.949549
1.1323
1.05691
2.26023
1.0901
0.947193
1.3457
0.822412
1.74597
1.37335
1.29739
0.999973
0.99046
1.11679
0.581352
0.96061
1.10626
1.01118
1.9901
0.89365
2.27013
1.10334
0.717105
0.896846
1.47321
0.927309
0.739779
1.66251
1.04011
1.03847
1.55572
1.45768
1.07474
0.913318
1.07883
1.11911
0.834688
1.25103
0.869062
0.93405
1.08742
1.20902
1.20862
2.1099
0.948233
0.666046
1.00022
1.34432
1.10929
1.02141
0.886762
0.680723
1.0912
0.909039
1.21339
1.19771
1.17114
0.746539
0.924173
1.08822
1.81183
1.06807
1.01816
1.08933
0.820534
1.28617
1.21895
1.01468
1.20528
1.45562
1.26656
1.18354
2.01514
0.823012
1.28106
1.01883
1.28573
1.02354
1.04011
1.05411
0.792351
0.984719
1.46112
0.963473
0.979283
1.09207
1.03804
1.05218
0.98182
1.52638
0.824023
1.38126
1.05162
1.09245
1.35849
0.978495
1.25817
0.774237
1.34749
1.02446
0.937538
0.96119
0.940858
1.37471
1.61767
1.03777
0.596163
1.63419
0.743809
0.984724
1.08262
0.780347
1.14298
1.05674
0.946639
0.892961
0.918631
1.41132
0.873572
1.06268
1.79999
1.19289
1.79858
0.835872
1.14254
1.13172
1.5061
0.862475
1.57319
0.898079
0.915677
1.14683
1.14503
1.18287
0.959353
0.623045
0.971833
1.21993
1.2324
1.89594
1.30465
1.18491
0.848494
1.1293
0.992409
1.08049
1.06319
1.76067
1.16306
1.03043
0.914905
1.21867
1.25692
0.893864
1.00002
1.03165
0.970419
1.0899
2.08292
0.921194
1.05488
1.11961
1.06431
1.22008
1.81869
1.43924
1.22559
1.16705
1.15423
0.741445
1.00438
1.20467
1.12473
1.46766
1.03266
0.829736
0.895857
1.18241
0.969494
0.94116
1.391
0.773443
1.26659
0.943446
1.07413
0.978087
1.19606
0.686278
1.20691
0.911868
0.948968
0.544732
1.04072
0.895087
0.757908
0.667283
0.860335
1.05648
1.38358
1.2943
1.28447
1.15091
1.09709
1.3806
1.11153
0.953963
1.22355
1.0637
1.05155
0.889645
1.16407
0.878832
1.59155
0.893464
0.893197
0.992688
1.82968
0.540715
1.48712
1.20959
0.551704
1.07621
1.38188
0.728439
1.22321
0.824522
1.1007
1.19792
1.06707
0.567475
1.11451
0.66194
1.18687
1.10613
0.962883
1.16421
1.41385
0.96106
0.851917
0.978757
0.982089
0.972323
1.304
1.01726
1.22322
1.14203
1.43596
2.21777
1.07733
1.84002
1.50879
1.00016
1.79958
1.02409
0.970781
0.990837
1.41192
1.07355
1.96881
1.16255
0.935849
0.913297
2.18124
1.09755
1.47524
1.3668
1.19403
0.534107
0.915394
1.44428
0.980289
1.0791
0.918069
0.986892
2.37824
1.35105
1.06184
1.15433
1.29542
0.755685
1.32222
1.12795
1.1451
1.42327
0.898148
0.871351
1.08153
1.03484
1.55907
0.938231
0.821235
1.28973
1.748
1.30335
0.914342
0.542535
1.11781
0.711398
1.60423
1.28901
1.07497
0.896582
1.01143
2.5848
1.62298
1.12064
1.39316
4.19383
1.00827
0.991321
1.17833
1.08125
1.15351
1.10601
1.08961
1.11437
0.824106
1.03425
1.42267
1.09105
1.27067
1.34633
1.05831
1.18188
0.935883
0.94363
0.847598
1.09405
2.29226
1.26403
1.02153
0.814535
1.2188
1.06153
1.15599
1.18284
1.48725
1.03074
0.745992
0.959312
1.16438
0.829598
1.1785
0.934694
1.0202
1.08044
0.853612
1.45848
1.20551
0.86745
0.875725
1.38627
1.31404
0.914347
1.14145
1.37352
1.29273
1.32537
0.872489
1.18686
0.875207
1.30575
0.714382
1.00286
0.975896
0.889229
1.43344
0.905538
1.08231
1.01518
1.06935
0.869024
1.1514
1.26358
1.21587
1.07544
1.05283
1.51191
1.11101
1.27618
1.38842
2.53228
1.43003
0.964795
0.862255
2.05027
0.925186
0.924176
0.850831
1.17686
2.00651
0.567272
1.11646
1.01076
1.39746
0.778442
1.27186
1.19133
0.93723
0.817078
1.38683
0.855273
0.489059
1.61318
1.34185
1.22986
1.07342
2.04535
0.850268
1.09192
0.988163
1.17496
0.939577
0.649494
0.889159
1.54691
0.937292
1.11588
0.820938
1.04786
0.984192
1.28766
0.976297
0.886315
1.05551
1.13155
1.17638
1.14297
0.780272
0.887145
0.951481
0.731884
0.868776
1.00942
1.16504
1.11547
0.923388
0.771285
1.26495
0.958736
1.23934
1.07406
0.795526
0.942108
0.812037
2.40536
1.0581
1.6114
1.03721
0.943766
0.963508
0.817482
0.89329
1.03589
1.04641
1.17556
1.12178
0.795565
1.0652
1.36908
2.17465
1.03596
0.911411
1.20737
0.797655
1.12728
0.699038
1.25958
1.04199
1.88754
1.22646
0.721977
0.91768
1.07951
0.945081
1.38545
1.33851
0.907967
1.02046
1.72118
1.05251
1.49941
0.883958
1.09721
1.05128
0.926044
1.17368
1.24777
0.90152
1.08818
1.35941
1.05667
1.34059
0.856858
0.842761
1.00021
1.04677
0.903199
2.9448
0.707497
1.23822
1.00938
1.44122
1.43276
0.751955
1.1436
1.09554
0.790783
0.633472
0.885815
1.16779
1.15883
1.69782
1.34696
1.06371
1.23365
1.17145
0.902293
1.39527
0.871344
1.45933
1.06927
1.05625
0.901165
1.72997
1.22481
0.931958
1.42861
0.646088
1.82067
1.05219
1.37714
0.989046
0.948248
0.945465
0.889598
1.13634
1.11235
0.605468
0.896219
0.968696
1.18836
0.946077
1.002
1.65794
1.1527
0.906868
1.25565
1.10593
1.34557
1.45418
1.36485
0.880485
2.26437
1.55141
0.417867
1.13069
0.949886
1.69239
0.882303
1.3026
2.99816
1.2802
2.0156
0.949799
0.844114
1.10637
1.12867
1.92404
0.954915
1.03125
1.098
1.16148
0.863791
0.915845
1.06745
1.42601
1.00471
0.870001
1.11586
1.17761
0.94086
1.3647
0.986538
1.08217
1.27135
0.976376
1.17363
1.24843
0.903159
1.11293
1.02592
1.08103
1.09774
1.13238
1.23101
1.02167
1.30091
0.929596
0.836426
1.0187
2.12175
1.02911
1.08988
0.830378
1.59281
1.03911
1.27948
1.11648
0.982403
0.949243
1.27873
0.833802
0.823123
0.876211
1.06176
1.30552
1.10091
1.18149
0.949546
0.904731
1.53992
0.824901
0.803252
1.05587
0.742622
0.849542
2.95962
1.59027
0.839205
1.05848
1.84229
0.842791
0.965379
1.13853
0.909723
0.802793
0.863098
0.868617
1.14666
1.34873
0.961659
0.853777
0.881407
1.01134
1.03797
1.03149
1.01447
0.820413
1.09762
1.44298
0.947022
1.3076
1.19496
1.2988
1.10913
0.945699
1.14656
0.90153
2.52357
1.24676
1.02754
1.44294
1.15781
1.12762
1.46517
0.979613
0.877246
0.87053
1.0127
1.0127
1.01442
1.05007
1.04069
1.02581
1.00815
1.03451
1.01817
1.00023
1.00017
1
1.00005
1.00009
1.00675
1.00001
1.03507
1.00019
1.00001
1.00863
1.00109
1.00099
1.00019
1.00596
1.0026
1.0114
1.00022
1.0062
1.28131
1.02022
1.03524
1.00015
1.04227
1.0346
1.00008
1.00046
1.00002
1.00003
1.01692
1.02229
1.00022
1.00004
1.00024
1.02825
1.00013
1.00002
1.00014
1.0001
1.00009
1.00022
1.00001
1.00008
1.09499
1.00056
1.00007
1.07645
1.03028
1.01847
1
1.01006
1.00005
1
1.00864
1.0001
1.02457
1.00027
1.12533
1.00675
1.00011
1.00001
1.0338
1.00001
1.06571
1.00001
1.00005
1.0082
1.00092
1.00345
1.00015
1.00688
1.00007
1.00509
1.00009
1.00015
1.00001
1.00392
1.02303
1.11853
1.03832
1.00004
1.00002
1.00194
1.0002
1.00017
1.00016
1.00605
1.00009
1.00001
1.00019
1.00004
1
1.00011
1.00018
1.07422
1.00662
1.00014
1.0255
1.00009
1.01642
1.0708
1.01027
1.05146
1.00021
1.05297
1.03069
1.00504
1.00977
1.00017
1.0001
1.03223
1.00177
1.00003
1.00488
1.00542
1.00003
1.00042
1.00612
1.00001
1.14646
1.02485
1.00054
1.13413
1.05337
1.06471
1.00004
1.00034
1.00456
1.00002
1.05376
1.03352
1.00238
1.03044
1
1.00001
1.00083
1.00002
1.00232
1.0111
1.00048
1.04497
1.01673
1.02458
1.00002
1.0257
1.00006
1.0045
1.01742
1.02523
1.00994
1.06651
1.00007
1.00296
1.00451
1.00332
1.00336
1.00019
1.06081
1.01109
1.00001
1.01333
1.00004
1.00013
1.00111
1.00006
1.01161
1.00004
1.00001
1.01079
1.00018
1.00847
1.01588
1.0011
1.00002
1.01053
1.00647
1.05874
1.00005
1.03709
1.03631
1.01204
1.00041
1.00004
1.1041
1.00028
1.00018
1.01283
1.00951
1.00004
1.00001
1.0261
1.0321
1.01086
1.03773
1.00262
1.00027
1.00017
1.00006
1.08651
1.00002
1.00875
1.11082
1.01304
1.05803
1.0236
1.00862
1.00031
1.01223
1.02118
1.00471
1.13322
1.00961
1.08369
1.00003
1.00002
1.1829
1.00007
1.00005
1.01812
1.09028
1.00641
1.01939
1.00405
1.00381
1.0007
1.00532
1.00523
1.02133
1.0014
1.00945
1.02091
1.1273
1.01993
1.01211
1.00002
1.02028
1.00062
1.01534
1.01547
1.00683
1.04165
1.0089
1.0009
1.01051
1.00002
1.01415
1.0251
1.08297
1.01186
1.07888
1.02127
1.0017
1.00003
1.01074
1.00015
1.05141
1.00089
1.01189
1.01151
1.00002
1.00305
1.00456
1.08972
1
1.07839
1.01056
1.00008
1
1.00005
1.15373
1.00913
1.00984
1.00002
1.02253
1.01007
1.01243
1.00201
1.00046
1.00001
1.00025
1.00013
1.00539
1.00002
1.00001
1.00002
1.00017
1.00002
1.03277
1.01575
1.06497
1.02872
1.00514
1.0048
1.02027
1.04336
1.01731
1.01313
1.00367
1.00006
1.00001
1.00788
1.00015
1.01346
1.1102
1.05462
1.0014
1.00513
1.03337
1.02141
1.03613
1.04825
1.22086
1.00009
