1.01633
1.00016
1.22994
1.0004
1.00016
1.21274
1.00641
1.00038
1.00039
1.03922
1.00026
1.00705
1.01946
1.00015
1.0077
1.01456
1.00411
1.00019
1.00441
1.0176
1.0565
1.06228
1.00949
1.03666
1.00029
1.02282
1.01178
1.04278
1.01326
1.01095
1.00035
1.00152
1.00046
1.00025
1.06959
1.01192
1.00025
1.02124
1.01129
1.01117
1.0359
1.04146
1.02622
1.00019
1.00021
1.00044
1.04734
1.00036
1.03047
1.00197
1.0043
1.00426
1.02552
1.00004
1.00031
1.03049
1.04003
1.05602
1.00022
1.00676
1.0276
1.03342
1.12021
1.01194
1.01511
1.0086
1.05242
1.01768
1.01795
1.02325
1.00018
1.00062
1.02233
1.05203
1.00021
1.01307
1.00234
1.00315
1.05389
1.00557
1.00025
1.02881
1.00047
1.00809
1.07517
1.00512
1.03368
1.01963
1.01232
1.00019
1.00015
1.02172
1.01295
1.01089
1.00039
1.01072
1.00022
1.00829
1.00607
1.0002
1.02875
1.00655
1.00015
1.00043
1.0132
1.01058
1.00029
1.0001
1.00021
1.00979
1.00014
1.0131
1.0003
1.01977
1.00027
1.00041
1.00024
1.02426
1.00612
1.03654
1.04158
1.01635
1.00571
1.03127
1.00047
1.04306
1.02986
1.00033
1.00042
1.00021
1.0124
1.00027
1.03325
1.01828
1.0419
1.00577
1.03405
1.00995
1.00014
1.00041
1.0197
1.03513
1.01385
1.04072
1.00788
1.00122
1.0107
1.02913
1.0005
1.11476
1.00905
1.02356
1.00023
1.00694
1.0002
1.00029
1.0229
1.00124
1.00583
1.00016
1.01651
1.00806
1.01649
1.01508
1.00878
1.01412
1.00042
1.01184
1.0152
1.00029
1.00032
1.00036
1.00022
1.00026
1.01458
1.00026
1.01257
1.025
1.00033
1.00043
1.0134
1.0004
1.01559
1.0002
1.00097
1.03766
1.01807
1.01762
1.02839
1.00758
1.00054
1.00025
1.00035
1.00926
1.00015
1.00035
1.00846
1.0001
1.05165
1.0109
1.01822
1.02804
1.00011
1.00065
1.01119
1.0003
1.04584
1.02162
1.01839
1.06071
1.00021
1.02589
1.04815
1.01098
1.00055
1.00599
1.0005
1.02961
1.03119
1.0122
1.00032
1.02752
1.00307
1.00736
1.00014
1.01388
1.00616
1.00435
1.00976
1.02371
1.02197
1.00171
1.00027
1.01489
1.00005
1.00055
1.00156
1.04132
1.01776
1.01931
1.01524
1.00614
1.0119
1.00024
1.01606
1.12723
1.03131
1.00056
1.03688
1.00023
1.04576
1.0051
1.04414
1.00099
1.02059
1.00018
1.00944
1.01087
1.00337
1.00047
1.02
1.00953
1.01028
1.0122
1.00025
1.01223
1.02902
1.05891
1.00034
1.01775
1.04952
1.00043
1.00041
1.01119
1.03484
1.00051
1.01645
1.00442
1.01583
1.00797
1.00024
1.00023
1.03989
1.12541
1.0004
1.00022
1.00516
1.00428
1.06245
1.00028
1.00335
1.02882
1.0025
1.00135
1.00047
1.34504
1.00051
1.10909
1.00038
1.00263
1.00786
1.01939
1.05217
1.00018
1.00022
1.00879
1.19137
1.00037
1.08001
1.00161
1.01645
1.05077
1.02068
1.00029
1.02552
1.0193
1.00014
1.00422
1.0159
1.00015
1.02866
1.00039
1.00542
1.00706
1.01521
1.02989
1.00022
1.00777
1.00008
1.009
1.00018
1.00022
1.01393
1.00025
1.00017
1.01455
1.00013
1.02871
1.02464
1.00031
1.00036
1.00017
1.02049
1.00025
1.00024
1.00024
1.04837
1.01943
1.02676
1.01042
1.00058
1.00015
1.00025
1.02266
1.02226
1.0068
1.00064
1.03811
1.01536
1.01253
1.00496
1.18364
1.00028
1.01609
1.00313
1.00636
1.00763
1.35437
1.05551
1.01856
1.01039
1.00774
1.00016
1.01339
1.10336
1.03483
1.0159
1.00836
1.04116
1.04122
1.00025
1.02945
1.00043
1.0715
1.00019
1.00021
1.00028
1.00029
1.00851
1.18033
1.00053
1.01364
1.02419
1.00013
1.00017
1.03331
1.0221
1.00012
1.00055
1.02497
1.03385
1.00051
1.06115
1.02873
1.00024
1.02333
1.01078
1.00746
1.00513
1.00122
1.04909
1.01545
1.1676
1.003
1.00421
1.00021
1.01925
1.00045
1.00032
1.00671
1.01614
1.00252
1.01664
1.03841
1.00031
1.00018
1.00033
1.00222
1.01396
1.01617
1.01518
1.00095
1.00498
1.00036
1.00027
1.00099
1.01928
1.04882
1.00048
1.0003
1.01707
1.00196
1.00041
1.00027
1.00362
1.01357
1.04273
1.15294
1.0064
1.01226
1.0175
1.00608
1.00245
1.02125
1.03713
1.01109
1.01313
1.00987
1.00036
1.03159
1.00326
1.0247
1.02074
1.01731
1.00015
1.00231
1.01551
1.0223
1.00055
1.00028
1.00018
1.01083
1.03262
1.02302
1.00028
1.00935
1.00535
1.02158
1.0289
1.0193
1.00035
1.02591
1.00024
1.00021
1.00653
1.00042
1.01925
1.01374
1.00281
1.03966
1.00032
1.01881
1.03739
1.00042
1.01031
1.00104
1.01489
1.0487
1.02827
1.01596
1.06018
1.02302
1.0109
1.0258
1.01481
1.00038
1.02717
1.00043
1.00058
1.03187
1.01828
1.00323
1.02535
1.02802
1.01439
1.02156
1.00884
1.00435
1.01002
1.0394
1.00544
1.00015
1.01398
1.01271
1.01744
1.005
1.00101
1.01426
1.0004
1.00019
1.0004
1.00927
1.01367
1.01633
1.04465
1.01251
1.02396
1.00145
1.00032
1.00842
1.00019
1.04228
1.01219
1.09406
1.02054
1.00045
1.00014
1.00012
1.00034
1.00027
1.0003
1.00965
1.00575
1.03828
1.01913
1.02859
1.08758
1.00211
1.00007
1.01042
1.00031
1.00038
1.02281
1.00033
1.00032
1.01328
1.00154
1.00039
1.03123
1.00026
1.0007
1.00403
1.00266
1.00543
1.00057
1.0001
1.04496
1.01569
1.00984
1.00041
1.0178
1.00884
1.00023
1.00025
1.0037
1.00039
1.00643
1.00693
1.00032
1.03046
1.00024
1.01069
1.04391
1.01358
1.00056
1.11531
1.00398
1.11412
1.00649
1.02017
1.00035
1.00032
1.0189
1.00012
1.04346
1.00017
1.0004
1.02422
1.00027
1.00009
1.01516
1.01699
1.00041
1.00643
1.00036
1.01446
1.06169
1.00969
1.00408
1.0046
1.02282
1.0244
1.00048
1.00026
1.00393
1.00662
1.02795
1.00104
1.00928
1.00418
1.00996
1.15662
1.02049
1.00047
1.01053
1.00667
1.01604
1.07629
1.00041
1.00037
1.01178
1.00035
1.00812
1.00983
1.01514
1.00059
1.00871
1.0004
1.01719
1.00035
1.00034
1.0001
1.00613
1.00607
1.01685
1.00063
1.00024
1.00114
1.00035
1.0057
1.04034
1.00056
1.14739
1.00418
1.00032
1.00371
1.19852
1.0148
1.01573
1.00018
1.02427
1.00039
1.03291
1.01965
1.01499
1.01359
1.03923
1.00359
1.02184
1.01039
1.0002
1.18881
1.01721
1.00036
1.03799
1.00852
1.00038
1.00905
1.00986
1.01882
1.02456
1.0079
1.00111
1.01612
1.01175
1.04019
1.00019
1.04671
1.00015
1.01108
1.00923
1.02441
1.00004
1.16196
1.03854
1.00024
1.00018
1.00048
1.00024
1.07168
1.01599
1.02162
1.00269
1.00327
1.07784
1.02686
1.00016
1.00975
1.00027
1.12968
1.00375
1.00033
1.00034
1.02129
1.02039
1.00019
1.00614
1.01486
1.02447
1.00576
1.00019
1.01323
1.02751
1.01325
1.00987
1.02535
1.01256
1.00435
1.00873
1.0294
1.09135
1.02651
1.00767
1.01272
1.09746
1.00042
1.00027
1.00011
1.0005
1.00412
1.05733
1.01866
1.0075
1.00827
1.01171
1.02356
1.00047
1.00937
1.00265
1.00022
1.00025
1.00018
1.00016
1.00112
1.01151
1.03355
1.00033
1.00024
1.00033
1.08104
1.00032
1.00452
1.00037
1.02482
1.00026
1.00013
1.05718
1.00026
1.01887
1.01813
1.00436
1.02944
1.00041
1.00145
1.00613
1.00049
1.01573
1.02987
1.00036
1.01118
1.01066
1.01319
1.02539
1.00034
1.01841
1.03859
1.00983
1.01389
1.00062
1.00119
1.01263
1.01386
1.32032
1.00043
1.0003
1.02322
1.0004
1.13778
1.00034
1.00039
1.02705
1.01873
1.00168
1.0475
1.00719
1.01335
1.08821
1.0201
1.07916
1.00036
1.00043
1.0056
1.00775
1.00041
1.00046
1.00023
1.02288
1.10428
1.00015
1.00129
1.00931
1.0104
1.06829
1.00036
1.01457
1.01563
1.00454
1.0056
1.00168
1.02432
1.00024
1.01154
1.00565
1.03214
1.0002
1.00016
1.00049
1.03507
1.00965
1.04694
1.08316
1.00889
1.00037
1.00509
1.00009
1.00219
1.00039
1.02078
1.00037
1.00053
1.01627
1.00034
1.08328
1.07575
1.00192
1.00032
1.02875
1.02665
1.00023
1.00041
1.00059
1.00241
1.01381
1.01061
1.01227
1.0004
1.05351
1.00052
1.02
1.00803
1.00335
1.01241
1.00779
1.00925
1.00449
1.00608
1.04598
1.03179
1.00628
1.00321
1.12272
1.00899
1.0127
1.02307
1.00035
1.00098
1.00651
1.00032
1.00547
1.01705
1.02673
1.14545
1.00019
1.0002
1.00073
1.0107
1.03501
1.10424
1.01688
1.00035
1.02084
1.00273
1.01889
1.00596
1.00032
1.01603
1.01524
1.03625
1.00017
1.00014
1.07007
1.00583
1.02686
1.00497
1.04752
1.00032
1.00849
1.00042
1.0001
1.02168
1.00074
1.00044
1.00077
1.04059
1.0101
1.00634
1.00293
1.00025
1.0005
1.00248
1.00036
1.00046
1.01367
1.00041
1.00018
1.01459
1.02168
1.00049
1.00072
1.01237
1.00017
1.00059
1.02301
1.00043
1.00638
1.0123
1.00304
1.07874
1.00019
1.01212
1.00033
1.00106
1.02162
1.00024
1.00007
1.05317
1.00022
1.02248
1.02917
1.02274
1.00019
1.0004
1.00147
1.00139
1.0074
1.0002
1.00656
1.00005
1.04433
1.00704
1.01087
1.00026
1.09425
1.00753
1.06457
1.01436
1.00431
1.00021
1.02528
1.04938
1.00128
1.03475
1.04652
1.06107
1.07428
1.03185
1.0002
1.10814
1.03324
1.00049
