0.829963
0.840665
0.98306
1.31872
1.00933
0.947646
0.954368
1
0.907217
0.942666
0.974992
1
0.98801
0.889253
0.736185
0.798458
1.04632
0.925784
0.740109
0.858287
0.996712
1
1
0.938573
0.800383
0.987406
1
1
0.970468
0.623709
0.841913
0.768039
0.86884
0.999999
0.999698
1
1.16239
0.924286
1
1
1
0.980725
1.00261
0.981921
0.875638
1
0.86638
0.902998
0.898823
0.988183
0.484878
0.855914
1.04554
1.01306
1.0096
0.651145
1.00294
0.951031
0.831882
1.00968
0.978968
1
0.957653
0.938433
1
0.704575
0.999999
0.988917
0.630457
1
0.778899
0.932972
1
0.86857
0.976729
0.890912
0.898991
0.765909
1.01675
0.962105
0.999998
0.810761
1
0.83928
0.888541
0.95993
1.03056
1
1.07303
1.00727
0.856082
1.00847
0.99491
1.02213
1
0.872953
0.596176
0.841973
1
0.770237
0.999999
0.898338
1.05543
0.791351
0.909313
0.865872
1
0.894244
0.665049
0.997148
0.756496
1.00324
0.964883
1
1
0.928897
1
0.93826
1
0.932242
1
0.813411
1
0.995223
0.84266
0.944307
0.958706
0.998527
0.999184
0.949684
0.621885
1.08211
1
0.896312
0.998901
0.63577
0.954054
0.708155
0.995462
0.927917
1.00189
1
0.980384
1
0.948732
0.904045
0.907415
1.08859
0.962282
1
0.987134
0.979454
1.00291
0.854897
1
1.00208
0.961593
0.836328
1.01494
0.858668
0.945172
1.00052
1
0.999999
0.95923
1
0.923233
1.01833
0.91293
0.968551
0.767626
0.764119
0.756776
0.842707
0.789734
0.865805
1
1.00135
0.766664
0.949601
1
1
0.871895
1
1.00186
1.0323
1
0.927746
0.918186
0.813951
0.951989
1.00485
0.903547
0.858905
0.908118
0.976968
0.890547
0.956091
0.973494
0.559971
1.06766
1.01209
0.639837
0.982621
0.984782
0.90123
0.829345
0.896474
0.7842
1.00542
0.995212
1
0.983295
0.964118
0.999998
1.04443
1
0.897033
1.03468
0.979515
1
1
1.03655
0.640225
1
1
1
0.788682
1.00314
1.01621
0.976216
0.979731
1
0.767979
0.793384
0.879829
0.959793
0.830874
0.971524
0.631984
1.04568
1
1.03239
1
1
0.999997
0.976082
0.999999
1
1
1.03102
0.892348
1.01749
0.971886
0.968146
0.916449
1
1
0.931227
0.9785
1
1.05361
1.01158
0.95291
0.974347
0.977297
1.02258
1.00057
1
1
1
0.984468
1.06916
0.999999
0.920929
0.996817
1
0.771525
0.878832
0.891416
1
0.925354
0.997772
1.0035
0.857034
0.970211
1
0.693514
0.901829
1
0.92842
0.989669
0.898359
0.923897
0.851055
1
0.799996
1.0929
0.782549
0.591859
0.951613
1.03633
1
0.85207
0.747998
0.926321
0.766727
1.02876
0.740641
1
0.946992
0.976235
1
1.0004
1.01251
0.966886
0.904933
0.990032
1.18432
1
0.999944
0.999999
1.03388
0.820312
0.999999
0.778551
0.821213
1.01368
0.993592
0.948658
0.965037
0.925288
0.844016
0.990919
1.10327
0.980019
1.00389
1
0.85055
0.769994
0.943372
0.889092
0.911312
0.807976
0.778561
0.961345
0.872017
1
0.989012
0.951511
0.863511
1.01869
0.887855
1
0.956359
1.10825
1.02853
0.938477
1.00369
1.00927
0.931178
1
0.953358
1
0.913119
0.778345
1
1.0247
1
1.08074
0.933248
1.02473
1.01591
1
0.880674
0.61318
0.840713
0.649943
0.80783
1
0.930114
1.07893
0.976538
1.02198
1.00077
1
0.81044
0.893254
1.10913
0.937803
0.950321
0.921186
0.976657
1
0.789409
1.00605
0.811727
0.986059
1.01328
0.635961
0.987314
0.961786
0.790993
1.01293
1
1
1.04427
0.97286
1
0.97251
0.940939
1
1.00502
0.949717
1
0.698958
0.987719
1.0052
0.999998
0.979681
1
0.999999
1
1
0.790307
1
0.971961
0.948498
1
1
0.925256
0.872929
1.04313
1.00779
0.871406
1
0.832298
0.846845
0.642961
0.999997
0.884433
1.03969
0.997621
0.96148
1.00895
0.928109
0.860782
0.928886
0.949217
1.00661
0.781915
1
1
0.976031
0.910451
0.960518
0.959834
0.81423
0.711155
0.958178
0.985621
1.01666
0.937207
0.853874
1
0.999965
0.977542
0.833205
0.732449
1
0.948099
0.829363
0.999996
0.681365
0.97809
0.985537
0.898906
0.68127
0.934392
1
1.00713
1.00074
1.08383
1.01566
1.0476
1.05541
0.994241
1.01182
0.9508
1.0036
0.91636
1.07725
1
0.930402
0.968138
1.02788
0.999999
0.821439
0.967439
0.988763
0.9051
0.57426
0.936295
0.709534
0.971167
1
1.01494
0.913606
1.03518
0.603982
0.795275
0.905994
0.840882
0.933612
0.917551
0.745309
0.885193
0.999996
0.999998
0.984609
1.07847
0.953288
1.01443
0.741688
1.0676
0.99645
0.89566
0.96514
0.838029
1.00778
0.999999
0.75812
1
0.665712
1
0.990897
0.913955
0.920115
0.949696
0.86621
0.931398
1
0.985067
0.991567
0.735804
1.01117
1.01368
0.928822
0.965115
0.989467
1
0.932917
0.877264
0.667717
1
0.921379
0.706939
0.999998
0.858178
0.68861
1.07265
0.980279
0.693594
1.01884
1.00039
1.0136
1
0.956574
0.785514
0.889332
1.02542
0.938505
0.929227
1
0.641358
1.04117
1
0.99471
0.976949
0.960657
0.996062
0.998687
1
0.969607
1.00493
0.988141
0.800468
0.822365
0.883857
1
0.907006
0.976488
0.863822
1.00328
1.02005
1
1.00083
0.914159
0.943719
1
1
0.966704
0.892959
0.606718
1.00166
0.97991
0.867105
1.0362
0.932259
1
0.859918
1.01298
1.0372
0.661093
0.856884
1
0.777093
1.01038
0.716076
0.74076
0.844339
1.00093
1
1.01136
0.913519
1.02571
1
1.00302
1
0.909613
0.871626
1.04723
0.658942
0.901748
1.00402
0.76153
0.975067
0.934163
0.994025
1
0.870944
0.895319
1.00394
1
0.994566
1.04863
0.837686
0.784863
0.901172
0.920262
0.89462
0.99479
0.959757
0.830406
1.04329
1
0.757934
0.810188
0.792125
0.903506
0.872023
1
1
1.10757
1
1.01522
1.03728
0.835735
0.830554
0.971118
0.724306
0.934399
0.83214
1
0.901451
0.952694
0.936529
1
1
0.903609
0.961497
0.948087
0.871336
0.896326
0.511384
0.77116
1.02521
0.991617
0.757562
1.07742
0.972225
0.875936
1.00539
0.998365
0.538214
1.00269
0.929734
0.811005
0.999997
1.17292
0.689374
0.957367
1.02325
0.776968
0.899667
0.788946
0.743893
0.999421
0.776425
1.00113
1
0.784945
1.00879
0.996053
0.971614
1
1
1
0.892829
1.02828
0.991446
0.987717
0.988896
1.0269
1.07715
0.98966
0.982094
1
0.917258
1.08951
0.777287
0.758299
0.612182
0.999997
0.999999
0.893197
0.953325
1
0.819358
0.839884
0.865298
1
0.971069
0.942667
0.955671
1.07767
0.958817
1
0.892164
1.00098
0.991881
0.964361
0.977459
0.983653
0.779536
0.844675
1
1
0.999998
0.987858
1
0.941546
0.782058
0.845011
1
0.685762
1.0027
0.911103
0.797642
0.906387
0.901237
0.995678
0.994607
1.00333
0.635045
0.9308
0.88446
0.986959
0.709777
0.864457
0.854966
0.914029
0.918189
0.999996
0.642815
0.84093
1.04277
0.998512
1
1.06615
1.08903
1
1.00676
0.984241
1
1.00969
0.839215
1.01571
0.985143
0.98889
1.01678
0.966323
0.842911
0.654
0.993194
0.994317
1
0.897717
0.978296
0.83399
0.952333
1.00105
1.00563
0.985478
0.982273
1.07408
0.656425
0.88817
1.01312
0.951646
0.860675
0.893349
0.93555
0.91693
1
0.914199
0.98092
0.692789
1
1.01492
0.957941
0.773667
1
0.813162
1
0.914655
1.00048
0.917252
1.13501
0.659248
0.715838
0.873328
1.02536
0.973649
1.13351
1
0.713013
0.91181
0.736203
0.999997
0.999996
1
1
1.17711
1
0.999999
1.06349
0.85444
0.925244
0.89553
0.998393
1
0.643597
0.590472
0.830974
0.776419
1
1
0.857226
1.00791
1.00405
0.834056
0.730201
1.00008
1
0.647965
0.666777
0.905892
1.01095
0.878081
0.742897
1
1
0.999999
0.881642
0.862192
1
0.910105
0.991894
0.60878
1
0.843481
1
0.809369
0.987969
0.9325
0.946817
0.911756
0.8773
0.902267
1.00139
0.977959
0.831192
1.00354
0.87277
1.01176
0.89901
0.99083
0.78653
0.960972
0.683
0.828696
0.873908
1
0.957851
0.999998
0.861135
0.958299
0.729413
1.00178
0.962874
0.774387
0.967795
1.02578
0.819506
1.00924
1.00567
1
0.937516
1
0.851588
0.620986
0.964521
0.903694
0.760102
0.990387
0.982034
0.867012
1.03521
0.932635
1.00877
1.02666
0.86917
0.931036
0.954529
0.718676
0.805569
0.944281
0.957888
0.979508
1
0.960656
1
1
1.07137
1
0.986952
0.704774
0.941086
0.768401
0.955685
0.759632
0.999999
1.00045
0.861732
0.671964
1.01261
0.925076
0.948425
0.999998
0.497201
0.915279
0.869521
0.633748
1.04726
0.931294
0.924749
1.00342
0.963833
1
0.996181
1
0.987691
0.907572
0.956936
0.930228
0.616541
0.614083
0.748674
0.901674
1
0.990102
0.559109
0.952007
0.714721
0.929199
1.03077
1
0.96148
1
