1.01422
1.00037
1.00935
1.00124
1.00026
1.02323
1.01726
1.0032
1.01808
1.04517
1.00054
1.02434
1.02803
1.02886
1.00023
1.00635
1.00045
1.02653
1.01244
1.00026
1.00024
1.03771
1.01154
1.05393
1.0938
1.00025
1.00033
1.12514
1.01147
1.0177
1.00086
1.00031
1.00016
1.0003
1.00019
1.00609
1.00543
1.01885
1.00462
1.00032
1.01322
1.02036
1.00216
1.01101
1.00687
1.00026
1.00031
1.00612
1.00619
1.05763
1.00085
1.00646
1.01926
1.00023
1.01596
1.10971
1.0339
1.05171
1.00589
1.00673
1.00378
1.02983
1.00027
1.00996
1.00023
1.01457
1.00511
1.00045
1.01394
1.00363
1.00951
1.01998
1.00032
1.00039
1.03448
1.11009
1.00248
1.0003
1.00019
1.01713
1.00559
1.00025
1.00422
1.00948
1.02394
1.02473
1.00505
1.06695
1.00032
1.00038
1.00388
1.00022
1.00032
1.02647
1.02052
1.00859
1.01403
1.00818
1.00024
1.00021
1.00072
1.00123
1.00616
1.04193
1.00257
1.00027
1.05097
1.00026
1.0024
1.00041
1.01994
1.00013
1.00545
1.01701
1.0004
1.0002
1.09812
1.08963
1.00018
1.00434
1.06054
1.00097
1.02392
1.01777
1.00044
1.00517
1.00152
1.00603
1.06294
1.00031
1.0063
1.02196
1.00512
1.04645
1.00018
1.00024
1.00017
1.00033
1.00012
1.00202
1.00025
1.11163
1.00393
1.00023
1.00011
1.00875
1.00009
1.01243
1.0003
1.01042
1.00034
1.00301
1.00913
1.00019
1.00038
1.01062
1.00709
1.02456
1.00749
1.01821
1.00022
1.01923
1.0037
1.0168
1.00034
1.00036
1.0016
1.00024
1.00268
1.00009
1.01673
1.01061
1.00787
1.00989
1.00016
1.00027
1.00027
1.00705
1.00033
1.00035
1.00035
1.00564
1.00711
1.00028
1.00472
1.00986
1.00015
1.00028
1.02682
1.00233
1.0093
1.00617
1.00024
1.00018
1.00026
1.00037
1.00437
1.00026
1.00033
1.04541
1.00085
1.00044
1.00006
1.02458
1.00461
1.00765
1.00507
1.0051
1.00185
1.0004
1.01394
1.00027
1.00019
1.02847
1.12651
1.00831
1.01653
1.00098
1.00023
1.0003
1.00027
1.0501
1.00026
1.00027
1.00034
1.05194
1.00023
1.00035
1.01854
1.0124
1.00015
1.03517
1.06827
1.00026
1.01672
1.01062
1.00592
1.00052
1.0177
1.00018
1.01251
1.00018
1.05138
1.0109
1.00788
1.00025
1.00487
1.0076
1.01577
1.04544
1.00026
1.0002
1.00054
1.01327
1.0004
1.00033
1.00018
1.00026
1.03571
1.00166
1.01804
1.0003
1.08302
1.00033
1.00901
1.05637
1.00104
1.00023
1.01428
1.00418
1.0002
1.0212
1.01109
1.04948
1.00051
1.02116
1.00328
1.04194
1.0184
1.00867
1.00064
1.00861
1.00773
1.00413
1.01864
1.00042
1.00118
1.00422
1.01994
1.06103
1.00108
1.01115
1.02708
1.01761
1.00588
1.00037
1.0049
1.00783
1.2621
1.00021
1.10261
1.00165
1.00018
1.00144
1.22345
1.00813
1.02927
1.00023
1.00125
1.0268
1.0114
1.04601
1.01052
1.00023
1.00045
1.00033
1.00482
1.01911
1.10234
1.00823
1.06256
1.0006
1.00013
1.00036
1.00025
1.00029
1.00036
1.00033
1.00631
1.00036
1.05112
1.00014
1.04903
1.01216
1.00035
1.04743
1.00021
1.01366
1.05722
1.0167
1.00657
1.02186
1.0365
1.00022
1.00263
1.00199
1.01007
1.01531
1.00026
1.00022
1.00777
1.01529
1.0003
1.00028
1.01092
1.00027
1.02542
1.00638
1.03654
1.0003
1.00561
1.00033
1.00053
1.0193
1.0003
1.00021
1.01837
1.00027
1.01482
1.00035
1.01325
1.00023
1.04787
1.00593
1.00018
1.01385
1.05319
1.00047
1.00358
1.00309
1.00264
1.09773
1.00013
1.00078
1.00149
1.00044
1.00011
1.00028
1.00464
1.08571
1.07773
1.0103
1.02193
1.00774
1.00246
1.01574
1.00028
1.01946
1.00032
1.00215
1.02963
1.00872
1.00874
1.00763
1.00364
1.00652
1.00018
1.01478
1.00024
1.0002
1.00025
1.0389
1.00032
1.00035
1.0327
1.00017
1.00033
1.00018
1.01148
1.01098
1.00554
1.0004
1.00688
1.00921
1.00656
1.01289
1.01884
1.00029
1.04089
1.01649
1.00033
1.00011
1.0034
1.0153
1.07975
1.01871
1.00327
1.01825
1.00715
1.00043
1.00042
1.0003
1.05835
1.00055
1.02361
1.00019
1.01579
1.00189
1.01293
1.04959
1.00025
1.00025
1.03578
1.0002
1.00015
1.00301
1.02281
1.00412
1.0005
1.00013
1.00168
1.01908
1.00036
1.00493
1.01115
1.00029
1.00024
1.07196
1.00447
1.07403
1.00036
1.00075
1.01398
1.00018
1.01495
1.00685
1.01927
1.00669
1.00013
1.00036
1.00805
1.01023
1.02121
1.00484
1.02947
1.00449
1.0129
1.01002
1.00019
1.00014
1.0124
1.00035
1.00036
1.00444
1.00022
1.01354
1.0002
1.00011
1.0002
1.0203
1.02422
1.00569
1.00753
1.00023
1.12819
1.02074
1.00023
1.00022
1.03648
1.00347
1.00015
1.00241
1.00039
1.00087
1.00031
1.00026
1.05599
1.0172
1.04413
1.0034
1.00235
1.0003
1.03501
1.08788
1.00219
1.00018
1.0002
1.00031
1.00539
1.00041
1.00295
1.00017
1.0112
1.00034
1.00007
1.00016
1.00025
1.00011
1.01321
1.00416
1.00341
1.00024
1.05525
1.02877
1.01649
1.02485
1.00018
1.00018
1.0066
1.0625
1.01345
1.00025
1.00133
1.00025
1.01465
1.00016
1.00068
1.00547
1.00125
1.01142
1.00021
1.00457
1.13352
1.02708
1.05729
1.00677
1.00027
1.02006
1.00023
1.00897
1.0002
1.00427
1.01672
1.14569
1.00021
1.00028
1.00999
1.00504
1.0175
1.00041
1.01389
1.01307
1.0079
1.19089
1.00033
1.05275
1.0003
1.00029
1.00533
1.00022
1.00024
1.00014
1.00038
1.00329
1.00024
1.00023
1.00038
1.02928
1.00019
1.00026
1.02599
1.00928
1.00758
1.00029
1.00029
1.00501
1.00014
1.0157
1.00018
1.00021
1.01281
1.00024
1.02826
1.00906
1.01054
1.05826
1.00634
1.01931
1.00033
1.02165
1.00541
1.00019
1.00035
1.01071
1.00483
1.0032
1.01049
1.00013
1.00885
1.03002
1.00035
1.00996
1.0108
1.00103
1.01618
1.01983
1.00026
1.00023
1.00661
1.04553
1.0002
1.00028
1.00309
1.00632
1.00014
1.01463
1.00119
1.04303
1.00039
1.00027
1.00124
1.04799
1.02269
1.00015
1.00016
1.00037
1.00213
1.00016
1.00029
1.06995
1.003
1.0174
1.01584
1.00028
1.00044
1.00425
1.00012
1.01966
1.00023
1.00021
1.00033
1.02848
1.02043
1.04401
1.01096
1.00218
1.00443
1.00025
1.00022
1.0135
1.00023
1.00031
1.00031
1.00704
1.00025
1.00326
1.00748
1.00039
1.00372
1.01603
1.00014
1.00069
1.00292
1.0002
1.00423
1.00027
1.00315
1.00016
1.00026
1.00014
1.00028
1.00606
1.00948
1.00613
1.00018
1.00014
1.00905
1.14888
1.00032
1.00016
1.02103
1.01084
1.00029
1.04403
1.00026
1.0002
1.00477
1.00099
1.00026
1.01092
1.007
1.00808
1.00545
1.0002
1.04148
1.0003
1.0069
1.0074
1.10256
1.06541
1.00014
1.0858
1.01807
1.00023
1.00566
1.00043
1.00615
1.0095
1.00021
1.00259
1.00539
1.01419
1.00014
1.00035
1.01224
1.02855
1.00082
1.00027
1.00649
1.0081
1.00014
1.01192
1.0004
1.0584
1.00777
1.00031
1.02746
1.00113
1.00029
1.00198
1.266
1.02607
1.01268
1.01492
1.00026
1.00804
1.00021
1.00347
1.01154
1.00018
1.01673
1.0002
1.00926
1.00033
1.02717
1.00419
1.01486
1.00547
1.0004
1.00524
1.00029
1.00012
1.00037
1.00038
1.02882
1.00384
1.00022
1.00437
1.01094
1.00031
1.00032
1.00492
1.00023
1.09316
1.01423
1.01229
1.00019
1.00012
1.00835
1.00026
1.00418
1.0003
1.01085
1.07193
1.00023
1.00039
1.00026
1.00043
1.00029
1.00019
1.00326
1.00021
1.00648
1.01837
1.03935
1.21486
1.00018
1.00744
1.00033
1.01514
1.0002
1.03363
1.00036
1.00412
1.00014
1.00032
1.00462
1.00031
1.00872
1.00276
1.00204
1.00964
1.01274
1.0055
1.05116
1.00023
1.02227
1.00025
1.00834
1.00038
1.02852
1.01908
1.00018
1.00021
1.00858
1.0031
1.00042
1.06884
1.00043
1.00084
1.01028
1.00753
1.00029
1.01875
1.00041
1.01676
1.00031
1.021
1.00018
1.012
1.01076
1.00947
1.00022
1.00192
1.0019
1.007
1.0002
1.06562
1.00034
1.0004
1.0092
1.00014
1.0078
1.00028
1.00092
1.01309
1.01082
1.07689
1.00037
1.00025
1.00471
1.00096
1.0178
1.13735
1.00983
1.01394
1.06188
1.00938
1.00017
1.00035
1.00252
1.00033
1.00017
1.00023
1.00803
1.00007
1.0021
1.00033
1.03119
1.07463
1.00037
1.00682
1.023
1.00316
1.01779
1.00019
1.02196
1.00294
1.0003
1.00616
1.00734
1.00037
1.00171
1.00033
1.00756
1.01777
1.00515
1.02542
1.00699
1.05959
1.00025
1.00588
1.00037
1.00902
1.02317
1.00029
1.00039
1.00026
1.01041
1.02668
1.00382
1.00956
1.12618
1.00991
1.0142
1.00128
1.08923
1.00027
1.00011
1.02694
1.03649
1.00784
1.00017
1.00019
1.00296
1.00035
1.00941
1.01165
1.0182
1.00033
1.00306
1.01407
1.01214
1.00198
1.00312
1.00024
1.0385
1.00024
1.00016
1.00032
1.00441
1.12135
1.00041
1.00293
1.00514
1.00748
1.00027
1.02906
1.00407
1.02534
1.00215
1.00037
1.00028
1.00034
1.00469
1.00019
1.00844
1.0003
1.00066
1.00049
1.00033
1.00033
1.0055
1.00013
1.0004
1.00337
1.00025
1.00024
1.0002
1.01801
1.00563
1.00714
1.00031
1.00612
1.00034
1.00623
1.00037
1.00823
1.00803
1.00031
