0.991613
0.828616
0.790373
1.00282
0.890601
0.809389
1.00515
0.832656
0.907198
0.84122
1.00431
0.613891
0.780104
0.978033
0.910005
1.01598
0.983677
0.989912
0.991863
1
1.04289
0.978537
0.768706
0.999999
1.00503
1.00503
0.972743
0.938153
1.02539
0.91443
0.836494
1.00685
0.689618
0.972533
0.950795
1.04187
0.941984
0.968712
1.0047
0.938806
1
0.967584
1.00774
0.769235
0.999997
1.00247
1.00111
0.888458
0.67724
0.861988
1.0315
0.993409
0.984088
0.890733
1.13456
0.999999
0.873752
0.973316
0.879505
0.893455
0.980231
0.937855
0.936275
0.913997
0.969861
0.761954
0.999999
0.918316
1
1.03072
0.90541
1.00758
0.983328
0.999997
0.98973
0.805067
0.799665
0.999998
0.776052
0.863508
0.863121
1
0.95523
0.781672
0.840031
0.975561
0.952947
0.956452
0.989414
0.880241
0.998671
0.863551
0.997564
0.947211
0.985814
1.03366
1.02908
1
0.885182
0.780529
1
0.976422
0.987898
0.973011
0.889456
0.867017
0.976699
0.926448
0.919235
1.02242
0.93543
1.01935
0.978607
1.09918
0.739996
0.754846
0.83112
1
0.927335
1
0.749581
0.995885
0.824353
1.00803
0.799602
0.886525
1
0.999997
1.01615
1
0.98309
0.863547
1.02471
0.967066
1
0.744084
0.952356
0.996161
0.999413
0.975317
0.927806
1.00231
0.911351
0.994022
0.63726
1.02075
0.930331
1.09349
1.00769
0.912674
0.897632
0.971102
1.01505
1.00437
0.924666
0.992602
1
0.888689
0.671347
0.993236
0.735279
0.807462
0.89721
1
1.00093
1
0.897177
1
0.865362
0.999998
0.858398
1.02981
1.00339
0.856988
0.96187
0.999997
0.765442
0.906814
0.964676
1.02023
0.971322
0.936368
1.03396
0.980101
1.0763
1.00271
0.988084
0.814187
1
0.864879
0.982561
1
0.903267
0.835961
0.980458
0.93319
1.00501
1
0.972321
1.02781
0.946207
0.645154
1.00041
0.863003
0.693941
1.04702
1
0.699696
0.811832
0.989289
0.999997
0.977903
0.972868
1.01698
0.788594
0.999999
0.852738
0.631923
0.824561
0.999996
0.98184
1.04682
0.99189
1
0.823831
0.981177
1.00097
0.912487
1.02364
0.941386
0.948771
1.01556
0.965391
1.04727
0.868885
1.0253
0.991593
0.68212
1.02164
0.993998
1.00008
1.02564
1.01248
1
1
0.700765
0.813184
0.848954
1.02063
1.00379
0.897179
0.946118
0.874266
1
1.01381
0.873647
0.970282
0.848206
1.01186
0.991682
0.892063
1
0.909637
0.999996
0.900332
0.818504
1.00892
0.905751
0.932123
1.01863
1.124
1.03649
0.999998
0.792781
0.943937
0.658834
0.829288
0.998819
0.967639
0.966378
0.989143
0.859371
0.824803
0.874367
1
0.833626
0.769944
1.00862
1
0.904937
0.847149
1
1.00351
1
0.945012
0.654503
0.976292
1
0.999378
0.948117
0.97981
0.869595
1
0.929329
0.999999
1
0.9694
0.892727
0.782358
0.983124
1
0.830366
0.807756
0.929632
0.905973
0.89423
1.00037
0.93093
0.892369
0.999999
0.908057
0.816806
0.85654
0.895686
1.00161
1.07951
0.684722
1
1.0034
0.790665
0.989179
0.905327
0.857381
0.543004
0.986415
0.980276
0.98546
0.999998
1
0.968001
0.992147
0.871751
0.971131
0.848235
0.972158
1.03194
0.855524
1
0.934535
1.03499
1
0.801685
0.909268
1
1.04445
0.999999
1
0.878401
0.911908
1.00139
0.930824
0.870763
0.825182
0.97782
0.950907
0.859489
1.00741
0.989128
0.990062
1.02606
0.787265
0.920359
1.03635
0.929293
0.923122
0.979884
0.967036
1.02402
0.899978
1.04352
0.979093
0.956691
1
1.03773
0.887637
0.498012
1
1.09659
0.942766
0.914094
1
1.00945
0.949985
1
0.991405
1.08132
0.98925
0.98181
0.884214
0.8411
1.02811
1.00627
0.999996
0.9096
1.00307
0.915477
0.932112
0.920315
1
1.008
1.0084
1.01737
1.00088
0.970805
0.917953
0.89908
1
0.910835
0.976265
1.00254
0.979394
0.88052
0.981098
0.921724
0.972674
0.999999
0.75311
0.908511
0.974739
0.984428
0.906243
0.862872
0.887255
0.981578
0.649
0.874784
0.999999
0.91397
1
0.815752
0.999999
0.892564
1.00485
0.972753
0.795857
0.987415
0.930214
0.921813
1.01782
0.921364
0.994827
0.984519
1
0.999999
0.999999
0.586993
1
0.89142
0.999998
0.930803
0.96881
0.614006
1.03096
0.809489
0.787849
0.903284
1.04827
0.888254
0.837213
0.999997
1
0.885659
0.965027
0.9606
0.999998
0.974247
0.973359
0.846394
0.977137
0.646543
0.937348
0.931458
1.00753
0.916532
0.999999
0.794635
0.908517
0.787967
0.799
0.993956
0.999998
1
0.896978
0.963895
1
1.01352
0.704999
1
1
1.00175
0.959213
0.703341
0.916879
0.938628
1
0.584414
0.998677
0.888357
0.996418
1
1.00243
0.981661
0.945009
0.999996
1.01933
0.934403
0.999996
0.996799
1.00003
1.00093
0.917176
0.916846
1.04186
0.785203
0.777774
0.950086
1
1.21708
0.870798
0.977196
0.763371
0.887626
0.961693
0.923754
0.902899
0.828515
0.886659
1.0221
0.999997
0.629613
0.997791
0.963054
0.924652
1.01278
0.999999
0.859539
1.00631
1
1.00361
0.812552
0.896993
0.985823
0.811434
0.798746
1.00433
0.829757
0.827632
1
1
0.933604
1.02155
1.18007
0.776809
1.0029
1.00227
0.697703
0.90622
1.01497
1.01861
1.02825
0.999998
1.05004
1
0.897388
1
0.806609
0.991431
0.922107
0.987718
0.999997
0.999997
0.712604
1.01852
1
1.00097
0.998422
0.799574
1
1.00058
0.800822
0.829459
0.985927
0.991347
1.04372
1.00583
0.931465
0.974396
1.05056
0.91108
1.01932
0.934869
0.988489
0.958044
1
0.848183
0.841531
1.00006
1.08924
0.979369
1.02115
1.02699
0.984769
1.01369
0.856039
0.91092
0.834204
0.675195
1.01901
0.931253
1.02461
1.12711
1.00741
1.00738
0.919475
0.999998
0.751799
0.754355
0.997104
0.986116
0.948242
1.01803
1.0007
0.994162
0.849835
1.05777
0.931955
0.729931
0.871053
0.896282
0.788071
0.921406
1.01237
0.782135
0.961845
0.983814
0.850527
1
0.996719
1.03302
0.867145
1.05672
0.996351
0.976371
1.00121
0.987663
0.999995
1.00866
1
0.904397
0.901308
0.956989
0.999974
1.00002
0.970495
1.01776
0.625746
1.00244
0.999996
1
0.858366
1
0.872939
0.924397
1
1
0.956285
1.01495
0.758971
0.975479
0.963741
0.878374
0.99961
1
0.883345
1.02142
1.25944
0.796181
0.783894
0.999999
1.0353
1.01281
0.987429
0.998861
0.706435
1.0587
0.945666
1.03326
0.873553
0.746547
0.967753
0.999996
0.89122
0.919561
0.992883
0.833847
1
0.999998
0.999997
0.967499
0.992044
1.02442
1.00614
0.739825
1
0.96633
0.960949
0.919759
0.972511
0.979927
0.975778
0.769113
0.962235
1
0.88626
0.976879
0.9805
0.81933
0.932586
1.04281
0.96664
1.00163
1.06481
0.887368
0.856745
1
0.987805
0.878809
0.932079
1
1
0.939787
0.963872
0.830029
0.992983
0.974441
1.03186
0.962772
1
0.951673
1
1.00023
1.03435
0.794059
0.952176
0.939755
0.983328
0.982177
0.999999
0.997064
1.08812
0.965612
0.999131
0.966467
0.886919
0.816084
0.955009
0.914344
1.03211
1.00222
0.851857
1.0186
1
1.01998
0.980713
0.929346
0.879777
0.998825
0.790267
0.950451
1.01911
0.990452
0.959715
1.0851
0.955959
0.906855
1.01933
0.863192
0.828796
0.953007
0.926788
0.992702
0.917468
0.87455
1.00902
1
0.930218
0.727079
1.00362
1.00279
0.864628
0.909743
1
1.04289
1.00114
0.926938
0.819466
1
1.00365
0.917812
0.788352
0.986112
0.921551
0.860815
0.861112
0.965645
1.00531
0.995305
0.798777
0.921063
0.756
0.899945
0.978943
0.85737
0.902815
0.967975
0.982495
1.05095
0.912354
1.09907
0.906663
0.990337
0.710723
0.987214
0.96446
1
0.981936
0.623641
0.67372
1.00239
0.838155
0.82079
0.999104
0.952717
1.03185
0.924217
1.04502
0.982033
0.990519
0.999999
0.976188
1.01584
0.900108
0.999998
1
1.00179
0.804016
0.976645
0.892349
0.957535
1.02288
1.0933
1.03525
0.987711
0.893001
0.827442
0.940128
1
0.88753
1
0.841327
0.936314
0.999014
0.96843
1
0.982801
0.811499
0.718231
1
0.902272
0.650317
0.999086
0.75647
1.05518
0.858906
0.897215
0.999998
0.910828
0.968187
0.973462
0.816998
1.00478
0.899841
1.06596
0.906121
0.937058
0.999998
0.894443
0.961954
0.804951
0.82939
0.999998
0.933982
0.482782
1
0.999997
1.00021
0.919905
1.01205
0.90944
0.968726
0.85668
0.944962
1.00969
1
1.00045
1.02169
1
0.712461
0.999999
1.00236
0.826048
0.937946
0.95761
0.987501
0.958527
0.974209
1.04283
0.980322
0.897251
0.916981
1.00674
0.844895
0.961903
0.931021
1.00805
0.934771
0.993285
0.753329
1.01418
0.889565
1
1
1
0.840099
0.972062
0.662282
1.0042
0.878255
0.859839
0.999573
0.988245
1.02133
0.881742
1
1
0.963139
1.0028
0.946992
1.02817
1.01426
0.855693
0.960181
0.742083
0.846321
1.00129
1
1
0.990891
0.992312
0.906559
1.11025
0.878259
0.8438
1.00844
0.756105
0.85886
1
0.999998
0.97378
1.00786
1.00088
1.00159
1.0719
1
0.850355
0.927876
0.968872
0.928894
0.999999
0.85697
1.03394
1.00049
0.98107
0.962194
1
0.939468
0.8138
0.994171
0.871996
0.999999
