1.16272
1.13368
1.15862
1.148
1.09273
1.16498
1.14056
1.13708
1.16436
1.14285
1.1375
1.23743
1.19278
1.13208
1.1998
1.0975
1.11491
1.14104
1.14308
1.0993
1.16497
1.10933
1.21449
1.14711
1.13558
1.09732
1.12968
1.10876
1.20608
1.12305
1.1834
1.16189
1.10439
1.17483
1.13787
1.09526
1.10098
1.14637
1.1678
1.18219
1.18169
1.10336
1.10143
1.18113
1.20289
1.16022
1.17681
1.15382
1.18064
1.12628
1.15422
1.17194
1.18769
1.13647
1.16188
1.15206
1.1717
1.1663
1.09515
1.13004
1.14668
1.10856
1.13232
1.17501
1.18569
1.16683
1.09482
1.126
1.12404
1.11315
1.14326
1.12455
1.16959
1.16428
1.13072
1.14865
1.17513
1.14713
1.16164
1.13636
1.10558
1.14996
1.14573
1.11163
1.15268
1.15177
1.12172
1.28868
1.13628
1.17691
1.14489
1.23752
1.12856
1.14281
1.12712
1.18567
1.14883
1.18032
1.19374
1.1965
1.09669
1.19068
1.16815
1.14176
1.12632
1.16853
1.128
1.22636
1.25175
1.11354
1.16564
1.14936
1.12469
1.16295
1.09225
1.10815
1.12331
1.16724
1.12065
1.13474
1.13493
1.09792
1.12488
1.15911
1.31296
1.16635
1.18743
1.14647
1.12953
1.15987
1.28289
1.10744
1.14536
1.1907
1.14994
1.15872
1.18339
1.1667
1.10738
1.15177
1.11429
1.16923
1.16713
1.19617
1.14387
1.15659
1.097
1.15071
1.1842
1.13804
1.14425
1.17543
1.16856
1.1719
1.09463
1.18778
1.19682
1.09829
1.11864
1.1443
1.14497
1.1385
1.09313
1.15082
1.15051
1.1629
1.16552
1.10755
1.15784
1.09177
1.14766
1.15486
1.20097
1.1542
1.16883
1.13019
1.16619
1.1825
1.15045
1.1347
1.16657
1.16771
1.14794
1.12801
1.15717
1.18959
1.14963
1.11209
1.09571
1.1445
1.13758
1.11652
1.15424
1.1267
1.11469
1.14432
1.15287
1.21018
1.11622
1.16624
1.22141
1.17397
1.1935
1.12593
1.19617
1.10606
1.09619
1.1478
1.13042
1.17738
1.13635
1.16668
1.15804
1.18558
1.13318
1.20962
1.09258
1.20468
1.18828
1.09111
1.25258
1.16151
1.14447
1.16064
1.15779
1.18102
1.18367
1.15004
1.09361
1.18489
1.17772
1.10507
1.16235
1.22434
1.1685
1.11592
1.17223
1.1022
1.13132
1.17101
1.1364
1.10879
1.18236
1.10581
1.09084
1.19264
1.13756
1.14935
1.14128
1.18312
1.16098
1.16038
1.1778
1.17095
1.12624
1.09539
1.15146
1.10908
1.12792
1.11541
1.16923
1.16122
1.1123
1.16417
1.19049
1.12854
1.13365
1.12754
1.17001
1.11632
1.29554
1.09552
1.09751
1.1734
1.11447
1.13952
1.15699
1.11041
1.22313
1.18642
1.1035
1.10593
1.09085
1.15944
1.14558
1.20147
1.15524
1.12182
1.10609
1.1526
1.18175
1.22442
1.19957
1.11711
1.16711
1.27184
1.16389
1.10457
1.09828
1.13773
1.26243
1.14382
1.17155
1.16051
1.17031
1.14534
1.22925
1.21298
1.12728
1.14127
1.14209
1.12579
1.14873
1.14529
1.20454
1.11761
1.20245
1.26027
1.16709
1.13174
1.14506
1.13937
1.16251
1.10277
1.14081
1.13775
1.09608
1.20205
1.18845
1.11639
1.14353
1.09636
1.26926
1.16353
1.17863
1.11814
1.17619
1.16908
1.12568
1.16515
1.17905
1.15762
1.18174
1.19262
1.11174
1.24919
1.16074
1.11639
1.09427
1.16522
1.11371
1.12196
1.13173
1.14946
1.14826
1.17063
1.20985
1.21887
1.13177
1.14623
1.17518
1.15072
1.1649
1.18891
1.11396
1.13165
1.11805
1.12954
1.2019
1.13061
1.16703
1.16991
1.11516
1.18076
1.19853
1.0987
1.19302
1.14889
1.19087
1.1504
1.14335
1.16251
1.14421
1.15943
1.25065
1.16293
1.10255
1.09148
1.15743
1.15513
1.16118
1.13115
1.16868
1.10008
1.15489
1.14068
1.14335
1.18278
1.14014
1.11522
1.1361
1.18383
1.21216
1.22441
1.15993
1.20317
1.18003
1.10732
1.15708
1.14615
1.22291
1.15662
1.15943
1.1707
1.16159
1.10034
1.16106
1.14952
1.14705
1.13356
1.14533
1.13564
1.14719
1.11229
1.09221
1.15691
1.09266
1.18098
1.14339
1.22561
1.12525
1.13969
1.14589
1.15421
1.15913
1.29406
1.17898
1.15018
1.19486
1.21102
1.23575
1.20758
1.19235
1.11409
1.14674
1.14265
1.12094
1.11052
1.11104
1.14633
1.1339
1.10506
1.14792
1.16131
1.12222
1.1033
1.15398
1.10089
1.19049
1.17161
1.10193
1.10145
1.16639
1.12849
1.1039
1.1511
1.14066
1.17
1.15002
1.11165
1.17256
1.1158
1.16152
1.12265
1.09452
1.18665
1.14785
1.09733
1.23853
1.14846
1.17173
1.16861
1.15224
1.13491
1.18157
1.11078
1.11928
1.1515
1.15277
1.20112
1.11826
1.13587
1.09219
1.19559
1.14835
1.18813
1.14462
1.11674
1.15312
1.15392
1.09647
1.18141
1.20146
1.14193
1.18017
1.15675
1.1828
1.12353
1.13687
1.14598
1.19144
1.12378
1.10963
1.0968
1.13009
1.11189
1.13532
1.11833
1.16522
1.14202
1.10205
1.16745
1.13297
1.17458
1.10669
1.15944
1.13516
1.17771
1.17414
1.15139
1.15246
1.16989
1.1333
1.14799
1.21695
1.18136
1.17723
1.11445
1.09494
1.12637
1.17963
1.1523
1.11542
1.19663
1.16407
1.15232
1.16124
1.1849
1.10563
1.15066
1.12787
1.1273
1.14793
1.11621
1.16621
1.14055
1.19634
1.14738
1.09558
1.13418
1.09009
1.15803
1.13383
1.16018
1.18261
1.15313
1.15901
1.16452
1.20624
1.12984
1.18359
1.16392
1.13535
1.18857
1.14563
1.17024
1.11446
1.1985
1.16968
1.18102
1.14852
1.10382
1.13283
1.17496
1.20324
1.24811
1.10822
1.18983
1.13745
1.12551
1.10135
1.13579
1.18052
1.10122
1.13799
1.16551
1.15312
1.15447
1.16137
1.15082
1.15121
1.09208
1.16828
1.17949
1.14186
1.18309
1.10153
1.13971
1.1117
1.13544
1.16233
1.09692
1.16183
1.12739
1.15008
1.10088
1.15696
1.17123
1.11797
1.15011
1.17517
1.12893
1.18447
1.15115
1.1501
1.17594
1.12076
1.17516
1.17221
1.13459
1.13377
1.14948
1.09381
1.11811
1.16662
1.14286
1.17109
1.18669
1.10622
1.15166
1.10112
1.15706
1.1145
1.10362
1.12576
1.1477
1.18574
1.10409
1.25502
1.12721
1.20918
1.12662
1.12743
1.11725
1.14209
1.1602
1.17237
1.2304
1.11925
1.13919
1.13099
1.18621
1.17927
1.17529
1.19844
1.1281
1.17901
1.17765
1.18111
1.1516
1.23986
1.15475
1.1245
1.14302
1.21296
1.17531
1.14123
1.17598
1.15104
1.15525
1.1601
1.16216
1.13241
1.13277
1.13272
1.14051
1.17205
1.16867
1.11394
1.15045
1.16039
1.09715
1.19555
1.1437
1.1449
1.15744
1.18227
1.1322
1.12377
1.09537
1.1658
1.18295
1.18603
1.12788
1.103
1.18129
1.10117
1.18644
1.1305
1.15102
1.16403
1.13472
1.12689
1.16885
1.16434
1.20013
1.17091
1.11744
1.15833
1.14668
1.12407
1.19151
1.14492
1.16696
1.14985
1.1462
1.18246
1.09533
1.17634
1.10214
1.12267
1.10662
1.18769
1.13987
1.11995
1.09191
1.10483
1.17511
1.17098
1.16075
1.16415
1.12096
1.11063
1.13934
1.1018
1.16543
1.09768
1.1913
1.18919
1.09597
1.15008
1.19743
1.14589
1.21566
1.1561
1.17745
1.17809
1.12618
1.15842
1.17383
1.14618
1.12607
1.15115
1.17199
1.11378
1.19885
1.15797
1.19438
1.16273
1.17141
1.15087
1.22638
1.16363
1.15841
1.12545
1.15835
1.12038
1.14794
1.13782
1.14378
1.14715
1.11425
1.15019
1.12131
1.15238
1.1665
1.11435
1.15332
1.27976
1.14785
1.09281
1.19524
1.15415
1.11741
1.1965
1.21324
1.22111
1.19827
1.1821
1.16014
1.10967
1.14809
1.12936
1.20934
1.17152
1.1195
1.14233
1.18269
1.15667
1.18295
1.11796
1.10934
1.09445
1.09764
1.16619
1.17233
1.16674
1.19813
1.13847
1.13213
1.11045
1.12008
1.17231
1.16176
1.24795
1.11212
1.15347
1.11681
1.15582
1.10646
1.09336
1.17368
1.14221
1.17595
1.12965
1.12172
1.18068
1.19611
1.16005
1.16421
1.13573
1.1702
1.1875
1.14858
1.19659
1.16762
1.29657
1.15684
1.15559
1.15163
1.13516
1.17825
1.13051
1.15855
1.10324
1.18618
1.14565
1.16853
1.11685
1.1641
1.15183
1.17217
1.11777
1.10996
1.09654
1.12038
1.14268
1.11514
1.16337
1.23249
1.21112
1.14896
1.12555
1.14098
1.14163
1.15731
1.10052
1.16107
1.16726
1.13877
1.09829
1.11934
1.12468
1.1629
1.14914
1.15989
1.13871
1.16131
1.24741
1.15738
1.09591
1.16245
1.15862
1.12601
1.16182
1.16556
1.11181
1.18625
1.15445
1.13292
1.14048
1.15707
1.15489
1.10638
1.09835
1.14744
1.17883
1.18033
1.24141
1.21936
1.11841
1.14799
1.17591
1.22672
1.1126
1.12128
1.12074
1.15094
1.14368
1.13161
1.17008
1.14637
1.14933
1.14583
1.1491
1.0934
1.14123
1.15371
1.10184
1.11522
1.16464
1.15523
1.13156
1.20154
1.10903
1.13398
1.20344
1.11449
1.11749
1.2844
1.11862
1.16347
1.16777
1.16723
1.14299
1.16034
1.17602
1.12634
1.09873
1.12996
1.21652
1.17344
1.16263
1.10037
1.16688
1.14415
1.22226
1.15017
1.10078
1.12642
1.12016
1.11834
1.18548
1.11417
1.14187
1.15699
1.11559
1.17693
1.13717
1.11217
1.2244
1.19763
1.13016
1.18578
1.11209
1.17133
1.13532
1.17537
1.16408
1.17641
1.13308
1.12949
1.11218
1.1659
1.18954
1.29149
1.13593
1.21456
1.10426
1.20246
1.14448
1.15503
1.15478
1.15821
1.16632
1.11724
1.14449
1.13558
1.15674
1.17922
1.01908
1.01535
1.05326
1.03324
1.00076
1.00431
1.02861
1.01384
1.05445
1.02928
1.03433
1.11312
1.08126
1.02056
1.07937
1.00452
1.02152
1.02523
1.014
1.00405
1.05161
1.00734
1.0884
1.03493
1.02255
1.00215
1.02623
1.00655
1.09426
1.01256
1.05139
1.05551
1.00689
1.01761
1.01465
1.00169
1.00686
1.03303
1.03214
1.0293
1.06227
1.00974
1.00739
1.05402
1.06342
1.05144
1.03768
1.04796
1.03104
1
1.01169
1.05444
1.0191
1.01127
1.05355
1.02356
1.00936
1.06399
1.0008
1.00944
1.02912
1.00751
1.0196
1.04473
1.06253
1.04263
1.0047
1.00399
1.02619
1.01504
1.02727
1.01057
1.05345
1.01217
1.01425
1.04054
1.0591
1.01721
1.02131
1.02763
1.00892
1.03357
1.04509
1.01806
1.04994
1.01857
1.02571
1.14852
1.02074
1.06724
1.02284
1.04172
1.00001
1.05524
1.00143
1.05417
1.02007
1.04199
1.07652
1.05746
1.00381
1.06172
1.02352
1.03017
1.01707
1.06237
1.00128
1.10302
1.11237
1.00654
1.05507
1.01965
1.01522
1.05962
1.0006
1.00995
1.02138
1.06311
1.01902
1.02726
1.02384
1.00455
1.0255
1.0346
1.01036
1.05414
1.07925
1.02799
1.01401
1.03841
1.15377
1.00513
1.03412
1.02397
1.04435
1.03093
1.07143
1.03142
1.01033
1.02124
1.01144
1.04795
1.01329
1.03145
1.00977
1.0166
1.00195
1.04998
1.05686
1.00807
1.01308
1.04602
1.06068
1.06305
1
1.0108
1.059
1.00448
1.02094
1.02645
1.00241
1.02294
1.00083
1.03423
1.01209
1.01756
1.0218
1.00692
1.03924
1.00037
1.01828
1.03959
1.08127
1.02004
1.03875
1.02949
1.04955
1.04402
1.02252
1.00958
1.02988
1.04937
1.04569
1.0312
1.03716
1.07004
1.04613
1.01271
1.00288
1.03322
1.03811
1.01233
1.05179
1.00258
1.0124
1.03115
1.02635
1.08464
1.02192
1.02344
1.09384
1.0414
1.07669
1.02561
1.078
1.00729
1.00181
1.03143
1.02593
1.02941
1.02508
1.01933
1.03226
1.07979
1.02039
1.07352
1.00221
1.08576
1.06181
1.00004
1.1339
1.0335
1.01441
1.01986
1.05397
1.04841
1.06966
1.02118
1.00226
1.07072
1.06627
1.01148
1.01534
1.09545
1.02144
1.01443
1.05158
1.00569
1.02308
1.01238
1.04291
1.00449
1.06823
1.00487
1.00005
1.07953
1.02695
1.0355
1.03649
1.0736
1.06649
1.05285
1.0623
1.05806
1.01844
1.00277
1.05159
1.00527
1.01559
1.01776
1.03665
1.01531
1.01425
1.03648
1.05683
1.02933
1.00895
1.02438
1.00753
1.02503
1.16216
1.00286
1.00199
1.00844
1.0159
1.00281
1.00207
1.00785
1.10535
1.02476
1.00894
1.01237
1.00047
1.0395
1.02759
1.0009
1.03486
1.00595
1.00632
1.0101
1.02082
1.10385
1.04402
1.0114
1.02344
1.17074
1.01903
1.00558
1.00677
1.03035
1.14525
1.0312
1.04131
1.01142
1.03485
1.0079
1.08523
1.07926
1.01784
1.03869
1.02072
1.02098
1.03972
1.03753
1.07516
1.02006
1.08282
1.13837
1.03565
1.02798
1.02864
1.03727
1.06571
1.00805
1.03007
1.02069
1.00262
1.09523
1.07877
1.01908
1.01401
1.00288
1.13301
1.0226
1.0267
1.01533
1.06721
1.04348
1.02186
1.05585
1.04366
1.01067
1.07331
1.07052
1.00489
1.13673
1.01341
1.01875
1.00072
1.02116
1.00877
1.01839
1.01968
1.01489
1.05279
1.0492
1.06946
1.09793
1.03121
1.01472
1.05878
1.024
1.05577
1.07842
1.007
1.01624
1.01716
1.03055
1.0517
1.02697
1.00397
1.0544
1.01552
1.05267
1.08374
1.00447
1.0591
1.0287
1.07623
1.04112
1.03969
1.00428
1.00805
1.03441
1.11696
1.04373
1.00344
1.0003
1.03084
1.0482
1.0555
1.03
1.04688
1.00454
1.04706
1.03274
1.00971
1.02534
1.03845
1.01401
1.00586
1.05588
1.07036
1.10116
1.04168
1.07834
1.0721
1.00693
1.05294
1.02997
1.08206
1.03428
1.04392
1.02627
1.04231
0.999999
1.0276
1.02364
1.0265
1.03602
1.02597
1.03451
1.02136
1.00419
1.0009
1.01658
1.00099
1.03149
1.02602
1.09123
1.02172
1.01533
1.03213
1.04391
1.02001
1.16679
1.04532
1.01798
1.08189
1.09493
1.10971
1.0695
1.06212
1.01205
1.0152
1.01039
1.0219
1.01142
1.01407
1.02164
1.02566
1.00843
1.02196
1.00421
1.00643
1.00966
1.0226
1.00091
1.07569
1.03278
1.00734
1.00334
1.03787
1.0195
1.00939
1.04617
1.00162
1.05473
1.0356
1.0146
1.04766
1.00718
1.00716
1.01214
1.00175
1.06077
1.03699
1.00523
1.10543
1.04955
1.01072
1.06526
1.01385
1.03629
1.0553
1.01548
1.02379
1.05069
1.02016
1.07905
1.03099
1.0359
1.00143
1.04878
1.03813
1.0737
1.02256
1.02056
1.04771
1.01905
1.00198
1.06135
1.08761
1.03068
1.0595
1.03764
1.03003
1.01906
1.01145
1.03316
1.06221
1.02527
1.0144
1.00167
1.02469
1.01402
1.02912
1.01392
1.01249
1.04392
1.00641
1.02265
1.057
1.06227
1.01226
1.05301
1.0332
1.06672
1.05375
1.02778
1.04844
1.0459
1.0311
1.01079
1.00714
1.07159
1.06432
1.0191
1.00256
1.01505
1.05445
1.02192
1.00453
1.06042
1.04055
1.03342
1.05539
1.03719
1.00974
1.04846
1.02854
1.01666
1.0163
1.0072
1.02662
1.03106
1.07319
1.03123
1.00205
1.02403
1.00006
1.04916
1.00938
1.05399
1.06355
1.0449
1.05742
1.05332
1.08522
1.02034
1.04919
1.02644
1.02784
1.01153
1.0213
1.03742
1.01155
1.08222
1.0605
1.0504
1.02671
1.00975
1.00333
1.06186
1.08941
1.12284
1.01287
1.04486
1.0249
1.00738
1.00867
1.02546
1.04395
1.00649
1.02318
1.0526
1.03495
1.04727
1.0435
1.04038
1.01122
1.00027
1.04152
1.05588
1.00475
1.04976
1.00682
1.0088
1.01375
1.02639
1.04588
1.00362
1.02147
1.02359
1.02504
1.00937
1.02439
1.05803
1.00351
1.01472
1.07133
1.01166
1.04283
1.02635
1.04957
1.01994
1.01104
1.06792
1.03349
1.01024
1.03256
1.00479
1.00116
1.00907
1.06228
1.02924
1.02691
1.0686
1.00916
1.02172
1.00592
1.05054
1.00879
1.00863
1.01488
1.03275
1.03198
1.00372
1.11679
1.02233
1.07482
1.01929
1.02454
1.01902
1.00598
1.05078
1.06378
1.10208
1.01272
1.0304
1.01585
1.04004
1.0556
1.00406
1.06917
1.02624
1.04501
1.05854
1.03227
1.04035
1.1139
1.01763
1.01162
1.02512
1.07835
1.06028
1.04076
1.02894
1.03089
1.01659
1.00776
1.05508
1.02656
1.02292
1.03224
1.0144
1.04473
1.06048
1.01622
1.04187
1.0514
1.0008
1.07951
1.02493
1.03299
1.04909
1.07056
1.02553
1.01676
1.00249
1.04134
1.07609
1.07441
1.02781
1.01049
1.02678
1.00682
1.07028
1.0015
1.01486
1.04564
1.01172
1.0217
1.01895
1.04404
1.07602
1.03345
1.01421
1.01247
1.00456
1.01887
1.06273
1.03321
1.04834
1.01091
1.05331
1.06996
1.00232
1.04988
1.00654
1.00994
1.0066
1.07392
1.03903
1.00985
1.00094
1.00665
1.06768
1.04808
1.03712
1.04123
1.05567
1.01361
1.03987
1.00423
1.03227
1.00355
1.04633
1.0299
1.00273
1.01727
1.08385
1.00973
1.07734
1.04411
1.08288
1.02443
1.01437
1.02317
1.06134
1.01839
1.0244
1.0394
1.02994
1.01597
1.08333
1.03989
1.03378
1.02181
1.04245
1.04455
1.11177
1.05592
1.01943
1.02753
1.01796
1.00622
1.04504
1.01547
1.02974
1.00745
1.00585
1.03108
1.02068
1.03965
1.03826
1.00891
1.02609
1.16085
1.01166
1.0011
1.06987
1.01147
1.01704
1.06875
1.07634
1.10181
1.05017
1.07247
1.01273
1.01414
1.04654
1.02749
1.08504
1.05995
1.01159
1.0045
1.07202
1.03791
1.07208
1.00971
1.00986
1.00212
1.00537
1.00498
1.05917
1.01477
1.07851
1.02934
1.00623
1.00421
1.01716
1.05867
1.03921
1.12607
1.01334
1.01192
1.01593
1.05133
1.011
1.00009
1.06695
1.0273
1.07169
1.02133
1.01855
1.04804
1.07185
1.0315
1.00666
1.03293
1.04737
1.04152
1.03354
1.06362
1.05154
1.15118
1.04889
1.04397
1.04933
1.0053
1.03103
1.03001
1.03644
1.00818
1.07198
1.00324
1.06434
1.01464
1.0619
1.03979
1.06681
1.01992
1.0052
1.00233
1.00867
1.04256
1.02088
1.02201
1.09636
1.09269
1.04069
1.01631
1.03959
1.00341
1.02052
1.00698
1.05831
1.04659
1.02371
1.00586
1.01038
1.01536
1.02123
1.02441
1.03989
1.00751
1.03099
1.13269
1.01758
1.00299
1.0479
1.01201
1.02903
1.02856
1.05029
1.00433
1.03403
1.02816
1.01401
1.01809
1.00923
1.03757
1.00405
1.00415
1.02387
1.02667
1.03912
1.12638
1.08636
1.01376
1.03524
1.01367
1.09685
1.01388
1.01327
1.0205
1.00967
1.03198
1.01621
1.02607
1.01486
1.02677
1.03553
1.01927
1.00095
1.04602
1.03807
1.00848
1.01462
1.02008
1.03547
1.02108
1.08214
1.00541
1.02138
1.09379
1.01213
1.01634
1.15962
1.01777
1.04225
1.06183
1.0913
1.0382
1.05143
1.04542
1.0209
1.00202
1.02413
1.06545
1.06673
1.06118
1.00241
1.05619
1.04469
1.09898
1.02455
1.00638
1.02226
1.01516
1.01535
1.02685
1.01586
1.00692
1.04135
1.01914
1.06837
1.02114
1.01045
1.00076
1.08631
1.0006
1.07777
1.01305
1.04536
1.02037
1.04138
1.05768
1.0254
1.02741
1.02631
1.01605
1.01525
1.07965
1.14377
1.03393
1.09747
1.00223
1.06193
1.03922
1.03741
1.02558
1.03673
1.02853
1.01797
1.02079
1.02749
1.01312
1.05443
1.11626
1.01776
1.0605
1.10792
1.00107
1.00444
1.20687
1.02221
1.13102
1.02975
1.03968
1.1948
1.24826
1.10405
1.25678
1.00618
1.02194
1.06665
1.01402
1.0075
1.05442
1.00734
1.16208
1.128
1.17029
1.00244
1.087
1.0077
1.1007
1.06607
1.11646
1.05594
1.00773
1.0204
1.19982
1.00243
1.00558
1.04993
1.08486
1.04436
1.0627
1.01031
1.00906
1.13649
1.07173
1.08244
1.04088
1.05229
1.02979
1
1.06203
1.05399
1.03092
1.05481
1.17667
1.07718
1.04334
1.06337
1.01131
1.0184
1.02947
1.02214
1.02008
1.05105
1.14805
1.04779
1.0047
1.00372
1.03067
1.02392
1.04747
1.07041
1.05878
1.11939
1.15672
1.04391
1.06043
1.12716
1.03185
1.08543
1.0476
1.0764
1.04559
1.01806
1.05079
1.09563
1.02976
1.16666
1.03233
1.18707
1.02557
1.12391
1.02891
1.08671
1.00143
1.06131
1.02007
1.07906
1.07959
1.14689
1.01598
1.07606
1.21121
1.03325
1.02192
1.06408
1.02067
1.32179
1.12633
1.06894
1.05419
1.0538
1.01811
1.06125
1.0006
1.02651
1.01249
1.06437
1.0211
1.10022
1.05091
1.01811
1.02904
1.04156
1.01106
1.11854
1.24782
1.12565
1.01401
1.04017
1.16937
1.02018
1.14034
1.05397
1.04519
1.04237
1.16435
1.02921
1.02417
1.02535
1.01114
1.05968
1.052
1.06889
1.00976
1.01801
1.00248
1.04998
1.425
1.20834
1.23437
1.04641
1.06643
1.07687
1
1.09094
1.06482
1.00791
1.02166
1.09625
1.00178
1.07795
1.00966
1.13546
1.015
1.03977
1.05452
1.00912
1.14231
1.0028
1.02637
1.08103
1.08483
1.02723
1.18185
1.03063
1.13402
1.04513
1.21997
1.01133
1.16099
1.20349
1.04345
1.03123
1.08357
1.07053
1.04893
1.01492
1.00342
1.10476
1.03901
1.03381
1.05241
1.01179
1.04373
1.02072
1.11616
1.0883
1.02287
1.03068
1.25831
1.09053
1.08116
1.03306
1.08266
1.01179
1.00181
1.03647
1.14552
1.05104
1.02445
1.02137
1.03086
1.08344
1.04441
1.07583
1.00448
1.08717
1.15344
1.00004
1.1668
1.03838
1.0157
1.02052
1.05424
1.07472
1.07546
1.1644
1.00047
1.20789
1.14232
1.01155
1.0421
1.11026
1.03129
1.02126
1.34388
1.00951
1.02388
1.05681
1.04564
1.00449
1.06624
1.08247
1.00164
1.21835
1.02981
1.11482
1.03529
1.08494
1.07423
1.15378
1.07928
1.05931
1.04998
1.00413
1.05346
1.01032
1.10238
1.01598
1.05676
1.07021
1.01661
1.25677
1.08035
1.03648
1.17563
1.11076
1.02993
1.02576
1.27637
1.00436
1.04428
1.01893
1.01813
1.00225
1.07354
1.09979
1.1347
1.04829
1.00925
1.01296
1.00605
1.18435
1.03487
1.00103
1.03641
1.12288
1.01002
1.01015
1.0713
1.29903
1.06269
1.00455
1.02477
1.16725
1.0359
1.06541
1.00665
1.03463
1.23358
1.08563
1.06545
1.02089
1.20177
1.00895
1.35804
1.0802
1.02239
1.0584
1.28291
1.12682
1.04096
1.07265
1.50125
1.02144
1.08954
1.24812
1.19982
1.03322
1.03111
1.03823
1.20588
1.01095
1.03193
1.22412
1.00517
1.08083
1.07197
1.02818
1.23519
1.01409
1.29402
1.03462
1.04576
1.06272
1.12145
1.14569
1.21702
1.05248
1.05323
1.01291
1.05462
1.07363
1.00489
1.10307
1.01863
1.01867
1.00059
1.03925
1.02028
1.02228
1.06759
1.06529
1.07683
1.05988
1.25095
1.21086
1.04688
1.16897
1.05493
1.02446
1.0614
1.23347
1.01786
1.08861
1.01716
1.03168
1.05477
1.07782
1.06198
1.05616
1.01687
1.05998
1.08731
1.02666
1.07154
1.03222
1.09558
1.04176
1.06841
1.03939
1.00871
1.10216
1.15144
1.04489
1.00344
1.00104
1.11983
1.05048
1.05556
1.03032
1.24492
1.02568
1.0506
1.04112
1.01037
1.04718
1.05235
1.02107
1.01157
1.34736
1.44427
1.10913
1.1339
1.3732
1.04349
1.01209
1.06478
1.07724
1.14223
1.11532
1.04499
1.03921
1.0428
0.999999
1.03186
1.03293
1.04788
1.03919
1.02841
1.04028
1.01938
1.0476
1.00159
1.01041
1.00099
1.0309
1.03319
1.19215
1.05607
1.17734
1.04454
1.04663
1.01613
1.11409
1.22812
1.01871
1.08592
1.09362
1.12554
1.084
1.07329
1.02247
1.10978
1.08224
1.02558
1.02259
1.02847
1.04816
1.14759
1.02372
1.11087
1.03098
1.02584
1.01092
1.0256
1.00296
1.07494
1.03423
1.00734
1.01977
1.08037
1.01494
1.01132
1.0545
1.00355
1.11253
1.08211
1.01512
1.06038
1.05391
1.00728
1.06044
1.00278
1.06605
1.08191
1.00885
1.11292
1.04967
1.12793
1.07122
1.03572
1.03686
1.05953
1.01499
1.02497
1.07021
1.25079
1.20744
1.02227
1.0376
1.00143
1.19022
1.04317
1.07828
1.17774
1.01807
1.06056
1.0215
1.00871
1.06349
1.09834
1.10542
1.07388
1.0537
1.0586
1.1893
1.18832
1.04374
1.32225
1.02774
1.05588
1.004
1.0262
1.05316
1.14045
1.03672
1.05298
1.04807
1.00631
1.18571
1.05494
1.06919
1.02059
1.05839
1.04135
1.06977
1.05198
1.2832
1.08808
1.23299
1.03345
1.01441
1.00714
1.07483
1.10556
1.02054
1.00769
1.07426
1.09571
1.12064
1.00713
1.061
1.04504
1.03899
1.05786
1.15221
1.00952
1.0492
1.03694
1.01977
1.01672
1.0072
1.02796
1.0367
1.07325
1.08286
1.0021
1.07716
1.00006
1.0536
1.00938
1.05401
1.3009
1.04872
1.05033
1.0748
1.08882
1.02387
1.05587
1.02644
1.03572
1.00996
1.02594
1.03805
1.052
1.05309
1.08366
1.20764
1.02728
1.01018
1.00667
1.09642
1.09211
1.1371
1.01548
1.04486
1.13203
1.00932
1.0098
1.02814
1.01424
1.00973
1.02469
1.09303
1.05085
1.04794
1.04057
1.04297
1.0133
1.00091
1.06828
1.06361
1.00529
1.1082
1.00479
1.01129
1.03978
1.05457
1.09134
1.00985
1.02244
1.0293
1.03981
1.01037
1.05881
1.05976
1.09827
1.22396
1.07335
1.01166
1.0476
1.02927
1.11807
1.03656
1.01104
1.07388
1.05073
1.29932
1.08076
1.39253
1.00043
1.09641
1.06509
1.16276
1.03673
1.09768
1.01209
1.02273
1.00592
1.05198
1.15428
1.05445
1.01947
1.04942
1.05473
1.0129
1.09714
1.04435
1.09438
1.02235
1.10502
1.02447
1.26521
1.05259
1.10402
1.09577
1.01297
1.13379
1.14322
1.16315
1.05889
1.02606
1.06927
1.03237
1.04504
1.13805
1.03227
1.03474
1.2183
1.01954
1.02426
1.02981
1.33508
1.13029
1.04782
1.09367
1.19711
1.04377
1.01331
1.07256
1.0339
1.08829
1.03219
1.18588
1.0479
1.06033
1.01622
1.05651
1.04236
1.0008
1.08247
1.1854
1.03373
1.10669
1.13128
1.03315
1.06749
1.00517
1.09137
1.07961
1.08045
1.05897
1.01198
1.0556
1.00808
1.08037
1.00189
1.09318
1.21254
1.01238
1.06437
1.03317
1.04329
1.1532
1.11474
1.02373
1.02114
1.32128
1.06885
1.0629
1.06741
1.18662
1.26582
1.0576
1.07153
1.00348
1.05024
1.00683
1.0098
1.0066
1.07576
1.04414
1.05377
1.00348
1.02581
1.06809
1.11468
1.16246
1.03884
1.14562
1.01488
1.0413
1.00423
1.45079
1.01178
1.42588
1.02689
1.01872
1.01901
1.0781
1.00973
1.09385
1.13568
1.15829
1.0342
1.0282
1.02542
1.06588
1.3071
1.02369
1.04535
1.04139
1.01677
1.11287
1.04111
1.04312
1.02164
1.05334
1.0597
1.06943
1.11746
1.04422
1.02966
1.01796
1.04978
1.0594
1.01551
1.28702
1.01001
1.00853
1.03323
1.03009
1.05458
1.06568
1.01057
1.05787
1.1929
1.01379
1.0011
1.07452
1.10541
1.04903
1.12445
1.08507
1.14945
1.05626
1.21097
1.01324
1.07678
1.04831
1.0283
1.08898
1.06161
1.03907
1.00458
1.0759
1.17969
1.07027
1.1905
1.01037
1.00496
1.00625
1.07229
1.0633
1.07372
1.074
1.08639
1.11328
1.01091
1.07117
1.06356
1.04333
1.21031
1.01923
1.22429
1.02087
1.05785
1.0173
1.00161
1.07094
1.02757
1.07381
1.02887
1.02436
1.14396
1.08199
1.12998
1.00801
1.0656
1.0902
1.07648
1.05324
1.08687
1.05391
1.17487
1.04804
1.04807
1.05068
1.13005
1.09209
1.02999
1.03783
1.01448
1.1185
1.01267
1.08273
1.01039
1.06646
1.04022
1.06843
1.02667
1.02982
1.00619
1.19882
1.11037
1.02678
1.05185
1.17366
1.10067
1.14165
1.01631
1.06692
1.00828
1.02191
1.01254
1.04022
1.04665
1.23975
1.01133
1.06404
1.02391
1.02011
1.04129
1.1234
1.09619
1.03203
1.18415
1.21303
1.00799
1.08227
1.0326
1.03213
1.04983
1.07234
1.00433
1.0376
1.02901
1.17997
1.02607
1.0115
1.04529
1.01039
1.00691
1.02387
1.03081
1.15542
1.12032
1.0983
1.14104
1.03622
1.10224
1.10064
1.05977
1.09046
1.08038
1.01147
1.14613
1.01487
1.03399
1.11132
1.00949
1.16183
1.01864
1.01029
1.04592
1.1988
1.00907
1.01447
1.02251
1.08832
1.087
1.30264
1.00541
1.02283
1.10036
1.02251
1.01765
1.23775
1.01823
1.04289
1.06272
1.09547
1.04054
1.05154
1.05066
1.05052
1.0074
1.02196
1.06772
1.06746
1.06447
1.029
1.06715
1.05498
1.44766
1.23843
1.00904
1.0284
1.05901
1.03022
1.0631
1.01639
1.00706
1.04375
1.02061
1.15323
1.02677
1.01417
1.00076
1.07694
1.13274
1.22078
1.01903
1.05353
1.02109
1.12887
1.06293
1.03564
1.09568
1.0283
1.01929
1.08383
1.08525
1.52366
1.07562
1.09584
1.01483
1.20765
1.03922
1.06362
1.03154
1.06076
1.06958
1.02402
1.08113
1.02807
1.01939
1.26935
1.11626
1.01776
1.0605
1.10792
1.00107
1.00444
1.20687
1.02221
1.13102
1.02975
1.03968
1.1948
1.24826
1.10405
1.25678
1.00618
1.02194
1.06665
1.01402
1.0075
1.05442
1.00734
1.16208
1.128
1.17029
1.00244
1.087
1.0077
1.1007
1.06607
1.11646
1.05594
1.00773
1.0204
1.19982
1.00243
1.00558
1.04993
1.08486
1.04436
1.0627
1.01031
1.00906
1.13649
1.07173
1.08244
1.04088
1.05229
1.02979
1
1.06203
1.05399
1.03092
1.05481
1.17667
1.07718
1.04334
1.06337
1.01131
1.0184
1.02947
1.02214
1.02008
1.05105
1.14805
1.04779
1.0047
1.00372
1.03067
1.02392
1.04747
1.07041
1.05878
1.11939
1.15672
1.04391
1.06043
1.12716
1.03185
1.08543
1.0476
1.0764
1.04559
1.01806
1.05079
1.09563
1.02976
1.16666
1.03233
1.18707
1.02557
1.12391
1.02891
1.08671
1.00143
1.06131
1.02007
1.07906
1.07959
1.14689
1.01598
1.07606
1.21121
1.03325
1.02192
1.06408
1.02067
1.32179
1.12633
1.06894
1.05419
1.0538
1.01811
1.06125
1.0006
1.02651
1.01249
1.06437
1.0211
1.10022
1.05091
1.01811
1.02904
1.04156
1.01106
1.11854
1.24782
1.12565
1.01401
1.04017
1.16937
1.02018
1.14034
1.05397
1.04519
1.04237
1.16435
1.02921
1.02417
1.02535
1.01114
1.05968
1.052
1.06889
1.00976
1.01801
1.00248
1.04998
1.425
1.20834
1.23437
1.04641
1.06643
1.07687
1
1.09094
1.06482
1.00791
1.02166
1.09625
1.00178
1.07795
1.00966
1.13546
1.015
1.03977
1.05452
1.00912
1.14231
1.0028
1.02637
1.08103
1.08483
1.02723
1.18185
1.03063
1.13402
1.04513
1.21997
1.01133
1.16099
1.20349
1.04345
1.03123
1.08357
1.07053
1.04893
1.01492
1.00342
1.10476
1.03901
1.03381
1.05241
1.01179
1.04373
1.02072
1.11616
1.0883
1.02287
1.03068
1.25831
1.09053
1.08116
1.03306
1.08266
1.01179
1.00181
1.03647
1.14552
1.05104
1.02445
1.02137
1.03086
1.08344
1.04441
1.07583
1.00448
1.08717
1.15344
1.00004
1.1668
1.03838
1.0157
1.02052
1.05424
1.07472
1.07546
1.1644
1.00047
1.20789
1.14232
1.01155
1.0421
1.11026
1.03129
1.02126
1.34388
1.00951
1.02388
1.05681
1.04564
1.00449
1.06624
1.08247
1.00164
1.21835
1.02981
1.11482
1.03529
1.08494
1.07423
1.15378
1.07928
1.05931
1.04998
1.00413
1.05346
1.01032
1.10238
1.01598
1.05676
1.07021
1.01661
1.25677
1.08035
1.03648
1.17563
1.11076
1.02993
1.02576
1.27637
1.00436
1.04428
1.01893
1.01813
1.00225
1.07354
1.09979
1.1347
1.04829
1.00925
1.01296
1.00605
1.18435
1.03487
1.00103
1.03641
1.12288
1.01002
1.01015
1.0713
1.29903
1.06269
1.00455
1.02477
1.16725
1.0359
1.06541
1.00665
1.03463
1.23358
1.08563
1.06545
1.02089
1.20177
1.00895
1.35804
1.0802
1.02239
1.0584
1.28291
1.12682
1.04096
1.07265
1.50125
1.02144
1.08954
1.24812
1.19982
1.03322
1.03111
1.03823
1.20588
1.01095
1.03193
1.22412
1.00517
1.08083
1.07197
1.02818
1.23519
1.01409
1.29402
1.03462
1.04576
1.06272
1.12145
1.14569
1.21702
1.05248
1.05323
1.01291
1.05462
1.07363
1.00489
1.10307
1.01863
1.01867
1.00059
1.03925
1.02028
1.02228
1.06759
1.06529
1.07683
1.05988
1.25095
1.21086
1.04688
1.16897
1.05493
1.02446
1.0614
1.23347
1.01786
1.08861
1.01716
1.03168
1.05477
1.07782
1.06198
1.05616
1.01687
1.05998
1.08731
1.02666
1.07154
1.03222
1.09558
1.04176
1.06841
1.03939
1.00871
1.10216
1.15144
1.04489
1.00344
1.00104
1.11983
1.05048
1.05556
1.03032
1.24492
1.02568
1.0506
1.04112
1.01037
1.04718
1.05235
1.02107
1.01157
1.34736
1.44427
1.10913
1.1339
1.3732
1.04349
1.01209
1.06478
1.07724
1.14223
1.11532
1.04499
1.03921
1.0428
0.999999
1.03186
1.03293
1.04788
1.03919
1.02841
1.04028
1.01938
1.0476
1.00159
1.01041
1.00099
1.0309
1.03319
1.19215
1.05607
1.17734
1.04454
1.04663
1.01613
1.11409
1.22812
1.01871
1.08592
1.09362
1.12554
1.084
1.07329
1.02247
1.10978
1.08224
1.02558
1.02259
1.02847
1.04816
1.14759
1.02372
1.11087
1.03098
1.02584
1.01092
1.0256
1.00296
1.07494
1.03423
1.00734
1.01977
1.08037
1.01494
1.01132
1.0545
1.00355
1.11253
1.08211
1.01512
1.06038
1.05391
1.00728
1.06044
1.00278
1.06605
1.08191
1.00885
1.11292
1.04967
1.12793
1.07122
1.03572
1.03686
1.05953
1.01499
1.02497
1.07021
1.25079
1.20744
1.02227
1.0376
1.00143
1.19022
1.04317
1.07828
1.17774
1.01807
1.06056
1.0215
1.00871
1.06349
1.09834
1.10542
1.07388
1.0537
1.0586
1.1893
1.18832
1.04374
1.32225
1.02774
1.05588
1.004
1.0262
1.05316
1.14045
1.03672
1.05298
1.04807
1.00631
1.18571
1.05494
1.06919
1.02059
1.05839
1.04135
1.06977
1.05198
1.2832
1.08808
1.23299
1.03345
1.01441
1.00714
1.07483
1.10556
1.02054
1.00769
1.07426
1.09571
1.12064
1.00713
1.061
1.04504
1.03899
1.05786
1.15221
1.00952
1.0492
1.03694
1.01977
1.01672
1.0072
1.02796
1.0367
1.07325
1.08286
1.0021
1.07716
1.00006
1.0536
1.00938
1.05401
1.3009
1.04872
1.05033
1.0748
1.08882
1.02387
1.05587
1.02644
1.03572
1.00996
1.02594
1.03805
1.052
1.05309
1.08366
1.20764
1.02728
1.01018
1.00667
1.09642
1.09211
1.1371
1.01548
1.04486
1.13203
1.00932
1.0098
1.02814
1.01424
1.00973
1.02469
1.09303
1.05085
1.04794
1.04057
1.04297
1.0133
1.00091
1.06828
1.06361
1.00529
1.1082
1.00479
1.01129
1.03978
1.05457
1.09134
1.00985
1.02244
1.0293
1.03981
1.01037
1.05881
1.05976
1.09827
1.22396
1.07335
1.01166
1.0476
1.02927
1.11807
1.03656
1.01104
1.07388
1.05073
1.29932
1.08076
1.39253
1.00043
1.09641
1.06509
1.16276
1.03673
1.09768
1.01209
1.02273
1.00592
1.05198
1.15428
1.05445
1.01947
1.04942
1.05473
1.0129
1.09714
1.04435
1.09438
1.02235
1.10502
1.02447
1.26521
1.05259
1.10402
1.09577
1.01297
1.13379
1.14322
1.16315
1.05889
1.02606
1.06927
1.03237
1.04504
1.13805
1.03227
1.03474
1.2183
1.01954
1.02426
1.02981
1.33508
1.13029
1.04782
1.09367
1.19711
1.04377
1.01331
1.07256
1.0339
1.08829
1.03219
1.18588
1.0479
1.06033
1.01622
1.05651
1.04236
1.0008
1.08247
1.1854
1.03373
1.10669
1.13128
1.03315
1.06749
1.00517
1.09137
1.07961
1.08045
1.05897
1.01198
1.0556
1.00808
1.08037
1.00189
1.09318
1.21254
1.01238
1.06437
1.03317
1.04329
1.1532
1.11474
1.02373
1.02114
1.32128
1.06885
1.0629
1.06741
1.18662
1.26582
1.0576
1.07153
1.00348
1.05024
1.00683
1.0098
1.0066
1.07576
1.04414
1.05377
1.00348
1.02581
1.06809
1.11468
1.16246
1.03884
1.14562
1.01488
1.0413
1.00423
1.45079
1.01178
1.42588
1.02689
1.01872
1.01901
1.0781
1.00973
1.09385
1.13568
1.15829
1.0342
1.0282
1.02542
1.06588
1.3071
1.02369
1.04535
1.04139
1.01677
1.11287
1.04111
1.04312
1.02164
1.05334
1.0597
1.06943
1.11746
1.04422
1.02966
1.01796
1.04978
1.0594
1.01551
1.28702
1.01001
1.00853
1.03323
1.03009
1.05458
1.06568
1.01057
1.05787
1.1929
1.01379
1.0011
1.07452
1.10541
1.04903
1.12445
1.08507
1.14945
1.05626
1.21097
1.01324
1.07678
1.04831
1.0283
1.08898
1.06161
1.03907
1.00458
1.0759
1.17969
1.07027
1.1905
1.01037
1.00496
1.00625
1.07229
1.0633
1.07372
1.074
1.08639
1.11328
1.01091
1.07117
1.06356
1.04333
1.21031
1.01923
1.22429
1.02087
1.05785
1.0173
1.00161
1.07094
1.02757
1.07381
1.02887
1.02436
1.14396
1.08199
1.12998
1.00801
1.0656
1.0902
1.07648
1.05324
1.08687
1.05391
1.17487
1.04804
1.04807
1.05068
1.13005
1.09209
1.02999
1.03783
1.01448
1.1185
1.01267
1.08273
1.01039
1.06646
1.04022
1.06843
1.02667
1.02982
1.00619
1.19882
1.11037
1.02678
1.05185
1.17366
1.10067
1.14165
1.01631
1.06692
1.00828
1.02191
1.01254
1.04022
1.04665
1.23975
1.01133
1.06404
1.02391
1.02011
1.04129
1.1234
1.09619
1.03203
1.18415
1.21303
1.00799
1.08227
1.0326
1.03213
1.04983
1.07234
1.00433
1.0376
1.02901
1.17997
1.02607
1.0115
1.04529
1.01039
1.00691
1.02387
1.03081
1.15542
1.12032
1.0983
1.14104
1.03622
1.10224
1.10064
1.05977
1.09046
1.08038
1.01147
1.14613
1.01487
1.03399
1.11132
1.00949
1.16183
1.01864
1.01029
1.04592
1.1988
1.00907
1.01447
1.02251
1.08832
1.087
1.30264
1.00541
1.02283
1.10036
1.02251
1.01765
1.23775
1.01823
1.04289
1.06272
1.09547
1.04054
1.05154
1.05066
1.05052
1.0074
1.02196
1.06772
1.06746
1.06447
1.029
1.06715
1.05498
1.44766
1.23843
1.00904
1.0284
1.05901
1.03022
1.0631
1.01639
1.00706
1.04375
1.02061
1.15323
1.02677
1.01417
1.00076
1.07694
1.13274
1.22078
1.01903
1.05353
1.02109
1.12887
1.06293
1.03564
1.09568
1.0283
1.01929
1.08383
1.08525
1.52366
1.07562
1.09584
1.01483
1.20765
1.03922
1.06362
1.03154
1.06076
1.06958
1.02402
1.08113
1.02807
1.01939
1.26935
0.682709
0.661861
0.660507
0.700795
0.680487
0.639659
