0.656325
0.652985
0.609523
0.621253
1.12423
0.799113
0.878694
0.666072
0.428379
0.524626
0.468881
0.421091
1.03156
0.863851
1.12646
0.705754
0.311816
0.992255
0.991616
0.720518
1.44148
0.559877
0.615241
0.771264
0.60444
1.25593
1.54106
0.839095
1.13855
0.580521
1.29749
0.696749
0.812948
0.731933
0.490607
0.94547
0.403456
0.838292
0.805723
1.4462
1.25108
0.793884
0.431587
0.462799
0.468857
0.452953
0.859813
0.653055
1.67236
2.20938
0.292862
0.379467
0.80176
1.15359
0.865624
0.518735
0.508937
0.569992
2.39535
0.726799
1.13258
0.480189
1.07999
0.424851
0.867484
0.541588
1.54673
0.615689
0.669547
0.932044
0.782638
0.434008
0.740486
0.764746
0.420912
0.442922
0.520676
1.36695
0.467151
0.437532
1.02662
1.07242
0.974689
1.17599
0.930381
0.916921
0.555141
1.05339
0.458834
0.271648
0.266445
1.10844
1.12533
0.922497
1.28011
0.671021
0.456539
0.680794
0.478242
0.486499
0.534048
1.21539
0.870646
1.01202
0.93967
0.761204
1.50621
0.821338
0.491399
0.689752
2.60204
0.381811
1.42114
2.16346
0.844087
1.4285
1.12423
0.799113
0.878694
0.666072
0.428379
0.524626
0.468881
0.421091
1.03156
0.863851
1.12646
0.705754
0.311816
0.992255
0.991616
0.720518
1.44148
0.559877
0.615241
0.771264
0.60444
1.25593
1.54106
0.839095
1.13855
0.580521
1.29749
0.696749
0.812948
0.731933
0.490607
0.94547
0.403456
0.838292
0.805723
1.4462
1.25108
0.793884
0.431587
0.462799
0.468857
0.452953
0.859813
0.653055
1.67236
2.20938
0.292862
0.379467
0.80176
1.15359
0.865624
0.518735
0.508937
0.569992
2.39535
0.726799
1.13258
0.480189
1.07999
0.424851
0.867484
0.541588
1.54673
0.615689
0.669547
0.932044
0.782638
0.434008
0.740486
0.764746
0.420912
0.442922
0.520676
1.36695
0.467151
0.437532
1.02662
1.07242
0.974689
1.17599
0.930381
0.916921
0.555141
1.05339
0.458834
0.271648
0.266445
1.10844
1.12533
0.922497
1.28011
0.671021
0.456539
0.680794
0.478242
0.486499
0.534048
1.21539
0.870646
1.01202
0.93967
0.761204
1.50621
0.821338
0.491399
0.689752
2.60204
0.381811
1.42114
2.16346
0.844087
1.4285
0.485169
0.558165
0.288586
0.239113
0.23918
0.239027
0.239037
