233
327
268
294
316
269
274
289
302
205
439
280
281
263
336
248
334
276
194
257
213
275
237
262
376
313
304
257
349
263
343
257
370
318
322
325
298
231
272
301
367
342
314
276
294
277
281
399
319
248
274
292
375
483
302
247
279
360
349
303
296
226
288
279
338
297
307
218
334
247
293
255
266
323
285
331
255
379
278
294
629
287
268
313
331
361
296
337
331
334
250
342
298
399
289
305
362
368
346
288
331
361
228
257
360
235
258
306
306
273
219
297
274
316
218
290
289
276
350
285
411
281
322
282
298
281
307
260
265
248
270
389
277
231
341
242
318
286
304
229
307
319
212
275
465
380
388
283
364
319
309
258
296
291
231
291
273
216
239
239
334
290
394
273
342
377
402
218
217
247
308
339
240
233
426
285
262
298
312
310
293
273
322
256
329
257
248
270
309
275
307
316
277
227
339
325
281
305
314
252
244
259
340
288
262
293
285
299
369
248
286
317
284
386
291
233
326
272
260
255
243
314
330
331
347
351
319
320
408
340
289
363
411
472
293
336
291
311
314
260
383
322
296
273
314
237
283
241
238
277
333
313
365
297
336
339
286
303
224
226
345
322
356
273
376
274
289
279
257
285
317
332
299
268
494
351
410
279
357
245
390
337
282
286
286
258
254
275
424
223
199
334
286
276
275
216
364
345
240
303
370
300
308
329
358
228
243
374
364
232
305
336
313
241
241
272
379
237
329
367
366
440
247
235
249
283
346
265
344
265
293
346
332
313
360
193
263
279
257
252
303
249
287
332
347
270
286
245
260
412
309
280
198
305
246
298
289
539
226
301
284
267
581
330
267
315
295
282
315
270
279
261
219
330
390
309
341
366
351
384
293
284
312
335
331
334
271
263
313
248
296
239
256
215
264
252
237
328
322
193
361
293
290
267
258
324
361
335
299
367
340
333
264
306
276
443
288
254
292
254
347
360
316
314
309
297
327
259
291
227
283
317
347
270
327
249
349
286
251
235
304
275
228
402
307
257
367
300
290
276
294
346
318
209
320
302
305
237
298
282
307
243
296
285
338
365
336
358
266
250
263
291
280
250
266
357
289
336
251
210
292
262
297
213
234
268
259
260
260
212
285
360
293
243
307
288
269
302
298
286
299
294
259
367
267
339
294
316
317
326
307
362
326
278
365
211
309
282
318
260
377
394
361
246
265
330
424
368
289
282
261
302
271
306
334
241
362
361
314
296
353
273
322
260
420
303
247
381
244
321
268
313
346
272
272
472
279
420
260
214
282
317
253
253
342
320
254
326
272
265
298
299
258
341
275
324
256
292
293
289
361
254
239
208
305
291
249
350
324
233
358
352
285
304
346
285
310
267
306
288
241
214
302
271
261
295
287
293
266
260
254
339
340
344
400
326
287
372
313
329
286
373
384
247
301
319
303
287
238
369
297
214
328
314
258
327
249
337
282
332
320
272
294
365
321
242
306
274
243
295
275
303
302
275
313
273
229
272
268
288
272
326
287
363
308
280
261
379
235
228
355
318
249
351
300
290
212
328
320
362
288
309
327
299
292
198
398
330
337
367
250
363
254
279
327
283
320
276
260
185
356
202
271
308
199
275
309
242
251
289
320
359
274
220
205
235
307
308
354
308
286
330
354
315
238
307
232
288
242
301
223
286
304
240
288
317
339
312
309
346
275
345
222
259
251
287
240
282
315
295
279
322
325
358
257
332
374
307
278
278
345
290
371
310
386
266
257
268
343
326
296
306
263
287
231
349
290
254
328
304
262
208
313
296
169
222
257
317
372
291
300
269
241
358
305
265
268
277
346
297
333
263
364
524
286
295
327
264
275
267
326
336
339
293
229
251
330
302
315
284
300
348
263
286
297
254
288
273
295
231
234
292
360
356
297
311
368
299
268
292
279
263
231
366
251
255
255
309
295
278
293
247
259
190
244
250
313
269
320
238
216
297
262
325
260
346
255
250
312
287
277
295
282
235
303
242
276
309
323
257
278
351
421
408
299
258
251
339
312
364
349
240
271
312
257
264
239
274
296
334
327
308
305
285
220
274
338
264
246
280
211
245
325
261
296
309
307
322
331
262
372
330
524
305
342
281
276
266
363
276
221
301
330
318
304
218
336
250
378
355
383
226
264
312
315
496
308
285
330
395
330
265
329
264
301
268
352
224
320
242
251
254
320
328
291
241
381
240
313
277
227
257
247
359
300
260
496
315
225
282
260
291
349
299
278
259
279
319
290
295
241
281
337
309
241
378
262
468
444
334
308
279
364
273
311
319
323
281
341
362
334
290
360
335
279
328
312
316
319
282
244
323
256
377
310
274
327
367
254
324
310
378
300
301
351
319
345
303
250
345
334
356
348
332
281
315
321
360
343
300
308
324
324
298
288
351
298
323
352
259
331
365
278
358
308
256
307
326
170
334
260
314
307
360
343
305
358
329
298
325
328
200
350
324
299
306
339
257
341
314
369
290
299
324
195
334
293
319
249
223
218
345
369
313
261
263
349
303
242
372
312
365
317
349
309
332
281
284
347
307
338
312
306
238
270
308
327
318
288
366
219
323
354
313
339
350
295
331
296
318
292
321
212
330
314
312
329
324
323
303
305
305
372
301
315
290
272
305
328
303
328
347
322
296
258
327
331
330
338
356
363
335
257
368
346
345
315
331
340
356
238
302
266
292
336
387
313
196
380
316
333
323
319
250
312
328
323
325
327
185
323
365
339
314
308
275
324
318
300
323
361
354
320
254
305
323
336
309
301
315
319
359
213
232
353
298
308
383
239
325
277
337
356
314
309
307
319
361
308
383
285
336
339
320
267
360
322
350
338
336
228
313
329
234
270
302
355
346
341
262
321
338
281
292
287
347
298
335
202
319
305
309
314
291
319
248
291
306
325
258
328
346
303
307
322
362
340
254
282
313
289
316
316
344
294
246
270
287
225
332
323
302
311
314
307
359
301
324
332
313
271
326
292
407
279
308
276
305
354
301
272
347
279
357
353
314
335
295
337
363
279
295
317
326
303
365
337
260
281
223
347
297
333
309
358
337
286
323
254
324
276
334
339
180
338
350
294
303
282
351
324
334
305
334
291
343
323
344
275
287
317
351
324
334
303
373
282
353
351
322
254
323
348
340
293
360
336
155
293
309
334
343
314
237
292
324
298
295
312
321
296
317
328
300
195
307
325
292
349
302
218
351
332
360
298
307
282
337
315
324
323
287
299
319
316
377
201
338
313
266
272
318
323
366
319
302
338
324
342
213
334
324
167
315
294
323
275
241
319
275
297
330
336
220
323
284
324
300
337
345
290
365
337
330
292
363
308
332
349
230
289
324
287
266
348
367
312
357
364
287
302
289
337
355
303
357
360
344
331
258
305
292
352
311
212
291
308
357
332
338
265
350
323
301
340
311
319
355
330
365
293
283
326
324
361
311
299
322
241
265
340
356
350
333
341
294
264
324
300
306
387
312
361
224
280
344
345
312
356
322
274
335
319
351
337
308
293
334
331
314
298
383
344
280
332
312
285
275
314
297
285
279
348
286
297
332
309
368
320
276
281
307
337
309
292
285
302
341
287
324
321
387
325
375
262
360
355
321
334
327
329
323
307
318
335
309
292
308
303
306
334
314
257
336
354
324
318
270
319
239
376
344
227
308
266
307
321
270
311
293
345
330
334
239
201
323
306
308
358
334
278
284
345
304
309
347
333
322
343
367
234
312
289
371
306
343
292
320
342
314
355
292
319
326
269
276
288
261
380
307
367
332
250
318
307
315
359
348
292
371
335
327
354
309
255
356
264
285
296
219
329
312
289
324
399
347
303
356
307
371
317
334
319
324
272
320
329
340
207
343
309
357
333
311
394
265
207
360
302
357
325
316
308
294
366
324
303
345
318
318
343
291
362
324
301
340
296
296
242
298
309
365
308
351
308
366
284
305
334
280
315
279
270
338
355
324
339
357
155
324
324
320
343
315
293
276
243
302
292
344
293
346
315
317
306
310
334
279
335
335
318
311
334
310
294
269
324
308
334
343
324
288
307
361
324
313
319
293
342
321
291
311
227
276
286
346
308
334
338
296
311
223
335
330
350
321
276
281
218
334
267
302
291
293
358
295
309
305
309
342
318
334
341
304
371
285
318
287
279
334
304
329
219
323
312
329
302
336
354
362
330
270
302
307
326
344
317
319
355
310
319
341
365
360
351
265
327
365
265
339
315
339
325
333
272
361
325
294
323
300
294
358
355
348
291
303
295
330
299
252
321
292
352
329
295
324
361
350
288
334
300
154
359
345
259
307
313
272
317
290
335
296
350
323
281
253
296
311
321
335
355
302
292
268
308
348
277
329
352
292
344
290
337
347
303
279
304
317
323
324
335
307
346
339
314
383
313
373
336
344
290
317
199
293
414
335
323
374
297
339
341
293
358
351
315
339
309
324
273
376
206
329
356
353
298
387
308
276
341
353
345
324
317
334
308
306
366
288
316
353
296
352
361
313
305
314
332
319
318
281
252
331
295
272
323
313
344
362
381
313
161
172
216
172
161
172
193
150
183
182
172
150
183
205
139
160
150
172
171
161
160
172
149
171
172
139
159
204
139
161
182
182
161
150
183
172
183
172
170
183
171
172
183
182
150
183
160
182
183
150
161
161
172
182
172
172
192
171
172
149
183
216
161
172
194
128
172
160
139
205
172
182
183
193
172
172
192
172
161
161
183
204
182
194
150
172
194
160
172
150
182
171
161
150
138
171
161
172
139
150
139
183
194
183
172
138
182
238
139
204
182
215
172
172
205
150
150
171
194
193
172
150
172
127
150
161
161
172
172
171
139
161
161
150
172
172
183
194
150
161
171
172
126
194
215
150
183
172
172
172
160
172
194
172
171
161
160
150
183
182
161
172
172
139
161
161
183
183
161
160
183
172
150
194
182
183
160
172
160
182
149
182
161
150
170
205
205
139
205
183
183
160
172
160
161
160
161
172
161
117
170
193
161
160
161
150
160
139
172
172
183
194
172
128
161
193
172
161
149
183
181
183
149
117
172
183
161
205
139
150
172
172
161
183
161
172
172
182
172
216
150
161
193
172
150
193
172
170
205
171
139
183
161
160
161
171
194
159
183
171
172
205
160
161
150
194
150
172
139
181
171
183
150
161
172
150
172
172
172
172
161
183
172
160
172
193
194
150
149
172
194
172
161
194
161
149
139
172
128
172
161
182
161
161
172
194
172
161
172
183
172
194
172
259
150
160
161
172
204
161
161
172
183
194
182
161
171
160
161
205
150
183
171
172
171
247
172
161
150
137
194
161
183
161
182
171
160
161
161
161
139
172
193
183
170
172
172
172
161
182
161
172
172
215
139
193
161
194
139
172
172
183
160
204
172
194
150
172
172
171
139
161
183
193
172
183
180
150
161
161
216
194
183
149
161
171
182
161
172
171
172
172
181
183
139
150
171
161
171
172
139
205
183
194
194
172
161
192
148
194
172
172
161
183
172
183
117
172
160
150
172
170
172
183
205
181
193
194
183
150
172
161
128
183
172
161
150
139
183
139
160
183
172
181
161
172
161
160
160
181
139
202
183
183
161
193
160
170
172
171
161
194
172
150
182
172
150
194
202
139
150
172
172
171
172
193
193
182
183
137
139
171
172
161
139
161
194
193
172
172
161
205
160
172
204
160
171
203
161
204
149
171
170
170
183
159
172
161
150
150
194
194
183
182
204
172
171
161
150
150
226
181
183
148
150
182
182
172
183
172
171
194
172
171
172
161
161
183
183
161
170
205
194
172
172
160
139
171
183
171
172
150
183
171
183
172
172
216
161
172
161
159
172
172
172
161
172
194
170
161
161
227
183
180
170
194
194
183
172
182
183
160
171
172
172
172
172
171
150
161
172
183
150
172
194
161
172
161
171
161
214
183
161
161
172
172
161
150
161
161
182
193
171
139
161
172
183
172
194
171
160
159
183
171
161
182
171
172
193
172
161
194
172
194
170
183
161
172
192
150
171
171
183
149
150
172
172
171
172
183
205
171
139
182
161
193
193
148
160
194
171
172
194
161
128
172
138
160
161
139
161
161
150
161
237
192
183
194
161
172
172
183
172
170
161
160
161
172
172
159
161
226
183
161
216
161
139
181
172
194
160
182
170
150
172
194
171
150
172
192
171
160
183
161
171
171
183
159
139
150
161
204
171
172
161
172
149
172
172
161
172
161
139
194
204
172
194
194
128
172
149
172
161
159
171
161
172
150
172
192
161
194
172
170
172
150
183
139
183
171
171
150
205
160
139
149
172
172
182
205
194
172
161
194
182
194
172
161
194
182
172
172
161
160
138
183
171
183
161
149
171
150
172
183
172
172
161
161
128
183
139
183
172
160
194
161
161
161
172
194
171
172
171
161
172
182
183
171
149
172
172
194
139
172
183
183
150
172
159
172
171
150
182
172
194
160
193
183
194
161
182
171
182
183
183
139
172
183
150
161
171
161
172
150
149
183
161
150
172
172
172
227
205
169
172
171
161
193
183
150
172
161
172
183
148
161
183
172
172
150
161
161
215
183
172
172
172
181
149
172
183
161
172
160
150
161
161
169
161
172
171
149
161
161
171
183
161
183
172
171
182
150
172
183
171
139
203
171
161
160
205
161
183
172
171
203
161
205
172
161
150
183
138
171
237
172
172
205
150
172
194
161
194
183
183
194
161
203
172
215
160
182
161
161
150
202
171
171
172
204
182
194
139
172
161
150
171
194
171
183
161
194
182
161
205
183
171
172
172
150
128
183
171
150
194
183
215
183
205
172
784
1470
461
3330
1490
1162
548
285
504
462
860
1070
917
2767
957
594
318
464
1318
708
403
1694
1467
935
1708
561
656
749
348
446
491
501
809
654
2090
304
738
1099
2029
1086
868
974
850
755
735
388
1434
625
1211
1388
487
1418
1208
351
302
527
1525
1089
568
648
428
4031
470
1506
1834
860
1318
1076
1361
1100
1166
616
456
654
936
459
2026
1877
1646
414
614
4008
990
330
467
2089
1501
308
939
507
1098
1317
711
1460
942
542
746
338
1138
1484
979
1215
361
1528
1809
772
757
4064
269
2304
584
3953
1531
948
2109
610
281
2160
1946
781
718
393
871
710
1031
787
1759
418
417
721
1246
1278
556
317
1741
417
1201
3088
875
875
753
2114
583
1831
2093
877
1299
1812
2002
989
634
480
905
797
1730
484
1729
1175
254
947
746
607
603
780
823
338
433
390
975
454
1426
869
1091
3998
817
1240
1525
567
329
2613
799
338
815
1206
795
2083
4009
1076
3339
1005
353
489
530
546
1457
1088
786
1430
741
562
759
3846
563
1258
446
1373
327
427
299
1019
998
1230
908
587
681
855
375
2300
569
910
762
1708
1192
648
492
1299
340
2888
674
471
863
1100
706
617
2516
909
303
584
980
2768
954
822
409
1060
2105
2333
1695
384
4020
501
1104
1720
624
2035
1689
1028
1623
661
1150
2725
1592
4020
623
369
1099
1767
396
275
1077
641
1014
2534
555
1028
376
1586
309
301
744
3171
1007
893
833
593
237
509
408
1311
1545
916
408
649
1186
3506
597
1456
270
719
1022
1023
641
833
895
735
1660
2219
303
404
456
313
756
704
876
4085
1430
331
479
1356
2123
853
2574
908
3954
2047
2909
1750
452
707
574
1513
625
1498
1050
2183
755
2232
1059
407
787
733
1641
772
2161
1092
1232
763
957
638
1407
429
1082
274
587
3987
1018
455
1582
375
1188
641
521
535
910
2240
715
360
375
1958
776
580
422
1331
403
561
337
375
589
873
542
482
533
973
1707
971
1923
768
990
1572
1944
442
2538
2226
286
1183
861
447
964
868
2101
494
1545
3092
616
729
942
1395
1491
482
607
1263
1257
448
2315
4009
1494
2154
640
1701
642
259
240
760
1233
922
724
1149
686
649
772
215
482
564
2320
2125
1288
692
1134
511
998
1712
337
297
686
354
1620
607
1158
640
2203
1091
625
1374
451
3585
983
2542
448
912
824
967
599
1955
3519
315
492
1868
262
706
693
2727
1322
702
343
508
947
451
646
1881
483
500
1259
302
2353
1049
381
512
1534
657
899
777
650
1125
858
445
1245
1699
893
408
912
882
1050
1702
328
568
4010
960
339
1542
623
1101
359
2548
783
789
693
967
3156
1156
2002
511
961
1689
1707
1020
2310
601
706
595
916
1169
1571
836
434
1039
510
349
566
2945
1120
2994
1242
3998
377
860
343
525
290
1023
1087
1108
1460
1215
1540
2448
680
631
419
1012
350
2420
604
435
572
298
659
836
1054
3224
558
1290
1005
326
1707
1740
305
1294
645
1754
489
1650
631
664
3396
762
972
2671
477
535
1135
998
404
1152
1244
1288
808
1013
482
1314
843
824
985
2887
1440
446
3287
515
828
1223
457
1877
1560
899
2282
670
1800
1051
576
851
1040
1385
1182
1526
495
1168
2246
1438
3788
521
602
603
372
364
1228
1137
443
1253
537
326
1993
510
1915
696
1103
851
1191
1502
1090
683
2475
431
936
416
1596
798
1534
646
415
748
353
914
1552
820
1249
1973
379
1655
3275
726
404
1129
497
824
1378
600
806
1921
869
850
329
990
1940
619
1360
339
4053
1150
987
1696
442
1294
1598
1518
573
724
440
680
1316
1655
3433
545
1080
583
1669
1569
3868
777
1138
541
464
2404
364
1377
752
504
605
2273
761
545
495
3297
710
634
957
979
1060
558
596
891
460
556
599
1854
485
507
418
565
736
531
1458
967
1218
972
268
1576
1625
1330
1931
411
599
1016
991
721
557
1432
529
291
1015
940
1626
2971
290
1642
875
530
1093
779
2085
777
2735
380
337
699
2656
1082
1039
835
480
1054
2048
4009
329
413
294
2364
2919
2657
236
756
714
909
236
2415
2307
1330
303
424
1322
1944
482
291
720
952
423
1000
1138
1365
446
226
763
1898
420
2456
237
1575
4009
326
480
1202
1320
511
338
985
592
761
708
1300
616
341
1111
518
341
4008
1093
1088
310
895
764
416
703
1595
1557
954
1681
426
1617
927
3150
1594
1427
1153
958
1145
845
666
1632
736
2625
1672
353
713
2050
445
860
877
1358
1147
480
1790
1481
723
442
628
1961
679
2002
905
823
2063
1222
649
304
526
1023
1189
315
449
2175
525
801
734
1291
2398
802
1677
2825
1517
643
3357
762
860
580
1236
992
375
367
1825
850
1658
518
943
1419
532
1556
2056
328
659
369
1236
418
676
764
612
505
779
338
859
4018
1385
594
408
1589
734
694
1471
1190
1208
1001
4020
649
739
1322
618
826
750
4063
642
1646
4020
434
449
3987
568
2213
945
1388
1159
279
1919
614
2039
1658
695
1081
707
776
2116
897
2091
1743
4019
586
1084
1011
565
415
1261
716
3998
2306
3987
1457
3833
1121
549
1029
292
385
492
427
286
805
1109
527
426
740
2467
1186
1076
3834
2566
