304
373
381
215
284
283
367
290
308
276
338
346
345
293
316
273
283
312
326
257
248
324
431
319
279
304
306
278
252
297
418
486
445
277
262
353
315
361
420
322
266
370
362
302
482
306
312
310
288
261
291
360
325
317
358
370
300
248
315
410
326
308
299
505
349
289
365
290
263
273
272
315
293
317
265
318
323
276
398
329
337
301
243
319
382
277
378
354
284
336
335
278
340
272
324
294
318
350
348
317
354
368
258
423
281
273
358
361
476
350
305
422
368
293
326
400
426
339
338
396
336
321
316
421
338
294
289
360
339
343
321
312
361
369
271
267
329
272
389
340
339
322
260
354
325
294
529
312
224
563
273
299
245
282
328
323
281
264
266
321
216
353
284
306
321
304
300
336
260
332
425
250
359
265
243
317
346
215
261
265
580
372
238
323
372
235
355
303
422
276
273
321
305
325
221
275
363
315
316
340
336
320
375
495
371
291
217
241
324
323
354
350
316
342
261
340
285
394
414
292
275
354
295
301
300
339
245
311
340
282
316
278
340
437
358
378
260
292
347
301
360
340
292
365
221
249
360
380
339
291
294
317
416
389
366
269
347
334
409
305
308
557
232
385
294
318
274
299
362
341
281
310
324
354
245
294
237
302
291
380
383
394
268
388
318
297
330
340
292
283
373
285
335
326
351
343
349
323
268
420
265
429
371
344
298
290
405
358
278
339
352
257
320
370
337
341
301
363
399
340
315
288
325
421
311
253
284
367
311
359
305
276
321
358
258
274
355
360
295
322
329
462
397
431
263
392
270
357
295
416
280
307
370
319
356
321
283
305
205
338
272
394
286
335
327
464
374
294
380
296
304
353
384
248
341
338
235
265
292
292
337
323
457
313
437
325
306
414
280
345
359
268
380
310
287
351
265
419
350
296
392
282
317
301
243
281
284
311
353
280
330
366
318
303
354
315
316
395
337
611
327
473
372
274
610
272
306
327
371
301
336
312
375
312
423
351
330
283
331
302
261
299
309
353
266
296
366
321
278
300
307
327
328
301
309
251
325
373
329
289
325
264
225
295
400
422
285
294
607
284
386
294
347
224
404
318
599
585
376
331
351
315
367
314
338
216
324
288
360
257
359
285
327
410
264
270
341
335
326
343
374
348
351
331
289
304
316
310
233
209
273
312
355
462
274
310
288
323
324
348
267
292
273
325
356
348
295
404
411
359
307
439
294
315
416
364
307
278
270
415
340
237
314
315
300
306
346
330
309
247
237
492
458
297
292
356
297
287
282
284
231
342
217
346
380
276
310
403
362
289
327
349
274
431
345
296
438
266
302
375
331
298
281
376
276
207
263
320
297
265
325
291
379
389
326
318
286
232
305
250
372
322
354
397
426
300
405
460
317
301
297
239
390
380
220
247
237
309
301
349
289
269
343
407
328
205
327
278
292
339
382
341
293
270
416
252
342
304
328
278
358
406
358
307
320
321
311
381
294
278
425
325
333
289
346
278
284
284
312
310
289
242
296
340
372
392
421
410
294
385
342
360
316
281
372
262
300
359
242
332
308
348
322
224
317
276
379
245
323
308
366
308
276
267
358
411
338
378
230
274
367
316
282
301
266
470
334
360
315
289
351
330
306
349
303
293
340
369
235
350
414
356
275
281
377
331
378
468
294
257
421
262
351
430
302
306
295
308
374
269
310
297
339
275
320
353
366
340
305
319
314
285
273
329
352
308
443
293
345
444
314
382
319
321
358
349
323
280
360
435
324
350
300
367
327
343
378
185
305
221
253
288
366
263
326
294
274
276
213
265
341
433
232
344
491
296
309
394
330
338
280
334
350
283
395
282
302
326
306
292
300
419
281
276
261
294
310
315
305
376
323
370
341
310
281
322
316
255
368
317
337
276
282
332
344
356
324
466
341
313
356
371
292
342
366
376
286
514
462
332
275
323
290
311
249
317
390
254
358
336
399
343
504
310
391
337
312
397
351
312
306
365
398
254
341
308
593
368
381
360
341
333
381
331
345
387
341
333
408
312
419
421
595
343
306
286
259
314
372
562
338
245
324
360
342
337
355
322
355
245
330
344
322
389
320
333
290
322
316
284
251
460
310
345
337
254
217
501
249
245
401
269
255
364
305
378
327
354
299
333
439
323
261
337
316
311
375
349
321
322
321
325
245
364
392
314
313
381
351
320
315
281
425
229
364
309
339
274
323
251
364
371
322
332
237
386
390
327
371
282
306
279
386
393
351
329
361
316
231
261
256
351
299
375
366
311
365
274
373
289
391
304
360
334
214
358
339
296
372
365
286
359
345
393
328
340
389
293
336
368
364
278
346
328
331
287
359
310
229
332
344
335
360
346
345
312
350
223
328
343
296
365
338
322
341
300
317
317
390
281
328
342
357
344
384
263
331
308
349
368
208
347
322
392
369
356
372
338
378
360
321
333
391
304
296
288
317
366
348
223
359
313
286
356
352
357
302
372
356
369
346
354
322
358
345
407
341
329
361
334
355
374
347
349
344
419
317
323
323
310
367
260
327
351
289
323
322
374
356
340
344
352
334
342
344
298
262
345
308
397
373
290
303
328
331
314
315
361
333
374
391
291
348
294
350
309
391
340
363
340
342
371
340
356
320
325
283
328
378
362
343
1713
323
349
324
363
337
368
301
340
345
381
346
411
367
369
398
326
391
348
337
383
192
311
340
208
341
301
311
385
363
293
320
314
361
344
362
318
315
344
353
341
300
340
342
371
346
362
364
367
380
313
365
330
304
327
340
373
341
291
378
324
334
309
270
237
362
371
378
327
331
305
360
373
365
328
341
368
375
233
390
388
311
340
213
406
303
329
194
358
382
303
324
373
332
340
311
400
356
333
341
370
437
318
298
328
392
326
318
368
350
344
346
294
356
383
249
252
340
320
349
356
395
322
383
341
314
282
362
328
345
235
349
197
295
329
321
308
298
376
344
329
219
308
396
339
317
330
327
313
328
328
284
336
356
384
360
336
407
346
372
348
318
400
369
316
363
330
271
324
338
316
327
323
382
372
326
356
312
327
363
335
308
364
384
329
318
357
327
300
352
330
361
339
368
323
344
323
348
306
373
358
344
297
322
368
386
370
326
283
368
332
343
327
333
389
291
317
301
296
364
289
398
346
357
347
340
314
324
353
317
294
331
381
363
350
359
341
307
394
321
342
325
333
332
341
375
320
332
348
374
374
310
333
308
353
352
363
328
368
330
358
274
367
325
341
408
340
295
357
374
325
316
343
264
325
341
364
300
310
356
330
389
323
364
339
279
358
360
352
319
316
375
308
341
316
348
364
326
339
379
328
397
305
345
312
361
283
380
408
320
303
271
356
361
280
374
339
329
345
326
340
355
357
252
339
390
329
318
336
332
389
382
311
367
322
348
363
334
368
363
375
306
344
331
277
305
307
332
362
278
362
359
396
345
389
309
339
341
374
316
292
325
283
314
342
334
414
324
342
402
386
299
309
339
357
373
374
350
341
327
356
399
315
244
375
415
283
362
365
367
290
374
306
380
308
345
362
348
346
356
347
345
361
306
335
329
376
318
287
352
312
345
309
344
343
311
299
274
296
390
363
390
356
391
320
301
345
384
379
212
336
269
356
362
340
377
372
347
274
340
301
358
376
258
323
362
324
326
324
363
335
344
339
311
380
346
316
344
351
306
309
322
356
358
365
364
318
340
330
311
304
358
396
345
231
372
334
332
362
379
373
346
320
331
377
303
307
287
381
344
285
290
311
335
348
397
352
267
344
321
294
328
206
351
372
340
362
191
306
312
338
389
270
309
312
340
341
367
380
341
361
345
354
365
290
344
326
354
330
316
360
344
346
385
329
235
258
363
318
299
390
327
320
343
293
397
344
344
344
306
345
384
302
360
295
347
329
342
258
313
320
311
356
372
346
347
324
385
344
333
310
160
325
342
322
344
315
382
289
333
348
306
390
290
299
335
351
369
376
356
372
306
346
300
335
326
374
384
335
284
379
320
370
312
349
339
304
406
317
327
296
301
381
306
368
363
331
335
368
326
304
375
357
345
329
330
345
369
378
343
334
352
360
364
209
283
236
363
335
347
325
335
329
349
360
295
313
323
287
413
342
352
371
356
369
354
298
344
357
320
347
344
315
347
367
351
364
344
348
285
334
380
357
316
258
340
368
280
346
346
224
344
322
359
324
295
370
345
296
271
370
385
358
367
326
259
384
302
325
392
296
337
356
328
311
305
368
304
343
316
323
328
380
377
379
341
333
321
340
325
311
341
197
297
347
286
356
358
315
309
346
391
376
294
361
343
340
383
389
395
328
406
390
323
338
329
373
174
366
371
357
342
340
357
304
327
319
300
363
357
350
318
334
334
351
373
398
314
342
358
313
327
294
373
296
349
345
374
374
357
322
334
340
269
328
358
1685
344
347
223
323
246
351
279
289
346
346
321
347
366
336
329
397
324
302
340
315
338
373
277
310
353
304
335
375
334
356
306
336
198
288
347
245
335
242
329
339
308
407
321
344
362
345
314
326
374
297
286
366
175
163
187
198
127
187
186
175
187
175
199
187
186
185
187
187
199
139
151
199
186
175
211
187
175
162
186
174
139
175
175
198
187
175
175
175
175
138
187
175
175
199
185
163
187
163
163
175
199
163
175
187
222
187
211
127
175
174
187
199
151
186
187
198
199
199
211
186
223
185
162
198
199
163
175
187
163
211
175
139
187
173
172
187
199
186
163
198
187
198
187
199
162
223
175
223
187
187
175
198
187
199
185
197
174
233
199
187
186
187
198
151
210
199
199
187
198
174
197
187
187
199
163
187
174
161
163
187
187
186
199
151
187
186
162
174
174
186
174
199
187
175
199
175
186
175
199
187
210
185
198
199
187
187
151
174
163
187
211
175
186
187
187
235
186
223
199
199
163
187
175
211
175
234
198
175
211
175
223
210
199
211
138
175
187
137
187
163
187
209
175
149
187
186
175
185
175
162
211
186
175
187
174
187
199
210
223
174
187
199
211
187
211
175
175
175
187
186
187
163
210
187
186
186
174
187
173
186
187
187
174
187
175
187
198
175
198
198
187
163
187
198
175
187
138
198
151
186
175
187
211
187
187
187
175
186
175
211
187
174
187
187
234
175
163
187
222
163
174
210
198
199
175
175
198
211
151
163
197
187
175
187
210
174
211
186
175
162
199
175
187
151
175
175
187
175
175
187
174
187
175
175
150
162
211
187
175
175
175
175
175
211
174
163
198
210
187
187
223
175
199
174
175
211
175
187
211
151
163
187
199
175
186
187
211
187
199
187
185
211
175
199
187
175
199
187
173
187
187
163
199
175
187
187
187
187
185
186
210
187
198
187
174
175
187
199
198
199
187
138
199
163
199
175
175
187
138
197
173
175
211
187
187
211
187
211
187
211
187
163
198
175
173
211
211
175
186
187
187
223
199
187
175
198
186
187
184
163
175
199
186
199
186
187
187
198
211
187
187
199
187
186
199
199
187
210
235
162
175
197
187
175
175
187
175
187
187
175
174
175
185
175
186
187
211
187
163
187
223
199
186
175
187
175
187
160
163
210
186
187
186
175
211
162
187
186
223
150
186
235
151
174
139
198
163
175
187
186
174
187
175
186
198
187
163
187
187
175
199
198
174
196
198
175
198
198
173
175
174
199
175
199
187
175
175
175
151
187
175
221
210
186
175
187
175
187
175
187
198
187
163
151
174
163
163
199
199
222
198
175
235
199
163
187
187
187
186
187
199
175
186
187
211
163
187
187
210
163
175
175
223
186
186
187
185
163
185
175
221
211
198
175
185
174
151
210
187
187
187
163
198
175
187
187
175
198
175
185
175
151
187
186
187
186
199
199
175
187
211
210
187
187
174
187
211
187
186
185
211
187
199
139
198
186
163
185
211
187
186
175
211
199
187
199
174
211
175
175
175
211
198
150
185
187
187
198
175
187
187
175
175
150
198
211
175
162
187
199
174
187
211
199
187
150
175
174
175
151
163
209
175
163
174
175
199
186
210
199
139
186
163
175
187
127
163
187
199
187
151
199
175
187
186
175
187
187
187
199
199
223
163
175
175
187
223
187
175
187
187
211
174
187
186
210
199
186
187
150
211
198
174
199
175
187
187
163
186
175
185
187
186
187
199
163
186
175
186
175
185
162
175
162
174
187
199
175
211
199
199
223
175
175
163
187
199
163
175
162
211
163
211
175
187
199
163
163
198
199
187
198
187
199
199
223
163
163
198
187
210
187
175
175
175
199
187
187
186
187
187
199
151
151
199
211
175
199
211
163
163
198
187
151
197
211
175
186
175
175
199
187
187
186
199
187
222
139
150
139
186
199
221
187
187
187
199
211
174
175
186
151
210
187
199
197
187
198
199
175
187
187
163
187
175
163
186
174
198
211
175
175
163
209
223
199
173
151
187
198
151
187
187
139
186
186
187
187
175
186
174
187
151
234
234
186
163
187
150
234
174
187
187
175
211
187
187
211
174
199
187
186
173
187
175
196
175
210
198
175
187
187
151
175
187
187
187
175
151
187
187
174
187
175
187
174
175
187
197
199
211
198
187
175
222
187
187
187
187
197
162
175
199
199
187
187
223
151
174
162
163
245
198
199
211
187
199
198
198
210
163
223
186
151
175
175
187
187
162
175
199
211
187
187
211
186
163
187
186
163
175
175
151
187
139
211
187
175
210
175
161
187
211
199
175
222
187
163
186
211
175
186
127
187
199
163
199
187
175
187
186
198
151
162
175
139
199
163
187
187
162
187
151
175
175
175
175
187
187
162
199
210
443
599
1878
487
471
479
485
1248
450
723
333
356
659
1167
1098
864
1761
273
482
602
1582
307
2449
1607
310
936
1203
467
747
310
508
404
2293
622
697
422
728
729
892
815
806
1669
677
866
567
875
412
606
1073
528
503
862
1211
474
1343
362
893
423
1984
873
1513
1516
1917
1142
1504
476
3634
589
4137
739
724
369
1224
867
2691
747
375
626
1542
772
824
1534
956
722
651
291
1012
867
826
381
1907
926
671
981
972
2239
318
1701
694
453
748
2429
1908
1227
462
1081
448
440
403
781
1058
757
4100
446
2202
319
681
626
518
1344
321
529
592
971
279
386
1381
541
443
1131
1606
1015
2559
904
266
1159
946
704
878
369
408
463
4089
241
1822
541
1024
597
847
517
478
1552
783
745
674
346
375
858
380
1051
400
1491
1551
4149
634
3851
2515
421
867
1135
425
535
507
1459
961
1033
613
781
679
786
1618
3645
744
420
442
627
644
908
775
2122
620
811
560
816
696
1273
931
306
4073
851
1155
668
917
632
1371
1777
3006
316
661
1048
1018
815
1239
387
896
972
292
524
321
986
1146
827
2587
1152
1219
3381
609
719
973
1477
774
361
890
1218
611
811
397
407
593
298
634
1827
388
630
588
948
837
618
2356
865
3884
2500
472
686
658
399
314
3956
865
528
441
981
1199
1168
536
433
2475
1244
1666
1929
1083
3081
304
968
1269
2591
1030
1420
981
758
887
642
2131
1445
2710
553
1191
228
2539
734
1411
1135
1687
2200
1021
739
1499
361
734
593
318
621
951
1408
929
1218
568
361
357
739
435
2293
803
382
1566
1424
634
401
2461
929
1457
917
995
2019
1038
1818
1280
935
1080
488
2233
345
929
1086
3534
747
3465
514
674
931
655
567
906
388
1150
1131
412
675
984
453
1823
1463
399
323
2684
553
1384
402
938
474
1017
813
426
355
330
645
345
527
1131
596
821
572
1020
647
1002
1188
429
410
856
387
614
475
1164
551
604
808
435
391
318
578
733
544
641
829
664
567
361
830
321
1255
3819
1123
706
991
1543
564
1056
516
1737
343
1348
2110
1280
1895
513
369
1620
421
366
420
775
436
3620
457
790
4101
2043
935
281
484
398
971
687
1866
2693
554
328
788
1123
469
353
698
431
773
418
1191
1548
971
4137
1111
1841
887
643
2236
634
963
644
627
625
479
578
353
1405
816
426
427
3382
910
558
4149
523
1370
716
2596
1245
693
1104
367
346
740
347
358
2309
753
1260
829
1141
858
603
450
686
1057
953
695
498
1448
1068
423
510
565
1472
3090
794
1039
1482
624
709
316
386
1943
466
1054
431
1204
480
1060
2013
438
1149
985
409
400
617
1726
370
1909
413
1752
910
933
1105
762
489
478
673
1388
332
554
1228
900
541
982
1007
499
4005
400
967
1472
617
1242
4125
436
432
449
645
1713
500
721
4123
655
669
577
1007
346
520
651
814
335
1206
689
413
469
586
852
506
2622
386
1316
324
987
449
432
1189
585
2307
2540
1670
1054
2826
1123
3891
3675
1848
1293
900
674
929
435
618
747
1370
599
2375
866
1325
396
3021
455
1243
1703
550
451
519
2736
473
1045
384
1015
425
2165
3863
780
675
1997
435
1004
663
1935
448
662
241
372
1605
2445
827
1330
1143
1738
812
616
1217
1489
1165
322
461
725
1694
280
634
477
513
1349
1438
436
566
406
2031
687
704
1054
831
503
1045
577
1059
714
1646
776
874
1190
694
521
514
2406
591
1443
553
991
1350
1837
795
659
538
1320
4125
870
1011
938
748
892
693
1834
1046
692
525
545
3738
659
496
524
724
1605
350
712
401
1626
694
1086
893
1131
483
499
522
477
1206
307
616
1910
850
1318
1942
711
348
433
1764
592
575
1033
383
394
494
383
1593
551
1267
1444
539
334
1631
906
1279
1101
904
1370
1247
295
2712
448
483
601
558
1195
1682
619
1993
346
786
794
684
632
466
972
1684
1152
1671
2194
436
522
1267
1198
584
1235
330
386
2135
1734
502
647
569
366
394
527
1058
739
918
712
462
427
447
2339
895
332
531
1047
657
745
318
678
600
329
1588
1215
1661
1167
330
1432
1257
992
315
515
652
1435
408
1234
865
328
489
383
619
894
375
1283
812
458
659
1040
370
469
579
1011
411
2282
2525
2073
448
685
597
502
1120
1211
740
613
968
393
1370
369
306
356
694
1477
359
2703
1362
397
1325
1701
1000
4148
759
786
1562
655
919
909
1425
1204
1257
460
361
1009
832
678
1073
492
774
1012
595
1475
3402
825
638
421
828
3580
1591
623
523
862
331
1076
324
772
657
498
1164
1439
341
945
1827
1138
1517
579
1488
480
253
592
590
1094
1264
658
3952
707
1293
560
1163
517
385
468
297
652
598
952
2528
3402
566
605
1524
1112
528
756
514
1008
664
423
475
1677
490
810
2035
4113
818
922
1541
356
712
638
356
517
620
696
1148
400
611
1333
1247
2057
1608
351
592
343
588
954
462
4136
557
1100
628
2635
501
589
602
1480
331
793
1843
478
1090
1032
440
416
1319
1291
466
990
757
1526
1710
792
891
957
489
1123
423
462
842
395
716
371
684
1153
445
323
371
425
329
391
416
386
489
351
270
405
421
426
520
489
420
419
298
325
399
396
390
379
317
490
300
373
317
406
282
399
374
427
307
456
317
330
359
290
353
408
266
362
455
303
332
457
388
325
330
407
386
336
321
320
416
325
359
262
447
443
421
528
325
342
424
385
297
391
234
424
352
339
257
456
392
459
520
388
439
346
411
311
421
366
273
316
445
425
288
449
269
324
392
349
391
469
390
393
315
401
304
302
429
547
403
369
397
498
362
330
321
307
308
409
419
368
326
438
494
463
405
387
344
473
390
345
375
308
489
400
449
391
250
402
342
493
294
449
343
359
393
519
295
340
528
432
378
428
331
355
468
332
431
298
423
300
360
427
395
318
339
420
394
347
284
436
419
309
311
370
313
465
307
420
392
362
351
419
313
369
278
354
361
253
312
360
351
379
302
371
402
401
351
325
409
215
438
421
409
252
391
343
264
442
316
261
421
420
412
428
311
262
373
336
385
379
494
318
269
544
378
469
436
325
334
387
341
318
401
382
414
460
339
319
321
310
393
387
385
337
314
397
339
343
417
384
383
398
288
319
300
349
373
254
307
426
368
328
538
430
394
348
495
286
344
370
396
403
403
378
284
384
332
387
288
419
455
383
393
366
508
306
322
379
392
317
365
303
381
276
296
389
288
365
337
351
392
351
379
452
475
256
392
332
341
392
237
274
309
404
440
387
368
391
531
395
431
355
376
437
397
349
409
352
262
277
365
375
348
342
343
391
361
375
296
411
346
342
293
462
335
409
257
439
316
400
430
360
313
373
372
384
323
390
418
353
283
330
324
470
420
307
366
354
451
449
489
345
364
343
330
321
230
421
353
435
426
446
333
490
286
319
366
369
471
375
367
282
486
376
381
476
382
402
454
367
443
251
252
365
343
315
406
356
309
283
377
355
364
365
367
261
331
401
374
436
401
291
299
337
299
385
320
351
367
294
382
313
418
282
319
342
448
527
508
394
334
424
391
439
452
342
428
431
390
496
286
381
285
349
359
365
336
272
379
334
293
478
368
308
294
243
507
376
403
322
438
307
283
310
375
226
342
454
427
377
375
421
421
452
255
339
375
267
339
292
362
331
321
253
424
420
322
413
430
335
374
277
489
388
378
336
340
331
404
399
318
438
265
400
351
303
382
570
302
544
292
345
227
245
368
308
295
400
377
323
296
405
401
393
347
511
354
235
382
284
365
365
332
388
268
361
340
364
502
303
503
283
322
317
435
244
304
460
317
369
277
347
354
461
300
337
317
314
342
495
448
341
230
324
504
396
265
350
351
361
347
359
320
489
298
406
269
316
279
424
309
357
437
416
330
412
355
345
393
395
363
338
410
313
374
326
323
355
446
426
328
315
286
329
436
417
219
387
308
410
375
404
361
326
394
427
391
526
391
345
412
350
397
357
336
316
382
358
450
374
352
379
388
445
449
329
390
383
377
251
363
403
472
328
413
345
267
415
331
402
276
291
251
367
371
397
345
423
470
415
345
309
452
360
375
276
361
370
371
377
425
397
300
426
356
273
363
244
264
330
419
468
278
295
196
447
474
369
344
280
363
362
381
362
327
372
273
451
380
360
362
448
403
364
256
435
401
351
488
485
367
320
361
421
257
300
503
322
365
485
380
303
370
293
304
455
368
402
517
442
317
397
336
375
276
325
352
304
254
527
343
291
282
275
337
374
450
370
338
437
358
266
394
379
464
561
414
143
367
470
369
325
383
327
374
409
340
353
388
417
354
420
400
377
301
293
376
326
356
333
411
333
383
436
321
325
301
358
329
313
283
468
338
398
352
364
428
433
361
310
361
353
361
488
312
245
299
533
368
469
421
364
271
501
377
311
348
341
377
442
372
413
348
349
373
304
259
350
430
306
407
424
341
335
352
340
218
403
440
381
452
424
332
281
447
308
263
358
352
281
331
313
340
268
313
285
380
519
320
370
436
565
259
532
382
294
407
370
331
317
390
533
319
534
393
376
321
416
318
491
422
354
309
282
363
361
407
355
273
439
387
263
332
342
310
340
372
308
424
364
399
236
337
297
340
408
391
383
303
224
269
386
386
370
343
382
321
289
325
298
292
320
408
355
397
360
328
456
303
485
488
407
397
454
390
390
299
339
494
395
455
390
323
331
421
310
372
342
258
483
245
360
491
295
439
319
399
366
305
374
411
339
293
411
420
373
299
393
308
481
356
285
406
417
497
377
440
375
407
384
327
358
443
345
296
332
409
466
425
322
327
335
432
269
385
350
291
421
369
298
573
294
568
337
479
355
470
458
511
424
299
403
389
325
479
463
323
521
347
449
444
427
283
489
350
421
387
447
282
351
362
261
333
414
300
343
359
364
332
413
512
248
338
355
513
318
348
391
336
252
401
385
485
508
404
534
251
346
439
264
288
366
346
417
302
327
331
509
309
440
525
324
405
326
283
335
381
464
264
247
472
390
322
237
357
375
389
385
439
378
406
325
268
423
396
192
396
513
471
320
391
496
326
304
344
226
338
337
369
280
346
453
560
356
443
456
288
489
278
362
284
315
553
440
384
417
309
270
361
472
358
283
517
179
414
432
265
362
487
401
422
405
437
357
434
289
398
385
266
302
489
340
528
335
390
447
346
598
306
371
422
272
397
486
302
435
311
283
428
322
804
406
666
416
216
396
409
248
280
361
472
305
329
267
431
333
499
283
402
230
423
449
372
389
375
319
331
411
318
309
352
601
477
496
314
225
277
349
371
371
385
314
312
449
291
432
439
307
334
456
273
301
446
426
332
463
346
320
354
377
422
312
282
316
275
430
291
290
402
444
340
341
355
366
321
362
414
382
352
392
473
337
458
511
557
322
444
309
289
299
316
504
358
406
375
347
376
369
356
341
366
417
445
336
477
291
383
424
288
299
661
268
432
459
303
278
312
327
364
351
420
372
363
476
291
361
428
355
296
430
270
340
341
574
421
364
360
347
445
348
505
278
375
380
415
512
347
449
339
290
298
289
297
406
349
506
338
552
250
419
388
517
328
457
416
358
249
436
306
346
362
441
331
297
332
271
381
452
451
327
282
436
257
340
475
245
466
296
347
317
469
392
334
368
647
304
299
320
331
373
314
420
318
448
569
357
565
526
395
450
492
291
349
376
361
583
316
350
415
305
402
320
282
374
485
470
473
382
265
288
427
378
336
595
397
406
348
498
283
399
299
206
319
385
322
305
273
341
398
404
355
370
440
308
291
229
376
641
376
264
257
322
422
383
370
680
359
407
279
456
241
314
302
345
393
343
624
287
348
335
302
460
377
231
308
271
329
361
325
389
479
422
277
316
414
221
433
388
363
484
336
373
415
505
291
358
471
270
314
325
342
382
297
368
257
435
299
386
343
345
415
357
525
309
351
369
400
243
452
336
319
439
311
490
300
617
348
453
351
449
467
398
257
278
400
358
357
359
425
557
268
376
387
323
409
573
355
238
314
346
246
398
248
370
313
363
317
314
769
291
375
358
454
300
423
331
314
434
353
460
239
539
252
389
218
324
372
414
299
443
418
360
271
337
421
493
450
311
427
312
300
392
298
428
381
356
313
266
395
402
287
404
468
316
364
480
405
553
602
351
510
413
456
352
329
385
348
485
541
409
331
305
300
294
409
463
257
465
394
293
297
332
388
292
436
455
315
340
452
264
421
328
469
380
323
298
283
486
440
367
354
332
309
361
376
282
312
343
378
363
472
400
386
312
346
267
264
411
424
456
315
333
448
328
300
331
392
368
362
394
479
418
378
396
279
396
432
381
466
385
273
598
433
465
282
252
358
309
273
253
389
410
291
334
178
279
407
321
343
405
317
370
292
345
315
324
275
463
343
364
257
406
352
392
412
383
504
405
448
317
302
368
364
407
430
373
657
270
307
496
474
297
403
322
444
521
344
242
334
474
559
356
312
420
508
336
428
327
413
512
395
341
364
194
387
231
451
380
342
486
329
317
333
346
347
467
385
221
366
567
262
423
310
435
341
325
308
541
403
384
376
398
413
330
441
276
421
497
451
389
366
307
360
486
322
410
293
355
293
369
306
448
298
306
471
417
395
360
355
435
320
342
340
513
285
266
333
610
572
502
429
429
346
656
377
300
301
416
339
253
329
379
344
234
338
319
207
374
309
642
352
409
427
339
289
314
389
374
453
270
468
448
310
313
496
339
309
266
402
273
418
477
393
264
374
224
432
632
344
475
372
419
283
523
390
242
331
384
526
298
351
515
327
382
406
390
409
403
286
565
416
268
522
360
332
376
405
310
214
539
364
519
569
351
299
304
447
321
425
424
439
348
294
308
486
417
400
451
337
313
355
373
422
556
320
399
353
291
335
356
291
475
539
354
273
492
492
312
322
459
516
362
422
376
345
410
374
388
543
386
430
419
389
378
369
463
356
422
477
430
219
375
384
281
284
336
449
285
327
351
317
298
280
351
407
473
398
480
313
457
433
401
377
424
351
496
394
318
341
563
304
360
414
416
240
287
451
451
405
240
287
258
445
323
371
425
329
391
416
386
489
351
270
405
421
426
520
489
420
419
298
325
399
396
390
379
317
490
300
373
317
406
282
399
374
427
307
456
317
330
359
290
353
408
266
362
455
303
332
457
388
325
330
407
386
336
321
320
416
325
359
262
447
443
421
528
325
342
424
385
297
391
234
424
352
339
257
456
392
459
520
388
439
346
411
311
421
366
273
316
445
425
288
449
269
324
392
349
391
469
390
393
315
401
304
302
429
547
403
369
397
498
362
330
321
307
308
409
419
368
326
438
494
463
405
387
344
473
390
345
375
308
489
400
449
391
250
402
342
493
294
449
343
359
393
519
295
340
528
432
378
428
331
355
468
332
431
298
423
300
360
427
395
318
339
420
394
347
284
436
419
309
311
370
313
465
307
420
392
362
351
419
313
369
278
354
361
253
312
360
351
379
302
371
402
401
351
325
409
215
438
421
409
252
391
343
264
442
316
261
421
420
412
428
311
262
373
336
385
379
494
318
269
544
378
469
436
325
334
387
341
318
401
382
414
460
339
319
321
310
393
387
385
337
314
397
339
343
417
384
383
398
288
319
300
349
373
254
307
426
368
328
538
430
394
348
495
286
344
370
396
403
403
378
284
384
332
387
288
419
455
383
393
366
508
306
322
379
392
317
365
303
381
276
296
389
288
365
337
351
392
351
379
452
475
256
392
332
341
392
237
274
309
404
440
387
368
391
531
395
431
355
376
437
397
349
409
352
262
277
365
375
348
342
343
391
361
375
296
411
346
342
293
462
335
409
257
439
316
400
430
360
313
373
372
384
323
390
418
353
283
330
324
470
420
307
366
354
451
449
489
345
364
343
330
321
230
421
353
435
426
446
333
490
286
319
366
369
471
375
367
282
486
376
381
476
382
402
454
367
443
251
252
365
343
315
406
356
309
283
377
355
364
365
367
261
331
401
374
436
401
291
299
337
299
385
320
351
367
294
382
313
418
282
319
342
448
527
508
394
334
424
391
439
452
342
428
431
390
496
286
381
285
349
359
365
336
272
379
334
293
478
368
308
294
243
507
376
403
322
438
307
283
310
375
226
342
454
427
377
375
421
421
452
255
339
375
267
339
292
362
331
321
253
424
420
322
413
430
335
374
277
489
388
378
336
340
331
404
399
318
438
265
400
351
303
382
570
302
544
292
345
227
245
368
308
295
400
377
323
296
405
401
393
347
511
354
235
382
284
365
365
332
388
268
361
340
364
502
303
503
283
322
317
435
244
304
460
317
369
277
347
354
461
300
337
317
314
342
495
448
341
230
324
504
396
265
350
351
361
347
359
320
489
298
406
269
316
279
424
309
357
437
416
330
412
355
345
393
395
363
338
410
313
374
326
323
355
446
426
328
315
286
329
436
417
219
387
308
410
375
404
361
326
394
427
391
526
391
345
412
350
397
357
336
316
382
358
450
374
352
379
388
445
449
329
390
383
377
251
363
403
472
328
413
345
267
415
331
402
276
291
251
367
371
397
345
423
470
415
345
309
452
360
375
276
361
370
371
377
425
397
300
426
356
273
363
244
264
330
419
468
278
295
196
447
474
369
344
280
363
362
381
362
327
372
273
451
380
360
362
448
403
364
256
435
401
351
488
485
367
320
361
421
257
300
503
322
365
485
380
303
370
293
304
455
368
402
517
442
317
397
336
375
276
325
352
304
254
527
343
291
282
275
337
374
450
370
338
437
358
266
394
379
464
561
414
143
367
470
369
325
383
327
374
409
340
353
388
417
354
420
400
377
301
293
376
326
356
333
411
333
383
436
321
325
301
358
329
313
283
468
338
398
352
364
428
433
361
310
361
353
361
488
312
245
299
533
368
469
421
364
271
501
377
311
348
341
377
442
372
413
348
349
373
304
259
350
430
306
407
424
341
335
352
340
218
403
440
381
452
424
332
281
447
308
263
358
352
281
331
313
340
268
313
285
380
519
320
370
436
565
259
532
382
294
407
370
331
317
390
533
319
534
393
376
321
416
318
491
422
354
309
282
363
361
407
355
273
439
387
263
332
342
310
340
372
308
424
364
399
236
337
297
340
408
391
383
303
224
269
386
386
370
343
382
321
289
325
298
292
320
408
355
397
360
328
456
303
485
488
407
397
454
390
390
299
339
494
395
455
390
323
331
421
310
372
342
258
483
245
360
491
295
439
319
399
366
305
374
411
339
293
411
420
373
299
393
308
481
356
285
406
417
497
377
440
375
407
384
327
358
443
345
296
332
409
466
425
322
327
335
