239
323
409
236
273
295
443
320
291
347
320
277
370
287
291
259
357
401
377
366
293
288
273
352
265
335
364
362
345
299
323
221
254
289
447
258
313
346
438
312
387
293
377
292
323
450
344
346
320
433
385
328
323
401
349
368
368
499
281
290
337
379
376
459
262
347
321
303
247
429
240
302
343
409
344
407
400
280
294
541
364
245
373
305
319
331
281
325
269
406
323
443
303
286
369
371
352
272
288
315
533
339
431
303
344
336
386
428
386
355
355
325
278
353
351
265
283
378
324
315
295
310
364
324
417
357
341
280
233
367
273
398
287
556
422
316
353
271
284
335
399
488
440
238
412
285
309
333
301
375
408
320
407
233
391
293
412
335
378
302
316
351
240
300
431
376
375
265
366
258
355
388
284
402
327
365
425
373
385
303
262
313
431
332
325
355
338
384
347
348
419
288
388
336
349
252
277
387
250
354
309
355
344
486
309
392
396
325
426
281
284
371
255
395
372
504
339
356
294
317
344
346
345
289
271
355
380
348
277
334
364
350
350
352
325
384
359
343
331
338
339
348
290
373
326
285
305
417
334
267
540
215
403
344
356
367
345
354
391
373
307
417
373
354
311
301
412
365
388
522
272
354
312
274
354
482
501
637
260
332
377
406
309
259
335
256
305
258
363
344
383
265
386
281
262
355
316
343
234
354
334
476
229
358
353
539
325
343
332
314
437
317
442
257
402
331
317
323
299
252
386
305
374
332
360
321
304
311
535
309
429
268
308
293
491
445
333
304
287
365
364
302
304
378
331
323
297
360
420
261
391
371
370
302
380
394
356
306
328
528
364
322
572
304
297
295
343
360
337
361
430
351
286
390
334
308
285
321
370
360
397
372
368
299
227
329
391
369
279
306
284
349
310
338
339
333
301
384
282
271
352
263
426
327
316
334
336
352
346
361
352
341
367
421
300
330
276
367
397
389
259
384
312
348
305
279
339
433
458
385
269
295
276
328
686
316
290
343
329
271
349
261
289
364
346
340
376
262
360
261
296
388
328
309
279
292
302
385
375
379
303
254
327
349
391
312
372
320
501
364
322
329
265
260
670
291
298
394
342
336
345
523
363
339
412
365
364
368
378
275
284
375
267
351
256
349
321
362
363
289
365
337
270
541
336
312
312
315
510
367
315
370
330
339
315
348
416
348
268
273
324
341
299
579
364
443
390
372
347
360
373
382
268
392
349
335
357
295
396
250
459
325
300
373
303
243
299
285
332
341
324
402
347
329
337
282
381
351
375
390
329
357
289
403
302
300
537
367
356
309
365
362
345
320
345
301
337
386
383
484
316
351
368
374
419
381
303
335
443
343
414
211
306
362
354
317
355
353
327
486
356
337
322
356
353
331
330
377
317
367
252
374
380
372
273
395
416
311
310
346
334
307
344
320
281
422
358
636
347
499
352
325
347
307
332
408
294
302
315
320
372
422
346
336
312
471
214
406
272
339
230
404
301
425
283
257
243
426
281
375
349
300
350
365
345
335
405
365
397
282
282
286
523
299
405
301
381
368
374
546
576
302
276
344
328
384
376
378
315
248
294
296
265
354
317
253
284
347
380
253
309
370
289
367
294
293
463
371
308
355
386
386
260
429
328
351
354
350
356
447
421
347
244
311
370
312
317
394
423
455
315
376
384
378
392
258
302
354
322
299
401
379
319
410
313
357
317
389
411
296
337
380
357
299
353
364
298
375
411
233
307
345
373
373
332
233
345
393
412
313
392
404
332
269
286
369
339
427
424
430
290
493
361
312
451
292
305
333
366
388
414
324
465
279
313
277
339
338
376
327
342
407
313
349
382
462
352
280
398
353
320
292
346
358
300
334
321
340
328
317
344
269
304
338
283
318
268
283
271
312
371
348
273
310
393
311
333
373
386
346
310
255
399
326
432
367
299
336
291
316
287
353
405
259
346
368
366
262
306
351
316
392
319
331
402
327
527
354
488
462
387
318
488
235
437
392
300
286
276
381
334
268
267
305
289
351
337
280
200
259
339
375
439
586
428
422
318
439
303
310
307
273
273
425
303
201
292
326
355
402
376
398
305
313
369
399
241
363
364
307
279
373
343
300
386
380
364
371
341
238
342
315
296
318
330
387
385
417
280
301
334
311
374
321
455
325
271
383
329
336
241
448
348
369
342
257
315
487
291
401
329
231
327
306
390
301
374
332
276
390
451
370
326
359
378
255
362
371
255
287
354
370
320
371
305
295
409
300
262
297
333
324
321
347
393
334
255
308
312
260
392
622
482
517
488
395
421
409
573
638
513
437
432
449
444
575
445
521
434
371
499
493
499
399
491
509
460
352
593
436
573
376
294
363
595
370
348
509
521
375
434
512
453
370
566
575
505
447
589
442
579
561
585
558
460
582
423
390
501
557
504
391
457
703
319
498
446
409
444
522
403
432
404
468
409
643
346
512
626
631
528
456
456
433
401
499
391
520
381
577
513
504
391
499
406
352
516
431
509
531
473
408
550
698
449
388
504
504
573
529
589
496
358
568
445
643
362
477
510
579
561
563
514
621
570
566
503
441
389
435
438
454
442
556
387
514
565
474
493
394
585
585
549
402
561
570
503
448
523
529
507
404
358
495
498
325
551
520
352
447
409
339
546
500
557
391
437
584
443
506
470
525
361
329
584
474
541
380
386
443
430
375
513
520
519
552
459
432
484
510
468
454
585
531
504
424
428
552
449
456
390
441
415
410
455
454
457
496
599
486
432
547
434
579
493
408
402
575
586
394
420
349
450
459
505
527
399
663
464
450
402
677
532
451
585
363
459
575
569
340
339
481
431
513
629
326
485
525
528
442
389
380
513
359
360
511
400
509
585
508
385
566
458
579
454
559
532
436
477
377
452
511
332
498
506
644
585
575
420
508
529
449
458
449
459
324
496
575
564
450
454
395
403
494
574
478
512
636
285
463
626
482
326
622
466
705
527
431
645
519
571
490
466
560
491
545
385
436
501
503
609
504
445
393
449
448
622
299
510
404
427
556
580
478
397
409
557
448
518
451
391
526
496
578
456
524
458
516
508
558
460
502
510
392
446
391
607
434
502
339
444
412
431
498
437
603
408
396
516
508
572
454
506
443
496
493
351
569
444
560
597
577
429
444
510
449
402
542
462
603
633
462
490
499
502
518
392
517
440
459
431
444
496
518
563
422
418
524
383
510
538
410
484
440
441
528
326
375
399
585
341
603
323
525
575
503
449
477
581
506
340
444
510
515
653
425
451
469
439
403
413
454
661
588
445
526
525
409
270
483
403
388
351
528
447
385
528
539
511
523
422
505
523
459
469
435
623
342
437
558
450
451
431
493
863
612
499
560
465
387
561
515
523
308
483
363
534
564
516
559
439
522
372
528
379
503
378
403
404
449
502
506
398
370
519
631
465
491
483
531
506
399
430
400
515
495
604
463
435
453
442
465
373
749
354
405
614
752
495
433
520
389
470
583
452
458
434
435
345
385
582
502
524
403
389
445
383
440
640
582
463
508
448
586
431
438
565
461
550
454
563
489
393
536
519
481
653
510
566
556
564
549
363
371
505
451
543
468
507
609
549
456
565
408
637
523
448
457
573
319
628
316
351
445
659
518
561
403
503
592
514
397
496
462
501
468
441
621
561
512
538
513
414
585
399
531
509
500
574
567
431
437
521
559
457
546
565
689
588
562
489
675
591
354
501
453
562
507
433
444
563
588
563
452
444
428
310
526
374
444
445
322
521
635
430
431
417
454
505
592
543
517
399
542
575
464
516
497
336
483
391
331
465
379
498
456
506
559
511
372
368
324
484
447
509
586
577
561
483
523
518
444
388
579
479
519
405
457
514
513
518
488
353
373
519
362
588
457
367
428
563
573
506
621
403
404
512
567
483
583
557
623
454
624
590
438
494
446
512
360
448
504
513
490
517
383
436
531
397
495
463
494
512
605
575
519
362
445
396
560
587
403
388
610
454
574
386
393
455
436
455
314
637
441
438
439
503
447
526
553
614
422
560
442
455
431
436
619
476
521
509
599
516
564
461
498
305
586
507
413
549
303
408
388
348
577
420
434
510
458
367
570
400
512
531
490
395
436
510
452
553
521
446
679
438
515
531
572
572
409
586
497
429
447
441
556
547
453
454
460
446
487
518
386
538
566
576
561
703
428
536
452
525
512
568
494
437
551
511
505
513
431
399
420
576
605
394
337
619
631
619
561
591
573
669
423
440
497
610
525
430
488
709
608
446
320
401
381
372
552
623
504
494
384
405
583
438
349
309
403
572
586
625
559
686
479
522
496
643
509
509
519
392
482
588
429
414
358
433
524
386
557
513
448
564
527
503
388
558
552
427
448
583
457
508
438
508
469
439
393
514
588
519
543
458
621
567
450
490
435
593
552
413
382
470
494
394
436
423
627
510
513
426
363
569
373
386
371
446
459
515
316
497
454
448
433
509
326
446
369
360
448
518
635
713
369
641
583
448
632
510
505
585
510
490
541
447
438
445
382
458
501
509
522
641
579
563
630
451
505
227
280
230
245
264
239
279
248
245
232
248
255
259
274
241
214
289
205
281
238
271
280
274
263
293
286
323
244
242
274
260
286
254
231
254
183
231
276
296
245
283
307
283
238
242
298
278
269
268
298
222
295
289
283
266
275
227
251
283
279
277
257
279
243
304
223
234
216
287
267
238
300
222
311
201
277
214
282
229
274
285
285
216
287
211
316
260
277
297
287
239
253
298
239
225
290
246
249
275
270
315
258
223
189
209
243
264
227
270
218
290
193
230
218
256
230
203
276
279
256
210
213
282
282
257
252
311
231
213
275
284
225
294
222
231
246
320
219
306
209
315
273
251
198
232
272
285
240
239
216
239
208
295
249
278
262
296
252
298
268
251
236
191
245
292
298
306
210
279
294
248
228
221
286
321
255
244
242
250
255
244
268
249
239
296
316
264
257
285
314
232
240
285
210
278
274
275
272
276
206
277
281
244
293
230
250
250
289
267
233
272
270
286
248
293
279
249
289
246
241
286
243
240
252
222
301
255
254
224
300
246
307
296
283
240
319
262
245
303
328
261
243
274
311
246
224
280
283
268
302
286
225
249
222
275
250
264
299
260
239
265
269
262
286
241
251
215
248
272
268
267
223
270
314
229
264
219
319
284
326
282
264
218
290
293
178
228
280
272
207
260
226
296
300
299
274
231
312
245
210
242
327
268
319
289
268
306
205
294
290
286
241
250
264
258
229
304
239
223
314
258
292
229
207
255
238
251
250
271
236
236
263
290
286
331
295
256
224
322
261
239
192
224
293
227
278
220
232
258
258
288
298
246
252
259
294
273
224
232
221
259
227
299
321
260
222
298
239
306
246
226
253
254
288
238
276
288
234
270
311
259
273
268
318
282
200
252
257
208
288
284
235
285
232
273
286
249
249
263
243
206
282
222
178
216
291
277
278
247
298
241
212
267
306
214
270
183
223
301
276
263
288
211
233
222
268
286
259
259
213
249
208
283
220
222
264
241
245
257
184
294
226
304
223
193
274
250
200
294
244
231
212
243
270
240
261
243
287
242
250
256
238
259
237
232
284
300
258
277
291
264
237
288
281
322
280
290
254
202
286
196
273
222
255
293
223
278
296
204
274
262
313
231
248
265
260
273
269
215
294
221
261
260
222
290
280
283
268
230
292
246
276
261
287
290
285
253
283
229
249
242
237
300
250
307
299
269
237
327
252
236
184
274
276
274
196
241
257
267
218
255
274
270
248
227
266
265
249
263
230
306
257
278
284
243
224
299
239
293
252
282
204
270
259
246
286
222
273
288
338
291
243
252
234
245
201
239
230
283
213
210
239
292
230
296
272
299
208
249
242
297
196
208
278
304
320
292
290
303
234
273
268
311
261
265
271
299
283
253
246
263
241
280
269
267
259
288
294
285
237
284
307
281
297
259
303
251
293
283
269
317
285
247
222
255
272
308
234
244
270
343
238
242
246
269
243
267
243
254
280
295
268
285
249
254
253
275
235
311
290
287
202
211
255
288
292
258
256
284
203
242
220
307
271
256
280
288
265
215
230
279
244
288
306
277
312
230
244
279
244
225
257
256
294
263
206
203
234
236
288
271
242
273
243
253
237
289
263
238
283
290
296
255
276
297
227
267
293
270
252
242
265
244
280
221
282
317
283
203
301
282
289
238
265
279
257
278
205
235
303
220
324
282
225
237
301
217
245
247
292
279
236
269
312
186
277
339
253
282
246
229
295
262
263
285
258
261
235
246
304
258
232
271
263
227
276
304
290
273
289
229
343
301
266
328
257
241
249
263
291
246
263
276
263
282
277
236
272
274
238
251
280
240
294
278
276
229
238
239
268
263
235
278
200
224
297
250
301
277
203
288
252
217
281
272
248
239
251
267
281
253
267
275
281
250
309
251
265
246
242
263
268
302
236
288
301
244
282
296
295
287
217
275
264
303
238
313
254
277
263
302
313
337
198
311
285
248
251
255
266
241
250
275
255
264
224
242
286
260
300
312
220
322
253
265
253
242
264
294
223
284
290
253
226
287
183
281
258
301
201
260
304
250
280
254
254
203
292
188
235
224
228
276
283
269
336
235
203
287
280
259
250
282
206
269
202
267
253
242
191
295
254
280
292
274
326
296
263
286
241
288
329
228
202
232
299
272
252
227
234
299
251
247
239
254
276
254
291
282
274
248
231
290
233
264
274
215
219
265
255
260
257
277
277
325
240
225
288
259
263
261
269
291
205
234
258
243
310
262
209
274
305
269
294
272
339
272
262
274
279
14090
19116
12250
5724
14162
11687
15905
17504
13520
13537
15277
23067
7972
18483
15691
14693
14189
15438
16851
16308
17612
3933
21048
19817
4748
17990
20179
14419
9347
17817
15334
19504
16020
13550
15422
4071
19061
13786
17558
17848
17349
6219
12955
11188
23927
19213
19148
15164
15891
16699
18637
21531
10326
18146
15335
17616
12383
17005
16973
15838
13696
12206
14063
22028
23018
9122
6551
18813
19312
5504
10245
20412
14564
18849
12142
14153
13754
18207
16186
12541
13297
19625
17586
14672
11898
15823
19232
14294
22526
17446
18657
17174
19651
20151
9268
13117
18048
20709
14236
19973
15612
12723
18584
3981
11829
19223
18100
9416
15921
5722
18333
5264
13999
18180
11402
3105
10584
17345
14671
17371
11989
18553
20678
19236
12844
9771
15619
14934
17888
18717
17477
15692
20848
14621
10026
1195
20230
10044
15498
6013
17127
17157
16333
12790
17412
21949
1498
18523
1701
21918
5024
12429
19808
17280
22438
16138
14957
15871
15645
13436
13307
11824
19536
2727
15380
14585
18851
17424
11305
16004
17262
4263
12897
17296
17532
16460
11957
12151
1393
12979
18724
14217
14823
16245
11119
20179
17795
15494
15165
22258
17495
11070
20150
11172
16783
17331
3862
4013
11506
13887
21901
17557
15053
13046
16035
5797
15562
20334
15735
14834
15941
14120
4071
13674
13436
12516
13571
20427
16157
17081
23313
12843
12398
12447
1475
13022
14402
8943
14358
12352
19399
22215
17807
15246
5367
19370
13614
1175
10060
21737
14004
15249
18013
14099
16895
10254
22631
14571
14552
3665
15311
2938
20042
8554
20005
11891
13901
14169
13198
22106
8507
4155
6062
16795
14403
16681
5101
10622
15287
14374
10578
18226
14346
17776
22601
17495
20331
18033
17288
20439
18711
15582
12553
11505
16715
9168
18314
2958
16122
17889
6698
13835
20089
13584
17903
17198
14964
19975
11421
19581
16196
17551
13154
21466
17135
14109
18218
12553
15838
26994
16144
21406
14793
19222
20741
18781
19316
20819
21875
19746
11817
19636
3282
14722
24216
2737
5474
17670
15102
3891
10219
15932
13402
14268
14113
18776
1306
4174
15181
16821
11206
2266
17320
12691
8802
12431
12047
16161
15217
16409
15531
15715
12152
16644
7309
16578
16213
14581
12878
16866
15048
13315
14364
18176
2926
9283
13239
16913
14855
17522
16196
16253
14848
18514
12469
5851
20616
15299
20213
7588
12325
17829
15667
18406
17057
13951
14622
20574
16423
15522
17945
10570
19027
17007
19029
17032
17668
15955
14186
14773
14747
15121
10810
8938
24453
19113
24793
17615
16081
18354
3935
13839
19850
16812
10683
12551
2644
22069
15858
15084
9546
10724
13165
19684
14819
14354
13507
10366
13561
11450
17361
8434
15117
18652
15917
14483
13216
15386
18681
8849
15372
12409
18380
9545
18794
12167
16185
13869
12775
16790
13012
17031
13027
17351
16177
11276
16073
22027
11580
13973
22016
2679
16608
14051
14373
12083
16385
19241
19859
14558
19107
16431
18874
14204
18467
3914
14925
18527
1134
17408
14741
15834
19055
15003
14538
22058
17453
11900
12869
13566
17123
20770
2677
17827
13949
19012
20153
22590
18283
10721
14552
3807
20623
12720
13350
24168
15167
19382
9091
19334
13772
14681
20973
20043
20005
15421
11913
1215
10853
15876
15132
14982
22570
13994
19799
16972
16946
18601
1042
17695
22572
7672
20942
7260
11289
15720
13740
10177
21661
9089
16470
21602
16321
17707
11411
5405
15212
21202
20888
5750
11472
11182
14335
15256
12728
4559
17524
6455
22903
19204
14025
9496
14805
7109
13944
17762
9106
20520
21804
20138
16701
15259
14758
21725
19820
12000
15416
6091
17841
10402
1581
14306
17626
9941
8227
16623
14869
12148
21498
16763
22119
16746
13765
14827
14180
22177
1351
17784
16709
15437
6192
15351
17538
16519
19410
11294
4754
19387
18411
15744
17122
10228
16144
7138
16808
13556
19220
23663
20122
20934
11478
20916
21754
21235
9303
12509
14622
17053
4017
19185
17030
19570
10495
19731
21485
14318
19440
5822
15257
21192
17590
10405
15067
18614
15868
15957
17642
14191
18121
14884
14214
16468
18036
4259
3632
12233
17149
11608
18779
17362
19586
2436
12595
17315
2338
1309
16884
17017
12609
1104
14287
11728
20676
17610
7505
17901
6534
21719
11454
12516
11816
15686
19758
23068
14839
14624
14740
10779
11872
16508
10897
14325
14869
17437
20976
1741
11361
14693
21467
19735
17781
16442
16539
17040
2029
12630
15375
15394
1172
20683
24738
23631
18080
9175
19495
17123
15581
26873
22226
12083
22011
15279
18231
20404
11577
16253
25402
11948
19373
19902
10336
19540
17183
10065
2554
3098
13970
5130
15733
19942
16792
19415
16024
14644
2524
14384
15956
14677
15126
12300
4081
15877
17531
18891
1281
16146
17779
17226
19328
11057
12850
11747
16910
20372
17366
17669
13519
14911
14978
20925
9422
12441
12445
12334
13169
18056
17157
16521
16253
22604
14556
20253
15747
16297
16184
14400
18019
19629
7112
16543
15346
13245
15332
14437
17085
15647
7965
15258
5066
3557
17628
14587
12208
14379
14061
10318
15172
10397
13171
12502
8790
10129
5137
17351
16003
22973
14099
19419
18238
22259
10825
4232
939
12493
16214
12991
18523
18168
18465
19455
18155
21954
15714
19803
16703
19349
19763
13678
14523
10649
16731
13189
14824
4943
7139
18083
7829
2669
17658
24723
18470
14061
22361
16841
13769
21984
19084
10736
20062
11943
17205
15316
19173
16496
10773
23298
9467
19231
13894
12778
11427
16286
11946
4140
12173
10258
13023
3306
17626
15865
19933
17605
16436
13818
14584
13427
16696
20387
16135
8358
16904
16893
19568
17280
16596
4939
5721
14778
18387
3132
16517
17207
17852
20067
17016
23848
15393
15813
1778
11362
12231
16455
18497
15597
20523
17030
4273
19743
15221
21507
17125
12616
17531
12419
16129
5321
13401
20159
1665
3405
17721
21518
16277
11795
13210
15836
13745
9694
19592
16089
3749
20019
19935
1454
10336
19005
16892
17633
9147
5772
19192
21894
18406
14440
20468
20843
19558
13498
17701
13416
15062
2341
5342
4684
4321
14241
12966
11917
19224
17250
18987
17959
16362
19484
18279
1535
4417
15086
16456
2452
16996
14454
14703
8809
13487
4183
14219
10712
19002
17982
17006
16418
7805
22251
18433
16609
16017
18471
17312
17754
