363
276
241
382
496
452
385
308
264
339
374
439
371
349
302
271
537
407
380
371
293
389
343
320
341
291
265
366
405
344
276
344
378
371
427
388
359
331
377
387
418
470
313
284
451
352
436
370
376
328
395
414
313
325
322
392
338
312
401
286
423
319
355
398
313
314
297
324
353
374
343
390
303
327
282
399
341
341
397
433
356
370
387
308
340
452
345
368
306
355
310
307
408
548
423
384
420
307
349
356
405
439
375
394
379
265
325
417
328
358
325
271
338
325
332
348
433
422
465
297
680
359
358
265
389
357
385
308
302
286
339
350
345
391
454
373
325
305
576
348
347
299
451
381
337
468
430
246
281
543
486
405
357
346
350
375
272
279
306
317
379
386
317
377
437
264
380
380
340
387
301
247
428
405
456
305
378
323
365
348
378
333
325
379
421
459
253
380
316
309
357
411
393
437
333
385
425
327
347
596
376
318
342
304
320
349
409
616
364
420
347
666
458
327
461
313
365
331
430
561
343
369
512
333
489
341
295
334
346
352
315
348
360
569
360
373
308
350
312
351
313
358
499
282
281
372
416
350
377
407
428
374
431
396
414
330
338
396
377
416
272
280
343
292
312
334
367
343
301
285
420
658
296
335
359
418
469
540
368
411
382
280
392
308
343
361
549
247
272
413
408
272
414
419
268
459
382
420
314
463
361
337
378
320
374
415
414
575
464
438
354
300
417
303
600
299
374
401
448
233
392
341
365
265
263
363
435
308
334
339
385
350
416
365
404
354
371
328
320
419
354
284
290
403
484
308
408
275
412
307
394
424
359
407
358
412
284
318
262
490
366
328
458
558
547
445
370
266
283
293
378
365
342
441
377
374
372
393
405
472
376
397
396
363
289
368
373
551
432
275
397
414
315
331
375
322
301
412
388
324
397
345
289
277
305
346
304
381
379
355
297
373
415
284
379
326
276
455
309
342
371
287
254
490
378
420
289
256
290
309
376
479
308
303
381
369
375
485
340
323
354
348
342
388
395
336
456
414
317
339
281
347
509
470
483
431
326
262
321
410
402
482
290
435
332
397
472
393
438
279
328
351
313
337
335
285
617
354
329
354
376
403
266
325
496
383
351
276
364
338
322
359
514
326
315
303
342
369
386
394
334
388
347
414
293
315
355
273
383
441
398
326
434
290
585
330
340
415
282
713
362
352
374
342
357
273
295
394
377
347
344
279
381
424
306
328
426
380
382
261
459
315
309
294
318
348
303
352
423
282
413
596
368
344
237
326
341
350
392
333
447
327
316
264
333
312
453
410
405
440
439
413
443
337
339
339
435
412
397
374
433
322
311
467
305
422
308
317
412
312
291
367
342
297
378
430
312
339
393
333
579
388
335
332
241
327
413
359
326
386
470
375
410
332
322
245
411
239
416
496
350
419
483
391
359
317
313
326
385
276
447
352
596
327
299
409
389
302
394
282
269
310
307
262
281
366
324
418
427
409
358
316
424
361
350
436
536
440
329
260
330
452
379
451
397
436
352
434
369
324
352
328
647
341
439
344
420
382
346
400
379
305
431
438
274
283
376
271
417
419
401
375
268
344
287
332
325
289
394
343
286
323
400
333
454
282
293
377
406
306
344
307
537
342
439
393
366
266
369
393
337
318
412
376
477
397
343
324
287
521
341
423
289
317
337
315
439
345
367
248
396
326
391
270
302
350
438
268
323
355
310
412
422
296
390
336
362
265
419
329
383
320
263
280
389
350
316
398
407
266
397
403
449
473
415
345
464
342
383
434
397
388
351
488
323
370
327
353
381
442
414
345
418
294
366
282
404
550
391
343
375
300
464
406
373
368
448
303
259
375
358
393
418
345
411
318
329
542
417
418
499
343
334
373
377
412
288
364
332
408
349
300
347
395
335
376
233
363
348
493
319
400
346
354
336
469
629
406
295
449
451
328
378
424
361
450
406
356
405
326
355
505
287
530
309
391
322
347
325
346
290
382
351
376
457
373
239
337
381
386
402
339
417
425
324
368
538
318
273
364
370
254
248
318
305
331
321
352
414
354
481
373
373
547
294
431
348
397
307
352
348
381
298
423
395
514
356
335
349
294
351
472
380
322
323
382
328
258
298
386
293
342
311
363
369
417
456
389
416
282
280
426
394
389
369
419
318
449
334
372
471
368
426
313
335
478
281
333
356
295
270
395
321
380
326
375
344
392
380
292
432
417
332
333
324
354
292
281
338
285
282
385
374
357
435
291
378
430
362
363
375
436
340
333
503
312
322
480
419
583
402
367
381
303
398
383
314
324
506
328
298
335
365
394
381
367
405
397
382
400
368
382
363
400
208
350
354
351
351
400
326
350
420
353
348
351
348
448
405
463
209
367
292
388
388
463
396
359
296
391
347
363
416
367
386
344
283
400
366
387
351
385
338
356
365
390
370
351
368
411
431
386
368
416
379
421
408
400
335
401
245
348
421
368
419
307
381
397
426
382
347
373
384
419
350
363
415
383
400
372
422
326
387
369
345
371
353
367
362
397
205
413
381
378
374
417
329
335
386
343
382
435
432
367
398
406
400
409
409
391
315
273
331
348
443
462
401
354
418
376
380
403
420
401
345
357
311
344
363
402
350
403
368
348
398
367
387
366
386
402
418
387
408
193
412
344
367
352
416
368
413
392
423
330
438
382
427
367
350
383
401
386
369
387
373
383
367
387
424
381
349
376
387
381
386
346
336
434
385
382
400
343
389
372
317
334
388
400
384
373
381
368
438
260
299
325
409
396
383
454
437
373
368
218
387
403
381
360
354
376
296
420
327
396
330
401
357
354
316
303
413
365
460
398
437
348
353
325
409
315
384
383
364
394
384
396
339
411
336
452
306
418
424
384
377
436
362
334
345
418
416
420
429
350
369
330
373
334
350
384
394
353
433
362
381
382
382
401
348
268
369
298
290
431
389
354
385
312
408
383
387
402
397
461
365
403
408
400
352
436
418
454
336
384
396
425
368
368
350
423
384
297
390
386
405
315
401
415
297
402
381
389
378
370
434
414
414
402
369
301
398
399
411
346
401
380
367
398
381
453
356
334
401
383
418
357
363
400
465
458
334
344
384
361
441
356
352
422
376
399
454
372
401
368
386
326
422
439
350
401
349
426
311
419
390
418
400
328
351
435
272
405
372
400
354
199
436
334
408
383
381
321
419
375
413
361
363
396
398
261
353
407
420
405
368
378
402
330
344
364
298
353
395
403
401
437
381
410
419
414
370
419
334
428
355
400
399
391
211
381
370
418
403
422
333
416
353
369
241
373
477
367
401
401
402
373
368
429
363
399
408
390
418
386
409
432
364
381
387
387
408
416
387
358
374
421
400
445
318
401
347
382
341
451
350
388
401
402
412
282
419
401
325
496
362
287
410
367
419
382
345
413
394
400
304
400
378
365
404
401
400
416
354
404
382
394
387
334
347
398
400
344
401
352
363
348
428
411
276
387
419
460
420
386
319
359
368
345
390
387
385
399
388
301
385
367
367
367
365
373
383
421
373
352
245
437
395
400
373
348
363
385
349
412
404
326
355
372
418
392
400
420
360
246
399
379
399
418
354
391
329
315
362
413
316
399
381
394
386
387
440
396
386
396
378
410
413
420
376
438
401
351
316
385
404
400
296
419
369
395
371
408
345
392
452
392
410
400
342
335
349
279
367
320
392
372
367
426
353
372
364
368
400
365
367
331
362
387
348
423
438
296
337
368
418
401
388
340
171
396
373
368
420
400
384
369
353
312
416
297
406
378
387
402
441
382
346
402
372
384
395
326
394
314
387
434
399
367
383
368
392
386
372
396
419
456
367
399
415
409
192
349
229
378
438
424
350
376
358
363
382
352
363
396
380
399
382
423
382
383
366
424
346
349
316
289
467
285
346
349
393
370
391
395
478
331
423
402
323
382
385
413
417
339
406
358
417
415
388
415
382
353
403
276
331
369
402
395
423
408
373
367
368
492
410
409
381
405
380
378
425
370
347
454
383
383
396
339
388
340
392
390
367
400
358
366
369
401
382
382
382
417
371
344
352
297
347
365
419
443
337
337
325
340
321
381
422
393
415
361
372
413
247
400
387
347
389
386
386
458
371
403
300
273
405
353
435
377
410
400
368
381
389
355
344
388
355
383
373
344
336
372
343
400
324
308
338
348
400
401
361
400
357
384
424
405
364
418
425
357
437
382
415
387
439
375
350
372
401
252
349
428
338
417
433
353
250
419
381
365
307
436
386
387
400
347
381
420
401
348
313
428
401
363
372
368
363
386
344
406
352
417
375
433
468
312
385
391
368
348
462
459
413
401
434
397
413
411
374
398
372
424
376
402
427
344
401
343
334
360
424
405
410
372
366
397
379
418
355
433
400
346
434
379
348
353
345
350
431
422
321
387
406
369
382
438
401
333
359
383
458
347
414
392
343
380
384
411
379
446
407
386
363
400
382
409
404
355
367
406
414
414
401
423
396
297
408
369
440
450
362
349
423
404
412
418
406
368
340
315
345
364
387
387
386
412
382
390
398
416
231
203
216
175
217
217
217
214
301
231
189
217
217
230
216
203
216
231
230
217
216
217
217
231
146
215
202
202
203
230
216
202
229
203
217
216
217
245
217
245
161
217
202
203
203
244
231
189
202
245
203
231
273
203
217
231
202
215
217
216
203
203
189
189
217
245
203
189
203
245
245
203
203
231
216
216
244
217
216
217
187
217
217
203
231
230
216
230
259
217
175
230
217
217
203
217
231
216
231
203
217
175
217
202
217
217
203
203
175
229
146
231
217
217
242
217
202
203
216
229
217
231
231
203
217
216
216
245
245
201
203
230
214
175
259
258
217
189
231
231
217
216
217
217
217
189
147
174
216
217
203
203
217
216
231
202
230
217
215
231
231
217
202
189
245
175
217
203
216
203
230
231
216
217
217
230
258
216
203
189
217
216
217
203
202
216
202
203
217
216
203
189
203
217
203
217
203
231
230
228
217
189
203
202
189
203
203
217
217
189
231
216
217
160
147
189
203
230
217
272
216
201
217
175
217
216
230
244
189
175
159
216
217
231
216
217
203
203
201
203
230
217
217
217
230
216
203
217
188
203
231
217
217
229
217
231
174
230
203
231
188
216
202
217
231
287
217
202
173
215
230
217
244
175
216
203
216
217
203
216
189
187
245
231
217
217
216
217
203
161
203
189
203
245
243
188
203
216
245
215
203
217
231
258
217
217
203
217
202
216
216
231
203
217
231
243
217
202
215
257
216
175
203
200
258
202
217
231
189
216
230
203
231
217
231
231
245
258
203
175
231
216
228
217
217
216
217
216
217
287
203
189
217
217
216
203
216
217
257
217
188
217
217
231
271
203
189
230
189
215
217
202
217
203
217
217
231
217
203
217
203
258
161
245
203
231
217
217
160
287
189
214
217
231
202
161
217
203
216
217
217
189
229
230
244
214
203
231
231
175
202
203
217
216
201
188
216
203
217
203
188
203
242
217
216
216
217
244
230
230
202
217
189
258
189
231
230
203
202
217
215
217
203
217
203
217
203
203
175
189
272
216
216
217
230
202
203
245
189
217
245
245
217
216
245
245
216
216
203
215
245
231
216
189
203
215
217
217
189
217
175
230
189
245
202
203
217
202
189
175
217
217
203
259
216
175
217
202
231
216
217
231
231
216
161
217
187
202
203
217
217
230
203
216
217
245
230
203
202
230
217
217
217
217
217
201
243
244
161
217
217
259
229
203
203
189
217
217
189
217
216
231
229
175
216
217
203
217
216
188
217
216
189
216
174
230
231
217
189
189
217
216
203
231
217
189
189
203
217
189
217
230
217
203
216
189
217
216
203
202
203
189
215
231
203
216
231
231
217
202
259
217
217
231
231
216
231
217
203
217
216
161
188
273
259
217
203
231
217
231
203
202
230
245
244
244
203
229
175
202
202
188
203
188
202
203
217
202
189
187
217
217
216
217
217
203
217
231
231
216
273
189
245
202
216
217
203
189
175
231
203
187
231
217
203
203
203
217
243
187
203
231
203
217
217
217
217
215
203
217
231
175
230
217
203
217
231
203
217
203
217
203
203
231
231
217
203
215
245
216
203
216
189
216
229
217
217
243
231
216
216
189
217
230
217
216
217
217
216
217
215
258
216
203
189
161
245
175
175
202
230
203
189
203
259
203
231
217
188
217
215
230
216
203
203
174
216
231
202
231
217
188
217
187
203
203
203
245
273
203
188
216
203
287
231
259
216
215
231
203
217
203
175
272
229
216
231
202
217
231
231
202
203
217
203
203
203
217
231
217
217
217
244
217
202
203
215
175
217
216
189
188
189
189
189
216
217
231
231
189
217
231
203
216
203
202
217
203
203
217
189
217
187
161
217
244
216
231
203
231
217
217
203
202
217
203
203
216
202
216
202
189
216
217
189
175
188
202
230
216
216
217
217
216
203
217
217
217
256
216
217
216
231
203
217
231
203
189
217
175
203
245
245
231
231
189
147
217
230
203
175
231
202
203
216
203
216
215
217
203
203
202
231
217
203
203
231
216
187
202
203
229
188
231
300
203
217
203
203
202
259
217
231
215
231
230
229
245
175
217
201
215
189
230
203
217
216
161
203
230
270
217
217
189
203
203
216
216
188
231
217
217
231
188
161
203
217
201
230
259
189
217
216
216
217
217
217
203
189
202
272
202
231
203
215
217
230
230
231
245
203
203
216
217
217
245
216
244
202
203
245
231
216
217
202
175
202
203
272
229
231
203
217
217
203
229
202
217
203
203
189
202
203
217
217
217
217
203
231
231
762
756
844
432
1296
1750
2854
435
4413
2271
1416
2130
484
1107
763
680
795
545
602
448
1082
891
481
1423
472
544
1087
618
340
1457
403
737
1020
341
438
544
1279
747
719
2256
870
691
1743
552
790
1896
1559
1533
2185
1005
419
1791
417
465
2626
1747
1866
521
850
1570
338
586
1224
488
488
747
381
343
335
586
755
915
341
1010
1089
394
914
804
1704
574
1224
1361
598
380
1998
858
910
669
730
1049
434
371
605
488
588
436
1191
334
1133
545
1533
583
1283
699
1335
1403
1473
352
357
449
554
1184
409
955
1278
514
383
859
1118
931
851
1269
1104
340
928
1198
638
1092
3254
710
611
4203
1032
820
2040
1297
446
617
1790
490
1408
394
804
598
395
1298
301
542
324
554
381
459
753
1312
843
753
2959
438
1125
2034
2158
630
1041
2209
3523
755
1612
435
390
543
1272
585
1164
598
982
1746
419
418
380
1063
855
1283
557
345
504
436
711
504
1412
560
592
589
789
1263
717
869
1799
1514
1338
1047
1090
515
1225
945
817
708
540
721
1379
493
1212
751
1010
691
600
1746
1185
474
433
1474
677
1212
396
1061
1197
393
769
905
405
477
553
476
559
909
467
804
2095
1176
569
2796
979
558
434
964
721
664
1230
357
528
338
926
436
698
405
561
578
285
775
822
654
994
641
788
1297
1459
4413
804
461
526
478
1379
809
789
982
420
980
1486
790
582
351
408
535
1349
1628
648
762
568
436
379
801
461
905
3139
3281
590
695
342
588
1116
393
641
1455
2279
805
787
514
831
1015
1258
1220
721
1159
451
519
1229
1239
1380
420
631
843
394
1169
1715
466
1092
819
934
569
488
476
645
835
628
752
652
1103
4357
1543
583
828
491
872
491
695
287
402
641
609
684
4413
915
343
805
1281
722
1577
885
639
1209
764
256
481
2381
300
1544
1390
422
516
539
430
490
660
491
590
1321
437
1869
765
707
639
468
1447
764
4357
707
1627
394
401
475
4413
1825
706
588
1463
1145
759
1279
381
668
561
516
1581
818
488
1602
430
1855
407
1105
1198
651
569
488
832
707
491
389
473
688
2255
502
501
619
559
898
558
561
396
572
454
941
776
333
3567
609
1213
409
736
2030
491
558
1336
640
637
344
516
1586
570
1226
940
2361
1364
433
518
1015
651
336
437
1010
1501
1947
1206
721
1171
1038
3865
557
882
818
890
790
569
789
602
447
435
1286
2090
446
967
746
805
993
3074
584
829
478
362
518
993
486
403
2126
4371
605
446
705
459
1009
802
604
1363
408
1011
717
644
489
376
505
602
1062
1874
1433
1362
479
1927
578
1023
544
1788
1063
853
608
2399
483
418
460
2527
774
1444
803
1399
638
871
1392
1362
1117
400
742
1442
1111
2773
453
1225
830
714
1152
1338
439
408
1094
324
418
1573
1046
1317
737
433
541
1459
438
558
337
1951
518
994
572
982
724
585
1253
737
1612
2059
967
1097
680
518
859
953
585
651
390
1163
1062
558
367
954
1039
381
4385
739
1904
1161
627
1474
1392
655
1390
447
527
470
363
2362
453
968
833
803
1116
537
384
1182
2430
1126
1228
584
1304
678
429
1020
546
413
674
637
956
734
1570
311
425
402
404
1137
543
438
1855
910
1055
844
818
993
580
1949
427
502
818
557
585
931
1020
577
1351
365
1256
727
381
916
529
584
863
1128
707
1103
1047
731
560
395
473
390
1102
395
2241
729
859
2908
584
883
942
871
560
395
2070
587
381
1555
1214
802
560
434
1065
749
3616
873
1784
481
1213
1163
1137
949
1602
475
326
1529
640
445
450
763
351
1820
478
1016
795
1091
612
626
325
550
1077
1537
830
830
610
423
733
1993
1833
344
1800
928
719
600
913
571
718
1376
379
435
870
694
430
701
359
353
720
1346
338
318
736
2095
4385
461
686
1564
475
4399
653
1664
536
791
743
2076
994
383
636
1022
1215
695
790
1541
684
454
574
1146
380
521
1586
503
397
325
1295
883
843
564
1486
392
377
2344
513
626
1048
1237
811
411
1483
884
256
349
565
501
409
698
1930
1025
1935
525
553
667
791
420
677
522
381
598
1292
610
1200
953
436
615
616
1097
1427
358
340
912
434
543
504
686
695
395
369
691
284
518
1049
1022
717
336
1009
1251
519
805
3258
557
790
1156
395
1106
2474
2538
653
472
696
519
432
819
367
735
750
1017
418
1567
4357
369
819
381
732
524
1708
540
474
2989
748
640
435
752
393
389
391
714
387
1076
1827
559
338
541
1049
671
872
751
1417
1690
925
405
4413
706
637
1189
582
461
902
754
1184
432
575
420
720
381
516
473
710
1131
681
1507
1277
1432
1853
545
1107
703
3564
627
3016
529
462
1824
1120
956
996
1143
516
1326
737
602
720
946
687
859
985
1379
860
1081
434
674
809
720
602
459
890
462
2619
556
692
1266
760
963
2516
445
3265
671
313
669
397
566
1038
870
1294
1532
421
461
2005
463
759
1970
1351
1034
940
383
1090
489
1874
338
725
2128
1269
1939
500
953
1688
2115
1038
420
423
591
1335
1516
340
668
986
503
