357
634
356
369
381
381
338
388
408
459
462
437
425
397
473
424
271
400
402
377
400
347
301
285
330
417
417
395
319
401
356
356
360
408
414
365
378
476
411
345
374
362
289
384
398
365
405
366
377
400
411
499
337
409
378
420
328
474
366
414
422
403
315
394
279
472
304
386
340
439
330
415
450
389
373
436
317
286
372
503
603
519
451
293
386
332
340
417
462
483
359
350
332
409
318
340
287
239
391
402
271
376
345
330
358
486
362
343
431
392
319
343
409
373
366
346
333
345
403
396
355
367
277
352
336
455
344
535
410
262
268
390
399
527
316
356
398
361
413
389
387
423
399
356
472
506
418
380
338
417
304
268
260
303
370
383
342
304
484
244
317
399
434
394
467
348
399
362
412
348
421
628
290
347
382
396
367
630
385
286
419
332
373
300
400
404
336
389
485
378
436
399
365
368
385
349
352
300
371
378
282
376
443
398
307
414
394
386
411
322
488
302
397
356
381
384
384
396
436
623
324
432
334
377
398
436
352
449
414
397
405
393
454
451
312
318
384
347
411
536
617
663
307
339
491
416
353
374
412
362
398
529
355
361
483
517
481
373
413
359
456
462
458
511
319
422
366
428
442
298
351
328
419
518
302
391
262
376
307
419
451
314
528
326
350
454
381
382
340
312
403
397
370
366
445
322
373
469
305
308
341
483
404
373
309
347
282
279
335
387
438
429
434
325
439
303
523
468
350
463
389
418
310
453
265
362
371
372
322
310
360
387
353
361
375
372
374
355
451
313
335
399
363
450
383
519
279
404
386
312
421
331
334
467
354
296
532
354
392
392
474
384
345
281
455
459
310
338
365
654
383
473
370
381
350
264
347
377
370
355
374
374
361
449
520
304
521
400
448
341
333
364
383
363
448
402
309
354
453
429
396
304
435
398
334
346
547
403
342
371
413
316
389
383
400
386
267
321
284
337
397
280
409
335
547
344
356
309
374
384
428
484
429
406
258
461
406
364
434
304
410
376
357
388
256
313
421
403
396
414
323
369
344
382
492
374
387
398
390
358
424
433
412
415
375
311
273
290
360
419
312
416
284
391
387
300
308
365
520
338
434
386
328
515
313
452
417
449
288
469
375
379
417
653
408
362
311
468
353
308
327
395
512
455
343
478
760
437
315
353
628
553
582
434
517
268
381
340
395
397
335
436
363
341
374
467
361
343
496
430
289
452
317
408
368
306
415
418
339
295
384
348
371
505
309
501
428
340
407
524
296
380
412
417
329
355
342
500
368
500
346
352
342
404
395
397
359
343
351
280
378
346
421
346
422
372
361
416
407
429
422
343
359
485
407
431
487
387
268
404
308
391
386
348
392
406
301
346
404
378
472
375
397
317
427
372
425
328
322
509
417
397
378
382
347
348
306
384
362
440
327
368
400
286
762
404
288
390
386
352
345
318
494
435
408
277
477
409
308
324
399
302
391
610
331
410
350
541
300
325
294
426
377
372
319
392
425
327
370
322
346
333
380
375
425
371
461
393
461
428
523
481
295
327
382
379
315
385
439
382
373
348
316
318
402
348
452
349
478
390
311
401
294
360
319
514
345
321
300
420
488
385
317
457
401
345
311
361
349
357
446
385
345
351
429
349
316
444
386
305
398
347
391
382
373
366
285
328
319
444
558
396
370
391
424
354
380
389
436
420
451
315
461
382
346
333
366
404
330
425
395
401
362
428
355
292
449
437
316
361
430
487
415
394
393
383
333
332
307
620
330
406
343
368
382
367
341
392
359
367
483
284
350
324
446
435
318
392
494
459
527
313
364
348
339
331
332
496
348
377
382
373
291
343
359
422
572
388
342
435
329
467
296
289
330
258
431
343
345
389
415
362
381
344
385
361
301
358
371
340
263
423
468
364
338
431
454
444
338
362
360
407
478
373
386
433
377
477
310
337
339
357
366
294
407
324
337
336
399
429
428
430
559
407
463
377
404
327
361
379
443
404
404
348
355
359
294
413
309
409
438
327
361
353
439
499
386
336
292
418
336
273
273
341
420
639
308
307
375
316
420
362
397
301
415
379
327
355
346
426
365
275
308
368
304
340
389
308
355
363
303
321
356
383
405
368
339
555
311
440
372
351
449
349
305
375
347
238
343
446
457
284
361
417
321
370
468
364
369
355
367
411
680
324
325
382
264
358
408
453
425
283
367
386
327
412
363
366
332
396
413
335
367
430
256
502
384
532
397
418
474
400
391
311
323
354
398
363
401
369
385
303
393
401
399
416
516
328
345
290
605
611
503
419
518
601
517
474
584
434
479
607
525
544
536
565
470
479
476
572
549
410
463
580
537
727
596
538
587
473
548
347
481
396
547
511
415
611
514
462
653
461
482
526
641
460
615
647
665
476
615
324
648
550
591
450
578
745
593
553
474
618
590
519
527
596
460
582
548
448
364
450
638
533
522
578
521
481
345
527
510
545
720
515
599
649
661
639
548
546
547
464
398
661
642
729
531
360
526
470
470
647
457
482
530
594
542
524
471
499
418
540
413
641
741
526
413
461
637
476
642
594
471
651
503
474
592
605
501
539
352
613
472
631
413
468
403
465
548
607
615
482
542
524
498
607
538
578
461
714
588
390
465
459
580
513
454
482
604
351
606
514
477
474
593
538
617
335
549
529
497
947
413
436
529
644
384
731
601
469
672
473
587
583
649
584
590
411
615
653
620
534
422
540
596
470
528
529
532
436
473
475
469
595
464
506
671
462
423
568
682
461
425
551
373
666
586
528
395
536
559
525
540
557
658
547
425
689
606
553
595
516
655
543
659
474
605
438
532
644
440
489
367
531
572
670
593
469
468
418
540
334
412
540
467
599
472
590
411
392
553
666
561
731
595
717
468
624
663
420
536
594
764
337
471
653
459
646
466
478
434
465
494
583
466
702
526
598
533
353
505
549
674
523
741
520
494
486
454
474
456
585
502
719
415
721
541
593
517
464
615
399
618
534
603
404
769
536
365
589
403
489
301
543
614
544
697
640
420
607
601
413
540
598
657
441
634
349
479
363
545
335
845
437
620
660
463
455
541
560
417
402
517
561
403
421
788
419
585
402
401
511
463
389
653
713
419
578
469
416
608
585
520
583
526
387
485
506
635
668
457
575
524
528
446
475
431
660
415
664
445
621
363
535
708
584
536
394
493
493
470
570
505
462
401
574
447
474
420
541
532
606
414
589
630
492
520
432
401
603
505
461
609
656
450
490
794
589
527
531
553
544
676
538
480
582
647
714
545
459
700
480
476
600
531
531
477
645
480
531
511
513
329
529
510
519
450
418
471
360
466
714
424
641
541
483
480
397
470
537
474
739
523
607
590
523
852
401
696
582
727
473
463
387
616
666
654
466
479
698
642
706
417
386
468
543
403
661
452
526
532
460
538
667
671
588
601
663
367
536
776
499
491
544
713
535
573
648
617
465
544
644
530
476
426
607
571
647
565
478
526
591
559
468
461
539
586
611
464
468
482
524
462
537
385
533
455
590
522
473
430
552
483
401
467
592
579
634
611
529
665
540
523
491
432
466
580
543
603
515
628
589
541
419
492
740
548
512
522
622
603
564
455
591
459
557
668
442
447
523
591
641
655
655
520
472
705
527
531
463
754
441
470
582
543
465
643
441
527
564
610
390
410
709
381
673
514
521
517
551
400
488
469
455
851
543
391
668
586
709
438
381
648
587
510
474
476
607
576
354
522
488
482
450
459
466
521
536
520
419
361
659
454
465
410
413
374
470
405
582
468
538
408
471
538
592
444
537
451
429
750
553
395
406
475
525
533
592
664
541
599
469
541
464
460
509
539
536
523
463
367
544
446
527
423
383
367
380
537
478
699
416
342
698
536
390
638
436
526
593
608
511
414
456
526
572
403
540
600
412
615
475
527
342
540
521
536
469
470
539
613
459
664
651
593
651
443
521
467
589
473
523
463
587
534
450
461
517
457
655
468
472
542
611
537
466
734
590
439
409
623
736
481
535
603
649
459
347
521
575
551
524
515
413
467
572
517
465
605
526
511
455
461
469
475
565
704
474
615
577
664
531
605
423
395
473
470
487
482
534
579
599
519
588
396
439
541
420
544
612
537
461
465
632
525
359
588
408
545
604
401
358
593
732
674
531
400
484
460
528
351
605
588
309
450
547
664
659
472
696
539
537
524
611
666
504
593
655
410
628
460
533
540
361
577
486
647
618
550
366
652
660
486
596
635
606
603
504
560
562
599
607
480
590
470
538
599
473
577
612
497
406
527
522
720
500
544
395
427
533
372
617
603
527
658
520
541
575
467
546
591
483
603
406
409
502
521
547
473
593
463
451
419
417
612
403
594
354
590
515
419
565
511
606
598
621
455
803
476
494
661
514
720
469
449
467
551
466
399
592
573
511
559
447
536
552
539
620
460
562
662
592
612
506
586
446
527
467
652
569
782
406
672
678
584
469
514
596
591
474
402
403
612
517
404
623
520
576
662
505
607
544
557
456
657
526
519
416
662
406
548
520
643
532
527
526
588
457
386
402
272
354
347
274
285
357
360
318
259
358
309
356
348
272
288
308
318
309
281
285
271
318
253
308
275
290
308
268
287
269
221
283
311
319
314
309
282
288
248
295
336
315
329
243
312
271
313
337
297
311
271
341
276
305
362
344
256
313
282
329
322
323
289
255
302
344
269
313
302
268
344
340
334
316
249
275
295
309
267
295
364
354
344
320
291
324
313
290
308
273
301
342
363
275
316
299
276
258
283
331
247
252
293
282
313
299
253
311
324
288
327
265
306
278
357
338
291
295
344
348
330
272
294
313
343
362
337
256
290
265
280
333
228
269
336
371
346
324
337
286
255
310
252
236
269
334
229
365
341
285
333
266
223
315
327
303
247
324
297
222
329
333
320
285
293
255
283
320
279
287
359
342
262
261
302
318
317
283
312
312
317
297
369
304
374
274
258
284
361
312
371
278
267
243
269
278
289
256
280
263
307
313
245
348
252
339
313
319
327
327
332
296
305
224
303
322
314
333
270
323
256
265
284
260
353
282
311
317
300
284
286
365
274
292
351
252
313
316
368
309
298
311
291
276
332
311
251
333
305
258
281
279
268
243
339
284
266
353
230
273
305
352
279
296
305
345
316
322
312
285
237
347
330
324
265
278
369
336
272
260
350
260
279
386
255
294
243
341
349
242
284
300
286
309
295
257
278
289
295
254
315
296
332
396
229
331
263
326
292
247
326
300
307
313
273
333
321
281
294
307
314
304
304
279
286
277
296
293
310
325
357
233
317
323
382
315
347
274
282
330
305
292
301
342
321
279
258
338
257
317
331
257
259
323
241
231
307
327
244
270
206
297
317
303
323
326
284
274
333
233
308
307
286
295
309
332
340
321
316
353
263
314
249
267
332
320
275
275
211
265
292
280
243
301
306
336
229
287
219
294
311
279
266
310
267
239
286
296
324
313
367
280
250
351
345
297
257
316
301
243
307
278
354
351
292
310
337
299
282
234
278
299
321
311
288
303
311
343
309
292
282
256
276
315
300
331
337
321
237
272
304
316
251
291
237
342
288
277
274
230
325
291
292
351
306
310
271
290
330
265
293
380
222
317
328
254
339
255
334
314
305
287
277
301
246
308
330
261
299
278
297
306
365
263
313
349
330
244
258
339
293
246
266
325
281
334
259
316
294
330
350
352
306
271
306
291
326
297
310
317
331
292
320
265
332
330
324
347
282
291
386
361
305
346
232
291
323
264
326
325
298
317
257
371
230
254
315
301
320
320
300
314
277
295
303
356
342
243
319
324
319
262
227
322
330
322
343
281
295
350
250
337
274
290
333
328
260
352
250
275
346
293
270
229
340
294
305
359
296
274
332
338
354
332
374
348
283
306
316
246
255
277
224
361
260
336
362
357
294
345
277
242
289
333
272
355
300
341
384
343
276
305
249
347
339
336
361
281
281
354
248
291
294
237
272
318
358
342
321
332
290
250
206
246
252
345
257
286
330
372
355
385
244
239
311
244
218
231
318
264
307
260
291
270
259
270
295
310
334
263
331
315
248
326
301
273
234
339
330
378
301
347
326
307
321
295
327
357
318
306
265
289
311
295
251
339
275
280
258
286
335
338
243
249
324
255
298
355
260
327
238
294
325
288
345
345
306
262
352
265
318
247
257
292
309
338
258
338
357
324
273
320
307
276
273
278
270
292
320
263
320
278
294
335
272
218
292
355
348
378
277
250
266
275
319
298
295
329
343
251
282
294
273
314
290
330
288
264
314
323
254
283
296
301
286
298
320
276
295
272
356
334
322
274
309
336
334
318
357
299
301
283
284
251
291
290
277
258
302
180
335
258
288
284
316
305
304
350
347
309
289
317
230
348
328
291
306
247
355
337
296
270
348
294
304
317
267
292
315
269
347
337
313
332
326
292
350
360
304
318
322
273
283
292
336
278
347
342
308
289
261
280
351
303
348
220
305
276
284
268
317
278
243
341
336
284
281
279
291
263
312
281
315
276
300
352
286
366
272
299
314
289
266
328
293
276
293
261
276
267
262
266
351
310
314
332
280
345
301
330
338
236
314
312
259
314
341
312
337
345
314
267
286
268
335
224
247
256
268
328
336
267
326
331
338
308
264
297
265
304
236
335
299
237
312
319
339
230
255
346
377
238
316
290
363
298
333
294
288
300
263
306
352
295
324
320
261
296
296
343
330
311
345
316
370
264
309
253
328
300
241
267
352
280
301
277
285
304
306
293
303
319
276
286
326
361
287
306
352
302
262
304
348
321
312
350
327
305
286
247
19548
17645
20197
22267
20941
17994
16237
2722
17984
12522
7504
15247
18609
14853
14577
24063
16630
15218
1263
21210
24149
19944
15080
21742
11835
4853
13046
14170
22564
10503
4632
20492
21596
16868
14794
6701
17268
6850
16756
20379
21137
23695
17022
19598
22613
17105
14940
11739
14910
15614
12588
18122
8057
20848
11991
22495
12760
18403
4662
16439
18370
9864
3205
17502
16398
17482
19982
16828
19653
3018
16779
21472
25717
18015
17862
3116
6507
17489
20450
16003
15782
16888
23128
13839
16281
15756
16759
14739
20380
9994
14157
17098
16027
18445
10510
18159
3568
14034
18202
21202
17820
20675
12099
16828
22437
13879
18080
16896
17930
18542
16344
17228
15659
7192
23652
15040
19474
17133
19463
19852
3175
23622
15941
19012
18071
24699
21249
9512
12944
3212
18844
20241
15043
12251
15914
17455
16623
15442
12378
24868
20347
13065
12014
1597
25470
18189
6542
21351
19210
5756
12966
15814
2865
17310
1591
10454
14670
21002
15397
4914
1122
22895
18704
17294
20158
15579
7442
17648
13269
18231
11219
17101
17822
16577
23847
3934
4854
16055
8384
22273
6865
4322
1912
3700
19643
19000
11961
14080
12681
25447
17278
15821
14957
16709
18222
14703
10333
16229
14361
18607
6127
14419
18940
19253
2780
1910
20000
15740
15220
14378
16356
21923
11821
4697
14512
21040
3694
16445
15094
14355
14331
12063
14135
7795
20023
9595
17136
11102
13068
19487
18789
15322
7222
20651
1936
10641
22840
31202
21759
14704
14847
14068
17075
14217
4424
11369
21528
17222
12564
12447
15065
11894
9555
17715
22133
13669
14176
10529
13079
4075
13554
14238
17961
22535
20356
20270
12863
24032
3203
26463
13448
21696
3668
18145
16116
2664
21606
23896
13983
14986
17038
18355
15635
17974
11798
22632
7098
20622
13808
17521
16449
11688
19553
6439
15828
8787
19651
14864
18536
9657
15710
16482
14767
22048
1437
16963
11801
6536
8837
17707
17148
8919
26189
12153
9501
16683
16399
20026
17334
15800
9113
20931
18074
20709
13653
14289
20863
19573
11997
15796
19231
15440
16320
19062
22248
10242
17147
11466
15407
19862
16084
17678
10788
15548
15265
12874
17554
19061
18787
19492
15852
20070
4246
18116
19451
10119
9136
17924
16526
14121
18065
18254
17310
4067
23245
21139
13914
18569
12980
15265
13422
25302
9810
1626
17650
20525
22975
17048
23991
21448
24837
28032
11298
11489
14159
19334
12330
17051
1594
16068
10042
9023
12065
12156
12173
20011
14402
16925
12031
12516
11683
5294
6682
14985
19362
26390
9738
14089
16788
14307
20199
15015
19208
18160
1265
10047
20976
16102
14356
14203
13805
19050
27100
20073
25823
15429
25112
13325
16319
9402
12684
15859
14898
14911
16748
15744
16891
23604
18624
16559
1824
17394
9086
21995
23108
20288
14830
26570
15269
25671
22281
15936
10942
14017
8376
19533
20037
6554
20506
10050
5547
20201
17146
19399
21028
19159
15046
16250
14520
16168
14452
5073
1539
16029
16609
10743
19636
12993
19639
16477
23903
18037
2200
14109
13007
16839
24586
12989
13794
17175
17820
11981
20742
12792
19026
21534
14243
14734
2195
19469
14280
12500
15844
5041
4877
21547
17550
15472
18631
18374
18183
17539
13686
13685
12058
16519
22119
4441
11667
17422
25713
16654
20166
13379
18004
13048
5638
3653
16090
12486
16228
16096
19603
14266
16114
6710
16374
14030
25805
17155
22767
28824
7292
21428
2558
5621
20924
16418
20254
2348
11992
19323
19427
14610
16623
7547
16761
9384
17694
22460
16482
9791
6641
20404
19275
20029
3283
14629
7772
17921
18426
5932
14632
13878
15274
19120
11080
15765
16860
11756
22937
24266
17081
16054
15357
15292
13487
16128
20392
16676
19926
7865
21723
21605
17675
5110
18933
17131
20703
17728
14150
14230
12369
17868
24927
13193
20588
23030
15983
9953
13815
12493
15658
24546
10649
15070
18000
28140
14686
21206
8908
18219
22497
26711
18756
16715
19672
12662
15539
18994
20010
14982
15575
1611
1833
14627
18778
10423
14654
24032
13553
13622
7459
14905
18876
17946
16285
10165
18681
16794
14664
28348
15202
14837
13585
18311
15275
17026
22022
17510
23632
19353
18352
19028
15334
19153
22886
14029
24878
12023
21773
21545
20244
22841
20229
1257
17413
21702
22000
15761
1783
4346
20508
18605
17349
19315
11988
17610
14972
11548
11523
1535
3342
15247
11165
12566
13449
19801
15327
19031
16879
23325
16773
2019
12493
6024
2242
15474
3900
17436
17340
20099
10349
18652
19642
19746
15880
10497
1344
12694
22347
16953
16151
20146
20499
16760
15352
16414
16422
20222
20436
4116
18196
15980
12850
1443
21908
20210
15410
17097
12689
10963
3579
18245
17466
5488
16107
24491
15335
16497
24727
12497
18043
14194
18747
19146
16759
28473
25432
12301
12599
18148
11654
7492
17382
2780
1864
10792
23569
18637
14763
14892
9502
16038
15976
20652
16030
12586
13541
14785
14598
22521
20709
13317
15940
16021
3572
10070
2158
17796
20143
13373
14684
15376
17535
20415
9987
14739
19448
7425
21668
3621
17609
17420
17833
11576
16089
19144
1170
19587
13883
16721
13152
24105
14730
15926
3868
18246
16193
19352
17449
19131
18704
25457
17399
15459
5703
16326
16543
12811
17305
19549
18336
15328
16721
13502
13759
12038
16664
21848
20027
22045
13798
15713
17264
18962
10431
13194
19838
17677
17167
19444
9706
14401
21223
4708
2740
1195
16680
15101
17705
18430
20954
20448
19815
18217
14162
6770
9614
13901
12510
17466
12741
17230
1279
15735
20927
15814
2731
18559
21752
18535
9799
18318
2759
15329
15006
9437
13571
10038
12516
15074
18835
16507
18939
17860
13962
21547
18360
19549
21882
13607
6305
14175
12828
1380
17432
16580
7883
16463
19328
8409
13762
21075
12867
18086
12967
19759
1716
17931
19184
3067
25530
11932
17775
16707
18570
14576
22538
16710
22313
14674
18417
1409
21065
13439
16237
1518
13806
19880
2513
24729
22145
16703
17258
19104
13564
12872
1694
10199
3929
17269
18354
13758
19740
1323
12012
17675
14442
21055
21001
17498
19130
14798
17979
8609
18325
17380
9375
12112
20045
18728
18260
22486
18780
14274
10130
9328
1409
8614
17861
6852
13358
14453
18541
16587
9071
16183
17517
17572
3211
9189
18689
19090
19010
22118
17426
14178
17331
2495
