453
366
419
396
371
422
485
449
393
348
362
428
398
396
342
440
303
422
402
390
401
425
349
373
329
427
377
443
423
438
479
378
655
343
453
633
397
355
445
342
503
441
402
493
429
394
420
573
298
397
497
350
378
457
348
427
380
412
393
425
369
326
441
350
316
335
393
422
600
345
304
404
342
367
287
466
455
418
437
422
247
395
385
397
413
493
301
451
371
383
335
349
371
384
371
333
454
403
324
415
423
299
358
400
341
461
383
372
386
524
460
331
345
338
342
342
414
415
494
360
388
287
329
370
359
304
347
370
348
347
406
372
312
392
267
422
400
461
399
324
441
374
394
446
440
337
540
459
393
477
387
355
444
418
724
388
353
434
441
433
413
362
490
343
390
286
401
435
342
377
405
331
425
454
417
537
306
426
379
467
323
363
388
427
363
385
491
310
386
407
413
483
443
353
576
435
377
502
364
408
381
357
434
346
324
477
333
544
349
340
408
389
378
378
406
349
319
398
374
518
441
305
457
646
519
346
420
339
393
348
407
503
334
417
332
348
303
414
653
521
426
357
462
494
457
394
381
494
495
387
347
498
419
297
434
551
449
393
422
328
700
417
478
434
300
348
331
348
469
369
309
374
397
392
276
368
436
393
435
340
488
407
417
395
368
409
309
454
447
381
378
305
453
393
361
413
435
364
347
442
380
366
348
339
415
427
414
440
510
327
378
709
357
434
415
389
368
358
398
393
369
525
292
466
304
350
389
331
363
382
436
459
442
553
353
588
345
353
440
326
366
350
480
270
477
357
481
325
334
371
336
578
464
409
308
405
447
407
391
440
376
366
422
534
279
309
375
352
348
356
402
476
451
290
321
316
299
426
400
387
432
379
325
290
395
401
247
445
449
353
334
438
410
418
355
311
519
487
400
297
334
364
330
403
555
330
345
320
348
429
335
476
520
357
284
343
370
407
373
387
351
388
284
377
384
394
474
506
367
434
347
427
438
445
466
374
419
345
363
424
345
388
385
389
363
340
327
412
503
428
376
426
421
361
331
456
671
442
274
385
370
436
342
351
456
364
429
399
401
404
358
465
426
435
564
445
466
386
406
265
436
340
412
424
441
420
337
393
368
394
384
304
427
404
478
505
371
432
369
341
318
422
426
375
495
363
428
361
308
465
466
400
474
457
339
407
417
376
750
386
348
462
426
349
333
420
391
434
380
300
384
403
380
362
408
375
390
551
291
365
443
292
452
688
475
384
352
345
462
455
447
383
407
453
343
472
427
381
391
326
319
406
346
397
364
449
403
621
397
424
360
466
384
388
345
351
292
390
427
410
449
400
403
451
354
384
403
492
386
432
454
390
305
375
380
418
415
339
298
394
499
288
301
343
485
406
369
371
336
385
286
488
453
426
482
402
357
429
373
491
362
443
386
453
467
445
444
446
390
403
351
387
318
359
379
296
384
384
373
407
482
415
357
488
351
311
408
386
297
394
435
412
365
421
410
328
481
363
376
325
416
387
418
437
571
402
507
349
332
413
421
305
552
436
370
422
282
549
411
385
398
372
345
578
387
504
470
387
367
387
390
461
362
381
601
317
312
419
396
286
594
379
476
419
348
353
476
374
447
326
409
254
395
472
483
326
478
459
362
418
319
517
331
460
438
461
439
435
415
460
454
346
471
386
388
391
394
415
345
559
404
399
421
514
419
400
385
348
400
325
344
362
356
386
459
375
496
376
343
398
426
474
393
356
356
304
435
350
385
425
346
530
373
331
339
459
381
457
367
398
274
443
383
331
437
479
302
495
448
341
423
373
264
382
388
397
443
411
375
346
350
376
348
443
377
383
309
442
407
447
441
361
334
336
378
373
514
437
358
347
306
371
475
376
468
380
407
370
491
420
326
484
413
448
373
362
256
380
452
391
335
439
637
395
320
288
258
394
276
423
474
716
511
347
398
383
442
379
397
327
408
371
399
364
530
443
492
354
486
472
274
336
418
370
379
395
395
373
370
308
455
387
476
412
326
420
445
444
401
456
400
381
318
382
361
384
296
396
373
490
332
372
506
295
501
370
423
345
426
407
514
280
352
348
358
426
413
398
388
347
493
492
402
386
335
736
501
409
333
368
274
298
343
449
340
423
330
384
399
421
369
363
390
481
349
429
361
333
415
424
378
379
429
443
394
515
373
406
399
380
287
328
436
419
403
353
361
378
280
417
379
386
354
413
459
402
362
464
474
502
338
373
412
391
326
327
453
334
402
249
361
412
381
343
483
455
379
419
350
386
613
540
665
582
439
466
456
609
466
560
537
541
630
546
528
489
619
478
566
373
489
533
294
549
422
593
821
596
540
618
579
602
502
667
630
519
568
475
660
540
648
657
508
744
661
489
530
673
680
476
753
536
430
739
587
547
565
535
415
565
486
490
662
555
531
384
472
494
482
543
474
536
732
540
383
479
592
472
626
680
483
490
895
550
490
675
492
670
663
544
614
610
596
397
345
619
422
583
670
545
513
495
465
590
407
575
535
562
557
652
627
463
403
539
643
487
645
606
542
423
603
454
527
479
472
442
479
538
601
547
462
609
503
379
498
617
485
718
583
595
693
404
625
560
536
405
626
739
731
625
383
455
519
388
1002
502
590
464
395
560
729
613
650
447
502
602
495
553
803
630
479
377
559
503
594
594
477
601
334
539
480
344
657
601
590
553
666
358
411
528
771
529
600
673
454
436
555
649
383
555
627
625
549
583
441
682
617
667
476
614
792
528
723
620
589
632
407
627
595
678
476
438
614
622
598
482
520
599
557
499
418
546
430
664
556
474
476
660
531
603
707
513
488
564
672
609
673
622
695
549
627
432
735
423
661
510
570
549
685
534
492
533
575
547
461
426
558
577
548
678
468
659
480
492
527
601
451
619
679
550
589
670
588
599
597
538
495
662
618
477
557
398
664
609
475
390
473
470
592
510
440
682
611
729
553
642
423
672
515
526
425
609
536
600
630
543
657
426
728
506
557
705
316
532
583
605
475
588
476
472
661
497
571
349
614
619
490
459
464
504
525
468
673
408
586
576
539
587
525
588
618
441
595
594
487
728
675
531
715
689
597
577
528
690
708
543
605
465
481
490
373
590
700
505
479
436
420
477
742
474
482
405
469
540
590
618
419
596
487
541
548
427
431
692
550
724
397
663
473
490
640
379
352
700
672
479
595
513
497
621
604
782
638
454
431
473
410
487
513
566
374
575
480
437
548
655
578
635
523
659
412
368
505
533
726
484
546
484
469
663
442
406
619
687
667
485
411
603
566
598
598
614
494
495
426
568
499
493
547
558
676
732
462
721
671
613
722
470
580
631
470
641
407
677
482
465
665
479
519
460
483
441
605
674
730
672
477
528
473
689
459
718
730
462
701
663
619
652
467
404
532
601
652
497
657
432
531
447
539
549
534
517
602
717
544
568
620
539
573
534
605
661
659
463
410
861
488
642
588
429
634
547
429
487
608
544
669
701
588
604
533
443
583
796
648
534
471
593
692
409
554
519
601
662
472
679
500
547
614
365
681
651
572
519
641
526
547
457
601
678
651
549
524
595
599
497
429
522
458
745
551
619
543
630
550
686
555
415
564
683
562
500
484
475
668
713
660
584
366
609
624
468
391
478
827
545
468
554
504
668
365
638
739
692
649
607
478
545
613
658
595
598
561
681
537
671
613
663
595
535
424
478
491
703
675
542
342
649
485
428
560
383
327
734
614
534
500
465
540
518
465
604
523
732
617
447
646
530
502
494
473
527
515
483
534
469
722
619
376
538
485
498
594
474
481
476
477
547
675
684
556
586
511
469
675
516
632
614
559
455
586
603
544
553
646
486
493
516
587
407
695
414
462
470
555
624
518
455
760
522
410
337
479
520
705
652
385
500
615
576
633
682
429
676
666
734
670
401
665
492
590
410
491
668
414
779
434
468
644
747
567
545
661
709
712
475
685
574
546
543
426
423
417
602
652
550
563
532
526
555
537
566
479
525
552
538
473
477
679
530
681
825
365
790
456
572
541
611
470
423
434
551
535
516
499
644
464
548
551
529
542
677
353
650
602
402
578
545
664
356
535
760
563
625
574
541
591
396
444
585
674
621
619
476
361
594
697
410
466
356
546
602
683
580
475
420
522
604
599
536
549
442
383
477
679
594
534
476
557
572
591
501
538
562
369
547
438
426
413
715
618
807
436
543
546
471
579
388
546
401
483
546
543
539
627
594
575
542
552
489
615
621
564
672
472
582
522
438
610
535
597
689
727
489
470
622
672
504
628
615
485
524
387
552
538
473
535
394
595
733
552
559
429
516
597
457
661
470
435
671
729
548
497
389
545
537
421
522
420
496
693
671
525
657
422
662
436
422
460
482
548
601
472
550
590
666
549
669
657
554
533
618
571
507
618
555
414
464
598
707
566
441
544
495
568
406
558
610
546
660
374
361
663
661
672
531
595
591
591
636
668
683
560
496
604
480
413
570
538
555
551
610
492
487
386
488
592
571
553
486
477
606
728
439
667
592
600
750
522
670
331
307
323
331
278
364
326
318
274
308
292
281
325
311
337
333
278
288
330
344
295
328
293
371
288
370
372
317
311
301
313
356
359
376
272
385
311
334
363
373
352
329
348
330
367
295
263
366
291
281
325
371
336
347
290
253
238
292
289
287
303
351
307
252
347
286
295
319
351
303
293
371
390
311
309
309
314
270
297
371
261
287
285
257
303
298
322
365
394
275
329
343
325
359
293
322
284
318
287
301
296
273
229
345
318
266
297
382
222
282
324
366
337
288
330
333
381
357
388
325
339
350
347
309
294
258
345
368
269
375
285
344
332
328
315
332
393
289
380
276
322
316
300
309
286
350
342
318
366
314
353
335
381
288
316
373
361
259
314
350
366
374
326
322
306
387
306
317
338
283
299
336
280
303
350
281
328
328
331
340
259
291
304
325
350
324
303
313
324
319
317
295
338
300
388
341
317
368
286
282
286
347
379
306
307
392
374
378
228
269
404
297
330
250
302
322
384
349
338
324
287
274
399
377
327
328
384
311
323
313
279
324
331
348
323
309
294
302
274
354
338
405
283
280
391
303
353
312
327
310
372
321
289
382
376
342
348
354
314
326
328
242
297
362
331
306
260
267
410
329
295
332
319
334
396
348
370
294
345
286
341
334
345
317
325
243
288
363
369
226
329
317
331
331
308
383
333
367
297
313
300
268
275
305
292
323
333
299
359
304
314
278
289
325
367
331
387
332
357
238
348
285
324
314
241
294
320
306
285
271
344
368
322
294
320
321
236
299
380
312
338
300
332
345
304
399
297
339
299
343
259
314
339
317
326
246
338
317
349
314
318
327
314
338
278
324
308
341
329
296
296
324
323
291
335
324
370
264
339
325
273
315
297
314
341
277
283
360
307
297
307
284
343
333
331
268
300
346
287
355
269
345
325
265
319
313
215
321
302
315
307
365
306
318
272
361
277
290
262
331
331
315
308
360
299
323
264
346
301
320
281
286
310
283
276
300
315
329
305
344
399
304
330
292
327
276
254
340
332
351
345
352
251
331
267
315
368
303
259
264
295
331
338
268
269
391
357
372
345
342
309
284
263
401
303
321
312
372
299
230
314
291
328
297
383
371
318
304
319
354
344
392
304
277
359
363
325
264
331
371
261
338
349
341
406
335
315
274
312
311
329
385
394
350
325
352
338
353
357
360
379
272
328
323
342
339
263
254
378
340
319
260
405
242
296
302
371
314
315
370
345
294
343
350
269
279
349
362
312
315
346
362
295
315
272
357
319
321
375
297
299
352
316
433
300
352
334
346
324
377
345
333
306
343
301
257
342
314
329
359
294
291
318
298
275
258
303
355
314
256
284
328
325
329
330
357
312
349
296
332
316
348
285
345
296
282
254
344
284
363
308
284
302
282
378
366
295
358
361
356
327
355
346
410
363
315
330
294
296
356
267
333
314
338
347
307
336
338
285
275
281
322
309
305
369
302
312
345
283
342
304
359
305
356
394
316
337
335
252
301
288
336
360
297
338
325
388
278
347
340
398
306
280
280
302
307
313
326
243
369
374
395
336
372
337
284
324
327
277
332
309
371
275
364
371
301
304
336
378
338
333
334
291
255
333
309
321
270
318
384
233
283
320
266
310
353
338
293
301
286
266
320
270
315
375
313
328
272
379
347
347
326
260
323
281
365
300
269
323
343
275
308
312
347
276
289
295
277
308
346
412
286
253
339
401
247
363
306
308
315
367
354
359
295
375
343
354
296
291
294
291
299
319
349
259
310
302
348
379
349
381
317
386
314
280
322
376
312
257
294
427
349
228
357
336
242
385
342
318
336
346
360
331
291
283
267
389
387
301
310
283
356
333
319
280
257
341
268
311
240
254
323
381
346
292
296
338
354
266
312
294
298
234
232
327
278
290
296
286
332
343
335
363
304
393
315
377
371
245
338
300
336
321
306
303
358
244
306
329
285
334
311
311
273
408
285
346
281
393
318
280
368
380
328
311
346
337
301
330
282
361
374
310
301
331
302
352
357
394
310
311
355
337
315
352
337
279
263
269
261
325
296
279
344
338
285
326
307
238
322
341
308
288
290
401
360
307
317
335
306
285
293
343
368
395
347
375
375
307
249
280
299
362
338
285
294
384
387
383
335
342
369
349
254
285
353
292
284
350
368
283
317
348
305
304
332
345
308
368
308
280
293
335
299
332
354
332
341
256
349
321
377
282
279
342
328
269
328
278
304
271
315
254
249
373
384
317
324
332
341
340
321
353
368
328
354
307
341
275
310
18243
13563
16049
26423
20326
20794
21772
14859
11905
23971
22493
19286
18032
20117
13631
15374
16508
23657
3985
19864
17909
18826
13894
17327
19372
21392
19199
16799
18071
15589
12722
16320
20839
18207
4158
12218
15389
16989
17096
2815
16301
7804
15995
17386
14853
17576
12524
10305
16531
22636
14992
9316
22306
19452
17766
14606
1750
4379
15790
11623
14355
10870
9708
17213
19910
15131
15244
17791
21759
14814
18765
17193
21859
7648
24845
18275
21937
17609
23611
22405
15209
19466
11106
19214
20444
24681
21986
7124
24357
20717
17238
21302
1493
20277
18976
4816
10499
8864
15733
11933
15927
12105
2475
24790
6465
15917
22223
9802
4866
16222
3602
3949
3051
15691
23322
21163
18934
17643
22922
14933
20350
14010
22089
14739
4510
12407
27417
2003
16068
19946
1985
1527
16962
14708
19898
5187
17329
17845
20715
17204
22208
19795
13491
15088
13948
18954
13122
13208
18551
13385
17187
10603
21820
12900
23321
26854
10190
4580
24504
8419
18319
21335
20112
20550
18305
1803
22617
11861
18257
2615
15072
13179
5168
17071
12104
13584
14970
15245
21116
14481
17300
15056
23339
17180
18414
9603
19000
22116
21321
2712
14650
17788
21558
1522
21828
18635
27197
20820
12060
14997
13872
13158
16792
20476
14004
18950
17422
18159
10352
17605
23940
12485
23448
12482
18379
21639
15839
18656
19600
19852
12930
19022
19095
19142
14767
21168
18228
19458
14979
21120
15997
11937
12409
23867
4339
15364
13695
21109
11010
12541
17744
15619
18764
16767
18692
9004
17073
16318
17017
15939
4127
19953
16304
15264
20843
15223
19634
18611
14564
18355
21404
5383
11517
15993
13794
16267
10734
3152
19066
19991
7678
10682
19860
20717
5178
17390
16970
16936
20485
19626
17792
22263
23258
18428
16695
15129
6976
20505
17525
13363
5646
13117
21189
12986
16569
21900
19867
14862
19768
15172
19602
15433
22282
20337
15363
14906
20726
16201
22949
16597
10273
17414
19111
14696
12791
17838
22150
11417
24823
13653
16122
13227
17759
19571
15378
22520
18959
15450
21427
5046
19776
19146
17953
17174
18453
10705
17982
7759
21651
15122
10961
20102
14174
19376
22260
17562
1871
16609
16801
1684
22738
18959
15486
1079
16898
16713
21255
14812
16970
19842
14414
17205
14225
24132
2981
16677
22400
19464
16657
18359
23332
16532
6267
22128
19591
18046
19353
9571
19656
15107
1327
18011
18077
16585
3081
16414
17440
18370
16319
15328
24382
18624
16985
23093
17849
15411
24639
18736
20974
11281
16502
19747
15423
10934
17060
10526
2398
4474
11867
16244
9553
6675
12064
17798
22629
15419
13546
16157
15354
19076
17754
1926
11961
18844
15676
17314
7569
11693
11603
25700
1728
12279
1442
15560
17153
18340
19162
18390
18345
18715
24352
11424
12498
20933
11538
12635
19465
22636
18439
15486
19672
15780
14895
12548
11836
15120
19464
14298
19876
5944
20052
7466
22001
14073
1893
22588
21892
21661
14910
20324
7187
11412
11650
18734
13162
22159
1698
17087
17302
19708
3026
13052
20788
14200
20042
5175
16503
13643
11493
16245
17054
3153
21289
12036
15611
16594
12257
20415
1883
15358
9710
17989
1185
15233
20261
20625
1660
15510
18748
4630
15077
18959
17036
24712
17997
19041
14705
20941
24322
9656
6361
6038
14349
20434
13542
3614
19479
18878
23686
12926
17865
14054
18916
1582
3020
15085
22297
8024
2461
26204
22475
12813
17936
12955
23067
11653
17420
17441
17979
16622
18129
6430
20728
19709
1453
22408
3679
22601
17133
17850
4005
5407
17481
22447
13792
17353
18252
13665
9523
20036
20146
14573
23219
19773
14801
17744
17144
10456
19375
22946
19552
15930
16188
18276
6963
13412
16073
19912
20146
15157
11355
21932
14111
16127
17146
18717
12792
25168
16291
17853
14165
21920
16090
16449
22031
18545
11353
16900
6038
16357
14881
15413
25232
14841
22902
13513
17590
18276
6026
11643
19633
7799
16035
21911
20776
16056
19159
25848
16388
16299
18532
16359
12159
2402
19592
19339
8572
19650
14765
12564
9900
19357
12120
14372
22405
14059
9983
1979
1079
7237
15440
15726
10709
17979
19079
16474
19977
9056
14599
19004
18329
17984
19760
9492
15939
20045
25251
17562
16826
15622
18650
16004
11266
16767
16012
18943
13386
17306
17039
12134
3834
27746
15002
15126
10658
15322
21239
19991
2541
20504
2567
25403
19949
18873
23529
12679
15333
12749
23037
9000
21332
17375
18242
2029
23948
5774
9999
16638
12829
3759
17920
9647
14735
1885
5773
17087
13385
19910
23249
16231
3429
13117
19088
20997
20471
4911
18427
18201
17148
16985
3291
19120
17014
16634
14747
15844
15089
15556
24088
20436
12565
12967
2827
7246
7255
6447
12175
18843
20397
15706
20862
19936
10187
14848
24776
12111
21145
24341
15439
17642
15407
22115
12743
17435
16048
17252
1970
1731
14846
27089
13831
8244
12725
17759
14912
15163
16152
10733
17061
15788
13314
19731
22750
19087
16278
11722
22117
13970
13826
17287
19298
19993
14735
2777
18369
6944
20457
18086
14198
9889
17946
22430
10003
17534
9825
19160
17834
17212
15938
6476
8094
15086
11353
16907
21944
17190
17768
18956
18205
18649
12247
19861
22800
6210
21851
14202
23508
7134
19334
19146
6420
17767
11260
14620
15318
2846
1599
21980
16475
18676
16695
20564
21756
13403
11036
18796
19061
15024
14897
19777
13845
14610
18384
6009
17775
18985
18982
17330
14654
2606
11528
18930
13832
13672
18606
2564
12380
15480
14217
20175
14397
18771
25434
12685
11541
21712
17458
15851
16650
12410
16220
14227
11054
13047
15234
19804
20110
20750
17979
1534
7363
9632
15438
15826
23082
18582
3635
19078
19362
14286
8329
21954
15027
21645
22168
11075
4273
16388
13237
22120
2057
19439
24430
21867
19292
15683
18578
9958
17706
7347
15229
17241
15366
21137
16946
7831
20675
16140
15447
12814
4876
12777
21820
9743
20683
3026
19047
24445
19979
14576
17122
20716
21234
12403
17167
20878
21152
21069
6565
19583
1550
13033
14550
18595
1542
17462
13683
18590
23040
12830
20724
19056
15067
17909
19691
23492
9623
12794
2977
18263
29729
24694
17237
16030
11863
20382
8607
17498
7075
2855
15795
14664
17319
11591
21993
26046
2767
23437
18094
15274
21918
19864
15440
14512
26423
9357
4319
20464
13930
10664
