628
508
352
706
367
415
439
407
402
344
439
327
301
410
381
338
476
545
516
471
434
380
323
385
443
405
455
452
356
308
439
377
384
426
429
487
321
438
455
337
429
472
402
422
421
415
366
373
345
348
491
455
690
549
397
468
447
393
341
351
390
463
459
497
594
357
367
452
408
470
515
347
548
344
345
329
319
386
333
451
338
421
354
366
452
386
338
548
434
484
536
443
622
368
433
563
472
359
352
324
438
422
378
364
402
382
409
398
344
404
391
541
378
526
412
531
426
425
322
464
407
516
369
386
391
488
400
416
473
312
417
513
435
370
465
515
486
531
390
319
451
404
369
541
388
545
422
300
329
412
378
419
364
379
363
643
406
439
384
442
362
452
439
411
636
480
448
435
314
404
443
444
399
421
366
410
526
460
448
507
361
510
402
429
465
524
383
468
460
348
397
398
442
361
453
368
463
472
512
436
472
464
389
385
466
392
538
405
421
306
437
452
329
366
429
376
471
469
402
396
373
421
305
340
315
413
372
405
402
344
354
720
460
441
344
347
353
416
472
481
473
365
546
433
370
400
509
402
392
478
478
421
417
370
411
427
424
549
394
470
442
317
364
439
458
386
477
387
577
358
445
422
365
467
436
387
434
385
417
444
405
400
393
480
474
479
469
441
360
375
605
444
377
419
352
354
465
356
373
433
410
400
419
389
381
441
408
460
439
484
491
390
451
383
454
447
443
391
395
347
539
425
432
438
342
566
402
408
466
366
566
408
454
305
419
442
346
355
503
481
360
512
447
409
369
696
392
344
390
408
524
502
470
359
422
364
374
429
470
379
376
383
420
358
389
410
354
401
434
464
493
398
460
414
465
379
367
850
463
523
370
356
334
382
421
541
428
297
407
402
383
442
419
399
408
389
460
433
412
400
464
405
407
607
420
374
552
395
485
446
542
495
366
446
368
420
419
343
592
479
387
420
428
362
485
442
427
393
406
440
492
431
526
413
414
446
354
401
435
304
451
430
439
416
380
381
395
370
494
397
370
603
374
375
486
440
381
445
432
612
538
435
337
450
512
485
366
471
409
378
350
511
443
453
365
417
281
337
511
307
428
370
455
400
503
365
343
397
369
391
323
318
428
604
319
452
535
326
386
423
505
396
445
410
394
364
478
430
525
355
371
399
399
387
414
377
508
542
446
482
288
431
407
369
578
440
403
372
455
447
424
383
453
391
426
347
504
347
508
319
467
282
478
405
319
456
482
347
423
412
389
442
397
454
326
612
515
463
333
411
341
402
425
440
484
540
401
298
456
516
441
392
426
466
406
698
340
443
349
460
573
435
393
449
368
464
604
398
345
454
426
367
422
468
453
331
360
364
359
391
439
421
441
286
447
685
365
430
406
368
354
456
424
368
251
398
606
387
530
393
320
401
375
386
490
331
345
487
442
408
351
302
595
433
411
333
412
439
476
433
426
427
507
369
334
431
439
407
482
443
415
434
416
363
480
351
471
335
462
389
427
455
426
368
340
348
483
496
643
438
480
347
534
378
370
381
464
493
337
307
402
481
520
355
402
781
348
353
433
329
389
515
466
355
350
411
331
417
463
397
440
378
454
344
423
481
400
422
518
491
428
371
370
317
430
649
712
357
497
496
390
505
353
318
292
441
405
432
479
432
475
324
359
305
443
303
520
637
381
402
426
615
409
386
377
419
426
269
428
449
519
355
420
450
452
390
453
436
404
329
391
337
403
493
433
473
397
367
389
373
386
382
441
495
397
412
333
403
393
515
352
386
445
451
489
416
493
452
456
495
616
311
473
441
521
419
384
347
325
434
406
415
473
460
397
405
660
344
301
415
404
330
444
334
439
603
472
443
492
442
429
420
462
293
462
364
485
363
417
361
523
396
412
313
409
408
473
420
433
362
421
541
497
400
362
355
377
547
415
559
541
444
414
481
385
313
414
413
393
537
377
528
446
455
485
356
550
381
473
466
520
460
352
446
269
462
436
476
452
413
474
417
413
395
405
378
526
342
442
539
429
600
323
482
385
359
724
532
393
515
388
539
329
520
399
356
347
442
485
290
449
408
342
401
416
432
638
386
431
308
658
437
298
447
437
388
292
433
436
421
546
397
454
368
385
321
431
373
525
403
488
420
327
458
413
362
480
542
424
364
411
389
426
608
400
435
408
362
491
689
406
441
497
406
316
575
519
448
369
461
550
368
384
324
460
465
506
588
382
387
548
427
413
413
460
394
438
330
352
293
312
456
602
397
482
430
515
367
353
360
471
449
449
445
516
361
453
423
397
444
504
445
398
494
548
461
403
432
432
484
415
410
414
491
466
483
467
414
467
454
446
445
444
416
401
389
445
483
450
532
396
427
462
449
466
489
448
405
423
466
478
386
447
468
428
394
423
302
405
451
517
511
403
401
527
454
473
531
508
366
385
424
466
464
471
407
464
489
422
466
403
446
504
416
370
504
396
483
466
429
444
452
467
338
503
450
362
456
488
489
451
466
445
428
444
391
465
425
460
425
444
470
486
466
446
483
279
451
431
430
409
407
395
500
402
446
373
454
467
580
467
468
384
429
394
378
408
348
465
388
407
433
423
486
428
491
372
474
390
429
465
460
464
489
434
418
406
450
423
393
495
437
465
423
388
499
506
474
505
488
422
452
393
429
444
404
421
347
413
430
446
428
406
426
490
468
427
431
447
406
371
432
468
385
435
505
406
429
368
401
383
478
450
386
468
450
424
426
426
445
467
449
450
472
426
488
428
451
368
445
486
433
467
450
425
466
462
482
430
446
429
481
445
466
450
492
489
476
299
427
423
450
467
506
467
491
483
411
592
461
488
449
488
444
407
487
427
296
433
360
370
453
420
389
343
390
385
445
401
505
427
466
411
485
423
454
429
479
447
431
427
424
522
432
445
440
432
490
432
346
461
481
430
390
545
419
444
424
520
490
399
470
494
472
406
425
425
391
390
433
262
431
430
446
445
432
429
385
414
367
450
391
412
446
449
462
360
390
348
429
445
350
440
462
412
489
457
461
392
450
490
380
419
483
444
423
468
416
434
372
419
397
427
443
461
511
388
509
465
470
440
463
484
449
450
423
444
446
466
467
394
447
296
452
428
375
412
491
416
511
452
427
411
411
526
494
446
439
432
409
489
466
522
459
377
490
447
486
369
454
450
406
472
424
478
385
495
510
467
446
484
495
441
445
361
468
401
450
404
427
468
512
467
415
483
461
505
392
402
428
402
450
366
418
279
414
345
422
470
392
484
454
446
448
447
359
492
468
410
389
486
433
411
471
469
446
468
427
363
467
472
471
580
428
505
482
469
431
461
456
446
465
424
452
364
430
374
417
449
433
445
377
428
471
498
471
401
494
402
442
463
440
478
405
265
386
450
430
452
445
360
406
428
467
443
423
435
487
467
288
412
372
372
431
491
444
426
445
484
445
468
389
445
428
400
420
500
489
512
501
436
445
506
513
447
449
389
432
408
488
443
415
452
455
429
408
489
407
519
446
436
394
466
446
473
475
416
390
457
517
462
403
465
386
425
429
482
398
427
429
405
448
464
381
434
421
409
510
486
501
526
446
423
444
444
449
467
423
449
290
445
465
473
452
368
484
383
468
438
462
444
417
428
423
421
461
463
450
392
481
483
489
471
460
412
493
527
485
473
473
454
462
386
452
473
464
444
525
384
444
444
431
484
423
460
488
455
474
363
444
445
444
402
463
458
348
451
428
450
422
446
476
488
445
385
423
523
397
409
423
395
429
433
396
471
426
407
483
424
423
469
491
355
484
403
467
257
406
463
424
411
472
449
473
425
424
385
455
559
429
545
477
489
472
362
470
430
410
474
411
406
446
464
450
420
461
487
402
467
487
411
381
491
351
407
424
499
427
427
418
442
507
387
469
404
482
509
527
394
450
468
427
447
447
447
351
407
485
440
464
410
445
483
466
467
448
490
428
428
494
402
534
425
408
465
461
466
426
471
429
492
391
383
398
388
377
356
466
432
445
483
450
436
452
418
484
443
325
428
383
382
388
450
489
466
446
445
454
406
488
502
509
489
469
428
449
521
471
458
450
312
446
404
451
423
450
462
427
446
465
449
427
411
537
467
466
466
420
406
449
412
482
430
506
449
482
427
473
454
467
431
495
431
414
430
444
402
393
384
433
444
466
442
491
416
466
494
438
340
432
466
505
445
445
385
466
511
486
347
426
471
490
449
472
445
428
432
490
406
472
449
396
389
410
493
388
488
458
392
471
444
463
446
455
468
444
447
430
469
422
465
427
498
425
331
447
468
510
458
445
444
193
503
446
468
388
441
443
467
440
447
422
440
408
407
456
424
448
411
407
461
455
415
424
430
488
504
472
389
450
446
413
488
527
512
427
462
472
381
388
375
488
423
424
483
415
467
452
479
423
403
411
489
445
376
433
381
428
432
512
410
473
462
404
454
444
383
407
439
446
450
444
425
500
490
469
453
505
413
394
401
326
467
460
446
460
445
417
487
490
427
504
466
462
445
444
367
460
471
422
262
261
245
262
311
176
245
245
260
262
296
262
209
245
279
278
262
262
245
279
228
228
227
261
262
279
262
245
262
244
245
262
278
245
261
227
278
279
244
262
279
262
279
261
262
261
261
244
262
262
244
228
262
261
244
228
261
160
261
245
261
278
262
277
278
228
244
262
261
244
261
261
261
279
244
245
261
261
227
279
244
262
261
228
245
262
226
295
262
245
279
245
262
194
278
261
245
295
262
261
245
262
262
245
279
243
260
245
278
262
262
245
279
278
262
279
177
261
228
245
245
245
226
296
262
262
227
245
262
329
261
262
211
262
228
211
245
194
262
244
245
227
261
279
245
262
211
261
226
261
262
279
279
262
228
278
245
260
261
228
261
211
261
262
245
295
279
262
278
262
262
245
228
245
262
262
245
193
228
261
261
245
245
261
279
262
245
261
262
245
261
245
261
245
228
279
245
244
244
262
261
295
261
245
261
245
262
262
262
276
261
245
245
261
261
278
245
262
244
262
262
228
260
245
261
261
278
296
261
262
245
295
278
262
245
245
261
296
211
245
262
241
278
279
262
329
277
242
361
278
261
244
262
260
244
261
227
211
228
228
245
227
278
228
211
243
245
262
261
279
262
262
227
262
261
243
245
296
262
260
245
262
296
228
262
279
211
262
228
160
278
245
245
243
296
295
261
262
295
262
228
262
261
259
261
244
262
194
211
228
194
243
245
262
262
245
245
261
211
228
262
227
243
262
245
279
226
245
227
262
262
211
279
279
228
262
242
278
211
244
261
211
279
279
261
261
261
210
228
228
262
209
261
279
278
261
226
262
261
261
279
295
279
244
245
278
261
262
262
279
227
262
245
245
245
210
227
262
228
279
245
244
227
243
279
244
262
211
228
245
262
262
295
228
245
262
262
279
228
243
244
245
245
262
262
227
245
279
261
262
279
245
279
262
211
279
262
262
262
245
262
260
262
228
278
278
296
228
262
245
262
245
245
228
228
245
228
244
244
243
279
245
262
245
261
262
277
262
262
194
279
244
228
245
262
262
262
245
245
262
243
262
328
244
279
279
261
245
278
228
262
261
262
245
245
261
226
294
245
244
262
210
245
262
262
279
261
259
262
261
260
279
294
262
192
245
245
245
245
261
228
245
260
261
261
261
262
277
262
211
245
228
210
262
261
279
261
262
279
278
245
245
279
260
261
279
296
262
262
279
261
262
279
262
262
244
244
245
261
262
211
211
245
245
260
245
261
245
296
261
245
210
261
262
245
245
244
228
245
329
279
262
261
245
278
245
278
211
245
262
261
262
261
228
245
259
226
262
260
296
278
261
262
262
261
245
262
262
245
194
261
279
261
245
228
279
244
262
243
279
260
228
245
261
278
261
260
244
227
296
279
278
244
279
228
278
279
262
245
262
245
279
244
260
245
277
262
279
245
262
261
245
277
261
277
262
228
244
194
260
261
279
261
279
279
245
245
245
245
262
262
262
261
262
262
262
277
228
245
262
211
261
244
228
245
261
245
296
261
262
244
245
194
279
262
279
228
245
279
262
226
245
245
245
262
262
259
277
330
243
293
296
262
245
193
244
245
245
244
244
261
261
262
245
228
279
278
228
261
260
243
262
261
211
260
262
295
244
262
228
259
278
227
277
176
228
260
279
244
245
262
245
261
261
261
210
262
260
261
278
245
261
278
262
262
243
262
244
245
262
277
346
245
245
261
279
261
262
245
245
259
208
261
228
244
245
194
261
262
262
278
245
227
261
279
279
262
193
261
262
262
227
262
262
278
278
261
244
261
262
296
279
262
261
244
245
296
243
279
245
245
262
245
262
261
245
278
245
262
260
245
245
245
311
261
262
262
245
245
245
228
278
245
278
262
294
245
245
259
261
245
262
227
226
261
260
262
210
245
245
262
279
262
262
245
262
245
227
245
262
262
279
262
262
245
278
279
279
228
262
244
278
262
245
262
262
245
262
262
245
278
245
261
262
262
245
262
228
228
262
262
278
262
244
278
261
245
227
245
262
262
262
295
245
211
261
262
261
245
261
262
211
279
262
261
245
277
262
262
279
262
262
293
261
262
296
261
243
228
245
278
228
209
262
244
278
278
262
228
261
262
228
279
296
262
260
278
313
211
227
226
261
260
260
279
245
262
262
279
262
262
228
262
262
245
245
262
243
245
279
245
261
279
227
245
262
245
245
279
261
262
262
245
296
277
262
245
277
227
209
262
227
262
279
262
227
261
278
278
295
244
278
261
279
262
262
228
279
245
194
1038
359
609
755
542
363
1216
519
532
862
1878
580
597
481
1574
903
623
1226
563
399
1031
990
1055
878
628
529
892
941
1136
992
626
494
1156
1653
553
412
2121
1301
830
1461
1036
875
467
1313
1067
578
1239
547
1549
728
863
1896
401
364
475
1170
843
409
911
606
1222
1150
497
1152
908
839
524
889
807
1336
783
537
576
556
480
520
491
842
994
630
874
405
888
1398
940
758
500
1758
803
748
797
431
711
497
1205
693
388
659
538
712
1647
556
1754
432
1167
635
418
784
594
596
1518
779
1522
711
589
1160
791
662
544
477
896
723
577
1012
713
1125
614
1072
466
4755
666
445
1339
926
1099
487
723
772
1205
1123
563
457
753
1671
783
537
529
1277
864
1317
1018
1099
1036
539
589
507
563
835
714
1390
1102
734
534
402
474
1933
1149
958
465
533
886
1000
1063
622
758
1022
532
735
419
872
653
790
474
1137
1457
401
660
2174
697
648
2155
563
754
485
828
859
1016
515
948
1022
1716
409
871
870
576
448
1008
2147
1664
848
578
1059
360
955
1365
1370
474
656
1189
787
919
417
471
436
1101
538
462
3104
2376
458
449
1521
1239
1901
537
873
808
2108
1427
1606
333
501
861
725
493
2141
515
985
4624
799
499
825
1399
542
434
798
455
1043
985
1446
1630
500
473
678
1139
503
385
378
666
1652
1498
1021
458
488
403
826
430
569
492
698
695
765
2436
679
977
469
485
731
1019
333
529
430
405
1211
793
1960
976
401
749
677
1330
785
829
479
1002
808
807
885
1331
592
1043
855
769
1072
508
660
478
698
502
546
786
975
678
1115
743
998
1064
2244
852
1724
495
438
490
429
425
716
591
507
623
470
448
381
1128
950
638
583
1046
399
550
635
931
675
1219
612
461
1327
1278
623
664
1239
602
1395
1451
545
786
1068
799
1121
581
806
1015
401
2744
428
315
444
883
896
969
540
437
433
386
502
1273
605
450
689
512
575
581
1019
1393
1282
1774
581
934
2427
765
675
429
386
446
407
578
662
827
2191
538
796
601
986
1214
765
833
755
405
1753
1857
942
458
1273
535
836
508
525
1435
418
625
518
841
1047
809
584
1615
1676
826
1679
1015
1055
1035
1293
405
917
429
405
983
538
2486
966
465
1144
505
438
542
807
404
661
649
1247
475
1225
4737
662
912
1753
446
438
472
879
447
550
864
537
568
1100
861
1121
428
726
333
683
1112
879
669
2104
450
518
1060
464
576
600
570
449
617
579
875
793
477
923
1840
781
790
501
1106
509
3751
757
845
933
1073
1015
440
535
1110
1022
889
666
729
669
571
545
675
538
532
902
963
544
884
1654
1532
451
641
718
537
478
1292
810
740
841
640
480
430
1309
473
538
581
607
1798
757
1205
413
663
533
520
476
1784
719
861
2214
859
492
492
2670
931
435
957
1043
1137
2253
1659
554
928
1331
791
622
497
1109
499
764
877
533
639
983
455
562
579
490
825
955
490
870
653
871
488
648
315
711
1142
510
667
487
361
568
1772
537
625
736
884
747
1698
1461
563
922
1482
2190
729
731
653
1528
987
947
477
913
428
1455
667
773
654
551
498
651
909
667
536
819
734
1336
859
419
536
1437
495
569
507
990
480
605
791
1241
806
1138
630
797
745
587
549
1054
742
583
530
1801
825
854
1048
451
564
1792
448
479
755
536
336
820
534
852
1554
698
1156
445
867
523
606
829
447
537
561
480
4755
694
1842
2512
887
789
582
609
563
516
932
477
869
447
581
695
1771
1388
583
1488
522
490
501
520
624
1554
359
711
833
483
1455
1725
488
817
880
756
403
1100
578
784
1672
472
1108
739
375
490
446
851
869
752
542
746
899
494
392
753
641
531
581
560
522
790
798
4432
618
869
491
1080
331
644
747
360
1181
512
474
980
650
1833
385
446
2850
818
555
476
984
652
1210
557
582
728
745
1710
404
467
868
445
1611
671
806
938
915
847
479
2137
889
421
603
692
1670
519
512
800
2583
400
386
1618
627
474
463
860
585
419
815
835
901
639
447
845
534
2962
608
589
631
518
840
522
667
2197
561
712
1521
536
392
785
413
704
738
493
401
440
473
1076
1328
1238
421
627
1633
1153
538
702
536
742
493
640
1316
1238
388
712
1286
726
678
537
473
670
1975
605
1063
2281
442
758
918
648
929
2252
1554
1220
1356
1849
1105
476
370
786
849
819
535
792
894
376
834
792
615
666
820
1402
1080
434
1028
496
575
640
1423
448
757
1247
991
457
696
387
506
786
1028
424
539
411
557
447
522
1057
632
547
678
743
461
635
436
406
1252
712
549
699
298
795
404
500
745
2006
623
1000
600
2086
907
413
574
933
507
577
1042
1584
447
1017
809
625
450
816
759
1283
2386
851
519
727
1036
1109
1136
868
801
1336
1960
907
829
388
921
577
1356
411
321
719
491
376
667
773
545
435
509
1580
631
1108
845
837
490
471
931
2823
431
643
679
595
772
902
633
598
1083
543
