431
456
398
356
432
397
427
391
471
447
342
443
412
420
412
320
334
519
504
532
588
474
428
436
425
391
506
424
348
354
363
411
397
366
498
524
603
438
593
382
363
307
440
445
421
564
410
387
423
498
535
592
347
440
388
485
527
446
455
469
379
440
480
280
463
395
424
431
467
415
543
432
528
556
463
433
390
527
367
330
370
517
391
514
414
625
442
390
497
408
396
370
352
534
484
475
503
374
465
621
353
438
357
345
401
418
455
408
449
351
496
375
395
450
355
396
432
405
442
772
354
403
403
586
391
436
786
376
470
393
336
457
376
698
391
432
389
418
406
499
391
353
428
324
455
380
398
488
505
399
452
544
459
457
335
397
452
412
369
322
355
479
525
419
405
779
428
412
401
480
439
601
314
332
372
436
421
357
400
382
418
805
362
439
410
472
316
387
459
439
403
425
433
461
371
389
395
461
702
389
380
458
374
479
341
481
409
425
442
482
430
546
363
492
391
508
438
358
427
420
364
365
396
424
381
376
595
322
409
456
465
473
407
410
425
821
323
414
657
396
442
448
333
382
573
446
471
467
357
426
535
378
429
471
468
535
417
451
413
432
390
383
400
484
286
362
535
440
423
409
499
453
386
497
748
395
533
412
426
412
447
387
432
712
431
304
483
736
457
455
357
427
363
362
398
416
478
365
458
411
458
319
456
438
421
489
368
678
421
418
364
460
740
418
430
448
464
462
374
376
344
366
370
517
453
343
427
370
403
373
452
426
610
444
554
362
358
511
475
370
392
355
423
414
602
442
408
394
665
429
406
389
398
496
547
411
403
367
357
466
421
489
372
483
533
597
502
350
415
419
470
506
425
460
513
382
465
404
581
303
358
376
422
417
401
383
502
284
373
542
440
389
561
387
623
333
417
449
430
364
394
734
774
432
483
437
498
439
487
405
307
557
381
452
332
339
353
611
452
710
386
472
432
465
488
419
363
416
368
488
544
345
387
505
357
452
294
371
425
392
493
563
323
474
548
408
395
413
473
368
507
300
472
519
460
474
397
364
399
456
514
503
442
395
492
572
386
441
399
418
450
518
382
396
429
432
398
532
498
408
489
498
502
350
542
541
576
328
430
413
620
481
464
336
422
483
484
792
317
368
517
308
455
513
473
477
380
455
548
373
387
440
457
415
394
450
393
525
339
451
363
663
444
509
405
447
386
392
617
480
452
552
543
460
393
441
551
458
407
519
368
352
487
645
447
484
683
399
465
475
410
472
405
387
546
451
334
435
430
365
596
365
427
365
408
356
476
413
478
385
374
468
736
479
417
383
416
402
370
357
542
497
525
414
399
385
392
340
344
335
377
470
370
284
407
400
356
373
537
316
478
526
453
552
321
495
424
588
382
517
457
456
512
503
430
411
370
341
479
334
444
655
391
422
379
437
403
349
332
361
405
378
295
588
767
321
487
428
378
404
473
712
474
449
460
443
513
477
396
569
333
345
368
413
408
366
654
405
385
456
447
376
473
451
362
442
688
473
425
485
456
508
343
559
436
355
431
419
767
413
400
596
387
383
557
514
465
389
347
513
448
382
395
458
536
363
435
409
478
458
487
432
409
441
391
401
504
376
435
423
386
346
393
315
519
389
407
531
400
450
386
465
334
480
454
538
413
446
469
406
460
495
447
423
408
451
447
513
639
421
390
566
442
475
355
491
360
536
590
404
518
401
607
479
531
548
406
598
347
477
432
427
419
416
511
408
336
426
536
342
352
478
604
414
432
431
440
558
334
433
429
493
432
477
514
471
403
441
513
348
420
712
601
472
425
325
512
386
512
343
442
444
454
455
621
535
407
405
388
479
420
381
474
531
615
460
431
409
484
477
456
450
337
374
324
477
434
663
467
419
512
582
405
700
351
486
454
339
486
560
547
435
402
405
392
476
359
394
410
498
491
489
430
463
410
418
400
399
423
485
419
409
406
405
460
496
490
460
453
453
444
370
377
456
430
421
634
536
418
472
402
457
519
413
419
474
500
391
380
490
364
419
453
710
444
347
434
376
290
348
401
412
725
423
533
398
539
433
457
442
375
358
534
487
413
504
576
466
413
501
647
489
489
477
429
558
440
484
344
446
408
387
287
377
458
417
478
466
407
575
378
493
587
471
495
470
430
425
414
467
455
463
473
463
453
361
516
453
437
499
355
491
426
520
527
423
430
455
441
527
398
383
339
424
387
450
454
417
713
487
358
508
341
428
507
480
537
373
421
380
376
483
351
429
478
500
397
374
388
377
467
714
456
698
747
577
621
498
644
447
517
698
429
833
603
565
499
617
629
690
780
780
702
680
573
520
733
588
410
610
561
638
689
432
687
557
579
510
703
671
544
633
532
743
743
775
489
458
442
610
497
442
485
499
440
428
554
627
691
714
549
635
396
612
713
423
689
583
793
627
629
482
565
749
463
476
691
576
626
610
573
669
735
651
571
685
615
640
568
669
631
513
566
557
466
758
644
535
633
857
422
613
676
494
494
764
755
711
557
623
795
614
741
638
482
526
439
628
487
523
489
582
497
564
568
484
481
641
640
558
585
580
623
601
508
544
570
540
681
635
547
447
651
575
699
601
629
535
642
496
742
635
773
499
484
486
457
637
462
391
559
545
589
607
577
784
485
725
553
642
634
720
435
514
689
622
519
477
546
574
691
702
503
445
571
717
563
690
764
570
462
574
565
663
372
620
498
636
888
527
594
642
489
828
607
455
634
512
511
637
636
680
601
786
504
453
510
536
486
561
541
519
403
631
545
546
580
465
712
508
449
615
543
510
473
858
550
567
633
609
569
685
639
554
518
535
570
621
622
568
644
488
624
668
455
430
485
426
549
593
406
610
416
635
489
574
909
646
696
483
698
766
433
494
636
716
552
498
567
764
703
555
760
652
487
476
585
702
553
533
465
512
392
440
619
618
829
564
554
506
629
576
621
432
516
619
529
453
535
616
680
521
763
629
596
505
798
446
623
594
667
547
513
695
634
621
674
575
627
557
515
545
622
502
688
614
493
639
577
553
623
550
445
518
623
587
481
451
576
578
525
445
498
532
691
465
570
547
569
515
542
684
427
707
821
560
613
503
593
626
627
621
449
493
707
591
464
513
859
421
498
615
567
627
619
493
475
436
619
618
399
719
604
700
746
631
551
494
616
552
612
410
587
771
714
547
567
617
638
442
661
446
370
684
444
600
583
694
607
495
502
514
903
566
560
756
595
668
464
665
738
439
576
581
512
676
627
506
570
479
611
567
624
523
564
482
508
584
690
494
491
514
460
678
597
708
755
634
612
541
646
479
725
688
745
558
514
697
537
621
520
689
489
562
616
423
550
487
689
567
663
637
611
395
803
448
641
553
574
489
416
639
555
557
601
464
529
478
421
637
569
507
700
742
560
559
516
551
524
390
405
636
519
443
492
650
644
635
738
573
548
446
787
613
814
560
627
619
636
580
620
787
696
619
454
699
754
619
627
562
452
574
759
726
486
707
494
468
676
545
620
515
550
692
802
554
566
583
483
560
742
684
463
482
548
766
804
532
475
680
683
711
471
531
645
519
633
565
674
621
483
558
567
400
577
553
648
484
644
666
668
771
619
498
491
512
560
392
579
513
554
731
587
826
614
589
636
579
611
790
493
693
633
683
491
756
557
646
647
558
529
733
674
492
632
626
613
520
559
616
469
594
491
456
549
550
614
655
489
572
690
772
524
584
470
421
758
520
699
705
624
528
487
436
607
666
436
580
677
562
584
486
617
417
607
557
461
609
669
718
708
518
471
530
693
500
514
608
460
884
832
497
700
710
571
616
622
595
415
578
676
629
694
736
498
490
562
547
620
471
447
577
565
673
480
512
697
761
550
561
684
564
508
634
622
553
585
719
513
483
451
731
680
770
400
879
674
485
703
663
754
632
678
484
561
563
538
350
548
648
603
664
752
634
423
551
545
739
729
509
489
408
738
551
824
462
688
707
540
566
528
547
472
524
707
606
570
771
659
568
501
761
699
675
561
480
570
679
437
506
541
620
682
712
630
445
400
618
592
723
506
603
527
511
743
511
559
689
613
580
665
556
575
575
440
578
579
564
560
793
478
602
735
928
908
607
637
595
569
620
464
600
511
698
451
628
612
610
719
552
385
485
486
468
425
612
710
552
512
519
562
779
639
615
525
412
557
504
478
630
632
743
560
624
756
697
515
442
551
600
565
621
695
373
629
502
791
712
554
567
682
493
455
617
627
626
648
604
617
484
558
687
707
628
559
544
623
629
549
545
714
753
571
658
695
699
520
631
515
684
555
612
501
699
879
438
742
819
599
446
451
536
622
345
679
802
686
496
427
706
794
551
716
735
643
817
609
561
684
570
717
562
449
484
428
640
561
762
705
594
494
622
436
599
696
649
475
822
543
702
567
614
513
639
556
519
628
633
538
550
505
674
631
460
739
626
687
641
568
640
488
514
440
672
582
631
630
514
829
620
584
488
688
562
636
613
672
397
420
509
426
618
509
615
568
745
551
474
695
492
363
403
335
418
331
294
420
306
393
255
259
299
269
395
367
416
305
347
365
376
429
322
320
357
342
307
366
348
346
349
270
373
364
252
386
293
436
350
352
372
346
374
399
363
414
426
386
319
374
398
289
388
392
391
309
286
424
387
429
306
353
335
305
324
405
328
377
310
352
427
395
385
412
344
341
399
329
348
342
413
299
403
444
378
325
396
414
330
318
370
376
373
354
328
305
362
382
386
419
376
272
349
348
383
388
356
413
363
353
385
338
317
344
377
386
346
376
307
369
461
395
299
335
401
386
278
366
402
338
317
366
353
422
350
302
381
330
434
407
298
378
292
384
357
412
396
350
389
318
332
408
342
309
262
309
340
387
350
362
319
412
328
413
392
383
388
396
382
361
389
378
346
369
314
338
353
378
302
327
342
367
431
343
392
297
383
377
381
394
371
306
411
425
436
301
341
342
409
388
314
297
318
296
407
387
339
393
343
323
446
425
336
391
377
337
363
363
354
365
432
315
282
276
373
380
380
319
406
324
393
395
408
354
305
336
412
340
324
386
412
387
347
362
359
415
384
308
372
339
383
291
350
405
335
313
341
367
377
411
379
271
394
266
373
313
274
479
316
271
322
366
368
332
330
395
289
380
330
338
416
410
303
431
363
333
427
411
339
426
365
339
349
305
390
300
333
385
352
365
372
353
348
354
292
365
291
268
337
385
360
337
332
347
269
348
352
324
391
333
417
347
347
316
346
391
291
370
410
376
317
371
371
333
411
427
397
318
344
324
398
439
419
330
389
386
398
366
368
336
380
393
280
294
341
351
364
370
275
381
370
362
424
294
432
317
362
370
401
355
361
315
331
378
357
444
385
349
366
338
319
311
321
344
372
388
367
371
363
372
433
407
415
309
383
409
355
381
354
401
376
375
395
329
314
349
351
413
347
401
356
344
395
356
379
304
384
392
446
365
261
293
430
396
418
333
438
327
402
378
407
403
371
370
352
343
408
331
327
353
370
385
311
314
292
394
337
367
394
390
322
330
266
337
290
381
409
399
268
379
335
370
380
382
428
437
338
337
291
348
373
333
400
306
366
396
344
395
405
346
396
385
402
410
304
350
391
386
340
357
362
347
408
350
306
384
409
275
421
359
315
378
249
433
436
406
339
300
365
363
312
339
410
380
378
384
356
354
374
409
423
388
347
362
401
413
386
413
369
402
338
315
333
424
345
355
351
383
403
376
385
310
335
320
329
311
388
394
339
388
353
387
317
356
380
400
349
366
401
316
365
310
425
349
289
299
393
385
386
339
379
302
359
401
439
343
461
295
385
301
397
377
333
347
348
308
348
404
308
325
335
401
370
400
326
397
349
346
365
320
278
309
365
331
353
299
378
324
311
379
412
436
312
341
370
356
368
353
352
363
350
348
288
425
370
354
373
312
411
311
454
353
386
385
363
437
390
410
418
342
335
292
314
396
352
332
284
428
388
343
368
397
335
389
357
364
355
342
299
300
393
392
380
336
404
313
329
421
338
329
333
409
317
382
285
313
335
331
364
396
353
353
370
398
344
332
402
397
392
340
359
382
358
389
353
326
378
376
390
381
356
363
356
309
341
424
381
388
344
403
333
401
457
300
288
300
380
387
385
306
367
336
377
356
351
329
334
288
388
289
444
409
337
377
312
394
346
354
294
396
371
385
420
356
411
353
375
358
325
325
423
317
313
374
371
428
389
446
407
356
365
348
365
366
322
343
367
353
368
359
413
353
352
384
399
304
339
341
428
359
323
290
323
392
405
343
405
403
376
329
354
308
352
439
373
341
442
394
372
357
390
339
316
442
330
343
351
390
292
404
370
313
399
383
337
370
430
367
383
363
308
357
380
277
362
337
386
367
361
376
407
365
318
326
298
349
401
330
318
412
331
374
363
349
312
354
430
369
300
376
377
309
332
315
315
357
406
379
433
352
397
383
380
315
344
352
362
435
344
406
333
319
379
318
349
398
367
345
368
367
346
333
449
420
364
409
369
349
384
351
420
273
413
359
378
274
344
413
387
350
350
368
381
433
357
381
276
306
377
358
307
386
335
363
385
344
427
373
380
383
337
372
345
319
450
364
323
322
352
333
381
457
315
357
358
326
364
334
359
329
405
312
385
438
350
435
377
390
345
386
396
275
383
425
426
348
294
375
286
286
389
347
398
392
394
384
355
367
301
299
369
349
382
291
321
329
426
317
311
387
302
379
267
343
364
373
391
353
313
368
370
406
467
353
387
304
319
348
369
322
364
17653
21816
22111
13001
25212
14851
24138
18651
17196
11208
5125
6430
14923
19414
20364
18741
11946
17404
13531
22463
19472
21039
22238
6236
14177
17526
12912
20403
13591
11446
15490
15371
8256
3380
19243
6693
21492
6343
13639
18858
16004
18737
20210
15374
22255
7272
21807
20059
20251
16221
13758
18278
15018
18921
15182
5965
22375
10018
17583
12725
16992
11908
13869
14599
23974
18004
16971
1384
23040
16457
20704
16848
21785
1630
11954
21538
20034
13264
16211
22093
14401
24021
22731
8469
21603
18270
23149
15254
16581
17176
24570
23295
19523
20231
15857
2038
13628
16708
22555
18478
18176
18789
7101
14883
18531
18479
15202
15896
25202
1026
17557
24186
2626
18790
24154
14847
15944
15674
18043
16678
22966
20096
14045
14439
23954
27882
13708
15309
12958
7315
17463
18839
19961
23237
16329
3383
14856
22459
20693
7430
19753
12868
5554
14975
23252
20275
3948
24663
12236
26392
13932
12912
15594
3338
24651
18667
18219
16156
14249
20888
16795
15483
17668
19632
18489
10239
15073
24073
15924
17705
15933
6549
19594
5964
1180
20549
10548
18135
15217
19075
12604
22222
3142
18665
13382
22061
15954
18830
24065
19966
14672
15254
21772
4151
14091
21139
20158
21979
15730
3601
11715
20297
22618
22260
26428
22283
14114
20259
3876
9512
12653
9494
16878
14977
17176
18060
17006
18846
16348
13571
20251
13286
14675
19297
16780
12842
10130
28056
23603
20484
17637
16473
13166
16011
13419
20283
21635
20493
26249
15429
14393
21179
15265
14126
18530
18725
10394
21781
20029
17582
10247
20169
21978
19900
16974
24810
23909
16530
20878
19216
11642
14193
2392
23046
11589
1510
23919
17913
8635
19611
15192
19363
19033
10167
16060
12073
15000
16666
14710
19183
15508
17749
15594
17693
21754
19957
23195
17439
20825
4709
13702
15377
11750
23729
20748
19389
27450
16268
16833
16152
22633
17621
18796
16733
19786
21082
17672
18065
5836
19680
1776
15206
21121
19916
15096
17781
22697
15362
19809
20698
18714
24861
15109
21200
21144
16537
8713
25276
18680
9833
24003
16995
16221
15703
22392
15034
2309
2386
18508
16668
21926
22921
19768
25759
16996
15560
19346
30385
12334
17762
22440
11875
10137
22823
2060
19076
18169
20720
13966
15528
17730
14135
15412
18466
18045
15838
20617
22570
14644
17148
18361
16482
23432
13344
22530
25867
15812
24165
14858
16876
1406
11199
26655
15606
20046
17980
5095
1039
18869
13397
23569
26919
22986
17574
6139
17243
19028
14723
15890
18249
14068
20277
9241
6564
15104
1788
13458
22961
20074
21005
13560
16508
15757
19374
22081
15321
13724
20126
21878
14966
4384
22748
17864
15605
10449
1636
1745
4289
15774
24651
3646
18093
13278
6454
20570
18231
15608
12197
4617
17613
21276
8347
18703
15303
20298
18250
16345
15178
21502
18404
20811
21557
12695
17378
19034
7417
27778
13493
25714
10923
20894
25012
18603
17962
13870
20444
16785
16502
11585
20964
18384
17622
16842
21986
21805
16877
12004
22867
6227
22229
16651
17408
20632
18250
16219
11423
12047
20966
3123
17632
17221
2628
20254
2842
20220
24375
20792
13822
17343
16807
14471
13070
20928
3493
15870
17120
14039
19441
13658
19816
22215
16387
26135
16946
19981
15484
16494
19240
18690
22215
22891
16049
23394
25704
2975
17518
18069
16971
15376
8827
19989
9717
21265
19231
17591
14645
18058
24419
13385
15086
14289
16283
17572
19560
22765
21286
16536
17369
16922
1454
15108
16995
22551
29717
15454
17434
20896
16255
21224
19908
8194
22827
18411
12722
17128
12398
17047
6787
19033
19986
23902
19900
15697
17571
23262
19904
20881
21889
1207
25525
16237
16055
9068
17790
20251
11923
15402
15799
24982
19309
9697
25068
19706
18159
17352
15199
14048
12921
19803
13211
13972
25296
14309
21142
5470
14476
19264
18373
12303
21913
18504
20317
14847
20079
16327
23314
19480
21011
23159
17773
2718
16635
8286
20033
1188
20207
22613
29013
19088
24521
14875
22130
23096
19401
18843
10236
20849
17185
17827
24761
22074
11718
19122
14872
10963
17892
19144
13254
14957
22493
21080
18822
12187
5792
22196
15665
13227
4865
20024
17150
16029
21790
1456
24095
14170
20766
18384
2309
9010
17184
19947
10090
2148
20257
4804
12854
19802
22897
11356
20223
19723
19486
27936
17187
16662
21010
18319
22691
15588
23688
18234
28520
11874
22662
23162
18837
13626
11883
20351
11368
15630
18238
18338
13483
20956
13743
23141
1676
18398
16585
23614
24628
3216
17221
19231
6262
11971
14406
10293
4717
13557
13280
5816
16976
16136
24803
19212
16066
11822
21497
26372
15317
19813
3840
13340
3715
20394
8174
18452
22498
17626
20236
3392
25059
18304
22259
22381
22134
4891
22760
11222
14250
11835
2959
4131
24066
16746
24778
26342
17213
6872
15756
26245
12885
20128
20133
5236
17983
1538
17265
14617
10807
23350
13054
19590
8260
11481
25725
21895
17664
9499
22687
14660
23504
14663
20022
22732
15612
20480
2207
17529
13461
17967
17816
16075
17474
20055
17223
18305
14769
18617
15868
22002
17957
18185
13731
21615
2712
22418
7879
19970
17722
19384
11465
15352
15789
21694
19737
15719
10077
21889
21471
16280
11536
18177
15975
19342
13287
15460
21306
18984
17966
18793
14422
21667
4389
22740
11426
16353
20812
19759
18220
15930
3432
16352
15831
19409
2712
25116
23339
18485
25681
15853
11353
21178
20904
12165
18876
1644
22376
12914
20635
15686
8874
2842
20045
19447
20414
16213
17577
5113
18149
14195
18911
17045
18850
22459
17116
20438
15845
4086
17091
24914
19342
18772
12728
15620
21987
11843
17832
18986
14247
21952
17292
2461
15595
21905
4952
20725
14656
4154
22272
19408
1751
19845
17047
9826
21845
15968
18826
21696
20199
15083
22303
16954
23137
17826
21018
24674
1844
16323
21946
20200
22490
22472
16877
7782
20213
21366
14032
21007
16307
15796
3463
16736
19457
17601
14712
22338
22343
12661
22041
11897
17829
20493
12236
21717
7211
3588
20085
13940
16777
21995
18448
22002
16537
18858
17240
5812
23088
24177
2995
16388
22227
8000
19861
23837
1975
17874
17793
17888
21359
16931
20346
16907
20171
21993
15962
16278
6728
10388
14810
18241
15256
13367
15401
20804
16605
16296
13905
16509
11153
16479
19222
18492
20106
19380
20044
13451
9874
