532
362
458
415
446
358
499
406
429
442
494
487
442
484
431
480
598
479
406
504
459
457
438
357
400
394
434
442
443
394
534
405
596
504
481
455
476
489
465
407
469
326
452
360
429
464
410
453
676
435
458
415
434
375
376
522
531
361
372
519
425
383
457
537
500
725
504
486
437
426
425
509
455
491
527
423
394
419
338
446
386
437
416
402
410
602
371
415
334
444
645
562
290
476
534
498
473
471
411
581
434
795
427
528
405
453
366
391
354
593
457
433
363
439
474
384
550
456
903
373
503
369
498
691
416
409
554
517
416
408
545
406
369
445
511
599
538
411
436
466
472
697
400
855
371
492
474
406
448
351
440
335
526
681
474
513
356
384
469
522
447
801
534
566
493
378
478
455
425
394
474
487
524
338
422
366
326
449
527
326
337
479
503
591
563
446
364
624
427
362
437
576
418
509
505
435
448
499
538
466
495
505
554
584
414
475
563
571
576
344
359
427
392
395
608
475
768
492
543
479
456
454
412
382
416
692
437
395
436
359
477
490
812
400
450
469
387
465
333
535
470
506
406
485
389
519
504
504
429
494
470
505
396
526
415
427
535
469
404
416
522
375
451
416
475
406
437
631
453
510
297
463
371
430
456
466
499
497
385
436
419
361
358
626
417
474
594
394
435
496
666
456
381
426
412
516
375
431
533
410
368
395
517
514
739
505
488
516
519
452
432
473
379
433
407
417
474
389
472
368
468
385
400
503
412
364
451
523
482
424
348
443
527
395
461
421
419
556
612
352
475
559
472
377
467
390
485
483
403
434
616
364
660
468
448
608
471
482
438
337
505
330
467
478
441
433
418
344
439
393
474
426
492
407
493
484
649
592
509
435
388
457
516
404
460
442
387
495
440
365
559
499
404
433
406
459
731
415
409
488
474
357
515
413
529
483
516
427
547
507
460
354
450
509
412
395
538
414
448
414
541
458
423
488
401
451
533
441
704
390
554
657
468
455
392
416
470
370
482
308
514
425
457
361
540
498
479
539
405
385
596
446
433
362
450
473
488
411
567
406
364
477
386
469
457
464
433
392
451
401
407
517
437
586
368
514
442
489
528
446
578
403
351
422
402
539
763
405
358
437
394
614
418
680
334
523
543
449
417
432
419
551
394
361
419
549
463
380
480
533
582
468
447
573
479
399
549
427
371
469
462
323
376
370
393
342
510
417
645
469
455
489
486
490
548
503
682
508
473
446
420
470
315
382
563
434
437
469
449
452
421
405
427
401
417
435
376
534
416
468
418
305
347
474
795
537
727
366
470
507
429
499
324
478
378
440
517
357
509
421
494
455
439
465
459
492
564
451
386
544
424
533
413
424
518
570
469
462
464
456
441
407
411
346
566
485
416
459
442
408
523
406
350
367
418
424
371
479
521
554
438
482
493
394
390
637
380
538
517
418
466
345
463
477
503
322
499
449
470
371
458
566
499
433
410
891
464
375
417
481
452
401
465
416
549
411
456
421
506
430
428
395
524
473
500
399
442
627
470
328
350
689
461
533
556
377
493
465
473
415
328
467
394
422
473
409
467
514
395
533
429
468
390
599
304
438
454
453
458
419
382
441
475
486
473
467
546
391
683
606
500
545
465
774
387
341
420
430
384
498
400
365
475
319
385
419
388
508
471
606
461
519
531
601
447
394
432
476
491
822
307
496
781
550
552
463
624
385
513
352
470
477
486
439
520
469
278
612
455
403
485
475
513
409
426
512
458
503
492
444
620
380
447
445
445
436
435
475
463
406
583
500
877
399
429
451
422
475
427
444
536
414
439
450
536
509
502
396
629
377
328
414
468
592
494
415
402
568
502
402
514
497
410
672
504
423
467
484
570
476
521
380
453
432
501
926
417
459
482
425
420
497
453
378
411
506
463
448
453
330
418
435
607
401
765
336
466
546
482
394
457
452
462
706
411
448
437
408
456
392
488
503
518
551
504
532
407
499
548
369
465
370
459
412
500
480
367
525
550
543
726
568
363
386
362
459
492
581
531
355
374
468
415
471
714
343
351
370
357
357
510
424
516
548
405
433
617
375
465
349
511
490
476
528
497
461
388
535
709
477
365
434
489
375
561
474
358
545
424
569
466
511
419
379
484
470
339
392
408
484
736
462
453
396
469
447
408
582
811
389
439
363
435
359
462
569
380
531
575
417
395
390
501
453
508
511
421
610
411
379
565
798
372
458
472
596
523
505
476
410
525
505
482
473
404
415
690
444
357
388
630
548
486
378
487
427
495
728
396
398
704
581
713
553
548
590
738
482
641
698
634
609
689
629
546
556
797
638
487
890
699
595
704
628
692
576
620
573
639
662
786
452
577
644
505
558
630
764
597
556
654
575
573
387
679
693
596
515
537
583
455
582
643
522
467
415
699
486
508
618
474
423
674
712
498
663
699
688
644
456
460
412
611
641
646
607
743
633
557
641
560
589
569
633
624
691
557
705
503
568
656
681
372
579
620
466
576
628
721
862
576
679
618
465
630
523
430
571
572
543
621
623
394
636
565
563
626
590
728
434
716
579
629
813
486
549
838
639
506
589
655
755
620
646
630
503
514
445
554
545
593
472
701
549
532
765
761
646
548
598
625
629
653
625
418
822
510
516
553
578
607
627
675
873
769
521
608
639
567
651
619
727
791
617
697
657
471
625
625
572
653
610
720
480
656
639
661
719
515
493
649
629
630
661
751
635
624
697
769
425
605
643
703
789
512
623
697
735
505
485
557
631
514
558
523
708
752
608
708
556
524
495
645
697
520
600
494
552
572
494
603
750
619
572
585
763
727
666
500
814
501
588
635
643
564
625
708
491
645
748
433
628
697
701
580
699
684
698
623
841
626
520
416
447
695
794
595
899
647
853
626
785
399
584
572
703
601
533
446
598
577
685
545
518
706
588
704
569
520
566
661
519
518
690
650
586
470
771
629
643
782
556
523
661
501
458
524
831
564
427
554
697
447
567
493
490
562
637
632
578
576
624
567
507
634
697
388
639
582
528
631
553
717
625
578
657
585
652
574
517
712
765
666
556
632
566
775
454
533
638
907
640
453
662
690
951
556
401
620
471
704
476
623
638
619
626
778
440
500
466
712
490
569
696
655
704
744
868
542
703
742
534
646
715
730
500
556
432
568
496
637
562
758
560
529
637
739
465
411
770
630
823
646
482
776
502
752
562
657
759
587
663
657
561
445
563
568
676
594
519
702
735
563
640
569
820
633
641
656
584
565
569
735
760
519
589
419
672
636
443
550
709
438
573
773
648
630
509
593
568
623
574
647
712
680
640
587
494
454
508
559
548
488
518
405
833
544
489
466
509
789
786
673
517
583
596
699
573
429
518
750
378
512
616
476
773
707
511
702
556
571
588
598
580
487
520
456
559
454
636
698
574
511
497
775
562
567
705
634
623
823
529
721
440
674
448
640
702
561
639
619
505
518
743
411
515
576
600
811
595
733
747
655
801
760
641
473
720
490
557
516
626
504
546
733
443
476
638
526
629
521
472
554
615
394
678
435
499
545
614
662
546
555
621
953
519
690
587
748
378
463
708
422
898
636
598
583
563
662
631
834
612
696
646
651
527
614
617
561
597
582
601
828
440
531
777
639
705
633
448
784
577
559
712
470
611
535
623
686
602
381
751
409
553
455
521
480
685
609
619
635
564
692
705
506
762
643
705
693
641
597
438
644
400
552
563
724
683
674
705
627
676
549
604
637
528
523
691
439
643
667
587
564
640
772
758
522
510
650
635
743
540
496
653
623
491
505
430
689
491
403
559
505
565
625
708
625
496
712
583
577
573
635
646
738
642
495
591
501
743
620
665
580
594
445
632
768
530
628
777
508
492
711
895
581
838
695
638
555
886
724
756
579
458
675
562
515
691
556
769
462
706
594
437
626
514
576
642
722
456
449
761
678
557
835
520
720
658
636
458
504
682
932
618
862
716
608
551
656
520
537
526
484
554
635
562
499
645
823
648
838
586
566
644
653
705
774
691
766
583
605
513
569
662
513
663
584
582
536
657
610
409
627
706
565
649
456
640
643
709
682
465
553
697
692
700
626
556
526
562
639
550
658
650
624
549
497
577
775
484
661
699
569
501
770
495
643
787
445
640
552
431
481
845
550
539
519
705
789
560
625
556
509
471
519
675
681
532
519
447
706
714
509
622
814
489
685
791
753
499
838
627
625
435
646
727
639
575
429
625
710
655
662
903
699
770
530
531
683
544
568
492
696
654
649
642
580
791
629
683
585
814
517
448
614
713
713
758
725
570
803
571
575
640
699
544
557
419
519
453
482
594
486
708
609
676
757
553
659
502
589
702
561
587
725
554
589
627
630
777
550
630
699
463
488
718
637
844
475
404
562
764
495
454
649
645
629
722
706
704
545
707
662
545
773
695
581
561
641
538
619
893
652
519
456
694
450
643
692
759
634
543
543
981
629
660
623
598
488
707
692
467
448
608
628
720
607
558
527
357
648
713
617
793
530
647
607
697
631
643
479
822
559
565
635
559
645
815
906
494
473
335
368
308
359
397
424
352
376
398
340
369
341
332
348
391
450
419
345
448
333
331
464
393
414
366
439
336
466
340
373
402
386
318
300
406
359
446
421
395
455
355
364
425
385
424
389
378
422
391
319
388
409
313
344
433
451
366
354
407
391
404
355
394
413
411
428
445
365
386
370
425
348
409
435
325
393
415
385
413
411
483
380
360
380
311
394
292
304
318
385
367
329
334
385
366
413
366
365
395
432
373
342
360
326
310
446
344
342
410
326
428
363
343
396
318
421
326
373
267
400
429
343
417
373
393
378
410
330
396
448
405
389
366
371
439
381
313
282
414
333
351
390
446
413
472
397
398
391
432
410
342
396
416
361
397
394
342
404
411
445
403
300
431
384
382
388
368
396
374
319
377
351
397
415
437
261
361
370
405
361
466
398
391
329
345
434
448
341
383
381
377
429
453
410
329
389
395
358
443
374
395
398
485
394
361
329
453
376
376
421
412
330
353
393
388
382
369
364
452
340
416
439
379
350
333
404
369
443
393
345
440
420
376
377
434
441
404
341
435
293
393
332
407
360
386
342
337
366
409
339
341
470
406
408
401
412
437
415
364
342
408
363
329
427
371
408
448
426
446
363
433
419
346
343
392
317
400
392
365
341
358
368
425
405
383
426
408
401
391
366
403
321
368
417
361
370
391
363
341
412
400
373
331
394
308
372
411
385
333
345
441
389
353
359
335
353
339
319
285
362
358
314
393
416
377
310
436
443
379
296
428
437
335
317
400
380
419
369
406
430
375
367
306
444
382
416
382
347
366
407
335
342
386
388
401
355
367
327
337
455
346
447
385
481
325
370
370
290
339
357
345
393
419
408
443
403
344
362
386
362
382
356
410
466
422
407
341
402
347
365
363
411
331
381
357
383
392
305
392
428
432
354
271
415
463
435
325
457
421
423
400
404
391
368
404
428
462
405
362
335
467
348
395
327
446
447
377
388
378
433
411
382
362
407
371
336
322
411
431
399
326
420
408
427
347
407
383
340
355
380
390
401
401
427
409
399
407
359
314
302
423
326
347
325
337
367
333
336
365
396
468
317
419
374
421
326
379
436
328
382
371
404
375
431
388
440
352
360
338
449
376
406
444
378
427
361
369
383
305
341
400
340
351
424
415
396
384
315
431
464
381
414
425
347
354
430
428
353
373
410
376
342
452
308
313
327
406
455
408
364
455
400
417
456
386
348
291
370
364
359
378
334
393
401
386
315
425
384
424
381
365
427
331
375
370
440
398
432
390
371
396
362
380
389
421
409
370
428
310
388
408
330
357
412
393
464
357
375
403
423
374
427
453
425
422
383
339
307
341
342
396
364
323
413
377
428
337
419
344
387
384
386
426
360
404
322
501
360
369
372
368
339
372
328
373
315
467
302
396
389
450
317
351
358
421
372
363
281
353
372
337
371
421
371
440
371
437
380
330
317
345
367
346
389
329
435
399
362
301
369
316
394
440
451
372
402
338
338
469
403
457
402
406
454
388
377
320
348
339
386
402
386
388
428
395
295
357
385
363
289
400
448
301
408
433
405
312
366
377
408
389
324
458
478
365
372
384
416
347
393
354
466
397
321
382
416
378
351
392
338
448
439
447
397
337
416
355
399
331
374
377
412
357
392
395
433
367
387
327
414
414
348
345
345
320
433
379
337
467
316
386
467
352
317
391
336
339
385
358
349
448
420
375
392
334
361
341
416
438
343
333
370
377
326
391
342
373
434
345
349
367
398
412
377
421
333
361
419
347
412
395
430
445
392
368
342
332
374
395
388
408
389
424
397
400
420
380
449
375
376
386
294
412
408
408
373
405
458
371
353
420
342
337
374
361
439
331
373
386
370
377
382
406
430
343
324
323
381
345
330
454
362
321
361
445
368
377
358
397
436
383
407
360
462
295
381
336
397
355
364
372
478
395
327
391
362
375
413
435
391
403
378
426
360
446
439
413
405
322
392
398
417
449
351
397
458
336
347
297
461
437
332
433
448
396
345
403
354
354
378
351
341
442
300
413
359
389
411
301
387
380
357
432
330
442
325
302
349
391
386
402
397
347
474
403
380
397
382
412
384
366
444
398
354
344
327
380
326
394
423
345
332
368
336
333
386
375
350
371
403
348
464
338
470
311
469
388
391
349
338
375
394
396
359
420
399
391
427
425
295
404
333
365
330
429
433
358
379
386
416
412
399
390
431
375
393
427
308
396
363
326
387
379
467
369
310
371
405
414
426
401
342
332
361
320
489
381
333
454
21605
17205
21483
12557
14619
18753
20384
18844
21758
20483
17415
16377
16465
25278
14441
2752
20062
27728
22432
23181
25488
20862
21374
2594
21320
4074
19040
17722
21524
18789
17128
16979
22938
15778
10568
20334
12908
20737
24317
22979
21101
21301
12416
19642
21641
27396
18777
18077
19905
17089
12513
21046
14885
9606
19580
19421
30189
21901
19275
22348
17481
17328
13092
22863
19144
17268
20466
18006
13587
13518
20363
20646
10278
13678
18686
19454
4633
25349
15973
14104
14741
18387
15620
19895
3018
17195
20526
16460
14932
17444
15866
14736
16504
17443
18205
18746
20491
14685
15673
20274
13761
12828
19652
14533
16369
14381
14595
14707
19969
19260
7669
21155
19096
15715
11543
11821
17647
14992
15117
12325
14498
15251
20149
13747
13761
16126
23367
22407
4077
13720
18049
22150
17190
23080
10456
21526
12599
2075
16618
20171
21290
15527
20248
21291
23049
18113
3247
14507
21565
15431
20882
16245
16918
17010
16785
23104
3924
20112
19006
22553
15150
19776
20607
12836
21422
21696
16897
19171
22516
17239
19801
22208
25893
3151
5019
17721
10465
25682
23157
18968
14511
16155
19246
23513
22046
18083
17798
23424
19196
23899
20580
17401
6025
23494
20496
17035
14728
17515
22228
21316
19160
26409
15814
21269
20564
20512
17177
22576
17072
12960
18767
21017
18611
17774
20370
17237
17531
18133
26503
23853
15211
14419
21089
14817
17861
20711
10713
18582
13360
18686
17142
14672
16413
14155
15715
26915
25121
18446
5072
18558
13807
16155
4419
20290
1844
17446
17600
18836
25633
23443
19906
21347
23449
18568
20313
18129
16702
24961
24251
23084
20101
12556
12500
18303
23250
9629
11848
18329
15842
25154
21942
20230
20230
1803
1549
17793
16289
20424
24513
20763
16805
14601
14542
12756
22298
14632
16340
19580
19871
12207
17695
23908
18006
19871
14435
19046
20418
18651
1890
20195
5341
21221
17141
20091
27432
10425
16137
21285
3372
16044
9768
5534
16122
15311
17112
20185
20141
20699
19928
14564
16786
8278
16849
14406
18355
16035
16582
17777
17685
19899
17360
20315
25148
16756
16576
3149
13780
29529
25639
13909
22740
16723
14898
8466
23227
20237
22249
19502
14122
9772
13026
14529
12328
13087
17227
12926
21004
19812
1810
13141
19195
19858
20188
6055
18846
11756
18031
13890
15687
16064
22596
3978
15786
20586
12621
16392
17346
16475
13436
20560
9694
16335
24406
13351
13653
15630
21320
19568
19399
16914
17372
18317
18313
14756
13550
1729
26057
20736
25194
4423
19963
23399
4842
16909
11933
20680
4856
17817
18359
28439
15072
8354
20215
23296
22540
19856
16499
22912
18530
18093
3872
22110
2483
19199
14618
18712
12958
20958
20084
12603
21638
19200
18593
21956
17965
15343
16053
20959
18971
27655
26726
18021
14495
18282
25491
4511
20560
21205
2104
19668
15428
20072
3053
18053
24882
11688
20495
23157
15727
15712
20294
22476
18179
20002
15275
22103
20105
21947
14736
21617
22199
19228
3756
17044
9893
23552
18451
25367
20700
2035
22276
24349
15561
22376
24632
20063
22941
1732
16993
17218
20563
19562
13073
20058
7919
23010
18798
15103
15759
12237
16026
20506
16966
19920
18914
20768
14482
23831
15874
17766
16965
16978
14089
25575
10878
19067
18949
19124
5842
19526
14448
19866
20506
23520
13343
9624
16000
21400
19516
16927
22596
10992
13165
19086
18289
19328
15282
20077
22235
14866
20561
21356
19560
15053
18443
18949
16915
22012
20299
23567
17578
14537
6358
26199
18057
22731
17207
25002
20766
26212
23816
18688
18284
2521
16841
15695
16554
14597
17719
20156
12847
13839
11802
18472
4243
21076
25377
16048
11623
20734
26596
22050
1477
25262
17366
10980
15596
21865
13799
17444
18926
19938
24645
13241
25200
28056
18762
14780
19752
15563
16833
20808
18095
14285
16546
19217
14323
23961
15622
20669
17053
15576
14872
18161
14630
18752
13597
25519
20065
25848
22950
21402
17314
18967
12740
20351
14375
6603
25955
18860
12198
13092
25507
22410
19764
22592
18961
25713
15740
22648
20084
24013
17387
24895
20935
15238
16921
17577
16636
19851
14392
16363
18603
16018
24929
20999
19634
9207
17262
21150
19463
25258
24587
22297
17977
16565
15592
21266
14005
21618
20965
20801
15435
14911
2560
1784
15384
20185
18357
12372
2136
18988
22978
17120
13610
25996
22441
12830
16358
15790
24761
11048
12856
22715
25157
24349
19585
17925
23921
6788
15201
11706
20315
27445
19057
14857
16982
20302
17198
12101
24811
24377
17877
14517
17565
22442
14786
12407
20917
4634
17704
18238
21982
21225
22555
15672
15065
17465
19544
13553
13865
14985
13202
16562
20734
12949
24073
14362
20144
19037
15920
15667
20034
16650
11019
18054
16353
4041
14572
1380
25331
20279
21225
16437
24840
1770
17455
11890
23224
15298
10642
23550
20503
19875
13569
22664
2206
21788
16581
13581
18992
18800
17474
18053
18396
18503
4708
13293
18243
19807
16883
19605
17164
26517
17916
5023
22586
19561
16919
23352
18300
23212
4848
16206
25070
20652
22283
17814
17890
17881
17086
1370
12689
19920
16819
19764
17451
16465
12606
23669
10753
18442
17223
12086
23546
17438
16691
8787
20951
3105
16429
16877
16164
12942
24522
14620
20244
16740
9918
16723
17645
21206
4582
10406
20291
7297
18796
17003
26034
12407
26605
23222
20390
2445
17011
2145
26402
17270
19884
15070
16644
26242
16731
24194
26822
19067
5833
14844
20376
22902
20707
16516
21128
13442
17606
14235
12533
19135
23011
19255
1366
23107
19000
16112
16921
10968
21183
7303
24256
1393
18005
18589
15279
20476
14795
17824
22649
22744
19330
18697
17583
12016
10429
16621
17395
21925
6183
17431
15148
16151
19887
17945
22605
19076
12963
11830
18904
20031
20534
18018
18867
23173
19643
19375
24703
19372
17409
21084
22819
16104
16952
16986
10584
20580
13915
17447
2308
23600
12852
17515
17961
14677
3042
13533
15694
19282
2220
21570
18807
12996
15291
14567
6538
18213
18135
18688
26208
7609
13711
7019
1980
16400
4123
15935
22311
3927
20283
17533
21330
17584
12807
2398
25058
16506
13028
19915
20572
19049
15390
14993
24456
13503
18068
5596
23434
17523
9637
15609
15923
10222
9097
19030
8525
23564
19916
19806
16969
2803
7448
21443
12551
23515
17552
21001
6862
16969
14518
16636
18679
14921
