555
413
433
511
497
885
698
824
580
375
473
521
430
440
572
532
345
428
429
574
420
622
428
435
429
446
489
480
526
596
474
541
382
425
540
502
667
450
522
382
399
586
411
506
321
546
445
395
513
516
544
430
563
455
404
498
372
467
569
457
430
461
452
403
552
448
503
525
442
573
437
340
395
402
499
468
434
435
492
521
470
598
498
588
517
428
455
624
765
494
616
437
626
429
428
594
413
497
403
398
487
457
549
555
559
396
552
455
419
582
459
312
441
533
381
481
466
497
503
406
551
464
407
748
475
532
528
384
768
631
391
513
481
438
526
486
450
482
549
336
447
568
486
626
519
459
603
434
490
531
420
399
464
532
379
415
450
472
519
468
517
425
392
445
408
523
466
365
541
520
521
570
372
426
538
469
387
367
465
552
475
454
546
611
775
486
376
702
473
548
468
499
522
540
606
518
430
415
460
673
487
510
565
406
454
407
433
704
461
385
406
516
386
569
526
380
446
369
424
441
661
469
506
430
543
540
803
482
415
481
510
475
458
602
414
507
449
431
413
440
608
540
539
489
420
346
559
558
735
499
536
643
395
476
369
499
483
403
432
577
462
526
519
458
675
405
474
875
541
383
434
394
540
489
381
551
534
601
381
444
743
403
521
526
430
438
421
421
539
366
401
476
466
480
412
518
657
456
556
433
522
541
534
361
413
423
551
507
506
517
397
612
496
376
457
439
516
386
409
526
468
389
432
434
406
502
431
448
414
447
402
391
527
478
524
546
483
484
585
539
490
559
821
521
510
504
407
498
394
545
506
480
437
471
502
417
394
486
454
503
449
552
421
460
586
687
621
458
431
487
427
416
541
447
433
457
571
441
419
457
329
770
487
637
436
346
431
481
472
595
432
415
464
570
935
509
484
521
466
437
384
781
574
508
567
462
371
500
392
506
486
434
337
536
469
506
566
506
467
453
841
404
553
542
423
528
536
787
435
385
349
492
548
482
390
475
677
476
399
464
472
543
407
491
703
439
412
632
649
405
586
491
666
518
432
483
368
550
810
505
520
585
507
577
476
391
520
379
506
377
481
432
499
473
460
523
461
498
418
392
452
451
675
562
517
551
530
535
499
436
511
448
611
850
449
474
418
482
503
478
377
457
424
515
549
475
487
420
456
422
478
582
404
382
499
409
402
499
631
486
479
455
456
472
419
508
491
660
682
595
590
382
354
368
462
444
511
400
520
483
462
482
520
424
743
319
408
497
494
505
431
475
492
658
517
460
433
420
420
468
517
402
465
471
543
495
731
515
525
480
345
518
521
507
467
404
834
611
548
540
484
536
413
456
414
491
580
473
571
758
437
461
452
471
401
486
547
542
375
413
622
491
486
695
528
466
431
423
390
445
451
412
488
514
412
441
416
522
422
350
494
798
480
404
469
412
490
480
467
381
449
418
471
448
444
541
489
436
442
443
377
406
459
388
522
501
547
510
470
444
532
495
469
432
371
502
357
535
476
556
519
522
567
441
388
454
517
564
448
305
438
407
524
517
442
422
473
486
506
419
459
872
386
504
410
831
753
437
533
480
534
411
625
450
433
403
458
446
355
511
419
477
729
596
521
445
524
498
495
497
342
589
455
428
511
508
465
555
652
484
421
533
331
467
382
356
485
633
915
542
477
793
476
467
475
419
424
350
553
572
495
455
412
438
443
478
434
490
508
373
544
591
423
515
447
433
367
452
527
436
449
518
560
825
448
371
400
531
469
542
492
495
467
505
786
377
384
439
510
465
516
562
552
403
708
519
358
507
440
492
554
328
464
496
418
436
419
526
434
423
462
522
388
437
505
557
479
430
429
512
439
517
407
395
518
421
456
577
741
484
526
577
509
649
441
646
442
450
604
418
558
378
406
393
471
377
541
424
513
486
499
402
487
510
565
443
490
450
471
523
397
366
449
526
494
445
537
450
509
618
483
396
515
465
494
512
338
521
588
347
370
432
423
433
432
524
404
388
410
418
455
438
494
712
527
681
719
477
458
427
454
462
531
553
496
537
535
406
632
390
370
324
565
400
477
522
423
448
513
426
394
333
671
458
575
486
364
499
540
462
504
434
562
355
492
829
417
392
389
524
643
458
432
468
357
454
391
470
464
420
488
455
661
410
498
761
525
444
573
435
432
456
384
526
423
418
478
488
434
367
405
447
550
367
300
432
365
407
371
519
564
540
745
493
669
491
641
415
543
571
420
442
509
344
404
491
468
450
643
355
535
419
594
523
400
411
465
464
406
379
620
579
774
536
717
779
552
656
658
550
736
654
931
706
722
576
532
439
794
873
546
618
711
587
686
587
701
724
571
562
785
776
707
510
643
712
750
546
712
560
639
719
654
740
696
609
488
471
635
617
530
719
629
780
1027
569
555
529
644
783
704
514
497
615
528
677
570
653
831
531
768
496
638
627
543
600
643
644
775
732
721
684
722
713
578
588
737
727
761
644
647
611
708
758
589
516
465
683
497
557
641
687
640
486
742
489
660
640
688
592
625
508
663
539
580
716
721
572
771
595
756
574
427
652
652
581
719
648
961
478
713
940
770
576
676
811
645
561
521
473
849
438
606
596
739
721
751
583
658
683
598
499
564
766
500
526
433
693
659
615
557
465
796
581
583
766
537
481
653
612
796
676
577
643
604
712
566
570
693
635
570
569
568
910
504
719
550
648
717
509
457
570
608
574
770
616
474
454
708
706
597
717
720
402
579
638
728
585
520
681
699
485
578
623
737
528
573
580
522
728
674
567
664
694
735
627
628
603
597
687
817
717
702
747
551
568
639
733
496
574
642
654
760
580
699
704
649
712
734
638
686
680
812
735
435
630
649
589
698
580
632
723
584
638
771
451
719
895
718
704
709
544
624
580
520
783
703
571
640
529
649
607
527
636
573
503
472
825
705
578
823
533
639
640
633
528
728
652
536
643
523
661
865
457
391
639
759
601
648
738
456
453
796
430
623
429
691
483
527
494
772
467
534
686
626
607
581
546
567
640
643
569
594
637
719
595
736
795
738
636
568
638
530
540
821
659
730
657
720
782
642
677
844
565
730
732
503
497
590
856
720
622
714
636
840
475
804
637
674
557
626
458
641
697
567
613
961
648
587
650
588
491
685
599
776
572
773
718
697
595
567
636
599
809
976
446
653
921
698
627
632
917
621
428
577
402
537
457
458
661
872
609
597
713
747
530
642
725
902
647
1092
654
576
799
540
657
581
631
574
503
548
544
659
537
529
644
540
514
792
751
914
627
479
599
806
711
640
490
481
421
729
424
528
544
619
470
822
732
550
786
661
655
642
680
641
582
546
663
630
541
631
649
531
454
668
777
640
634
488
485
504
607
819
659
563
658
522
479
621
575
643
611
774
701
605
589
663
742
700
695
584
649
564
627
721
608
598
526
494
474
505
707
638
639
738
539
559
751
701
751
659
511
585
533
483
541
735
703
522
498
485
562
727
611
764
758
558
531
572
685
785
664
521
476
514
628
567
720
514
809
495
753
732
620
623
769
574
519
814
640
709
505
648
572
567
649
448
726
851
645
751
660
764
561
517
583
605
603
573
584
592
608
767
550
641
663
786
705
623
752
703
658
579
502
557
716
591
929
717
645
707
678
601
757
782
579
576
584
588
664
376
540
634
654
580
710
524
814
632
697
711
733
671
465
453
548
649
476
712
656
472
805
749
532
579
660
577
648
715
642
745
631
556
501
862
709
510
560
589
649
498
710
654
465
661
772
621
869
591
697
529
607
561
407
697
501
575
799
707
544
647
644
719
781
526
571
660
664
531
489
592
820
620
647
618
847
566
528
815
654
843
531
437
803
707
638
458
600
673
463
781
629
690
563
585
649
552
560
680
721
639
684
483
659
715
612
719
470
662
614
766
682
509
650
530
680
773
680
828
703
681
696
585
482
651
577
638
526
583
642
780
595
704
623
681
504
652
583
654
550
698
780
553
500
575
627
516
565
618
567
705
722
711
999
695
525
497
665
639
640
604
647
587
981
604
737
813
483
670
657
654
594
727
595
730
811
513
724
628
700
810
508
688
694
578
633
405
668
751
722
688
680
679
528
595
573
582
555
510
723
471
745
751
721
654
581
629
629
510
722
791
798
685
729
522
668
770
583
849
661
737
556
639
652
863
414
555
694
505
840
733
795
774
532
670
641
640
707
778
645
620
642
437
505
543
585
701
663
538
687
705
558
787
703
846
787
594
651
660
612
569
506
633
578
720
589
781
639
573
787
643
628
651
521
856
549
562
587
853
445
628
498
576
571
762
710
566
528
649
639
634
570
522
513
646
656
526
640
528
577
709
473
624
595
718
441
632
725
508
445
714
738
676
525
717
599
703
595
522
779
828
521
631
579
612
562
718
558
579
645
817
703
747
666
609
563
627
590
639
712
466
737
639
672
454
549
745
646
629
498
566
635
665
598
454
646
522
518
600
717
569
719
507
836
567
717
434
570
700
567
473
631
599
672
579
530
579
583
899
515
662
803
705
725
571
527
515
649
686
534
385
396
362
312
359
448
453
511
345
408
381
424
469
445
434
441
327
374
444
436
388
434
434
330
444
399
414
484
390
411
421
427
418
397
416
417
470
330
468
447
361
478
386
402
345
420
431
394
393
368
438
359
354
477
354
350
374
319
416
473
362
355
403
446
432
347
407
339
426
441
488
379
377
380
326
397
433
351
451
446
412
456
478
362
408
424
453
472
413
366
433
363
448
461
385
346
398
328
343
392
346
427
420
448
439
368
441
392
358
353
466
472
411
359
443
345
502
424
501
373
465
434
374
440
401
337
422
423
389
415
381
349
359
349
460
407
475
463
396
398
442
454
396
485
309
351
366
320
371
354
339
415
410
369
403
393
368
346
427
395
357
434
397
427
389
469
378
317
437
417
437
423
414
371
465
368
449
315
436
388
466
335
365
366
417
410
322
381
377
450
430
434
385
386
442
434
352
343
397
499
359
326
372
407
418
408
440
349
436
384
406
402
385
396
448
390
375
401
367
413
379
452
402
445
377
452
407
460
388
375
393
396
476
372
406
398
418
327
372
352
413
402
431
424
326
354
393
374
424
380
363
402
373
466
387
356
427
423
464
367
399
454
460
414
352
322
408
379
424
376
391
421
387
468
410
408
441
483
414
367
313
421
380
380
407
416
471
389
457
387
429
370
443
393
364
375
443
379
410
421
401
329
501
398
406
430
348
463
362
469
411
427
414
367
380
465
468
302
332
445
403
333
384
375
487
412
381
464
358
449
400
393
357
375
413
431
408
370
335
361
359
374
427
433
370
357
311
443
308
443
486
447
398
361
465
421
424
345
402
434
420
361
436
349
377
371
412
400
344
370
438
404
459
366
420
483
367
467
397
288
350
400
397
404
419
355
445
414
409
435
446
349
337
327
500
500
387
312
466
364
366
340
410
346
369
312
308
375
366
406
451
386
354
390
498
377
377
412
358
346
392
373
382
498
364
388
457
413
496
360
345
407
350
418
417
408
422
312
428
484
430
413
419
437
409
388
368
305
360
318
450
415
462
421
406
449
408
413
401
417
387
354
444
393
355
377
386
346
423
392
386
366
359
392
405
469
299
370
414
390
390
367
410
405
415
381
458
310
356
402
456
384
489
395
362
432
368
408
353
336
381
395
355
511
468
386
359
412
349
387
334
424
398
393
380
383
321
433
352
431
419
372
422
320
403
376
376
482
441
429
391
347
370
395
317
443
409
363
391
416
394
419
380
353
355
319
360
423
473
512
301
491
302
382
359
446
407
414
378
414
346
378
386
447
426
430
398
465
433
383
426
433
416
398
442
396
438
456
436
447
401
339
392
443
375
398
443
440
326
422
416
447
382
467
340
357
414
430
422
413
465
340
316
450
440
400
420
379
360
398
444
302
463
379
426
374
354
487
339
438
506
415
413
392
343
394
451
360
443
370
329
429
424
321
414
458
389
389
491
453
361
382
392
407
349
437
372
445
388
361
372
401
374
317
355
382
382
385
386
436
334
374
450
392
427
404
386
427
388
357
357
332
406
476
447
380
431
424
423
383
390
488
440
416
423
391
467
451
433
468
430
399
422
316
447
463
375
336
493
374
430
343
453
379
335
474
444
407
466
391
342
432
402
374
408
396
377
398
466
399
403
415
365
380
312
383
449
438
424
375
383
345
362
403
432
438
412
364
346
413
412
344
320
375
354
393
406
428
406
392
455
420
384
388
420
390
344
382
504
443
461
398
468
406
373
361
311
387
325
405
354
386
396
523
455
420
457
354
358
407
380
374
459
403
369
465
337
351
423
489
382
426
349
432
452
441
345
424
443
417
457
343
443
348
364
350
432
460
357
431
408
380
295
387
322
369
307
478
416
374
301
396
401
448
352
377
356
376
445
399
380
341
362
430
361
343
395
438
407
430
400
360
487
425
435
365
476
354
476
356
358
326
466
358
399
391
376
397
343
400
348
398
490
474
435
421
385
410
435
324
320
328
372
382
363
399
436
384
395
398
445
346
367
462
412
373
388
359
412
422
470
357
413
399
456
418
391
384
446
414
443
340
441
418
398
338
306
409
351
317
419
382
409
394
442
377
353
457
378
405
502
417
414
349
403
349
344
416
405
331
341
367
384
410
376
373
429
448
333
333
429
376
418
429
296
460
446
431
427
323
431
346
424
409
415
478
407
451
425
336
410
413
336
390
379
387
386
391
352
385
395
347
401
421
437
422
344
398
375
423
346
370
381
379
363
311
359
389
392
383
413
444
348
334
480
387
389
389
357
420
20706
11468
6190
15463
1678
11898
14334
16531
11708
2094
17443
21185
23962
22193
19435
19465
16503
17655
14555
19891
13296
23498
22253
12015
12471
4192
15830
23359
22724
14874
20396
22684
21892
7509
21836
20993
15390
26670
17683
15495
21850
22402
16434
12689
18418
3707
19447
19048
17652
22810
20323
18726
7483
17834
13691
13209
18991
14207
23703
20813
2461
17442
19357
23564
20707
13356
19064
20323
1759
28668
27586
3572
17162
19262
11991
1886
18070
16608
22279
17037
25136
20591
11623
22866
21726
22305
15964
16833
22197
14624
17823
12568
2286
19393
20506
5940
18970
18391
19536
24720
19964
29938
17299
16858
13578
22406
26036
18583
7159
18341
22521
13428
24453
18486
21006
19681
16414
16485
23584
17619
21365
9172
21439
22604
19026
19016
20710
5761
16186
19999
12197
16983
24089
14864
21740
14753
14391
21792
17464
18003
18306
13664
20292
17853
21378
19208
10976
17175
6500
15743
6304
17022
19869
11846
10803
26125
14690
21878
25029
13862
16968
21902
24137
17132
17015
21058
17051
23566
2148
19829
18098
16257
18936
18678
23152
17480
17080
16400
23297
11718
19202
16608
20260
21725
18861
26962
2907
13019
18597
16730
17232
24374
23565
16776
17622
20201
16804
14839
17695
17124
6204
17231
22661
20981
23219
19404
21710
16332
19072
22636
3996
22858
27498
19904
21029
14377
25868
16102
17468
15393
23293
18025
15600
19690
15694
3857
19470
21412
13242
22129
20249
16355
23115
16493
20711
15220
15098
18128
16812
19881
16672
16686
14302
17880
13157
15921
14790
7763
17879
22883
22321
14969
16703
11866
15738
16355
22945
17664
6603
14196
18078
23261
21874
17166
12986
9538
21146
15775
16572
20035
20991
18558
12841
5636
17701
21823
4872
21377
1303
19648
16206
25186
17629
19317
19657
18683
20105
23242
19881
11540
17749
19534
21213
20807
17854
16219
17185
22717
12049
19355
18674
23314
13239
23795
19677
19874
19458
20156
1403
19410
19698
20430
17907
17634
15567
19311
19604
11976
20161
20066
13560
15761
15282
16096
20282
19240
8471
24136
18590
18400
19385
16742
21450
22701
22169
18175
18881
22904
12699
15585
22232
17237
9914
18550
18462
13632
21873
15094
17560
26364
21508
18718
11946
7054
26363
19015
22429
24791
15622
21142
24029
2283
17698
18505
21219
15853
17577
11294
20770
20779
23199
13500
21400
15538
23978
17195
15659
26949
24170
14825
18260
12299
14279
17713
5855
12065
23795
21177
21611
15804
18505
1365
18299
21178
23766
19506
12402
14351
2847
15040
8620
13639
18810
8901
24718
18578
21326
16682
19534
12660
4862
20066
16959
23457
26082
16232
20395
13031
22695
2467
10514
17708
20489
19461
19845
16646
23548
17588
17645
13799
17556
19381
25732
13101
17947
18836
22013
5212
12375
18101
20514
19794
25000
20587
19227
4977
10086
19011
20890
15402
20413
17458
20201
19166
14420
16410
22951
7444
23816
19834
20178
3515
1704
21164
7579
5287
18070
7974
22423
19352
20815
20621
19464
16306
12881
15678
12245
16020
20763
16041
16667
11353
18151
11265
21113
15369
14662
16069
24052
19072
20871
15290
2655
18975
20712
19188
22375
10675
20975
13386
18033
21972
14916
22968
14242
18689
18021
17146
15647
20366
18589
20370
20176
21518
2308
7571
13916
18868
23370
23999
22762
19598
18227
18413
23902
13519
15598
19968
20393
22708
18462
6079
15854
20023
12239
12686
24912
14217
5523
18716
14889
20540
6852
20359
20440
18679
19489
20021
19515
17463
20497
24589
18144
23681
12111
25122
3542
21382
22685
17087
18364
17594
18584
22158
14790
18961
17012
24335
23088
13079
17799
16465
17153
20898
26691
22313
18086
27129
22574
20970
11818
13103
2863
24656
20248
3955
15088
22710
11344
13360
10109
15238
17192
2687
12330
20642
14884
16305
5872
8539
20432
1215
12222
17011
22801
14100
6218
16844
20780
18924
21175
17300
17047
16913
22197
2247
16665
14204
14136
23312
12262
9759
18372
11928
20503
22728
18328
16362
15651
19345
15972
16453
20097
13936
24911
21247
16336
25494
19362
15498
22393
18572
20047
16047
20604
16192
12774
4044
25194
1530
23008
13666
14177
13398
10551
23223
1203
12637
22757
14094
19149
19448
28171
21346
21718
24446
22281
29760
19805
16812
14487
18534
21367
14766
19698
11667
22652
18214
16580
12732
4497
20355
18942
20854
18388
19209
16594
21223
16721
18380
17413
16793
16805
20585
3942
23306
17715
12651
13938
14769
14248
21715
18084
10739
1658
15765
22481
2363
22059
24867
3728
19968
1099
5681
18055
22344
12663
16389
24183
12796
24131
13913
17460
3980
1903
18566
15038
19672
12013
14077
3540
14160
19325
21002
21363
1659
17791
17785
22965
14494
14820
11251
2675
19952
20201
15533
9506
18912
21117
2997
17163
21074
21189
22538
16176
20410
19182
18220
26491
19150
24054
3550
11930
18891
4065
19504
19543
19415
12806
6667
20454
15424
16952
22871
22705
9589
19923
20644
11897
3062
14937
22410
17532
19157
14444
12196
21703
21320
20421
15954
13685
21525
12073
19669
15129
20412
12373
24417
19827
23873
21733
22656
13691
12178
15934
19973
19056
9055
10761
15857
22073
15676
16432
12017
18348
16497
19882
18312
15153
15199
12024
15036
13321
12789
18298
20368
17721
22097
17590
4956
16364
21321
22529
16321
16351
14860
16873
17932
13899
22739
19506
13386
22914
13242
22496
22685
18140
2674
16433
17262
15783
2590
22241
20218
15928
32598
5726
18190
4474
9747
17981
20197
6851
21202
18430
15666
11024
22087
14467
22301
4864
25155
18736
22799
16115
20493
16834
25252
15117
7922
20635
18336
3616
23454
17734
22937
10234
13278
20362
15431
21709
15548
17123
26614
17696
20320
18889
17621
22069
20364
21377
10845
23062
13461
20688
11616
18900
17453
22813
18432
14055
20641
4036
13776
7450
12311
18183
14205
2398
19424
23743
6984
16340
17105
17618
26511
22675
19666
15923
9939
15804
17635
21290
11949
18551
25939
19523
6790
24158
17892
19721
17349
21546
23636
15006
17192
26155
17879
21289
3969
21221
6411
17938
17249
23585
14430
4174
30433
3704
9488
19299
17206
16519
14625
23278
3365
15379
3243
3481
20433
12872
7043
21695
21513
18656
21665
10137
24842
14628
16909
18380
23312
14658
15902
17594
23494
16156
15963
17298
12418
26349
20611
22888
15086
18959
20845
15367
13513
13822
18076
