519
499
485
674
382
558
433
431
522
405
501
507
422
539
580
353
463
517
490
507
474
370
611
421
426
731
471
428
441
506
428
601
366
425
526
534
401
524
421
805
683
526
456
468
445
397
671
508
427
708
464
487
497
501
375
409
384
444
441
397
430
369
384
386
402
534
547
485
470
701
426
540
465
515
644
599
382
407
420
466
548
438
743
475
579
567
551
429
531
535
538
505
377
418
1062
504
494
322
500
449
388
605
470
588
481
423
430
498
471
567
534
382
453
524
497
493
528
454
472
479
422
602
424
566
410
467
442
526
572
367
622
518
393
554
451
425
515
477
408
531
468
600
508
481
374
535
499
458
446
517
447
482
406
463
517
398
500
564
620
431
437
487
481
590
470
526
485
540
447
430
408
413
375
448
510
547
412
452
488
508
472
436
446
502
375
532
453
450
500
709
460
487
471
421
547
539
470
548
579
419
560
492
605
689
395
524
327
441
430
484
541
558
590
540
586
534
642
423
452
514
447
610
569
413
423
438
668
380
642
667
391
481
476
506
511
515
489
684
517
429
523
461
553
803
501
475
486
442
537
459
397
520
609
554
522
632
389
566
520
499
412
368
426
642
510
563
483
617
583
515
536
536
443
385
484
417
415
512
542
705
489
568
424
709
375
363
452
602
340
523
569
461
552
536
476
859
442
451
499
508
498
668
568
517
464
353
522
462
583
460
537
518
761
498
360
516
468
477
466
713
511
575
359
665
505
680
441
470
442
394
485
494
508
431
633
616
406
406
536
433
518
466
466
513
704
463
565
544
519
574
437
464
465
628
520
545
447
443
499
603
538
686
532
555
582
450
530
550
424
770
409
729
448
478
548
487
519
448
325
416
472
468
499
431
375
579
804
545
409
427
582
415
488
446
459
510
490
470
426
535
497
486
527
606
505
395
630
513
518
484
759
468
471
657
472
441
455
447
595
512
528
587
564
487
587
479
526
426
637
564
494
503
537
408
582
551
341
446
538
358
504
415
505
545
475
475
484
567
406
452
581
445
520
549
455
475
511
485
535
459
498
498
397
414
429
546
502
550
519
440
536
508
635
525
387
546
412
368
514
560
446
378
457
554
688
485
816
520
542
796
398
367
535
524
404
476
546
420
534
509
795
462
525
508
502
498
530
531
525
514
511
398
351
796
404
461
501
561
472
534
539
546
540
583
420
481
459
572
365
438
450
549
574
548
716
400
384
490
447
475
605
458
464
436
433
407
536
559
445
448
581
423
518
385
597
612
929
506
408
494
570
452
431
516
467
487
500
543
407
473
375
425
500
506
532
492
585
386
493
446
641
483
462
401
465
416
551
487
540
455
471
559
488
431
383
442
434
550
493
657
650
645
516
501
440
558
612
366
403
509
412
611
559
526
422
540
508
505
435
446
533
417
563
540
513
653
481
403
537
483
572
504
618
482
475
448
534
503
556
445
484
451
498
729
603
464
409
525
564
469
414
454
461
422
494
410
529
365
476
582
486
545
559
571
492
417
661
483
425
353
425
465
452
540
553
501
480
574
491
527
371
415
431
609
440
620
495
393
497
539
512
440
530
400
604
363
458
436
507
399
781
386
421
483
450
381
487
579
471
402
400
483
473
673
494
569
461
481
448
505
413
435
558
513
427
479
721
662
439
673
483
441
621
899
648
388
477
566
619
829
474
584
506
420
401
558
558
449
483
519
501
529
476
428
462
532
470
512
495
502
545
422
405
555
488
492
579
418
404
470
492
437
503
455
450
528
881
466
535
406
432
486
613
704
509
522
468
493
487
501
449
519
531
571
559
578
480
512
675
511
562
442
552
537
541
389
552
418
498
536
500
409
444
423
472
770
526
387
529
610
508
525
518
409
611
455
463
563
743
473
517
536
422
514
548
623
491
467
537
569
463
509
405
591
401
475
446
456
780
327
346
541
465
590
502
381
432
622
429
512
514
553
468
648
648
419
550
508
476
610
542
414
389
596
473
396
445
376
561
428
392
575
472
423
648
449
439
434
529
448
390
451
565
496
406
407
453
511
465
577
455
577
436
372
489
481
694
544
574
513
497
497
630
829
590
469
582
903
484
450
439
461
451
534
457
705
617
522
604
480
570
569
512
557
753
401
493
443
504
454
591
542
512
525
647
650
516
473
529
435
639
455
418
419
417
433
590
480
415
340
452
497
430
387
588
531
594
441
445
466
539
489
576
411
460
427
512
392
584
685
550
723
523
493
434
513
609
901
523
552
418
499
386
393
442
505
491
591
442
400
483
528
560
457
528
472
534
477
424
478
507
395
534
457
581
506
511
508
479
577
484
498
461
552
533
559
470
580
441
528
502
555
574
507
504
488
548
557
464
607
540
557
576
503
511
476
529
518
450
557
532
407
538
598
561
521
497
507
509
481
550
551
573
574
433
481
509
530
532
582
518
511
541
565
509
579
544
435
556
601
555
464
501
533
557
505
503
503
556
511
482
509
630
507
553
585
508
505
478
507
555
580
481
554
560
534
606
531
529
584
514
498
485
460
482
526
552
560
608
475
598
557
559
531
524
478
477
559
605
462
529
555
514
530
546
549
557
511
600
486
529
529
559
535
554
555
507
621
647
481
513
601
534
539
528
488
538
586
530
558
538
579
559
524
436
484
503
533
453
530
503
532
515
514
481
451
497
507
605
558
508
510
481
493
539
534
487
549
612
531
503
530
534
580
559
531
508
461
533
552
507
607
535
621
535
486
415
551
556
581
579
554
523
554
578
582
499
535
482
553
580
554
504
467
515
546
508
484
484
502
485
554
524
540
582
423
465
573
534
490
576
480
536
580
430
582
552
504
442
560
509
463
456
510
512
527
462
526
534
524
595
581
572
530
503
513
455
560
531
531
507
512
508
509
534
528
488
559
482
530
477
466
530
610
605
550
464
532
548
512
559
529
409
555
466
503
554
432
526
533
529
554
583
483
431
480
535
557
509
576
601
550
557
574
434
352
559
553
476
503
509
554
508
503
465
554
480
456
488
431
547
582
461
578
323
534
575
570
600
563
574
552
528
556
551
529
437
533
528
588
555
603
628
393
598
442
466
566
551
508
559
555
529
580
477
570
509
454
581
555
509
582
560
535
528
510
553
554
513
499
390
585
474
538
508
529
579
458
575
501
582
529
551
554
557
530
531
535
529
508
460
533
485
507
549
579
503
606
529
535
527
554
480
533
465
483
517
528
458
482
519
604
607
510
553
573
506
535
502
559
576
461
508
456
508
489
510
556
581
576
533
584
528
511
550
508
553
574
511
560
561
533
576
560
556
536
491
495
558
507
459
485
508
556
556
533
556
569
455
582
537
513
556
596
533
530
584
533
560
463
535
529
477
559
472
440
457
506
454
528
550
508
582
602
623
525
559
542
557
538
598
457
498
581
531
513
609
509
509
548
506
504
508
528
502
577
585
532
478
477
463
555
508
483
533
503
484
482
495
438
537
486
509
604
530
528
437
548
561
499
444
559
574
533
509
529
503
485
465
419
477
507
558
425
436
527
556
430
554
580
537
489
530
487
555
515
479
507
508
529
424
483
555
482
509
507
519
479
522
379
531
504
529
578
424
441
530
559
559
582
579
534
507
510
508
558
561
487
535
512
509
584
481
591
491
483
506
531
532
557
607
487
555
556
428
534
509
556
627
553
451
554
509
457
530
579
534
514
486
482
502
513
594
563
529
627
528
509
583
501
553
583
478
554
523
536
540
560
485
504
535
560
534
539
505
535
529
583
505
416
527
529
514
483
556
554
556
507
528
510
556
505
504
556
554
534
501
529
484
503
510
573
538
554
523
601
503
454
486
510
575
510
529
460
516
452
424
467
601
529
505
561
550
528
515
604
385
528
529
535
526
510
453
489
556
456
512
554
499
554
607
455
535
484
591
481
552
631
583
529
482
508
516
479
528
562
493
511
486
503
525
511
513
503
537
466
510
576
486
528
555
558
535
535
581
508
434
555
512
482
553
601
536
469
494
605
478
532
524
522
480
555
529
504
554
532
603
570
551
330
565
514
529
478
503
490
528
532
485
533
508
509
557
550
504
559
461
482
502
579
437
580
609
470
606
582
527
551
555
487
441
532
576
531
532
480
502
508
505
558
484
560
534
525
577
484
557
534
525
464
492
487
528
502
488
457
540
559
534
480
505
513
528
555
514
529
527
508
555
535
560
525
532
508
605
560
458
490
555
580
467
468
507
587
536
455
527
512
580
538
502
603
576
603
420
467
533
517
513
576
423
512
457
463
581
502
544
499
559
514
535
599
454
466
466
531
449
457
481
531
556
489
460
509
580
508
557
533
421
456
469
494
581
503
555
456
349
633
640
560
465
414
461
482
534
549
494
580
525
508
470
462
484
458
579
529
473
529
478
524
504
529
370
560
556
553
495
554
484
513
534
606
579
582
490
609
536
483
554
543
586
536
518
467
555
586
554
576
554
581
497
646
536
514
539
598
409
579
477
618
529
558
529
463
535
367
584
530
478
457
490
518
572
575
536
536
514
582
465
555
319
321
321
301
321
238
301
257
238
321
300
238
301
322
322
321
322
301
321
320
320
342
280
299
321
322
238
322
279
321
321
322
342
301
322
301
342
322
301
321
318
321
343
343
280
343
320
342
342
322
322
237
300
340
280
280
343
299
301
299
321
343
342
342
217
300
301
322
322
322
279
301
279
301
300
322
258
277
301
343
320
278
322
301
322
321
321
322
321
319
301
322
319
320
319
301
321
321
322
301
341
321
322
321
322
301
321
321
321
342
301
280
301
279
320
322
319
301
322
343
364
322
299
322
363
322
321
301
322
280
322
322
280
301
343
361
301
301
342
321
320
322
322
321
320
322
321
364
384
321
299
342
301
279
322
301
280
321
322
301
300
322
321
343
300
301
341
301
322
320
322
298
279
280
301
321
259
322
322
322
320
301
301
279
280
300
300
343
364
322
321
322
301
322
301
301
301
299
301
300
301
322
301
363
301
322
259
321
322
322
321
322
320
321
361
321
342
301
322
320
322
301
320
237
301
343
301
301
301
322
277
322
343
301
322
216
258
342
301
301
342
322
322
320
300
322
343
322
299
300
301
301
322
301
280
322
280
343
301
343
361
341
340
322
322
300
238
322
322
322
301
301
301
301
322
321
298
322
301
322
322
259
322
322
321
343
278
320
363
301
322
322
301
322
259
321
321
301
343
321
321
321
301
321
300
299
321
301
300
341
342
342
322
364
278
216
300
322
321
321
301
320
322
322
258
322
322
300
300
301
321
321
280
321
258
321
364
363
343
280
363
320
321
322
320
322
301
300
322
321
322
322
341
259
341
300
277
343
321
321
301
321
322
322
280
363
301
280
322
321
301
322
301
321
320
301
321
321
279
320
279
321
322
279
320
321
321
322
341
343
322
322
362
321
298
322
322
301
322
300
278
321
301
320
341
343
321
343
322
322
320
322
301
299
259
301
259
342
322
301
257
322
321
301
321
364
301
300
320
300
343
301
301
321
301
280
300
321
322
343
301
301
341
321
343
322
319
343
299
320
301
300
343
321
322
322
280
259
321
321
300
279
300
320
300
301
321
363
299
340
320
280
322
364
301
322
427
300
322
280
301
322
321
301
343
277
322
322
322
321
341
301
322
341
342
343
301
320
322
279
342
301
300
321
322
258
342
301
301
340
319
339
301
320
320
340
321
322
322
322
280
321
301
301
300
322
301
301
300
298
301
301
301
342
321
321
196
342
301
342
280
300
341
299
319
321
321
299
278
277
322
300
301
259
280
320
322
321
322
322
280
280
322
279
342
280
321
301
299
322
237
300
322
301
322
301
280
320
341
256
301
321
322
342
258
258
319
322
321
341
343
321
301
301
320
299
301
299
322
280
301
299
321
385
279
301
301
322
300
299
320
300
321
322
322
320
301
322
342
363
321
320
320
301
321
321
301
299
300
300
321
301
362
300
322
364
322
322
322
322
321
321
322
320
343
300
301
300
301
322
301
321
300
280
322
301
322
320
321
279
320
322
280
300
341
322
322
322
322
297
322
342
322
322
321
300
238
343
321
321
320
340
299
322
343
342
320
297
301
321
341
321
322
301
280
322
238
238
343
301
322
322
343
301
278
320
280
321
343
301
322
301
321
300
321
301
280
322
319
322
341
322
321
301
404
301
343
320
322
321
300
301
279
322
321
301
259
321
299
322
320
301
279
321
280
279
301
342
279
342
320
322
300
301
322
322
279
322
280
300
321
343
297
257
301
320
322
299
363
342
321
319
322
321
322
322
321
383
322
259
301
301
321
321
322
301
322
322
301
301
321
301
322
343
320
301
301
301
321
321
278
322
321
259
343
321
321
343
322
280
280
299
343
321
301
322
322
301
322
321
301
322
301
343
322
318
301
321
342
278
278
301
321
320
301
301
280
301
301
322
322
300
321
343
299
322
343
301
322
320
321
322
301
301
321
320
279
259
320
321
279
259
322
301
322
299
320
280
319
301
321
343
320
321
238
278
321
257
280
343
259
301
321
280
321
322
363
320
301
298
319
341
322
258
278
322
279
301
322
322
322
280
280
300
321
301
321
301
258
259
280
320
322
322
322
300
259
322
385
301
299
280
280
301
301
341
279
322
321
301
278
280
301
300
320
322
238
321
322
362
321
321
277
299
321
322
259
322
322
300
321
342
320
322
280
301
321
322
322
343
301
301
277
259
322
321
321
342
322
322
259
384
301
280
300
364
301
322
321
362
343
322
342
299
301
277
343
322
322
301
280
301
341
342
301
280
300
320
280
320
689
518
982
738
877
434
571
801
724
810
546
591
593
2016
711
567
2542
1222
622
935
2279
489
427
597
1518
663
442
711
1153
524
685
952
689
929
1103
912
613
566
2567
810
536
552
977
2844
913
1628
682
635
1864
1316
765
815
913
1209
955
1665
1170
553
504
594
542
545
1676
465
648
835
595
1240
709
715
647
498
721
1059
1080
787
455
569
1563
1038
567
908
397
734
808
740
761
546
741
647
738
1268
666
1362
619
842
1024
710
762
1174
1482
665
1316
612
1602
496
614
566
762
857
883
1222
449
353
1346
523
691
617
620
493
1189
901
785
470
1265
1141
569
786
973
814
613
719
667
500
684
1404
788
496
1333
1234
710
529
1408
1125
903
1192
788
811
1665
1322
530
923
643
476
1342
829
721
882
519
879
1122
1049
786
545
669
594
711
787
523
516
770
622
525
934
1003
854
822
593
1024
664
1177
645
841
991
892
423
1234
973
1533
614
814
858
642
567
1122
550
906
1073
907
1297
471
1095
427
618
788
1177
572
516
521
854
516
1093
709
578
1076
1265
591
570
935
563
1055
882
721
482
1797
542
848
643
1076
814
552
669
971
1802
953
422
454
924
550
1055
640
566
931
565
739
569
417
857
1271
717
734
1737
1045
595
676
567
673
1645
856
466
830
809
1489
814
759
577
852
1080
1677
1054
1078
1175
759
428
1556
858
821
3167
676
520
539
600
759
1052
575
783
889
1772
2241
694
1220
757
2306
569
406
522
709
450
830
1169
1270
569
712
1028
552
838
984
837
791
826
781
991
566
702
629
486
929
900
711
614
550
570
1026
493
503
1097
815
938
859
592
1129
587
1226
490
1214
736
2339
1164
602
763
1598
562
910
571
564
761
777
690
903
934
522
759
1148
1047
690
1511
837
1584
548
951
1315
661
515
1428
1595
562
597
1881
715
768
1393
517
570
1392
544
650
541
576
714
646
506
1313
495
525
547
573
539
930
705
544
949
1087
1120
518
548
821
767
1267
621
738
523
942
547
1030
638
683
519
997
1333
1466
569
528
548
544
794
450
503
1623
1024
452
846
1154
636
568
740
803
592
643
565
557
537
1150
907
1697
929
955
1049
710
907
780
838
1412
1336
794
540
1172
565
1266
720
905
642
496
2401
945
855
1464
427
968
987
1220
1193
666
549
567
709
1027
660
611
549
622
595
475
666
951
569
663
2002
885
1412
354
496
1051
523
791
651
696
1383
665
637
518
1861
423
661
734
2034
466
918
564
663
479
955
452
1561
444
518
505
1286
642
642
686
854
900
644
563
567
902
978
1024
570
525
1134
516
657
502
641
1239
789
738
1783
717
552
1024
640
585
756
1106
418
1068
546
589
1396
496
779
602
551
444
784
575
698
968
713
501
1142
1165
624
494
568
735
713
1674
862
670
517
720
2010
476
571
1084
468
1101
652
552
646
594
751
785
937
1874
874
923
880
521
665
1871
1043
955
687
1002
1267
1195
640
1125
547
736
641
1026
743
475
569
679
701
554
1190
1168
699
450
939
529
909
494
1051
1056
767
1191
863
1029
551
904
825
1406
810
855
497
594
444
719
651
673
1055
628
564
1057
665
822
909
1226
956
739
859
680
757
669
593
620
922
567
1111
735
496
472
496
743
641
478
1024
689
1003
543
444
853
518
710
484
546
1195
668
761
1029
932
1130
447
1790
399
855
443
497
701
1481
546
516
498
1341
859
570
588
875
645
637
1058
1123
567
696
815
1342
577
1049
561
577
682
693
770
1508
782
737
887
997
533
524
1293
688
816
879
766
571
761
593
943
522
492
999
1046
805
760
567
3317
550
542
662
519
708
522
884
941
527
445
738
456
938
1279
661
859
545
401
1337
667
650
453
634
572
1097
563
831
548
938
1010
931
982
713
634
743
646
543
522
581
1558
904
625
544
874
586
635
788
617
568
857
615
663
775
998
1313
1776
1684
769
590
856
822
588
397
696
547
739
791
533
540
573
598
862
837
523
882
1062
1565
574
1159
1239
618
472
547
782
478
1222
519
733
581
1033
589
1098
614
538
444
453
698
994
638
765
1128
1256
568
537
962
700
1589
516
570
1607
690
765
495
591
667
667
672
721
1118
529
520
592
930
1051
880
711
1990
496
500
744
549
850
453
569
806
914
385
2129
835
688
544
490
729
575
1339
757
1115
710
1411
361
701
504
500
525
752
1128
1007
833
675
623
759
558
662
616
547
545
752
474
673
505
808
1254
689
396
827
767
771
794
542
756
547
445
930
437
1284
938
756
718
1241
858
594
1167
616
1898
690
1493
699
477
559
498
537
894
1006
830
507
1059
439
549
561
491
711
537
838
524
1218
862
519
1245
498
518
911
1009
688
647
622
1030
951
883
1048
1133
784
549
888
663
687
880
976
501
658
961
738
829
1020
565
1651
1084
4110
719
499
533
715
544
1095
614
658
2454
576
1190
1107
501
566
667
711
615
642
872
1729
970
684
498
992
862
905
938
803
