388
516
584
478
483
644
614
459
486
458
843
607
620
489
487
449
565
463
449
569
394
597
400
571
387
550
487
469
426
489
776
635
580
422
413
639
386
441
514
543
531
635
503
576
508
713
429
575
449
590
842
548
584
549
610
585
498
410
627
443
793
545
647
494
599
574
562
500
625
559
367
735
356
401
538
489
608
512
547
608
565
528
432
453
529
605
522
558
531
555
441
539
475
495
419
449
346
514
384
371
408
470
416
449
905
403
514
393
872
542
598
452
538
453
454
533
416
526
397
506
548
511
484
539
418
578
472
469
435
526
394
582
436
377
587
407
529
487
463
637
516
489
818
559
621
450
491
509
545
414
538
583
580
552
471
525
603
545
414
450
617
565
823
696
509
508
376
547
470
585
614
612
558
680
399
493
403
562
466
796
421
341
505
517
470
618
367
408
634
384
611
822
465
623
494
589
541
547
540
539
515
505
494
518
554
482
434
513
861
680
453
393
344
564
424
468
427
537
647
597
443
536
454
903
432
452
405
465
514
565
533
472
549
605
424
560
596
589
502
455
786
537
528
388
586
604
499
477
498
520
465
447
541
400
494
685
557
610
467
507
463
416
396
577
481
664
496
555
913
497
447
544
484
643
422
427
448
579
422
442
528
545
507
457
463
448
518
473
621
486
545
355
571
929
528
502
618
600
582
741
392
581
565
471
394
411
433
466
913
391
544
564
542
579
517
393
461
491
432
480
580
466
438
441
434
358
463
606
575
689
457
524
684
445
466
455
638
428
541
528
440
593
563
537
634
449
359
444
382
626
383
604
473
574
514
663
520
423
516
470
577
368
519
507
655
508
484
446
537
440
638
409
497
478
362
553
404
464
538
445
433
557
475
579
620
479
484
472
548
481
576
581
516
580
542
601
833
303
585
412
412
563
853
645
586
518
508
551
602
410
551
603
541
463
432
511
603
511
611
433
496
555
527
656
532
471
470
676
544
444
643
465
417
630
543
579
456
509
575
429
554
422
358
691
569
450
479
485
442
473
525
603
505
465
536
488
583
441
518
447
556
491
616
488
733
588
432
568
506
880
542
585
568
461
462
414
447
510
586
433
394
503
479
427
543
353
483
620
493
554
415
556
578
606
512
651
433
417
459
626
543
655
518
413
588
621
393
576
715
404
516
524
406
434
525
551
584
545
478
577
559
524
459
529
697
548
480
758
440
450
557
492
618
673
700
478
562
441
445
544
477
573
489
580
554
433
589
492
402
498
508
566
494
507
453
432
447
430
415
567
499
486
523
615
469
499
776
602
654
340
469
496
521
471
545
524
396
445
497
339
782
599
576
507
448
687
494
444
382
550
472
520
460
523
516
373
580
425
409
514
507
463
546
535
648
524
469
484
400
486
446
540
544
487
530
622
513
581
475
614
484
515
713
557
480
387
541
501
586
613
774
692
536
538
546
625
525
461
542
500
642
491
544
617
431
400
468
432
590
406
462
522
637
613
633
425
597
336
674
557
513
415
506
397
692
548
567
516
388
891
545
485
477
328
487
560
478
605
529
460
1009
628
573
504
939
434
569
667
445
469
632
476
488
505
450
582
437
606
663
608
454
555
427
501
563
453
550
484
472
556
518
581
518
439
456
558
536
776
549
391
472
563
793
651
547
492
584
465
556
484
562
500
531
543
622
546
577
510
425
402
413
455
576
430
420
525
494
518
496
552
475
537
548
564
444
348
494
601
695
472
513
397
854
481
548
488
555
487
530
464
480
533
607
365
735
519
437
595
657
478
397
493
539
474
485
523
442
554
428
450
411
383
597
668
536
509
525
602
518
418
473
577
516
487
547
444
794
356
600
580
498
455
548
491
936
593
472
551
480
570
566
512
440
440
448
583
350
513
495
460
429
456
380
664
425
566
640
662
452
375
820
505
469
595
597
535
413
477
612
490
466
534
513
639
603
581
472
603
594
394
527
483
485
453
474
544
503
466
475
554
541
697
479
635
404
492
425
504
580
460
536
583
495
620
582
537
368
487
432
384
517
495
477
555
512
461
468
375
492
450
516
484
430
434
440
450
456
452
949
618
448
408
786
479
533
491
458
385
486
426
412
939
365
519
444
576
539
552
707
533
379
542
430
508
452
627
456
492
476
519
681
326
600
383
363
424
503
710
439
721
583
513
642
464
424
439
432
628
372
436
426
546
566
590
578
437
504
455
599
321
542
656
489
495
401
565
422
541
546
519
528
893
561
482
480
986
386
561
405
524
814
474
489
611
541
426
539
569
598
374
524
546
534
533
356
554
479
524
527
613
524
529
524
481
554
550
550
578
554
476
676
553
576
529
525
618
521
554
574
541
601
581
503
347
551
521
478
648
554
549
555
555
619
536
551
528
545
543
504
478
577
467
518
458
503
581
501
605
578
462
552
581
572
527
551
541
528
507
577
471
483
604
600
507
577
549
550
553
502
608
528
530
573
528
523
605
483
529
582
534
623
474
490
552
547
523
603
500
554
522
554
556
548
496
445
528
578
495
502
499
435
553
581
512
581
501
576
506
606
602
552
577
577
560
603
475
523
572
497
628
501
550
502
517
505
580
545
504
554
575
574
543
578
555
500
576
555
583
503
553
549
554
601
626
433
479
485
522
470
502
577
528
603
525
504
530
575
463
550
533
523
605
597
574
506
643
475
556
488
574
598
604
549
576
551
500
577
576
606
511
630
526
575
576
582
551
519
506
477
450
555
410
575
529
604
582
558
575
598
630
502
528
551
552
580
554
604
547
502
630
477
554
524
553
497
566
602
550
502
479
627
533
559
582
557
530
545
549
577
525
605
523
528
576
530
605
459
548
578
500
502
516
577
554
530
522
497
529
611
576
469
449
571
577
581
603
475
530
604
546
532
578
545
549
523
597
549
545
625
526
538
528
551
555
553
554
574
672
556
556
523
553
487
603
551
573
599
452
490
596
528
533
572
527
523
580
583
533
605
604
555
556
582
522
523
594
526
503
553
571
576
551
604
506
532
553
534
454
549
620
523
503
623
545
528
563
603
500
504
554
526
524
519
558
550
534
439
475
548
577
556
555
524
622
323
501
604
601
524
558
505
550
593
500
557
498
560
529
503
556
548
501
520
503
539
524
576
537
522
555
595
466
609
551
484
499
528
529
626
476
473
445
584
629
544
605
492
482
525
549
554
557
597
551
575
502
484
556
609
483
482
573
506
554
526
508
502
526
631
472
528
479
555
552
546
483
523
576
523
498
533
582
480
600
520
508
581
552
504
603
571
499
352
573
522
529
581
596
493
474
461
585
503
496
554
530
584
519
625
579
469
582
604
509
621
597
599
552
544
576
524
546
577
551
534
570
581
528
527
572
437
534
550
553
506
525
603
511
409
496
548
580
528
602
631
611
600
529
576
554
546
550
695
532
478
552
574
528
575
503
552
604
475
545
577
497
484
577
430
621
528
576
501
552
582
603
609
498
479
529
508
529
530
472
523
575
507
419
509
503
529
475
579
557
501
528
526
577
504
528
481
489
553
550
631
600
528
578
476
575
554
554
578
579
404
457
576
556
574
506
604
500
524
532
555
581
602
575
528
572
595
553
555
598
501
470
450
553
570
475
536
548
555
483
601
580
520
501
603
502
605
625
554
513
533
583
475
575
615
589
461
601
576
588
596
603
505
510
546
531
527
533
545
598
529
570
554
603
528
551
545
530
559
581
576
578
501
533
503
552
605
523
488
583
577
721
508
553
601
572
577
528
577
502
556
530
571
499
555
481
575
551
524
557
553
582
577
484
582
549
550
572
576
497
507
531
528
502
572
559
550
559
553
482
577
528
580
551
577
523
433
555
555
555
506
551
553
506
624
500
557
551
601
531
452
551
548
550
499
558
472
577
574
611
573
457
598
523
553
605
523
525
604
452
502
498
571
603
497
529
575
629
605
529
577
554
429
583
497
497
584
554
533
512
474
524
629
507
528
529
504
623
550
554
407
559
581
557
582
445
497
545
550
503
529
434
502
530
597
523
549
598
526
473
528
502
409
556
529
500
529
577
477
387
471
568
470
529
552
476
586
564
505
530
576
575
521
600
502
544
545
577
585
557
501
551
523
502
577
577
587
542
552
583
578
507
524
522
584
529
479
450
584
523
586
503
502
497
519
552
532
600
455
555
507
578
574
550
467
574
631
524
550
555
550
480
524
507
552
438
553
502
458
550
522
604
560
529
555
527
480
577
447
577
538
554
575
577
598
549
479
521
603
554
572
554
549
557
501
573
596
524
559
382
584
558
516
549
602
604
573
524
522
599
526
553
555
600
580
604
549
496
604
557
576
555
565
558
604
548
538
651
550
497
578
581
528
553
528
482
599
545
617
530
602
598
644
534
572
521
583
492
577
502
624
577
555
553
598
583
577
528
605
573
499
502
475
524
496
425
558
558
625
600
593
528
500
593
549
577
562
507
485
478
577
570
478
452
528
553
604
549
604
540
529
550
551
572
525
476
631
548
461
555
555
579
527
550
578
576
522
562
524
475
527
549
527
528
556
571
357
359
293
293
249
336
293
315
315
425
337
336
314
315
314
359
336
358
314
315
380
314
336
335
335
381
335
337
359
293
335
315
315
226
337
337
293
358
314
336
315
315
380
271
334
315
356
358
291
292
337
337
359
271
315
315
335
337
337
292
337
337
358
337
337
315
336
293
337
336
293
337
333
291
337
358
337
337
315
315
315
334
334
314
337
337
271
315
315
293
357
315
269
314
334
336
335
315
314
333
315
315
337
337
337
315
336
336
337
315
269
313
337
271
315
315
336
293
314
336
336
337
337
292
336
315
315
358
336
359
315
337
315
248
315
314
357
335
334
337
337
293
337
315
315
337
315
314
314
336
337
336
337
337
271
313
293
335
357
315
337
337
335
337
315
337
335
269
337
315
336
336
358
359
293
402
335
315
270
336
355
335
359
336
336
336
336
336
337
291
337
337
336
336
315
357
335
315
315
293
314
249
335
315
337
335
335
334
400
337
315
315
310
336
314
335
336
358
336
337
314
315
337
337
337
271
335
337
335
315
358
335
314
337
334
315
336
314
337
312
335
356
315
335
314
337
315
337
335
314
315
270
337
333
336
358
337
315
315
335
336
315
357
337
336
337
315
337
337
359
293
337
359
335
336
357
336
359
358
314
293
314
336
293
314
315
359
379
314
336
337
315
293
335
337
359
359
293
358
380
315
293
356
314
336
315
334
293
337
336
315
315
335
358
336
357
337
315
336
358
359
357
336
293
312
314
293
314
335
358
336
315
356
359
315
293
358
313
293
336
314
336
359
315
337
292
270
315
334
337
315
315
337
381
227
315
337
359
337
315
315
337
379
314
337
337
313
314
315
315
359
313
359
315
379
336
336
293
336
333
358
271
336
336
293
336
314
315
359
315
315
337
337
337
359
336
359
269
337
336
314
293
336
336
337
334
315
315
315
271
313
358
293
315
336
315
336
314
336
337
315
293
315
337
359
293
337
335
337
337
293
315
293
380
380
293
315
314
291
337
359
335
270
335
334
314
315
357
293
315
292
315
335
335
314
315
337
359
358
337
336
314
337
292
359
359
334
337
381
336
337
358
337
336
312
358
315
313
314
359
269
293
337
336
315
337
337
293
271
336
334
314
315
337
337
314
356
335
358
314
359
337
403
314
315
337
358
314
336
335
337
336
335
358
336
337
293
337
271
293
314
358
315
315
336
359
337
337
315
335
292
315
314
337
336
336
293
315
293
336
315
315
337
315
337
315
337
337
315
315
293
271
337
337
337
359
336
336
315
359
314
314
337
337
270
271
336
337
337
312
359
315
336
292
337
315
336
336
314
359
357
337
314
380
315
337
315
313
359
315
314
337
315
293
334
314
337
314
337
313
358
381
315
291
293
337
315
336
403
312
292
358
336
315
358
337
293
269
358
293
314
314
356
359
315
357
314
335
314
337
359
335
292
337
336
337
314
315
315
315
337
336
249
315
356
424
271
313
337
336
334
314
336
335
315
335
358
312
315
314
335
337
336
335
315
336
337
271
315
336
337
359
335
355
314
315
315
315
358
315
336
314
336
314
337
314
337
337
355
337
271
315
335
315
289
337
313
315
358
315
337
337
332
337
314
336
336
337
315
313
315
337
337
315
359
292
336
357
315
315
336
335
359
315
315
249
358
335
336
315
333
358
337
313
337
315
293
315
337
337
332
315
315
271
315
358
337
291
315
315
315
380
314
314
291
315
337
337
337
292
315
358
336
336
315
292
314
337
358
337
335
359
336
313
337
337
249
314
315
337
314
337
315
205
335
380
337
336
335
335
315
380
315
315
336
335
337
337
336
359
356
359
315
314
315
337
336
315
336
337
314
291
315
336
336
312
337
336
334
315
293
336
315
336
315
315
314
270
358
337
293
358
288
315
314
315
336
336
337
334
358
337
337
315
336
315
336
293
337
248
313
335
271
336
336
337
313
315
315
314
315
337
247
336
293
315
357
337
359
337
314
359
315
315
358
315
337
292
336
336
359
315
315
271
315
336
333
336
336
336
359
337
336
359
314
314
334
381
313
336
336
337
336
336
336
293
315
292
336
334
291
359
336
335
337
337
315
334
315
271
358
358
379
315
337
359
380
314
359
315
335
293
336
315
356
358
315
358
358
315
337
335
357
335
311
314
336
337
336
293
315
315
359
359
380
314
336
380
336
337
271
293
271
315
337
356
315
315
315
337
357
336
337
271
293
358
337
359
337
315
337
335
293
335
336
337
335
336
355
357
337
314
336
335
315
356
337
315
315
268
591
1341
492
593
948
1154
1066
921
513
3062
587
965
520
911
684
710
743
539
560
1134
2939
710
650
759
732
1141
589
1304
641
1061
1122
858
757
607
1088
1121
897
810
572
536
767
566
790
712
585
464
807
555
541
467
829
668
2032
568
888
1026
1311
586
535
1316
490
911
580
684
787
2505
763
445
986
1522
1172
584
631
494
884
2105
541
1200
517
615
440
639
756
515
637
882
901
441
667
960
1315
864
551
489
632
831
636
904
620
632
784
488
980
510
490
614
640
959
1112
615
694
615
1447
471
1125
1237
742
496
1005
583
736
686
1221
838
1569
689
541
611
977
1417
713
852
572
525
1326
613
900
616
911
930
1398
1555
465
857
1302
952
1141
565
613
539
733
911
599
910
821
833
1067
459
1173
561
1125
856
889
687
589
2387
630
502
559
1129
537
595
615
561
789
600
569
440
548
586
578
649
1421
1298
832
907
583
835
1201
641
640
486
926
533
813
889
710
543
515
1636
710
497
638
917
1533
1101
1007
640
1218
564
670
489
665
585
535
1111
607
809
764
1028
710
760
560
490
541
639
640
537
762
470
862
2032
1083
931
615
519
925
884
492
564
589
705
859
789
631
932
2639
1415
1052
978
661
647
783
809
710
808
537
445
573
631
462
523
659
1229
860
1350
520
1352
690
806
740
541
1396
586
934
658
1569
1344
614
612
1157
514
534
789
612
810
635
1122
611
1066
828
907
1559
636
731
559
760
444
615
2274
617
492
604
571
583
541
620
494
538
536
667
521
617
1764
683
802
464
537
1767
556
1175
1074
536
493
693
930
606
711
540
753
891
709
809
509
518
1403
1866
648
933
960
567
543
904
515
489
639
1093
711
583
536
1007
665
589
1126
755
734
592
557
686
566
669
983
1022
629
1675
592
739
565
777
855
953
788
710
470
1174
597
537
1204
592
618
2239
1149
1103
541
1109
591
611
708
821
441
469
1004
880
1006
1112
607
436
443
542
585
1180
889
887
730
1272
1257
1602
490
710
805
1399
611
628
764
595
1140
662
855
593
413
908
442
909
1150
729
765
935
537
1225
586
691
565
567
1108
1269
563
1008
1012
543
637
959
667
1020
533
583
662
737
1250
1639
662
1316
1426
764
633
612
517
2087
804
1124
735
546
757
694
1191
1643
763
636
608
1796
599
633
1094
783
589
648
1046
964
561
807
660
836
594
1326
812
1863
592
1075
1204
789
590
835
713
574
830
1516
684
831
636
1913
567
562
1204
3258
1431
635
466
1765
932
756
1057
834
741
565
713
585
489
1013
536
520
786
670
1136
808
1305
857
1345
811
543
1677
858
418
561
712
488
781
930
447
954
963
662
615
391
2352
859
1398
514
638
587
564
685
499
999
538
733
980
659
1300
587
1232
631
521
906
641
545
999
623
591
711
596
788
954
863
592
614
1256
562
632
828
718
708
1343
1249
975
1400
611
932
664
613
1541
467
1133
1280
441
569
585
1184
836
568
730
1003
975
2814
711
445
418
1404
529
584
897
600
1412
483
642
884
1003
1451
989
869
905
694
612
842
708
902
443
949
513
535
565
466
805
1059
737
1448
635
880
739
884
617
955
1178
646
504
734
1614
5328
616
617
1222
925
654
769
586
1868
1054
858
791
613
672
1081
533
540
687
816
905
1696
687
522
566
636
592
852
848
633
935
809
714
613
764
1033
460
1081
590
1874
600
1185
592
880
641
930
1220
717
662
668
616
682
560
1496
1071
538
717
832
632
2023
933
586
633
736
467
930
568
1029
982
637
1024
476
1061
608
664
1284
736
1205
1235
1276
672
875
581
646
610
513
780
2259
511
560
542
1005
501
941
1391
1201
663
759
1036
650
538
880
1033
692
565
574
1377
679
493
512
1244
1277
1384
910
1006
1437
516
611
688
668
567
576
612
672
658
638
735
1152
780
564
1209
709
453
733
763
592
615
880
498
634
512
1255
490
444
1542
1099
983
1905
1400
528
1198
1447
1122
1568
665
707
707
1378
714
762
713
543
782
709
632
930
1672
1135
519
541
535
785
701
1073
686
468
791
1101
1012
639
1371
517
562
1049
532
537
695
1224
615
1285
834
739
829
598
498
581
990
830
636
812
853
615
587
369
614
574
762
562
423
779
939
928
737
562
667
836
1375
662
726
638
1228
962
1074
739
1441
884
1132
584
1057
637
679
1275
633
592
1300
541
1637
488
1130
1297
1057
587
629
878
1350
642
682
730
687
661
464
1285
613
2667
573
644
539
547
595
439
536
493
809
491
690
639
714
1418
741
586
486
831
518
1006
713
569
957
952
1445
672
832
902
1020
882
609
464
1472
1629
588
760
654
735
666
1175
605
662
733
909
748
910
540
564
566
881
542
448
636
537
1049
557
774
465
1081
2223
681
882
667
492
475
1477
836
605
611
1131
815
1495
830
738
571
670
912
1274
632
1051
539
470
636
735
1304
684
587
636
814
683
928
904
939
1600
632
811
711
1097
1995
720
496
470
