633
447
456
520
508
531
588
652
493
483
560
468
519
546
602
594
415
511
530
562
493
601
566
621
565
670
1015
546
519
514
408
601
602
532
541
522
438
403
491
555
378
396
498
573
961
544
456
521
545
447
600
626
528
573
465
563
539
553
458
526
543
521
611
513
422
566
601
369
543
555
487
537
582
307
417
557
595
625
528
617
834
831
542
507
481
445
572
469
569
588
465
526
868
637
474
470
475
533
544
413
520
832
536
656
537
673
505
551
576
586
915
562
496
460
543
447
669
503
495
598
560
829
588
571
428
475
402
584
406
613
449
684
380
605
530
409
539
617
558
486
447
820
447
593
753
414
469
417
402
555
407
600
591
554
438
577
464
399
582
562
789
467
406
517
685
484
398
605
603
433
688
665
471
437
449
424
472
517
646
431
544
483
603
438
565
432
750
583
446
601
473
537
649
512
495
410
416
456
449
602
543
450
618
511
479
472
630
681
469
493
559
505
616
491
480
593
470
508
388
414
518
492
448
428
491
391
497
473
672
545
524
591
543
596
568
621
604
569
588
551
613
460
457
974
608
856
487
422
611
585
471
519
533
541
482
547
560
580
607
549
555
415
642
495
569
558
536
844
444
604
607
639
402
625
651
445
615
716
492
601
554
554
614
544
664
431
709
517
710
343
598
602
406
487
552
566
584
525
425
471
672
522
548
533
518
428
620
626
709
535
591
380
470
542
524
496
479
636
497
519
394
577
491
532
600
597
568
481
509
429
514
562
451
563
382
559
420
538
596
473
569
620
523
342
508
496
523
468
677
543
625
550
807
533
501
550
644
568
628
440
404
390
598
644
464
506
485
613
424
496
712
508
545
578
463
789
785
422
470
417
580
680
429
528
587
516
567
551
571
431
549
472
864
556
618
453
613
524
394
402
594
502
593
616
462
451
800
384
515
444
711
470
441
463
496
556
530
582
426
488
597
587
545
455
427
461
484
495
429
569
530
595
405
591
613
900
456
575
669
725
524
555
369
416
718
486
597
560
541
506
676
507
684
520
631
385
607
476
466
547
694
540
455
615
464
570
453
531
516
889
489
534
475
424
449
598
456
480
487
657
673
542
570
568
609
476
584
595
532
547
517
521
507
513
481
609
615
691
632
430
551
481
481
660
410
577
505
561
438
581
580
527
493
480
576
924
450
511
313
771
546
456
457
601
583
710
403
477
603
398
525
526
550
530
490
555
599
466
657
559
547
531
540
637
485
550
573
638
481
504
509
811
573
419
451
606
522
467
597
492
490
521
530
503
574
505
492
402
608
674
577
490
438
644
581
448
445
546
515
686
478
458
610
575
536
469
385
539
606
459
555
505
425
564
567
394
795
431
529
484
550
383
547
547
567
398
470
524
687
474
517
736
330
614
584
470
493
839
460
527
539
616
360
520
491
579
486
484
545
428
428
536
654
663
458
353
390
464
476
557
543
482
530
407
424
475
500
517
506
431
522
559
530
567
511
444
466
558
517
597
569
601
544
566
628
617
603
546
750
364
516
504
597
552
544
574
513
434
533
554
651
493
551
595
394
461
525
471
431
557
718
488
590
452
499
649
553
504
456
537
618
600
596
504
438
421
512
529
499
561
476
491
732
561
467
518
599
711
540
480
485
454
593
591
495
606
366
602
443
565
504
516
480
462
374
472
480
430
482
492
507
566
466
824
536
424
724
563
865
516
452
503
555
533
452
521
554
694
626
416
443
602
458
519
537
435
958
610
651
434
393
756
506
437
613
673
470
557
497
468
461
476
607
555
563
563
628
582
577
568
457
431
435
489
481
759
502
613
421
667
572
510
480
363
773
598
643
501
964
512
549
487
440
541
546
414
964
456
464
340
437
688
495
567
650
392
653
610
523
692
455
467
868
535
512
571
465
539
483
640
899
483
587
647
979
394
637
595
550
679
515
494
541
489
440
563
466
443
936
541
451
674
514
710
375
467
475
602
579
505
612
496
537
716
541
511
476
502
519
779
577
482
565
792
447
446
584
666
652
479
504
703
359
463
447
571
634
493
605
523
523
521
508
542
579
479
657
461
590
556
573
532
536
576
487
535
741
455
435
373
575
510
439
429
634
525
618
568
399
547
536
488
528
465
426
593
511
638
541
610
523
515
619
538
799
629
600
487
536
456
636
551
552
527
894
552
602
649
523
503
643
422
595
395
501
506
612
387
897
651
507
600
485
491
560
478
541
439
434
606
598
576
557
454
545
534
495
496
378
425
500
790
594
593
474
507
520
561
563
505
548
598
542
539
468
618
599
604
623
553
576
580
650
602
522
603
542
576
522
599
497
575
598
529
502
517
515
568
598
470
555
570
559
626
603
605
620
578
547
569
574
500
508
627
566
526
538
525
627
474
599
345
604
488
579
554
549
588
601
578
625
571
548
581
630
597
571
574
607
556
553
578
494
520
548
470
626
600
414
604
593
568
571
575
627
624
629
480
548
514
594
571
573
366
626
598
518
525
605
499
496
571
599
571
558
599
560
604
600
604
623
572
571
577
544
550
571
571
604
627
605
515
493
632
654
570
597
510
569
521
616
571
578
608
549
609
400
501
609
535
571
572
627
601
588
650
548
528
492
604
602
376
626
576
600
694
497
516
627
582
495
570
572
599
494
530
536
468
519
492
623
576
672
521
487
544
570
522
423
570
655
571
544
655
599
482
542
581
574
571
577
557
622
521
575
570
645
521
535
471
542
594
498
495
537
545
596
618
599
576
488
575
603
498
476
515
521
573
551
543
557
594
571
573
596
602
602
627
542
521
515
550
537
520
571
571
551
606
570
517
501
650
558
600
543
600
641
626
539
572
603
549
600
606
521
651
544
332
630
601
570
475
602
643
549
598
628
598
599
600
569
496
626
452
544
570
549
598
548
599
606
522
626
606
549
544
573
543
516
576
600
592
570
571
621
498
491
603
576
576
564
598
571
671
602
597
548
604
598
550
491
575
597
596
507
598
605
572
599
575
597
575
553
617
549
632
602
629
520
490
601
630
650
523
621
602
626
549
508
548
488
626
635
513
491
413
548
555
610
606
625
599
545
571
525
501
618
532
621
571
555
600
549
550
569
543
623
492
453
595
548
596
521
546
487
600
647
572
626
548
605
571
570
658
578
572
587
494
599
575
547
530
599
598
579
671
604
549
544
523
621
632
494
522
626
653
572
471
576
493
572
622
498
491
545
498
568
552
598
599
572
523
650
523
447
600
573
594
576
629
570
570
603
670
575
626
570
506
619
655
471
649
549
625
526
555
493
550
541
570
497
595
575
575
653
627
587
519
597
521
543
560
525
551
508
681
531
579
621
598
571
545
530
595
548
498
554
588
505
514
625
578
543
517
654
600
571
494
577
400
573
593
571
553
568
579
604
600
572
548
486
544
497
595
593
603
544
547
553
484
544
546
574
654
582
597
419
566
566
515
570
541
546
507
580
548
529
576
547
523
241
626
517
603
551
575
598
550
577
598
529
621
600
519
578
576
547
529
542
543
567
569
596
604
413
548
577
520
574
495
520
595
599
603
549
515
476
594
533
575
548
599
471
549
592
615
528
547
520
564
525
590
501
574
623
577
572
626
513
516
604
548
523
551
604
620
599
596
568
547
549
541
548
560
598
544
620
519
472
369
599
541
599
566
627
706
512
566
575
597
595
601
554
551
631
496
498
503
645
521
527
504
602
547
495
599
484
626
598
575
592
487
576
492
553
574
555
521
598
571
498
606
502
496
540
628
631
571
575
650
496
578
599
572
474
524
524
485
569
521
520
599
492
599
553
626
577
678
522
541
517
475
569
547
547
526
514
552
546
524
543
527
599
571
596
556
465
644
565
599
545
525
514
554
571
576
516
490
576
597
451
547
517
566
606
595
572
572
600
619
652
543
548
543
558
599
551
571
644
561
517
542
575
599
573
600
493
626
550
459
571
627
626
600
525
659
621
412
604
550
599
571
574
544
578
598
627
599
551
565
576
545
600
627
571
630
538
570
619
573
557
573
572
552
570
601
566
543
576
626
625
515
575
526
603
553
521
595
498
598
565
562
622
598
543
594
574
600
592
521
400
553
632
672
599
599
498
553
599
596
599
478
543
629
546
600
607
599
548
666
598
576
501
559
599
622
575
548
572
655
543
575
516
603
521
575
500
575
525
517
601
629
479
570
621
606
520
574
608
625
575
576
521
576
548
490
628
550
546
551
626
547
627
544
653
628
544
543
518
569
626
548
548
545
550
575
603
576
634
543
515
553
494
542
549
569
580
627
676
625
620
541
592
551
517
575
427
500
626
545
525
574
650
573
488
572
607
509
574
543
602
547
602
542
603
597
574
549
705
627
514
578
525
533
492
547
577
525
523
577
625
545
511
627
576
519
601
606
544
496
616
546
526
599
626
546
598
596
570
603
605
629
644
576
614
540
578
498
599
654
572
542
574
576
626
544
573
627
601
623
573
522
572
496
498
625
648
557
605
507
584
521
598
626
571
545
578
506
542
625
622
596
551
576
599
546
598
580
426
598
351
351
328
396
306
398
352
329
375
305
329
305
396
327
329
327
328
329
329
351
328
329
351
283
305
352
351
352
351
306
306
352
305
373
329
329
373
304
329
349
329
305
375
351
352
325
375
328
352
306
352
122
351
352
329
306
329
397
352
352
350
352
329
329
328
351
352
327
329
306
329
329
328
328
329
305
352
352
306
329
373
375
352
351
351
374
352
283
329
329
352
351
374
283
352
375
326
329
329
326
306
351
352
351
283
352
305
329
352
328
352
327
352
327
373
329
352
351
350
352
329
352
329
328
351
329
352
259
351
329
419
352
328
306
328
327
237
282
329
328
352
352
350
327
352
374
328
328
351
329
328
235
351
328
352
421
304
351
351
327
329
351
352
351
329
305
349
329
329
328
352
329
397
351
374
352
327
329
306
351
352
351
351
351
351
258
350
306
351
352
352
306
397
329
328
350
398
350
328
329
351
374
306
305
375
329
350
398
351
328
352
351
329
306
283
350
349
328
329
349
281
375
350
326
350
352
327
351
374
329
351
352
374
328
350
352
329
329
351
352
282
350
305
351
352
351
397
351
375
352
327
329
352
327
329
374
375
214
351
329
351
302
351
398
329
352
351
374
351
352
352
329
374
305
352
375
329
351
329
352
329
351
352
329
329
351
351
352
352
328
375
375
351
375
375
282
327
351
329
329
260
374
352
397
328
350
351
329
352
328
329
328
350
329
329
349
328
352
352
329
374
328
305
397
329
352
352
352
328
352
352
329
375
329
374
352
352
351
305
329
327
350
352
375
326
282
351
306
306
306
352
352
351
352
306
283
397
305
375
352
304
326
329
352
351
352
352
329
281
351
329
374
329
329
351
352
373
352
352
328
329
352
350
329
351
351
306
326
351
328
351
328
352
351
329
418
329
352
324
351
374
349
349
329
352
375
352
306
327
329
351
352
306
328
374
327
352
328
374
373
352
329
351
329
280
352
349
351
329
352
351
352
348
397
328
351
351
259
374
351
329
375
329
374
306
306
329
329
350
351
329
375
351
351
374
373
306
351
350
329
352
397
306
352
260
352
306
329
374
352
375
352
283
375
351
306
329
372
305
352
351
329
352
352
352
352
352
329
328
282
327
398
351
328
352
329
329
351
350
328
305
352
306
375
375
351
352
328
329
236
352
352
328
352
329
349
282
373
375
351
352
348
327
282
329
329
304
329
349
326
260
352
352
328
350
352
350
329
328
352
329
375
352
329
350
329
329
306
350
351
350
352
375
350
305
329
329
329
352
350
328
350
352
329
329
352
305
375
305
329
329
351
283
329
375
398
305
350
351
352
305
398
305
351
374
328
351
352
349
352
329
351
328
328
328
372
352
375
351
328
329
350
328
283
352
327
374
351
329
305
352
349
351
375
352
351
374
374
329
348
375
374
306
306
329
329
304
304
396
349
303
306
327
329
305
351
303
352
351
351
373
352
352
329
329
329
283
329
351
351
306
329
306
306
375
352
329
329
329
375
305
328
352
352
329
329
328
237
352
350
329
374
329
350
328
350
351
350
329
352
352
304
351
328
329
328
352
306
328
305
351
306
351
352
352
305
329
397
374
351
352
306
352
328
351
349
352
350
352
351
303
327
352
375
329
375
352
374
352
351
350
375
306
351
328
375
304
352
395
282
352
328
349
352
329
350
351
352
329
349
373
329
375
374
305
329
375
283
352
352
351
352
352
352
352
351
350
352
329
374
328
352
349
352
375
327
374
351
371
352
302
352
352
305
375
374
350
352
329
351
350
350
329
306
329
329
349
351
328
350
374
375
375
352
352
350
329
352
373
329
260
327
328
397
352
352
329
328
352
327
352
259
351
350
352
328
352
352
328
419
375
329
281
306
352
375
350
329
352
352
374
328
351
352
351
329
327
329
306
352
350
351
306
350
373
347
328
352
327
352
329
329
351
329
348
352
374
329
352
329
351
328
351
352
351
373
351
352
352
352
352
329
328
352
328
349
352
329
350
351
352
328
329
352
306
351
328
374
398
351
374
352
373
329
352
329
283
306
352
351
306
352
375
329
352
350
329
282
328
351
329
329
328
350
328
395
352
329
374
352
329
306
306
283
326
328
329
305
306
351
373
352
260
351
352
328
328
349
351
329
396
351
306
351
351
329
352
375
350
329
351
352
398
329
395
351
329
306
351
351
352
351
328
327
351
351
328
352
352
375
350
328
329
351
306
351
375
305
329
283
329
329
350
373
352
328
329
306
350
372
375
375
329
328
350
374
351
305
260
352
830
1078
530
1531
1037
1412
902
680
736
550
506
610
742
584
480
649
626
580
540
764
664
939
707
697
538
658
578
755
614
459
507
703
686
1506
685
583
629
583
407
655
1130
914
1198
661
762
556
1104
757
603
749
634
251
937
509
584
613
531
1075
556
784
554
679
931
1611
886
659
605
636
537
559
1317
684
662
629
932
566
680
927
759
579
1208
630
706
682
604
2619
553
912
880
534
1156
528
1112
1199
906
1823
634
1164
690
859
943
606
757
705
571
1216
1541
1032
860
584
859
680
1162
582
756
479
557
754
829
930
637
510
809
529
717
532
922
774
805
735
801
809
639
581
760
1011
522
541
1062
657
607
603
653
635
1207
779
588
1595
830
740
635
440
555
681
609
1228
564
609
553
657
785
577
527
653
735
892
550
632
1640
632
704
483
698
1434
1030
811
780
958
1563
603
979
907
556
809
904
588
904
660
1434
755
986
789
1831
680
632
654
600
884
1849
1077
708
802
435
709
925
579
477
982
560
583
503
682
757
483
783
607
878
710
585
604
532
503
659
641
929
2155
635
604
1757
483
558
1280
1283
1131
604
714
456
1206
557
508
409
758
693
587
505
752
1773
756
529
578
586
1037
560
1259
1086
680
1560
549
1137
784
753
581
1432
1354
906
767
477
755
604
815
566
508
858
1291
912
1755
531
752
481
680
784
1080
660
886
685
706
668
929
603
554
772
1410
611
1356
1177
535
604
1039
680
690
517
1059
956
899
642
851
942
805
1059
581
737
659
603
735
406
604
631
860
867
579
2650
781
515
862
536
1208
1156
759
607
504
629
956
782
1810
500
605
905
1439
1063
697
505
552
1283
676
581
1100
1384
1109
708
609
706
552
781
853
1086
862
604
490
955
606
985
730
536
780
883
908
715
1085
942
760
536
852
534
935
613
706
555
753
1067
682
743
828
858
1042
1184
708
1546
1142
602
830
1287
1583
958
555
791
2625
856
1738
501
2091
629
758
757
911
667
2357
605
607
579
1286
1180
679
565
537
810
1060
1154
1212
908
1005
659
538
757
789
621
557
802
666
786
808
504
760
556
1395
1256
604
656
512
977
666
511
1230
585
1653
688
527
886
582
838
616
1227
579
833
885
1607
1553
812
830
580
607
655
1056
507
739
470
755
2016
632
733
752
1003
856
536
1032
893
972
1159
748
1412
1110
726
582
661
609
767
479
554
933
687
1043
502
2028
555
558
552
633
631
672
603
454
1390
579
929
1279
734
1479
804
530
1063
441
709
683
687
555
1211
604
922
1211
965
612
861
689
915
1068
913
984
1036
533
1332
1108
1049
1082
607
680
581
661
606
934
634
707
2336
781
815
935
587
828
1080
987
813
611
607
755
828
734
684
1043
507
887
506
584
788
803
582
784
484
679
686
1378
510
986
458
427
629
832
1739
2002
1086
1430
1038
658
565
657
983
1382
983
684
854
1153
789
510
930
735
657
537
886
679
861
528
1032
781
944
612
581
489
1778
806
1086
838
1207
1273
855
604
552
928
758
977
927
829
983
628
982
1253
771
911
1133
2293
562
512
1451
584
985
788
528
879
751
803
1298
703
606
734
878
1834
689
633
857
942
761
785
555
681
732
643
1112
765
776
1403
1281
841
583
579
667
583
660
504
1810
932
1012
569
658
638
584
818
736
631
1184
668
1106
654
685
557
559
842
803
778
883
1135
856
563
633
762
811
612
478
677
607
722
642
847
629
580
655
1238
656
1358
1457
531
1012
1056
1733
878
1145
580
532
1683
532
826
662
809
534
1253
829
1053
659
781
1443
853
557
751
1251
735
658
633
1081
810
1167
658
585
758
485
557
1104
1030
1555
661
665
891
626
1245
1238
694
603
504
656
919
1033
616
603
656
684
700
504
1307
778
770
1162
636
928
613
1305
1010
584
659
559
509
1509
1058
654
728
548
751
604
880
659
615
838
1009
1029
909
1112
601
579
705
587
1657
656
617
1129
808
624
732
765
862
530
800
530
555
816
911
555
761
765
510
656
935
910
683
1390
557
595
871
3635
1333
603
1299
959
875
536
737
557
1311
1405
530
608
903
740
957
686
531
482
655
851
554
1435
938
679
782
480
563
956
861
587
808
948
1135
681
506
605
1315
656
509
532
711
553
603
732
1102
615
581
703
655
806
636
691
862
1059
835
1137
582
734
605
508
709
590
653
1188
527
1162
906
1384
552
681
657
777
684
429
787
1013
1110
703
610
765
559
959
839
507
612
1212
712
1061
607
836
1263
733
678
809
953
703
508
729
758
590
670
857
488
634
635
740
558
789
730
1329
756
849
1307
685
807
591
706
609
558
1097
677
559
603
581
784
1118
781
684
907
934
1057
2609
813
774
1132
800
510
536
859
511
607
557
632
1483
754
761
915
766
796
1628
587
456
633
509
680
702
936
656
989
1613
633
701
908
978
479
584
1442
653
1154
1176
1079
637
636
605
1007
753
559
515
653
