454
495
634
533
673
591
666
559
905
505
530
488
646
887
660
462
573
433
936
519
478
815
627
571
425
618
488
485
450
573
506
575
496
579
550
815
498
603
476
609
573
459
545
460
417
499
577
736
515
416
691
845
622
573
636
602
468
572
606
489
902
666
631
576
536
645
555
412
544
429
481
436
485
592
534
621
522
571
507
479
576
711
607
564
575
551
569
573
457
621
704
627
414
599
517
579
418
388
555
560
568
445
493
645
596
548
543
584
471
536
414
611
568
416
844
399
488
585
467
485
544
603
473
554
589
603
507
594
428
469
609
510
644
595
460
736
503
616
742
595
581
442
486
427
613
543
572
561
563
384
429
612
857
637
645
523
559
465
429
607
540
540
539
483
429
516
498
589
776
611
457
628
896
422
606
577
563
578
480
633
536
402
561
448
506
602
498
498
495
475
514
602
557
562
395
566
472
665
404
494
622
544
468
667
907
613
579
491
426
549
633
523
458
486
443
500
496
538
611
562
466
395
463
533
495
634
519
541
579
565
600
634
680
454
507
1027
574
636
734
545
552
618
879
530
557
459
442
433
591
442
536
681
523
624
488
590
475
528
634
445
446
476
421
439
640
561
419
625
515
432
473
663
539
597
418
456
640
482
528
912
862
592
472
455
357
375
533
595
585
732
684
504
524
596
523
495
450
569
899
462
474
549
641
435
623
500
547
556
607
595
376
677
587
687
685
725
699
521
515
630
456
534
573
515
730
798
545
658
546
548
577
472
469
471
541
553
503
445
542
587
421
487
542
713
404
437
536
454
482
487
461
635
660
626
623
462
556
659
447
673
559
505
632
629
715
491
463
580
473
562
722
544
585
587
538
472
543
574
413
485
410
518
663
666
526
407
565
505
448
386
640
561
496
596
694
475
516
449
452
486
616
573
461
764
495
470
627
430
566
445
618
573
477
475
537
661
455
593
677
596
529
646
503
475
855
691
549
574
499
625
499
467
512
552
497
474
415
530
470
416
682
740
516
537
600
555
542
422
544
689
729
590
481
617
469
646
645
575
534
605
734
432
439
616
993
522
677
597
871
727
501
455
457
921
471
654
509
487
603
514
410
695
535
404
564
497
542
559
900
633
514
542
489
760
799
623
661
506
449
529
570
531
539
605
820
557
473
459
595
422
541
527
406
434
528
434
451
594
928
628
464
567
585
619
574
535
667
504
516
434
540
506
570
526
535
538
516
526
635
744
505
490
549
590
439
653
477
552
482
553
550
506
500
454
552
723
567
498
569
632
524
626
462
480
540
596
520
699
366
555
593
601
519
629
474
504
580
511
531
503
544
594
493
460
415
515
646
428
869
715
607
568
983
527
528
631
496
569
545
615
555
522
535
480
666
436
739
464
672
620
606
473
951
870
555
619
497
718
512
583
818
469
554
559
563
558
574
584
526
550
536
505
544
616
495
578
496
389
597
521
541
492
561
438
643
488
475
619
672
898
547
493
751
594
457
484
627
535
485
686
395
622
405
643
597
446
511
744
511
594
500
539
521
557
562
524
548
449
439
516
459
492
556
510
887
583
541
520
607
398
445
605
497
481
420
531
582
505
458
521
530
546
496
612
706
567
648
478
555
504
513
732
377
522
557
982
543
549
444
573
549
480
1092
460
497
498
603
583
668
486
581
508
510
464
529
530
477
583
613
561
468
453
521
649
564
601
596
547
621
562
527
547
480
495
606
494
505
612
510
616
885
504
482
490
511
500
869
607
616
531
559
741
478
525
545
542
849
497
635
498
507
979
488
467
590
590
488
504
906
576
526
507
564
544
527
605
579
596
493
679
649
618
481
895
661
465
489
534
583
517
539
460
539
509
594
535
632
542
493
537
621
504
581
455
474
498
561
824
653
631
540
642
517
803
733
526
767
477
503
456
539
434
570
479
501
510
547
411
553
500
618
538
450
693
750
556
411
452
505
572
482
889
486
657
501
578
656
556
578
980
549
471
532
531
546
549
520
676
475
861
503
531
610
621
620
628
415
782
722
493
369
537
885
539
501
513
470
443
495
662
449
530
575
611
652
615
585
527
504
537
487
534
451
450
615
615
531
637
607
564
614
779
970
711
553
565
566
646
567
456
580
576
560
885
591
598
734
560
559
511
533
640
549
546
551
604
706
628
537
518
550
586
780
507
523
578
516
512
623
628
480
543
492
374
553
534
698
570
432
592
554
671
448
584
568
517
454
502
613
490
633
573
397
582
564
642
509
539
607
628
475
572
403
938
489
513
556
533
740
498
501
772
904
519
700
563
952
515
730
766
630
665
722
712
702
673
673
518
825
610
754
610
684
824
620
771
521
576
662
688
748
707
703
674
527
871
540
741
543
892
819
675
700
580
618
719
657
698
867
556
628
573
800
712
817
829
966
614
627
581
695
921
851
580
587
828
747
586
723
802
747
639
721
560
632
814
690
851
508
810
676
738
738
738
832
671
708
761
492
895
797
509
632
632
748
697
833
554
572
551
554
519
671
793
504
676
706
823
825
799
625
1329
904
570
679
785
567
817
784
755
584
589
805
701
682
851
646
718
693
673
743
712
887
763
752
831
598
693
1034
553
633
531
714
677
749
747
545
732
637
666
774
668
780
892
706
690
858
557
744
833
635
914
612
849
608
998
696
844
777
899
653
787
788
742
777
648
682
825
747
669
705
979
721
622
664
798
523
661
733
930
512
680
628
703
638
815
740
633
511
693
1047
640
608
868
953
901
755
643
524
705
678
911
764
627
572
800
550
615
697
559
666
567
700
597
776
834
830
639
580
847
767
889
905
701
718
594
679
896
525
623
709
688
627
1008
647
674
752
681
757
701
582
577
580
876
533
765
538
620
790
819
669
812
689
1035
697
966
624
603
620
739
641
579
566
625
809
685
766
625
836
774
821
769
686
647
650
620
592
627
782
549
589
711
562
512
767
697
515
876
541
605
818
690
784
607
849
923
736
819
912
641
774
805
839
852
973
844
602
801
569
809
613
705
697
738
856
729
803
850
750
580
811
669
687
777
673
549
556
920
649
748
438
588
629
646
612
512
771
635
982
589
561
622
527
839
574
696
553
695
488
943
780
632
893
713
690
722
625
900
615
609
536
677
745
699
571
800
790
571
566
726
766
636
598
835
561
617
743
622
565
739
637
754
1004
884
659
550
876
586
672
566
873
568
599
841
648
565
858
495
625
511
730
834
540
764
574
728
794
907
583
899
902
579
554
957
633
716
886
597
605
746
842
864
813
798
661
664
864
923
887
726
673
1062
580
668
597
752
645
480
749
689
796
914
652
740
857
684
801
728
746
625
564
766
569
582
941
663
628
508
610
679
611
629
693
735
654
756
816
573
721
630
613
586
560
646
741
662
681
518
653
920
582
831
678
740
811
611
854
638
736
554
794
742
891
685
833
779
493
546
758
559
613
797
616
649
512
550
689
1147
648
704
668
680
703
706
748
625
759
786
630
683
628
704
561
1110
521
687
773
635
736
974
626
457
676
901
721
838
625
791
687
699
558
460
696
558
721
587
818
742
523
503
823
847
668
627
819
790
714
735
835
549
686
723
704
747
781
715
690
767
627
587
632
674
582
673
694
589
559
722
842
628
755
909
705
1035
672
829
746
568
734
760
577
560
683
786
842
550
911
611
560
709
753
858
644
794
746
889
549
978
717
611
587
622
621
847
715
568
750
577
572
822
632
618
709
709
579
717
702
739
723
873
756
625
656
615
691
601
764
569
801
1000
636
629
603
667
599
598
666
690
667
921
636
825
518
664
691
815
495
752
555
615
505
751
667
614
617
993
1010
679
648
819
568
553
672
683
1006
753
651
613
989
802
755
894
551
832
627
835
812
755
713
739
841
829
962
758
723
887
807
759
864
969
886
592
595
802
552
719
875
752
588
843
544
700
760
629
736
666
757
868
692
650
753
745
708
669
596
827
698
736
870
783
615
643
755
643
603
829
743
752
687
553
690
645
913
766
907
677
697
981
671
771
841
660
1116
703
563
699
686
630
616
751
781
830
681
950
864
841
880
694
602
621
644
628
628
733
908
767
706
673
560
898
678
640
508
858
669
772
613
740
654
666
771
695
494
787
653
557
590
741
577
842
753
662
555
963
713
689
781
1088
808
548
639
669
751
842
812
575
770
1059
554
791
691
747
818
540
588
689
585
853
809
614
1020
474
811
757
737
828
800
677
783
682
755
759
816
581
775
749
751
712
710
560
707
937
697
874
803
608
890
639
946
601
737
571
887
633
598
621
686
668
625
866
638
702
817
621
740
464
705
601
756
552
510
749
677
825
731
748
704
524
627
692
776
900
617
768
744
840
763
612
649
553
828
691
943
583
810
789
744
719
818
856
804
685
766
853
630
977
736
831
794
630
637
550
556
610
779
903
907
740
639
599
879
510
684
800
615
709
793
873
855
621
988
945
819
626
740
694
750
635
690
485
511
746
732
492
678
666
880
797
493
660
996
830
636
529
704
608
626
739
853
697
753
596
491
904
885
496
574
848
697
742
558
723
698
811
494
914
820
650
605
613
374
392
584
458
542
432
523
404
479
514
468
515
545
552
548
480
504
407
555
560
533
575
496
538
392
533
412
443
542
502
558
427
437
473
415
520
505
453
471
563
545
523
423
508
472
509
498
471
413
395
494
557
591
451
564
472
469
498
509
568
407
447
534
442
572
617
486
443
545
474
430
478
480
527
467
491
485
544
510
520
481
485
575
404
574
506
558
515
430
532
595
568
392
425
511
520
520
448
368
519
458
426
576
502
497
427
476
385
551
499
385
494
542
405
537
427
477
351
444
425
407
468
466
478
526
520
447
420
344
510
437
483
570
383
387
415
407
443
537
466
538
388
410
446
553
535
558
516
477
473
548
498
553
542
497
417
473
399
480
433
429
500
454
484
525
407
460
540
448
513
495
489
424
465
490
380
522
496
537
479
490
424
497
463
362
444
413
484
475
440
492
436
491
503
513
513
463
357
484
534
526
415
489
530
586
482
503
408
527
527
513
446
492
453
467
563
449
465
481
501
481
484
419
423
450
539
470
439
489
417
512
371
570
438
492
506
479
599
466
514
416
496
572
472
487
537
545
560
579
468
471
544
502
480
411
515
429
449
515
460
435
523
399
431
440
513
365
450
448
508
571
525
438
479
434
506
507
482
507
460
439
484
422
440
421
424
460
470
521
464
456
423
467
392
439
437
426
532
436
484
557
395
409
405
473
409
544
604
592
457
482
546
520
488
576
420
536
413
455
499
466
432
415
416
476
506
418
535
517
521
462
417
520
417
508
441
473
378
489
567
431
404
534
422
494
398
493
443
438
441
444
404
468
487
445
411
509
429
424
467
526
377
558
558
539
496
510
539
477
517
578
527
508
461
358
366
549
498
439
541
530
456
596
539
401
388
391
502
384
452
497
527
460
492
469
517
481
451
412
462
446
423
476
419
487
466
476
447
440
465
543
405
455
453
436
480
541
480
563
395
544
515
528
458
538
473
510
426
473
489
436
379
540
469
445
494
536
458
478
391
548
425
477
523
480
577
411
536
530
491
447
569
550
513
458
471
440
500
511
476
514
421
594
452
487
494
434
451
400
500
436
434
474
509
546
438
443
460
447
454
490
595
408
394
454
394
492
461
579
565
419
471
442
551
537
581
443
463
485
431
551
481
502
433
547
470
414
410
545
402
487
464
434
492
427
528
469
380
384
510
539
469
533
562
460
478
511
509
485
413
478
477
461
437
509
581
495
487
475
480
534
476
490
562
445
506
487
542
460
538
414
467
482
424
528
513
449
541
536
414
383
465
469
497
485
498
556
440
477
402
489
470
438
575
542
582
561
509
460
472
443
494
453
465
507
454
528
493
425
452
426
415
399
575
515
489
468
535
462
423
431
487
420
521
462
463
504
527
520
510
530
447
528
469
464
615
472
555
513
396
515
395
451
561
375
528
534
539
515
452
563
475
461
436
444
415
445
452
542
485
502
414
475
430
380
528
477
544
568
516
365
500
490
452
530
468
501
505
399
499
499
543
445
456
464
519
410
512
470
510
411
584
563
480
512
559
489
421
539
442
490
450
492
469
471
441
509
490
461
470
457
488
469
443
434
472
558
438
480
408
511
478
522
421
515
430
522
481
565
560
599
513
426
472
473
428
504
472
461
501
548
537
511
429
536
526
485
371
427
436
527
542
444
473
388
403
519
493
501
433
500
482
429
407
512
521
507
527
418
484
461
427
392
510
484
462
573
528
499
442
489
453
413
496
437
531
551
458
502
442
438
537
429
545
442
552
460
427
580
421
580
501
493
498
604
474
485
478
466
488
528
434
455
425
528
568
449
560
451
544
448
543
470
652
598
465
471
453
418
553
560
475
488
374
410
480
522
534
494
555
496
503
477
453
555
424
537
459
471
532
441
534
447
476
615
445
493
441
471
443
439
469
495
414
538
528
562
517
549
516
542
426
458
506
400
512
384
421
486
462
489
528
459
525
416
497
537
467
541
451
500
452
450
417
519
476
461
505
405
487
464
386
471
442
485
467
465
515
396
524
454
425
556
610
437
564
405
459
478
430
482
477
536
396
489
545
543
364
441
485
478
554
445
540
479
585
485
403
542
462
494
500
519
472
430
486
441
541
418
469
408
523
491
497
530
469
536
500
503
384
576
437
491
442
461
430
446
573
349
462
563
531
437
526
512
502
466
521
412
507
420
518
516
386
489
548
551
513
534
511
495
513
458
449
488
423
395
452
525
408
458
410
442
487
466
448
419
485
459
371
444
473
458
509
518
525
522
414
480
419
15601
12930
14915
17956
25538
21300
24314
17786
20245
19820
19195
19512
10795
20127
13606
21493
27942
18174
19833
18009
15356
23996
10900
23558
14176
20989
21567
17707
23075
24685
18284
19338
22186
17631
14634
19923
12087
4319
21484
23555
18110
21056
25405
22974
4273
17333
20448
21073
19862
17425
19610
20225
5467
20723
22800
15404
16303
19267
7218
20425
15996
13123
17203
23510
24606
23706
22155
5246
21703
20349
23600
15455
19614
19104
24869
21985
17610
18891
19630
23053
20881
21689
13138
17448
23329
4477
23100
13986
19339
15450
22999
18306
1485
19241
4170
19632
19465
15710
16338
15804
19525
16574
17203
28990
16359
17656
17576
17762
19061
27976
24161
19602
23001
16165
13301
4992
23070
26362
16764
26723
18680
19478
32469
19878
15000
26759
1717
17392
16637
7170
26743
12944
24874
20628
10476
18202
13700
1505
18868
22160
22639
9036
17768
17602
22966
26936
17179
25703
24532
2498
21509
21744
20995
20505
23099
16441
19527
4614
21789
16267
18744
22791
2849
2249
18257
3948
16048
18929
20166
24486
23448
9097
21188
2351
9722
18688
18163
7354
4480
10966
15419
7438
17860
23539
1826
22186
13386
18596
23178
16348
15664
17795
19025
19393
25932
20481
19720
18404
18342
16242
5037
21376
21097
16233
19701
15524
25707
18855
14897
24047
23300
20165
24092
23403
24180
19746
29928
17447
17879
17449
24741
18369
24021
22264
6648
21684
27738
22679
11460
5308
13047
14327
29793
14016
17092
21464
22032
13370
12961
19340
14716
4145
15116
12841
18264
18991
22890
15356
21315
18510
14597
23056
19920
17342
15916
22915
17109
15906
18769
19966
2163
18319
14929
5875
12808
21347
10613
16966
27402
17748
23505
18960
18317
15362
21342
20078
24112
17053
12550
20882
13340
7268
2451
16888
13411
18473
22005
10675
17073
25793
10615
22375
15379
18134
22136
12844
14624
23181
18242
18073
1541
18577
12227
21861
4841
10308
22955
21922
1960
24008
23093
21535
5054
15815
10018
17918
20782
23055
20369
24846
18097
19106
11719
10686
20088
6834
23939
20017
16114
16827
19696
19560
24568
19158
2166
21534
17168
10811
15826
21759
16524
21518
21196
17141
1951
18619
21806
16937
23948
23834
25778
18930
21432
25274
12675
16376
18324
18294
26156
19248
24055
17015
17352
18710
21867
17374
16249
19985
18527
16492
18366
18039
18366
27305
15715
17550
12088
21289
23488
23688
19994
22238
18524
17647
16313
14908
19002
17176
12739
14395
15631
18241
21295
18415
23304
23615
20905
20928
22975
19863
29040
16119
18153
12564
13409
23757
19541
18648
21643
20470
4522
17704
23691
19812
16217
15221
15658
7588
19100
12358
18267
20301
13508
2373
18269
20656
15408
18241
20745
19477
4484
12782
15226
21677
22287
4107
19933
3900
2419
15998
19564
21694
20530
16702
18570
22856
16610
15588
21669
20487
18970
13907
24661
1850
3979
17736
24630
3957
16853
14453
20850
12418
20811
13959
14167
15120
14398
14623
24222
25775
13826
16017
10412
14037
18389
13018
4559
28188
24464
21335
21749
20279
21246
3958
24183
20035
17648
14785
14201
7110
16022
26209
21094
14419
15610
1438
15407
20780
3615
17313
21761
23482
5110
18917
21037
14114
24305
16753
19036
20567
21147
25132
18758
22735
19571
21315
18346
9341
22385
22125
15487
2165
20555
20537
14869
6860
18008
18156
19595
17254
13075
13051
16926
24017
20173
14322
22940
26921
12436
8338
10510
10904
13728
23578
3771
14933
21701
16829
12479
21262
15839
15786
17850
18571
17414
28425
15206
18110
23839
13882
15527
4223
2159
18631
14887
23185
22945
4849
18298
11427
20126
21059
15148
23601
22751
28549
26490
16645
21675
5092
22452
17401
14787
24148
21966
18442
26765
25419
12614
13437
25992
24773
19662
21587
15537
18715
18798
21965
12590
13672
22066
16282
1394
18732
19159
18011
18420
16252
20792
20704
18846
7206
20369
15503
25460
21799
20917
22759
18744
21105
15397
1398
5396
28365
6385
19861
14339
23048
19836
12837
17853
23181
18618
26045
17842
13236
16157
22320
20543
18538
19725
1972
24387
11343
16493
24162
20010
22015
18014
13070
16988
16590
25209
17836
16687
6676
20404
20521
22889
15864
21397
12715
19057
16476
21608
20211
19095
18213
21695
22932
23186
18036
14093
7938
18831
21199
23027
2978
18770
4616
18227
20957
25594
22642
19541
17084
17508
8439
17837
21180
18455
21291
16906
23390
1935
16547
19967
21383
21387
9465
21013
22492
15631
2401
17970
11757
25756
8507
18017
21635
2122
19363
20023
23573
22234
9331
22342
19486
16319
28621
18867
15371
28354
15829
12366
18981
26615
26823
14618
8563
14748
24333
21208
19887
2879
27918
16211
25241
14197
15392
23189
17304
21184
19695
16942
19965
17789
20380
20370
18461
17259
3740
8289
17501
2538
23961
21106
18146
17058
29893
16487
17915
18381
9940
22536
21453
21798
18184
25511
18577
23440
15648
19706
27457
27579
23641
15773
18111
22526
20584
20688
17683
24514
21764
16445
17570
19799
16836
16617
22676
19593
18241
17071
18682
10108
17227
4354
13143
8522
23331
15331
21689
14979
21194
21786
20562
21742
18163
20803
14368
17887
26435
3977
18437
19885
20095
22496
22290
11872
5013
29395
17782
16868
22559
28651
22191
18279
16750
16273
25994
17069
22906
16706
19187
21184
21593
21381
15533
17986
20398
17195
4291
27256
17966
22772
18994
15725
20736
23518
19566
19390
27295
2984
19845
18838
1704
15992
10394
1796
13609
17861
18261
21134
17921
21341
21460
3972
19828
20632
18629
22335
24136
15250
17307
19586
13541
18954
7220
15538
18285
17167
11111
19269
5788
24682
19819
5367
21571
19906
24923
19053
15388
17640
18693
17931
13731
21287
17278
16704
20639
4964
21902
16499
8089
8558
24883
20484
19757
11892
21760
22745
14786
29015
18693
18626
17067
3291
17835
23508
14901
20542
13907
17832
18536
19358
19834
18012
21985
24984
21969
18738
18308
26642
14267
18021
13295
17574
16467
14341
18207
22769
17299
19625
19883
4572
22124
21008
18025
14354
17653
20901
9468
17417
18143
18860
19783
16591
12876
23284
24231
21792
11254
16696
13108
19240
15418
16090
16250
24360
24850
22186
19432
23802
18472
18872
9319
24521
28522
22027
3902
20490
17816
15228
19553
17225
17607
18739
14631
14767
23526
16131
18834
21420
14052
16714
29196
19600
23334
21009
16498
