577
598
568
463
793
576
571
511
496
484
738
551
550
662
604
580
508
446
439
608
561
631
641
774
650
578
579
506
503
536
560
578
641
627
619
665
537
582
535
599
501
580
626
595
441
583
568
519
717
551
516
540
643
607
621
517
515
434
582
588
600
633
641
518
536
668
582
570
580
1011
471
532
537
658
576
591
521
682
552
559
479
527
504
643
737
624
405
420
642
449
452
543
766
640
595
530
764
645
479
600
946
431
525
789
553
926
702
539
606
628
538
511
583
367
553
526
668
505
585
617
476
754
893
573
587
683
974
610
610
463
557
902
734
459
818
481
538
409
961
864
678
672
561
622
675
632
509
623
651
508
538
660
669
570
505
508
707
524
495
641
502
498
594
562
608
407
519
600
551
491
429
566
517
529
652
535
497
749
586
494
487
497
509
510
618
522
430
562
618
672
690
618
462
621
519
475
582
694
671
509
592
877
640
661
505
764
512
797
442
682
876
575
616
528
573
541
698
588
519
613
499
595
626
555
571
595
749
527
422
619
773
575
1024
481
675
606
526
531
622
469
568
648
700
592
631
550
633
577
480
995
532
597
909
640
583
668
508
677
574
547
565
579
658
457
438
486
660
669
572
545
552
624
557
628
567
606
565
522
660
568
402
813
518
564
537
561
742
817
941
673
588
640
531
680
521
560
518
609
533
499
531
498
468
556
557
629
486
528
417
450
591
499
511
745
647
678
559
730
482
610
542
634
593
527
666
569
609
676
699
987
479
772
621
675
600
668
461
538
612
561
638
621
531
666
469
578
486
442
513
590
498
593
523
614
537
374
559
500
638
564
478
450
713
626
525
627
485
487
543
502
469
502
597
598
538
642
580
458
488
523
556
593
489
503
448
635
429
667
639
523
469
614
530
494
498
432
461
726
629
563
741
516
550
533
614
627
666
590
444
490
599
441
648
864
440
575
522
535
573
561
612
508
638
491
658
657
532
347
632
913
430
543
568
580
731
671
617
608
733
895
419
574
515
678
737
581
615
602
463
530
677
550
622
606
563
589
543
475
754
442
596
599
492
649
509
600
642
524
541
746
482
598
640
454
531
449
592
499
579
561
519
859
463
698
639
653
487
473
581
512
565
627
986
553
621
587
505
486
577
563
568
592
546
605
473
445
510
571
415
556
634
501
624
878
578
464
484
556
548
598
550
565
630
467
513
628
514
659
490
512
607
503
633
620
587
469
802
573
573
610
635
584
508
513
592
464
620
551
573
544
564
541
452
884
449
712
652
637
645
529
606
433
602
537
557
544
488
505
626
498
522
612
563
593
410
519
508
535
513
470
572
574
785
566
592
815
575
559
574
637
631
511
636
976
547
545
559
558
505
518
531
522
552
539
569
566
579
624
544
433
629
437
566
552
650
508
559
681
544
482
557
922
564
527
665
604
606
503
543
555
593
514
563
627
454
646
411
483
415
567
648
508
588
530
449
669
441
733
606
539
530
571
462
552
477
520
469
550
647
678
657
617
427
582
677
629
538
445
543
427
613
620
869
567
512
673
451
480
487
584
603
710
577
590
568
535
971
532
926
555
643
587
589
650
527
562
616
494
683
561
890
454
570
475
475
903
479
625
520
455
604
515
559
682
612
630
627
665
489
607
681
567
535
503
510
584
518
605
462
588
572
575
462
459
592
556
809
572
464
606
817
481
645
831
564
439
616
575
556
1003
580
513
473
514
492
623
571
677
833
1122
475
557
698
1002
480
504
396
626
389
693
1128
532
496
945
712
587
548
514
560
577
575
507
498
526
483
700
585
674
491
484
608
709
388
524
521
650
514
644
576
491
515
437
479
644
551
495
551
476
606
538
549
654
666
533
521
717
429
596
474
559
1039
485
509
486
451
559
471
414
637
704
612
621
531
461
664
669
509
606
626
867
448
576
427
495
453
618
564
542
590
475
424
627
454
704
467
680
541
371
675
476
528
566
523
669
485
450
511
532
575
605
535
550
555
625
607
426
615
597
703
663
840
554
537
444
559
986
1003
597
732
526
408
596
541
531
661
498
612
625
928
607
550
562
480
602
625
618
724
593
513
509
581
451
549
556
677
516
501
578
468
466
474
607
588
682
563
615
688
566
522
676
570
530
509
467
932
583
678
460
525
532
577
516
537
564
599
488
500
540
580
501
574
648
648
550
510
627
606
574
710
900
645
509
550
588
553
582
549
438
677
511
634
663
557
592
643
947
605
658
510
500
589
620
531
549
564
668
596
732
607
605
489
593
582
531
613
589
638
553
530
567
923
655
626
645
667
861
708
818
648
856
1116
665
715
999
786
993
662
745
694
807
909
814
721
870
616
839
709
722
609
513
764
751
527
867
574
897
657
900
495
657
706
806
612
767
711
622
654
712
639
631
524
836
971
526
838
647
747
809
770
706
710
778
863
701
640
762
803
880
616
639
538
645
574
721
678
658
668
955
732
610
709
813
731
783
650
852
661
638
706
742
540
742
844
739
745
744
895
779
662
641
989
632
774
801
774
662
846
559
857
865
622
567
723
503
634
759
842
647
840
791
519
511
649
936
657
741
574
716
841
909
712
630
592
625
583
712
636
737
853
710
935
665
904
647
701
993
684
607
868
767
873
768
559
927
625
720
764
639
734
958
568
914
635
731
568
607
905
617
867
757
557
694
713
767
845
537
710
824
801
814
625
633
623
748
678
727
514
753
805
600
794
530
501
1046
536
590
644
703
637
579
819
613
629
926
748
663
753
635
589
956
780
753
834
533
854
768
822
917
671
758
522
833
842
635
721
868
1320
849
510
811
641
651
839
655
575
524
814
711
837
635
768
681
754
816
911
729
918
822
634
589
697
682
607
815
692
726
691
975
736
699
821
770
912
708
777
529
715
706
800
548
906
623
882
588
1134
636
586
785
723
647
491
835
698
697
776
656
536
1053
837
928
716
591
832
929
642
894
732
637
636
735
573
784
631
469
774
828
739
526
593
654
769
627
918
1005
921
698
824
766
691
853
805
722
766
569
843
775
620
791
704
690
507
779
915
770
955
767
760
759
639
731
912
815
698
856
735
747
716
658
645
716
805
702
762
690
867
768
561
591
749
640
716
714
597
685
707
729
699
632
714
626
696
743
814
779
516
793
565
701
821
637
718
850
850
792
856
860
548
771
708
704
864
660
701
784
515
561
704
580
629
722
758
759
714
743
984
964
610
784
672
650
681
811
855
786
630
778
638
898
650
927
747
633
915
944
719
605
554
869
666
790
500
778
830
824
781
636
782
742
744
755
627
837
569
789
1064
823
819
733
575
705
751
711
794
848
754
950
634
553
700
584
583
682
840
934
722
810
854
546
711
561
757
669
779
624
790
553
750
745
646
845
646
651
771
886
643
718
715
622
631
617
518
744
608
846
591
781
753
501
622
810
740
737
754
776
569
634
681
641
525
723
462
594
844
581
599
582
645
535
845
516
721
692
890
765
576
705
682
766
567
675
715
638
991
773
738
688
585
813
695
562
987
748
877
703
828
826
874
822
556
745
803
761
760
785
500
773
696
582
819
697
736
817
438
566
626
652
720
765
790
703
576
647
508
703
594
810
707
623
904
782
741
733
516
679
787
778
706
805
700
492
712
636
787
1080
902
770
842
613
832
646
762
931
950
707
1071
673
761
734
695
701
777
640
748
833
788
695
711
863
892
684
621
825
788
823
861
882
562
611
775
704
796
593
746
734
572
918
774
659
712
851
852
695
969
596
511
1000
583
645
799
500
1021
760
710
612
900
622
631
739
826
540
790
1066
543
730
798
848
719
751
844
499
644
788
600
678
476
695
710
734
557
582
673
711
748
807
641
1064
804
846
702
922
706
845
709
791
968
676
541
770
611
765
536
560
781
576
752
689
669
643
940
638
599
543
722
846
891
593
932
847
704
823
615
674
629
626
681
625
716
772
662
760
731
580
687
606
512
1014
553
848
737
954
619
623
765
659
644
688
778
606
700
833
876
773
564
670
499
833
759
676
677
710
798
770
729
585
580
488
727
790
700
529
742
887
766
559
630
870
698
882
895
816
682
720
633
815
785
838
634
782
724
755
724
883
514
741
729
800
816
597
913
512
810
614
572
945
730
731
646
696
670
628
626
686
862
757
1026
532
603
839
572
735
619
759
878
834
819
648
718
617
836
682
622
856
740
633
849
697
737
854
983
985
596
509
738
822
637
746
723
520
1062
699
505
747
594
566
641
938
478
647
809
589
794
708
576
645
823
710
567
785
906
920
580
771
594
818
875
830
725
638
892
750
623
588
709
749
529
912
538
799
974
908
568
718
755
914
707
696
775
1183
795
871
635
725
626
820
872
575
528
922
610
838
710
831
757
791
459
774
819
619
705
530
576
514
719
651
579
796
718
643
678
928
695
724
528
651
946
789
692
572
777
804
719
722
636
555
715
802
641
843
737
799
981
845
725
898
648
742
632
484
970
1022
606
923
839
846
838
815
789
813
783
646
924
708
850
854
802
565
721
927
752
654
637
524
692
702
853
593
888
987
947
587
788
641
687
822
596
633
710
772
776
638
518
487
480
442
478
481
487
573
485
445
610
388
496
437
439
602
569
529
546
565
572
538
474
498
406
521
419
466
430
564
542
522
421
528
451
462
482
488
411
478
568
544
429
545
490
569
549
478
526
467
536
616
521
508
427
458
545
373
526
529
491
520
541
484
533
548
618
493
497
530
482
396
394
587
457
487
564
577
515
504
435
524
513
462
463
471
508
520
534
474
436
443
462
471
512
466
518
470
460
563
454
524
449
591
528
452
572
587
481
465
564
499
508
444
480
475
527
429
528
507
473
463
583
582
405
472
441
543
414
429
452
523
512
484
574
462
494
518
539
569
569
531
666
449
502
616
498
490
525
541
552
561
558
591
493
425
523
481
457
488
549
485
552
579
450
444
473
390
562
417
451
547
558
559
602
391
536
473
523
561
469
551
438
532
469
460
493
488
513
557
500
423
432
630
538
502
539
565
415
459
461
505
507
609
407
511
496
406
475
479
430
550
461
520
506
465
553
565
588
618
584
449
447
497
462
527
566
540
457
540
486
494
575
414
571
487
534
482
541
507
420
409
516
519
524
454
545
502
450
550
517
570
565
426
588
545
442
559
468
534
461
561
422
496
530
521
550
481
422
452
524
518
479
512
640
564
490
536
412
423
462
499
456
538
483
489
534
487
533
523
566
459
536
565
496
501
527
464
460
400
511
389
564
465
443
410
492
464
462
535
575
472
482
497
477
585
496
425
533
632
393
465
556
452
524
593
512
485
501
518
544
594
433
537
597
609
419
506
464
497
519
487
471
572
462
532
417
534
457
562
521
653
615
541
531
546
476
422
493
489
487
444
460
615
442
497
530
463
433
514
492
500
538
511
422
566
447
560
463
434
465
542
554
431
546
540
421
553
568
444
519
531
628
546
433
524
583
517
510
465
558
524
458
422
532
531
530
468
484
432
539
533
535
559
496
435
514
407
587
506
431
484
556
415
588
506
470
437
536
509
449
479
429
546
512
579
543
508
531
499
421
562
447
547
533
395
564
458
518
462
436
551
510
483
536
521
464
452
530
463
484
626
477
570
587
491
491
429
448
552
497
532
451
533
543
421
547
528
485
498
451
512
499
560
507
485
466
495
564
533
487
499
607
452
422
417
481
456
544
530
449
471
550
469
521
522
619
490
427
563
487
438
555
503
528
478
436
526
465
440
500
566
521
500
513
462
454
622
487
450
473
394
396
534
534
458
453
613
524
511
546
441
445
529
592
403
561
378
432
427
546
553
496
484
507
526
443
519
492
431
554
505
455
473
451
452
515
472
395
502
517
542
498
455
515
415
588
513
529
518
525
462
539
515
641
502
522
479
489
558
534
562
592
516
432
554
467
439
527
481
476
490
457
398
567
451
460
497
526
439
450
431
603
463
429
489
559
543
607
461
433
565
447
554
484
529
442
456
508
537
512
450
360
617
467
520
385
557
505
508
497
446
550
560
476
504
489
514
568
446
441
527
480
478
559
476
458
467
466
473
509
485
469
417
526
539
552
453
632
478
390
466
507
516
392
502
503
461
457
459
508
604
501
495
640
563
542
609
588
536
491
563
461
542
424
499
439
474
556
461
442
393
478
425
568
495
452
457
602
460
462
460
585
539
460
530
503
610
507
442
494
542
474
425
471
548
468
521
472
512
470
452
588
609
523
591
557
508
553
492
463
509
636
539
457
544
625
451
546
499
442
469
516
460
430
532
541
534
496
478
460
495
467
494
481
474
506
445
508
572
516
452
490
490
563
431
481
479
436
458
575
511
456
566
504
491
515
572
473
492
500
445
474
478
490
541
411
499
482
497
551
428
458
488
552
426
407
428
537
488
465
451
598
597
542
435
414
560
533
537
549
460
516
518
508
537
541
468
482
544
459
555
479
460
496
480
502
612
535
498
521
449
511
493
451
513
544
473
433
418
508
427
400
551
519
494
458
452
589
495
605
421
469
553
429
471
477
535
495
586
465
579
578
538
603
494
398
406
544
607
399
541
450
466
533
513
516
452
553
437
401
549
478
540
454
492
446
446
584
503
523
426
477
466
536
538
561
507
531
600
477
435
498
404
458
535
556
503
501
461
462
479
425
527
478
511
413
579
482
525
429
395
531
524
445
474
493
460
547
448
566
442
477
450
519
516
511
582
519
607
570
477
474
408
558
468
483
479
509
526
454
535
541
639
526
556
498
459
441
447
443
530
512
433
517
552
461
546
478
532
437
492
525
481
466
571
519
497
608
516
571
472
464
521
431
448
441
412
543
578
4783
19690
15364
21399
15720
21923
20165
16529
17046
14162
22736
9464
14568
15395
2537
12005
29582
30454
3210
18827
28610
18216
12307
23840
15101
19010
19879
18928
17529
18918
19599
22947
17768
20191
30436
16308
29972
17264
19744
19449
19647
22430
22671
14740
1549
16421
19830
13978
9228
4802
17897
26683
19117
21214
18819
2036
19080
22873
7860
26081
17497
12168
20308
28717
20656
20210
19189
19598
20320
24945
20603
16350
15754
21058
22653
19057
2212
14997
19938
16068
21634
18571
16697
20620
18491
22866
21711
9074
30301
21437
1941
17998
23386
3194
16435
20729
23968
18136
15454
13569
25854
22506
22961
21105
14888
20856
21427
21257
16006
21665
15856
14583
8410
19423
22572
16287
21116
25784
27370
18564
19686
22713
18993
20609
16155
18460
21510
23535
14887
24795
18035
22085
18813
16829
16535
21698
22720
4019
20406
16077
15835
21496
20730
20806
29315
25759
17356
26103
17507
13841
26219
20600
19217
30964
6166
21202
16570
14389
12974
28466
19036
16120
21811
22570
4705
6178
16561
23046
15961
16517
11105
25514
29013
25142
22410
22526
25638
5428
21432
20959
20864
24516
21357
16129
15902
21774
22769
21614
25536
17647
21031
17985
19057
18148
23823
16071
15817
19100
16339
26336
16060
18370
14583
21035
17733
24162
17683
15539
20315
29831
15024
17318
16876
22010
3383
16882
21078
25101
13223
16799
26187
3183
2638
22483
15103
21142
22078
23812
15788
22439
24487
22090
17568
12815
15842
22297
2788
19598
16130
17385
18117
9526
17821
3684
22169
16916
13323
12446
17626
23041
14883
16851
21783
18839
4308
20537
19445
22240
5392
16432
24207
24059
29925
21959
2258
21829
27819
22380
19899
18815
14066
18596
21590
14940
18487
13602
21066
24644
17875
17219
7039
18246
18016
19543
22829
23754
26132
24055
19680
18652
21409
22770
25039
24348
22996
25071
23489
10175
18893
16922
20377
3578
24211
17934
10503
25559
20415
10285
17529
19186
15139
22896
1774
20591
20724
18344
26928
19424
14121
23491
15499
20827
23192
26226
11506
16485
18259
20186
24317
20897
14032
16924
11743
26383
26650
3118
19967
17466
19758
20138
18717
29783
19580
18943
17903
16476
18637
16556
18447
22024
18233
16739
10074
25797
17770
18609
27505
12565
21554
20891
24025
21726
23245
15708
24983
13928
21005
15378
11751
16759
19683
20186
20073
8875
23279
18214
23807
19144
12976
28356
23791
19563
15021
23432
22646
19749
19138
24060
17680
20513
1791
16333
17335
14284
13927
18486
26239
23254
27464
16868
13799
3310
19958
15613
20483
16813
26187
26547
17478
18163
9690
16914
19959
11798
14809
10745
1446
15201
22126
19882
16096
18314
18561
19361
21295
21310
15865
14780
20091
21935
21302
19189
23243
18738
18810
20133
21113
16673
19785
26583
4493
19010
1573
15885
19696
15204
15333
24449
25974
18122
28100
19769
2514
17994
20001
13911
14726
7086
12982
17082
17850
20561
4222
14643
19936
12250
22311
20285
14993
20409
18119
23842
7189
19739
20740
8209
19364
22433
22755
24312
3702
18714
19208
25266
23423
22464
19723
17735
17321
15993
21176
20711
20503
15831
19394
18530
21517
14937
19342
21603
20370
22454
17193
20914
15688
23403
16876
18965
13161
10330
18686
23574
11198
17149
21466
15944
11369
25148
24258
17795
22805
18929
22208
18518
13912
3048
23751
17075
19418
17735
17750
17777
16057
25087
19806
22444
18520
17686
19886
20575
17841
20303
18771
6339
6734
3024
19224
10878
21318
17384
20376
23734
26008
15527
19339
23599
18068
19744
20673
22317
18495
6735
20128
18542
14294
18350
22543
11994
14759
20314
25228
21415
12639
16606
24345
17925
16313
19359
18888
15692
18844
25704
23001
21976
19282
11645
19627
4422
22146
17835
25251
26321
21064
17181
20224
3991
25058
14217
11313
18201
10914
18815
6890
18786
28817
10627
5781
21186
17477
25710
18341
17315
14120
1463
13495
24030
16320
20482
13793
15743
23951
20721
24458
20679
18128
5331
1660
20077
24823
26283
24487
17012
19949
21374
15030
12604
11703
20976
5026
22425
18992
19934
13427
24752
11277
19814
18358
22968
22540
28398
25159
26560
18516
26335
22777
20123
8706
18472
18731
23598
23432
7352
16714
19004
20539
7562
15301
17202
21164
23869
13423
20288
22980
19014
19544
20569
13906
19415
7366
14537
19496
19640
13417
20857
24808
19006
21409
24917
11984
22194
20349
24078
21818
23549
23207
15789
19300
17864
16521
19457
19690
15670
10353
13141
20515
16414
18484
12319
13769
17523
24566
25649
18382
17195
11711
16331
18646
17325
25120
21175
26008
22888
16636
20796
24534
15646
15811
15033
7408
20198
24204
18200
31236
21359
14654
20851
17762
21360
21672
23730
16779
16228
21527
18483
13002
19934
23688
22922
29282
24088
20496
20775
21067
15578
25694
4552
19525
20065
25568
21247
21760
17515
2593
16841
16810
17554
21617
17723
4506
21891
15772
24589
22665
20599
17909
21264
19817
14041
20043
21878
22530
18056
6643
22886
23978
17497
27072
16487
15864
18515
28597
13036
23494
20429
23028
19647
20822
17448
20066
24403
25230
25181
22554
22175
24859
17477
13589
23170
18976
19912
12071
15570
23916
20221
21521
13720
16515
20154
14322
17676
16963
17317
29032
20567
2443
15995
23859
28812
19458
24215
6791
20473
20517
26269
16872
24809
26038
18356
26161
18682
19494
19331
17459
5719
22522
14156
24167
21752
17553
6115
25037
15609
18908
29793
23439
18065
14798
12947
17718
23519
14240
19701
14502
23350
20810
21477
18687
20355
20241
28127
12371
30213
21908
25201
22497
16997
18911
26769
20545
14481
11314
22512
15537
21472
17858
16852
16578
22322
23099
21690
22430
16586
20627
17202
11598
21832
10040
16312
13009
23632
17303
16116
19571
7607
22832
19765
23864
17020
16560
18501
31201
7198
18502
16959
18843
23365
17444
14857
11876
19313
19463
13310
10277
21891
23415
21348
23833
24996
23555
19389
16610
1480
23399
25918
19965
17177
24090
18506
23286
20486
23368
13046
21598
17720
20384
16289
24726
19380
15778
19826
20164
15742
19390
16702
22881
14931
20529
22367
19673
15870
19982
26293
19042
28796
26540
22034
19147
5735
21159
20106
15371
15529
4109
19786
5233
16508
19221
25267
18769
20238
14296
17767
25660
2507
18389
26933
14219
19458
23223
22134
20178
16763
16207
17719
23761
15550
16723
14160
25856
17883
