681
935
682
674
826
935
601
564
670
504
1058
581
866
749
679
518
585
553
507
1107
614
707
569
658
772
1037
683
743
551
672
629
620
552
609
448
822
861
739
592
706
839
576
513
690
444
513
658
654
543
514
576
665
562
463
599
611
609
498
447
548
605
743
626
578
539
499
921
653
559
557
682
630
421
565
508
627
642
477
667
611
526
406
701
675
518
610
483
569
510
632
519
523
486
569
681
596
497
516
629
719
536
604
676
505
458
500
420
599
1059
498
960
615
547
660
555
608
854
705
655
479
533
459
1175
568
648
684
1002
632
609
540
512
603
609
633
633
654
956
541
588
496
465
600
646
538
445
501
490
489
699
554
745
719
508
432
636
521
605
653
571
584
665
435
551
637
552
584
528
535
571
566
709
583
570
555
555
583
649
462
653
546
600
654
908
563
547
628
812
735
495
499
552
482
553
710
664
565
473
629
502
695
621
478
664
568
477
557
541
721
537
492
408
541
475
562
686
589
455
468
539
726
568
436
521
454
618
662
570
622
580
547
512
938
586
586
552
693
537
601
599
572
754
610
496
495
430
578
392
725
605
630
481
571
999
531
633
636
576
535
685
573
623
529
482
569
578
498
577
536
611
514
616
506
622
405
632
661
644
1005
556
510
546
722
581
752
688
548
745
555
680
628
534
719
573
597
943
587
422
519
596
597
576
637
654
552
563
665
594
573
583
506
700
458
532
582
550
623
619
560
686
574
476
504
635
451
558
637
644
635
617
551
606
624
904
674
585
444
582
588
494
473
606
612
569
759
517
721
526
567
511
489
616
516
573
475
545
498
497
597
656
775
560
999
503
641
427
525
514
584
573
868
865
472
444
637
608
558
532
550
601
725
536
481
454
623
687
495
762
481
567
442
533
509
646
562
532
495
584
726
578
639
633
780
642
588
686
548
670
736
509
656
891
494
415
597
577
680
466
595
467
602
647
678
608
579
499
678
499
594
473
481
495
627
713
573
960
596
581
572
437
572
581
682
655
546
631
576
947
793
539
802
631
678
1011
587
560
489
727
602
586
500
678
521
575
564
886
761
654
683
517
497
607
704
677
532
463
398
476
586
555
619
639
624
469
611
582
1030
622
434
477
488
653
580
590
692
495
543
575
562
646
467
498
451
451
616
457
541
557
677
534
572
542
643
460
964
453
715
563
542
565
579
1028
552
402
598
491
725
504
720
572
453
617
575
508
600
588
534
687
550
631
638
593
551
654
686
657
566
515
606
724
543
988
520
500
1169
630
547
632
576
958
869
597
581
516
671
1055
643
656
523
612
610
1106
541
582
655
530
538
582
608
599
524
602
637
938
594
662
638
715
580
660
513
498
586
539
639
477
587
538
554
622
538
599
751
531
549
541
635
492
711
561
633
479
637
604
558
537
624
620
546
713
670
634
552
509
571
1006
455
594
582
571
579
599
638
605
668
623
647
567
569
717
594
668
570
526
544
646
493
700
707
503
709
581
567
552
537
689
695
571
605
491
472
567
628
451
757
674
697
654
629
567
570
523
569
428
582
587
614
685
729
496
607
634
497
750
646
721
659
830
783
517
636
666
562
630
612
466
503
591
566
476
756
712
719
694
598
676
628
580
504
578
577
705
570
689
529
500
639
600
576
517
655
520
617
493
569
415
690
544
473
880
574
506
578
658
434
597
596
651
501
608
634
546
609
575
526
576
682
898
510
660
680
602
642
547
444
486
622
594
756
637
572
583
1042
577
873
532
502
571
643
735
476
594
552
430
450
478
625
894
987
521
578
486
508
489
501
506
658
619
605
544
630
520
547
756
471
695
743
443
461
500
471
456
521
611
677
618
547
618
655
708
490
495
553
549
591
589
745
454
617
577
587
416
576
552
717
532
570
539
550
521
568
568
592
577
486
457
417
995
651
458
536
562
653
540
522
545
682
654
761
743
656
445
526
656
923
560
527
642
525
558
606
574
577
472
503
510
534
514
534
451
564
646
621
462
698
670
508
549
589
551
613
522
590
579
640
552
639
636
603
655
986
526
451
749
521
982
561
982
584
550
599
645
614
706
597
670
604
489
593
652
566
482
738
438
881
481
531
750
588
614
574
632
681
981
657
571
803
676
455
585
438
661
624
571
556
556
605
588
619
423
635
683
560
698
508
423
641
586
572
538
465
530
513
573
521
598
525
592
435
610
647
553
547
481
615
566
626
1003
647
663
566
690
485
576
682
667
741
566
592
590
646
662
527
587
605
672
656
659
687
968
514
481
741
568
565
416
765
658
595
587
508
713
615
901
769
619
785
663
743
863
611
768
629
654
989
785
774
817
663
604
572
641
781
814
977
776
666
745
993
861
835
721
906
917
899
592
988
755
912
851
797
637
959
1037
731
658
723
723
949
830
784
876
856
645
652
783
874
867
702
638
644
801
782
759
579
911
557
664
859
647
594
783
737
743
759
631
808
637
684
924
540
750
518
973
659
647
685
787
648
707
811
772
710
569
685
794
798
726
651
803
783
525
870
745
552
640
728
921
740
1203
622
606
974
889
829
824
652
1190
857
732
677
706
570
1055
851
917
925
983
787
750
748
747
891
779
777
797
764
1064
556
823
714
717
839
925
673
919
816
639
593
869
597
764
763
801
552
843
676
710
855
633
860
684
643
685
932
581
757
727
715
761
856
829
752
827
778
714
623
952
550
716
726
650
745
1267
709
802
676
1031
1075
594
678
718
630
786
942
565
584
586
893
657
640
723
664
760
650
523
551
958
791
637
857
633
614
837
619
665
652
632
588
697
845
658
644
803
660
724
680
476
755
549
768
703
898
839
716
660
792
632
606
689
647
805
791
693
718
639
656
722
944
865
1039
754
834
807
756
654
866
713
924
789
906
837
880
618
526
666
620
859
710
983
712
1075
710
965
537
775
797
809
685
917
787
640
586
661
852
728
816
731
714
991
819
652
924
700
837
883
852
757
778
869
738
616
791
784
735
576
694
563
605
757
735
635
649
592
644
761
886
912
895
671
926
713
481
652
681
704
781
746
931
796
703
632
892
813
982
562
838
779
855
542
696
828
662
784
561
696
648
756
713
697
627
747
640
738
612
650
737
573
1008
854
693
692
1230
600
780
641
691
804
635
853
680
628
882
692
797
719
645
824
664
841
1012
642
700
772
726
901
811
820
871
574
781
714
657
938
878
742
780
855
871
821
667
814
828
797
796
859
642
578
837
623
750
674
762
649
738
538
837
650
774
822
812
616
759
813
746
727
858
760
639
848
749
645
711
599
788
832
554
579
678
749
863
612
1002
653
713
636
642
820
613
771
900
890
923
686
709
868
748
868
895
655
698
837
914
767
820
682
518
807
699
805
530
652
707
926
556
510
629
659
952
854
716
813
813
866
846
627
733
636
573
896
834
960
817
593
716
640
576
743
659
733
835
799
661
783
835
571
757
782
677
890
654
642
651
647
716
721
818
571
609
724
950
728
704
528
666
652
549
702
713
853
924
816
583
764
743
856
840
614
900
831
897
784
1056
747
914
526
720
900
869
826
904
811
605
765
872
882
690
885
711
918
549
796
577
788
823
600
774
677
632
784
691
1309
856
969
772
602
825
756
979
886
657
825
529
745
795
845
872
913
766
767
755
809
698
607
731
654
671
653
926
800
670
920
610
880
661
843
577
656
636
727
894
579
672
662
529
646
818
770
637
968
886
939
810
851
827
593
862
793
609
921
719
672
821
578
779
761
912
725
709
975
672
563
959
802
723
887
660
558
774
603
864
612
800
937
596
793
725
785
770
990
645
703
815
629
913
649
474
633
819
978
563
817
629
811
773
532
651
988
880
644
905
636
873
492
698
993
923
902
799
664
800
713
654
892
655
735
698
868
713
649
855
700
833
1072
526
931
755
577
659
740
741
831
791
930
931
756
726
639
710
592
715
639
957
595
757
692
887
670
706
672
588
883
910
882
730
853
696
938
869
886
858
893
970
918
546
714
797
562
813
953
933
770
797
657
536
882
1076
822
655
654
889
647
564
580
594
678
868
877
624
732
633
749
570
640
833
845
910
591
555
633
728
1017
979
639
571
741
677
644
904
892
802
830
751
678
810
939
970
644
600
571
663
708
653
914
568
800
693
657
929
661
635
798
626
802
816
795
644
582
624
889
654
571
521
838
866
745
722
591
651
731
784
691
711
904
855
692
680
653
984
671
568
633
521
579
783
657
989
658
879
724
928
572
580
642
769
645
825
731
940
674
739
941
726
692
639
627
696
698
791
740
707
692
606
659
558
653
757
788
784
910
798
572
973
813
683
719
603
652
768
755
644
800
652
635
737
912
652
855
957
862
1020
656
797
872
786
835
759
636
672
656
657
587
605
648
686
600
846
857
680
796
651
931
851
560
666
748
921
731
573
912
726
872
882
753
612
576
767
778
956
573
631
965
822
680
861
786
730
652
1014
809
640
999
699
834
651
801
726
779
564
653
753
630
939
787
735
598
938
1142
758
854
574
986
599
996
904
545
671
699
735
627
842
726
704
767
750
878
710
1071
775
790
784
878
738
564
621
612
945
901
499
712
647
473
413
507
514
449
413
530
603
577
560
566
464
480
504
556
501
541
526
532
528
524
611
557
605
532
418
496
551
566
532
504
500
473
459
485
569
518
562
545
542
461
492
510
486
473
609
470
475
491
502
448
640
477
487
552
563
552
522
545
546
619
476
480
446
559
532
557
433
580
519
612
540
440
548
542
518
529
511
646
429
508
420
563
470
593
512
552
459
487
553
499
503
407
525
523
449
496
470
522
459
536
517
470
489
535
433
514
517
617
528
559
547
559
474
498
557
472
513
565
395
464
510
575
599
564
607
459
543
553
568
547
591
482
585
501
610
596
512
541
470
487
604
504
487
484
523
490
471
467
519
596
545
574
529
602
553
491
498
430
533
584
460
381
544
473
562
577
496
499
602
575
472
464
615
443
472
495
453
550
455
418
451
529
430
663
510
558
559
554
574
488
581
585
502
473
487
530
484
443
426
497
534
559
514
405
537
446
505
555
563
445
477
467
511
535
431
464
472
601
589
535
487
538
464
515
618
515
468
424
471
564
472
489
529
506
605
518
621
506
548
514
561
508
631
435
445
564
611
653
524
527
576
505
558
555
600
543
442
627
545
451
530
474
464
438
515
647
586
451
592
482
471
553
410
636
400
566
575
619
472
620
510
468
568
538
489
652
527
609
561
483
505
444
620
411
518
541
579
570
515
472
631
496
580
516
584
573
579
520
523
485
466
521
582
568
550
554
441
534
545
496
464
446
557
453
508
544
535
568
560
554
545
444
471
485
506
631
553
542
510
566
497
585
555
459
506
545
389
494
548
455
468
450
463
495
553
461
490
465
576
609
538
520
555
463
532
484
502
617
541
484
469
496
482
514
514
568
495
539
586
503
589
481
461
645
438
558
617
534
511
379
483
528
395
582
577
606
515
621
557
489
478
495
440
623
526
519
547
500
453
566
607
576
509
474
480
493
533
423
442
423
553
553
449
431
565
569
594
559
487
571
606
531
426
495
413
507
507
432
533
464
592
588
553
521
499
580
565
562
455
476
570
621
472
582
548
544
527
546
517
562
565
443
433
462
510
515
471
539
423
377
593
542
532
465
446
529
526
435
574
574
414
555
555
490
563
460
511
553
565
553
535
494
519
515
483
471
544
410
477
504
530
535
511
521
450
567
493
505
468
470
491
523
600
553
450
462
473
500
429
473
515
508
478
573
544
455
535
416
522
596
462
627
544
613
523
442
570
549
600
570
487
504
512
539
554
504
601
516
642
471
590
498
537
528
536
504
521
513
585
532
450
538
504
576
677
556
428
471
536
536
476
583
482
552
574
446
537
573
534
544
497
655
471
542
627
666
509
514
507
400
447
459
549
506
582
458
560
567
445
498
469
506
519
481
532
502
499
378
542
568
562
468
493
474
601
486
521
524
583
499
457
513
430
471
471
537
396
573
568
506
542
396
582
609
567
512
578
519
490
549
596
569
461
594
447
480
657
532
710
523
472
554
392
489
555
480
544
443
522
475
530
476
568
475
468
426
657
545
462
486
627
431
484
540
471
531
529
514
667
637
547
519
529
527
560
458
577
528
621
642
486
547
489
453
577
495
498
505
569
642
592
618
468
569
568
566
416
432
475
465
515
644
480
466
484
514
575
426
476
572
559
467
631
492
592
524
469
591
543
498
443
534
527
531
498
619
500
602
621
558
650
522
531
551
445
456
597
479
577
510
662
470
485
602
472
463
552
448
495
526
645
519
453
490
438
486
453
562
538
582
474
498
558
583
614
487
497
433
506
484
451
438
494
530
534
576
470
549
579
484
460
597
562
613
575
502
500
525
573
507
536
608
492
591
420
485
468
535
458
516
514
650
515
597
530
411
440
487
550
532
449
506
537
520
580
435
495
523
439
481
467
501
436
525
491
478
530
504
559
420
405
437
501
560
585
531
561
495
451
558
584
575
622
639
543
451
580
536
584
486
480
523
420
470
521
441
499
531
567
547
529
452
513
504
407
525
478
501
443
518
452
565
501
600
416
669
596
409
530
533
491
416
484
527
615
504
570
488
615
479
488
516
523
577
471
493
472
495
481
461
618
490
638
511
597
637
493
472
446
543
486
564
537
556
516
506
422
605
452
567
491
552
588
465
516
446
622
561
462
587
536
494
623
580
550
469
506
478
470
577
619
461
517
430
436
499
440
686
604
523
570
464
534
476
594
529
435
600
498
537
533
541
614
489
552
451
418
482
514
453
515
520
501
567
509
483
443
621
596
604
519
526
525
475
524
446
467
480
519
18975
19539
22424
20679
21707
17442
21794
17902
19012
23422
18699
23301
20531
23264
2965
18899
24084
17718
18607
16862
17222
16498
14891
17872
15005
13847
17690
20483
18968
17778
22040
21551
4077
15843
16557
18890
19210
18362
20231
21883
15824
21283
22049
22899
23624
22626
11349
23036
17810
5546
17404
6095
23180
25245
14174
17489
14552
16823
21423
18790
20880
23987
19436
14914
20180
20536
17298
8059
15763
24400
18996
22197
26715
32132
21467
16571
25859
22228
23626
16029
19116
20402
16004
20937
18664
18116
21925
24350
17608
26466
26290
14112
21298
18481
23465
15504
14198
13396
14872
21009
23025
2859
12966
22531
19263
18240
13335
20188
21504
16665
15266
18586
26505
19310
1906
25197
15875
15938
21341
13964
25005
18960
16692
27315
22128
22046
21381
5434
25988
3421
17332
18953
17402
19313
15557
21293
17954
18814
20094
20510
12110
13552
24507
21224
21266
19297
21109
23679
18005
14538
19145
24986
18663
4661
18081
24976
12673
22671
12911
22866
26895
24984
9804
12010
18377
19084
14825
23929
20446
24832
26210
22516
16127
19100
11263
13782
12314
5254
20651
17071
19380
26741
12669
17477
16491
22171
20291
17532
14782
15929
8234
20426
18278
24636
11171
23823
19714
17570
23516
14872
23772
29277
18515
19373
10859
24471
21239
14770
18189
17220
22779
7555
17326
14731
14890
14726
19929
23829
19802
25165
23380
16495
16871
20322
22812
21169
19843
19899
18202
15671
21988
18412
21267
21223
17875
19036
21128
13169
26548
22050
19244
23238
19080
22432
18366
24315
19205
24086
14513
17293
17688
20143
16321
19034
18306
14904
17534
5961
22920
16074
6405
24111
22910
18680
2591
19222
21088
25309
20353
26069
22319
16501
37050
15478
27397
22969
20417
21984
13041
3485
20578
24968
14683
20508
19090
20748
20060
17286
16758
12667
21132
16277
23599
14891
13645
20079
22912
25434
26123
22798
13874
20841
24288
21750
23777
23665
19167
17638
29462
20641
21094
3439
19675
17087
18828
12594
15556
22480
25377
18710
8890
20545
13597
18831
18529
23295
10313
19399
23046
23586
17897
22446
26553
19465
21445
14378
3094
18514
25198
7308
5323
19223
16176
24872
18997
18380
24622
1279
2294
8031
14969
12294
17491
23569
16985
20093
23186
16618
17324
16349
9893
19404
16065
17701
21189
19169
8152
22985
16800
14476
14376
24311
14866
21506
22921
15700
22721
18944
23371
10383
16283
22219
18739
15541
21340
21736
22306
18019
20573
21354
9781
23473
15262
25171
21471
23372
3621
18877
21023
21371
20077
16748
22653
19317
20412
25434
15186
21223
4672
17118
21668
17392
21838
17454
21087
14579
19786
20406
5915
13187
17132
17977
18224
4215
15381
23415
28870
25783
20666
16838
23147
25619
24548
20894
20421
18018
21717
18963
19374
16853
22769
26292
22930
22341
22459
14211
19763
23933
18436
20104
16649
25360
18769
18623
21276
15067
25230
22556
17946
18900
5875
22690
21008
12408
19603
16677
23727
24198
23062
16743
19719
15359
25069
23121
20423
25102
24669
16771
29514
18469
21038
11579
1680
19842
26458
22814
18692
20931
24610
24702
14487
20048
16106
15184
21752
21392
21419
22836
20357
4738
16282
15324
19758
20705
22156
21435
19546
16257
16558
21185
19643
22928
24304
22836
19324
23284
20472
22869
21112
14851
18321
26000
14407
22697
22738
22001
16293
15700
20269
15749
19944
20671
22761
25524
22321
15865
21066
3799
26180
8390
22569
19814
22828
14193
20194
18631
2129
23530
18934
22221
14110
19638
20156
19880
21136
24228
14826
15781
16915
21086
21581
10205
19351
16130
19183
11846
20593
22257
2818
16708
20796
24174
20498
14880
16322
24671
23083
21804
28401
11978
19455
20265
22378
18788
21073
24108
20728
13788
16713
26285
16304
22707
19014
24477
15783
14032
20262
20804
22683
19102
2134
15502
21563
12702
18401
24320
18937
18392
16368
2790
22710
17648
17202
18914
22243
19073
19439
24186
10158
16369
21293
16168
19709
21558
14489
14083
18259
14455
14023
20649
19486
14543
2388
25197
21521
20115
19801
25216
19386
14251
27968
3414
14553
2854
17074
15197
30116
22859
28230
20802
16391
13827
7315
17699
21756
21075
26779
21514
6512
14913
19526
27759
18879
23213
22178
17577
24154
20239
17110
18962
17682
30139
3853
15027
19429
21731
18399
20710
18946
15812
15099
13213
22397
16129
25317
2519
16554
19254
21779
17867
21920
21258
24349
15046
18080
15044
18961
18274
24470
21675
22672
21817
18254
25423
20494
16254
18806
25087
22804
15097
19858
21487
28050
25945
20843
16373
18206
26261
14768
25073
19990
17184
18457
16864
2950
18979
22895
21075
25859
23307
12409
23404
15987
19608
20610
21707
10769
20877
20393
26680
23168
27956
13828
16231
20798
15729
18287
16981
22845
29348
21676
17904
15299
20261
20915
10034
20915
25508
15761
14941
16362
24565
15666
19611
18345
16014
16202
18664
22534
21568
22172
24290
18004
17286
20391
22713
17967
17616
16718
22038
12351
5125
17445
26725
23110
20267
22244
19817
24731
21011
24359
17185
30226
24391
17809
19234
20829
24694
13844
25050
25151
15022
18715
19236
24740
13326
19554
3155
12849
22794
17211
12633
27014
22385
18155
19723
23204
26475
28383
22434
4339
20889
28603
21115
18004
19546
19436
22841
15385
11838
15874
23117
13483
14009
24590
19822
16795
17449
12146
19301
20083
20304
20200
15429
22607
20114
20936
19036
21471
18106
1542
13838
15709
22192
24389
1744
17305
26403
1927
13218
18407
19931
23419
3669
23512
22383
10899
18859
12951
21907
26920
12155
19066
20035
20334
15226
9650
19699
15913
3935
19595
21621
18713
18569
25077
25072
21918
18376
13479
16889
21655
16722
20148
25790
23862
23869
25718
18277
17067
17008
21073
24049
24395
15353
21779
24723
21019
19069
3646
16903
21653
24259
17089
25252
15337
18893
24702
17197
28384
5878
25833
16888
18797
18493
19339
18268
17784
13970
18527
13983
3786
20144
17812
18697
14366
20376
19147
28092
22088
22786
27495
21941
16484
20417
15800
20873
28047
22674
23805
23460
2813
19921
9106
20817
24580
23189
22049
19237
26452
18782
16953
27173
13312
26376
17290
20374
22711
16347
19589
17686
17908
16945
28393
17194
19886
11421
1398
16084
13768
17342
25899
16685
22751
23771
18974
25604
9400
17011
22734
23289
18353
18073
20504
21823
17062
23833
20476
23833
19513
15341
