758
919
607
635
629
797
558
519
538
617
508
603
498
574
662
620
742
571
578
519
554
566
615
505
486
777
513
707
640
644
436
686
611
635
698
661
449
667
593
639
696
631
592
608
557
464
679
623
600
523
565
465
613
804
686
682
703
859
615
662
653
585
634
544
668
640
563
764
748
636
452
537
471
500
668
614
535
822
585
673
602
702
413
483
492
564
618
576
715
550
780
684
581
664
943
525
513
565
514
1113
719
651
601
525
572
692
697
628
614
552
657
697
742
777
630
467
584
674
544
507
633
1024
567
618
464
667
550
646
706
527
876
789
576
692
1004
518
576
557
588
568
753
549
586
525
504
590
589
657
522
423
472
410
550
470
438
614
562
1011
723
643
542
576
476
1031
576
880
562
568
769
536
558
927
898
617
620
448
656
704
1155
814
494
632
557
646
629
423
371
787
691
633
525
665
595
562
551
470
859
627
490
648
952
530
848
631
556
574
693
775
658
487
588
581
571
495
552
651
649
542
513
597
622
654
639
600
769
593
571
591
545
600
505
624
579
675
522
511
567
546
723
579
602
712
750
491
1042
562
630
720
507
476
395
578
708
991
685
607
374
436
485
552
692
640
831
481
676
668
582
674
529
1008
596
557
1168
600
582
500
800
642
747
646
744
650
533
521
581
500
614
611
1159
584
692
654
560
544
1025
659
669
475
460
1107
548
650
710
530
651
572
637
467
596
634
596
755
563
597
661
512
605
526
543
698
711
646
521
635
1073
461
752
570
797
690
663
554
538
749
559
590
781
599
637
612
584
629
642
566
509
601
685
916
485
652
602
456
489
694
546
558
509
641
520
622
548
547
722
562
639
562
515
758
617
577
472
620
582
659
652
931
528
731
613
586
606
624
453
658
548
564
450
582
489
896
665
438
603
655
697
484
610
561
539
614
586
728
766
621
678
605
957
571
550
622
550
534
527
538
620
664
600
1147
581
686
742
541
711
671
500
559
579
609
685
683
679
659
561
587
559
538
637
744
524
544
1098
545
651
600
578
642
752
513
614
508
611
599
564
629
658
572
547
636
489
670
544
629
629
498
514
700
493
540
558
504
573
604
466
970
581
591
450
611
659
678
496
645
450
523
566
643
540
789
716
433
486
977
539
759
584
705
633
613
499
749
747
740
630
593
733
668
1005
533
665
584
637
711
677
733
587
811
536
502
1003
491
756
577
893
550
626
617
458
438
566
493
649
679
671
667
587
770
645
446
453
691
458
707
557
785
523
533
754
701
525
720
467
824
483
536
583
582
937
406
441
505
534
580
622
717
619
942
543
499
657
582
639
734
768
522
514
640
466
674
488
581
528
638
498
628
653
665
610
740
544
482
806
526
660
618
627
712
637
528
587
556
711
583
581
684
608
543
561
609
650
617
534
602
545
727
458
509
646
732
641
715
608
762
675
684
548
623
663
444
461
592
759
567
520
695
613
575
612
604
593
624
1135
597
837
555
567
526
648
607
431
681
484
644
521
647
924
584
527
600
919
433
682
651
641
995
660
584
989
514
561
561
699
751
600
634
734
515
744
479
565
613
632
468
644
593
585
503
577
627
706
588
636
621
633
618
1083
528
621
523
568
555
504
644
557
668
568
481
638
469
597
519
496
544
715
623
726
661
754
657
537
676
616
766
738
489
481
711
591
613
619
638
633
571
774
612
604
677
555
560
695
643
610
589
547
726
652
666
606
722
561
626
492
576
636
906
507
565
483
567
537
622
620
612
546
624
973
528
557
648
657
619
628
631
441
531
463
777
553
558
542
1041
636
902
674
747
541
450
513
631
626
418
622
430
646
600
548
545
662
658
596
548
433
627
552
665
552
610
478
591
485
630
641
509
560
580
822
607
601
602
544
524
610
527
730
603
471
639
731
554
611
493
612
533
611
435
510
875
539
585
431
706
644
404
1014
608
509
664
627
528
711
649
560
675
564
737
498
524
456
573
648
460
688
701
1183
658
606
582
700
477
570
624
580
647
626
745
506
676
585
528
583
617
622
649
584
672
597
612
436
548
471
535
528
671
528
511
533
912
508
756
477
632
526
471
768
622
546
780
696
464
538
743
590
771
588
739
1173
580
615
576
618
511
630
579
449
428
561
465
482
663
656
623
551
604
608
481
667
538
845
601
646
755
685
640
617
611
525
446
664
567
562
730
615
530
624
607
650
536
633
670
476
661
500
669
640
625
560
1030
715
633
568
659
585
621
672
588
564
555
869
666
752
423
511
621
479
687
628
608
1073
1020
507
688
517
719
511
530
704
584
599
552
860
492
625
716
660
713
591
687
656
657
682
652
580
685
720
625
623
567
687
659
597
649
692
723
662
684
600
625
660
659
722
723
660
623
663
597
724
600
632
666
629
682
692
663
659
602
654
479
628
655
549
654
657
637
628
651
664
656
516
755
687
687
665
719
684
574
684
627
623
720
695
597
661
634
693
722
681
663
660
655
683
656
782
724
599
657
749
718
656
692
656
652
624
666
598
690
657
656
697
590
654
687
628
661
687
710
658
623
719
718
750
691
538
597
660
686
628
627
632
597
691
624
694
717
687
718
686
575
668
685
660
605
687
689
594
675
750
651
607
628
547
661
586
689
687
632
832
621
661
575
604
665
687
629
692
709
660
725
691
655
692
601
660
623
630
595
595
686
711
719
687
660
690
688
686
692
686
628
655
564
685
657
605
656
628
623
608
611
653
683
656
720
689
633
655
688
602
629
719
628
744
654
746
661
599
606
718
626
562
624
653
630
689
627
656
573
628
685
538
633
601
629
617
723
687
579
690
583
629
628
626
656
708
656
689
688
600
653
653
640
624
534
547
592
684
628
591
629
538
687
632
631
631
748
691
750
657
503
630
651
685
682
602
660
686
655
591
602
661
601
713
593
628
625
716
622
603
660
658
714
599
650
713
631
600
809
535
617
634
658
625
633
707
538
685
592
688
692
623
684
662
592
653
683
719
654
684
625
597
636
628
665
654
718
657
650
654
506
658
628
617
655
629
567
556
718
685
689
630
627
624
764
533
776
660
538
682
629
690
629
719
575
607
660
562
618
630
597
488
656
598
600
726
772
659
630
686
713
629
664
691
724
623
687
601
679
635
656
655
690
720
718
599
597
659
600
721
687
758
637
539
687
592
636
654
744
629
621
633
659
661
716
533
630
684
751
566
685
598
685
628
688
665
586
628
592
670
600
714
746
660
630
554
591
606
686
625
629
659
687
663
655
630
627
628
685
630
715
626
718
628
695
430
633
695
663
602
689
536
660
620
713
687
661
578
706
597
601
684
632
509
718
596
716
693
655
702
694
693
692
691
658
716
660
681
601
712
633
751
660
717
686
622
719
746
655
693
633
658
721
622
696
686
662
617
706
596
502
601
717
569
623
565
626
686
684
689
630
625
576
649
720
655
717
659
599
681
693
654
692
544
695
541
633
637
706
565
629
648
656
719
746
624
597
652
564
621
570
596
567
656
625
624
624
660
665
746
656
658
686
553
592
718
630
686
686
529
691
629
546
692
729
627
713
655
659
604
754
655
629
749
726
594
571
686
659
662
743
624
661
718
656
596
687
632
601
654
677
593
635
606
601
693
608
655
648
685
624
559
655
626
691
624
549
654
683
591
686
686
684
654
629
628
659
721
722
686
631
691
681
444
715
659
628
686
685
720
624
686
657
686
714
632
623
689
694
686
627
623
687
627
657
559
597
661
656
595
654
624
660
659
694
721
622
721
630
630
626
598
688
633
667
720
657
629
738
689
626
595
628
621
742
591
628
660
684
669
634
720
718
684
713
632
599
533
659
682
591
660
666
718
623
655
739
657
629
676
596
598
693
689
684
623
625
715
660
657
740
664
715
626
690
719
689
708
657
593
662
718
688
632
686
663
689
715
561
691
597
718
625
686
717
687
686
649
691
665
602
689
774
691
654
656
628
635
720
510
721
718
565
622
723
574
627
656
597
473
660
719
692
660
692
596
564
622
656
689
689
660
430
630
656
656
623
664
686
750
592
717
595
623
633
659
755
629
661
624
719
659
661
627
651
633
651
633
632
721
602
688
629
629
654
631
618
743
661
629
649
625
655
748
591
717
719
740
602
745
655
714
684
688
657
625
658
573
712
564
681
562
719
566
653
596
695
659
622
746
681
601
626
562
629
721
559
722
605
628
714
688
654
659
681
659
634
676
551
622
597
687
597
687
596
630
660
718
716
661
652
722
654
596
627
566
720
622
594
657
602
751
712
660
697
709
593
681
606
377
654
625
587
633
621
661
629
659
724
594
596
571
711
662
657
630
767
684
629
692
623
661
659
653
567
689
661
636
630
686
661
654
653
623
625
634
688
627
664
684
712
604
666
716
659
630
657
660
720
691
660
699
632
628
596
692
631
603
658
724
688
660
660
692
660
661
568
655
654
574
718
628
693
629
623
603
692
629
627
661
621
658
725
628
692
649
629
654
661
720
653
598
604
629
661
633
723
654
719
637
714
719
687
681
624
627
628
602
596
702
623
688
718
718
687
600
627
651
655
597
625
691
637
655
679
411
409
384
412
412
411
412
411
438
410
330
411
411
412
409
385
410
412
385
438
385
385
385
437
385
410
411
412
412
385
383
412
358
411
384
358
383
385
384
438
412
383
410
358
411
329
385
412
358
412
412
384
410
439
358
411
356
409
384
412
383
412
438
355
439
384
411
412
410
385
407
358
384
384
411
356
412
410
410
412
439
411
385
412
410
409
412
410
412
412
412
358
385
437
412
412
383
382
410
439
411
411
411
439
412
411
411
411
410
383
385
411
385
411
412
383
357
385
411
412
385
410
412
411
411
358
383
412
409
358
411
412
412
466
411
409
383
385
330
385
331
412
412
357
492
412
385
329
358
382
438
383
385
436
385
385
385
412
409
358
385
412
385
412
385
410
437
410
412
383
385
411
410
385
411
384
412
411
411
412
331
412
385
411
358
331
410
439
412
411
412
382
412
409
383
411
412
384
438
410
439
385
385
331
412
384
411
438
410
410
412
410
412
356
410
411
358
358
382
410
437
410
384
330
412
358
385
383
383
412
466
411
411
412
356
409
411
358
436
385
329
385
438
384
412
385
357
411
355
385
354
412
412
411
412
385
380
439
410
439
358
385
411
411
411
358
410
385
438
412
382
412
410
437
385
411
412
410
385
439
438
412
358
464
385
437
382
411
412
382
436
384
409
412
411
384
412
463
410
412
410
437
412
411
462
385
385
383
384
358
410
410
412
439
411
383
385
385
438
412
384
357
437
411
410
412
357
385
412
464
385
436
385
385
439
385
385
411
412
330
358
411
412
412
385
384
304
412
410
357
384
465
385
358
411
439
384
358
411
410
412
412
383
412
384
412
383
411
412
410
410
385
384
357
411
412
385
331
357
411
412
358
385
438
385
409
381
383
384
412
385
407
412
410
385
410
358
412
385
411
358
439
385
412
357
384
410
464
385
385
330
411
358
410
411
412
409
411
385
411
384
358
385
410
385
439
411
411
411
385
329
356
357
385
384
412
385
385
411
438
412
409
303
412
385
358
409
356
356
412
385
439
384
411
357
385
383
409
385
410
410
385
411
358
436
383
412
384
410
411
383
412
438
411
385
383
382
410
410
358
408
385
410
436
385
385
385
407
358
411
384
411
411
409
412
385
411
330
439
384
412
411
411
410
410
384
409
412
358
385
331
358
331
412
385
412
439
384
412
411
412
384
411
357
412
383
384
385
384
410
412
412
385
382
439
412
383
410
331
439
410
385
412
412
411
385
385
358
410
358
354
437
411
411
358
385
411
383
409
410
383
384
438
410
385
437
412
411
412
412
385
411
384
357
410
466
412
357
356
358
385
358
412
410
410
412
411
412
384
410
438
328
411
439
412
410
412
439
438
385
385
384
412
412
412
410
411
438
330
412
411
384
411
411
384
412
410
438
410
439
357
411
437
410
411
384
410
412
383
383
411
385
411
412
412
411
411
409
384
410
412
412
436
385
357
382
385
437
382
358
411
412
385
466
411
409
412
383
411
435
412
385
385
439
358
357
410
412
410
439
358
357
385
385
438
411
385
383
412
412
412
463
411
384
438
412
385
385
385
409
410
384
439
411
412
437
385
410
383
412
411
412
465
412
412
355
412
412
411
411
357
411
411
412
407
385
412
412
411
412
411
410
439
384
358
385
385
439
384
411
410
384
357
412
330
411
412
411
411
411
331
385
385
411
303
385
411
385
385
385
384
411
412
438
412
383
383
303
411
410
412
412
411
411
412
411
411
384
411
358
384
385
383
384
385
411
385
410
412
410
358
437
358
410
383
379
412
385
385
384
357
406
436
411
410
438
412
438
439
411
410
411
437
357
462
412
439
411
384
385
412
412
383
439
385
439
385
412
411
408
385
383
384
412
436
437
385
384
385
410
412
411
412
331
384
439
411
437
384
439
384
382
464
304
439
385
412
383
410
384
384
412
412
408
385
410
384
409
385
383
385
436
410
412
411
358
411
438
385
358
438
385
439
358
331
411
439
438
357
410
385
385
411
409
385
385
385
436
409
383
385
492
439
407
385
411
384
385
410
357
411
408
358
410
412
385
410
409
412
412
358
411
384
385
412
438
358
384
410
384
411
382
385
384
385
385
331
385
412
384
410
384
358
409
385
412
411
384
385
385
385
357
410
412
356
409
385
384
385
412
384
385
385
385
411
411
412
411
385
385
439
385
410
412
411
438
385
357
410
411
383
383
409
412
358
438
411
412
439
381
412
385
382
385
383
437
412
412
412
437
411
384
384
412
384
384
385
356
411
412
840
676
759
979
895
685
1074
608
849
734
788
736
739
897
652
816
628
635
988
1191
871
1246
654
1492
659
627
1199
1146
1574
1091
650
952
793
1061
822
791
1059
1115
599
717
1383
1237
1278
929
682
952
657
844
1627
910
733
1462
822
664
842
687
1219
924
652
1167
977
1600
1221
655
575
707
628
627
573
574
764
640
1029
713
789
684
820
598
631
1058
1554
1090
657
628
751
681
655
818
1164
685
633
624
656
739
850
869
689
649
735
951
1301
824
624
1491
627
961
626
745
894
596
1603
1140
981
736
931
706
575
708
1249
632
818
684
814
678
808
792
1572
1646
871
1327
848
961
903
951
846
815
1462
544
572
1086
1196
735
904
789
877
899
668
653
641
958
762
717
922
760
598
1443
667
602
711
574
707
1123
763
655
1051
787
873
743
954
650
875
1331
681
520
687
713
1127
1196
788
905
652
763
873
629
1278
1250
734
735
792
600
738
747
629
1086
743
1359
1120
604
981
733
982
709
768
949
679
896
686
2085
625
575
601
1578
796
763
1089
629
631
629
841
654
718
1354
519
791
1793
1841
520
686
1044
626
843
1034
684
706
678
730
1112
927
1006
923
896
659
711
759
712
760
629
653
868
814
660
679
843
1030
1004
922
897
818
682
573
680
1330
899
733
870
787
816
950
950
737
651
897
741
2461
1171
873
801
689
899
1168
682
2462
1004
1842
601
873
735
1577
683
843
975
789
844
790
841
817
1113
1032
655
630
677
1870
950
843
1099
766
760
901
707
793
683
626
654
654
625
738
1087
726
654
1084
704
736
758
678
841
763
655
1353
788
797
884
743
714
787
816
777
877
844
1034
678
1306
1086
575
625
1086
814
1121
681
765
678
599
795
1140
735
693
977
657
795
1139
709
630
546
605
630
1625
635
706
790
1603
655
1303
544
599
682
844
851
712
708
1145
627
737
1418
717
1352
717
768
603
870
714
547
544
868
630
677
545
892
1004
1003
982
945
716
715
600
659
977
948
677
926
597
687
1188
688
1140
1008
978
1196
923
820
658
546
599
687
603
680
602
2015
635
817
1202
682
1056
623
803
717
685
680
662
707
734
1202
546
765
516
682
712
1218
679
683
1067
1004
603
1305
596
632
876
1492
628
657
707
874
678
573
963
573
741
680
897
869
677
1116
705
792
981
546
1036
683
709
871
602
1007
1080
763
679
625
901
816
928
732
685
1002
709
625
629
679
681
926
684
629
1032
717
685
791
1006
815
979
651
838
1030
924
652
951
894
762
953
762
1198
1464
573
738
785
548
657
1218
754
738
625
709
655
1332
599
678
763
601
689
708
816
772
680
1220
902
598
876
844
823
790
827
652
1573
991
607
706
707
681
1194
688
1655
817
717
676
714
736
740
790
1035
606
779
684
1090
1061
745
545
681
842
682
786
1113
736
573
814
818
1411
1195
655
681
685
685
632
546
717
1083
790
902
547
930
577
677
627
869
1682
652
711
762
680
955
898
760
977
924
1168
629
1150
652
848
791
842
734
736
1334
681
1012
627
961
751
873
786
602
733
603
710
654
735
612
1572
493
547
628
955
1142
769
573
790
793
953
520
1119
649
706
1387
732
575
545
572
923
2112
685
1088
656
736
793
758
679
597
653
627
790
746
747
605
678
1633
823
839
523
871
1520
762
868
625
682
1117
629
840
678
655
651
599
577
763
982
680
731
656
653
953
736
928
924
734
596
798
624
843
793
744
895
841
956
796
764
745
657
600
738
606
708
576
845
952
738
1122
654
652
1090
626
628
1224
1358
1736
661
684
623
655
765
816
816
691
1005
953
736
764
467
827
820
708
843
951
1035
710
814
815
712
1208
1019
1167
793
759
704
898
660
741
794
684
1193
851
850
788
840
788
626
682
712
1060
598
599
684
624
760
991
627
785
796
960
573
657
1084
733
547
601
602
1030
872
737
1197
1252
708
759
874
821
1686
680
737
1003
983
518
1680
631
935
680
820
1979
689
631
1329
1355
665
1517
465
1219
575
733
651
1170
1114
677
1173
1093
957
1006
1002
1359
795
735
958
598
708
639
979
1410
597
708
760
737
762
708
712
830
680
626
845
711
523
725
789
895
1032
705
844
868
817
707
608
951
792
735
1440
629
744
685
654
1004
975
656
816
1203
1438
736
1231
933
630
682
656
653
598
1142
1113
1033
1330
760
885
649
711
759
819
707
924
897
518
572
690
983
680
1711
574
872
1274
1093
629
683
792
736
628
907
655
1007
626
815
1515
635
951
708
1035
687
601
669
709
1247
667
1663
1113
818
601
1709
624
715
737
679
1116
597
1062
545
1086
493
682
1220
655
1045
869
710
1113
763
1276
978
654
868
575
736
582
876
815
600
923
657
895
710
573
897
575
1057
792
708
492
629
630
900
1734
873
685
627
604
709
795
466
679
661
1733
1440
684
680
680
901
2166
738
955
789
603
819
680
1033
624
853
