937
635
429
620
834
641
770
588
640
530
676
706
594
605
687
569
582
519
497
1035
699
709
560
639
512
580
483
650
587
637
677
527
589
629
631
608
993
541
512
531
748
674
646
570
568
592
577
764
597
551
581
507
532
676
563
551
620
522
938
500
636
985
607
513
669
523
387
620
592
601
632
618
661
764
602
484
638
769
483
741
969
375
797
693
518
550
678
550
661
639
596
652
642
760
573
501
649
577
662
522
823
598
674
713
616
602
698
576
527
620
675
681
575
604
566
640
592
652
585
451
538
705
480
626
818
544
659
704
683
617
644
574
504
555
894
564
615
683
1096
513
602
649
1100
836
702
513
598
724
425
690
717
594
671
672
562
801
766
839
661
660
565
776
451
605
587
614
666
934
965
709
500
431
619
602
671
655
522
636
638
731
477
594
582
658
641
450
888
908
757
674
649
767
520
701
635
543
567
457
589
468
700
853
646
478
1003
736
665
474
539
537
561
1085
945
527
557
539
560
552
557
571
715
600
597
1051
550
558
622
682
526
1090
543
556
526
577
546
406
665
479
424
1138
595
653
737
502
644
1034
629
734
510
467
618
665
571
600
643
718
953
587
616
566
603
659
590
544
749
950
605
570
744
643
676
777
734
950
611
767
610
670
683
592
640
638
582
681
670
706
503
666
554
556
581
562
632
583
568
779
626
505
505
922
1022
574
800
559
728
691
661
461
695
614
544
631
707
632
670
401
629
607
537
576
708
637
778
383
938
547
462
539
724
627
683
537
649
801
630
611
600
751
689
807
721
583
667
592
670
469
564
578
455
526
679
553
785
639
483
722
678
582
589
498
744
437
536
575
567
555
1056
728
823
634
1104
573
596
589
562
642
548
630
703
620
581
556
502
612
1096
476
577
644
623
561
495
1034
726
463
576
584
524
608
552
638
680
615
602
583
659
584
787
517
1014
1003
588
768
646
646
605
657
664
612
628
679
960
669
670
698
446
817
662
477
708
772
665
656
640
608
720
663
993
504
548
574
628
486
585
567
421
886
450
742
496
747
598
552
616
647
995
622
678
508
497
679
677
610
512
544
615
484
796
692
420
477
577
465
658
570
589
509
562
564
643
615
629
733
634
678
630
456
717
611
461
578
626
618
625
555
1054
768
546
627
578
550
468
614
706
518
496
559
742
686
484
555
471
541
691
600
762
634
829
542
593
639
588
715
852
702
1000
574
519
622
635
569
642
562
657
600
490
709
461
720
667
478
779
606
489
688
480
508
688
614
514
627
694
754
732
516
497
582
621
481
450
667
669
645
623
569
591
608
651
457
587
617
557
646
695
697
594
601
647
528
690
641
579
620
706
743
785
629
581
667
704
667
482
652
902
630
583
507
591
739
687
710
644
617
640
700
544
460
684
857
474
580
586
805
845
705
671
614
515
971
674
550
652
698
1051
638
564
689
478
688
625
714
686
712
583
999
698
738
647
603
648
635
551
1018
606
637
683
555
1122
528
506
545
594
540
904
672
624
821
712
619
565
659
650
635
559
540
650
600
653
532
542
731
518
648
540
562
527
628
714
551
638
637
671
707
652
1141
608
615
596
594
605
582
868
722
637
631
666
614
534
667
582
675
647
569
697
542
454
552
753
632
524
525
585
681
492
476
492
467
855
634
697
670
552
593
687
752
536
576
634
597
458
446
539
497
600
670
703
672
649
525
1075
641
685
471
602
690
658
642
638
604
565
597
560
677
688
973
758
472
549
520
541
633
637
672
674
856
553
615
543
674
503
581
627
524
555
754
572
617
554
682
557
661
635
1052
450
490
571
732
591
685
487
572
501
572
636
630
721
543
795
680
848
553
611
765
645
617
627
628
528
578
612
613
640
727
651
634
591
778
712
551
658
584
589
617
630
549
547
490
681
607
654
491
862
719
546
482
770
522
665
606
926
512
735
594
673
561
701
481
623
633
847
611
668
635
687
653
639
645
628
653
594
751
738
639
627
618
661
585
546
602
536
767
619
479
657
729
658
612
500
467
516
661
684
777
595
399
593
719
542
668
605
592
571
1135
625
729
539
628
719
548
539
693
1023
566
1072
579
682
604
603
794
962
484
606
637
698
551
532
817
637
539
1029
610
602
523
712
584
508
1023
555
567
732
678
672
540
675
609
713
697
657
606
642
653
689
663
667
542
609
1047
631
658
583
612
713
649
493
577
656
603
792
1050
546
579
609
487
511
802
578
703
604
789
604
622
587
645
478
859
674
563
567
575
743
587
593
652
608
647
672
727
692
900
714
639
899
1128
561
566
527
652
688
562
644
671
810
947
647
922
563
840
783
681
1007
788
816
896
803
617
988
844
740
791
649
913
999
900
782
881
761
628
724
584
741
614
1008
676
605
892
855
1027
747
721
829
848
742
804
650
725
982
818
749
801
913
717
901
660
646
721
729
819
826
902
763
840
826
754
876
808
699
686
619
733
623
764
1204
625
915
873
740
712
1018
561
498
1013
717
787
782
721
765
782
575
717
790
779
914
686
675
577
739
881
995
713
910
611
565
901
822
798
738
712
887
650
837
664
808
922
667
922
825
1138
737
860
805
654
950
783
641
941
942
646
883
860
722
681
800
685
740
769
732
887
745
698
588
820
894
1152
663
824
875
573
712
547
1012
892
842
1128
804
877
747
900
830
652
978
819
1195
906
725
782
777
1013
994
904
991
983
610
775
975
906
729
887
835
806
878
628
657
891
727
1015
735
868
725
694
621
716
795
857
732
903
645
869
656
595
732
706
734
529
872
568
739
663
975
642
788
659
659
776
704
643
575
722
823
779
676
657
1083
822
738
837
693
617
805
669
586
1084
672
663
850
672
750
575
1055
535
789
656
877
859
804
566
813
748
976
814
742
668
884
786
771
626
808
1096
637
731
865
743
672
904
802
501
1030
618
696
882
843
529
711
797
731
743
725
942
736
1036
915
502
855
810
762
620
730
900
840
873
884
1017
783
678
1005
765
739
815
630
611
905
666
646
847
773
594
924
700
691
665
903
624
855
796
787
931
952
659
820
729
629
970
1117
681
977
728
657
640
677
747
516
538
814
864
866
803
1061
691
841
619
602
600
646
665
658
604
745
661
872
900
598
812
657
659
673
685
656
794
915
1035
912
818
958
673
647
689
836
679
842
877
624
813
655
880
790
789
736
752
738
652
733
945
905
867
611
758
1000
657
849
981
668
636
843
660
862
746
663
690
817
750
798
986
903
697
601
815
871
807
950
731
510
612
533
833
608
907
889
873
534
1019
1000
661
627
595
794
761
648
813
609
777
1086
616
746
947
963
604
1070
808
883
647
643
808
670
960
795
653
841
586
656
954
696
1011
907
849
999
793
925
727
873
814
838
950
868
670
621
582
849
656
738
821
552
754
662
580
764
588
683
786
905
787
659
864
882
894
715
772
774
590
754
890
532
668
834
917
742
1018
669
1100
739
987
787
682
592
660
851
662
833
743
989
907
732
1120
775
853
1130
826
659
871
854
924
759
604
896
1043
724
815
819
828
726
736
881
692
909
759
653
950
662
1035
556
898
653
728
664
680
650
933
804
721
659
678
734
987
755
866
802
806
837
755
741
765
657
748
800
1107
947
796
764
609
935
734
805
834
659
664
1063
824
937
958
1003
562
693
738
807
810
1023
793
826
999
761
806
778
864
584
805
560
671
538
1016
655
921
619
929
650
946
927
888
662
656
675
772
740
894
720
587
622
740
569
907
629
646
741
557
1090
763
954
860
677
733
554
827
786
839
950
763
726
692
806
824
749
659
743
673
666
1307
549
895
693
618
891
655
831
885
667
745
653
822
736
527
814
987
625
634
729
621
584
651
804
735
832
929
849
743
721
1183
733
653
650
642
737
760
839
815
838
620
568
691
859
757
853
891
668
642
659
848
663
757
974
738
668
831
700
830
927
720
674
677
831
974
881
709
591
668
592
892
579
931
655
819
712
816
804
894
885
797
974
758
664
1053
625
663
552
788
747
814
945
971
825
872
800
934
629
870
572
670
976
743
1193
682
737
877
662
816
726
949
792
1003
827
741
753
881
763
664
613
818
969
806
716
696
668
620
672
813
951
544
640
705
946
597
772
912
913
708
764
666
728
654
821
942
802
953
902
988
723
751
891
741
1010
809
998
1027
656
683
627
890
683
724
891
938
652
779
609
871
903
879
1079
564
785
571
998
721
875
714
986
839
829
655
681
661
802
1065
500
536
758
893
743
686
838
733
1022
1021
688
664
809
654
747
790
746
658
637
705
807
616
829
646
956
817
802
826
823
766
748
726
881
660
847
813
1023
807
814
841
664
875
956
817
946
677
1094
849
723
615
882
960
761
656
649
557
716
806
848
810
833
733
695
841
812
890
956
661
858
542
933
646
1332
802
891
920
1024
606
794
691
1014
748
1000
878
811
601
821
957
840
777
1063
836
713
564
951
757
845
582
868
656
991
891
902
604
942
664
832
990
780
972
807
716
907
832
587
796
645
919
1040
732
746
697
893
756
801
726
611
676
632
657
742
830
820
757
639
725
643
857
862
613
655
572
769
972
948
927
584
750
736
810
864
897
845
757
497
1025
730
766
892
538
821
750
748
1279
726
603
828
937
560
660
777
622
693
553
463
503
529
597
575
505
562
592
532
600
576
422
661
549
497
462
577
489
521
547
508
577
628
594
544
563
596
556
538
594
647
470
581
629
517
508
556
572
588
639
555
586
475
567
637
627
454
624
485
469
508
502
557
554
589
580
595
625
504
610
604
580
546
590
483
592
582
605
517
524
603
612
545
565
645
452
468
538
500
488
488
457
568
607
485
504
565
725
617
642
585
571
523
463
636
634
616
609
584
675
626
643
533
571
544
532
539
606
579
593
593
641
604
502
499
541
527
580
688
635
537
598
533
475
573
619
589
610
605
616
493
596
708
651
605
616
484
541
510
572
703
568
687
573
596
510
552
578
544
562
538
672
671
555
508
596
699
548
524
512
602
624
574
597
558
600
512
502
517
542
564
602
591
572
693
638
591
576
551
557
562
604
518
548
585
552
593
569
705
675
603
620
542
571
637
581
435
557
578
526
571
405
524
555
557
513
624
551
592
547
631
530
525
528
599
605
390
546
621
593
447
482
550
484
490
679
513
588
546
574
489
560
591
514
574
557
584
638
509
590
594
511
560
582
564
557
560
629
518
523
525
595
530
514
542
466
679
595
584
666
609
599
602
613
510
604
626
576
464
643
505
572
544
562
575
654
571
470
517
630
538
517
520
615
526
627
549
601
602
601
553
512
540
522
530
544
563
614
628
605
465
602
636
620
571
588
612
560
635
616
669
541
620
607
536
585
473
497
507
539
599
556
509
563
506
606
500
501
541
541
606
558
600
516
510
590
515
496
538
525
588
511
605
544
507
503
538
563
470
551
481
496
485
482
680
599
620
572
649
633
504
528
456
530
557
569
594
584
670
550
549
477
553
623
535
464
602
530
523
563
489
661
642
483
531
551
557
575
530
502
516
504
496
563
545
503
569
614
547
587
552
641
655
542
614
474
589
504
528
567
457
542
543
677
623
489
511
577
675
634
561
593
432
614
555
597
507
562
561
638
600
514
644
573
486
579
618
494
572
577
474
565
505
556
634
559
576
484
521
581
632
514
597
534
533
521
595
584
639
596
494
616
473
491
554
548
418
494
555
559
476
486
681
617
521
558
635
491
575
673
616
568
679
604
568
661
543
448
596
467
513
548
485
602
500
555
683
561
473
584
626
554
466
508
697
485
527
623
504
531
536
588
626
443
635
607
513
523
530
613
553
483
427
685
591
557
588
551
567
556
518
611
510
667
474
652
473
586
533
518
489
556
591
527
498
423
518
632
627
597
642
551
513
556
528
614
491
568
566
585
479
584
533
506
544
481
529
562
622
673
583
543
543
544
483
482
633
568
397
599
668
503
692
577
525
485
554
595
553
657
592
590
486
550
631
565
536
507
463
493
640
588
625
644
512
666
505
537
528
608
572
510
584
641
508
543
484
573
526
493
506
624
474
540
544
537
528
662
654
692
589
504
553
579
539
466
593
528
690
610
569
530
603
467
618
503
520
517
518
464
646
563
548
524
471
503
509
598
599
472
547
515
580
475
568
581
619
548
529
529
516
593
544
570
505
567
603
623
577
574
547
602
571
538
590
655
527
605
561
633
579
573
575
553
531
527
641
624
481
543
545
585
518
632
602
574
464
471
612
593
540
595
556
512
500
455
649
602
565
590
569
619
522
688
556
667
552
570
542
541
631
676
569
530
516
564
626
600
527
507
571
550
524
589
567
561
589
550
553
678
639
533
522
544
468
506
613
507
585
563
634
630
471
539
674
528
652
604
556
525
592
630
650
554
502
606
543
514
493
555
544
553
583
629
613
548
597
502
552
515
553
592
652
624
534
526
665
524
513
667
596
588
514
649
603
483
567
621
528
539
708
645
576
469
604
622
488
640
590
522
741
429
631
530
482
587
555
595
596
477
493
494
580
538
509
655
491
561
676
653
509
629
467
553
534
516
551
540
555
627
554
604
495
509
630
625
533
582
564
442
523
430
591
553
655
600
536
633
535
553
516
593
513
598
592
483
514
631
522
578
570
450
545
654
591
589
547
486
542
513
595
596
566
533
561
536
595
582
572
683
600
572
547
622
593
532
592
602
534
627
612
565
578
623
608
533
589
495
601
538
515
586
617
632
551
566
611
537
651
498
578
599
555
515
569
568
599
632
462
489
502
612
553
567
615
563
603
481
482
597
514
565
510
561
592
468
590
566
671
502
529
544
558
589
476
604
543
515
571
655
521
528
551
548
584
664
613
671
528
566
526
475
578
467
517
631
642
453
544
588
586
542
611
629
484
539
486
552
21787
24419
10435
24245
20592
16675
13179
22721
24063
18912
20708
26302
18922
21992
18763
23195
20248
25354
24220
15628
18077
24831
26363
9164
20556
19515
18273
24157
18995
20546
14534
21379
22709
11394
17559
20028
18791
17169
19652
24646
15688
24303
1980
23452
16878
28406
25916
17400
5384
16597
18054
17342
29610
2880
24522
21143
22928
20742
18791
17759
23679
15955
23020
21349
20458
21257
24695
19688
19563
19267
19632
19172
3531
2019
20780
25318
28757
20973
24031
18250
26388
18779
21069
16453
19949
22261
21997
18382
17305
29496
25408
22009
23130
19958
18369
20759
16048
23505
23579
22170
17253
24330
23367
14408
22310
21781
18116
12136
21476
19988
15603
21530
18806
3183
21399
4175
17619
18263
10814
20192
21465
21952
19132
26756
22591
20762
29781
26323
26301
24927
21517
18916
1172
14764
15591
21989
18200
14167
16066
18381
15688
22878
21806
24939
26613
17703
22742
14262
22955
19897
25970
26361
18872
22497
17315
25497
18260
21130
22501
15825
25790
18488
20179
21066
23098
17193
14738
17645
15133
12394
23208
21153
20259
21533
25856
21898
16474
19269
18160
18782
22295
21796
26635
22694
19343
20752
21353
13607
21231
20476
20893
23470
23759
20004
15485
21716
20169
26786
25056
27620
3123
18065
5325
18489
24058
14002
18309
18165
19813
24626
7315
19048
20330
19347
25134
14820
18415
21149
5536
19240
25256
15760
13336
20875
21296
24535
21388
24547
22129
23233
14257
16759
5457
18952
28996
19783
24048
24234
21513
26371
22291
24211
22896
19249
14728
27069
25507
16200
17045
15486
21207
18011
24298
22050
18799
3132
23840
6775
24640
6417
27414
24283
8580
17548
27929
14588
5887
21115
3910
19045
18711
24122
23233
16625
23740
25378
16503
21273
21467
11679
19139
23234
17479
14139
24049
25589
21804
28307
26442
28103
9993
26973
20814
26997
22592
21406
22566
25152
20368
21027
18931
14975
22269
19277
25873
22884
21389
19229
18772
25922
25554
14644
15852
18844
21866
14153
22488
19758
15218
4518
19310
16018
19230
19819
23023
18519
24531
20291
15487
16209
19789
18946
18388
22883
17087
18498
26897
18630
21412
16384
22060
23744
17176
20159
24358
18122
19778
13075
21707
7637
20420
29573
14481
18120
15354
18242
21011
18142
13149
21537
27991
21048
19859
24929
9524
19998
11515
23911
11347
19450
22700
21532
16886
19863
21662
23298
15847
23061
16244
4883
16671
24669
22075
22360
21725
25945
20816
15806
18475
21428
22525
26273
22995
19514
23393
19182
18742
5522
28326
8117
23731
21056
23020
21234
26424
3978
22194
23498
22620
20835
16441
15460
21503
15990
16522
15735
23988
17630
13058
20732
11506
22805
6798
17807
19784
19359
19464
18449
25300
17869
14941
20258
3987
17101
17259
18307
23488
19567
20410
24047
21922
26106
1266
19720
29799
21643
23059
24475
25206
13593
13699
12134
15804
22189
16577
17876
17043
20405
26193
25947
21627
21093
16909
30609
21655
1264
15768
16058
20813
16072
2262
25060
15949
11674
21767
19227
20637
26723
17711
24391
18646
19673
19221
20968
22203
20984
24514
17950
19148
25334
16304
13340
19256
20958
19955
18094
18758
16370
6095
4577
16333
18973
21195
18943
18570
20306
23796
23526
24369
22342
16231
25409
22143
16738
21678
18000
19172
20936
22018
20709
13247
14246
10717
15110
17895
21353
17348
22354
14357
17324
21237
18218
22948
20032
20622
18364
21423
22877
21772
10204
20051
20943
10322
18874
23107
21442
23281
22275
25533
19446
20297
20235
25771
17962
18785
21998
26170
21162
22820
19858
25790
22226
11321
18775
25246
21125
23221
23579
25298
17186
23747
23622
23180
16750
14200
14721
20959
25169
24057
18481
13558
19741
25649
20423
18235
26854
19628
20915
20733
25205
20955
18885
23320
21106
11902
1635
20713
25440
18637
20655
20319
23549
20102
17828
15288
26096
18166
23886
14245
29151
18417
19091
26157
21607
19480
22073
15213
22237
20616
17059
16835
19362
18588
20132
15527
14295
17757
24074
25283
16342
27238
16084
12857
18851
24160
24749
21927
17839
22072
19091
21375
19925
20577
22341
20664
14754
21873
11308
18174
9561
14426
13401
25042
15687
16053
17332
24826
4657
12660
25422
23757
21549
22202
24947
22466
19780
24724
16883
21639
20936
21406
20320
13532
19212
14674
21728
21082
23238
15047
22219
22717
16218
14459
20327
24025
20950
19467
11880
24247
17400
25683
22035
21012
13536
19256
18123
22581
16313
19475
27294
16493
19196
16117
16762
11194
23273
21284
20395
2925
24864
24063
20790
20708
17686
22684
15395
19361
21220
22116
21917
16962
20776
24375
23750
14889
13899
18081
13300
16557
16612
13965
23031
23032
25176
20739
5332
9773
19960
12342
23846
25220
4867
25141
26829
17575
18878
14403
19122
16624
24968
7575
18986
20102
16349
19105
18079
19935
25525
20126
16579
23072
21124
18939
13027
3137
24763
24598
24399
19140
25445
15406
21879
2734
22460
19459
19328
15576
17847
14874
21754
16207
19786
15099
22890
15862
16839
18930
16818
16739
24135
4439
16846
17668
18754
16387
25962
2473
19886
24071
18451
12974
19178
18942
14649
18670
21081
24441
16701
23449
19259
17032
18579
20273
21157
12898
20785
17538
13707
17554
13713
22927
3941
16100
17948
21473
2135
17030
27844
20365
25483
20688
13402
5324
23795
22426
16956
19586
24906
16639
20148
18459
27989
25123
23045
17357
21031
12121
16052
22427
19475
4139
22745
17078
28322
17592
23396
25205
17913
22934
19995
14024
15145
19117
1484
21820
21403
22267
27133
24939
21132
21589
23371
22962
20350
14503
16041
15438
16234
3693
24343
20113
4035
17127
24046
21335
27470
26929
16520
15296
19711
19579
16377
23631
15311
12895
24272
25255
18634
20781
17685
15180
20402
17584
19940
25966
18238
19469
27325
11794
20981
22150
22612
25524
18515
17739
19121
20176
20092
30242
17322
16714
29293
19393
19710
13777
19368
22101
14622
18198
26808
19637
25513
24110
8844
28295
21600
4522
19546
27866
24002
24002
22468
19414
21850
18455
19516
25647
23048
22676
15609
16380
30247
17430
18457
23557
19432
21040
19855
19118
21338
25695
12956
15628
14608
15704
11375
24643
21181
17460
19278
19723
1789
25830
19204
20803
19036
23297
21818
18229
26056
16646
10551
6852
12033
17332
16092
7190
22416
13418
15165
17330
15416
19881
22312
18555
19233
23747
14551
14019
24301
