730
552
581
597
713
800
607
731
742
706
667
607
685
689
579
539
567
567
775
662
622
677
1089
566
665
724
575
596
596
623
631
637
758
586
610
680
561
665
668
681
681
535
601
537
573
647
725
645
635
792
601
602
1008
699
649
578
693
767
812
888
670
856
736
608
729
588
688
635
609
616
636
582
614
665
613
680
1060
584
685
545
667
693
527
807
613
595
848
713
663
577
521
530
642
492
927
856
634
541
706
534
793
1063
624
599
766
793
526
518
685
577
766
717
632
963
785
503
593
896
553
635
693
650
517
824
541
658
800
1078
647
737
675
695
626
665
641
638
543
550
469
678
542
1065
691
795
598
644
706
482
683
587
553
607
626
1241
579
491
744
629
637
472
742
579
700
567
564
508
662
678
698
642
701
554
1012
543
1058
567
685
949
935
769
559
600
692
687
748
684
678
988
697
530
644
637
676
645
974
615
679
656
674
662
789
989
674
742
562
881
700
612
493
577
681
513
650
634
699
467
664
691
618
752
694
752
693
944
985
594
581
680
855
643
764
654
452
727
623
613
558
675
630
694
587
527
683
624
576
502
819
569
672
621
979
746
643
690
728
580
550
535
742
427
860
776
770
551
849
701
578
769
432
695
514
778
500
622
631
652
747
652
624
599
597
602
713
602
541
684
491
607
534
622
900
742
727
732
603
1129
582
465
581
943
693
544
561
617
764
911
740
722
665
505
623
711
773
504
589
693
604
520
591
524
493
745
653
627
559
623
566
505
734
543
610
640
523
773
767
1085
618
615
917
769
492
710
944
738
778
755
554
801
609
1196
523
620
685
613
566
701
665
565
572
724
711
619
598
409
548
772
668
659
598
699
732
784
448
527
585
558
617
705
623
587
725
470
542
551
634
795
1128
611
596
529
543
658
674
640
851
640
622
653
615
602
725
550
572
789
1108
562
636
631
645
676
829
671
634
577
512
573
599
611
724
897
584
769
510
590
842
697
607
812
675
775
536
580
674
698
718
684
668
626
738
564
651
735
662
597
551
566
630
475
493
641
1201
542
768
535
493
684
618
602
611
554
557
514
639
607
661
517
747
1123
780
612
723
515
555
968
590
684
561
511
611
515
705
611
582
657
747
516
538
728
646
468
950
509
882
617
614
549
654
869
529
599
587
640
593
696
704
685
704
481
763
721
578
578
605
545
667
600
660
540
532
714
612
746
697
520
596
760
694
661
650
721
506
612
667
956
681
561
660
613
580
664
628
803
616
725
725
563
542
667
504
846
460
623
717
957
577
624
802
551
571
706
745
672
570
742
705
625
594
702
694
517
767
663
586
696
613
619
536
826
648
708
732
580
648
660
654
774
714
767
939
549
811
528
496
728
511
689
778
622
788
624
778
772
710
544
653
692
684
522
1267
454
437
462
770
548
613
669
749
674
529
764
654
525
573
774
545
532
603
625
577
692
522
577
665
740
767
734
693
543
577
613
1106
946
902
511
702
436
573
628
577
566
623
593
822
663
559
526
1226
573
574
508
502
735
646
632
940
646
700
799
637
653
559
539
687
663
659
770
620
546
809
510
643
686
599
598
736
508
534
559
528
503
609
600
603
566
573
726
836
535
740
695
649
667
616
586
748
590
608
616
685
597
499
559
540
717
621
557
673
568
723
658
571
507
626
656
692
557
623
553
603
715
712
548
625
823
507
569
593
654
871
708
555
658
608
656
580
412
695
817
791
712
635
653
680
529
507
670
657
646
772
697
950
525
536
586
770
575
641
1078
599
606
489
602
638
772
551
617
629
674
561
686
723
532
609
606
1077
540
615
714
508
710
623
570
764
530
506
648
686
797
789
666
584
786
561
987
722
580
613
708
798
677
519
695
736
573
579
477
731
693
643
432
652
729
756
551
470
696
428
770
1053
470
552
561
548
630
577
681
596
697
677
520
809
738
804
940
686
607
751
751
522
641
597
576
667
959
714
928
665
539
583
527
595
955
648
570
676
885
511
569
636
572
574
750
691
614
594
659
712
622
807
655
613
660
655
698
533
702
1151
901
598
470
607
525
600
630
561
520
471
639
786
1013
665
753
493
544
646
560
557
510
615
540
608
875
556
583
647
649
645
653
521
581
530
696
627
703
698
699
688
605
645
762
752
772
787
629
743
524
557
686
680
639
694
799
605
683
725
1011
543
596
515
731
573
533
759
560
574
495
753
524
668
693
767
635
671
494
611
523
601
596
628
745
607
480
589
579
761
1108
559
542
783
685
615
597
1069
644
564
629
673
538
499
761
498
582
593
751
646
618
596
649
635
556
694
673
702
730
597
798
731
633
729
699
699
666
672
668
636
627
696
696
634
724
729
573
731
772
670
669
729
629
673
639
614
669
730
697
705
729
705
665
660
697
601
705
702
638
730
697
702
734
700
623
576
732
764
639
697
701
670
703
688
698
615
731
607
765
664
650
737
662
665
706
668
759
702
731
671
633
798
648
678
732
662
635
736
658
640
631
669
697
636
729
731
705
721
731
732
732
606
670
671
762
668
664
578
637
708
697
636
703
669
701
606
668
704
760
765
764
735
698
671
637
643
702
729
731
671
630
668
698
698
701
730
665
731
601
766
669
634
697
601
764
702
793
640
661
666
603
697
667
763
635
632
629
730
695
665
759
765
546
668
662
672
697
693
732
661
731
637
697
729
737
668
640
732
665
730
650
736
736
798
671
694
766
730
663
666
799
735
794
732
658
764
698
788
737
630
730
731
606
675
616
635
731
765
697
663
601
636
702
764
731
737
785
697
737
703
633
605
696
799
727
692
736
764
731
760
733
727
631
800
735
699
643
663
707
703
635
567
668
725
670
697
633
737
669
663
765
699
769
704
705
861
701
729
765
733
730
735
728
770
633
609
659
610
662
645
736
697
700
727
664
697
696
698
634
700
701
605
704
669
697
662
554
698
666
730
731
693
604
800
557
658
642
701
764
601
733
637
664
699
771
632
724
732
707
664
724
601
708
800
666
668
762
696
662
700
637
728
697
668
728
578
703
690
663
692
641
670
615
689
690
698
634
637
728
636
732
763
792
630
702
737
565
669
633
769
639
670
702
576
661
699
727
699
669
669
731
701
702
670
663
732
735
732
697
695
724
731
737
627
731
696
606
692
667
731
731
760
702
620
631
650
730
640
707
664
665
767
703
736
636
691
698
733
634
695
730
666
730
705
667
528
734
702
672
767
586
734
605
664
699
627
799
766
702
797
687
798
637
669
634
730
668
671
630
670
672
628
514
760
731
707
669
631
634
698
792
662
697
604
701
766
771
700
702
702
702
695
730
599
701
664
767
630
644
697
734
765
785
669
700
737
731
736
733
665
669
735
662
764
702
735
828
699
701
733
727
670
701
733
696
700
610
731
634
630
674
583
759
668
531
663
705
697
704
629
698
765
731
641
728
697
638
669
742
663
669
702
702
594
663
696
693
663
608
730
609
639
668
571
609
636
737
630
705
703
827
700
669
730
732
797
759
731
697
736
665
666
703
764
765
664
737
729
734
698
702
768
669
639
663
798
715
732
734
760
602
731
759
707
670
695
702
666
670
673
669
766
629
642
727
704
669
697
635
666
638
660
735
692
703
701
764
635
661
661
665
764
674
729
703
699
696
792
636
663
767
639
596
567
603
699
668
702
698
696
695
703
727
694
600
789
728
730
704
764
764
729
766
674
670
658
596
641
733
696
725
699
729
764
726
768
672
738
737
765
731
702
670
732
765
731
665
725
703
730
696
617
728
697
760
664
755
571
698
730
694
827
728
727
695
604
705
827
627
631
607
759
614
730
704
545
735
765
639
672
704
733
696
766
581
736
602
668
609
760
576
673
511
677
694
697
765
725
770
666
708
696
701
635
787
615
728
670
670
635
689
763
764
698
664
695
703
702
698
600
824
544
553
737
635
635
732
670
661
696
702
760
542
705
764
758
665
698
691
603
731
604
605
759
669
699
764
770
644
760
731
629
552
703
737
671
705
663
737
729
664
697
693
702
759
733
636
700
782
702
585
665
730
634
693
760
669
640
631
634
769
730
729
671
696
730
629
669
665
697
764
669
735
770
650
630
737
753
704
800
645
703
702
634
627
634
634
792
694
731
738
701
730
736
738
639
698
564
738
765
593
674
702
603
662
732
730
697
669
813
615
703
639
663
664
730
760
754
677
669
696
635
735
766
708
764
603
799
728
669
698
662
629
699
730
759
730
703
732
636
766
732
638
697
700
764
700
631
542
665
664
695
551
733
635
635
800
643
725
731
766
695
730
703
635
729
798
730
736
735
427
625
731
762
669
703
633
759
669
726
700
635
607
601
628
698
628
702
633
700
605
735
595
606
694
634
731
731
669
643
765
736
628
770
701
698
676
666
701
667
709
698
729
694
764
825
606
698
669
800
664
732
636
821
735
635
703
673
821
771
695
737
638
703
663
732
666
633
698
753
697
640
702
704
600
665
728
735
737
670
606
718
702
698
696
798
699
725
701
705
727
629
703
729
732
725
671
759
668
800
634
675
731
605
664
607
634
580
630
771
764
667
731
664
667
441
384
413
441
469
441
441
413
442
468
411
411
384
441
413
439
442
440
413
469
440
384
440
439
411
413
440
440
384
413
355
441
441
441
413
440
439
442
438
471
412
413
442
413
441
442
441
441
442
439
384
442
441
384
413
411
413
441
469
441
353
440
413
441
441
355
440
441
442
382
413
469
413
442
441
412
441
325
354
442
440
413
413
471
383
441
413
441
413
440
442
413
440
441
442
440
412
412
383
440
413
442
355
411
383
441
413
412
441
411
384
412
412
469
442
442
413
442
383
411
381
412
441
442
381
442
413
441
442
412
440
413
442
413
442
413
412
439
410
441
413
470
412
441
412
413
470
413
441
413
412
441
440
440
442
439
442
326
413
441
383
442
470
442
439
440
382
440
440
442
412
413
442
412
442
383
440
441
442
442
442
442
440
441
412
442
413
470
441
471
441
442
499
439
442
412
442
413
384
355
413
442
441
442
441
413
413
412
468
413
413
468
440
412
442
411
384
441
441
471
471
441
440
442
471
441
470
413
442
413
442
412
439
384
413
413
383
413
441
413
470
411
413
412
440
442
442
413
413
441
470
411
440
442
470
442
441
439
413
439
384
442
384
440
383
441
470
412
438
442
441
441
441
413
440
441
413
440
411
440
440
384
442
440
441
441
470
383
441
325
470
384
442
442
413
441
413
440
413
440
413
439
441
413
440
438
441
383
413
411
412
442
471
413
413
413
471
441
413
441
353
441
412
440
470
410
413
381
471
469
442
412
411
441
412
471
466
500
469
412
413
412
438
442
413
384
438
413
383
437
442
439
442
413
411
442
411
413
441
441
441
441
441
441
441
471
442
413
441
441
412
384
470
412
441
412
471
439
354
442
326
410
411
411
442
440
442
413
413
384
469
442
440
413
440
442
410
440
413
413
441
441
413
441
441
354
413
384
442
442
442
441
442
413
441
498
469
413
413
413
442
413
413
442
439
384
471
355
440
442
409
440
411
413
442
470
440
442
384
413
442
413
411
441
412
441
413
441
411
412
441
412
440
354
442
413
442
529
413
412
413
412
412
442
412
412
412
440
441
441
413
470
442
442
412
471
413
411
441
440
441
383
442
413
413
384
355
471
413
410
441
439
441
413
441
442
442
442
411
438
469
383
412
384
442
413
413
413
442
441
470
471
441
381
442
355
384
410
384
413
413
440
413
411
442
470
412
412
441
441
441
441
442
441
411
412
441
413
441
442
440
440
441
413
442
413
413
413
382
442
442
382
442
442
440
441
442
469
410
413
440
413
441
413
412
413
441
440
384
470
442
442
442
441
442
384
441
442
470
412
413
441
413
442
441
442
441
384
442
440
442
440
469
413
440
442
413
442
412
439
442
413
441
442
442
442
413
439
442
439
470
442
442
383
441
442
441
442
409
384
442
470
413
442
442
468
442
441
441
471
412
384
441
440
441
441
410
413
442
442
441
442
469
413
441
440
382
439
440
471
442
468
411
442
439
471
470
442
470
441
383
442
471
409
441
384
471
355
440
439
355
413
442
384
413
413
442
441
441
355
442
412
413
384
438
382
411
326
384
469
441
441
470
412
442
412
441
412
413
500
354
440
412
413
413
439
440
441
442
412
438
413
440
442
411
500
354
355
413
413
413
466
413
442
441
442
440
412
383
441
440
413
441
469
413
441
384
383
469
413
442
442
413
384
498
439
442
326
413
413
413
384
440
441
439
440
441
440
413
471
442
413
412
528
440
326
441
441
412
440
470
439
412
442
412
413
440
441
413
441
442
442
440
442
440
442
439
413
412
381
413
413
441
441
411
382
413
441
413
470
412
412
469
442
442
438
413
441
439
413
382
441
442
413
440
439
384
441
411
438
413
441
442
413
500
353
413
383
442
441
442
469
499
442
440
441
440
413
441
410
442
412
442
442
412
442
441
441
442
441
469
440
413
442
381
441
440
380
442
436
442
442
413
382
441
441
439
383
441
413
413
442
411
471
439
441
441
440
413
413
470
441
442
413
412
325
470
441
440
412
413
442
470
442
468
411
413
383
440
440
470
440
438
412
442
384
412
412
384
470
413
440
468
413
411
441
413
440
441
440
441
381
442
412
413
412
440
441
440
442
469
354
470
413
441
442
441
442
499
413
413
441
384
500
441
441
413
413
439
442
442
469
411
441
499
411
413
413
440
412
442
439
441
412
442
382
466
412
442
442
440
410
470
438
413
471
441
439
441
442
411
413
470
411
441
442
413
442
411
440
384
442
353
442
413
441
410
441
411
412
720
664
913
951
1564
739
639
917
832
1126
549
694
771
912
694
658
1416
661
575
751
717
662
719
861
723
1285
662
719
778
1332
585
1811
720
666
665
719
752
916
716
1503
1310
691
1924
639
748
665
1204
865
693
690
719
664
778
691
887
692
744
1509
1086
729
601
717
1165
716
580
545
1136
985
607
676
830
974
692
1011
800
999
886
601
631
665
726
665
803
974
721
971
800
661
690
716
724
638
720
1291
773
884
746
607
863
724
856
1063
686
1116
718
888
696
747
856
691
788
860
687
917
1406
1165
803
885
854
915
686
831
1144
943
938
890
1080
942
778
693
774
748
1280
577
897
693
747
716
720
730
688
690
897
1058
747
641
950
744
747
632
755
669
717
718
833
938
1398
655
634
665
521
1056
691
717
994
776
665
660
883
1252
691
1000
812
607
1056
1107
976
1194
1140
1256
725
835
578
668
1079
779
868
1084
727
725
718
998
1278
1079
861
689
1062
1195
555
886
552
906
779
781
808
579
800
1040
1001
1031
1134
1021
949
826
2156
971
1109
748
779
771
858
1144
859
741
860
579
862
746
720
688
889
895
777
685
1024
691
715
693
734
637
1562
774
783
1135
729
720
664
1267
976
806
921
717
659
831
1728
829
1055
715
748
927
607
1411
746
834
685
1142
1839
865
742
725
721
892
772
695
752
801
1866
1082
661
722
893
1892
717
1032
718
722
872
546
915
880
944
549
803
1112
638
693
690
697
1082
863
1255
886
983
1051
731
691
721
635
829
695
691
1057
801
1023
871
858
667
777
816
831
868
912
698
1369
1029
636
644
999
870
884
638
748
1500
718
632
834
1167
914
721
633
694
829
1195
1223
1253
798
1084
862
1195
772
728
867
726
1896
746
886
884
692
916
724
664
1511
943
835
830
1172
893
754
716
890
704
890
719
689
663
759
976
832
938
776
605
886
837
1169
999
831
1109
749
636
994
836
806
1194
806
659
1119
743
912
632
972
1011
1312
688
635
835
1135
1206
662
777
885
998
1168
775
552
781
1031
1287
695
579
806
718
608
865
582
694
579
722
1163
789
1563
749
1479
575
806
748
975
665
776
609
799
951
1144
689
1030
663
1145
909
693
857
747
717
758
1366
720
832
1197
717
1927
860
1252
691
800
806
719
915
858
691
726
718
757
1005
805
661
665
1028
1029
812
660
779
716
832
967
583
1548
746
719
1107
1036
642
688
774
805
944
694
721
1056
1000
830
943
715
950
658
614
775
889
919
751
918
774
662
919
690
662
861
998
799
547
746
664
1202
690
1259
861
1169
1056
690
1133
692
717
886
996
717
749
662
747
1168
860
634
724
792
953
971
1057
1087
1001
748
1139
632
784
833
717
1279
947
833
659
809
896
865
972
752
723
605
1005
693
1282
638
718
970
751
858
864
835
946
858
969
661
772
1393
866
857
1001
782
859
607
1087
777
716
532
839
889
775
781
746
925
939
661
1167
780
998
916
580
750
802
608
889
1001
914
1033
774
913
744
718
835
991
718
1166
772
1002
830
605
972
895
860
1310
665
862
581
606
662
782
913
715
1420
1310
717
729
688
692
664
889
719
773
752
805
1287
831
1160
716
781
864
692
802
996
854
721
1085
867
718
1035
940
714
858
1025
746
971
603
698
1588
687
695
803
910
1165
832
1227
635
673
692
638
829
699
797
579
1362
826
974
774
904
910
2065
694
834
915
689
674
1110
974
752
700
1785
664
690
1312
856
700
773
668
662
804
692
777
760
805
524
715
777
914
1189
635
969
750
915
636
667
584
1193
1026
1472
657
664
725
801
662
722
699
887
1107
580
756
634
668
1111
966
968
979
1055
722
634
634
972
801
937
637
1149
770
690
777
716
634
804
892
752
752
1313
1333
1025
665
946
691
802
811
667
996
607
551
804
634
1589
688
579
916
613
865
775
826
716
719
1617
690
1164
576
691
862
922
1188
631
690
747
972
1110
968
1168
1086
997
1367
688
761
947
1024
637
663
920
774
751
719
691
1022
1085
1335
690
719
716
607
803
1896
606
815
581
718
774
1444
745
750
2426
690
948
870
1253
774
658
835
746
1165
638
690
829
1112
721
674
718
835
659
815
668
716
774
717
725
612
855
889
665
911
853
637
726
742
1666
722
610
719
692
1583
1306
716
662
957
828
859
722
2538
664
1167
856
759
993
671
714
1374
856
608
607
1027
1364
748
743
911
665
856
802
843
969
916
928
721
662
691
662
669
801
579
773
944
917
1285
663
777
777
1366
804
776
702
606
634
862
1061
721
887
775
1533
808
957
1225
750
783
736
779
802
2426
1308
814
1145
890
2247
800
660
1023
918
690
724
829
888
688
720
895
745
1228
806
1027
695
808
716
1472
757
926
852
799
665
667
663
750
802
809
1311
748
977
581
746
716
776
969
916
920
717
580
915
891
947
895
775
755
640
969
999
971
1054
691
716
689
747
