568
672
758
626
625
744
1101
682
554
570
1006
1062
727
557
546
549
890
777
515
628
557
443
859
603
592
890
705
612
688
583
722
596
721
693
742
612
539
520
1091
659
592
615
738
725
687
580
613
606
713
786
763
584
656
611
719
676
661
638
771
825
668
866
530
1233
550
756
677
600
1146
596
686
684
641
1256
764
740
575
623
680
573
1007
767
1191
612
1085
713
744
707
583
594
787
522
1095
619
773
492
679
822
539
594
737
680
497
686
542
687
627
593
689
661
622
759
716
703
769
637
476
716
678
1231
788
843
694
799
746
744
681
827
557
575
578
680
545
598
560
754
1187
715
495
581
1215
522
520
678
779
723
638
726
664
784
1032
740
810
761
615
670
542
1030
560
482
694
728
593
576
579
863
488
608
800
645
685
555
684
694
730
851
850
941
751
678
616
653
541
650
606
1027
622
683
621
579
498
612
545
622
675
706
646
729
757
685
722
777
569
698
630
686
978
646
615
987
667
554
706
538
718
727
838
620
652
909
668
718
750
682
704
759
657
1085
683
598
667
792
543
681
622
641
852
657
594
709
562
543
683
576
749
708
616
566
651
704
585
646
785
722
650
604
557
794
781
699
759
542
536
659
729
714
588
739
829
587
730
597
708
607
1053
702
1099
826
708
667
648
752
694
814
818
553
775
584
723
768
582
947
663
579
537
854
685
854
842
732
707
725
667
642
754
605
707
653
675
1013
811
609
632
631
643
610
667
597
680
755
599
1070
429
641
766
788
851
580
559
847
484
496
589
720
1034
651
643
639
828
645
624
796
749
800
1096
751
665
701
641
729
702
765
687
910
592
859
833
702
756
785
850
764
690
718
762
646
522
872
689
711
761
1037
548
664
622
747
748
720
684
610
654
1094
915
585
556
572
538
693
555
882
932
761
642
481
567
759
709
610
535
580
669
903
748
750
540
687
497
693
521
529
557
684
823
658
657
714
665
745
652
748
566
571
513
592
678
685
703
566
756
562
617
784
583
542
629
670
698
572
515
713
573
581
608
578
887
611
692
1038
614
543
596
722
537
666
576
644
582
512
574
539
807
637
1030
537
1014
587
561
571
560
723
650
730
825
728
711
772
667
698
653
699
534
613
686
594
710
739
499
659
725
637
596
721
696
607
717
552
808
722
650
632
655
568
564
745
508
652
703
813
583
634
624
536
653
862
825
550
648
602
726
1002
654
563
493
556
540
647
682
663
686
609
676
611
585
714
587
620
683
666
558
910
511
631
693
672
759
1133
741
640
657
729
574
562
676
582
731
633
597
718
627
578
623
747
901
525
686
772
547
657
653
646
829
674
752
767
708
477
655
534
623
699
946
642
561
677
697
585
565
719
581
1258
694
934
628
1200
570
1203
628
669
655
756
672
639
695
721
598
545
770
775
665
729
656
625
519
709
678
514
593
677
534
549
716
718
632
661
635
689
523
682
686
730
685
601
629
684
592
838
652
683
515
616
530
802
776
855
841
568
780
751
648
656
671
494
757
683
681
626
587
704
766
1161
817
707
601
615
622
729
725
695
576
632
601
499
726
642
656
567
564
660
665
560
699
578
631
606
724
672
673
507
624
684
545
652
676
543
1158
688
547
700
559
1077
528
662
647
785
673
489
676
624
664
565
841
478
590
1106
540
721
710
651
985
639
640
639
853
653
735
666
487
608
740
936
765
538
663
688
622
486
1148
451
628
656
465
679
594
803
664
611
761
795
678
858
982
700
584
597
735
649
999
744
668
569
618
662
573
481
755
590
661
762
601
764
683
717
592
554
732
572
553
732
1179
708
1113
1032
629
589
635
605
533
466
619
733
642
682
641
637
630
686
626
1116
612
687
739
543
794
548
506
612
746
803
611
546
502
732
729
592
506
698
696
714
507
628
765
568
831
682
723
770
668
425
772
671
624
606
748
790
741
753
607
707
529
711
681
552
1200
495
560
736
871
597
692
786
645
598
633
605
553
694
551
588
953
513
794
677
788
677
567
561
692
626
649
747
702
668
587
630
630
674
673
824
622
711
576
850
944
533
740
698
717
687
642
746
648
576
642
549
659
713
658
655
727
668
697
543
672
644
674
537
640
670
694
824
865
574
1128
606
734
661
556
804
717
674
596
818
557
534
863
577
983
654
606
745
558
708
669
607
1024
617
737
602
639
606
790
662
638
943
1060
570
594
706
616
616
602
668
635
772
608
510
963
783
598
815
830
437
755
598
551
580
587
909
653
718
781
592
636
650
596
780
728
808
587
600
562
514
649
566
817
652
640
604
665
713
644
463
720
687
613
873
745
750
710
936
620
832
897
783
759
866
756
754
757
748
1049
596
888
958
751
619
676
852
742
844
675
673
647
844
742
752
714
735
876
553
898
820
999
717
765
837
837
679
776
743
975
871
727
767
645
941
671
1019
683
759
744
774
807
900
681
940
882
702
830
596
1019
869
736
1041
941
1051
976
775
681
716
796
750
688
637
852
829
812
676
637
1029
1091
850
1039
968
748
833
1131
673
913
641
1174
689
644
951
1173
743
1128
716
766
741
664
757
744
852
850
1141
739
820
798
603
764
874
688
769
811
855
556
754
853
916
904
913
770
853
901
634
930
731
768
606
841
958
707
825
755
951
663
967
823
695
795
693
739
824
1073
749
717
937
781
928
619
895
820
831
852
570
666
922
992
729
687
976
767
825
593
1008
751
681
842
678
766
736
901
768
1040
886
900
783
830
671
694
764
859
1040
767
732
836
992
755
633
838
750
777
758
951
835
749
748
1045
906
742
876
862
1019
856
817
636
862
695
564
820
689
821
670
702
920
925
837
675
698
811
831
1068
761
1152
624
675
768
886
877
841
682
648
681
692
684
836
765
930
753
808
659
739
665
937
908
830
772
863
979
772
584
899
976
753
720
743
824
934
911
877
920
765
1000
665
902
830
1007
813
929
996
705
872
736
1241
985
725
1025
891
831
740
809
749
954
1002
856
850
691
773
838
689
926
862
917
740
677
1075
922
808
635
861
944
875
951
989
1103
850
799
794
614
793
755
762
667
922
670
827
780
914
632
890
621
721
979
646
745
670
752
649
939
674
921
841
805
702
802
1029
815
1125
853
895
725
900
1045
1080
1085
798
1016
641
924
980
842
756
968
955
829
867
763
849
762
706
1134
901
741
928
989
662
904
886
706
935
1139
946
1105
740
1066
843
753
917
896
872
606
588
999
752
661
1028
879
612
646
601
1163
885
660
562
848
1043
752
631
746
684
620
756
777
752
809
742
753
749
643
667
1061
1057
772
784
865
901
899
763
1080
820
756
575
549
765
680
889
651
926
858
743
928
740
832
998
616
799
900
646
800
819
833
869
708
544
958
891
899
615
767
906
774
793
925
1003
818
860
827
739
742
903
1096
746
758
918
671
720
735
760
1144
759
801
799
782
766
945
1042
1016
823
894
740
884
932
1036
972
543
973
868
818
762
800
789
783
718
740
730
1120
754
1165
993
1016
941
744
685
674
629
841
656
736
854
939
669
754
1000
873
662
891
631
959
853
755
767
815
977
1048
939
657
832
1068
596
907
670
742
752
913
1092
824
844
744
566
734
682
843
924
832
942
1026
751
866
888
940
643
765
917
1048
677
888
905
783
663
1058
1038
859
1128
915
931
776
686
741
826
906
1089
976
1135
762
720
657
741
823
692
594
823
665
909
772
637
797
768
629
616
858
639
749
1080
821
940
936
671
747
911
899
645
1056
980
890
865
804
824
747
637
832
838
805
992
608
682
758
718
770
831
631
550
1129
1006
684
916
723
694
888
933
766
1016
877
678
871
996
625
717
914
909
676
885
786
1280
822
832
963
635
987
700
752
894
912
943
765
812
760
976
654
1017
753
737
549
920
839
713
868
904
754
626
633
693
773
582
787
679
959
915
821
758
735
771
762
895
666
605
711
674
1173
764
813
694
910
578
603
697
766
673
1061
1002
838
741
924
1194
632
625
849
856
777
681
648
856
945
739
719
735
850
975
951
692
764
873
986
729
1018
837
648
767
630
585
1077
836
900
1031
904
733
1400
748
923
871
1033
700
743
834
891
666
639
1225
976
874
1153
677
679
984
923
695
746
675
599
623
742
961
758
913
882
782
938
821
635
818
889
861
963
674
905
573
634
708
758
636
848
1302
617
890
721
936
611
652
892
929
708
591
765
526
918
846
822
751
774
812
682
653
928
721
981
757
645
892
870
760
664
820
694
739
660
1016
894
1047
623
582
803
774
760
726
981
740
753
672
881
897
744
812
896
993
1013
1087
817
815
749
1038
687
575
821
1045
746
741
1006
692
1119
815
635
762
830
1078
822
870
767
910
872
685
738
788
936
957
669
907
799
998
820
759
646
674
679
884
909
829
883
915
896
758
712
713
544
845
1069
829
961
785
794
911
822
631
824
791
960
796
727
644
742
1119
993
751
704
1095
860
748
813
884
625
669
596
642
877
964
1054
806
895
1074
999
844
739
1061
760
573
900
820
777
857
972
601
872
980
1097
621
848
820
922
816
739
809
970
752
980
659
1255
1054
672
855
1019
607
982
754
640
940
946
651
985
558
588
707
838
603
922
600
749
651
929
840
756
605
774
759
692
830
915
869
989
839
839
999
984
733
801
680
664
746
751
974
972
751
674
750
838
1001
875
735
830
837
647
705
550
552
626
546
649
499
687
535
592
682
509
608
663
604
689
428
542
505
524
654
592
631
689
565
531
650
571
503
710
477
463
662
501
610
636
586
771
676
550
642
688
638
639
604
645
643
521
747
598
485
614
567
604
674
726
496
600
537
541
588
678
626
700
566
519
584
661
603
542
561
654
599
605
698
619
574
520
598
647
537
635
720
529
605
626
675
605
590
600
681
606
530
641
686
619
666
570
651
682
548
634
586
667
584
568
516
629
610
562
512
590
665
595
660
748
607
529
652
708
572
608
680
617
682
659
605
663
545
528
560
574
599
638
616
589
623
642
619
647
496
585
520
649
591
680
564
663
654
570
660
476
619
646
485
586
587
550
626
583
572
545
615
621
695
590
681
668
642
607
532
616
588
563
547
510
690
687
583
538
547
604
562
608
656
569
620
560
563
672
623
629
565
581
582
666
692
589
637
651
575
648
662
616
496
626
583
653
591
555
649
536
520
644
565
643
541
562
540
695
587
717
624
568
515
756
555
612
621
600
558
526
602
549
637
566
596
557
597
568
551
542
599
500
701
564
724
626
666
607
588
611
605
587
678
498
551
661
523
639
612
728
588
573
686
525
647
488
671
696
599
640
665
663
560
581
634
608
664
566
602
673
594
624
734
549
548
646
618
630
649
579
551
613
580
611
607
693
646
632
610
615
554
560
569
581
579
576
571
521
528
693
522
566
611
685
563
714
703
713
603
651
678
501
641
614
634
525
577
560
615
490
621
652
549
649
541
603
609
632
646
568
644
578
685
535
614
576
546
550
673
565
544
543
643
494
645
515
469
644
714
553
750
660
729
561
586
584
578
647
573
578
620
613
686
651
743
642
554
714
574
632
551
526
649
698
646
581
611
476
706
533
704
584
596
486
646
772
556
480
600
593
570
647
640
583
509
570
687
661
519
682
665
762
520
562
611
606
571
626
763
529
527
612
596
647
551
692
684
555
535
594
601
634
623
527
516
520
704
452
554
538
475
649
514
690
597
680
561
523
509
604
531
648
675
621
502
575
468
589
659
745
544
555
605
679
582
606
678
660
703
577
612
631
607
584
638
702
636
569
686
597
684
631
635
656
542
703
621
719
595
524
652
649
578
575
560
699
663
603
615
605
602
567
632
550
531
670
537
667
583
590
503
653
506
579
610
650
644
649
590
544
592
532
618
705
587
609
593
743
634
623
582
515
539
667
640
642
588
625
592
574
629
537
510
601
480
620
562
575
540
686
561
718
620
642
625
631
681
578
589
578
777
716
621
521
519
655
680
662
669
527
602
710
695
582
608
584
597
531
601
519
532
559
545
519
634
536
556
530
522
659
577
633
608
585
555
633
588
602
633
610
549
656
642
525
655
635
631
586
563
656
688
643
679
578
566
765
639
628
637
586
600
605
522
684
643
481
515
575
683
559
508
656
524
686
663
638
669
624
741
578
541
565
712
517
601
566
582
669
581
602
600
558
627
582
579
572
667
587
682
646
563
533
616
556
568
667
535
587
500
454
682
514
557
546
593
506
567
642
489
580
660
488
726
554
604
591
538
649
624
551
584
674
516
562
584
490
546
587
643
594
531
655
565
545
469
657
640
670
586
641
655
624
571
543
526
639
592
582
573
501
542
720
602
679
555
641
622
619
643
758
546
694
658
681
542
730
549
681
591
684
634
582
758
698
651
668
752
759
545
639
607
652
680
546
604
630
759
560
623
559
603
530
558
558
558
593
642
527
493
622
644
637
597
572
587
629
652
655
662
522
556
610
544
514
613
597
522
638
586
632
516
624
527
527
606
633
635
718
698
587
690
636
649
646
651
577
587
616
594
614
702
589
565
436
663
569
547
477
617
608
597
695
607
607
681
666
653
584
646
634
627
759
673
591
667
529
605
638
658
634
662
545
671
651
669
667
509
572
645
536
591
635
556
594
580
510
521
674
561
544
534
539
672
544
632
674
637
565
566
611
596
574
659
658
525
608
691
755
718
547
575
552
515
726
653
673
646
652
637
643
656
587
564
626
518
546
632
602
723
663
704
559
706
629
526
534
709
655
596
651
560
546
574
613
554
690
667
707
562
600
664
641
534
593
499
682
477
704
592
651
543
483
559
672
562
555
564
649
543
557
567
527
485
596
795
459
694
591
553
557
650
509
593
552
504
638
521
539
684
600
569
518
617
615
627
597
683
609
517
590
487
546
632
580
545
654
666
534
592
653
521
724
506
703
574
741
708
779
615
601
565
635
646
641
559
678
630
492
684
12312
7517
15073
13812
1446
18845
20298
16582
23790
15570
18962
16309
23435
24719
17701
25535
21189
24795
16682
22438
20371
18275
20672
20409
15626
27991
17217
20767
14469
20249
9947
14729
17749
13367
28023
23909
24815
17675
19772
14557
10993
24199
21490
17587
12524
20910
13825
26919
18994
18673
24834
19290
24663
16242
17161
13811
4461
16307
6366
22413
22063
4440
22507
23436
18053
19744
11839
15127
20439
22493
24094
16124
21664
22368
21823
22674
25202
15697
21516
21846
23735
12655
19882
8392
13445
26022
18274
26630
19512
13620
19817
17524
18884
20657
9303
20440
21686
26727
19371
24213
20295
21435
25582
16275
22464
14556
22995
21321
15073
23783
21408
22804
20650
1657
18955
20360
23764
16627
21292
19858
17858
22274
26731
19044
6348
20800
22943
19439
18638
21903
22341
21702
17596
25550
21501
24560
22274
17874
27686
24016
17617
23703
20418
23570
22107
14612
22354
22751
22524
12541
13740
21485
27206
17534
19638
19547
16862
20939
23470
28566
16770
11447
25012
23277
21684
13636
21738
21081
23435
26023
21904
20182
28077
18375
20573
16926
20294
18781
15586
16948
5355
18322
15671
25784
17325
16070
19397
18029
20251
18090
22007
12518
4071
18635
13260
15970
27542
25725
23350
20692
22485
14325
19430
15473
22835
19205
24431
20714
22836
13329
22833
23057
25092
18513
21613
24701
16409
24290
24507
17198
18217
15131
5098
19510
21826
22824
22536
15582
18675
19942
10769
21823
10993
20783
21120
17946
19984
24169
25582
19619
20291
19948
26798
24477
18195
23039
20547
21563
17074
19134
13734
22679
9139
21040
17279
12376
22314
7686
21531
11923
23311
21021
21106
22765
25730
24414
12675
20626
16810
2960
23054
26650
22377
25732
21110
22595
23474
22441
19929
17815
24435
15847
25723
18844
21405
16484
19453
23122
16457
19158
13942
21395
24480
3369
1879
12731
26787
14884
16357
19151
17148
12274
23774
19336
5068
16093
21235
24324
13684
16852
25877
18371
17338
12499
23921
22371
24181
25335
18049
23664
19163
16959
19312
23495
18064
29188
18196
19292
17375
17981
2575
23166
14165
18673
22494
15874
13749
23177
21176
21078
19185
22202
11486
6142
26130
18981
18501
7470
25350
9804
21690
16165
24904
21914
14997
20298
18811
14544
21645
13060
21872
20696
21755
24629
23881
22613
20273
16113
25114
15978
14645
15707
18114
11071
17068
23568
28331
22560
21898
27801
21867
18101
22621
19314
22091
23471
15486
27055
17906
23255
18386
18256
15444
15783
20032
23052
29414
8141
16098
14078
17661
19736
24410
27885
21455
17553
19299
21366
28638
3888
16224
24891
19595
16398
13448
14307
22231
19787
20645
13588
20022
16530
23810
26373
17223
25694
23465
27221
25333
10075
15909
20851
21768
14530
27639
21705
17087
20022
24469
21037
24623
20634
20511
19196
24791
18890
24542
18132
18468
14843
3048
28499
14954
21260
21789
21157
20344
15242
17121
17103
20818
12574
15963
18636
18911
26362
24953
21856
12175
21015
21905
19298
16678
12167
24501
22178
21258
18345
24271
19363
19487
21804
22265
19433
16162
16134
3605
16815
23445
22248
7875
20826
19201
20194
22501
14526
20610
22670
5141
21340
12160
18060
3771
21813
20814
22489
20493
24247
19510
18772
21676
17491
21751
1462
17882
18528
22043
21333
20688
24011
19060
22059
17730
17876
17164
20082
25462
27023
17223
28299
22427
17320
22148
21752
21780
21051
21136
19978
20202
18357
22377
24211
3529
19481
17219
15116
15666
17558
19098
13594
22154
17096
23778
23492
25645
24038
26465
17811
23878
22674
23323
3533
21497
23164
17388
14115
18595
18324
15348
23609
22234
20286
3525
22366
10306
14352
27556
21477
21068
23131
16403
17570
18266
3428
22987
22645
22233
17508
18350
21852
24966
18281
19102
18039
26623
23075
17111
18864
26077
21631
20345
25418
9588
22542
21695
18824
17570
16581
12043
17284
22859
19961
16389
29188
17892
14865
21282
23839
3034
19863
17672
20021
25862
22735
21791
17774
15436
23757
16994
17200
20825
18997
17797
5621
17679
17046
15445
12446
7825
23038
18267
18261
17585
28051
17545
18385
23090
19429
25143
16993
14594
16679
22491
20094
20336
17983
23163
22625
6156
15553
18718
25101
13030
19844
26512
19488
1476
23110
18226
25539
21433
5043
20626
22725
22969
20142
28176
16707
26860
15598
21437
23951
19531
18534
24577
16357
11605
20612
13090
28193
23408
19927
19086
16999
19353
18522
4786
18505
17977
18067
5138
14388
20028
20589
13432
18536
23090
27120
22203
20268
20700
14621
17241
22071
19691
19176
18018
22172
17921
19860
27087
19266
2612
16871
21896
22509
16727
28530
18791
18685
18440
21116
16366
27794
20364
14264
21937
20218
30752
19344
19878
25451
20854
15289
13307
20686
23857
26155
19391
1420
15612
16277
16361
27556
11278
15466
16986
15176
20962
22631
19874
17949
20612
20745
19173
17691
19569
5905
23097
9234
25654
20553
24669
23395
24001
20891
20233
19948
21130
23647
20185
16618
23480
23072
19311
17733
16431
18645
24590
15041
33488
11040
22435
10498
18504
24783
24751
15866
27126
16069
17695
10061
19233
22502
25273
16845
16287
1414
33670
14238
23699
12580
15407
20135
20374
18234
23764
23687
28784
21839
17688
15404
25712
15599
23724
22699
22437
12892
22154
27845
16852
17495
23462
2877
21912
17515
16781
23705
19899
29737
20332
24418
21956
19815
25075
21024
15355
18355
22412
17596
18597
25212
27864
12436
19393
19260
16512
15751
15734
20664
21941
20132
21388
20864
16318
24362
22562
29959
23351
19028
18977
15005
21805
22805
31250
22081
16938
19975
26541
24799
4716
23221
21639
16291
24607
25863
21343
20737
17319
19886
25525
20204
16482
16235
18911
14089
17938
17145
26068
30135
23116
18891
19884
21163
20834
22942
25601
26593
20074
22709
27588
16701
29722
19004
29854
25202
26548
21573
20375
22617
15865
19236
11811
25485
21311
19922
21253
9164
16566
18863
24469
16604
17657
21059
17655
21487
13746
21276
23153
20718
6706
25050
11023
14427
21192
1701
15943
17846
26735
20103
16824
27829
17531
19616
21445
6819
17825
20357
19612
18147
17860
19841
15988
21802
13943
13429
24926
15389
19627
18710
18063
19759
19154
16425
15572
17502
23377
22993
8092
26138
24611
22837
18849
35396
16203
21390
24041
6261
10542
21248
8608
27837
23925
16306
18171
18654
26999
16179
14071
19137
