211
172
205
172
267
187
175
85
183
175
197
124
180
167
181
166
158
191
182
155
123
131
151
186
176
114
156
145
175
245
169
161
136
241
178
158
166
177
210
172
174
158
145
166
215
150
184
146
118
282
222
133
120
182
155
181
295
137
158
196
146
165
200
194
228
215
102
158
151
138
196
148
109
142
249
157
185
143
169
171
107
193
195
137
168
223
182
128
165
190
121
88
163
191
114
181
151
203
188
186
87
225
155
134
139
154
200
195
191
181
144
153
152
202
206
121
143
206
143
164
150
154
177
116
171
126
198
185
167
132
194
129
244
232
156
181
148
203
191
151
146
169
194
166
194
212
192
152
171
139
109
177
147
143
182
251
197
131
184
204
138
159
222
159
222
177
152
192
170
182
150
176
83
181
122
153
149
174
208
123
247
144
187
195
148
222
179
171
288
226
136
160
147
170
185
197
150
197
152
141
141
212
163
148
164
98
155
158
161
139
189
181
154
166
182
137
160
180
131
183
218
175
216
167
160
156
166
125
176
154
156
222
179
133
157
160
156
195
153
197
181
154
152
163
177
177
211
123
130
201
213
123
174
124
157
193
157
129
143
158
162
181
175
88
219
224
228
175
174
140
194
224
174
161
116
190
169
139
133
194
171
134
163
175
294
171
141
150
131
127
195
182
164
149
143
134
177
144
168
167
220
222
175
146
184
192
198
179
178
113
169
119
127
192
154
146
181
206
257
187
167
190
209
168
167
174
219
173
192
175
152
111
187
206
147
138
148
224
165
131
162
173
188
181
181
164
162
193
180
156
144
152
148
214
194
193
192
214
176
182
208
154
194
257
180
136
261
85
194
187
156
208
134
235
175
133
189
160
191
150
181
131
224
163
136
187
188
198
210
173
110
150
142
169
113
141
220
189
113
188
181
152
179
193
223
168
178
164
122
132
136
145
154
196
264
192
177
185
150
123
187
178
158
176
208
208
161
145
134
162
161
205
194
114
193
144
154
166
206
225
122
114
251
188
177
173
184
177
206
184
246
212
265
157
294
197
131
150
118
128
137
131
149
146
90
207
107
209
224
159
139
183
256
160
144
204
178
149
234
179
239
166
197
145
189
251
168
198
206
135
164
213
146
150
143
134
125
165
135
150
217
186
210
238
232
145
193
176
178
162
189
102
190
161
136
172
180
170
223
116
120
150
148
164
169
189
143
163
112
135
175
154
230
169
118
226
274
155
118
219
143
193
189
170
182
224
139
216
107
142
196
178
223
165
169
150
198
202
186
204
191
174
160
173
222
280
148
217
186
128
212
200
181
128
187
192
183
160
158
169
128
147
180
168
140
103
183
214
174
180
141
145
138
201
114
237
242
153
136
205
253
142
185
97
207
169
186
204
138
199
153
215
149
128
180
171
153
221
211
135
143
134
202
152
222
177
181
168
205
180
199
149
191
161
180
114
146
135
173
179
221
174
204
214
159
160
144
144
177
218
171
136
133
317
178
196
175
205
235
206
196
145
194
160
164
139
142
147
196
134
103
211
261
176
172
185
166
207
182
125
166
136
215
137
87
129
218
104
193
189
167
136
176
240
157
171
181
118
134
157
152
192
149
163
162
134
188
233
177
152
191
132
191
175
94
143
169
159
204
345
133
174
185
153
144
189
207
180
211
157
154
175
110
120
209
192
202
140
190
159
167
144
145
132
205
147
133
110
158
230
98
193
197
242
182
167
207
139
178
164
141
142
154
290
120
171
150
169
181
192
187
133
197
158
184
190
174
169
167
168
147
145
140
162
311
172
177
143
197
149
155
188
118
254
185
135
166
134
179
154
164
152
185
135
197
207
150
148
212
131
187
185
137
260
182
159
189
124
157
171
145
181
162
103
172
162
199
151
146
210
171
115
145
151
168
129
109
177
96
213
164
188
267
127
133
187
95
262
205
177
163
185
115
191
243
210
184
134
189
145
176
138
152
170
154
210
175
155
146
178
109
176
134
246
130
139
140
157
223
227
131
157
155
136
126
142
196
192
155
178
218
130
164
259
118
179
165
178
182
252
170
168
184
208
197
164
153
144
196
202
175
123
194
154
179
152
191
131
183
188
149
203
142
145
112
146
134
265
229
184
186
211
162
127
272
161
167
134
167
128
237
190
149
130
160
177
146
203
169
192
215
175
218
128
164
242
207
267
137
144
145
125
205
217
206
194
141
192
163
238
141
120
209
185
162
186
128
133
193
201
143
160
200
199
147
157
182
212
189
135
165
138
156
130
178
188
169
221
110
142
333
204
332
315
316
269
230
205
313
207
260
200
205
248
260
206
249
324
257
255
243
198
269
272
249
254
268
297
262
328
201
207
207
268
254
260
266
311
281
200
249
255
311
303
312
259
244
203
245
226
253
257
333
262
277
263
267
138
251
316
297
251
189
204
328
298
186
271
202
253
310
209
262
197
274
268
254
261
320
265
315
267
306
214
203
317
224
271
193
257
250
197
198
317
257
262
188
263
259
201
149
253
262
254
206
259
259
254
291
324
211
190
202
244
326
198
290
206
270
309
238
258
255
185
258
255
204
322
247
208
265
189
306
261
257
264
263
253
197
332
252
245
302
260
264
203
263
217
268
309
140
261
263
188
219
270
254
195
264
317
253
188
219
262
248
258
322
271
273
313
252
266
245
206
238
271
273
202
327
145
260
206
268
322
250
275
309
243
259
219
193
305
261
314
311
259
201
214
238
196
263
286
261
304
323
186
213
229
263
203
250
205
251
266
268
326
255
257
262
196
259
255
260
202
262
323
255
251
307
255
202
279
321
259
268
263
205
311
199
260
320
260
254
210
325
319
265
297
216
314
189
267
205
328
250
309
193
242
246
318
332
251
256
199
273
257
257
228
324
202
194
281
309
236
299
321
271
145
154
269
268
194
211
316
286
267
243
206
267
199
269
258
262
317
246
202
253
332
196
214
204
313
230
255
328
319
191
260
254
143
228
189
205
250
312
295
202
324
216
275
191
321
319
245
256
244
317
267
243
257
247
198
309
261
303
189
254
266
263
314
257
248
214
202
311
249
261
164
211
259
267
213
258
274
330
244
257
269
210
260
331
313
236
328
253
242
346
205
143
277
225
270
202
271
256
255
325
278
315
330
253
245
263
204
275
258
274
266
324
259
148
230
325
260
142
318
263
199
308
261
202
215
267
311
279
202
317
192
196
150
156
211
201
269
338
326
270
319
256
185
258
247
259
326
273
335
249
251
255
256
246
266
273
196
267
199
306
252
271
267
210
218
282
317
253
182
245
275
261
269
277
317
367
200
367
215
233
247
252
263
198
199
195
206
218
340
144
223
332
266
205
256
199
328
271
205
203
262
224
228
297
263
266
325
260
288
251
267
229
257
258
269
249
256
264
256
309
242
246
318
222
318
291
346
264
259
213
260
321
208
329
193
324
233
275
307
318
252
343
151
251
261
274
263
201
316
317
256
257
244
219
197
225
207
264
316
269
253
311
249
259
280
256
273
326
322
256
339
204
194
320
255
320
272
278
204
254
314
312
224
257
245
319
332
307
211
253
334
251
264
233
301
253
249
203
249
258
203
207
217
187
161
271
275
204
214
278
267
268
341
321
269
188
207
245
256
336
210
277
257
272
252
267
204
197
266
257
254
207
154
282
197
269
311
257
275
204
316
321
260
306
265
262
319
264
269
316
274
278
314
221
262
257
276
200
201
248
288
260
319
320
207
258
269
188
262
311
201
308
271
199
247
254
254
248
293
276
200
169
252
260
249
284
256
274
200
258
146
202
329
207
264
256
265
217
269
200
242
267
194
255
256
266
250
186
217
274
236
269
308
267
196
251
312
263
262
200
189
200
259
251
272
208
210
257
263
223
276
201
208
272
255
268
270
195
150
311
265
197
373
244
257
311
254
259
263
320
257
214
207
208
248
248
247
283
198
268
318
320
196
309
250
201
261
258
194
250
246
259
267
244
270
204
275
261
315
311
263
184
264
199
318
247
321
304
244
200
307
284
204
206
243
328
280
313
326
317
203
255
262
312
255
203
272
307
201
303
201
314
207
245
318
148
276
205
308
259
314
311
207
265
279
263
298
150
205
305
315
265
185
267
316
210
236
263
330
263
200
262
262
197
309
278
149
271
268
268
209
324
258
251
260
255
137
252
196
200
257
254
352
278
216
264
202
305
258
251
323
308
311
174
309
260
217
285
274
256
313
262
259
264
147
256
241
330
267
249
302
256
265
187
203
206
261
196
198
247
244
323
256
258
256
190
259
262
262
151
259
276
264
328
249
219
257
261
248
273
259
319
332
268
208
170
282
206
212
252
254
258
260
275
257
222
207
324
213
308
198
256
291
303
205
251
247
203
204
316
305
319
266
259
285
323
292
211
327
272
311
204
256
266
245
261
249
317
275
269
256
224
256
228
290
294
257
316
257
321
325
209
262
146
267
195
206
273
312
220
257
255
334
267
195
331
229
202
316
247
251
250
322
258
252
278
278
258
257
213
326
218
196
223
209
252
252
224
254
268
320
199
250
101
96
100
123
131
112
137
107
106
90
114
103
90
109
122
94
103
132
93
112
105
127
84
120
94
121
85
121
117
107
141
91
114
112
121
100
112
105
84
114
104
139
114
123
126
110
109
92
127
107
89
135
87
104
84
104
80
78
120
114
100
114
94
110
109
96
76
109
118
129
106
102
64
120
105
74
124
113
96
91
100
100
135
83
88
107
116
97
99
96
105
126
111
101
118
107
111
111
74
94
77
108
95
108
124
113
137
112
103
123
99
125
117
99
97
131
119
102
114
115
133
120
95
106
123
119
115
88
122
105
103
120
115
92
107
115
102
105
104
101
92
120
122
118
116
87
106
89
89
133
113
98
74
100
75
126
130
115
97
110
128
99
114
107
123
100
100
129
91
117
130
90
106
109
99
108
107
86
109
66
91
71
105
93
92
69
116
116
101
92
96
101
105
113
126
128
103
128
148
92
88
111
108
111
79
121
97
104
120
129
109
95
88
104
97
110
115
111
126
92
103
98
86
109
97
126
114
140
102
109
89
89
117
98
96
118
108
116
92
120
111
120
118
96
103
117
105
124
97
100
124
102
107
109
107
125
90
128
102
117
122
120
114
113
83
141
95
110
127
105
108
117
118
106
135
123
104
120
59
119
123
103
124
127
118
100
126
95
103
96
77
135
66
123
108
104
129
116
96
125
98
106
116
111
98
103
72
100
103
106
111
90
107
95
110
111
106
95
85
76
108
115
116
115
103
126
109
103
103
90
143
103
116
118
129
118
131
109
111
117
112
107
130
107
113
106
77
82
83
93
89
114
98
97
112
111
128
107
85
89
85
101
123
97
100
125
121
96
110
108
102
118
128
96
111
115
97
120
119
89
132
126
94
101
98
87
104
97
117
114
68
132
103
135
108
96
79
93
106
124
109
78
98
107
111
94
97
125
95
85
76
98
110
97
79
107
114
123
105
122
122
130
116
86
98
95
113
118
115
121
102
125
130
129
81
109
134
100
80
90
101
100
106
102
136
109
111
96
104
80
129
86
125
97
113
113
111
110
131
114
110
105
128
116
117
90
108
67
117
99
113
96
130
130
106
97
111
120
107
93
120
95
99
97
108
135
109
94
97
120
102
75
108
82
122
129
130
143
122
114
95
119
118
125
80
102
111
105
107
90
119
109
116
124
81
87
108
79
105
66
125
126
74
133
118
107
128
123
105
113
88
118
100
75
92
103
122
92
110
104
108
114
106
101
102
100
108
83
133
101
83
109
110
114
82
87
117
104
119
114
116
88
111
102
122
117
116
75
109
105
90
98
114
108
98
102
94
82
83
78
119
130
111
115
105
103
116
111
101
94
107
144
108
101
140
131
91
84
88
115
120
104
124
113
85
91
119
100
103
115
115
110
106
111
99
130
98
119
121
124
121
96
83
70
87
80
126
90
112
109
85
96
114
102
104
91
121
112
105
134
110
81
112
131
127
98
109
116
106
116
100
105
137
106
94
122
82
107
131
100
89
115
86
119
102
111
87
100
105
91
82
91
122
109
126
96
95
126
103
124
86
117
89
101
119
87
91
131
127
96
103
100
104
95
126
98
104
97
115
105
126
117
74
90
107
118
95
95
114
115
99
86
100
74
89
96
111
121
98
117
129
89
109
112
118
95
110
137
119
80
121
122
101
91
126
80
110
97
129
107
122
130
101
123
112
142
93
118
132
122
117
118
97
127
124
116
108
96
126
111
78
87
123
133
109
127
118
129
117
102
105
126
108
105
96
104
92
89
110
105
119
99
106
114
117
136
105
97
99
104
100
86
63
110
102
111
96
110
112
94
118
114
91
127
92
102
110
114
93
111
95
120
100
100
91
121
112
121
100
107
114
116
111
115
112
117
90
66
97
113
122
107
84
120
97
122
98
90
94
134
109
118
94
112
125
101
122
110
111
119
118
128
115
105
83
143
99
106
74
107
88
123
132
107
75
105
115
122
123
122
143
116
126
91
110
100
88
97
71
115
108
119
109
104
103
120
117
108
80
101
101
122
114
122
90
85
105
105
109
89
105
100
107
113
106
86
109
94
96
95
87
118
86
102
103
92
119
96
103
121
136
83
101
102
111
125
108
140
110
106
94
96
109
130
126
110
98
121
81
108
127
109
99
103
93
102
94
119
100
105
114
107
116
106
95
110
124
107
79
119
80
95
128
120
100
107
101
97
101
118
86
108
95
79
127
115
126
142
119
120
99
74
97
99
116
116
97
119
126
113
97
101
107
110
119
107
98
114
106
100
7891
10634
4554
10651
9098
9079
9329
8004
9602
10205
10831
8262
6741
8745
7189
7014
8849
9088
1649
8965
13239
10658
9287
11330
3981
10503
5500
12986
11558
3094
13285
7985
6039
8336
9115
6479
11362
2519
7512
9585
11415
10656
10947
13284
10249
10635
7199
6686
10644
9348
12091
13289
5255
2854
6251
8549
3878
8008
13273
12405
4571
8190
4753
1396
9933
5287
10636
13269
10634
12764
12509
8784
2395
7509
4404
8571
9660
10625
8554
11178
2090
7327
11465
6021
8680
8838
10208
2699
10609
1756
8121
5885
8450
11044
13285
8742
11661
9195
5729
10607
2537
2573
2518
4769
8008
6157
10541
9542
9250
7922
10629
10652
10636
8690
1950
13276
12021
7742
11150
13286
13277
11699
8193
13285
11486
6390
8824
10545
12792
12306
8898
10644
8739
2184
1763
13253
2513
8211
9378
6362
1618
12170
11988
10647
8843
2116
12936
5699
12600
12159
10659
3113
2277
5036
4553
9768
11512
10170
11390
10809
10644
4982
10772
8962
11294
8446
3145
10649
1691
11139
8239
9603
10650
1813
4458
8061
5844
6852
4677
899
4367
2226
1887
13200
9940
3258
10746
12826
11552
7442
3566
1431
7871
1298
12796
13274
10997
12462
13292
7336
10619
9236
11825
13244
7965
10626
8756
5684
8579
13289
10892
4129
9100
2671
10454
3990
9811
11207
10640
10614
6408
8061
7465
10629
9409
7200
11879
10652
12225
11506
7832
4979
10833
8904
6392
13252
7991
13267
8662
9861
12630
5777
10424
8224
1865
10815
8261
12075
7954
4581
10642
7504
3707
10139
8146
10915
8538
13270
8351
12171
8350
12550
1318
10628
9201
10656
6061
5653
11887
5494
10626
10624
12280
6552
11518
13266
12877
5381
1828
10303
12880
4890
10962
12210
7033
9671
10650
4775
10627
10636
13242
10647
3510
13258
1919
2603
13274
8678
10617
8348
6534
8113
13276
1791
4226
13246
9650
9456
1759
5375
6015
2092
4869
3426
4456
5420
10644
9796
3594
9613
12823
11962
11189
13266
10625
10655
9880
12530
1781
2306
11885
13260
3761
11235
12393
8022
13285
10517
9122
2152
11705
9799
13289
8686
7484
3105
8363
5880
5841
10646
9215
10611
5827
5966
10185
10629
13042
6454
5824
1026
5591
8219
8245
5114
13210
10656
6485
5437
8009
4065
4585
11753
9579
4092
13255
7613
2341
10771
2412
6266
10655
13247
8172
2257
9686
8731
9425
4894
12606
11217
5323
9146
12037
11571
8022
13256
3857
8371
1794
7364
8796
3815
10358
8516
2933
2779
6911
13269
2410
2932
5699
2408
8213
10660
5725
10231
8206
11857
5906
13270
10651
5965
8553
3685
6736
8399
10215
2462
7615
10649
8010
13277
10722
8030
694
8016
11587
9072
926
9412
9136
4064
9199
2248
11169
13263
1769
10775
13271
5740
10643
2081
12389
1912
7142
10629
10639
5592
13281
11099
9621
9221
13286
10641
5782
2984
7992
3361
10012
2717
4425
2850
13286
11906
8134
8237
10623
8882
8863
5019
9232
10630
8308
2005
6212
11611
10677
6937
5903
10635
1908
5942
9011
1994
10689
13277
13278
12168
8815
13278
9964
9216
9473
12111
953
13262
9305
9650
8974
7164
11661
7986
5977
8344
1971
10703
1195
1651
9794
5643
8252
10649
5763
10276
8253
7311
9019
13281
10617
10642
3693
8591
6327
2796
1294
12538
10259
1830
4613
2599
10653
7524
1303
5687
3293
6397
1372
10685
9939
2109
7589
1637
11052
13270
1998
1136
11092
9479
13261
6447
8303
1783
8346
11534
6328
8471
13263
9527
4656
7985
3675
6304
11993
9208
7987
9410
10796
5279
8295
3622
10633
8302
10015
6912
8104
10635
4435
12369
6499
2721
7960
12323
2958
10313
10630
8734
1428
2540
10748
11865
7076
9364
11916
9366
860
10038
12969
12202
10090
7997
8609
5949
8117
8628
8334
12083
10829
12169
13273
10540
13267
6100
2860
5545
6305
5286
12642
2518
8821
10735
7162
9263
13285
8759
6230
4427
13278
5581
3144
13274
1861
4178
2003
8198
8019
8655
1484
5744
2935
7550
6580
1977
10647
13288
4813
8433
5225
11346
8016
11820
2492
13277
6214
13268
12530
7221
8679
8083
9670
961
10639
9335
12932
12717
4582
12497
10623
13285
3166
8018
10803
9861
7034
5117
7981
2692
6365
13281
11395
8295
5959
10629
9895
11108
9270
8236
7323
7992
9176
2626
10411
13261
6277
5698
11413
7607
6066
4675
10627
10628
7358
13258
7286
5697
5906
3570
11530
8289
6240
8614
11231
11027
11508
8005
8801
6163
12070
10655
11672
1887
10646
10628
13098
2284
9087
1032
6112
1708
13046
5676
13284
8475
9188
12957
8435
10661
4460
1465
13278
7972
9818
8345
9887
10914
8399
9031
10974
3879
13276
3865
6391
10636
2393
10419
10612
13277
10647
10841
11808
1925
3768
9732
8911
6627
7094
2281
1763
6759
1736
9348
13280
7048
5758
10635
7235
10653
13270
12067
1561
6002
13265
11824
969
8588
5788
13270
13258
10261
11678
8912
10640
8345
7671
10650
4716
3814
13241
10415
2388
2799
9960
6833
9574
6898
7980
10856
6900
10805
11809
10401
7541
10484
10485
10634
8900
12281
8100
3692
2640
10385
8379
2517
10626
7985
11347
10642
7990
8475
13254
9381
10622
10930
9756
5738
2000
11480
10621
12601
10724
13277
13259
10224
8069
8095
3726
10906
13265
8655
5686
3702
4532
11374
12451
12164
6550
4103
7964
9043
12171
8014
10655
10641
12510
7818
10641
8418
10795
4230
6879
11579
1607
13235
7177
5422
2540
6734
10645
1786
7393
9856
5341
13262
8441
10950
8751
1480
6529
10632
11007
1240
8688
8095
7629
10616
9049
6336
8406
3896
13130
8198
1604
3456
3033
8004
4729
6653
10696
6736
6769
9203
10760
3705
13180
10355
8717
10649
12018
12001
10979
12582
4098
4192
8888
13293
8599
12066
9597
12881
8304
12066
9453
10649
2278
2907
2876
9153
6314
8789
7667
10083
5466
3495
5490
9109
4251
11145
11160
13249
6755
9910
5981
6903
10642
9340
8253
13240
7325
2972
10638
10244
8821
7910
7659
3954
9054
13276
13278
10659
11449
11113
9045
2842
6806
8424
3044
11646
5809
12943
8847
12947
8142
6970
13275
10640
4447
11243
9377
10208
10643
1954
