161
212
239
201
167
181
187
230
154
144
174
169
180
159
196
193
140
206
211
243
196
252
212
235
221
137
166
167
157
189
252
175
151
243
144
125
207
196
184
139
142
308
169
156
194
163
139
200
237
205
271
192
247
195
112
243
169
156
168
203
249
150
155
231
245
181
141
210
114
173
235
183
192
209
221
208
143
238
150
161
128
196
165
238
195
186
178
207
136
187
163
269
207
154
240
185
212
199
132
198
259
193
270
182
148
169
144
123
203
150
230
184
142
203
183
191
159
229
157
255
209
182
205
159
187
240
247
165
202
258
206
202
259
224
172
180
203
159
200
248
236
207
174
166
278
221
194
227
180
226
187
191
170
202
221
197
156
190
195
146
170
205
167
152
225
211
134
168
230
179
238
267
162
177
211
207
213
168
291
227
222
209
169
179
222
259
208
205
163
144
180
134
220
204
190
181
206
174
264
197
138
239
186
187
203
189
127
163
166
221
233
196
185
209
250
198
179
242
174
249
204
106
191
225
140
177
180
167
169
221
210
222
150
167
135
170
168
217
175
235
189
245
248
123
195
221
218
162
244
241
190
202
220
197
161
201
234
150
254
164
209
134
150
176
240
176
166
236
148
280
258
149
150
202
219
268
199
153
187
263
275
195
267
198
201
213
140
164
150
149
177
177
233
153
221
151
199
235
209
203
198
153
166
177
136
192
163
211
241
187
206
237
209
199
213
213
169
407
208
246
173
205
253
115
180
175
170
207
273
124
213
143
173
169
183
333
261
238
245
167
165
204
174
149
203
244
194
196
132
139
160
157
202
263
235
210
169
178
225
211
169
179
173
248
187
153
152
221
261
240
196
188
209
253
187
212
146
229
204
146
187
212
165
146
169
166
187
218
192
200
172
149
135
220
142
250
146
194
137
178
205
235
157
205
208
170
204
196
179
149
158
157
245
219
173
135
167
176
173
151
183
194
190
193
258
172
227
165
199
210
173
209
174
212
220
139
175
233
220
224
204
142
169
198
215
245
274
148
288
137
169
188
206
174
185
190
207
226
214
123
203
211
189
130
158
158
256
454
221
253
180
199
195
160
202
220
241
161
185
229
194
144
247
191
305
172
175
240
219
307
214
233
194
196
220
221
156
171
195
196
174
276
224
237
179
220
147
174
161
193
215
203
181
150
158
208
142
157
157
194
218
133
239
184
217
199
186
139
209
173
201
247
192
131
141
192
206
198
210
167
197
194
192
205
209
197
219
245
182
178
184
183
214
207
176
189
197
179
158
169
161
242
200
237
232
214
175
194
218
124
162
226
162
228
236
179
201
193
214
185
162
149
210
220
258
239
267
142
182
222
203
202
124
157
186
213
158
187
117
242
272
228
223
177
302
138
171
179
213
181
229
173
187
126
175
252
154
190
138
193
236
199
196
177
201
209
270
141
202
279
198
223
178
178
170
151
121
160
185
145
188
221
154
272
183
236
186
135
160
243
313
127
206
153
220
194
227
190
248
196
173
218
161
158
238
178
212
149
191
138
187
156
252
171
200
224
254
150
175
194
177
198
146
191
171
184
179
146
139
223
147
167
174
240
249
228
161
191
233
199
184
184
161
207
179
174
194
188
196
205
219
211
187
241
165
201
156
253
186
206
190
239
196
223
152
192
245
137
206
220
209
127
317
185
249
161
162
205
156
250
151
156
148
187
225
233
228
242
169
180
232
189
219
163
147
241
142
224
149
242
125
184
225
162
229
228
192
137
187
267
228
185
135
230
176
154
163
223
181
217
175
192
209
191
155
214
169
212
207
159
270
212
154
161
176
196
209
175
230
198
211
215
354
232
192
188
186
168
194
244
193
257
287
187
149
168
153
191
170
197
189
184
170
196
177
210
185
374
188
159
158
204
231
258
159
199
209
215
145
182
177
177
197
205
208
228
263
180
240
164
204
183
152
188
247
147
197
181
150
173
211
189
136
179
184
213
297
214
196
207
262
170
198
198
316
188
170
296
159
147
305
185
217
191
173
186
152
254
188
174
199
203
164
182
171
185
173
164
170
183
159
230
122
245
212
237
215
172
210
268
263
201
194
169
172
214
181
209
225
292
193
170
229
156
162
207
159
192
181
214
166
96
260
187
195
271
323
284
217
153
233
196
191
218
206
176
169
145
209
255
176
238
177
220
228
241
172
182
182
149
197
173
280
152
172
195
305
196
183
190
186
190
206
150
186
193
156
275
143
228
183
205
212
171
167
211
147
170
326
194
232
182
231
275
119
229
157
257
168
226
320
267
373
292
331
273
274
284
335
211
224
254
273
273
281
240
203
286
388
312
264
338
325
263
311
373
321
390
322
236
277
323
330
387
261
207
332
256
325
254
254
341
270
255
336
389
261
310
322
331
264
315
327
215
263
275
259
257
251
224
295
262
212
252
325
249
255
283
226
315
334
204
282
317
321
305
253
256
203
327
266
337
216
297
213
378
268
298
239
266
266
297
262
272
329
366
385
268
314
263
328
264
396
219
265
316
267
203
318
253
336
317
307
329
343
328
264
333
207
318
232
373
332
277
327
329
328
265
245
387
322
269
213
322
343
256
324
232
319
379
216
272
327
255
292
306
307
328
277
329
321
205
192
307
317
377
262
269
301
261
218
377
325
316
342
272
245
272
287
210
268
353
368
206
379
332
383
257
298
337
330
324
335
262
281
294
333
290
234
257
335
264
347
266
321
295
210
200
342
384
254
305
235
316
265
302
261
271
380
275
329
266
277
259
326
264
331
265
267
343
256
263
320
326
274
259
245
250
325
270
276
275
217
269
320
252
316
277
283
283
308
339
281
207
265
259
210
346
298
238
283
270
328
384
210
390
279
263
334
326
274
265
226
271
345
217
270
377
217
345
345
337
264
310
326
261
199
304
246
333
433
263
394
155
260
369
328
329
207
262
287
276
323
256
293
285
266
304
316
325
321
257
316
330
258
270
212
259
253
341
334
261
333
265
342
277
218
365
249
307
309
325
301
313
402
374
271
231
368
254
267
283
213
271
319
324
394
258
406
260
264
227
324
206
266
323
280
325
253
268
209
329
226
280
284
316
333
209
256
371
218
267
322
320
250
245
268
367
275
230
314
332
292
392
380
325
251
263
299
213
282
270
270
202
313
326
259
258
320
236
254
385
318
363
261
333
208
212
207
263
330
282
247
232
332
275
271
269
314
316
274
268
295
254
322
315
305
263
370
260
327
307
334
304
326
260
325
252
388
327
221
270
287
227
279
264
248
269
223
319
377
318
257
379
272
248
342
266
248
253
261
334
326
213
269
314
264
328
230
255
399
282
402
324
382
267
340
248
324
382
316
372
253
215
328
273
314
332
331
264
337
221
330
265
311
321
326
298
264
433
329
267
330
341
219
275
322
380
335
211
331
345
287
225
263
261
264
320
334
266
302
230
321
323
269
279
269
259
276
269
377
193
375
300
369
326
318
269
325
325
345
382
239
211
272
310
315
317
336
261
295
272
329
335
240
229
271
341
385
273
219
252
261
391
200
265
333
214
259
375
328
257
329
337
278
340
265
272
329
264
318
295
315
326
273
316
215
329
327
193
268
261
275
338
276
257
384
326
373
329
327
287
257
316
202
252
314
275
206
375
355
334
272
324
377
195
260
261
330
199
256
323
266
205
261
273
221
273
206
330
337
328
390
319
347
278
345
246
377
259
281
261
262
295
323
268
196
311
259
210
282
323
392
290
316
282
215
204
263
325
381
262
291
336
202
265
319
329
327
332
336
193
217
271
334
270
204
255
279
319
284
323
233
263
316
274
333
260
273
225
271
311
203
334
370
329
319
242
207
284
263
326
317
338
274
236
253
270
335
318
257
335
210
315
268
316
262
210
273
321
326
328
278
264
266
332
325
238
374
314
276
345
289
332
219
247
341
244
323
274
331
267
371
272
373
270
266
339
337
253
317
330
331
319
337
326
266
229
252
321
330
320
315
287
257
266
322
278
321
313
219
383
206
261
339
333
320
259
309
314
352
281
261
384
216
264
369
339
286
208
288
372
328
329
218
316
220
268
277
265
342
286
312
321
231
265
266
233
271
248
315
396
344
367
268
212
266
300
222
338
309
355
412
341
325
310
329
268
268
278
263
345
313
209
307
331
300
398
219
202
341
284
381
326
255
255
325
256
259
265
212
217
272
279
371
339
398
233
305
314
338
272
255
299
265
192
313
322
330
217
329
206
264
258
318
282
379
284
324
272
393
307
275
261
267
255
260
311
270
346
341
323
257
369
260
377
269
390
320
258
260
342
323
321
217
272
326
198
332
265
215
359
318
377
316
319
255
215
195
369
328
333
271
322
206
277
263
326
201
351
263
340
268
315
326
259
325
279
337
311
216
313
354
324
356
332
378
347
253
341
314
292
210
307
257
266
250
256
337
298
339
332
226
263
208
376
254
314
264
323
291
266
340
278
214
325
368
320
325
332
271
328
256
274
331
305
335
207
217
395
311
265
326
394
265
269
153
279
344
382
293
268
319
348
204
344
215
334
238
298
116
130
120
109
118
118
105
142
115
128
103
132
123
102
157
133
140
160
144
108
134
146
129
127
107
100
139
156
100
110
127
134
141
117
133
122
103
104
127
152
141
135
114
138
125
123
101
118
90
131
105
129
129
108
145
109
116
147
122
147
95
76
78
99
142
138
125
119
119
109
131
132
109
113
132
123
158
130
150
125
134
122
105
133
129
148
132
119
122
145
134
129
106
115
144
128
137
139
122
123
152
148
124
104
114
118
119
112
144
155
111
127
112
122
105
140
103
129
153
115
149
117
129
119
142
113
142
131
130
121
137
107
95
154
117
140
138
127
123
138
111
154
132
113
130
110
121
139
138
133
116
119
131
130
99
147
141
133
128
133
143
134
121
138
112
107
120
146
98
99
142
123
132
152
151
118
152
136
140
165
126
125
117
157
145
123
125
125
130
132
131
118
136
133
126
119
135
119
110
136
136
131
158
151
135
139
132
115
148
115
123
106
128
132
146
124
119
128
117
121
127
144
146
126
84
121
150
113
109
124
121
126
112
123
139
119
147
99
151
142
103
141
92
148
119
111
121
88
141
125
129
132
131
134
155
121
142
138
118
143
124
124
91
138
113
117
127
125
101
119
172
105
144
127
147
107
148
134
120
89
126
126
104
87
110
142
139
151
137
144
108
107
129
133
133
109
116
149
130
126
149
92
132
141
135
129
143
133
117
116
124
124
122
90
148
113
108
143
126
140
144
125
127
143
149
121
84
124
120
103
150
94
138
130
162
132
120
126
113
148
98
88
146
124
116
138
110
126
139
124
113
111
118
106
119
149
117
118
118
122
90
102
144
132
146
133
128
143
116
104
135
153
128
120
109
142
109
121
143
99
110
139
152
143
145
127
124
126
121
87
120
146
133
152
102
115
96
104
118
131
106
118
130
126
110
118
151
139
131
162
130
102
118
145
139
152
102
134
118
144
107
130
137
161
128
125
138
147
136
142
96
140
128
130
128
100
119
89
128
101
144
124
120
146
106
158
140
141
117
134
138
122
121
128
150
114
158
100
156
162
118
110
146
145
163
141
102
138
134
125
136
140
172
109
115
123
136
145
136
113
101
113
124
148
138
101
114
146
130
135
114
130
109
93
142
125
101
155
123
103
128
114
117
141
132
114
103
129
112
131
138
127
147
156
100
134
137
120
134
125
143
133
134
127
132
136
139
124
127
149
116
120
117
119
129
140
124
132
141
136
153
121
127
132
107
148
123
130
123
103
146
122
148
125
162
109
148
127
154
101
135
126
124
131
119
130
136
146
115
130
161
95
144
128
121
119
111
91
120
149
130
118
132
136
115
117
144
139
114
133
131
119
133
127
117
111
119
98
111
130
128
111
114
152
134
136
155
140
154
125
141
138
108
113
116
130
110
121
116
125
115
139
104
113
131
105
105
125
141
136
105
131
152
123
110
104
134
157
125
134
120
131
111
111
140
141
127
110
122
120
128
139
145
106
123
124
155
85
149
133
132
117
109
131
137
113
127
120
115
109
107
112
109
126
126
129
142
146
100
147
107
126
133
145
131
120
131
122
92
115
90
124
124
116
104
149
141
118
130
100
125
134
129
110
109
124
124
135
120
129
145
133
106
127
143
150
126
119
137
132
131
131
106
101
107
128
119
150
138
138
137
139
148
86
125
100
106
126
91
119
126
135
128
160
86
138
123
129
119
132
142
162
142
134
145
113
158
121
129
133
106
150
124
133
133
137
136
130
151
140
137
100
125
147
133
136
137
114
136
134
143
153
156
132
132
131
121
115
127
123
123
130
138
92
134
99
143
128
83
139
141
95
128
127
132
132
143
136
107
105
108
141
115
122
134
129
127
128
126
126
148
136
134
121
124
96
140
154
114
151
144
154
139
129
124
122
142
126
146
136
132
109
126
131
130
122
143
141
118
139
125
114
118
142
109
139
132
133
104
113
110
98
115
145
137
98
153
109
134
129
135
148
115
104
86
132
147
154
102
148
107
140
105
127
157
129
111
114
150
98
121
135
146
124
131
140
134
128
136
130
160
131
142
148
114
125
109
142
112
142
113
139
106
143
129
111
130
123
134
143
134
105
133
151
115
146
120
98
112
126
102
147
114
115
113
118
122
129
119
106
123
138
95
120
108
142
133
131
116
134
100
111
104
107
130
123
127
159
99
156
129
142
101
110
90
87
144
142
150
131
109
111
121
141
120
111
104
98
152
134
140
140
141
121
122
121
93
106
116
106
114
145
138
136
146
126
95
121
143
108
14031
4265
2456
8458
9233
11317
8818
13117
4029
10660
8292
10659
14201
9226
12261
5805
11159
8205
10826
11688
1868
11197
11021
12391
14993
1469
13304
10254
6855
8354
8976
12568
13388
3497
13296
8028
5308
8666
10961
11100
13300
4406
1164
11884
11609
12307
1565
7645
11447
4722
6744
12106
9985
3708
10674
5197
11181
11705
2316
10794
6671
8141
1525
10781
12502
13106
13299
5994
6235
15764
12730
12100
5808
12018
13267
6393
10931
2105
9009
7633
10662
7836
2953
10609
7323
12849
11596
8136
5797
13294
10653
8190
11508
6631
12446
10448
13499
14864
13104
8288
14577
12981
3856
5315
10621
11150
1456
7676
15942
8110
8210
3884
10776
12941
6739
13349
3070
9053
10517
10226
8308
4300
9612
13140
12295
8223
11523
11773
8608
8585
15902
10924
7284
10916
8458
10995
10774
9737
7035
13463
8245
11258
8770
2366
7429
10963
10635
10718
10046
12523
13365
9034
10622
1392
1512
14938
8993
10095
15910
13302
10803
12469
13658
12854
7275
8058
7115
13366
4339
3754
8995
15162
2670
15957
13930
10373
11715
2252
13519
4129
11399
1522
3903
15658
15478
4208
7397
6743
8100
10943
13288
13299
12656
13299
3124
8371
12228
7989
9792
6477
13302
12029
13546
11488
13288
3438
12828
11095
15177
9374
12948
11572
6877
13882
14316
12138
4842
8009
13294
9458
8750
10689
13292
3021
7329
4543
12374
11127
5841
4572
5616
10360
8298
8992
11782
3151
12215
1558
13636
11259
13290
14284
1504
9090
8981
10990
3515
2002
10827
9532
12553
2080
9827
12161
10683
8861
11828
11234
1770
13848
10932
896
4235
13490
7732
9729
10721
12327
11054
13169
10286
10835
9821
14816
10930
9452
10682
14238
4326
1639
11705
5719
12236
5812
10151
15946
9635
13305
10878
9672
5028
7800
2058
13896
9197
5931
14446
12945
10023
13696
14249
8755
14074
13259
9523
9194
13527
9911
10047
9517
12121
9733
9432
1983
8252
9208
9238
14155
12120
9496
15917
12172
6888
1670
14345
3847
1659
5745
8525
1669
11253
7612
9772
8405
13424
13610
9373
7301
10199
11974
5349
5093
2680
10666
10916
13278
12097
4774
13272
15935
4926
10870
5907
7270
10239
3364
9821
8827
10622
3478
2782
4417
9534
15265
15928
10865
12452
15921
8714
6468
9449
11510
9071
13929
1933
10627
2625
1663
8535
5549
3882
12328
13202
6008
10784
1775
11809
10120
4471
5659
9137
12477
11077
9802
1060
11258
8856
7682
11540
8847
5073
10120
1728
4485
4246
10896
9274
11433
14576
15937
8465
8622
13037
12527
5154
13306
2454
13298
11189
5316
12255
13535
12634
15945
12716
10421
13534
8409
8503
5388
11859
10955
14564
10991
11627
6092
3957
7157
6684
3149
13648
10889
8259
10515
11753
15492
4716
10655
2127
3029
10674
11128
2687
5935
11571
3303
11407
1380
9952
13301
12942
4307
13583
11879
9736
10775
8336
15929
13404
10761
5149
11367
14331
5778
11233
4112
12075
15002
10899
9123
1781
8482
5216
10560
9903
10737
13294
10506
2799
8545
5341
8098
9016
1309
9629
9075
2152
11056
11915
5196
7869
8217
9392
11782
10661
2656
11908
8760
10232
11506
10718
9363
8750
15242
8515
9537
14122
10925
9418
9112
13503
8638
7384
8824
12044
13296
15923
3186
10020
12869
5747
15386
5850
12911
10221
10883
10267
7743
8469
8400
10243
13898
11002
9269
8928
10678
7696
11312
14338
9268
15940
10656
13944
6696
8636
3590
12050
12405
10938
10602
2716
9925
5856
11685
6702
8216
8329
11596
2857
6210
13317
4958
10836
1801
12974
3141
7354
11020
8538
10671
10626
10679
12931
6640
12339
9982
11462
13132
12033
4153
4058
9697
3039
8834
8830
2336
11463
2220
7739
13774
6886
5493
7606
15902
11240
11000
15944
13313
14889
13305
11861
13852
9739
8036
5133
12848
8198
13619
12599
2322
9618
9387
4210
13265
11150
7231
8518
6135
13418
8355
5320
10825
12428
9975
1430
5553
1809
13307
10860
10651
9267
12386
10187
4249
12396
13290
10650
13115
9545
1576
9337
10115
11835
2539
10322
10665
14753
9561
14524
14526
8342
8000
13880
1875
8584
8915
7087
2966
9507
1538
7637
3601
6490
13294
13471
5983
15924
10678
2524
13671
1803
2340
13289
9443
12943
3762
2532
8565
5752
9810
2767
13687
4277
8413
7997
8694
10038
11252
10921
10925
7835
10043
9563
2162
8939
11749
9512
15520
9820
1528
15913
10789
10931
9641
7037
14234
2118
8469
12216
9436
11435
7207
3648
10648
4881
7159
5186
10643
10562
15926
8500
9949
11879
1667
11707
2614
10170
13280
1741
9007
8698
12779
11283
13308
2520
9505
13124
11870
5914
13801
12324
11376
11529
10664
13988
6639
10667
10426
10901
15938
4436
14039
7384
12211
10788
9981
13313
1543
15932
13590
13515
7191
11107
9428
6218
8183
12271
9636
13495
11564
11587
11816
8885
10052
10359
11380
8460
2421
12693
11995
7495
6762
13304
2840
10927
9381
4354
3280
13960
11236
13288
5300
14531
11774
13293
10067
12597
15784
4254
13655
10636
8902
9327
13699
8325
12190
10637
10824
10661
7006
13277
7165
13813
9665
13689
7171
5670
8919
8648
15935
6699
10629
13675
14319
4764
1687
11141
1563
9221
9903
10659
12385
10649
13601
1962
7864
4741
11710
10740
11334
5685
13290
2731
14892
5641
9407
13310
6641
9033
3554
1993
2145
11042
13096
15154
6012
9180
5914
10785
10118
7470
11180
5929
11263
1406
11346
11477
13855
8277
8701
2439
13002
2713
15921
13307
15934
3377
1125
9446
2196
14067
8246
15106
5299
11002
11133
12779
12420
8518
8915
10680
10073
10432
15636
8915
1430
10659
5999
9422
11945
10741
13280
6467
11257
11075
9188
9698
11125
2914
8151
8363
6107
8745
11041
11334
8517
12267
6331
5794
7866
1682
13289
11183
12079
7429
6067
11708
9568
1443
4306
5986
9992
6318
7753
7134
10677
9838
14744
3336
11204
2853
2453
10872
7556
8087
8000
2218
10881
11887
10670
9883
10070
10507
7073
5676
2901
11760
1958
11549
8275
13280
13274
8156
6724
9268
1912
13263
3829
8040
3539
15941
9327
13564
13934
11403
10960
8017
11981
6234
14111
12205
8850
13431
15800
8744
7573
2182
11254
4360
7718
