171
158
204
286
193
181
225
219
233
281
220
258
278
368
218
177
173
192
251
267
179
245
184
253
176
229
185
290
225
186
197
214
311
366
230
197
206
191
135
246
154
290
173
229
175
185
207
241
239
213
205
201
212
233
160
222
156
280
142
188
207
219
164
265
218
194
268
231
212
138
182
223
258
279
184
244
201
284
194
171
196
203
217
245
211
224
202
176
203
220
176
183
214
204
194
212
270
162
213
152
187
321
263
208
166
225
200
229
183
383
265
212
258
247
239
246
187
235
298
263
234
181
261
217
207
173
224
263
177
199
236
169
218
265
245
233
206
236
209
183
158
206
196
262
192
223
214
228
149
139
207
209
250
203
222
270
197
248
217
203
263
301
239
180
293
288
206
124
169
172
276
218
395
250
206
246
212
232
215
187
213
246
172
212
202
208
221
225
203
262
209
191
170
192
200
245
233
281
181
172
179
172
142
193
192
271
234
186
216
194
217
228
222
225
187
218
230
199
231
272
179
187
241
204
221
217
223
221
189
194
230
244
202
257
228
139
212
259
231
232
229
199
201
104
246
165
191
221
203
192
245
264
217
213
325
188
198
224
222
272
203
243
200
207
222
210
245
234
166
233
246
271
166
233
311
186
185
263
242
210
165
340
147
163
225
216
218
227
292
163
244
285
223
256
232
245
151
228
180
212
169
245
217
113
222
213
281
262
179
195
204
258
212
243
257
208
190
226
195
225
252
222
192
220
141
231
179
200
266
194
284
141
164
259
400
232
185
174
201
225
228
169
254
182
234
217
185
189
228
243
206
201
163
225
185
235
192
195
267
154
144
197
260
145
208
250
186
243
227
180
220
144
279
292
253
230
184
246
218
217
219
260
183
231
149
193
248
274
216
183
286
226
252
233
190
210
207
266
243
296
178
181
224
205
206
224
249
224
253
189
174
203
270
176
162
189
187
214
163
226
235
215
240
273
260
190
167
190
181
206
217
203
206
199
232
192
259
270
163
280
205
204
243
171
191
221
245
261
200
233
257
173
147
183
179
191
208
203
213
204
196
276
236
147
198
291
167
169
246
158
154
181
156
245
194
248
183
271
233
226
125
218
213
254
194
198
190
218
192
230
261
176
196
189
235
229
211
244
169
233
280
204
213
321
254
223
113
243
208
344
181
206
261
212
120
239
245
231
172
201
175
298
185
333
218
243
243
264
194
239
192
208
223
205
214
236
154
155
188
184
235
414
251
186
173
193
231
201
203
254
204
175
178
300
279
201
204
208
210
238
210
211
189
200
210
199
189
206
204
254
201
242
184
191
242
252
202
310
231
203
169
167
155
274
219
265
231
222
192
220
264
190
241
240
223
149
239
217
184
180
246
212
197
214
277
159
170
213
201
262
242
207
229
226
237
179
233
197
208
254
291
229
245
275
241
264
309
181
168
199
206
282
155
201
210
138
264
273
217
220
211
182
197
271
282
224
179
239
195
230
253
219
147
254
117
198
270
216
213
176
191
123
213
223
339
173
234
228
209
193
286
426
209
201
215
184
191
256
314
171
162
193
220
213
302
302
238
187
251
223
166
186
255
227
212
172
311
164
246
188
243
251
164
192
214
295
186
223
202
215
164
178
173
225
314
225
300
244
223
212
266
153
198
228
278
209
267
225
244
261
216
211
223
177
235
241
230
253
254
245
197
180
168
187
251
215
199
254
187
184
252
225
209
248
219
227
204
221
191
227
239
223
186
227
178
193
202
176
160
185
277
395
246
226
161
254
250
229
214
200
160
229
152
199
211
253
186
189
212
231
273
255
224
191
202
271
147
168
203
237
189
228
171
191
224
182
157
172
197
210
225
180
176
215
228
221
286
231
237
266
317
177
173
217
206
182
201
203
182
204
132
406
244
242
272
205
231
137
201
196
234
248
221
220
180
224
177
182
206
164
231
245
141
288
229
243
243
234
219
253
146
213
165
234
183
221
239
219
224
234
214
127
185
180
187
189
198
258
239
244
235
237
224
157
227
186
195
235
259
229
199
222
237
194
180
229
271
236
204
183
300
292
202
237
304
171
231
217
150
220
217
231
263
228
141
262
215
181
250
172
293
224
247
233
238
184
289
188
159
202
246
218
275
206
159
202
160
163
164
191
278
235
228
180
215
293
249
279
248
249
172
203
262
239
210
172
259
227
202
132
239
163
266
171
288
192
245
255
228
245
246
184
302
238
253
206
145
248
223
233
211
344
228
185
214
251
173
400
212
184
226
192
194
215
338
362
239
281
222
189
314
329
399
354
333
305
287
228
451
342
395
343
270
299
256
275
316
264
391
293
274
312
230
284
268
264
291
288
343
317
372
390
431
377
272
297
347
320
287
382
276
382
219
330
270
336
287
349
398
244
273
242
334
330
314
313
275
346
216
331
283
333
263
347
349
338
338
313
281
194
342
399
386
365
381
349
305
303
228
321
382
387
324
401
248
272
316
226
319
331
272
336
286
385
389
264
286
213
268
265
313
398
347
355
268
264
402
388
302
540
316
323
381
314
409
352
274
392
343
411
401
324
394
281
204
379
390
333
286
333
343
275
288
410
388
314
322
404
384
394
333
333
396
342
273
336
377
403
273
255
291
281
408
345
346
397
350
336
390
337
311
404
335
323
396
399
325
323
321
273
344
271
320
339
249
340
276
274
378
338
270
277
319
410
287
335
261
269
339
331
313
247
263
312
269
338
350
333
280
264
331
265
279
332
345
387
346
266
325
271
288
261
269
400
330
327
411
277
230
380
286
281
318
350
375
274
317
395
221
317
327
387
316
324
398
216
336
417
282
380
337
333
221
278
453
270
340
341
237
287
333
291
393
335
395
217
446
277
397
276
267
428
343
281
287
316
299
327
210
381
341
375
330
337
371
272
264
375
363
223
279
294
233
274
320
267
280
405
365
251
330
281
456
393
342
286
324
335
346
344
217
405
319
270
346
401
408
388
276
270
278
352
278
444
252
308
260
221
394
221
384
273
268
324
317
442
318
280
279
333
288
231
216
405
435
317
406
264
216
375
319
510
401
356
389
326
382
219
388
260
385
365
282
376
333
342
328
320
371
331
266
381
429
330
327
337
376
394
343
276
333
327
415
370
222
386
330
346
399
295
270
269
320
296
277
273
269
335
381
279
302
325
281
344
403
324
341
385
245
336
284
273
334
278
272
403
340
394
261
347
285
407
339
331
269
276
322
325
336
321
328
321
362
332
288
308
323
282
329
346
389
315
330
325
402
222
393
336
311
346
339
384
409
334
393
395
292
294
349
331
379
316
319
376
275
341
308
315
319
269
336
270
291
282
299
364
333
336
442
261
378
332
214
468
279
263
348
412
392
372
264
336
337
366
334
333
287
387
241
284
335
278
239
202
336
390
348
221
437
334
417
271
402
387
314
295
204
277
242
434
336
339
371
339
273
283
333
248
281
276
333
421
322
382
336
389
338
286
283
326
395
337
347
248
319
402
326
319
433
401
283
540
354
382
277
392
378
305
331
276
296
265
311
278
404
330
446
385
260
255
380
296
324
338
383
326
337
347
320
292
277
353
309
253
325
361
332
342
411
291
314
216
383
344
380
364
384
257
332
380
273
262
280
284
328
284
390
391
272
379
281
321
382
335
392
325
260
327
391
285
380
351
324
434
335
332
213
354
333
353
333
232
334
375
300
407
316
337
341
369
282
269
267
321
276
270
333
322
312
439
325
273
342
295
363
374
282
342
294
323
289
382
274
363
271
337
335
393
271
269
275
268
371
342
378
339
298
348
335
247
239
353
397
216
344
348
272
340
386
318
375
270
276
346
429
401
393
316
305
394
323
271
371
274
381
394
245
285
276
254
332
387
237
265
269
362
274
330
260
338
216
376
270
333
309
221
468
341
373
313
329
384
289
281
326
256
318
342
389
282
332
344
397
273
346
335
278
363
358
343
266
278
326
334
335
322
364
405
213
461
351
291
276
343
348
276
328
288
333
326
337
340
325
319
269
404
391
266
318
345
348
252
282
384
333
284
388
343
327
333
263
300
277
269
278
348
286
323
393
360
329
323
403
393
271
284
408
271
390
384
337
334
332
336
328
285
256
262
270
274
377
274
276
407
390
316
332
392
325
286
423
264
330
337
337
323
337
278
275
312
192
437
405
346
394
270
207
333
261
324
284
339
294
288
330
272
204
374
327
377
389
298
315
397
342
289
329
341
203
377
267
283
276
380
325
341
396
263
272
330
266
275
328
287
343
259
402
300
391
399
384
397
395
273
340
272
327
340
325
400
336
286
339
281
273
326
401
336
315
324
308
421
341
387
462
259
390
343
259
268
286
423
395
330
321
393
383
293
399
339
400
359
270
317
332
287
337
329
212
275
391
279
292
290
383
326
387
391
402
318
292
335
214
243
280
248
339
508
326
279
338
304
342
443
332
335
328
276
331
160
324
328
334
284
351
267
368
294
272
285
291
343
404
332
277
389
278
284
287
327
260
249
336
212
321
379
323
402
276
396
383
336
322
291
416
364
410
390
395
304
140
172
151
159
153
136
165
126
112
121
167
144
172
158
132
135
144
96
154
149
147
131
148
178
175
148
142
136
116
137
143
148
144
157
138
169
151
124
146
168
138
178
152
133
138
136
138
118
173
119
124
166
161
132
148
136
138
139
141
115
159
157
148
144
145
141
146
157
165
155
158
156
156
134
179
112
134
134
121
179
168
144
144
147
161
143
158
133
139
137
128
168
130
156
169
163
126
141
137
140
138
153
134
132
160
141
158
136
126
162
141
152
138
154
118
126
136
115
109
125
128
170
162
144
115
161
151
165
134
135
151
137
137
153
176
138
164
156
140
158
125
132
143
140
115
155
171
154
157
163
145
154
176
134
136
159
129
162
164
153
135
149
152
129
152
131
148
168
175
112
145
130
164
133
147
123
133
121
172
156
166
136
135
110
127
132
128
138
160
144
173
143
142
166
143
137
139
143
134
154
144
142
138
133
133
145
156
134
185
136
141
148
162
125
179
115
174
137
155
142
147
156
134
110
156
162
150
178
136
151
130
103
158
166
165
171
144
152
168
154
152
162
150
140
152
167
153
148
121
135
146
143
149
158
160
88
177
130
144
87
153
157
148
118
141
162
119
143
141
147
160
138
180
157
176
135
163
151
165
122
143
171
169
152
171
153
135
132
156
157
134
128
163
153
121
137
150
166
146
130
119
129
132
157
135
172
136
161
130
103
124
131
144
163
168
148
174
154
144
124
147
111
158
164
160
124
166
136
155
150
120
108
159
161
158
102
162
158
170
148
182
173
153
133
176
153
180
131
150
168
170
123
137
168
154
153
157
145
122
149
153
161
167
149
168
176
131
181
157
161
147
130
179
128
137
173
163
157
167
115
138
139
173
152
123
118
149
171
153
157
178
157
147
166
164
154
151
147
175
136
131
154
131
138
117
135
157
133
167
143
136
126
136
146
145
163
158
142
150
176
147
157
140
177
136
154
148
161
133
155
134
114
143
109
170
109
155
114
133
108
133
138
129
143
168
139
149
183
144
112
114
138
168
163
150
166
172
155
143
146
134
176
166
145
170
166
154
100
163
131
189
136
162
136
110
151
132
128
121
145
138
143
134
134
138
139
122
145
165
166
122
186
146
159
147
173
134
161
152
186
154
180
155
157
136
126
138
157
151
134
150
144
154
149
143
141
164
166
154
152
162
169
144
185
141
159
140
147
136
138
144
124
125
161
145
163
149
173
122
126
181
173
129
174
132
140
160
151
149
111
157
149
143
171
123
144
173
168
131
150
157
167
155
107
164
154
143
117
178
117
145
117
143
159
137
141
111
164
124
115
168
127
129
140
140
137
169
148
139
164
130
160
157
129
147
131
152
145
103
150
129
169
172
144
163
144
171
154
134
124
139
148
143
133
152
176
145
148
120
162
154
140
136
118
168
183
138
133
161
142
119
140
163
152
120
165
151
128
175
133
148
151
139
127
160
140
148
157
145
157
142
153
126
150
152
145
165
147
154
149
139
130
147
131
163
160
150
156
124
156
136
150
150
149
141
111
120
147
119
167
160
161
123
162
118
122
150
177
156
130
159
188
136
127
176
148
188
116
129
160
105
148
151
171
176
151
115
180
134
152
125
155
128
143
129
137
144
127
153
150
135
168
140
139
160
115
137
146
185
99
149
142
144
144
147
139
143
142
161
139
159
160
161
129
122
150
153
151
164
139
137
134
150
118
146
122
157
141
99
154
135
138
158
170
122
135
123
147
132
140
178
167
144
168
139
104
156
129
124
159
179
151
125
138
137
138
138
160
112
133
146
143
145
135
117
131
138
166
169
172
128
139
167
142
121
157
173
157
147
112
128
118
125
122
141
177
118
152
155
134
139
176
153
162
135
177
152
144
117
128
158
156
146
147
162
147
139
156
136
135
133
139
138
141
112
125
135
176
133
141
152
109
129
135
158
169
140
147
139
158
161
168
108
146
157
153
129
121
131
145
171
146
137
126
129
132
126
126
190
164
137
135
156
157
135
121
142
128
145
156
125
144
166
141
144
158
174
144
161
126
156
159
149
168
141
175
172
125
174
105
145
141
134
153
147
133
148
133
177
159
158
158
113
129
177
123
125
142
152
151
161
136
183
118
156
136
152
154
152
132
120
162
111
140
167
158
154
142
169
146
138
115
145
142
115
123
148
162
180
135
129
151
122
121
147
161
162
151
157
104
145
135
143
134
123
160
150
119
151
125
150
152
168
169
165
136
128
146
123
139
140
95
164
127
154
146
179
141
151
158
1791
13510
13780
18575
11989
14716
13309
5536
1306
8116
14792
14904
11785
10651
4503
9768
14195
1794
10823
13580
15921
1232
9176
9224
8631
10911
12332
16054
15252
9568
8477
10285
13052
11258
8784
10160
12693
15883
8521
11093
6959
13297
8617
3822
1563
2648
12853
2332
14632
11817
8640
13336
12925
9007
15954
2156
13723
10789
6228
15110
8842
11463
1789
12799
9163
13314
7013
10838
13317
2461
11252
12331
16797
4825
13817
1007
12040
6108
5860
16324
11898
15956
8847
12102
13311
4124
12431
9113
9513
12814
10673
11123
12327
18576
14212
11439
2352
13296
13304
10808
3471
9907
10667
14044
14594
13284
12127
11369
8747
10149
15461
13811
12884
11795
8329
9414
6852
14855
3718
5769
9356
13579
14952
11670
3874
8772
1373
11315
5442
6135
12533
9092
17080
2007
11086
14880
6385
11479
15831
15935
6865
12905
2776
3979
13309
13549
13326
11333
6475
13328
11936
16424
14412
5772
13284
16594
11015
10898
18367
11733
12185
7921
10049
10892
13764
12448
8681
15941
15912
3438
7801
11082
15956
12644
12274
9793
9696
6112
16779
12012
10698
10117
3202
13973
8158
10321
8782
12326
13294
4673
14973
11982
8404
11556
10979
11204
11400
12475
9152
10080
2395
3464
2965
11801
12010
2329
15932
13334
13948
6764
13501
4201
11085
3380
15977
13705
7311
3048
11946
11141
8583
8192
5086
5258
2125
7306
12347
15960
2391
10833
7005
1655
17120
13732
9007
11242
12931
8843
13452
11838
12676
12358
10584
1802
13360
16295
13308
16280
13595
4835
2151
12204
14137
10191
9142
8627
14034
12568
3931
1175
11952
8629
11436
7641
8380
15205
4829
10326
1258
13861
10701
2602
8210
15759
13653
16091
13466
9217
14175
9850
12999
12941
10804
5254
13403
4563
15930
8719
13615
13631
3403
12123
11798
10445
5690
15976
1911
14305
13308
9450
10365
12115
13674
10681
10818
16732
2552
9792
6302
3082
15831
13779
10695
16063
11826
1509
15959
13556
15982
8820
10712
1990
12891
10885
12194
1356
10989
6046
12603
9635
8055
6791
10068
11414
8783
2678
11289
15167
13069
13574
18311
11885
13734
5578
14810
13388
13778
9554
13980
15017
11418
16642
1638
14149
11421
8033
13510
11202
5321
16325
13300
13528
5385
10678
4893
14061
2918
15472
12848
11617
2671
1462
9257
5205
6014
16339
9748
12875
12401
9081
10072
11566
14265
6964
8248
11831
12472
11790
13578
13273
13728
12620
14088
16097
13443
12534
11407
17185
13560
12379
8408
9975
15716
9506
7170
17237
10517
12247
16073
13816
10946
4683
15933
1687
9064
12300
4026
2644
4239
15702
1144
7573
4709
8395
1890
6695
13287
13511
13639
12408
13657
3868
9317
1960
14217
1535
11629
2745
10848
2255
14090
1502
5256
11510
9114
3540
6656
13391
11858
1738
13843
13295
13318
16345
12993
14146
8641
1342
6019
11222
12964
13322
16131
10918
16718
14831
8557
2433
4726
11206
16486
9028
9594
9472
8128
1270
10906
3239
16099
5928
4084
10670
2641
12927
10896
9350
10407
11839
12798
13305
2370
12295
7706
8578
16270
14490
8884
13327
14447
11269
10615
13265
11556
13584
1354
8633
2218
14383
6802
6853
10538
1460
11797
1787
12524
6843
15521
11546
11239
12984
12770
10939
2377
15392
12660
10404
2778
13452
8922
2017
1542
12678
9782
10939
13494
13998
13614
10760
1426
12732
13672
11905
11951
15968
6488
1797
13241
11857
15174
7709
10888
9118
13294
11447
9105
10232
9418
13528
7849
13716
15066
9552
8803
2729
15011
8652
12139
10691
15661
1854
16245
1404
16812
12724
9193
8910
12349
10915
10667
5955
1028
8047
12171
11072
4536
6705
13342
11086
12409
15908
11203
6418
15968
13803
11771
4813
10391
1761
13288
13066
11274
8527
16217
13469
16382
10966
13569
13722
13592
1421
18381
4654
12143
9300
11129
11330
11057
11900
7712
5731
11196
10346
1762
8151
10926
12374
15423
10910
13060
2243
3764
2476
4980
11332
2664
13338
10592
9285
7475
3353
14373
13322
12116
10259
9309
12535
13311
8892
11871
15181
3445
8107
10308
6816
8459
1313
12228
4489
12159
13763
7373
8516
10087
6767
8902
12535
13450
12503
6631
16227
8643
13877
13593
10707
10842
1921
14933
13194
12414
13450
12538
10832
1251
13551
4446
11150
9155
15945
12019
13587
11122
10716
11101
11711
11861
8691
11281
9252
2463
3135
10538
1667
10926
2783
18378
10678
11558
9139
1536
18565
5266
14298
12189
13708
6826
15930
10552
6703
1329
2305
9387
14483
8861
11829
11871
4085
1603
16050
11705
5635
13648
11596
12477
11707
10427
13308
10900
10347
9175
14181
13861
10754
10682
6802
3890
15944
4120
12874
10694
14232
12750
8395
11789
8826
14779
4034
3117
12358
1212
11486
9652
13801
15689
16075
11180
7227
10943
13285
3306
8362
14114
11010
11105
14288
13774
7689
13487
4045
8471
13566
13792
9229
7597
11467
11031
2747
7001
15959
9508
10301
13293
9877
11415
11805
765
7817
2216
11258
10461
16072
12614
14763
13769
2421
8653
10470
13340
9929
5890
8253
2882
8244
2844
9720
3999
14505
3427
11195
17221
13298
14512
11963
13323
15946
3738
2210
11627
9178
12121
12098
9445
13624
12870
14621
15474
2504
8863
2417
5643
6796
11090
10632
8539
13598
1586
14688
13154
18550
11065
4919
17563
6540
10711
8691
11087
13587
2374
15861
1592
2130
10703
17726
4777
18379
14205
9193
14082
7753
12904
11787
16242
6692
5140
9610
1836
13319
8529
10761
13944
14582
14601
13913
13689
11070
8671
10375
9150
11385
12878
16005
2839
7830
12178
9451
10267
15344
11215
15493
13325
8013
12080
8219
1337
13445
6040
10698
17113
12462
18386
7761
10586
10909
11823
12427
14741
10191
15631
6483
13956
14087
9382
11807
3666
5154
18571
4018
5307
5401
7493
11683
14027
4715
14404
3667
5911
13378
9542
5450
14526
12077
10830
14246
8578
8374
10999
2895
14013
10070
11457
13635
1358
8330
14302
5003
9044
5041
1685
14925
13788
9123
1708
11248
11437
9334
10378
13008
11780
3981
11094
1526
12214
9849
13188
17044
6751
13428
9684
8293
11545
9982
11480
8280
14280
11062
12182
1720
9254
11625
7468
14807
16371
2947
5890
13516
9625
7145
13387
15086
12721
11293
