191
226
172
237
276
218
226
238
244
229
234
182
272
191
178
202
277
209
288
247
258
227
229
231
225
322
188
300
294
210
278
203
208
194
268
170
175
290
247
197
201
239
250
264
270
175
220
219
199
321
172
211
230
190
276
229
191
270
233
225
291
264
237
200
232
263
200
234
259
226
306
285
166
278
171
276
211
207
179
218
266
196
362
262
396
251
270
253
261
240
275
231
207
259
244
267
214
298
265
270
233
300
258
193
242
227
258
260
235
278
215
221
177
238
345
167
191
242
190
225
221
252
209
220
191
273
236
311
218
232
224
233
133
267
240
258
241
293
313
250
266
229
254
270
224
343
246
187
259
216
270
270
209
206
296
220
249
218
274
171
189
170
218
232
206
144
205
233
237
310
303
308
174
223
288
258
168
228
214
259
336
243
215
307
326
314
218
196
218
292
258
210
392
284
200
303
237
249
224
261
290
220
192
204
262
207
290
154
256
195
224
313
231
210
189
235
184
270
192
253
228
228
220
263
224
194
220
231
233
199
240
189
210
255
239
260
174
277
237
202
257
298
252
292
224
323
234
153
253
265
349
252
198
317
196
178
205
183
290
330
164
318
209
260
273
287
186
279
243
227
306
260
284
168
261
292
328
258
192
308
265
234
279
263
208
236
171
285
393
278
181
226
276
262
157
239
294
215
279
175
272
222
321
285
246
223
159
221
234
191
234
254
187
235
216
221
184
206
275
341
227
219
271
264
179
289
254
206
308
221
217
169
239
241
253
249
203
242
205
224
212
266
196
497
292
221
252
259
277
301
158
253
198
290
260
380
173
259
204
233
254
183
135
241
187
218
213
261
303
257
219
221
185
269
215
205
301
245
233
247
220
268
221
201
181
337
263
213
225
223
269
254
232
236
303
152
291
249
207
248
236
254
258
202
252
195
287
250
356
265
267
270
229
271
242
227
224
231
226
292
270
234
217
220
330
211
162
305
245
253
228
195
272
216
179
274
253
256
262
229
254
402
201
229
212
273
234
196
288
251
284
294
226
269
250
210
215
233
236
266
208
322
223
220
254
205
222
236
228
239
185
249
248
265
300
244
250
234
221
224
231
214
304
279
269
315
269
248
193
177
286
268
258
251
307
248
259
205
273
312
207
271
179
198
191
208
248
239
243
160
294
273
221
233
197
250
236
196
237
216
269
242
210
240
209
236
251
184
223
250
317
213
251
180
189
348
266
189
242
190
287
248
208
291
179
342
220
332
202
345
230
206
276
249
173
215
310
260
282
267
294
252
246
236
230
200
240
247
272
200
222
289
243
255
349
276
444
202
257
199
226
218
179
233
221
287
252
260
172
176
219
240
211
291
240
216
222
231
203
281
236
229
315
275
333
245
204
266
220
252
268
227
248
282
214
222
255
249
210
226
187
193
235
185
165
184
244
213
249
170
389
238
256
250
296
251
259
166
347
194
372
239
249
251
207
257
230
268
285
273
230
247
230
218
206
256
306
211
213
227
277
432
257
268
313
378
275
211
305
302
165
251
225
208
219
211
306
333
217
222
308
185
233
248
159
257
207
225
215
196
183
298
198
306
271
210
292
260
237
258
230
197
349
245
276
268
218
205
265
305
191
222
260
386
217
235
260
231
283
196
243
240
255
247
267
245
236
238
270
209
230
249
315
235
296
298
177
183
165
326
229
182
206
267
158
252
271
317
276
287
264
268
205
173
251
282
235
125
203
238
340
254
240
210
234
162
221
428
315
187
208
288
222
256
208
217
192
155
220
287
286
272
320
443
172
172
354
273
203
258
245
245
202
225
249
204
157
214
250
207
304
280
236
301
244
392
300
239
194
211
204
206
192
219
430
300
164
226
287
169
283
315
198
239
214
235
251
301
202
267
286
262
230
213
193
232
167
289
206
206
247
178
166
221
265
244
235
216
189
253
209
241
196
183
280
207
232
206
272
277
188
264
200
187
253
231
312
233
261
211
268
304
252
203
208
294
234
288
242
198
233
235
208
209
185
398
220
251
208
252
218
224
246
285
212
170
227
156
273
231
239
193
185
250
290
269
221
282
222
287
266
247
216
283
247
217
247
290
130
259
229
361
301
222
218
285
214
249
250
260
321
328
271
180
184
209
195
286
258
237
218
252
177
209
274
266
226
205
215
183
262
242
206
296
331
168
255
286
209
199
183
274
240
207
223
297
284
235
192
203
251
235
193
235
213
208
197
211
218
211
239
268
242
256
226
181
215
198
294
211
271
265
235
291
182
254
214
218
240
238
308
345
349
285
373
336
345
358
389
418
447
394
297
323
272
288
289
326
452
397
404
373
385
338
349
421
262
410
379
279
351
402
273
341
333
417
268
372
257
275
293
303
288
387
401
337
391
350
409
365
394
351
286
299
446
376
301
404
310
401
388
339
351
334
381
289
288
296
244
336
352
409
285
416
201
370
289
352
279
410
342
344
373
305
537
392
413
471
343
228
458
398
384
453
406
423
295
457
352
413
330
386
400
382
351
280
348
345
278
464
253
333
284
330
404
276
351
393
401
380
388
444
351
400
453
335
251
332
398
290
393
447
269
394
278
327
326
280
420
389
407
405
306
383
341
422
459
330
385
387
350
373
337
340
337
460
413
392
405
333
404
274
284
280
223
449
277
345
246
379
350
445
222
463
359
299
283
357
388
412
308
289
352
397
338
405
390
407
391
345
408
409
272
293
387
416
302
309
222
384
285
401
284
329
278
392
378
406
410
399
393
348
401
336
390
425
329
366
348
297
330
284
348
362
388
278
407
402
330
282
398
324
336
403
386
203
398
413
303
307
353
461
404
401
340
398
384
341
470
326
458
340
399
414
408
282
349
242
397
416
271
386
337
345
424
358
393
352
404
391
422
354
408
399
230
470
518
358
398
356
408
396
406
349
381
305
254
359
505
339
328
343
398
402
274
332
423
288
394
285
462
334
289
414
364
203
282
342
335
317
332
333
443
359
390
335
455
344
495
452
308
337
461
342
324
317
522
292
360
290
329
292
288
327
407
344
355
380
394
348
279
420
298
598
297
397
342
283
320
409
355
347
381
404
283
261
346
361
295
344
296
409
281
359
231
436
351
331
346
473
289
336
353
454
403
328
430
331
389
342
277
456
419
249
325
386
468
277
404
386
351
405
312
329
455
277
298
396
355
300
325
466
423
319
354
334
304
410
425
337
384
358
398
406
337
325
342
353
303
292
390
268
356
271
297
455
340
474
343
401
256
393
339
320
345
348
338
400
303
274
331
393
415
344
294
444
272
283
380
394
356
415
302
365
413
354
279
467
395
294
343
298
397
398
390
390
285
397
271
351
346
468
397
407
358
477
389
346
457
295
467
287
329
280
241
400
416
347
275
354
520
389
312
349
339
303
357
397
351
430
351
286
294
389
274
345
345
331
340
225
412
464
312
368
296
289
398
293
275
391
492
275
273
234
439
397
332
327
335
352
464
399
309
287
228
398
291
384
382
332
345
386
351
349
338
310
271
457
293
376
337
426
285
308
345
379
442
213
316
349
330
418
349
333
328
342
297
286
455
278
356
343
407
394
286
343
521
385
346
398
252
321
323
350
389
399
349
396
492
402
394
347
399
388
332
263
333
382
321
303
347
335
350
350
480
311
418
292
330
314
353
293
347
355
417
325
382
297
321
400
380
299
402
277
385
452
410
290
345
273
406
337
398
407
383
444
356
371
240
293
374
355
467
404
394
222
398
393
344
404
386
339
341
302
446
350
348
281
335
321
345
351
343
341
349
411
387
329
354
253
273
308
375
358
348
404
333
319
280
300
414
253
213
323
284
352
352
273
285
287
331
377
333
342
446
336
402
353
413
340
329
403
470
390
335
393
462
344
346
409
211
317
346
402
388
338
281
342
355
334
288
246
328
377
361
290
472
301
403
231
388
390
411
347
471
354
300
343
282
352
404
207
281
292
409
339
333
428
400
392
293
368
354
319
290
451
333
326
339
283
352
406
357
455
403
279
262
351
329
469
253
392
297
279
278
223
285
350
326
334
446
383
331
413
341
340
454
325
263
422
392
355
393
280
408
375
288
301
286
395
525
398
391
393
508
337
303
342
395
276
412
346
272
339
469
417
343
341
339
350
379
344
339
342
277
331
285
329
304
344
394
377
473
264
334
341
392
424
390
355
325
340
326
337
319
409
343
286
361
403
284
514
408
303
299
275
356
334
407
393
233
386
273
405
336
359
411
394
410
414
278
418
290
330
395
411
294
290
287
355
387
335
335
408
340
388
271
334
338
400
274
283
344
465
282
399
394
340
393
277
461
453
396
378
355
311
345
295
395
414
470
357
349
399
344
218
410
413
278
399
294
393
391
290
393
336
402
345
366
348
370
338
372
350
388
347
285
400
305
336
319
329
378
286
289
327
314
393
344
244
287
393
329
349
352
391
448
330
405
274
221
291
332
278
293
344
409
342
341
389
356
398
348
463
403
399
271
341
388
339
411
404
280
408
434
334
390
318
350
304
380
395
288
388
282
280
357
247
402
287
148
166
181
154
169
165
179
205
163
173
193
178
159
183
184
157
181
178
186
183
149
193
191
128
171
157
121
148
142
151
170
188
189
190
154
186
178
139
190
172
151
195
188
199
183
145
129
172
186
169
170
129
164
133
206
181
202
170
168
174
169
169
165
175
176
152
146
166
155
133
160
189
187
174
213
132
126
164
143
126
141
164
187
167
172
173
182
172
184
133
157
198
181
144
141
155
141
175
136
195
147
167
179
183
159
166
187
167
171
177
172
151
150
125
164
139
208
173
145
170
190
174
140
167
162
163
160
133
186
170
162
163
214
169
178
195
175
166
167
176
178
157
155
195
186
134
188
198
188
169
187
165
186
128
158
148
181
187
142
192
152
185
160
155
139
160
135
169
170
143
163
164
203
165
145
161
118
133
187
160
152
186
181
163
168
160
156
169
181
209
171
173
171
143
125
172
142
125
142
181
155
177
149
178
176
175
185
165
172
175
126
171
184
189
193
161
160
178
150
127
119
135
177
187
137
162
186
154
196
169
177
155
152
170
189
191
206
209
150
171
172
155
194
185
142
130
166
196
158
173
182
175
169
180
163
183
169
184
148
166
167
135
148
169
141
190
159
156
174
187
153
168
185
165
175
177
176
177
158
123
138
165
144
166
159
157
154
188
159
154
129
182
174
180
175
160
186
140
156
169
208
195
152
145
155
185
197
164
159
198
185
180
120
151
200
158
146
151
151
150
162
170
184
162
185
143
157
143
173
167
169
158
152
158
148
157
145
168
192
201
143
176
186
194
159
151
159
156
152
172
126
145
174
155
173
210
177
160
156
171
158
180
133
188
146
158
130
146
172
194
136
181
150
176
143
179
162
175
158
158
179
194
138
133
192
114
161
177
177
184
147
146
134
146
157
133
151
153
169
193
165
171
161
145
125
149
154
190
195
184
167
145
129
187
154
200
176
135
209
191
165
165
125
158
153
176
183
192
157
160
153
159
145
152
164
121
175
199
185
178
173
153
149
169
145
193
199
217
184
178
168
178
181
185
157
193
138
150
169
167
172
155
169
198
159
168
142
158
195
159
145
157
190
173
181
155
185
212
179
172
157
156
182
175
142
176
169
124
190
134
177
160
180
139
163
142
159
200
173
175
136
145
212
156
197
164
161
180
157
171
152
128
192
174
166
169
153
155
197
162
158
166
168
122
174
187
155
180
175
165
177
148
158
151
154
161
142
166
195
158
140
152
166
130
159
185
140
168
147
168
153
170
131
149
157
153
168
128
136
184
200
202
192
183
188
152
183
157
134
160
178
172
127
154
162
153
191
187
130
174
154
149
198
140
184
178
183
172
175
188
170
156
177
145
154
198
148
151
186
185
185
178
135
155
196
165
129
122
154
190
156
197
172
168
129
172
163
160
144
178
178
204
175
142
205
193
146
136
161
149
138
154
206
147
170
159
127
183
189
195
214
152
149
152
171
164
199
148
156
169
177
117
153
150
176
148
180
162
160
167
174
183
158
151
178
188
175
178
179
156
141
185
185
173
143
159
176
150
167
197
171
199
165
140
202
164
169
162
149
160
190
163
161
136
196
145
158
151
157
182
188
176
198
187
127
171
186
155
173
164
165
168
175
175
177
139
133
177
194
175
145
155
176
150
175
129
185
181
161
157
177
184
152
140
143
132
145
161
145
173
148
191
160
182
147
194
146
159
184
177
142
146
151
151
187
173
175
165
142
156
139
154
153
183
149
108
163
179
181
184
172
163
162
138
130
167
141
145
171
189
160
175
168
161
187
151
151
178
173
176
178
164
179
180
161
182
168
166
162
172
169
170
159
153
134
143
160
186
136
159
158
154
200
212
154
148
202
184
171
165
195
148
152
173
169
195
139
122
133
147
191
169
170
157
197
164
187
154
188
162
152
169
163
144
156
166
113
174
142
188
197
168
148
137
190
166
111
184
176
160
169
194
160
172
161
173
164
195
168
194
165
190
138
188
174
148
143
175
159
131
190
160
154
177
176
174
122
189
162
186
157
172
187
164
157
176
137
168
157
180
157
126
149
132
169
199
173
186
183
179
200
166
142
142
161
181
189
158
148
184
178
203
146
172
168
167
171
191
191
159
162
165
178
123
170
127
133
181
194
178
173
144
168
166
173
147
178
182
170
153
164
169
157
170
120
165
178
183
139
159
153
150
156
182
156
138
148
180
147
194
122
121
132
169
192
139
140
182
118
195
161
206
130
147
141
171
114
140
125
200
188
152
188
173
144
171
147
194
160
169
13643
15690
16504
13289
13873
1936
14527
17075
3376
11584
17922
17836
13723
12769
16725
12191
16658
1156
2749
16480
8103
13088
18964
11570
13018
6715
8791
11296
3531
9674
13630
19119
15391
20028
3874
14208
13516
7123
13918
11883
8860
15101
16412
1636
4921
10954
18576
13454
8863
5970
12022
6886
13977
8724
20480
10653
16528
12283
4720
15989
2883
5112
5109
15996
15962
13784
12289
12572
9285
10868
11291
9431
13680
10692
13849
7318
6544
10195
3684
6569
1414
14655
16007
15231
13187
3988
13244
10599
7926
15216
16543
14530
16964
3360
16272
4170
1998
11465
2705
18811
14030
15998
15987
14278
12714
7714
10211
3734
11819
14551
17797
10633
4909
16091
2302
9740
13129
14670
11799
11031
19718
18854
11140
13962
5464
5289
4799
9029
13086
13801
6752
16871
10045
2129
14764
16666
1014
11765
14330
12665
6483
11112
12667
18425
14723
16428
12239
16012
4036
12824
12959
10680
18623
1586
6757
9073
11749
4339
2425
11636
13725
14774
9071
5448
2114
18825
5376
3411
10611
8726
10943
5585
14185
9108
8364
9451
3884
1979
11385
16824
11234
19113
15452
14223
14320
15031
4216
7122
15477
9860
13322
4248
13790
8428
874
13239
9090
7420
12154
11322
13543
16422
2200
16048
10634
5107
12724
815
13177
19148
14064
11104
18627
8856
16556
4615
5536
10570
3033
10055
3205
14113
17172
17998
17347
6821
2762
15695
12455
11552
12676
1369
10404
14007
12493
13463
14333
14182
10271
11554
11828
18957
9591
14215
9197
1844
16307
13339
15400
13161
15089
5303
14013
14951
13837
6254
10260
13514
9849
13313
10717
8171
1751
12390
15764
10619
15674
13118
14246
15359
9929
10158
12357
6087
16094
10084
14915
12238
12484
11873
5457
16561
8709
14762
13687
8407
14542
11813
11803
8293
9511
15231
14152
15979
9942
15913
16683
1978
15110
9246
19030
14299
9708
10749
12709
11258
11428
9757
6751
11561
7648
16675
17459
2953
16429
14185
5620
13358
15412
10341
9020
11535
16831
1262
11639
10973
10634
8777
12809
9914
13769
3363
1942
18610
12029
10468
2426
12280
16875
12081
9663
10172
13002
12759
10675
1405
7791
8192
10208
13486
5095
10573
14266
13484
11812
6488
1684
14932
3095
13275
12450
16148
2097
14414
8197
11017
8057
12319
12476
5262
2137
16815
14205
14784
13399
11361
14241
15986
2070
11596
12316
16961
11127
10028
13630
7037
11894
14441
16574
9311
16705
15438
12423
5328
14635
2419
16957
13240
11082
17104
2788
9666
8097
7725
2869
14259
13229
9949
6378
16589
17147
4528
6139
16123
12123
15449
19253
4215
16775
14716
11349
18595
1621
11849
12672
15716
10659
15456
13444
14449
8842
13892
15628
9750
10600
1441
18600
13752
16296
16334
9735
14321
16157
3237
5875
16385
14797
14955
16720
18614
11080
16226
11717
16289
13995
2073
12727
12582
13931
11621
13711
14454
6217
16098
11251
18616
10754
17052
18547
11484
9183
5989
17454
12687
10840
14775
14600
3927
13062
17750
13781
14783
14691
11631
8377
10856
11685
6934
15127
7714
4423
3371
15951
8559
17071
8005
9468
17412
16625
14003
12908
1559
13222
14844
13363
16339
13994
15959
11952
15312
14143
9093
13955
10751
8997
16181
12048
13374
15989
6639
19162
10298
10532
3331
3583
11322
9788
13652
11577
13380
10703
11489
14282
10771
12672
8345
14408
13373
14972
15991
11144
11340
14787
6762
15447
14598
13953
2407
9908
13264
9241
15365
6909
12682
2570
12760
1427
4433
3495
16710
17090
15709
16625
18612
15605
15918
12080
13023
15017
9401
14136
9566
13131
16270
13193
865
13575
15992
4565
13559
10283
17829
13363
6240
17991
11845
11867
14730
13805
18782
15459
9813
18812
12416
947
14048
12773
5014
11670
12722
15303
13303
3836
10883
14625
13636
8711
7140
1728
14933
12306
13670
11821
10397
6388
14163
6331
11749
2627
2489
18096
13646
17515
12123
16005
14944
1658
13985
7724
8782
1374
5368
13570
13637
17066
16878
6451
14508
15409
11303
16004
11631
4816
14206
12243
13353
12036
9929
11333
14324
13991
14112
15820
8020
15734
8009
9907
5530
13398
12065
12358
11054
1420
12121
11285
6856
14506
10787
11415
9214
6312
15584
7223
13706
9803
14282
8796
11461
14183
16576
5055
11036
14623
12707
12572
8872
10835
14771
8413
13336
15859
10012
948
12751
12083
15954
15391
13930
8365
18591
12341
17150
18002
2278
1228
11207
17104
5766
17122
1295
12135
10826
15345
12039
15484
11300
10628
13895
16148
5820
8426
8772
14697
12404
12775
2350
15344
16252
7656
6291
20063
16731
11045
13694
12061
12442
10809
9347
15982
13657
3142
6673
14992
16272
9295
15703
11613
9898
9285
12204
9145
12441
8750
13321
17172
8590
15932
5730
5017
704
11896
11606
13974
5227
15928
738
13745
16280
16150
7387
10846
13940
9522
7419
9613
7273
9269
7870
18887
12914
2434
9739
8283
9070
14297
9620
6597
12164
16353
14286
11407
11742
16774
8649
14063
16509
13340
9372
14490
14052
11255
19705
13593
10565
17710
16212
14442
10917
13498
8247
12181
2624
11778
17827
10815
2127
18633
14463
4926
14862
8584
8877
13000
20081
11330
18328
14571
4358
4203
6389
14777
11412
14234
9714
15987
9428
18666
11927
16410
10554
16725
3047
4571
1909
7362
5542
1307
13005
8744
17404
8971
3681
9944
10049
15819
13511
1203
13400
14000
14760
8869
10498
2323
10177
8488
5004
11163
18604
12234
14299
10210
7130
14073
15287
14633
8651
8908
2001
930
4719
15418
1476
11645
14472
15983
11647
1781
2597
8942
10503
8693
12288
15504
13978
13453
11286
11661
10799
14925
10480
15122
11766
16896
7629
9471
16150
13738
14625
4789
13777
14928
13922
1974
8594
8493
15984
13432
6304
2147
11960
9034
13706
2700
11453
11106
2470
14542
10859
10656
11454
4553
10978
14081
3901
12307
1666
13346
12577
16873
2391
10107
2804
7056
11962
12003
9184
12518
18991
14382
12050
11523
12728
4004
11698
8351
14592
2476
15365
16159
8114
15970
8817
16123
13030
3758
14662
12293
12089
15198
16403
2654
4353
8701
14623
16952
14499
10710
9767
14312
14174
15473
9863
6566
7687
9436
9227
1351
8811
6230
16847
17412
12369
3966
9618
9219
7010
8311
13974
10278
10479
