0.35979
0.475163
0.422924
0.451101
0.341539
0.405696
0.374537
0.407242
0.335713
0.475367
0.38398
0.43252
0.414844
0.392194
0.444913
0.400236
0.45576
0.432093
0.41054
0.414554
0.43267
0.434447
0.377345
0.531064
0.397591
0.495624
0.447219
0.382551
0.372858
0.431557
0.369096
0.398613
0.464896
0.454745
0.426992
0.382114
0.441289
0.367479
0.370696
0.50252
0.361557
0.398402
0.417294
0.412684
0.457216
0.321964
0.394774
0.344414
0.34636
0.4106
0.363288
0.435033
0.388293
0.396874
0.382157
0.415546
0.411651
0.442386
0.452692
0.401767
0.380391
0.460186
0.41807
0.447769
0.458141
0.366717
0.428026
0.448755
0.399027
0.439345
0.413698
0.451186
0.428553
0.386752
0.411251
0.473104
0.380528
0.439495
0.441913
0.395645
0.467695
0.466047
0.431085
0.487057
0.429489
0.374782
0.43872
0.387954
0.378971
0.358348
0.452335
0.353845
0.485086
0.373604
0.329348
0.444133
0.378535
0.327928
0.281906
0.35979
0.475163
0.422924
0.451101
0.341539
0.405696
0.374537
0.407242
0.335713
0.475367
0.38398
0.43252
0.414844
0.392194
0.444913
0.400236
0.45576
0.432093
0.41054
0.414554
0.43267
0.434447
0.377345
0.531064
0.397591
0.495624
0.447219
0.382551
0.372858
0.431557
0.369096
0.398613
0.464896
0.454745
0.426992
0.382114
0.441289
0.367479
0.370696
0.50252
0.361557
0.398402
0.417294
0.412684
0.457216
0.321964
0.394774
0.344414
0.34636
0.4106
0.363288
0.435033
0.388293
0.396874
0.382157
0.415546
0.411651
0.442386
0.452692
0.401767
0.380391
0.460186
0.41807
0.447769
0.458141
0.366717
0.428026
0.448755
0.399027
0.439345
0.413698
0.451186
0.428553
0.386752
0.411251
0.473104
0.380528
0.439495
0.441913
0.395645
0.467695
0.466047
0.431085
0.487057
0.429489
0.374782
0.43872
0.387954
0.378971
0.358348
0.452335
0.353845
0.485086
0.373604
0.329348
0.444133
0.378535
0.327928
0.281906
0.268498
0.369606
0.404176
0.368173
0.255593
0.354545
0.398972
0.373167
0.372357
0.405178
0.336526
0.353691
0.345679
0.376417
0.37624
0.36169
0.355698
0.375954
0.309419
0.340102
0.447233
0.395604
0.383167
0.509979
0.403347
0.411356
0.309614
0.347038
0.363033
0.383709
0.321884
0.36307
0.393925
0.38131
0.345118
0.372273
0.3467
0.350151
0.345452
0.417381
0.345697
0.41781
0.293219
0.433479
0.385994
0.340019
0.377264
0.287395
0.320983
0.362994
0.322685
0.474194
0.339862
0.403219
0.316953
0.403782
0.418895
0.430453
0.398169
0.378311
0.372253
0.420597
0.360067
0.369885
0.435976
0.307612
0.34166
0.384943
0.425169
0.485849
0.383533
0.376866
0.434102
0.435144
0.365068
0.412129
0.318028
0.379837
0.392405
0.397543
0.344263
0.429608
0.436889
0.386894
0.382559
0.283831
0.413125
0.349141
0.406619
0.345975
0.391487
0.295049
0.472899
0.336406
0.291358
0.400074
0.226496
0.333371
0.280326
0.268498
0.369606
0.404176
0.368173
0.255593
0.354545
0.398972
0.373167
0.372357
0.405178
0.336526
0.353691
0.345679
0.376417
0.37624
0.36169
0.355698
0.375954
0.309419
0.340102
0.447233
0.395604
0.383167
0.509979
0.403347
0.411356
0.309614
0.347038
0.363033
0.383709
0.321884
0.36307
0.393925
0.38131
0.345118
0.372273
0.3467
0.350151
0.345452
0.417381
0.345697
0.41781
0.293219
0.433479
0.385994
0.340019
0.377264
0.287395
0.320983
0.362994
0.322685
0.474194
0.339862
0.403219
0.316953
0.403782
0.418895
0.430453
0.398169
0.378311
0.372253
0.420597
0.360067
0.369885
0.435976
0.307612
0.34166
0.384943
0.425169
0.485849
0.383533
0.376866
0.434102
0.435144
0.365068
0.412129
0.318028
0.379837
0.392405
0.397543
0.344263
0.429608
0.436889
0.386894
0.382559
0.283831
0.413125
0.349141
0.406619
0.345975
0.391487
0.295049
0.472899
0.336406
0.291358
0.400074
0.226496
0.333371
0.280326
0.268498
0.369606
0.404176
0.368173
0.255593
0.354545
0.398972
0.373167
0.372357
0.405178
0.336526
0.353691
0.345679
0.376417
0.37624
0.36169
0.355698
0.375954
0.309419
0.340102
0.447233
0.395604
0.383167
0.509979
0.403347
0.411356
0.309614
0.347038
0.363033
0.383709
0.321884
0.36307
0.393925
0.38131
0.345118
0.372273
0.3467
0.350151
0.345452
0.417381
0.345697
0.41781
0.293219
0.433479
0.385994
0.340019
0.377264
0.287395
0.320983
0.362994
0.322685
0.474194
0.339862
0.403219
0.316953
0.403782
0.418895
0.430453
0.398169
0.378311
0.372253
0.420597
0.360067
0.369885
0.435976
0.307612
0.34166
0.384943
0.425169
0.485849
0.383533
0.376866
0.434102
0.435144
0.365068
0.412129
0.318028
0.379837
0.392405
0.397543
0.344263
0.429608
0.436889
0.386894
0.382559
0.283831
0.413125
0.349141
0.406619
0.345975
0.391487
0.295049
0.472899
0.336406
0.291358
0.400074
0.226496
0.333371
0.280326
0.268498
0.369606
0.404176
0.368173
0.255593
0.354545
0.398972
0.373167
0.372357
0.405178
0.336526
0.353691
0.345679
0.376417
0.37624
0.36169
0.355698
0.375954
0.309419
0.340102
0.447233
0.395604
0.383167
0.509979
0.403347
0.411356
0.309614
0.347038
0.363033
0.383709
0.321884
0.36307
0.393925
0.38131
0.345118
0.372273
0.3467
0.350151
0.345452
0.417381
0.345697
0.41781
0.293219
0.433479
0.385994
0.340019
0.377264
0.287395
0.320983
0.362994
0.322685
0.474194
0.339862
0.403219
0.316953
0.403782
0.418895
0.430453
0.398169
0.378311
0.372253
0.420597
0.360067
0.369885
0.435976
0.307612
0.34166
0.384943
0.425169
0.485849
0.383533
0.376866
0.434102
0.435144
0.365068
0.412129
0.318028
0.379837
0.392405
0.397543
0.344263
0.429608
0.436889
0.386894
0.382559
0.283831
0.413125
0.349141
0.406619
0.345975
0.391487
0.295049
0.472899
0.336406
0.291358
0.400074
0.226496
0.333371
0.280326
0.268498
0.369606
0.404176
0.368173
0.255593
0.354545
0.398972
0.373167
0.372357
0.405178
0.336526
0.353691
0.345679
0.376417
0.37624
0.36169
0.355698
0.375954
0.309419
0.340102
0.447233
0.395604
0.383167
0.509979
0.403347
0.411356
0.309614
0.347038
0.363033
0.383709
0.321884
0.36307
0.393925
0.38131
0.345118
0.372273
0.3467
0.350151
0.345452
0.417381
0.345697
0.41781
0.293219
0.433479
0.385994
0.340019
0.377264
0.287395
0.320983
0.362994
0.322685
0.474194
0.339862
0.403219
0.316953
0.403782
0.418895
0.430453
0.398169
0.378311
0.372253
0.420597
0.360067
0.369885
0.435976
0.307612
0.34166
0.384943
0.425169
0.485849
0.383533
0.376866
0.434102
0.435144
0.365068
0.412129
0.318028
0.379837
0.392405
0.397543
0.344263
0.429608
0.436889
0.386894
0.382559
0.283831
0.413125
0.349141
0.406619
0.345975
0.391487
0.295049
0.472899
0.336406
0.291358
0.400074
0.226496
0.333371
0.280326
0.274397
0.369606
0.404176
0.369368
0.255593
0.354545
0.399223
0.373167
0.372357
0.405178
0.336526
0.353805
0.346188
0.376417
0.37624
0.36169
0.355698
0.376111
0.309487
0.340172
0.447233
0.395604
0.383167
0.509979
0.403347
0.41282
0.309614
0.347038
0.363033
0.383709
0.321886
0.36307
0.393925
0.38131
0.345118
0.372273
0.3467
0.350151
0.345452
0.417544
0.346387
0.418396
0.293883
0.433479
0.385994
0.34467
0.377583
0.287395
0.320983
0.363764
0.323978
0.474194
0.339699
0.403219
0.316953
0.403782
0.422586
0.430453
0.399765
0.378311
0.372253
0.420597
0.361194
0.369885
0.436138
0.307612
0.34166
0.384943
0.425169
0.485849
0.383533
0.376866
0.434102
0.440615
0.369223
0.412129
0.318028
0.379837
0.392405
0.397543
0.344263
0.429608
0.436889
0.386894
0.384797
0.283831
0.413125
0.349141
0.407239
0.345975
0.391487
0.280864
0.472899
0.336625
0.291358
0.400074
0.237817
0.337373
0.280326
0.274397
0.369606
0.404176
0.369368
0.255593
0.354545
0.399223
0.373167
0.372357
0.405178
0.336526
0.353805
0.346188
0.376417
0.37624
0.36169
0.355698
0.376111
0.309487
0.340172
0.447233
0.395604
0.383167
0.509979
0.403347
0.41282
0.309614
0.347038
0.363033
0.383709
0.321886
0.36307
0.393925
0.38131
0.345118
0.372273
0.3467
0.350151
0.345452
0.417544
0.346387
0.418396
0.293883
0.433479
0.385994
0.34467
0.377583
0.287395
0.320983
0.363764
0.323978
0.474194
0.339699
0.403219
0.316953
0.403782
0.422586
0.430453
0.399765
0.378311
0.372253
0.420597
0.361194
0.369885
0.436138
0.307612
0.34166
0.384943
0.425169
0.485849
0.383533
0.376866
0.434102
0.440615
0.369223
0.412129
0.318028
0.379837
0.392405
0.397543
0.344263
0.429608
0.436889
0.386894
0.384797
0.283831
0.413125
0.349141
0.407239
0.345975
0.391487
0.280864
0.472899
0.336625
0.291358
0.400074
0.237817
0.337373
0.280326
0.274397
0.369606
0.404176
0.369368
0.255593
0.354545
0.399223
0.373167
0.372357
0.405178
0.336526
0.353805
0.346188
0.376417
0.37624
0.36169
0.355698
0.376111
0.309487
0.340172
0.447233
0.395604
0.383167
0.509979
0.403347
0.41282
0.309614
0.347038
0.363033
0.383709
0.321886
0.36307
0.393925
0.38131
0.345118
0.372273
0.3467
0.350151
0.345452
0.417544
0.346387
0.418396
0.293883
0.433479
0.385994
0.34467
0.377583
0.287395
0.320983
0.363764
0.323978
0.474194
0.339699
0.403219
0.316953
0.403782
0.422586
0.430453
0.399765
0.378311
0.372253
0.420597
0.361194
0.369885
0.436138
0.307612
0.34166
0.384943
0.425169
0.485849
0.383533
0.376866
0.434102
0.440615
0.369223
0.412129
0.318028
0.379837
0.392405
0.397543
0.344263
0.429608
0.436889
0.386894
0.384797
0.283831
0.413125
0.349141
0.407239
0.345975
0.391487
0.280864
0.472899
0.336625
0.291358
0.400074
0.237817
0.337373
0.280326
0.112159
0.187457
0.167597
0.182466
0.0857853
0.136093
0.121411
0.11316
0.130568
0.164183
0.142594
0.193995
0.434896
0.215541
0.135522
0.135406
0.143304
0.209046
0.205491
0.175757
0.139297
0.150579
0.112159
0.187457
0.167597
0.182466
0.0857853
0.136093
0.121411
0.11316
0.130568
0.164183
0.142594
0.193995
0.434896
0.215541
0.135522
0.135406
0.143304
0.209046
0.205491
0.175757
0.139297
0.150579
0.112264
0.114005
0.169578
0.621421
0.116481
0.110596
0.10066
0.149079
0.118948
0.162044
0.587909
0.170528
0.543066
0.116067
0.131635
0.109024
0.109389
0.271729
0.136608
0.13609
0.119757
0.148395
0.196037
0.110144
0.157577
0.0928757
0.104488
0.136033
0.091831
0.144428
0.143421
0.16951
0.130873
0.130618
0.162812
0.180289
0.185905
0.120991
0.146967
0.19793
0.15186
0.151005
0.182004
0.127698
0.178052
0.151509
0.105995
0.257696
0.127003
0.179798
0.161589
0.0695259
0.18072
0.213401
0.151057
0.134122
0.174319
0.120937
0.509086
0.095151
0.209184
0.172852
0.155805
0.121781
0.214659
0.158705
0.374732
0.150569
0.178544
0.0889409
0.189554
0.120298
0.0964556
0.166347
0.114578
0.0862543
0.303048
0.112159
0.187457
0.167597
0.182466
0.0857853
0.136093
0.121411
0.11316
0.130568
0.164183
0.142594
0.193995
0.434896
0.215541
0.135522
0.135406
0.143304
0.209046
0.205491
0.175757
0.139297
0.150579
0.112264
0.114005
0.169578
0.621421
0.116481
0.110596
0.10066
0.149079
0.118948
0.162044
0.587909
0.170528
0.543066
0.116067
0.131635
0.109024
0.109389
0.271729
0.136608
0.13609
0.119757
0.148395
0.196037
0.110144
0.157577
0.0928757
0.104488
0.136033
0.091831
0.144428
0.143421
0.16951
0.130873
0.130618
0.162812
0.180289
0.185905
0.120991
0.146967
0.19793
0.15186
0.151005
0.182004
0.127698
0.178052
0.151509
0.105995
0.257696
0.127003
0.179798
0.161589
0.0695259
0.18072
0.213401
0.151057
0.134122
0.174319
0.120937
0.509086
0.095151
0.209184
0.172852
0.155805
0.121781
0.214659
0.158705
0.374732
0.150569
0.178544
0.0889409
0.189554
0.120298
0.0964556
0.166347
0.114578
0.0862543
0.303048
0.112159
0.187457
0.167597
0.182466
0.0857853
0.136093
0.121411
0.11316
0.130568
0.164183
0.142594
0.193995
0.434896
0.215541
0.135522
0.135406
0.143304
0.209046
0.205491
0.175757
0.139297
0.150579
0.112264
0.114005
0.169578
0.621421
0.116481
0.110596
0.10066
0.149079
0.118948
0.162044
0.587909
0.170528
0.543066
0.116067
0.131635
0.109024
0.109389
0.271729
0.136608
0.13609
0.119757
0.148395
0.196037
0.110144
0.157577
0.0928757
0.104488
0.136033
0.091831
0.144428
0.143421
0.16951
0.130873
0.130618
0.162812
0.180289
0.185905
0.120991
0.146967
0.19793
0.15186
0.151005
0.182004
0.127698
0.178052
0.151509
0.105995
0.257696
0.127003
0.179798
0.161589
0.0695259
0.18072
0.213401
0.151057
0.134122
0.174319
0.120937
0.509086
0.095151
0.209184
0.172852
0.155805
0.121781
0.214659
0.158705
0.374732
0.150569
0.178544
0.0889409
0.189554
0.120298
0.0964556
0.166347
0.114578
0.0862543
0.303048
0.274397
0.369606
0.404176
0.369368
0.255593
0.354545
0.399223
0.373167
0.372357
0.405178
0.336526
0.353805
0.346188
0.376417
0.37624
0.36169
0.355698
0.376111
0.309487
0.340172
0.447233
0.395604
0.383167
0.509979
0.403347
0.41282
0.309614
0.347038
0.363033
0.383709
0.321886
0.36307
0.393925
0.38131
0.345118
0.372273
0.3467
0.350151
0.345452
0.417544
0.346387
0.418396
0.293883
0.433479
0.385994
0.34467
0.377583
0.287395
0.320983
0.363764
0.323978
0.474194
0.339699
0.403219
0.316953
0.403782
0.422586
0.430453
0.399765
0.378311
0.372253
0.420597
0.361194
0.369885
0.436138
0.307612
0.34166
0.384943
0.425169
0.485849
0.383533
0.376866
0.434102
0.440615
0.369223
0.412129
0.318028
0.379837
0.392405
0.397543
0.344263
0.429608
0.436889
0.386894
0.384797
0.283831
0.413125
0.349141
0.407239
0.345975
0.391487
0.280864
0.472899
0.336625
0.291358
0.400074
0.237817
0.337373
0.280326
0.274397
0.369606
0.404176
0.369368
0.255593
0.354545
0.399223
0.373167
0.372357
0.405178
0.336526
0.353805
0.346188
0.376417
0.37624
0.36169
0.355698
0.376111
0.309487
0.340172
0.447233
0.395604
0.383167
0.509979
0.403347
0.41282
0.309614
0.347038
0.363033
0.383709
0.321886
0.36307
0.393925
0.38131
0.345118
0.372273
0.3467
0.350151
0.345452
0.417544
0.346387
0.418396
0.293883
0.433479
0.385994
0.34467
0.377583
0.287395
0.320983
0.363764
0.323978
0.474194
0.339699
0.403219
0.316953
0.403782
0.422586
0.430453
0.399765
0.378311
0.372253
0.420597
0.361194
0.369885
0.436138
0.307612
0.34166
0.384943
0.425169
0.485849
0.383533
0.376866
0.434102
0.440615
0.369223
0.412129
0.318028
0.379837
0.392405
0.397543
0.344263
0.429608
0.436889
0.386894
0.384797
0.283831
0.413125
0.349141
0.407239
0.345975
0.391487
0.280864
0.472899
0.336625
0.291358
0.400074
0.237817
0.337373
0.280326
0.274397
0.369606
0.404176
0.369368
0.255593
0.354545
0.399223
0.373167
0.372357
0.405178
0.336526
0.353805
0.346188
0.376417
0.37624
0.36169
0.355698
0.376111
0.309487
0.340172
0.447233
0.395604
0.383167
0.509979
0.403347
0.41282
0.309614
0.347038
0.363033
0.383709
0.321886
0.36307
0.393925
0.38131
0.345118
0.372273
0.3467
0.350151
0.345452
0.417544
0.346387
0.418396
0.293883
0.433479
0.385994
0.34467
0.377583
0.287395
0.320983
0.363764
0.323978
0.474194
0.339699
0.403219
0.316953
0.403782
0.422586
0.430453
0.399765
0.378311
0.372253
0.420597
0.361194
0.369885
0.436138
0.307612
0.34166
0.384943
0.425169
0.485849
0.383533
0.376866
0.434102
0.440615
0.369223
0.412129
0.318028
0.379837
0.392405
0.397543
0.344263
0.429608
0.436889
0.386894
0.384797
0.283831
0.413125
0.349141
0.407239
0.345975
0.391487
0.280864
0.472899
0.336625
0.291358
0.400074
0.237817
0.337373
0.280326
0.112159
0.187457
0.167597
0.182466
0.0857853
0.136093
0.121411
0.11316
0.130568
0.164183
0.142594
0.193995
0.434896
0.215541
0.135522
0.135406
0.143304
0.209046
0.205491
0.175757
0.139297
0.150579
0.112264
0.114005
0.169578
0.621421
0.116481
0.110596
0.10066
0.149079
0.118948
0.162044
0.587909
0.170528
0.543066
0.116067
0.131635
0.109024
0.109389
0.271729
0.136608
0.13609
0.119757
0.148395
0.196037
0.110144
0.157577
0.0928757
0.104488
0.136033
0.091831
0.144428
0.143421
0.16951
0.130873
0.130618
0.162812
0.180289
0.185905
0.120991
0.146967
0.19793
0.15186
0.151005
0.182004
0.127698
0.178052
0.151509
0.105995
0.257696
0.127003
0.179798
0.161589
0.0695259
0.18072
0.213401
0.151057
0.134122
0.174319
0.120937
0.509086
0.095151
0.209184
0.172852
0.155805
0.121781
0.214659
0.158705
0.374732
0.150569
0.178544
0.0889409
0.189554
0.120298
0.0964556
0.166347
0.114578
0.0862543
0.303048
0.998995
0.526382
0.093648
0.172475
0.314377
0.998871
0.999434
0.999261
0.999881
0.999184
0.999002
0.999629
0.410614
0.999513
0.998653
0.223716
0.998692
0.999666
0.996756
0.571482
0.365436
0.999161
0.999697
0.320961
0.999986
0.997498
0.124585
0.99903
1.00029
0.998361
0.228592
0.999457
0.997775
0.361504
0.333442
1.00025
0.998624
0.999264
0.999833
0.998685
0.230755
0.999612
0.998293
0.417151
0.728792
1.00016
0.999869
0.999167
0.293362
0.999199
0.640613
0.999551
0.0568846
0.999654
0.999774
0.99928
0.999762
1.00001
0.999771
0.999752
0.999505
1.00007
0.99916
0.998425
0.999936
0.999302
0.162271
0.998776
0.999537
0.999925
0.999526
0.999441
0.99995
0.434929
0.999987
0.99872
0.220863
0.998565
0.201137
0.99992
0.172677
0.295607
0.999573
0.998476
0.0524886
0.3098
0.254055
0.998937
0.296547
0.999367
0.999523
0.272274
0.999698
0.528572
0.998909
0.207422
0.185563
0.999928
0.106399
0.998995
0.526382
0.093648
0.172475
0.314377
0.998871
0.999434
0.999261
0.999881
0.999184
0.999002
0.999629
0.410614
0.999513
0.998653
0.223716
0.998692
0.999666
0.996756
0.571482
0.365436
0.999161
0.999697
0.320961
0.999986
0.997498
0.124585
0.99903
1.00029
0.998361
0.228592
0.999457
0.997775
0.361504
0.333442
1.00025
0.998624
0.999264
0.999833
0.998685
0.230755
0.999612
0.998293
0.417151
0.728792
1.00016
0.999869
0.999167
0.293362
0.999199
0.640613
0.999551
0.0568846
0.999654
0.999774
0.99928
0.999762
1.00001
0.999771
0.999752
0.999505
1.00007
0.99916
0.998425
0.999936
0.999302
0.162271
0.998776
0.999537
0.999925
0.999526
0.999441
0.99995
0.434929
0.999987
0.99872
0.220863
0.998565
0.201137
0.99992
0.172677
0.295607
0.999573
0.998476
0.0524886
0.3098
0.254055
0.998937
0.296547
0.999367
0.999523
0.272274
0.999698
0.528572
0.998909
0.207422
0.185563
0.999928
0.106399
0.273457
0.25926
0.282391
0.27378
0.320806
0.362037
0.404493
0.391062
0.374834
0.409388
0.368157
0.315967
0.3569
0.394567
0.380846
0.372495
0.382253
0.333601
0.377471
0.345201
0.453019
0.40981
0.38535
0.540033
0.2769
0.476218
0.311315
0.361023
0.464493
0.39062
0.331859
0.375205
0.43215
0.265253
0.347832
0.391217
0.353682
0.355056
0.346299
0.427433
0.359603
0.429845
0.298372
0.441148
0.308377
0.372387
0.27247
0.358561
0.400399
0.382755
0.398994
0.481225
0.231721
0.413863
0.214734
0.403982
0.444102
0.306012
0.29777
0.391984
0.379843
0.359466
0.372492
0.372224
0.324558
0.317383
0.291223
0.386634
0.430416
0.492954
0.397255
0.256137
0.298393
0.457554
0.32727
0.412291
0.298684
0.472763
0.392692
0.413091
0.358871
0.470427
0.448298
0.422298
0.264511
0.342832
0.422802
0.355629
0.416936
0.35116
0.275488
0.298294
0.332488
0.350328
0.352049
0.285367
0.252176
0.357914
0.301598
0.599473
0.633005
0.662172
0.70028
0.537587
0.709515
0.677229
0.693558
0.663141
0.782269
0.679503
0.758443
0.555467
0.736731
0.699273
0.682629
0.703352
0.802427
0.434639
0.730904
0.406173
0.744855
0.492118
0.626113
0.670006
0.634426
0.584737
0.461882
0.620917
0.710216
0.688838
0.713921
0.36247
0.556376
0.47513
0.558238
0.401853
0.532972
0.584754
0.818352
0.381672
0.596568
0.626448
0.751572
0.751867
0.675851
0.63282
0.540452
0.540849
0.500879
0.533672
0.631649
0.546924
0.657807
0.561123
0.596583
0.701188
0.633989
0.685337
0.654562
0.650286
0.755329
0.653136
0.613107
0.679094
0.621174
0.715671
0.460366
0.687246
0.724591
0.627749
0.67174
0.661121
0.500264
0.753905
0.742932
0.681568
0.701767
0.761615
0.551114
0.498845
0.586677
0.740776
0.800289
0.597728
0.597998
0.523892
0.727763
0.422448
0.716706
0.708645
0.578792
0.681235
0.648838
0.545974
0.607037
0.441876
0.517175
0.34407
0.278153
0.242662
0.273783
0.245478
0.310128
0.316204
0.329761
0.342935
0.326869
0.404722
0.285712
0.283366
0.351595
0.341721
0.362327
0.321848
0.355698
0.313074
0.323792
0.340395
0.38145
0.366424
0.351657
0.47434
0.262004
0.39216
0.294697
0.307397
0.434741
0.377877
0.296942
0.354896
0.340299
0.225281
0.318433
0.368789
0.345878
0.296198
0.34812
0.378137
0.299891
0.372185
0.294669
0.378443
0.303267
0.302338
0.255968
0.360764
0.34319
0.340978
0.385179
0.431539
0.229503
0.395532
0.212098
0.35561
0.389806
0.292139
0.273823
0.371302
0.338584
0.339566
0.360345
0.369885
0.295488
0.307612
0.289561
0.38625
0.374413
0.471269
0.36915
0.248919
0.273667
0.389676
0.302783
0.412129
0.266679
0.410372
0.357667
0.3718
0.308596
0.405214
0.392626
0.347067
0.255209
0.339758
0.38337
0.331132
0.335864
0.31105
0.260502
0.290796
0.284292
0.305375
0.346689
0.263271
0.212899
0.298677
0.253644
0.278153
0.25926
0.27769
0.236265
0.315866
0.352716
0.371999
0.374411
0.374834
0.405821
0.338468
0.30496
0.344511
0.379029
0.380846
0.371697
0.367391
0.322329
0.374129
0.345191
0.432997
0.39616
0.383167
0.499904
0.272178
0.430917
0.30008
0.347038
0.448451
0.385766
0.327973
0.368707
0.392277
0.261877
0.347832
0.400552
0.352476
0.350423
0.369517
0.419086
0.348092
0.425561
0.297235
0.435318
0.303177
0.336837
0.267611
0.448371
0.391813
0.379817
0.404848
0.47906
0.239549
0.408817
0.211973
0.403982
0.426671
0.316746
0.277964
0.379533
0.375084
0.38054
0.366874
0.372048
0.312354
0.307049
0.289561
0.38625
0.428425
0.491769
0.391069
0.251111
0.29791
0.443461
0.316817
0.412129
0.262797
0.455105
0.392956
0.393683
0.351557
0.429724
0.437457
0.398047
0.259321
0.358722
0.422097
0.355529
0.409812
0.349139
0.273916
0.307927
0.300013
0.338416
0.351623
0.273855
0.245347
0.335023
0.251189
0.136041
0.116569
0.110811
0.0772982
0.107872
0.113768
0.262674
0.143835
4.53098e+246
0.186491
0.119821
0.119995
0.10699
0.710547
0.55891
0.758436
0.506491
0.529239
0.86544
0.601
0.461597
0.659248
0.61287
0.869706
0.859055
0.718216
0.808625
0.389326
0.853275
0.545565
0.482947
0.80473
0.514314
0.765452
0.760183
0.485868
0.846962
0.627376
0.860945
0.649522
0.702634
0.335553
0.812491
0.871652
0.760893
0.422329
0.84074
0.751338
0.567142
0.7756
0.789366
0.719364
0.606407
0.752285
0.811672
0.558318
0.511478
0.541947
0.87623
0.859715
0.516757
0.513245
0.866846
0.356857
0.542444
0.834244
0.399251
0.302213
0.778734
0.504668
0.691207
0.542824
0.600319
0.592338
0.606084
0.875612
0.816387
0.75699
0.445906
0.569138
0.821541
0.694107
0.779255
0.420273
0.74912
0.78883
0.920566
0.795066
0.91593
0.420972
0.556815
0.491725
0.869901
0.760499
0.468475
0.81161
0.457678
0.681836
0.80164
0.592069
0.812172
0.868851
0.608247
0.90332
0.735624
0.482929
0.488289
0.710547
0.55891
0.758436
0.526006
0.631091
0.86544
0.601
0.461597
0.65967
0.61287
0.869706
0.859055
0.720072
0.808625
0.390123
0.853275
0.570597
0.484411
0.80473
0.514314
0.801877
0.760183
0.485868
0.863201
0.626997
0.861536
0.649697
0.707064
0.338268
0.814714
0.871652
0.785342
0.422329
0.846638
0.761985
0.568659
0.7756
0.789366
0.719364
0.606823
0.676164
0.820121
0.563941
0.526436
0.541947
0.876932
0.860182
0.517448
0.513245
0.866846
0.391776
0.543268
0.834244
0.386686
0.316928
0.791255
0.504668
0.689957
0.5561
0.602032
0.59385
0.606609
0.875664
0.816387
0.757932
0.400611
0.569138
0.823319
0.694107
0.779255
0.442435
0.74912
0.805635
0.920566
0.795066
0.919421
0.419861
0.556815
0.493139
0.869901
0.760499
0.47816
0.81161
0.459093
0.684208
0.817197
0.592069
0.812172
0.868851
0.608247
0.90332
0.735624
0.482217
0.488647
0.710547
0.55891
0.758436
0.526006
0.631091
0.86544
0.601
0.461597
0.65967
0.61287
0.869706
0.859055
0.720072
0.808625
0.390123
0.853275
0.570597
0.484411
0.80473
0.514314
0.801877
0.760183
0.485868
0.863201
0.626997
0.861536
0.649697
0.707064
0.338268
0.814714
0.871652
0.785342
0.422329
0.846638
0.761985
0.568659
0.7756
0.789366
0.719364
0.606823
0.676164
0.820121
0.563941
0.526436
0.541947
0.876932
0.860182
0.517448
0.513245
0.866846
0.391776
0.543268
0.834244
0.386686
0.316928
0.791255
0.504668
0.689957
0.5561
0.602032
0.59385
0.606609
0.875664
0.816387
0.757932
0.400611
0.569138
0.823319
0.694107
0.779255
0.442435
0.74912
0.805635
0.920566
0.795066
0.919421
0.419861
0.556815
0.493139
0.869901
0.760499
0.47816
0.81161
0.459093
0.684208
0.817197
0.592069
0.812172
0.868851
0.608247
0.90332
0.735624
0.482217
0.488647
0.710547
0.558387
0.758436
0.526006
0.70571
0.86309
0.602577
0.472094
0.65967
0.61287
0.883537
0.859055
0.720072
0.808625
0.39032
0.853275
0.583704
0.494321
0.806809
0.516592
0.8107
0.760183
0.488366
0.878317
0.624765
0.862023
0.682142
0.70836
0.331593
0.818322
0.871726
0.784279
0.431674
0.851871
0.771995
0.574756
0.786167
0.789366
0.733998
0.621605
0.66372
0.82128
0.600798
0.527602
0.550889
0.882216
0.86371
0.522196
0.513552
0.872478
0.402162
0.546672
0.834934
0.432372
0.316928
0.788186
0.528369
0.706465
0.555259
0.604198
0.594617
0.608806
0.876527
0.816387
0.758323
0.427581
0.585576
0.823319
0.694107
0.780713
0.438706
0.759941
0.812522
0.920566
0.798893
0.933266
0.44036
0.559912
0.492105
0.869901
0.758471
0.52048
0.811785
0.462175
0.698262
0.828107
0.592069
0.812678
0.874966
0.602814
0.90332
0.740727
0.498576
0.488461
0.710547
0.558387
0.758436
0.526006
0.70571
0.86309
0.602577
0.472094
0.65967
0.61287
0.883537
0.859055
0.720072
0.808625
0.39032
0.853275
0.583704
0.494321
0.806809
0.516592
0.8107
0.760183
0.488366
0.878317
0.624765
0.862023
0.682142
0.70836
0.331593
0.818322
0.871726
0.784279
0.431674
0.851871
0.771995
0.574756
0.786167
0.789366
0.733998
0.621605
0.66372
0.82128
0.710547
0.558387
0.758436
0.526006
0.70571
0.86309
0.602577
0.472094
0.65967
0.61287
0.883537
0.859055
0.720072
0.808625
0.39032
0.853275
0.583704
0.494321
0.806809
0.516592
0.8107
0.760183
0.488366
0.878317
0.624765
0.862023
0.682142
0.70836
0.331593
0.818322
0.871726
0.784279
0.431674
0.851871
0.771995
0.574756
0.786167
0.789366
0.733998
0.621605
0.66372
0.82128
0.600798
0.527602
0.550889
0.882216
0.86371
0.522196
0.513552
0.872478
0.402162
0.546672
0.834934
0.432372
0.316928
0.788186
0.528369
0.706465
0.555259
0.604198
0.594617
0.608806
0.876527
0.816387
0.758323
0.427581
0.585576
0.823319
0.694107
0.780713
0.438706
0.759941
0.812522
0.920566
0.798893
0.933266
0.44036
0.559912
0.492105
0.869901
0.758471
0.52048
0.811785
0.462175
0.698262
0.828107
0.592069
0.812678
0.874966
0.602814
0.90332
0.740727
0.498576
0.488461
0.710547
0.710547
0.558387
0.758436
0.526006
0.70571
0.86309
0.710547
0.558387
0.758436
0.526006
0.70571
0.86309
0.602577
0.472094
0.65967
0.61287
0.883537
0.859055
0.710547
0.558387
0.758436
0.526006
0.70571
0.86309
0.602577
0.472094
0.65967
0.61287
0.883537
0.859055
0.720072
0.808625
0.39032
0.853275
0.583704
0.494321
0.806809
0.516592
0.8107
0.760183
0.488366
0.878317
0.624765
0.862023
0.682142
0.70836
0.331593
0.818322
0.871726
0.784279
0.431674
0.851871
0.771995
0.574756
0.786167
0.789366
0.733998
0.621605
0.66372
0.82128
0.600798
0.527602
0.550889
0.882216
0.86371
0.522196
0.513552
0.872478
0.402162
0.546672
0.834934
0.432372
0.316928
0.788186
0.528369
0.706465
0.555259
0.604198
0.594617
0.608806
0.876527
0.816387
0.758323
0.427581
0.585576
0.823319
0.694107
0.780713
0.438706
0.759941
0.812522
0.920566
0.798893
0.933266
0.44036
0.559912
0.492105
0.869901
0.758471
0.52048
0.811785
0.462175
0.698262
0.828107
0.592069
0.812678
0.874966
0.602814
0.90332
0.740727
0.498576
0.488461
