1
1
1
1
1
1
1
1
1
1
1
1
1
1
1
1
1
1
1
1
1
1
1
1
1
1
1
1
1
1
1
1
1
1
1
1
1
1
1
1
1
1
1
1
1
1
1
1
1
1
1
1
1
1
1
1
1
1
1
1
1
1
1
1
1
1
1
1
1
1
1
1
1
1
1
1
1
1
1
1
1
1
1
1
1
1
1
1
1
1
1
1
1
1
1
1
1
1
1
1
1
1
1
1
1
1
1
1
1
1
1
1
1
1
1
1
1
1
1
1
1
1
1
1
1
1
1
1
1
1
1
1
1
1
1
1
1
1
1
1
1
1
1
1
1
1
1
1
1
1
1
1
1
1
1
1
1
1
1
1
1
1
1
1
1
1
1
1
1
1
1
1
1
1
1
1
1
1
1
1
1
1
1
1
1
1
1
1
1
1
1
1
1
1
1
1
1
1
1
1
1
1
1
1
1
1
1
1
1
1
1
1
1
1
1
1
1
1
1
1
1
1
1
1
1
1
1
1
1
1
1
1
1
1
1
1
1
1
1
1
1
1
1
1
1
1
1
1
1
1
1
1
1
1
1
1
1
1
1
1
1
1
1
1
1
1
1
1
1
1
1
1
1
1
1
1
1
1
1
1
1
1
1
1
1
1
1
1
1
1
1
1
1
1
1
1
1
1
1
1
1
1
1
1
1
1
1
1
1
1
1
1
1
1
1
1
1
1
1
1
1
1
1
1
1
1
1
1
1
1
1
1
1
1
1
1
1
1
1
1
1
1
1
1
1
1
1
1
1
1
1
1
1
1
1
1
1
1
1
1
1
1
1
1
1
1
1
1
1
1
1
1
1
1
1
1
1
1
1
1
1
1
1
1
1
1
1
1
1
1
1
1
1
1
1
1
1
1
1
1
1
1
1
1
1
1
1
1
1
1
1
1
1
1
1
1
1
1
1
1
1
1
1
1
1
1
1
1
1
1
1
1
1
1
1
1
1
1
1
1
1
1
1
1
1
1
1
1
1
1
1
1
1
1
1
1
1
1
1
1
1
1
1
1
1
1
1
1
1
1
1
1
1
1
1
1
1
1
1
1
1
1
1
1
1
1
1
1
1
1
1
1
1
1
1
1
1
1
1
1
1
1
1
1
1
1
1
1
1
1
1
1
1
1
1
1
1
1
1
1
1
1
1
1
1
1
1
1
1
1
1
1
1
1
1
1
1
1
1
1
1
1
1
1
1
1
1
1
1
1
1
1
1
1
1
1
1
1
1
1
1
1
1
1
1
1
1
1
1
1
1
1
1
1
1
1
1
1
1
1
1
1
1
1
1
1
1
1
1
1
1
1
1
1
1
1
1
1
1
1
1
1
1
1
1
1
1
1
1
1
1
1
1
1
1
1
1
1
1
1
1
1
1
1
1
1
1
1
1
1
1
1
1
1
1
1
1
1
1
1
1
1
1
1
1
1
1
1
1
1
1
1
1
1
1
1
1
1
1
1
1
1
1
1
1
1
1
1
1
1
1
1
1
1
1
1
1
1
1
1
1
1
1
1
1
1
1
1
1
1
1
1
1
1
1
1
1
1
1
1
1
1
1
1
1
1
1
1
1
1
1
1
1
1
1
1
1
1
1
1
1
1
1
1
1
1
1
1
1
1
1
1
1
1
1
1
1
1
1
1
1
1
1
1
1
1
1
1
1
1
1
1
1
1
1
1
1
1
1
1
1
1
1
1
1
1
1
1
1
1
1
1
1
1
1
1
1
1
1
1
1
1
1
1
1
1
1
1
1
1
1
1
1
1
1
1
1
1
1
1
1
1
1
1
1
1
1
1
1
1
1
1
1
1
1
1
1
1
1
1
1
1
1
1
1
1
1
1
1
1
1
1
1
1
1
1
1
1
1
1
1
1
1
1
1
1
1
1
1
1
1
1
1
1
1
1
1
1
1
1
1
1
1
1
1
1
1
1
1
1
1
1
1
1
1
1
1
1
1
1
1
1
1
1
1
1
1
1
1
1
1
1
1
1
1
1
1
1
1
1
1
1
1
1
1
1
1
1
1
1
1
1
1
1
1
1
1
1
1
1
1
1
1
1
1
1
1
1
1
1
1
1
1
1
1
1
1
1
1
1
1
1
1
1
1
1
1
1
1
1
1
1
1
1
1
1
1
1
1
1
1
1
1
1
1
1
1
1
1
1
1
1
1
1
1
1
1
1
1
1
1
1
1
1
1
1
1
1
1
1
1
1
1
1
1
1
1
1
1
1
0.590042
0.80992
0.649658
0.533996
0.649488
0.673434
0.581306
0.79691
0.715582
0.701716
0.620721
0.584498
0.722989
0.679944
0.657133
0.762727
0.700866
0.726548
0.721892
0.792007
0.735426
0.72188
0.666817
0.75196
0.579798
0.618851
0.76624
0.63121
0.663554
0.798693
0.762757
0.69642
0.768884
0.646228
0.71948
0.765846
0.772145
0.580294
0.636373
0.64152
0.742315
0.652291
0.693035
0.73754
0.764719
0.789362
0.697153
0.681233
0.587375
0.661599
0.679526
0.61011
0.796613
0.685273
0.664518
0.644544
0.673821
0.742791
0.641817
0.705107
0.551098
0.775405
0.703635
0.784136
0.764875
0.759257
0.718198
0.652525
0.568862
0.671017
0.832236
0.607463
0.658399
0.622929
0.674013
0.694529
0.727106
0.736305
0.622322
0.652086
0.709906
0.716351
0.708602
0.721798
0.598504
0.653106
0.733386
0.695767
0.647297
0.682721
0.785839
0.798201
0.621481
0.584918
0.738475
0.781349
0.653143
0.736815
0.734712
0.751926
0.611713
0.70326
0.642995
0.653665
0.698493
0.709746
0.630563
0.703424
0.66577
0.594407
0.690229
0.623582
0.754901
0.702007
0.705429
0.678352
0.61463
0.681794
0.648295
0.687653
0.728962
0.625236
0.538421
0.548727
0.678681
0.602847
0.634355
0.707781
0.713482
0.63135
0.775215
0.648438
0.783004
0.693363
0.702985
0.682232
0.661837
0.784511
0.598942
0.658367
0.68995
0.734993
0.628037
0.647132
0.739882
0.600748
0.808251
0.563974
0.762479
0.669942
0.800149
0.77133
0.773434
0.60704
0.672491
0.580775
0.705168
0.653422
0.742233
0.65414
0.679256
0.78456
0.728267
0.698167
0.708539
0.641424
0.677346
0.726212
0.700866
0.647723
0.7608
0.795632
0.679132
0.686656
0.70818
0.610102
0.566022
0.73181
0.783506
0.708543
0.802444
0.694178
0.628881
0.672993
0.666532
0.696824
0.773519
0.756879
0.581763
0.663626
0.830634
0.596481
0.795343
0.813652
0.755341
0.743572
0.652965
0.844494
0.699168
0.650981
0.73354
0.769338
0.673809
0.678435
0.515775
0.626835
0.729265
0.69261
0.643182
0.750878
0.683762
0.613983
0.597335
0.731387
0.701226
0.685567
0.573169
0.6728
0.715184
0.705567
0.656139
0.680715
0.738836
0.729787
0.776669
0.590525
0.606359
0.733146
0.795655
0.819195
0.636144
0.677334
0.759634
0.659289
0.636192
0.658312
0.717166
0.783109
0.673488
0.631247
0.751558
0.74111
0.665195
0.701206
0.622831
0.703693
0.633025
0.751957
0.750528
0.603731
0.685843
0.724832
0.667448
0.756096
0.696984
0.743356
0.658439
0.65627
0.636679
0.653999
0.670319
0.611302
0.728212
0.663999
0.593754
0.718885
0.671333
0.723914
0.617209
0.697639
0.728451
0.781809
0.704157
0.711681
0.704135
0.632373
0.596038
0.6695
0.661825
0.684686
0.678476
0.658561
0.649028
0.685078
0.669234
0.639146
0.663928
0.688478
0.739153
0.706364
0.781928
0.766861
0.685582
0.717338
0.600141
0.689926
0.532941
0.596626
0.685361
0.658205
0.64032
0.725333
0.71404
0.587426
0.654004
0.683733
0.56751
0.572105
0.742845
0.76629
0.701431
0.556942
0.770888
0.64216
0.722503
0.621581
0.566677
0.647061
0.680787
0.774284
0.78152
0.723566
0.600429
0.68547
0.614237
0.615839
0.625131
0.781608
0.762415
0.707885
0.597954
0.740135
0.76083
0.611069
0.691611
0.765042
0.685119
0.71255
0.649462
0.732837
0.696593
0.629656
0.83129
0.632341
0.753978
0.639258
0.597359
0.773929
0.645477
0.692289
0.665683
0.576306
0.694731
0.577409
0.769536
0.706414
0.655261
0.612295
0.691475
0.622489
0.691924
0.467011
0.579143
0.617066
0.647069
0.775686
0.663102
0.582804
0.558653
0.817818
0.627345
0.625454
0.776072
0.629885
0.655023
0.660959
0.72857
0.615739
0.664168
0.648533
0.747795
0.630999
0.637162
0.732397
0.719306
0.717815
0.663694
0.704135
0.740441
0.686603
0.702182
0.694334
0.717662
0.774434
0.649352
0.70675
0.755332
0.607595
0.636104
0.719321
0.701294
0.689318
0.799506
0.563127
0.615742
0.809983
0.59931
0.821231
0.660076
0.925694
0.793761
0.661023
0.49375
0.748621
0.631792
0.589533
0.783409
0.841138
0.701112
0.755491
0.71961
0.73099
0.712807
0.730654
0.590606
0.691443
0.657781
0.626894
0.661534
0.615776
0.571887
0.833064
0.672427
0.612491
0.688218
0.707093
0.589306
0.587612
0.713698
0.671963
0.664878
0.664034
0.770619
0.739535
0.679438
0.638681
0.746725
0.727649
0.803477
0.677697
0.832848
0.661045
0.772326
0.66547
0.730357
0.648567
0.666126
0.653586
0.696788
0.672581
0.644816
0.730715
0.607862
0.702663
0.63257
0.604317
0.642757
0.638739
0.627388
0.707206
0.722507
0.70898
0.788088
0.680052
0.812601
0.75768
0.632988
0.656011
0.769654
0.696462
0.882554
0.851661
0.625266
0.585674
0.755976
0.759742
0.605367
0.733573
0.689446
0.767994
0.71024
0.65728
0.576698
0.669035
0.705263
0.779357
0.666971
0.763475
0.909169
0.713747
0.768272
0.691449
0.733218
0.609114
0.795058
0.588239
0.578671
0.608194
0.770409
0.634938
0.787924
0.694139
0.657505
0.752712
0.661555
0.758417
0.703773
0.639599
0.489316
0.660007
0.693443
0.725708
0.787143
0.715266
0.702698
0.699957
0.656822
0.658835
0.756554
0.623787
0.712334
0.639643
0.75344
0.534437
0.650569
0.731292
0.749589
0.658408
0.615961
0.649921
0.596727
0.632772
0.628571
0.588725
0.603166
0.562256
0.671735
0.655428
0.78623
0.691458
0.714441
0.802775
0.583132
0.655219
0.687001
0.624601
0.62851
0.6546
0.706682
0.787519
0.770083
0.556142
0.605295
0.627181
0.703914
0.672894
0.765182
0.606695
0.738946
0.603232
0.672361
0.690572
0.678567
0.64801
0.745598
0.679655
0.758367
0.755774
0.732377
0.750161
0.71175
0.67963
0.688586
0.815505
0.734612
0.590105
0.767408
0.684345
0.606877
0.515206
0.653465
0.71984
0.718857
0.710067
0.778031
0.640159
0.715996
0.656558
0.768329
0.669058
0.605966
0.605155
0.755425
0.631486
0.688323
0.789645
0.679224
0.85522
0.608682
0.560078
0.568961
0.654039
0.773176
0.7788
0.787085
0.717925
0.684009
0.715623
0.676873
0.648895
0.804318
0.692998
0.568051
0.560384
0.758577
0.774392
0.725685
0.618686
0.7769
0.570009
0.726839
0.688719
0.740751
0.723056
0.632794
0.649379
0.624356
0.752964
0.658589
0.727774
0.771132
0.693037
0.691943
0.61251
0.813844
0.817933
0.73178
0.693875
0.72713
0.704049
0.692936
0.691359
0.653665
0.699283
0.726913
0.597164
0.670714
0.636655
0.624502
0.724236
0.724685
0.693109
0.660452
0.741427
0.665514
0.619507
0.635416
0.542436
0.669558
0.679668
0.537634
0.677242
0.702362
0.779138
0.633726
0.614285
0.621
0.526047
0.783724
0.700121
0.632034
0.701791
0.727579
0.779575
0.809544
0.685805
0.777055
0.725186
0.702536
0.613363
0.661349
0.714997
0.773106
0.704813
0.608766
0.742554
0.61592
0.700093
0.621061
0.74384
0.632262
0.692331
0.793339
0.695028
0.685269
0.693474
0.656916
0.784863
0.701998
0.671678
0.695906
0.600955
0.606912
0.639829
0.694756
0.61515
0.655379
0.688404
0.683874
0.733007
0.699285
0.669936
0.668711
0.621945
0.757108
0.754213
0.698559
0.762357
0.651847
0.665052
0.745898
0.802188
0.743271
0.700231
0.781658
0.694822
0.596706
0.658725
0.606908
0.659871
0.525336
0.733564
0.670156
0.766646
0.592119
0.684451
0.637019
0.751168
0.722285
0.705415
0.638281
0.638033
0.896845
0.673022
0.730433
0.702338
0.766797
0.702837
0.757329
0.594919
0.670023
0.613924
0.746561
0.615687
0.686294
0.700662
0.842716
0.687845
0.718627
0.754948
0.654859
0.627738
0.716456
0.691367
0.667099
0.736241
0.803829
0.697854
0.776106
0.784216
0.62093
0.681405
0.679685
0.634693
0.697717
0.810297
0.786382
0.712641
0.856977
0.741768
0.627117
0.628297
0.682514
0.568865
0.750452
0.70675
0.670311
0.607645
0.804316
0.774612
0.743424
0.622777
0.765541
0.486236
0.629159
0.576157
0.694398
0.483321
0.693073
0.679022
0.668814
0.635527
0.653325
0.598656
0.661873
0.730825
0.755601
0.692005
0.637441
0.653213
0.672269
0.689848
0.599857
0.714285
0.642478
0.550896
0.631937
0.714848
0.704586
0.703529
0.674952
0.617231
0.658274
0.649783
0.693703
0.646121
0.792107
0.534068
0.648898
0.586556
0.651042
0.703
0.73644
0.797933
0.682411
0.764732
0.731536
0.657565
0.659072
0.705878
0.69097
0.761408
0.562256
0.716803
0.57808
0.634971
0.78425
0.571908
0.540277
0.730326
0.7257
0.627804
0.633425
0.681276
0.615595
0.78844
0.585031
0.603014
0.74999
0.621524
0.609144
0.727395
0.60305
0.631743
0.659873
0.699536
0.616997
0.612083
0.672865
0.633595
0.640928
0.626357
0.766098
0.601784
0.639521
0.670226
0.760485
0.654908
0.67388
0.824923
0.742123
0.647461
0.714551
0.725594
0.744775
0.771412
0.742809
0.7006
0.647971
0.642426
0.608059
0.70562
0.750983
0.764366
0.725173
0.642419
0.846386
0.671987
0.718904
0.653534
0.642037
0.711962
0.822213
0.620567
0.592801
0.640003
0.724975
0.672106
0.693291
0.758862
0.69916
0.665455
0.716114
0.562768
0.671055
0.620635
0.709387
0.702736
0.654828
0.702158
0.602825
0.745884
0.703556
0.703535
0.653759
0.629477
0.823133
0.752189
0.744929
0.788497
0.58944
0.75972
0.535465
0.823234
0.632725
0.649103
0.662865
0.672877
0.705382
0.665163
0.599981
0.627791
0.67698
0.655341
0.806247
0.710229
0.627717
0.652746
0.640953
0.649166
0.618474
0.537249
0.735139
0.743098
0.571017
0.667694
0.743162
0.803265
0.700083
0.69223
0.669289
0.65654
0.583793
0.849436
0.735864
0.657411
0.740464
0.831065
0.649735
0.617562
0.628832
0.721314
0.680851
0.761627
0.634926
0.694496
0.714796
0.749386
0.626128
0.638125
0.724674
0.599985
0.843918
0.744155
0.719632
0.745268
0.694174
0.645801
0.616246
0.72058
1
1
1
1
1
1
1
1
1
1
1
1
1
1
1
1
1
1
1
1
1
1
1
1
1
1
1
1
1
1
1
1
1
1
1
1
1
1
1
1
1
1
1
1
1
1
1
1
1
1
1
1
1
1
1
1
1
1
1
1
1
1
1
1
1
1
1
1
1
1
1
1
1
1
1
1
1
1
1
1
1
1
1
1
1
1
1
1
1
1
1
1
1
1
1
1
1
1
1
1
1
1
1
1
1
1
1
1
1
1
1
1
1
1
1
1
1
1
1
1
1
1
1
1
1
1
1
1
1
1
1
1
1
1
1
1
1
1
1
1
1
1
1
1
1
1
1
1
1
1
1
1
1
1
1
1
1
1
1
1
1
1
1
1
1
1
1
1
1
1
1
1
1
1
1
1
1
1
1
1
1
1
1
1
1
1
1
1
1
1
1
1
1
1
1
1
1
1
1
1
1
1
1
1
1
1
1
1
1
1
1
1
1
1
1
1
1
1
1
1
1
1
1
1
1
1
1
1
1
1
1
1
1
1
1
1
1
1
1
1
1
1
1
1
1
1
1
1
1
1
1
1
1
1
1
1
1
1
1
1
1
1
1
1
1
1
1
1
1
1
1
1
1
1
1
1
1
1
1
1
1
1
1
1
1
1
1
1
1
1
1
1
1
1
1
1
1
1
1
1
1
1
1
1
1
1
1
1
1
1
1
1
1
1
1
1
1
1
1
1
1
1
1
1
1
1
1
1
1
1
1
1
1
1
1
1
1
1
1
1
1
1
1
1
1
1
1
1
1
1
1
1
1
1
1
1
1
1
1
1
1
1
1
1
1
1
1
1
1
1
1
1
1
1
1
1
1
1
1
1
1
1
1
1
1
1
1
1
1
1
1
1
1
1
1
1
1
1
1
1
1
1
1
1
1
1
1
1
1
1
1
1
1
1
1
1
1
1
1
1
1
1
1
1
1
1
1
1
1
1
1
1
1
1
1
1
1
1
1
1
1
1
1
1
1
1
1
1
1
1
1
1
1
1
1
1
1
1
1
1
1
1
1
1
1
1
1
1
1
1
1
1
1
1
1
1
1
1
1
1
1
1
1
1
1
1
1
1
1
1
1
1
1
1
1
1
1
1
1
1
1
1
1
1
1
1
1
1
1
1
1
1
1
1
1
1
1
1
1
1
1
1
1
1
1
1
1
1
1
1
1
1
1
1
1
1
1
1
1
1
1
1
1
1
1
1
1
1
1
1
1
1
1
1
1
1
1
1
1
1
1
1
1
1
1
1
1
1
1
1
1
1
1
1
1
1
1
1
1
1
1
1
1
1
1
1
1
1
1
1
1
1
1
1
1
1
1
1
1
1
1
1
1
1
1
1
1
1
1
1
1
1
1
1
1
1
1
1
1
1
1
1
1
1
1
1
1
1
1
1
1
1
1
1
1
1
1
1
1
1
1
1
1
1
1
1
1
1
1
1
1
1
1
1
1
1
1
1
1
1
1
1
1
1
1
1
1
1
1
1
1
1
1
1
1
1
1
1
1
1
1
1
1
1
1
1
1
1
1
1
1
1
1
1
1
1
1
1
1
1
1
1
1
1
1
1
1
1
1
1
1
1
1
1
1
1
1
1
1
1
1
1
1
1
1
1
1
1
1
1
1
1
1
1
1
1
1
1
1
1
1
1
1
1
1
1
1
1
1
1
1
1
1
1
1
1
1
1
1
1
1
1
1
1
1
1
1
1
1
1
1
1
1
1
1
1
1
1
1
1
1
1
1
1
1
1
1
1
1
1
1
1
1
1
1
1
1
1
1
1
1
1
1
1
1
1
1
1
1
1
1
1
1
1
1
1
1
1
1
1
1
1
1
1
1
1
1
1
1
1
1
1
1
1
1
1
1
1
1
1
1
1
1
1
1
1
1
1
1
1
1
1
1
1
1
1
1
1
1
1
1
1
1
1
1
1
1
1
1
1
1
1
1
1
1
1
1
1
1
1
1
1
1
1
1
1
1
1
1
1
1
1
1
1
1
1
1
1
1
1
1
1
1
1
1
1
1
1
1
1
1
1
1
1
1
1
1
1
1
1
1
1
1
1
1
1
1
1
1
1
1
1
1
1
1
1
1
1
1
1
1
1
1
1
1
1
1
1
1
1
1
1
1
1
1
1
1
1
1
1
1
1
1
1
1
1
1
1
1
1
1
1
1
1
1
1
1
1
1
1
1
1
1
1
1
1
1
1
1
1
1
1
1
1
1
1
1
1
1
1
0.870365
0.919071
0.916029
0.875303
0.761917
0.809739
0.706011
0.921206
0.866255
0.891014
0.886436
0.84531
0.863564
0.838186
0.856293
0.867694
0.851484
0.839374
0.812734
0.789028
0.873209
0.738937
0.803271
0.931848
0.828418
0.820021
0.832079
0.859182
0.882733
0.911017
0.909635
0.799235
0.874561
0.882073
0.863661
0.775185
0.921456
0.826342
0.775366
0.84667
0.763508
0.875118
0.896263
0.907712
0.841914
0.89037
0.847811
0.810372
0.733168
0.787804
0.765029
0.896742
0.865464
0.862183
0.828951
0.936015
0.897375
0.839095
0.714597
0.90944
0.855629
0.864002
0.838982
0.90137
0.807124
0.725581
0.801035
0.859711
0.803294
0.821241
0.832988
0.899304
0.843128
0.794095
0.852051
0.868486
0.919264
0.829524
0.818133
0.782696
0.839504
0.821887
0.885883
0.737772
0.86299
0.88537
0.854011
0.810607
0.747896
0.875525
0.908445
0.881546
0.849293
0.900898
0.839048
0.87185
0.84946
0.861129
0.869529
0.817159
0.878556
0.781978
0.849737
0.839988
0.796306
0.830796
0.808225
0.876067
0.853724
0.851013
0.747417
0.754194
0.812573
0.839426
0.867902
0.888378
0.909551
0.883875
0.881358
0.873235
0.829669
0.690428
0.705134
0.843802
0.800592
0.827973
0.839692
0.7934
0.803534
0.849119
0.89921
0.76948
0.863297
0.910983
0.806863
0.8579
0.800044
0.890887
0.873311
0.852165
0.888838
0.765272
0.845014
0.810214
0.824048
0.718982
0.880923
0.846709
0.799436
0.769872
0.849742
0.88328
0.823062
0.828483
0.859961
0.852453
0.913098
0.951621
0.787059
0.840958
0.902399
0.843653
0.74402
0.896836
0.856383
0.808506
0.710298
0.782427
0.880863
0.896998
0.860956
0.791854
0.852046
0.910804
0.798468
0.845052
0.79722
0.916441
0.896601
0.792008
0.912775
0.825801
0.857411
0.906695
0.840474
0.921275
0.918918
0.885216
0.848104
0.856521
0.929846
0.7875
0.924976
0.823825
0.856795
0.82295
0.843948
0.869589
0.749166
0.822375
0.861734
0.829565
0.818699
0.80182
0.852569
0.726502
0.903002
0.857669
0.831007
0.904137
0.874424
0.788223
0.835244
0.747263
0.863516
0.839726
0.781362
0.92241
0.686624
0.884638
0.89363
0.825178
0.89593
0.820426
0.826568
0.822199
0.695605
0.867552
0.915267
0.88529
0.815594
0.862915
0.865453
0.822405
0.865628
0.88674
0.890368
0.923452
0.848473
0.762033
0.90265
0.874923
0.850089
0.728747
0.772316
0.838381
0.838969
0.78494
0.84919
0.843207
0.788548
0.799735
0.859176
0.8949
0.823834
0.902522
0.777663
0.864623
0.767979
0.831038
0.828496
0.861234
0.866318
0.851135
0.856129
0.830865
0.876689
0.826717
0.815086
0.908263
0.84713
0.836515
0.912568
0.852477
0.902178
0.889364
0.683363
0.73455
0.763419
0.822951
0.842468
0.862025
0.797144
0.868234
0.793747
0.841259
0.816857
0.89012
0.865129
0.732511
0.800025
0.834111
0.78314
0.880113
0.806861
0.857655
0.865094
0.810074
0.898331
0.815054
0.919242
0.866738
0.851779
0.775414
0.871461
0.850258
0.720329
0.705512
0.835939
0.857608
0.873678
0.871559
0.91527
0.885232
0.84836
0.820162
0.764786
0.875393
0.870907
0.917611
0.877031
0.804958
0.843857
0.821701
0.811899
0.671027
0.84233
0.856436
0.87906
0.861534
0.836814
0.917408
0.900648
0.860421
0.884722
0.781569
0.905951
0.839438
0.789037
0.917929
0.862608
0.88081
0.940536
0.841399
0.881054
0.861978
0.87258
0.971458
0.85086
0.790789
0.820632
0.597725
0.844558
0.813928
0.876029
0.853563
0.866976
0.856348
0.869399
0.91211
0.869228
0.788032
0.85989
0.8461
0.841707
0.834364
0.820225
0.846283
0.760296
0.918902
0.879133
0.797368
0.782888
0.83459
0.798412
0.820094
0.811497
0.796301
0.775226
0.790224
0.83426
0.852262
0.81972
0.878125
0.705523
0.916013
0.767744
0.829152
0.863102
0.841036
0.697504
0.827675
0.868465
0.788281
0.80698
0.871224
0.858675
0.822501
0.851557
0.8906
0.872205
0.923774
0.899176
0.786869
0.841651
0.917192
0.843717
0.826044
0.724714
0.934595
0.814394
0.871258
0.682329
0.833185
0.778878
0.763758
0.813229
0.850684
0.799768
0.852661
0.926827
0.865623
0.840526
0.901543
0.715866
0.811921
0.769643
0.888775
0.86062
0.907521
0.754996
0.891625
0.754098
0.840114
0.880313
0.940992
0.740908
0.823757
0.879491
0.788073
0.884103
0.871227
0.825404
0.734376
0.906712
0.818017
0.886109
0.933327
0.852228
0.801603
0.919982
0.897115
0.870837
0.802441
0.850985
0.785351
0.876862
0.747412
0.883414
0.836208
0.861809
0.893432
0.698338
0.879504
0.831277
0.794943
0.826869
0.906117
0.872785
0.851437
0.816374
0.900767
0.915877
0.816264
0.92424
0.926348
0.816715
0.898102
0.796183
0.929581
0.930767
0.865156
0.871568
0.828708
0.856641
0.78959
0.865401
0.899844
0.865268
0.776751
0.887482
0.731305
0.934919
0.892884
0.900428
0.867397
0.794921
0.856997
0.92481
0.77851
0.885118
0.852941
0.73846
0.886805
0.815045
0.855482
0.826819
0.826531
0.809903
0.891298
0.89398
0.899471
0.83393
0.840933
0.89436
0.918099
0.788615
0.853114
0.828113
0.841973
0.865731
0.792633
0.88573
0.900202
0.826251
0.887299
0.932237
0.823424
0.894646
0.811913
0.797036
0.813969
0.963613
0.812747
0.865117
0.936252
0.897114
0.818388
0.771724
0.795291
0.767389
0.874892
0.806701
0.820446
0.848612
0.879866
0.736589
0.932428
0.89772
0.754394
0.805779
0.924448
0.859036
0.819273
0.872693
0.761173
0.89552
0.801726
0.80168
0.929392
0.951914
0.898944
0.812745
0.801994
0.807299
0.794871
0.817881
0.841612
0.94427
0.85347
0.806281
0.823552
0.865711
0.667836
0.71477
0.853834
0.902772
0.798189
0.8639
0.780324
0.875216
0.810253
0.820444
0.878962
0.878806
0.822407
0.807685
0.844196
0.882648
0.734784
0.826373
0.860838
0.788659
0.86135
0.786411
0.83956
0.881254
0.871873
0.843975
0.839218
0.767077
0.798525
0.800546
0.84902
0.834932
0.909355
0.794766
0.879314
0.873895
0.75897
0.831623
0.850958
0.801592
0.825315
0.925674
0.913174
0.713909
0.868908
0.860393
0.867619
0.855557
0.871886
0.708047
0.674872
0.746425
0.897583
0.870666
0.786495
0.904881
0.857877
0.757275
0.772394
0.763941
0.882088
0.9198
0.879099
0.825513
0.821369
0.888618
0.84953
0.820662
0.858092
0.809532
0.754986
0.889376
0.88373
0.682784
0.879164
0.845567
0.727219
0.887492
0.892408
0.779911
0.810566
0.820303
0.897427
0.741923
0.809009
0.909652
0.883896
0.893348
0.836215
0.880912
0.744307
0.877965
0.898204
0.859991
0.797398
0.802917
0.886978
0.829169
0.887835
0.892993
0.874806
0.839868
0.630212
0.79906
0.763827
0.845044
0.782285
0.838093
0.870995
0.878025
0.832336
0.937447
0.807139
0.806372
0.788057
0.835079
0.82222
0.806113
0.750411
0.835055
0.772915
0.729457
0.822403
0.732418
0.944486
0.87454
0.80754
0.861809
0.847866
0.773236
0.87777
0.934753
0.86397
0.807165
0.798534
0.871129
0.805584
0.794029
0.770594
0.796677
0.852384
0.865265
0.843432
0.809879
0.684133
0.903039
0.802236
0.828528
0.793826
0.859948
0.908978
0.766754
0.919595
0.81216
0.84903
0.669012
0.91258
0.940038
0.856535
0.807543
0.694714
0.89192
0.836806
0.83877
0.828358
0.847387
0.760149
0.822249
0.8647
0.896126
0.833353
0.692849
0.855399
0.920283
0.850928
0.898208
0.86433
0.833594
0.879806
0.903116
0.876532
0.771313
0.891571
0.91864
0.850109
0.81503
0.798655
0.910048
0.867859
0.856575
0.695407
0.797844
0.785409
0.943545
0.822726
0.827011
0.754823
0.859185
0.846498
0.723366
0.864747
0.887398
0.773837
0.804734
0.791026
0.772782
0.841807
0.859702
0.857483
0.894227
0.871369
0.882472
0.886481
0.961367
0.752699
0.91055
0.863358
0.798558
0.871994
0.843117
0.85498
0.788107
0.90267
0.865988
0.870737
0.829498
0.902466
0.851417
0.817002
0.840006
0.692663
0.808399
0.800593
0.886256
0.693406
0.842758
0.854236
0.861668
0.880986
0.799148
0.880682
0.845668
0.759173
0.810199
0.893966
0.925089
0.860053
0.920853
0.823427
0.803731
0.925748
0.813553
0.920375
0.868054
0.762271
0.692761
0.822819
0.900522
0.884772
0.761356
0.918809
0.84944
0.902415
0.855241
0.817485
0.841366
0.801422
0.716655
0.885637
0.821376
0.834552
0.840313
0.864907
0.848082
0.767131
0.864355
0.924654
0.873778
0.882513
0.820295
0.895337
0.739191
0.878086
0.978554
0.762251
0.728315
0.804865
0.841784
0.821203
0.848595
0.936699
0.853627
0.843818
0.803513
0.736798
0.821687
0.765412
0.767172
0.858698
0.878572
0.725113
0.841902
0.914781
0.872945
0.817935
0.861664
0.827293
0.868912
0.734313
0.774552
0.819439
0.760324
0.861136
0.887339
0.818307
0.821241
0.852558
0.851784
0.837969
0.826745
0.861419
0.813349
0.912294
0.856926
0.838464
0.902242
0.892574
0.755002
0.854828
0.901177
0.859467
0.884483
0.867951
0.861496
0.880543
0.847238
0.8853
0.919294
0.775729
0.897943
0.740873
0.73744
0.742329
0.778296
0.655511
0.900759
0.9164
0.881388
0.797012
0.835077
0.912598
0.818333
0.855553
0.740566
0.869698
0.86608
0.825495
0.839082
0.806237
0.661154
0.790285
0.896545
0.869867
0.83696
0.826018
0.818423
0.916442
0.852478
0.876693
0.767643
0.882516
0.791977
0.946125
0.906761
0.755957
0.897069
0.914425
0.935777
0.846815
0.885118
0.755471
0.911561
0.882701
0.808318
0.895024
0.819288
0.771415
0.752631
0.838336
0.828747
0.799257
0.796836
0.820519
0.83896
0.895896
0.875913
0.847177
0.824945
0.729611
0.726384
0.960597
0.781327
0.920042
0.883172
0.928907
0.900935
0.895674
0.804135
0.96258
0.937711
0.772062
0.853125
0.86661
0.868855
0.823441
0.89229
0.866049
0.783661
0.846675
0.848218
0.863704
0.821524
0.814358
0.825732
0.822421
0.855518
0.82831
