1
1
1
1
1
1
1
1
1
1
1
1
1
1
1
1
1
1
1
1
1
1
1
1
1
1
1
1
1
1
1
1
1
1
1
1
1
1
1
1
1
1
1
1
1
1
1
1
1
1
1
1
1
1
1
1
1
1
1
1
1
1
1
1
1
1
1
1
1
1
1
1
1
1
1
1
1
1
1
1
1
1
1
1
1
1
1
1
1
1
1
1
1
1
1
1
1
1
1
1
1
1
1
1
1
1
1
1
1
1
1
1
1
1
1
1
1
1
1
1
1
1
1
1
1
1
1
1
1
1
1
1
1
1
1
1
1
1
1
1
1
1
1
1
1
1
1
1
1
1
1
1
1
1
1
1
1
1
1
1
1
1
1
1
1
1
1
1
1
1
1
1
1
1
1
1
1
1
1
1
1
1
1
1
1
1
1
1
1
1
1
1
1
1
1
1
1
1
1
1
1
1
1
1
1
1
1
1
1
1
1
1
1
1
1
1
1
1
1
1
1
1
1
1
1
1
1
1
1
1
1
1
1
1
1
1
1
1
1
1
1
1
1
1
1
1
1
1
1
1
1
1
1
1
1
1
1
1
1
1
1
1
1
1
1
1
1
1
1
1
1
1
1
1
1
1
1
1
1
1
1
1
1
1
1
1
1
1
1
1
1
1
1
1
1
1
1
1
1
1
1
1
1
1
1
1
1
1
1
1
1
1
1
1
1
1
1
1
1
1
1
1
1
1
1
1
1
1
1
1
1
1
1
1
1
1
1
1
1
1
1
1
1
1
1
1
1
1
1
1
1
1
1
1
1
1
1
1
1
1
1
1
1
1
1
1
1
1
1
1
1
1
1
1
1
1
1
1
1
1
1
1
1
1
1
1
1
1
1
1
1
1
1
1
1
1
1
1
1
1
1
1
1
1
1
1
1
1
1
1
1
1
1
1
1
1
1
1
1
1
1
1
1
1
1
1
1
1
1
1
1
1
1
1
1
1
1
1
1
1
1
1
1
1
1
1
1
1
1
1
1
1
1
1
1
1
1
1
1
1
1
1
1
1
1
1
1
1
1
1
1
1
1
1
1
1
1
1
1
1
1
1
1
1
1
1
1
1
1
1
1
1
1
1
1
1
1
1
1
1
1
1
1
1
1
1
1
1
1
1
1
1
1
1
1
1
1
1
1
1
1
1
1
1
1
1
1
1
1
1
1
1
1
1
1
1
1
1
1
1
1
1
1
1
1
1
1
1
1
1
1
1
1
1
1
1
1
1
1
1
1
1
1
1
1
1
1
1
1
1
1
1
1
1
1
1
1
1
1
1
1
1
1
1
1
1
1
1
1
1
1
1
1
1
1
1
1
1
1
1
1
1
1
1
1
1
1
1
1
1
1
1
1
1
1
1
1
1
1
1
1
1
1
1
1
1
1
1
1
1
1
1
1
1
1
1
1
1
1
1
1
1
1
1
1
1
1
1
1
1
1
1
1
1
1
1
1
1
1
1
1
1
1
1
1
1
1
1
1
1
1
1
1
1
1
1
1
1
1
1
1
1
1
1
1
1
1
1
1
1
1
1
1
1
1
1
1
1
1
1
1
1
1
1
1
1
1
1
1
1
1
1
1
1
1
1
1
1
1
1
1
1
1
1
1
1
1
1
1
1
1
1
1
1
1
1
1
1
1
1
1
1
1
1
1
1
1
1
1
1
1
1
1
1
1
1
1
1
1
1
1
1
1
1
1
1
1
1
1
1
1
1
1
1
1
1
1
1
1
1
1
1
1
1
1
1
1
1
1
1
1
1
1
1
1
1
1
1
1
1
1
1
1
1
1
1
1
1
1
1
1
1
1
1
1
1
1
1
1
1
1
1
1
1
1
1
1
1
1
1
1
1
1
1
1
1
1
1
1
1
1
1
1
1
1
1
1
1
1
1
1
1
1
1
1
1
1
1
1
1
1
1
1
1
1
1
1
1
1
1
1
1
1
1
1
1
1
1
1
1
1
1
1
1
1
1
1
1
1
1
1
1
1
1
1
1
1
1
1
1
1
1
1
1
1
1
1
1
1
1
1
1
1
1
1
1
1
1
1
1
1
1
1
1
1
1
1
1
1
1
1
1
1
1
1
1
1
1
1
1
1
1
1
1
1
1
1
1
1
1
1
1
1
1
1
1
1
1
1
1
1
1
1
1
1
1
1
1
1
1
1
1
1
1
1
1
1
1
1
1
1
1
1
1
1
1
1
1
1
1
1
1
1
1
1
1
1
1
1
1
0.636794
0.609775
0.643483
0.609006
0.657355
0.784812
0.709244
0.762059
0.626244
0.641143
0.713331
0.700662
0.737247
0.712993
0.587601
0.750136
0.650441
0.586596
0.721277
0.741473
0.714143
0.706594
0.695
0.694179
0.720042
0.695237
0.804485
0.608931
0.709186
0.694738
0.604156
0.612055
0.670984
0.532654
0.747825
0.737871
0.651631
0.802431
0.656931
0.665515
0.731915
0.620212
0.779681
0.640984
0.702565
0.673915
0.666948
0.588392
0.714304
0.652229
0.747395
0.71012
0.667784
0.625489
0.726649
0.596594
0.60072
0.577858
0.564961
0.692749
0.605869
0.691767
0.652201
0.732149
0.760692
0.633849
0.784785
0.668524
0.593722
0.755437
0.609389
0.727847
0.624949
0.62933
0.613751
0.743478
0.683834
0.653239
0.761403
0.606322
0.572245
0.619084
0.688029
0.572155
0.729976
0.596576
0.67061
0.668839
0.694117
0.705065
0.690311
0.779801
0.661853
0.704068
0.75526
0.786077
0.644537
0.679937
0.694047
0.753242
0.693985
0.630403
0.723487
0.656648
0.648223
0.647154
0.741756
0.662374
0.616296
0.669372
0.578591
0.803453
0.64112
0.728722
0.715151
0.687004
0.649609
0.578184
0.707428
0.711638
0.689753
0.750731
0.763642
0.697865
0.85825
0.696342
0.705995
0.570527
0.706194
0.791666
0.615889
0.653958
0.767342
0.707975
0.698761
0.743799
0.619195
0.811432
0.582339
0.767138
0.719568
0.669116
0.715949
0.6332
0.639287
0.592975
0.729539
0.681165
0.74336
0.70149
0.710112
0.637873
0.667802
0.542969
0.747174
0.806814
0.723226
0.697698
0.718096
0.777953
0.705691
0.712594
0.755116
0.707965
0.667454
0.693558
0.707622
0.719348
0.818941
0.815712
0.617711
0.691298
0.648916
0.614806
0.706816
0.732024
0.702381
0.694749
0.730328
0.760017
0.686501
0.755963
0.532751
0.736414
0.702798
0.770687
0.589066
0.752536
0.711003
0.788696
0.665099
0.772546
0.718307
0.70667
0.630569
0.668921
0.774278
0.752821
0.743125
0.678454
0.537478
0.578281
0.658763
0.669916
0.5987
0.621213
0.588842
0.726011
0.619628
0.610509
0.720554
0.645577
0.678159
0.639277
0.718167
0.524192
0.658373
0.657134
0.673169
0.70305
0.745482
0.743528
0.75996
0.824664
0.685136
0.611802
0.615993
0.794256
0.704119
0.69975
0.691416
0.642182
0.655527
0.704351
0.708713
0.653381
0.771836
0.701923
0.606863
0.68443
0.718532
0.569595
0.687866
0.776225
0.743475
0.746461
0.600188
0.717715
0.662913
0.740406
0.589427
0.662053
0.833727
0.565161
0.585617
0.704964
0.685939
0.72036
0.75056
0.6778
0.723577
0.572161
0.603699
0.682752
0.607858
0.773288
0.706479
0.642574
0.735698
0.720441
0.628846
0.699098
0.636869
0.651591
0.632438
0.704487
0.651619
0.603847
0.683479
0.659558
0.737558
0.688874
0.767768
0.746422
0.603865
0.738543
0.617814
0.761357
0.670523
0.774163
0.716931
0.652912
0.68251
0.669385
0.788861
0.763552
0.733193
0.640705
0.675245
0.723672
0.490206
0.631063
0.709224
0.599826
0.641854
0.673669
0.603241
0.735364
0.706079
0.57058
0.640111
0.725898
0.716347
0.70264
0.653974
0.670011
0.649058
0.682318
0.65489
0.6816
0.778482
0.582964
0.726612
0.687506
0.672227
0.782541
0.712179
0.631212
0.65088
0.658334
0.678406
0.681323
0.61014
0.879851
0.781037
0.672858
0.736202
0.667002
0.693179
0.679533
0.775174
0.637409
0.627496
0.697257
0.738648
0.726495
0.665867
0.603278
0.657337
0.575339
0.665155
0.606426
0.753134
0.690552
0.776797
0.66016
0.692801
0.700654
0.689135
0.729039
0.623729
0.69949
0.645345
0.814606
0.606162
0.719493
0.655068
0.668525
0.656076
0.566411
0.766568
0.745502
0.654956
0.607346
0.603635
0.655666
0.650498
0.648134
0.721567
0.705406
0.597112
0.72186
0.644095
0.593593
0.730701
0.645216
0.524372
0.680852
0.743123
0.755525
0.612444
0.634825
0.747766
0.708323
0.727049
0.660923
0.707413
0.743952
0.668521
0.738674
0.662941
0.740519
0.674907
0.640732
0.709996
0.641067
0.650295
0.630368
0.675406
0.691403
0.651599
0.660075
0.761082
0.609003
0.694233
0.665559
0.67947
0.763297
0.672304
0.673342
0.768054
0.562689
0.672091
0.656372
0.766567
0.610534
0.63775
0.605327
0.666569
0.65494
0.728472
0.720677
0.626917
0.859006
0.699714
0.578701
0.532931
0.701294
0.662761
0.784321
0.667483
0.707237
0.67061
0.698415
0.624855
0.646123
0.570894
0.882273
0.596139
0.694735
0.676972
0.723262
0.642771
0.615395
0.64311
0.70847
0.56076
0.779835
0.683871
0.698775
0.55248
0.744261
0.727693
0.703965
0.647689
0.715605
0.521978
0.691314
0.630313
0.597522
0.651355
0.687765
0.712681
0.713421
0.713304
0.686208
0.73228
0.61774
0.648723
0.596908
0.676117
0.575892
0.627484
0.674813
0.730348
0.599183
0.707569
0.627768
0.770992
0.627017
0.541287
0.615249
0.594874
0.751204
0.728587
0.704832
0.606422
0.685044
0.750237
0.615962
0.676126
0.679253
0.731569
0.722632
0.729623
0.604081
0.627794
0.601385
0.60857
0.796415
0.815151
0.665275
0.738666
0.643518
0.681577
0.723703
0.670633
0.68522
0.652529
0.698642
0.675255
0.712934
0.625798
0.64539
0.738854
0.770451
0.699522
0.643463
0.731554
0.626791
0.552329
0.626593
0.670614
0.640464
0.739143
0.810346
0.662852
0.775332
0.719957
0.697211
0.734102
0.569069
0.684003
0.617886
0.802464
0.599025
0.722839
0.725145
0.696615
0.597656
0.6385
0.800104
0.761511
0.614668
0.624105
0.679853
0.685209
0.648577
0.627158
0.569212
0.71472
0.675613
0.615061
0.521456
0.642368
0.727606
0.601239
0.727728
0.743044
0.691327
0.580279
0.667586
0.642947
0.526109
0.659124
0.795336
0.565186
0.621888
0.72355
0.685831
0.537282
0.679575
0.660463
0.602279
0.79075
0.724786
0.677398
0.735826
0.684933
0.619502
0.58556
0.800199
0.634329
0.67205
0.66815
0.634608
0.585084
0.740609
0.674071
0.682507
0.575188
0.668289
0.684401
0.589721
0.608477
0.709972
0.596671
0.694555
0.659765
0.593743
0.650411
0.641539
0.674836
0.665892
0.645069
0.609582
0.596325
0.603591
0.724515
0.761408
0.648779
0.724872
0.617191
0.718877
0.748666
0.66135
0.63304
0.741725
0.602098
0.659859
0.69939
0.70581
0.642983
0.718186
0.63667
0.635764
0.614496
0.675585
0.71479
0.699303
0.77393
0.575161
0.650077
0.699226
0.661149
0.643782
0.634966
0.755889
0.771201
0.677265
0.706899
0.609809
0.602729
0.764656
0.694167
0.744685
0.707174
0.616253
0.785709
0.740366
0.721012
0.710737
0.773986
0.611946
0.548491
0.649055
0.788565
0.600407
0.681539
0.697042
0.674706
0.596011
0.704467
0.755978
0.612561
0.64005
0.643425
0.772611
0.737075
0.747593
0.616387
0.61366
0.739322
0.731225
0.586874
0.696051
0.738374
0.687217
0.659624
0.658602
0.6086
0.668249
0.699527
0.702139
0.692116
0.742937
0.739248
0.693508
0.657503
0.607468
0.686939
0.685905
0.672883
0.747166
0.660661
0.726368
0.721074
0.571411
0.773726
0.715867
0.625019
0.73186
0.62708
0.624754
0.748611
0.641202
0.764825
0.684019
0.683347
0.651608
0.64668
0.664863
0.67378
0.724886
0.659534
0.672369
0.726497
0.675358
0.646964
0.720714
0.726063
0.702692
0.635716
0.679519
0.639529
0.76632
0.583999
0.662615
0.679942
0.671454
0.793004
0.727533
0.650953
0.744515
0.681331
0.691836
0.753067
0.686414
0.713775
0.730191
0.67139
0.63991
0.796925
0.790044
0.665266
0.702676
0.606687
0.58554
0.655507
0.684745
0.757006
0.720344
0.635861
0.720105
0.673983
0.608574
0.609859
0.683988
0.749118
0.716919
0.776198
0.768718
0.636934
0.584983
0.560822
0.680567
0.617986
0.509248
0.746103
0.629324
0.643013
0.673095
0.608213
0.673771
0.776419
0.669734
0.626043
0.678118
0.611173
0.658143
0.715474
0.691621
0.704613
0.692415
0.540457
0.599333
0.652038
0.693802
0.667332
0.764495
0.651584
0.68685
0.684302
0.736736
0.621633
0.790747
0.772034
0.642133
0.609244
0.745485
0.620347
0.753579
0.789352
0.600001
0.698592
0.656714
0.633172
0.690814
0.695448
0.563605
0.73075
0.546432
0.721957
0.742996
0.68458
0.634615
0.68342
0.632952
0.683988
0.721218
0.717401
0.720494
0.697503
0.710635
0.649951
0.723102
0.653363
0.694069
0.713335
0.661363
0.697939
0.763313
0.625894
0.661386
0.578929
0.575808
0.776699
0.763044
0.78211
0.824709
0.716071
0.728258
0.642001
0.698906
0.793606
0.665943
0.8176
0.69006
0.689017
0.675627
0.760747
0.745552
0.596464
0.717177
0.628077
0.693588
0.519965
0.74456
0.678235
0.703421
0.682861
0.647715
0.741463
0.738273
0.722887
0.60209
0.745012
0.608966
0.733881
0.586468
0.651702
0.85116
0.628124
0.669011
0.667088
0.669094
0.706192
0.615951
0.582242
0.706743
0.710033
0.745608
0.654588
0.628707
0.574687
0.710526
0.715736
0.730664
0.573081
0.814569
0.738245
0.611504
0.692296
0.7268
0.618648
0.603911
0.699444
0.796531
0.55912
0.66106
0.745075
0.77944
0.68909
0.692022
0.734295
0.542074
0.748674
0.636846
0.756657
0.613336
0.763113
0.679924
0.66223
0.719248
0.682864
0.668943
0.659337
0.734198
0.544153
0.678498
0.630673
0.742505
0.650619
0.680019
0.701614
0.695408
0.694943
0.682086
0.594332
0.629372
0.728894
0.713637
0.817648
0.622727
0.619498
0.749776
0.674366
0.716287
0.68325
0.631808
0.633061
0.646527
0.653922
0.567835
0.613419
0.625774
0.569107
0.734547
0.69482
0.703467
0.754239
0.697949
0.675137
0.743016
0.534529
0.716836
0.748622
0.748075
0.797717
0.717164
0.560894
0.639406
0.744185
0.730891
0.661745
0.718132
0.769172
0.659033
0.721809
0.720415
0.735595
0.802195
0.644944
0.619594
0.73342
0.767975
0.681569
0.733565
0.676859
0.584655
0.701464
0.695211
0.630713
0.734034
0.645782
0.647612
0.71859
0.612571
0.722148
0.716846
1
1
1
1
1
1
1
1
1
1
1
1
1
1
1
1
1
1
1
1
1
1
1
1
1
1
1
1
1
1
1
1
1
1
1
1
1
1
1
1
1
1
1
1
1
1
1
1
1
1
1
1
1
1
1
1
1
1
1
1
1
1
1
1
1
1
1
1
1
1
1
1
1
1
1
1
1
1
1
1
1
1
1
1
1
1
1
1
1
1
1
1
1
1
1
1
1
1
1
1
1
1
1
1
1
1
1
1
1
1
1
1
1
1
1
1
1
1
1
1
1
1
1
1
1
1
1
1
1
1
1
1
1
1
1
1
1
1
1
1
1
1
1
1
1
1
1
1
1
1
1
1
1
1
1
1
1
1
1
1
1
1
1
1
1
1
1
1
1
1
1
1
1
1
1
1
1
1
1
1
1
1
1
1
1
1
1
1
1
1
1
1
1
1
1
1
1
1
1
1
1
1
1
1
1
1
1
1
1
1
1
1
1
1
1
1
1
1
1
1
1
1
1
1
1
1
1
1
1
1
1
1
1
1
1
1
1
1
1
1
1
1
1
1
1
1
1
1
1
1
1
1
1
1
1
1
1
1
1
1
1
1
1
1
1
1
1
1
1
1
1
1
1
1
1
1
1
1
1
1
1
1
1
1
1
1
1
1
1
1
1
1
1
1
1
1
1
1
1
1
1
1
1
1
1
1
1
1
1
1
1
1
1
1
1
1
1
1
1
1
1
1
1
1
1
1
1
1
1
1
1
1
1
1
1
1
1
1
1
1
1
1
1
1
1
1
1
1
1
1
1
1
1
1
1
1
1
1
1
1
1
1
1
1
1
1
1
1
1
1
1
1
1
1
1
1
1
1
1
1
1
1
1
1
1
1
1
1
1
1
1
1
1
1
1
1
1
1
1
1
1
1
1
1
1
1
1
1
1
1
1
1
1
1
1
1
1
1
1
1
1
1
1
1
1
1
1
1
1
1
1
1
1
1
1
1
1
1
1
1
1
1
1
1
1
1
1
1
1
1
1
1
1
1
1
1
1
1
1
1
1
1
1
1
1
1
1
1
1
1
1
1
1
1
1
1
1
1
1
1
1
1
1
1
1
1
1
1
1
1
1
1
1
1
1
1
1
1
1
1
1
1
1
1
1
1
1
1
1
1
1
1
1
1
1
1
1
1
1
1
1
1
1
1
1
1
1
1
1
1
1
1
1
1
1
1
1
1
1
1
1
1
1
1
1
1
1
1
1
1
1
1
1
1
1
1
1
1
1
1
1
1
1
1
1
1
1
1
1
1
1
1
1
1
1
1
1
1
1
1
1
1
1
1
1
1
1
1
1
1
1
1
1
1
1
1
1
1
1
1
1
1
1
1
1
1
1
1
1
1
1
1
1
1
1
1
1
1
1
1
1
1
1
1
1
1
1
1
1
1
1
1
1
1
1
1
1
1
1
1
1
1
1
1
1
1
1
1
1
1
1
1
1
1
1
1
1
1
1
1
1
1
1
1
1
1
1
1
1
1
1
1
1
1
1
1
1
1
1
1
1
1
1
1
1
1
1
1
1
1
1
1
1
1
1
1
1
1
1
1
1
1
1
1
1
1
1
1
1
1
1
1
1
1
1
1
1
1
1
1
1
1
1
1
1
1
1
1
1
1
1
1
1
1
1
1
1
1
1
1
1
1
1
1
1
1
1
1
1
1
1
1
1
1
1
1
1
1
1
1
1
1
1
1
1
1
1
1
1
1
1
1
1
1
1
1
1
1
1
1
1
1
1
1
1
1
1
1
1
1
1
1
1
1
1
1
1
1
1
1
1
1
1
1
1
1
1
1
1
1
1
1
1
1
1
1
1
1
1
1
1
1
1
1
1
1
1
1
1
1
1
1
1
1
1
1
1
1
1
1
1
1
1
1
1
1
1
1
1
1
1
1
1
1
1
1
1
1
1
1
1
1
1
1
1
1
1
1
1
1
1
1
1
1
1
1
1
1
1
1
1
1
1
1
1
1
1
1
1
1
1
1
1
1
1
1
1
1
1
1
1
1
1
1
1
1
1
1
1
1
1
1
1
1
1
1
1
1
1
1
1
1
1
1
1
1
1
1
1
1
1
1
1
1
1
1
1
1
1
1
1
1
1
1
1
1
1
1
1
1
1
1
1
1
1
1
1
1
1
1
1
1
1
1
1
1
1
1
1
1
1
1
1
1
1
1
1
1
1
1
1
1
1
1
1
1
1
1
1
1
1
1
1
1
1
1
1
1
1
1
0.788826
0.88435
0.764488
0.924613
0.772042
0.788933
0.844791
0.853586
0.85986
0.734127
0.768558
0.877685
0.80959
0.838
0.889233
0.852794
0.817068
0.794935
0.909203
0.898397
0.877726
0.778731
0.778725
0.824188
0.779248
0.909156
0.846739
0.893373
0.851942
0.880161
0.906948
0.818559
0.816306
0.858239
0.893099
0.92275
0.823873
0.907058
0.805463
0.764766
0.9219
0.904308
0.932203
0.78491
0.829083
0.870687
0.697907
0.914684
0.807685
0.876445
0.789395
0.84577
0.906923
0.891125
0.816207
0.909367
0.806954
0.802132
0.838524
0.867259
0.831049
0.888273
0.835333
0.926864
0.817715
0.874318
0.828927
0.812271
0.833433
0.90883
0.815507
0.776942
0.820834
0.879422
0.6707
0.848855
0.864363
0.899352
0.900059
0.849624
0.905746
0.753665
0.817931
0.803696
0.871188
0.763397
0.827427
0.790198
0.75897
0.82123
0.876773
0.754794
0.876011
0.88296
0.877043
0.883485
0.84921
0.851081
0.863046
0.839871
0.780177
0.811657
0.907198
0.829978
0.860519
0.783565
0.844617
0.814289
0.825554
0.787694
0.81271
0.910994
0.859867
0.90572
0.926938
0.896345
0.826158
0.883412
0.794083
0.748216
0.845732
0.841093
0.825568
0.868589
0.874969
0.833397
0.876569
0.803942
0.831676
0.907117
0.809038
0.768805
0.870291
0.836414
0.873856
0.91319
0.810604
0.840102
0.877324
0.845469
0.887407
0.867474
0.828178
0.859605
0.857688
0.815154
0.833272
0.89443
0.885359
0.758339
0.931651
0.876785
0.843683
0.743082
0.846479
0.868392
0.819069
0.88382
0.93743
0.878693
0.873199
0.712216
0.812531
0.87407
0.831712
0.899364
0.883296
0.888625
0.880776
0.909885
0.882954
0.768885
0.730119
0.727727
0.813812
0.849319
0.841479
0.922058
0.898123
0.931043
0.806213
0.888499
0.751086
0.91671
0.871942
0.832274
0.763808
0.850572
0.848845
0.93329
0.871128
0.869682
0.795064
0.846807
0.797386
0.757092
0.860281
0.857762
0.807565
0.829309
0.771352
0.807592
0.889199
0.910289
0.875975
0.890514
0.763056
0.891982
0.800256
0.808631
0.896657
0.85933
0.792972
0.879294
0.857149
0.806336
0.875062
0.818454
0.917194
0.84665
0.754281
0.871647
0.849438
0.901501
0.751087
0.885866
0.85327
0.890055
0.846356
0.768508
0.895064
0.824569
0.859425
0.820704
0.854768
0.865776
0.899104
0.859179
0.779641
0.856914
0.912901
0.848414
0.895744
0.887296
0.812721
0.871574
0.817677
0.834457
0.836459
0.798847
0.858232
0.867956
0.856217
0.87487
0.672224
0.819334
0.861754
0.846691
0.871488
0.722576
0.919173
0.755494
0.829637
0.797139
0.753304
0.811664
0.889033
0.863746
0.839621
0.872071
0.796561
0.807228
0.801003
0.740049
0.771956
0.897074
0.777464
0.792669
0.855752
0.818014
0.870021
0.918823
0.75265
0.883754
0.816154
0.921726
0.872974
0.794201
0.791581
0.847512
0.887755
0.890521
0.883692
0.84337
0.835958
0.895774
0.805175
0.81708
0.859568
0.7904
0.862013
0.830625
0.854844
0.851667
0.858999
0.85773
0.847532
0.822096
0.839613
0.867579
0.893973
0.790625
0.758668
0.848029
0.879353
0.921178
0.877293
0.830822
0.893476
0.813961
0.865743
0.859733
0.76055
0.851061
0.858279
0.924871
0.905152
0.813557
0.836551
0.795263
0.870199
0.873595
0.852226
0.862441
0.942398
0.817965
0.828817
0.844648
0.856665
0.837111
0.764068
0.826626
0.812455
0.8423
0.868053
0.884348
0.846013
0.713746
0.867962
0.833975
0.838696
0.877904
0.858625
0.854882
0.890527
0.805002
0.788965
0.7512
0.858985
0.888104
0.844137
0.809688
0.864584
0.885812
0.735385
0.842084
0.880787
0.815564
0.718281
0.830149
0.81694
0.903219
0.817482
0.809596
0.827718
0.814995
0.808006
0.838976
0.767985
0.821782
0.848514
0.739389
0.680399
0.795479
0.890707
0.844368
0.787472
0.852429
0.906495
0.901095
0.91338
0.811809
0.817376
0.889298
0.816199
0.873152
0.711084
0.8361
0.791988
0.904432
0.823769
0.653204
0.884116
0.825712
0.844474
0.729303
0.890766
0.857623
0.928977
0.902252
0.943028
0.829108
0.863578
0.8497
0.847863
0.799054
0.859495
0.857376
0.848561
0.844798
0.912785
0.812882
0.894142
0.887283
0.890858
0.869949
0.871049
0.848139
0.81267
0.7617
0.826855
0.878738
0.830838
0.857372
0.745088
0.783744
0.749009
0.82231
0.923559
0.961527
0.866882
0.868843
0.90123
0.848403
0.824959
0.844294
0.83615
0.890323
0.75691
0.862151
0.858194
0.844479
0.745573
0.907071
0.822358
0.795175
0.836183
0.89371
0.854203
0.862164
0.814602
0.906652
0.882605
0.864305
0.780737
0.817656
0.775611
0.864954
0.87766
0.839017
0.764531
0.820419
0.868981
0.936619
0.87861
0.839046
0.843309
0.915355
0.822228
0.887971
0.852713
0.722886
0.74267
0.92157
0.863779
0.780976
0.901909
0.827211
0.908615
0.782686
0.823327
0.817532
0.641869
0.867601
0.864543
0.89221
0.882482
0.890166
0.877693
0.782509
0.850599
0.87435
0.869082
0.874474
0.828915
0.750834
0.79209
0.809458
0.877899
0.805553
0.901282
0.884743
0.847596
0.780487
0.83835
0.883404
0.829812
0.850968
0.873502
0.836935
0.871729
0.713266
0.825685
0.779439
0.857952
0.914084
0.829928
0.84993
0.824475
0.762262
0.80735
0.814845
0.814479
0.845995
0.899246
0.754262
0.810586
0.755793
0.867741
0.965936
0.875271
0.870927
0.829642
0.8413
0.935945
0.807728
0.885815
0.751863
0.913847
0.806967
0.848785
0.877689
0.879379
0.876319
0.813561
0.888885
0.807836
0.858992
0.928043
0.85857
0.832552
0.850379
0.860641
0.834115
0.804587
0.803467
0.855188
0.918278
0.885804
0.82097
0.816597
0.854262
0.736873
0.822272
0.887078
0.926956
0.889327
0.805655
0.909644
0.807945
0.858083
0.856674
0.883011
0.8847
0.905015
0.860087
0.891519
0.894153
0.767102
0.913428
0.881768
0.805495
0.901373
0.870962
0.850645
0.861844
0.862073
0.75644
0.882664
0.846467
0.822278
0.833485
0.898462
0.805498
0.798179
0.907943
0.830358
0.734952
0.887032
0.831398
0.796027
0.871266
0.825903
0.864611
0.69788
0.703166
0.866892
0.680975
0.808432
0.86425
0.803069
0.884977
0.827452
0.822413
0.849213
0.81129
0.801761
0.811192
0.923726
0.858851
0.809371
0.829291
0.866536
0.764525
0.799045
0.847824
0.894682
0.905061
0.780411
0.850084
0.907694
0.894034
0.657216
0.902596
0.705299
0.849553
0.842083
0.882049
0.791584
0.853853
0.8655
0.834326
0.850817
0.883951
0.874849
0.789286
0.799266
0.861673
0.885514
0.911837
0.845592
0.84826
0.941832
0.945882
0.855691
0.899277
0.920901
0.911492
0.905883
0.787317
0.892588
0.792697
0.90316
0.836036
0.870504
0.803511
0.819875
0.923081
0.874756
0.918506
0.879527
0.931172
0.836952
0.756344
0.84596
0.802255
0.914312
0.816767
0.897403
0.834646
0.856939
0.808004
0.751003
0.838018
0.878013
0.896516
0.827492
0.855455
0.827324
0.842001
0.868888
0.836207
0.763153
0.826075
0.84934
0.819065
0.853937
0.806087
0.862649
0.881332
0.894911
0.805335
0.908285
0.86571
0.83998
0.835274
0.939711
0.920762
0.948642
0.850365
0.85383
0.711277
0.850438
0.889723
0.805682
0.85841
0.822325
0.800703
0.714739
0.855063
0.864796
0.892021
0.841525
0.780282
0.833833
0.899075
0.870306
0.783135
0.933494
0.870268
0.802337
0.912517
0.873959
0.82737
0.806968
0.801443
0.90326
0.876601
0.818722
0.86606
0.8892
0.721751
0.804125
0.805487
0.881137
0.891157
0.826943
0.739178
0.889994
0.828041
0.912563
0.78449
0.881522
0.834677
0.920738
0.769958
0.754228
0.83641
0.868223
0.766162
0.735435
0.792007
0.830401
0.849669
0.89316
0.9073
0.768132
0.75624
0.839439
0.885638
0.777504
0.856303
0.840436
0.887419
0.865439
0.732249
0.784362
0.747655
0.66631
0.850829
0.862838
0.845513
0.898861
0.738235
0.791721
0.87141
0.801435
0.84351
0.726869
0.815331
0.875383
0.911675
0.771648
0.888536
0.881078
0.883172
0.870303
0.827311
0.938353
0.895256
0.820398
0.913966
0.893982
0.621501
0.888761
0.832805
0.913694
0.884708
0.674075
0.806301
0.812271
0.69024
0.895849
0.891672
0.868405
0.81846
0.89111
0.739094
0.77986
0.949706
0.881309
0.832286
0.807682
0.88247
0.816194
0.811164
0.819769
0.748034
0.727759
0.866954
0.823002
0.745632
0.821886
0.748009
0.829068
0.854703
0.893792
0.894097
0.721815
0.851459
0.928914
0.910011
0.904282
0.819614
0.92063
0.879484
0.912577
0.837178
0.811346
0.861898
0.888493
0.907594
0.863404
0.892665
0.78813
0.842381
0.750893
0.909326
0.869506
0.813554
0.859547
0.888787
0.908686
0.851151
0.879593
0.755727
0.851689
0.776066
0.778515
0.878173
0.786157
0.835047
0.862329
0.862858
0.793469
0.884551
0.786335
0.850202
0.787816
0.93691
0.791379
0.88202
0.863592
0.918446
0.801277
0.819776
0.786677
0.765525
0.815193
0.821419
0.904354
0.829587
0.856946
0.90434
0.838152
0.844267
0.854101
0.910505
0.829012
0.915981
0.876031
0.798198
0.824992
0.736432
0.864479
0.851177
0.945893
0.840354
0.863967
0.828986
0.835987
0.769412
0.85762
0.927396
0.850278
0.854281
0.798088
0.846897
0.84748
0.761523
0.809585
0.853907
0.774155
0.752386
0.88327
0.84579
0.844549
0.835593
0.890346
0.778477
0.893903
0.851595
0.915783
0.854202
0.748489
0.86484
0.799396
0.866829
0.855532
0.853513
0.840904
0.871808
0.8399
0.787092
0.851023
0.874764
0.735414
0.815081
0.756555
0.722481
0.844726
0.821998
0.859448
0.887547
0.916311
0.856717
0.869305
0.857812
0.891994
0.802401
0.723522
0.757853
0.910011
0.914097
0.864328
0.837358
0.854716
0.843469
0.924754
0.839167
0.922272
0.86666
0.786277
0.827956
0.809456
0.803718
0.840836
0.912557
0.861625
0.849292
0.892873
0.901996
0.813903
0.864975
0.904902
0.729017
0.815585
0.704968
0.786275
0.94941
