1
1
1
1
1
1
1
1
1
1
1
1
1
1
1
1
1
1
1
1
1
1
1
1
1
1
1
1
1
1
1
1
1
1
1
1
1
1
1
1
1
1
1
1
1
1
1
1
1
1
1
1
1
1
1
1
1
1
1
1
1
1
1
1
1
1
1
1
1
1
1
1
1
1
1
1
1
1
1
1
1
1
1
1
1
1
1
1
1
1
1
1
1
1
1
1
1
1
1
1
1
1
1
1
1
1
1
1
1
1
1
1
1
1
1
1
1
1
1
1
1
1
1
1
1
1
1
1
1
1
1
1
1
1
1
1
1
1
1
1
1
1
1
1
1
1
1
1
1
1
1
1
1
1
1
1
1
1
1
1
1
1
1
1
1
1
1
1
1
1
1
1
1
1
1
1
1
1
1
1
1
1
1
1
1
1
1
1
1
1
1
1
1
1
1
1
1
1
1
1
1
1
1
1
1
1
1
1
1
1
1
1
1
1
1
1
1
1
1
1
1
1
1
1
1
1
1
1
1
1
1
1
1
1
1
1
1
1
1
1
1
1
1
1
1
1
1
1
1
1
1
1
1
1
1
1
1
1
1
1
1
1
1
1
1
1
1
1
1
1
1
1
1
1
1
1
1
1
1
1
1
1
1
1
1
1
1
1
1
1
1
1
1
1
1
1
1
1
1
1
1
1
1
1
1
1
1
1
1
1
1
1
1
1
1
1
1
1
1
1
1
1
1
1
1
1
1
1
1
1
1
1
1
1
1
1
1
1
1
1
1
1
1
1
1
1
1
1
1
1
1
1
1
1
1
1
1
1
1
1
1
1
1
1
1
1
1
1
1
1
1
1
1
1
1
1
1
1
1
1
1
1
1
1
1
1
1
1
1
1
1
1
1
1
1
1
1
1
1
1
1
1
1
1
1
1
1
1
1
1
1
1
1
1
1
1
1
1
1
1
1
1
1
1
1
1
1
1
1
1
1
1
1
1
1
1
1
1
1
1
1
1
1
1
1
1
1
1
1
1
1
1
1
1
1
1
1
1
1
1
1
1
1
1
1
1
1
1
1
1
1
1
1
1
1
1
1
1
1
1
1
1
1
1
1
1
1
1
1
1
1
1
1
1
1
1
1
1
1
1
1
1
1
1
1
1
1
1
1
1
1
1
1
1
1
1
1
1
1
1
1
1
1
1
1
1
1
1
1
1
1
1
1
1
1
1
1
1
1
1
1
1
1
1
1
1
1
1
1
1
1
1
1
1
1
1
1
1
1
1
1
1
1
1
1
1
1
1
1
1
1
1
1
1
1
1
1
1
1
1
1
1
1
1
1
1
1
1
1
1
1
1
1
1
1
1
1
1
1
1
1
1
1
1
1
1
1
1
1
1
1
1
1
1
1
1
1
1
1
1
1
1
1
1
1
1
1
1
1
1
1
1
1
1
1
1
1
1
1
1
1
1
1
1
1
1
1
1
1
1
1
1
1
1
1
1
1
1
1
1
1
1
1
1
1
1
1
1
1
1
1
1
1
1
1
1
1
1
1
1
1
1
1
1
1
1
1
1
1
1
1
1
1
1
1
1
1
1
1
1
1
1
1
1
1
1
1
1
1
1
1
1
1
1
1
1
1
1
1
1
1
1
1
1
1
1
1
1
1
1
1
1
1
1
1
1
1
1
1
1
1
1
1
1
1
1
1
1
1
1
1
1
1
1
1
1
1
1
1
1
1
1
1
1
1
1
1
1
1
1
1
1
1
1
1
1
1
1
1
1
1
1
1
1
1
1
1
1
1
1
1
1
1
1
1
1
1
1
1
1
1
1
1
1
1
1
1
1
1
1
1
1
1
1
1
1
1
1
1
1
1
1
1
1
1
1
1
1
1
1
1
1
1
1
1
1
1
1
1
1
1
1
1
1
1
1
1
1
1
1
1
1
1
1
1
1
1
1
1
1
1
1
1
1
1
1
1
1
1
1
1
1
1
1
1
1
1
1
1
1
1
1
1
1
1
1
1
1
1
1
1
1
1
1
1
1
1
1
1
1
1
1
1
1
1
1
1
1
1
1
1
1
1
1
1
1
1
1
1
1
1
1
1
1
1
1
1
1
1
1
1
1
1
1
1
1
1
1
1
1
1
1
1
1
1
1
1
1
1
1
1
1
1
1
1
1
1
1
1
1
1
1
1
1
1
1
1
1
1
1
1
1
1
1
1
1
1
1
1
1
1
1
1
1
1
1
1
1
1
1
1
1
1
1
1
1
1
1
1
1
0.832976
0.61878
0.652658
0.699278
0.704749
0.660719
0.725249
0.646326
0.676915
0.612316
0.58188
0.596018
0.600132
0.66821
0.775932
0.73074
0.737069
0.741007
0.654245
0.696058
0.544551
0.704647
0.690592
0.777212
0.730135
0.76558
0.684116
0.581642
0.716687
0.646921
0.6152
0.700315
0.730434
0.735765
0.579482
0.514757
0.591061
0.707697
0.651789
0.632063
0.598344
0.755004
0.839557
0.741004
0.633833
0.678293
0.626968
0.661383
0.677119
0.625534
0.716551
0.648423
0.712925
0.693141
0.774923
0.698222
0.586727
0.795597
0.637859
0.708214
0.720797
0.852745
0.651173
0.732301
0.597313
0.775239
0.706072
0.64791
0.717928
0.683079
0.731407
0.673642
0.553513
0.635939
0.711423
0.641309
0.515126
0.711512
0.693416
0.804041
0.635528
0.665447
0.617605
0.700028
0.819521
0.665004
0.691489
0.651086
0.726016
0.667268
0.693787
0.72765
0.729446
0.578801
0.602616
0.690872
0.65652
0.704615
0.853335
0.743628
0.587503
0.61731
0.618626
0.634463
0.710789
0.644623
0.713815
0.712683
0.729936
0.566046
0.648201
0.637177
0.740807
0.681939
0.765842
0.646911
0.629027
0.719937
0.804883
0.726206
0.629841
0.578355
0.767667
0.829009
0.635588
0.63432
0.703959
0.646808
0.671857
0.670495
0.613405
0.518097
0.692921
0.716487
0.726633
0.699071
0.634179
0.618635
0.616894
0.61731
0.721409
0.588403
0.730453
0.695052
0.686117
0.774035
0.714001
0.72956
0.531342
0.762327
0.735388
0.734901
0.727351
0.704069
0.656525
0.653085
0.595882
0.719841
0.723997
0.615285
0.580231
0.758579
0.735385
0.696517
0.6824
0.572355
0.784618
0.637161
0.627566
0.685991
0.664308
0.704558
0.762553
0.66155
0.594726
0.719816
0.58042
0.684629
0.713255
0.690089
0.691574
0.704462
0.607792
0.695896
0.767548
0.699379
0.583908
0.718016
0.588231
0.757911
0.658257
0.741771
0.64173
0.746603
0.56321
0.709323
0.742789
0.565829
0.714432
0.685611
0.643336
0.692697
0.656231
0.651398
0.614072
0.741028
0.734633
0.666678
0.490444
0.674169
0.698391
0.629521
0.663545
0.69056
0.668996
0.68882
0.683154
0.688528
0.751651
0.689576
0.724825
0.671545
0.73186
0.66502
0.762897
0.696135
0.700441
0.619016
0.626997
0.592291
0.738331
0.769159
0.758849
0.660234
0.574569
0.737401
0.743164
0.713892
0.787094
0.689402
0.536917
0.696824
0.589118
0.738949
0.572538
0.74684
0.733177
0.687204
0.732631
0.642022
0.668903
0.61891
0.703439
0.743613
0.686909
0.629628
0.685313
0.708566
0.700713
0.70497
0.64679
0.660942
0.68803
0.752332
0.613749
0.700884
0.56791
0.668497
0.722629
0.686515
0.745081
0.618298
0.672329
0.741156
0.625365
0.651496
0.799503
0.794205
0.639337
0.614974
0.66473
0.756063
0.745005
0.700059
0.573011
0.574904
0.850255
0.750708
0.74521
0.61429
0.651319
0.546682
0.662827
0.623231
0.709405
0.520183
0.638891
0.690835
0.62656
0.654304
0.578917
0.632165
0.690307
0.632145
0.734801
0.64866
0.705017
0.750305
0.64615
0.705426
0.666393
0.733057
0.652161
0.591706
0.631442
0.668019
0.665283
0.661003
0.733013
0.740617
0.592291
0.765417
0.692919
0.740953
0.653178
0.620523
0.692997
0.815031
0.786354
0.642789
0.562291
0.71113
0.564181
0.609209
0.678477
0.733006
0.668924
0.722416
0.725851
0.618497
0.678166
0.629889
0.597391
0.695142
0.68023
0.742041
0.727231
0.539954
0.626847
0.692189
0.681711
0.573089
0.726056
0.579215
0.563601
0.563726
0.676923
0.63059
0.763558
0.702642
0.855283
0.749141
0.603573
0.608251
0.643675
0.675005
0.681413
0.757599
0.636385
0.643001
0.761113
0.621482
0.729292
0.719528
0.747525
0.712287
0.63711
0.691591
0.659709
0.632019
0.721763
0.708929
0.755358
0.620338
0.720567
0.656024
0.713897
0.658129
0.669669
0.655667
0.553728
0.633698
0.637478
0.645674
0.647342
0.672903
0.752373
0.724031
0.767889
0.571554
0.715992
0.769781
0.563055
0.788261
0.675144
0.636664
0.780689
0.689009
0.79055
0.74239
0.672968
0.708692
0.63502
0.718764
0.543445
0.648931
0.634404
0.725288
0.683617
0.72062
0.780647
0.709322
0.829211
0.610402
0.533791
0.731419
0.646814
0.724811
0.676859
0.573175
0.662434
0.755562
0.613474
0.632384
0.811504
0.622837
0.727539
0.729497
0.589988
0.690845
0.629635
0.726177
0.734166
0.650998
0.691781
0.641257
0.686573
0.59319
0.663449
0.604355
0.698249
0.640892
0.647343
0.667777
0.553148
0.610783
0.684438
0.820123
0.646711
0.686655
0.819742
0.770011
0.777593
0.788325
0.725588
0.684197
0.744856
0.626629
0.656153
0.666565
0.615963
0.672174
0.589549
0.569709
0.707724
0.572298
0.759594
0.747958
0.721135
0.596597
0.682497
0.761022
0.711707
0.797955
0.666476
0.605952
0.645502
0.619724
0.697896
0.706978
0.812362
0.749731
0.764078
0.692221
0.683909
0.596436
0.806502
0.696969
0.69738
0.66333
0.674385
0.666488
0.697266
0.603092
0.792396
0.85351
0.718608
0.580683
0.767999
0.602806
0.651814
0.701552
0.775872
0.768414
0.568435
0.660882
0.647862
0.690685
0.700138
0.600465
0.647333
0.589557
0.712745
0.616814
0.626108
0.756746
0.600603
0.734604
0.663572
0.603049
0.618551
0.653163
0.766182
0.722555
0.664695
0.596541
0.549157
0.677715
0.578881
0.605182
0.690358
0.652677
0.631829
0.796645
0.648336
0.720271
0.726685
0.623061
0.783598
0.716546
0.823701
0.720328
0.59765
0.611563
0.719281
0.67305
0.772764
0.613441
0.710998
0.70228
0.715948
0.553649
0.662142
0.720912
0.646068
0.575273
0.790226
0.655798
0.632781
0.587209
0.717949
0.877484
0.721587
0.664739
0.718641
0.707144
0.573219
0.7977
0.723015
0.698305
0.78596
0.699606
0.67276
0.647186
0.755176
0.672213
0.648376
0.530749
0.720847
0.734438
0.74546
0.734063
0.773799
0.618488
0.581018
0.662074
0.654532
0.676579
0.606621
0.6322
0.582286
0.678791
0.732539
0.56287
0.602182
0.714918
0.558623
0.621611
0.676169
0.665342
0.602215
0.68743
0.623736
0.659743
0.667043
0.612574
0.701949
0.673647
0.630635
0.599572
0.602724
0.62729
0.718232
0.647228
0.675153
0.686767
0.64217
0.589051
0.678647
0.73542
0.670348
0.748182
0.597971
0.762366
0.790162
0.755488
0.61554
0.669685
0.630889
0.705638
0.728771
0.756492
0.608091
0.670445
0.625915
0.621279
0.706096
0.626454
0.588879
0.663616
0.783226
0.747688
0.777063
0.599995
0.655142
0.63839
0.622948
0.662897
0.639195
0.708795
0.648959
0.655339
0.695542
0.767437
0.641838
0.726091
0.66357
0.604899
0.758965
0.762261
0.763591
0.732709
0.668363
0.709064
0.649462
0.750381
0.725567
0.767366
0.607812
0.609711
0.812783
0.67184
0.734338
0.626594
0.619801
0.671616
0.76624
0.631294
0.801483
0.564406
0.686865
0.764935
0.594314
0.64432
0.68458
0.652616
0.763135
0.684268
0.568544
0.738071
0.846612
0.654939
0.626189
0.723718
0.623865
0.727932
0.571993
0.554172
0.708376
0.736313
0.790512
0.69337
0.699971
0.632696
0.710731
0.767007
0.690869
0.749886
0.563485
0.671727
0.668177
0.723105
0.629271
0.710304
0.667892
0.758654
0.695923
0.624451
0.657326
0.685655
0.645953
0.71018
0.720447
0.549852
0.679162
0.660108
0.690796
0.664401
0.687205
0.579223
0.746097
0.659765
0.686945
0.741603
0.639162
0.742726
0.752207
0.687729
0.588199
0.637734
0.567807
0.618535
0.58383
0.746011
0.698687
0.72589
0.575096
0.610431
0.649633
0.663878
0.673773
0.675651
0.783437
0.72449
0.637526
0.637682
0.660944
0.68669
0.623499
0.751971
0.631961
0.652722
0.847717
0.572039
0.709732
0.742245
0.609409
0.71219
0.59157
0.649412
0.583817
0.642948
0.618172
0.58163
0.67993
0.621777
0.6956
0.669511
0.650002
0.586215
0.690837
0.783129
0.68191
0.643088
0.689311
0.667077
0.63583
0.765358
0.584113
0.703247
0.702939
0.639513
0.699517
0.657075
0.602673
0.815347
0.749044
0.764674
0.659384
0.668057
0.755513
0.637603
0.592436
0.656501
0.756716
0.667345
0.61374
0.606813
0.691514
0.679709
0.635748
0.561822
0.523655
0.758014
0.629176
0.727722
0.6906
0.732416
0.636494
0.761823
0.615254
0.605811
0.620593
0.666455
0.701193
0.735212
0.555879
0.73181
0.63454
0.683533
0.756981
0.619003
0.619458
0.641848
0.690625
0.684564
0.508031
0.676548
0.680427
0.662696
0.570105
0.642819
0.588335
0.688216
0.697802
0.724116
0.533502
0.586832
0.739872
0.661353
0.677061
0.750163
0.650354
0.684965
0.732086
0.578018
0.708919
0.590551
0.569051
0.675962
0.667424
0.598291
0.82486
0.654724
0.654924
0.725171
0.705444
0.726887
0.560095
0.602418
0.747073
0.590709
0.66902
0.695576
0.539585
0.561686
0.660572
0.757565
0.649866
0.644041
0.643116
0.772261
0.596971
0.635968
0.642994
0.720412
0.594656
0.61511
0.579981
0.658463
0.694612
0.647519
0.604776
0.786699
0.68756
0.761671
0.693049
0.633564
0.527707
0.70259
0.74111
0.685672
0.677969
0.617659
0.639721
0.685116
0.785375
0.613581
0.698205
0.526407
0.781381
0.744237
0.637925
0.699462
0.709383
0.764669
0.594116
0.624095
0.657831
0.637438
0.631264
0.710478
0.669469
0.774296
0.63072
0.642632
0.767667
0.774264
0.678888
0.717755
0.618253
0.641148
0.623387
0.584727
0.68938
0.628251
0.731487
0.636614
0.634438
0.622197
0.584452
0.763152
0.69408
0.620155
0.621374
0.622376
0.792795
0.720316
0.729254
0.793772
0.701323
0.6795
0.557498
0.759112
0.705536
0.763038
0.652383
0.713142
0.672974
0.612724
0.589323
0.68353
0.589913
0.610187
0.712322
0.64909
0.652786
0.660816
0.748183
0.683796
0.682276
0.699618
0.494447
0.694612
0.880875
0.60282
0.773669
0.699428
0.693199
0.792113
0.758756
0.79607
0.660631
0.721104
0.728555
0.776609
0.661859
0.670432
0.635948
0.661513
1
1
1
1
1
1
1
1
1
1
1
1
1
1
1
1
1
1
1
1
1
1
1
1
1
1
1
1
1
1
1
1
1
1
1
1
1
1
1
1
1
1
1
1
1
1
1
1
1
1
1
1
1
1
1
1
1
1
1
1
1
1
1
1
1
1
1
1
1
1
1
1
1
1
1
1
1
1
1
1
1
1
1
1
1
1
1
1
1
1
1
1
1
1
1
1
1
1
1
1
1
1
1
1
1
1
1
1
1
1
1
1
1
1
1
1
1
1
1
1
1
1
1
1
1
1
1
1
1
1
1
1
1
1
1
1
1
1
1
1
1
1
1
1
1
1
1
1
1
1
1
1
1
1
1
1
1
1
1
1
1
1
1
1
1
1
1
1
1
1
1
1
1
1
1
1
1
1
1
1
1
1
1
1
1
1
1
1
1
1
1
1
1
1
1
1
1
1
1
1
1
1
1
1
1
1
1
1
1
1
1
1
1
1
1
1
1
1
1
1
1
1
1
1
1
1
1
1
1
1
1
1
1
1
1
1
1
1
1
1
1
1
1
1
1
1
1
1
1
1
1
1
1
1
1
1
1
1
1
1
1
1
1
1
1
1
1
1
1
1
1
1
1
1
1
1
1
1
1
1
1
1
1
1
1
1
1
1
1
1
1
1
1
1
1
1
1
1
1
1
1
1
1
1
1
1
1
1
1
1
1
1
1
1
1
1
1
1
1
1
1
1
1
1
1
1
1
1
1
1
1
1
1
1
1
1
1
1
1
1
1
1
1
1
1
1
1
1
1
1
1
1
1
1
1
1
1
1
1
1
1
1
1
1
1
1
1
1
1
1
1
1
1
1
1
1
1
1
1
1
1
1
1
1
1
1
1
1
1
1
1
1
1
1
1
1
1
1
1
1
1
1
1
1
1
1
1
1
1
1
1
1
1
1
1
1
1
1
1
1
1
1
1
1
1
1
1
1
1
1
1
1
1
1
1
1
1
1
1
1
1
1
1
1
1
1
1
1
1
1
1
1
1
1
1
1
1
1
1
1
1
1
1
1
1
1
1
1
1
1
1
1
1
1
1
1
1
1
1
1
1
1
1
1
1
1
1
1
1
1
1
1
1
1
1
1
1
1
1
1
1
1
1
1
1
1
1
1
1
1
1
1
1
1
1
1
1
1
1
1
1
1
1
1
1
1
1
1
1
1
1
1
1
1
1
1
1
1
1
1
1
1
1
1
1
1
1
1
1
1
1
1
1
1
1
1
1
1
1
1
1
1
1
1
1
1
1
1
1
1
1
1
1
1
1
1
1
1
1
1
1
1
1
1
1
1
1
1
1
1
1
1
1
1
1
1
1
1
1
1
1
1
1
1
1
1
1
1
1
1
1
1
1
1
1
1
1
1
1
1
1
1
1
1
1
1
1
1
1
1
1
1
1
1
1
1
1
1
1
1
1
1
1
1
1
1
1
1
1
1
1
1
1
1
1
1
1
1
1
1
1
1
1
1
1
1
1
1
1
1
1
1
1
1
1
1
1
1
1
1
1
1
1
1
1
1
1
1
1
1
1
1
1
1
1
1
1
1
1
1
1
1
1
1
1
1
1
1
1
1
1
1
1
1
1
1
1
1
1
1
1
1
1
1
1
1
1
1
1
1
1
1
1
1
1
1
1
1
1
1
1
1
1
1
1
1
1
1
1
1
1
1
1
1
1
1
1
1
1
1
1
1
1
1
1
1
1
1
1
1
1
1
1
1
1
1
1
1
1
1
1
1
1
1
1
1
1
1
1
1
1
1
1
1
1
1
1
1
1
1
1
1
1
1
1
1
1
1
1
1
1
1
1
1
1
1
1
1
1
1
1
1
1
1
1
1
1
1
1
1
1
1
1
1
1
1
1
1
1
1
1
1
1
1
1
1
1
1
1
1
1
1
1
1
1
1
1
1
1
1
1
1
1
1
1
1
1
1
1
1
1
1
1
1
1
1
1
1
1
1
1
1
1
1
1
1
1
1
1
1
1
1
1
1
1
1
1
1
1
1
1
1
1
1
1
1
1
1
1
1
1
1
1
1
1
1
1
1
1
1
1
1
1
1
1
1
1
1
1
1
1
1
1
1
1
1
1
1
1
1
1
1
1
1
1
1
1
1
1
1
1
1
1
1
1
1
1
1
1
1
1
1
1
1
1
1
1
1
1
1
1
1
1
1
1
1
1
1
1
1
1
1
1
1
1
1
1
1
1
1
1
1
1
1
1
1
1
1
1
1
0.906455
0.808346
0.798433
0.860905
0.851306
0.839232
0.848673
0.83217
0.878899
0.82757
0.776388
0.868283
0.816621
0.886738
0.864164
0.918065
0.87704
0.854976
0.835691
0.820811
0.749956
0.839261
0.83435
0.857763
0.91213
0.838881
0.903207
0.686076
0.902934
0.728213
0.836836
0.871169
0.808207
0.806573
0.881706
0.796031
0.893691
0.841154
0.809955
0.776864
0.809115
0.880053
0.921037
0.789335
0.749844
0.850987
0.816504
0.897917
0.88107
0.796662
0.945253
0.826966
0.825802
0.747925
0.884951
0.921842
0.854941
0.8893
0.911932
0.830194
0.785679
0.911405
0.925523
0.840877
0.839307
0.843437
0.820354
0.75956
0.828949
0.87359
0.857913
0.859547
0.835408
0.818341
0.699955
0.870072
0.764522
0.813223
0.848267
0.856816
0.824007
0.873055
0.844105
0.817398
0.82776
0.842826
0.863208
0.823978
0.88829
0.789392
0.931766
0.779422
0.82581
0.826113
0.843969
0.84986
0.781299
0.877423
0.892135
0.862111
0.875995
0.674098
0.832722
0.859161
0.854378
0.89936
0.763403
0.890944
0.838559
0.810069
0.863644
0.90398
0.863461
0.835487
0.839784
0.845308
0.778074
0.910313
0.919946
0.865172
0.794845
0.750851
0.895111
0.930252
0.877375
0.726926
0.87228
0.829228
0.791716
0.835712
0.732687
0.873601
0.880405
0.890254
0.834208
0.769743
0.882336
0.810217
0.788576
0.817526
0.84068
0.907151
0.837503
0.857982
0.83064
0.864371
0.867476
0.79878
0.758529
0.973703
0.877847
0.846761
0.805317
0.793478
0.840104
0.848068
0.852104
0.903175
0.904293
0.820642
0.812649
0.931868
0.834421
0.765306
0.89006
0.8262
0.871707
0.848996
0.889801
0.850345
0.872707
0.827405
0.893145
0.881302
0.801321
0.887071
0.797723
0.784313
0.888225
0.845239
0.916449
0.781938
0.878996
0.89706
0.836712
0.880236
0.861876
0.848751
0.83689
0.913777
0.895418
0.91831
0.783693
0.875109
0.718637
0.848783
0.793579
0.792977
0.930933
0.754042
0.812858
0.798224
0.873674
0.838395
0.87568
0.853415
0.852589
0.855323
0.825115
0.806537
0.848755
0.794337
0.709851
0.814456
0.843808
0.876533
0.85319
0.92331
0.914058
0.872369
0.82793
0.785536
0.876669
0.829919
0.934824
0.855829
0.855058
0.77466
0.847955
0.916085
0.896129
0.838276
0.91649
0.889535
0.651806
0.84299
0.847578
0.654984
0.850208
0.774527
0.832523
0.844287
0.805084
0.82532
0.767531
0.80665
0.907691
0.81624
0.863763
0.849592
0.755375
0.811821
0.859442
0.928622
0.826029
0.846899
0.737545
0.890979
0.924911
0.917028
0.834615
0.859829
0.866624
0.849848
0.831918
0.859934
0.844935
0.720813
0.884532
0.838028
0.821589
0.836765
0.853142
0.902293
0.783244
0.834702
0.895794
0.911018
0.86581
0.860288
0.790093
0.878662
0.88035
0.889506
0.741258
0.891921
0.930282
0.908683
0.894045
0.684643
0.871398
0.846228
0.853382
0.812363
0.816357
0.687952
0.88475
0.917407
0.833753
0.882189
0.898749
0.876132
0.922702
0.818613
0.919625
0.881864
0.916328
0.812829
0.831296
0.90916
0.79731
0.884664
0.77056
0.792036
0.897399
0.871665
0.802234
0.82694
0.84475
0.841262
0.897306
0.896759
0.843827
0.8624
0.816958
0.846514
0.845507
0.813343
0.889333
0.845291
0.850414
0.871597
0.748537
0.887748
0.913136
0.865034
0.87698
0.879277
0.86657
0.78504
0.854501
0.832563
0.6928
0.908453
0.857482
0.907055
0.796542
0.752
0.865996
0.900772
0.880775
0.872135
0.833512
0.791226
0.817043
0.893463
0.917731
0.7997
0.807515
0.820242
0.870319
0.853456
0.833301
0.789961
0.922907
0.876708
0.909489
0.965055
0.903864
0.789068
0.927388
0.796067
0.855342
0.836343
0.868955
0.877195
0.740141
0.720622
0.803244
0.859406
0.912317
0.880307
0.798433
0.89436
0.795861
0.917465
0.943874
0.842662
0.81726
0.767018
0.798444
0.770934
0.80346
0.883045
0.846301
0.828699
0.830063
0.872135
0.924539
0.791943
0.837346
0.913612
0.872204
0.835637
0.820216
0.829823
0.830888
0.845742
0.874598
0.888809
0.821791
0.79801
0.802309
0.900087
0.795825
0.841248
0.785579
0.906716
0.858334
0.80935
0.826313
0.744461
0.847553
0.894829
0.865653
0.882866
0.853631
0.837818
0.839959
0.812277
0.90661
0.890949
0.827296
0.761664
0.864126
0.864136
0.938922
0.927291
0.857985
0.833879
0.83452
0.859838
0.86932
0.825813
0.878809
0.828999
0.885898
0.803942
0.833542
0.817624
0.814882
0.874411
0.753631
0.836796
0.877743
0.814517
0.836777
0.861431
0.812289
0.905667
0.835449
0.83541
0.869798
0.888416
0.805507
0.785817
0.879685
0.814045
0.865741
0.826135
0.83625
0.827448
0.874863
0.776331
0.873723
0.816718
0.889013
0.875879
0.834367
0.842769
0.906184
0.767689
0.871431
0.93248
0.810808
0.861402
0.747842
0.861524
0.849896
0.862394
0.866818
0.795365
0.799291
0.925258
0.887523
0.865128
0.921368
0.825142
0.79379
0.916792
0.835506
0.72563
0.80287
0.857972
0.911341
0.878399
0.882977
0.786069
0.837542
0.780328
0.87807
0.7718
0.871402
0.932893
0.800681
0.784343
0.853245
0.875698
0.900317
0.824109
0.821516
0.845603
0.835527
0.839736
0.806334
0.947528
0.83787
0.880625
0.906064
0.839737
0.837707
0.817253
0.864067
0.906255
0.841899
0.85928
0.870752
0.733655
0.734178
0.812039
0.870419
0.780128
0.804688
0.892398
0.793329
0.79858
0.829388
0.863009
0.804707
0.748644
0.961219
0.868055
0.863383
0.813284
0.847565
0.879165
0.846441
0.824706
0.827525
0.792868
0.903751
0.83491
0.820575
0.801046
0.872688
0.882194
0.889684
0.886377
0.783632
0.931801
0.826518
0.942528
0.825955
0.926715
0.905708
0.875124
0.812504
0.812578
0.812632
0.852887
0.849734
0.896615
0.862262
0.888122
0.828749
0.858746
0.830667
0.786796
0.840812
0.934044
0.876462
0.888158
0.849487
0.828001
0.853935
0.83096
0.801316
0.867726
0.80208
0.817007
0.844137
0.765018
0.931004
0.81072
0.774697
0.86663
0.852371
0.744933
0.798854
0.786649
0.869811
0.852147
0.823894
0.66469
0.832027
0.812965
0.863059
0.864002
0.88946
0.872707
0.851622
0.81981
0.920153
0.845398
0.930392
0.781889
0.906155
0.822603
0.846046
0.832644
0.819858
0.87278
0.890142
0.858321
0.872593
0.887432
0.821737
0.803592
0.77745
0.850954
0.847503
0.876849
0.826491
0.816468
0.800755
0.831689
0.845806
0.800585
0.888289
0.715331
0.85887
0.842627
0.829884
0.764092
0.919471
0.886849
0.795541
0.825885
0.827046
0.899648
0.829284
0.841521
0.869352
0.855076
0.813182
0.838017
0.835639
0.760523
0.868382
0.880017
0.826288
0.801687
0.889111
0.830405
0.882687
0.890295
0.838294
0.900043
0.786148
0.844933
0.820836
0.780242
0.880714
0.855459
0.84421
0.794698
0.880044
0.798592
0.770224
0.793878
0.838759
0.888471
0.891649
0.743227
0.901118
0.880598
0.809866
0.873547
0.78425
0.874057
0.918519
0.853743
0.91739
0.90578
0.848828
0.760763
0.886879
0.793923
0.842421
0.822818
0.845418
0.800519
0.882817
0.808475
0.857394
0.766382
0.842127
0.89379
0.801569
0.838577
0.802387
0.840195
0.833885
0.849787
0.850256
0.779667
0.860445
0.755291
0.871683
0.841672
0.762191
0.854525
0.916454
0.908794
0.815773
0.821275
0.845572
0.923568
0.916795
0.756041
0.783432
0.849275
0.891751
0.890106
0.910167
0.846131
0.844491
0.844759
0.896599
0.877059
0.769011
0.819426
0.846113
0.756784
0.87437
0.879527
0.794818
0.761603
0.877793
0.826217
0.751691
0.853328
0.876332
0.812512
0.825461
0.870302
0.826124
0.77457
0.878888
0.914557
0.836736
0.802816
0.888235
0.863954
0.819634
0.900934
0.790057
0.822702
0.720293
0.843641
0.734462
0.792724
0.826523
0.824783
0.892923
0.91243
0.875679
0.927241
0.797297
0.83442
0.931404
0.831467
0.887788
0.877621
0.893007
0.838441
0.874844
0.731349
0.777749
0.823003
0.856593
0.795079
0.807834
0.876958
0.857004
0.797568
0.84128
0.889457
0.889619
0.864178
0.83944
0.797754
0.876936
0.827605
0.875846
0.819374
0.796653
0.800518
0.844371
0.802294
0.781307
0.798759
0.847513
0.780851
0.813483
0.896809
0.889858
0.842797
0.891369
0.84388
0.836515
0.824253
0.809011
0.871648
0.811736
0.906748
0.909121
0.835141
0.843384
0.931556
0.865569
0.82988
0.826226
0.862032
0.799339
0.776149
0.789901
0.829106
0.875366
0.886698
0.716142
0.792472
0.855624
0.870895
0.899952
0.830297
0.733293
0.821666
0.830645
0.730222
0.841923
0.842453
0.803217
0.835265
0.922964
0.808129
0.845308
0.834113
0.826593
0.805729
0.784959
0.80977
0.887701
0.905412
0.904897
0.779173
0.81707
0.903112
0.92036
0.854761
0.928276
0.812086
0.87478
0.864938
0.815098
0.73293
0.792941
0.879792
0.701669
0.801016
0.853036
0.885928
0.874808
0.869438
0.755812
0.914749
0.853231
0.777293
0.840084
0.860605
0.793016
0.883398
0.787678
0.922005
0.797338
0.917738
0.875808
0.873656
0.895257
0.87678
0.820513
0.848845
0.857044
0.855007
0.823641
0.858163
0.938466
0.817011
0.904842
0.837783
0.828757
0.88741
0.892641
0.857259
0.796002
0.849785
0.789213
0.802181
0.862522
0.870485
0.821693
0.893721
0.826767
0.889702
0.87191
0.825407
0.799925
0.841658
0.887353
0.961407
0.806662
0.837481
0.846508
0.748155
0.865135
0.895026
0.861236
0.833184
0.915039
0.837981
0.851146
0.841738
0.868665
0.829716
0.854214
0.853215
0.783148
0.791826
0.909941
0.844784
0.89013
0.833326
0.764088
0.896521
0.883106
0.885356
0.910115
0.799957
0.849802
0.806644
0.826433
0.833466
0.839781
0.798149
0.699941
0.784795
0.788591
0.870552
0.935326
0.820549
0.827918
0.805366
0.789693
0.906575
0.8848
0.824444
0.91303
0.844784
0.91108
0.873836
0.84917
0.893832
0.749751
0.8505
0.858812
0.876977
0.859473
0.800662
0.914951
0.707867
