1
1
1
1
1
1
1
1
1
1
1
1
1
1
1
1
1
1
1
1
1
1
1
1
1
1
1
1
1
1
1
1
1
1
1
1
1
1
1
1
1
1
1
1
1
1
1
1
1
1
1
1
1
1
1
1
1
1
1
1
1
1
1
1
1
1
1
1
1
1
1
1
1
1
1
1
1
1
1
1
1
1
1
1
1
1
1
1
1
1
1
1
1
1
1
1
1
1
1
1
1
1
1
1
1
1
1
1
1
1
1
1
1
1
1
1
1
1
1
1
1
1
1
1
1
1
1
1
1
1
1
1
1
1
1
1
1
1
1
1
1
1
1
1
1
1
1
1
1
1
1
1
1
1
1
1
1
1
1
1
1
1
1
1
1
1
1
1
1
1
1
1
1
1
1
1
1
1
1
1
1
1
1
1
1
1
1
1
1
1
1
1
1
1
1
1
1
1
1
1
1
1
1
1
1
1
1
1
1
1
1
1
1
1
1
1
1
1
1
1
1
1
1
1
1
1
1
1
1
1
1
1
1
1
1
1
1
1
1
1
1
1
1
1
1
1
1
1
1
1
1
1
1
1
1
1
1
1
1
1
1
1
1
1
1
1
1
1
1
1
1
1
1
1
1
1
1
1
1
1
1
1
1
1
1
1
1
1
1
1
1
1
1
1
1
1
1
1
1
1
1
1
1
1
1
1
1
1
1
1
1
1
1
1
1
1
1
1
1
1
1
1
1
1
1
1
1
1
1
1
1
1
1
1
1
1
1
1
1
1
1
1
1
1
1
1
1
1
1
1
1
1
1
1
1
1
1
1
1
1
1
1
1
1
1
1
1
1
1
1
1
1
1
1
1
1
1
1
1
1
1
1
1
1
1
1
1
1
1
1
1
1
1
1
1
1
1
1
1
1
1
1
1
1
1
1
1
1
1
1
1
1
1
1
1
1
1
1
1
1
1
1
1
1
1
1
1
1
1
1
1
1
1
1
1
1
1
1
1
1
1
1
1
1
1
1
1
1
1
1
1
1
1
1
1
1
1
1
1
1
1
1
1
1
1
1
1
1
1
1
1
1
1
1
1
1
1
1
1
1
1
1
1
1
1
1
1
1
1
1
1
1
1
1
1
1
1
1
1
1
1
1
1
1
1
1
1
1
1
1
1
1
1
1
1
1
1
1
1
1
1
1
1
1
1
1
1
1
1
1
1
1
1
1
1
1
1
1
1
1
1
1
1
1
1
1
1
1
1
1
1
1
1
1
1
1
1
1
1
1
1
1
1
1
1
1
1
1
1
1
1
1
1
1
1
1
1
1
1
1
1
1
1
1
1
1
1
1
1
1
1
1
1
1
1
1
1
1
1
1
1
1
1
1
1
1
1
1
1
1
1
1
1
1
1
1
1
1
1
1
1
1
1
1
1
1
1
1
1
1
1
1
1
1
1
1
1
1
1
1
1
1
1
1
1
1
1
1
1
1
1
1
1
1
1
1
1
1
1
1
1
1
1
1
1
1
1
1
1
1
1
1
1
1
1
1
1
1
1
1
1
1
1
1
1
1
1
1
1
1
1
1
1
1
1
1
1
1
1
1
1
1
1
1
1
1
1
1
1
1
1
1
1
1
1
1
1
1
1
1
1
1
1
1
1
1
1
1
1
1
1
1
1
1
1
1
1
1
1
1
1
1
1
1
1
1
1
1
1
1
1
1
1
1
1
1
1
1
1
1
1
1
1
1
1
1
1
1
1
1
1
1
1
1
1
1
1
1
1
1
1
1
1
1
1
1
1
1
1
1
1
1
1
1
1
1
1
1
1
1
1
1
1
1
1
1
1
1
1
1
1
1
1
1
1
1
1
1
1
1
1
1
1
1
1
1
1
1
1
1
1
1
1
1
1
1
1
1
1
1
1
1
1
1
1
1
1
1
1
1
1
1
1
1
1
1
1
1
1
1
1
1
1
1
1
1
1
1
1
1
1
1
1
1
1
1
1
1
1
1
1
1
1
1
1
1
1
1
1
1
1
1
1
1
1
1
1
1
1
1
1
1
1
1
1
1
1
1
1
1
1
1
1
1
1
1
1
1
1
1
1
1
1
1
1
1
1
1
1
1
1
1
1
1
1
1
1
1
1
1
1
1
1
1
1
1
1
1
1
1
1
1
1
1
1
1
1
1
1
1
1
1
1
1
1
1
1
1
1
1
1
1
1
1
1
1
1
1
1
1
1
1
1
1
1
1
1
1
1
1
1
1
1
1
1
1
1
1
1
1
0.65351
0.655775
0.686616
0.675632
0.645291
0.736828
0.571243
0.644458
0.775369
0.771815
0.819597
0.752705
0.619295
0.653275
0.673556
0.683506
0.735605
0.627163
0.598808
0.671769
0.648536
0.783633
0.665583
0.704311
0.620777
0.686448
0.758323
0.626196
0.702062
0.567658
0.61151
0.587632
0.692588
0.745746
0.636525
0.730678
0.693316
0.780713
0.733933
0.694629
0.699757
0.841709
0.626487
0.697468
0.665025
0.689645
0.795456
0.661074
0.798157
0.680549
0.726656
0.539365
0.6843
0.677952
0.702306
0.712447
0.588268
0.597571
0.672729
0.704419
0.638431
0.666252
0.614342
0.720925
0.693916
0.739125
0.61162
0.715929
0.633812
0.647968
0.565587
0.580956
0.623069
0.559936
0.706147
0.628025
0.63612
0.641278
0.655236
0.71076
0.697484
0.636155
0.633142
0.630135
0.654686
0.654269
0.628647
0.668656
0.606591
0.723297
0.661674
0.523317
0.660098
0.636432
0.650561
0.651392
0.699993
0.624605
0.624789
0.646642
0.730066
0.759068
0.583353
0.700852
0.653643
0.663543
0.84203
0.660357
0.643874
0.777209
0.629559
0.677257
0.633854
0.626234
0.669407
0.680341
0.648343
0.584619
0.721247
0.812095
0.640626
0.637513
0.647919
0.62656
0.641635
0.707804
0.724474
0.529437
0.568586
0.734552
0.778756
0.711216
0.688874
0.705887
0.678244
0.746352
0.664133
0.738538
0.622826
0.801345
0.727477
0.542882
0.614676
0.608249
0.640316
0.676868
0.592416
0.71438
0.656007
0.666394
0.724771
0.597
0.622471
0.686108
0.742967
0.616688
0.715665
0.69233
0.647292
0.710162
0.623993
0.621683
0.63563
0.571892
0.703837
0.739168
0.662335
0.624561
0.697726
0.688668
0.613879
0.738529
0.635765
0.618248
0.570461
0.595351
0.674472
0.646643
0.719123
0.683979
0.618355
0.717066
0.66096
0.697884
0.636697
0.617403
0.651269
0.624957
0.683943
0.688766
0.682342
0.593194
0.73406
0.55831
0.639277
0.741384
0.777376
0.593629
0.728207
0.627271
0.645716
0.760957
0.668374
0.639115
0.670552
0.726748
0.711602
0.698432
0.861801
0.591108
0.651996
0.69603
0.67914
0.649766
0.622208
0.62689
0.636423
0.591217
0.667828
0.594776
0.730091
0.533249
0.677473
0.641673
0.679858
0.662987
0.676315
0.488016
0.574857
0.686746
0.635839
0.779246
0.706539
0.72081
0.634428
0.731047
0.686978
0.542119
0.69785
0.654416
0.716593
0.652903
0.672721
0.725973
0.671884
0.805739
0.67504
0.674499
0.570066
0.597588
0.700674
0.665492
0.762968
0.643111
0.684944
0.704136
0.675811
0.597465
0.743027
0.692497
0.642228
0.730138
0.508471
0.555757
0.84649
0.610296
0.679977
0.593589
0.723602
0.73717
0.694531
0.718613
0.536384
0.650346
0.672539
0.636275
0.673147
0.617347
0.590464
0.585088
0.693174
0.587291
0.59659
0.734652
0.739818
0.607173
0.700422
0.643138
0.717235
0.626784
0.671627
0.645553
0.735566
0.648619
0.693509
0.685671
0.696574
0.64844
0.572023
0.58534
0.662741
0.668828
0.657392
0.523956
0.590995
0.736651
0.750286
0.715616
0.674295
0.701659
0.725125
0.658761
0.611075
0.649713
0.677399
0.633617
0.5943
0.664919
0.685023
0.725714
0.600332
0.665398
0.655691
0.61094
0.649885
0.696058
0.786236
0.720378
0.594805
0.661095
0.60114
0.691172
0.746738
0.612918
0.688136
0.69413
0.656814
0.788931
0.641378
0.700275
0.802497
0.642302
0.737709
0.610499
0.711393
0.867997
0.699721
0.716928
0.63985
0.741925
0.671682
0.748389
0.80393
0.592548
0.658776
0.720979
0.683217
0.590305
0.693295
0.621457
0.675416
0.683054
0.602047
0.594883
0.688159
0.649744
0.59317
0.764227
0.53745
0.587986
0.644026
0.695035
0.704172
0.652741
0.721174
0.612757
0.741641
0.651624
0.605801
0.562312
0.656945
0.664125
0.633882
0.64973
0.721627
0.692966
0.857056
0.57536
0.663982
0.77872
0.744445
0.64081
0.709288
0.628747
0.622817
0.576988
0.645158
0.646425
0.601996
0.722293
0.784972
0.647332
0.638274
0.685555
0.609814
0.73305
0.561401
0.688702
0.574904
0.574831
0.677549
0.636322
0.720533
0.685158
0.637847
0.806002
0.673506
0.68259
0.566151
0.582798
0.671258
0.767386
0.784314
0.687559
0.73507
0.595577
0.636127
0.631685
0.70056
0.709055
0.670636
0.597018
0.73023
0.602514
0.722765
0.632382
0.60774
0.588804
0.632229
0.657011
0.634858
0.612815
0.698126
0.704599
0.704533
0.668249
0.722384
0.636027
0.591053
0.649191
0.625596
0.633036
0.708927
0.627966
0.792335
0.667497
0.673624
0.761634
0.824649
0.607711
0.609241
0.544964
0.729383
0.672074
0.680494
0.699925
0.686106
0.660331
0.695976
0.591495
0.741502
0.633889
0.644201
0.646938
0.617158
0.738583
0.600715
0.762378
0.688251
0.662215
0.810559
0.697888
0.788524
0.588267
0.553124
0.764515
0.66746
0.677407
0.629382
0.670329
0.667321
0.70303
0.661198
0.796995
0.744248
0.650656
0.608226
0.635651
0.692152
0.635764
0.768992
0.679396
0.63491
0.635679
0.760025
0.634875
0.738787
0.647706
0.668242
0.574373
0.732876
0.646467
0.693512
0.703134
0.673297
0.733797
0.590768
0.641819
0.801632
0.751639
0.7251
0.758229
0.74655
0.740641
0.647949
0.670502
0.665679
0.680521
0.62526
0.732708
0.702573
0.774972
0.620023
0.702359
0.750624
0.660369
0.579332
0.797471
0.773513
0.708349
0.71426
0.611701
0.734849
0.675327
0.659498
0.749903
0.653929
0.740579
0.682515
0.650731
0.704445
0.736291
0.639613
0.682005
0.552048
0.684997
0.793234
0.764726
0.614522
0.599044
0.689304
0.606849
0.568127
0.593697
0.704694
0.792811
0.686637
0.622367
0.736566
0.647646
0.599542
0.764238
0.662422
0.643843
0.745105
0.693797
0.573706
0.786394
0.81637
0.53752
0.595895
0.707469
0.778193
0.614914
0.673784
0.638304
0.693123
0.627134
0.495301
0.537356
0.707306
0.692657
0.689592
0.731463
0.677316
0.698701
0.606807
0.708458
0.836792
0.75045
0.756633
0.563322
0.804738
0.68332
0.709397
0.630517
0.798546
0.633338
0.689863
0.61173
0.716071
0.64813
0.738301
0.636692
0.639718
0.621884
0.683544
0.634105
0.714772
0.640161
0.681378
0.650665
0.715772
0.738008
0.809621
0.689346
0.671805
0.65759
0.777377
0.589673
0.745729
0.667896
0.631825
0.767533
0.631597
0.6647
0.714688
0.733798
0.574432
0.666742
0.672886
0.682853
0.6404
0.680721
0.57794
0.678463
0.636776
0.76718
0.723807
0.610199
0.723501
0.644626
0.65721
0.541128
0.715453
0.676955
0.656774
0.556198
0.771937
0.745808
0.755034
0.761015
0.685341
0.713341
0.728432
0.790665
0.629281
0.716284
0.64187
0.615868
0.714177
0.610013
0.625219
0.625156
0.678998
0.69634
0.708099
0.746764
0.715892
0.606508
0.723636
0.821275
0.749148
0.69802
0.688018
0.707778
0.734946
0.646007
0.682182
0.62654
0.684277
0.746244
0.695716
0.678629
0.651025
0.602975
0.624356
0.689974
0.634243
0.576782
0.675708
0.702332
0.70374
0.70297
0.567742
0.598009
0.649987
0.592351
0.66071
0.74387
0.730593
0.679489
0.778337
0.634546
0.763134
0.662659
0.720696
0.617719
0.572309
0.663001
0.721091
0.6088
0.764103
0.666513
0.706963
0.599136
0.69229
0.730691
0.755847
0.578214
0.684108
0.57728
0.686118
0.731
0.682056
0.767481
0.807562
0.597411
0.55263
0.609347
0.736533
0.672134
0.717237
0.574692
0.537248
0.613109
0.680621
0.694576
0.757893
0.600657
0.629364
0.722859
0.697613
0.692851
0.604799
0.716213
0.70254
0.685713
0.647809
0.648034
0.616827
0.650409
0.717162
0.673774
0.656756
0.624293
0.698495
0.637138
0.615639
0.655338
0.778312
0.631372
0.630215
0.783722
0.637729
0.702386
0.622071
0.673688
0.641871
0.630458
0.701732
0.725233
0.654936
0.66466
0.641048
0.71118
0.707117
0.795015
0.640666
0.732256
0.794459
0.659315
0.705408
0.668109
0.715373
0.763975
0.698432
0.718564
0.715488
0.715264
0.671432
0.599531
0.575748
0.710934
0.695319
0.747208
0.627541
0.771393
0.664887
0.636053
0.61027
0.645675
0.65653
0.777038
0.632992
0.723003
0.798419
0.679304
0.657727
0.760546
0.590781
0.634646
0.687688
0.684217
0.724439
0.740832
0.689482
0.752751
0.746306
0.664973
0.746023
0.68233
0.718799
0.720525
0.777064
0.716484
0.579961
0.686299
0.749132
0.645772
0.661138
0.679558
0.613996
0.761481
0.724072
0.726718
0.771653
0.743867
0.670747
0.677589
0.57399
0.66614
0.795863
0.62385
0.755624
0.665282
0.654161
0.721516
0.60593
0.640246
0.74038
0.683839
0.792068
0.71465
0.684623
0.702019
0.738651
0.67366
0.66104
0.621428
0.62413
0.796438
0.639148
0.642741
0.619445
0.677492
0.688259
0.651844
0.789728
0.764563
0.722568
0.642979
0.623199
0.802868
0.76211
0.635202
0.578529
0.654105
0.627581
0.575734
0.778906
0.654448
0.657046
0.716004
0.736011
0.619951
0.584769
0.606436
0.663641
0.689739
0.795102
0.688085
0.620312
0.742922
0.684669
0.659095
0.698182
0.627288
0.719972
0.681583
0.590338
0.803457
0.66582
0.750534
0.660951
0.683491
0.727235
0.635348
0.714068
0.643059
0.724771
0.643971
0.685023
0.681275
0.737217
0.561489
0.659883
0.735212
0.616984
0.764146
0.677293
0.692003
0.715304
0.689382
0.544473
0.64623
0.736875
0.584485
0.804319
0.685734
0.727471
0.628297
0.694491
0.480028
0.810136
0.743307
0.680083
0.81781
0.667636
0.59042
0.679554
0.696167
0.74707
0.637131
0.666324
0.633486
0.684382
0.595641
0.664749
0.705938
0.701147
0.566475
0.667659
0.650099
0.608801
0.494882
0.750241
0.752843
0.577992
0.748361
0.649515
0.605087
0.766743
0.582844
0.623821
0.675159
0.677338
0.590173
0.665658
0.720503
0.74846
0.614317
0.614356
0.691961
0.693419
0.699054
0.694353
0.532479
0.625485
0.680626
0.730248
0.804423
0.665375
0.71819
0.656673
0.614816
0.669132
0.770829
0.626563
0.703949
1
1
1
1
1
1
1
1
1
1
1
1
1
1
1
1
1
1
1
1
1
1
1
1
1
1
1
1
1
1
1
1
1
1
1
1
1
1
1
1
1
1
1
1
1
1
1
1
1
1
1
1
1
1
1
1
1
1
1
1
1
1
1
1
1
1
1
1
1
1
1
1
1
1
1
1
1
1
1
1
1
1
1
1
1
1
1
1
1
1
1
1
1
1
1
1
1
1
1
1
1
1
1
1
1
1
1
1
1
1
1
1
1
1
1
1
1
1
1
1
1
1
1
1
1
1
1
1
1
1
1
1
1
1
1
1
1
1
1
1
1
1
1
1
1
1
1
1
1
1
1
1
1
1
1
1
1
1
1
1
1
1
1
1
1
1
1
1
1
1
1
1
1
1
1
1
1
1
1
1
1
1
1
1
1
1
1
1
1
1
1
1
1
1
1
1
1
1
1
1
1
1
1
1
1
1
1
1
1
1
1
1
1
1
1
1
1
1
1
1
1
1
1
1
1
1
1
1
1
1
1
1
1
1
1
1
1
1
1
1
1
1
1
1
1
1
1
1
1
1
1
1
1
1
1
1
1
1
1
1
1
1
1
1
1
1
1
1
1
1
1
1
1
1
1
1
1
1
1
1
1
1
1
1
1
1
1
1
1
1
1
1
1
1
1
1
1
1
1
1
1
1
1
1
1
1
1
1
1
1
1
1
1
1
1
1
1
1
1
1
1
1
1
1
1
1
1
1
1
1
1
1
1
1
1
1
1
1
1
1
1
1
1
1
1
1
1
1
1
1
1
1
1
1
1
1
1
1
1
1
1
1
1
1
1
1
1
1
1
1
1
1
1
1
1
1
1
1
1
1
1
1
1
1
1
1
1
1
1
1
1
1
1
1
1
1
1
1
1
1
1
1
1
1
1
1
1
1
1
1
1
1
1
1
1
1
1
1
1
1
1
1
1
1
1
1
1
1
1
1
1
1
1
1
1
1
1
1
1
1
1
1
1
1
1
1
1
1
1
1
1
1
1
1
1
1
1
1
1
1
1
1
1
1
1
1
1
1
1
1
1
1
1
1
1
1
1
1
1
1
1
1
1
1
1
1
1
1
1
1
1
1
1
1
1
1
1
1
1
1
1
1
1
1
1
1
1
1
1
1
1
1
1
1
1
1
1
1
1
1
1
1
1
1
1
1
1
1
1
1
1
1
1
1
1
1
1
1
1
1
1
1
1
1
1
1
1
1
1
1
1
1
1
1
1
1
1
1
1
1
1
1
1
1
1
1
1
1
1
1
1
1
1
1
1
1
1
1
1
1
1
1
1
1
1
1
1
1
1
1
1
1
1
1
1
1
1
1
1
1
1
1
1
1
1
1
1
1
1
1
1
1
1
1
1
1
1
1
1
1
1
1
1
1
1
1
1
1
1
1
1
1
1
1
1
1
1
1
1
1
1
1
1
1
1
1
1
1
1
1
1
1
1
1
1
1
1
1
1
1
1
1
1
1
1
1
1
1
1
1
1
1
1
1
1
1
1
1
1
1
1
1
1
1
1
1
1
1
1
1
1
1
1
1
1
1
1
1
1
1
1
1
1
1
1
1
1
1
1
1
1
1
1
1
1
1
1
1
1
1
1
1
1
1
1
1
1
1
1
1
1
1
1
1
1
1
1
1
1
1
1
1
1
1
1
1
1
1
1
1
1
1
1
1
1
1
1
1
1
1
1
1
1
1
1
1
1
1
1
1
1
1
1
1
1
1
1
1
1
1
1
1
1
1
1
1
1
1
1
1
1
1
1
1
1
1
1
1
1
1
1
1
1
1
1
1
1
1
1
1
1
1
1
1
1
1
1
1
1
1
1
1
1
1
1
1
1
1
1
1
1
1
1
1
1
1
1
1
1
1
1
1
1
1
1
1
1
1
1
1
1
1
1
1
1
1
1
1
1
1
1
1
1
1
1
1
1
1
1
1
1
1
1
1
1
1
1
1
1
1
1
1
1
1
1
1
1
1
1
1
1
1
1
1
1
1
1
1
1
1
1
1
1
1
1
1
1
1
1
1
1
1
1
1
1
1
1
1
1
1
1
1
1
1
1
1
1
1
1
1
1
1
1
1
1
1
1
1
1
1
1
1
1
1
1
1
1
1
1
1
1
1
1
1
1
1
1
1
1
1
1
1
1
1
1
1
1
1
1
1
1
1
1
1
1
1
1
1
1
1
1
1
1
1
1
1
1
1
1
1
1
1
1
1
1
1
1
1
1
1
0.807297
0.853233
0.688644
0.851685
0.802903
0.884332
0.781811
0.845742
0.829334
0.837609
0.941061
0.923356
0.897305
0.86154
0.820597
0.862797
0.804325
0.823285
0.789213
0.706202
0.738178
0.918012
0.810345
0.822685
0.895007
0.879466
0.894777
0.807831
0.807469
0.848808
0.805443
0.774012
0.827653
0.837429
0.882447
0.851454
0.824098
0.84307
0.858985
0.854049
0.868253
0.910161
0.840848
0.811987
0.839712
0.838248
0.855081
0.826898
0.938438
0.847186
0.86448
0.823982
0.902897
0.833818
0.855205
0.795095
0.87236
0.836623
0.838578
0.9154
0.872527
0.78028
0.831299
0.838078
0.819107
0.866651
0.855517
0.85476
0.804353
0.82956
0.838333
0.77322
0.816738
0.846146
0.841361
0.849107
0.746426
0.827741
0.878596
0.864432
0.747379
0.845133
0.81223
0.865372
0.795565
0.870157
0.903391
0.831958
0.766256
0.765612
0.938641
0.769148
0.894775
0.786199
0.846728
0.885748
0.865493
0.881333
0.834266
0.813435
0.866496
0.912753
0.807482
0.768286
0.849378
0.828095
0.858466
0.783312
0.902963
0.837571
0.836302
0.931313
0.832134
0.759753
0.870271
0.811844
0.867962
0.812019
0.850071
0.853457
0.86229
0.857417
0.88276
0.801139
0.838884
0.85564
0.900023
0.786231
0.833895
0.810449
0.832158
0.88853
0.856349
0.90528
0.87109
0.85629
0.835457
0.864936
0.784086
0.909302
0.852867
0.836851
0.789043
0.912821
0.761034
0.808149
0.816391
0.886356
0.881243
0.906535
0.959423
0.811485
0.801587
0.877018
0.865224
0.854618
0.857531
0.805914
0.889619
0.869701
0.886811
0.827185
0.779219
0.831157
0.89297
0.848587
0.817666
0.861047
0.857542
0.873724
0.812657
0.900259
0.784532
0.886251
0.886223
0.848685
0.843269
0.86425
0.851709
0.866886
0.839256
0.893656
0.909044
0.827566
0.765458
0.817574
0.829095
0.853897
0.85568
0.870268
0.828887
0.843973
0.879236
0.889113
0.820056
0.947069
0.886627
0.822492
0.857433
0.872036
0.842374
0.771982
0.87596
0.858822
0.832778
0.848424
0.818938
0.873479
0.920492
0.865728
0.772264
0.899746
0.875072
0.913286
0.890515
0.807291
0.874534
0.926233
0.809349
0.854108
0.869016
0.742521
0.885326
0.845083
0.829907
0.866748
0.898544
0.729098
0.866879
0.785186
0.889927
0.796513
0.828549
0.859925
0.829501
0.814009
0.875332
0.801298
0.861702
0.867769
0.889146
0.85842
0.861516
0.857043
0.847138
0.920233
0.778663
0.851535
0.843299
0.829394
0.899527
0.879205
0.819388
0.782418
0.8678
0.806041
0.904285
0.751238
0.826081
0.878659
0.862478
0.891879
0.850673
0.848695
0.84932
0.885992
0.927156
0.785738
0.804094
0.865255
0.90357
0.858732
0.761415
0.902363
0.818112
0.850438
0.800403
0.709408
0.870509
0.825643
0.864144
0.891093
0.830175
0.874313
0.88269
0.899633
0.890846
0.946654
0.866757
0.826411
0.770759
0.781867
0.811039
0.813957
0.76225
0.889423
0.812414
0.858486
0.814425
0.853998
0.786262
0.831026
0.85046
0.803879
0.765917
0.849759
0.886751
0.885077
0.870757
0.895534
0.804849
0.839327
0.854956
0.877092
0.809476
0.832653
0.82506
0.80297
0.884126
0.875341
0.832133
0.958199
0.840143
0.895302
0.820529
0.832843
0.874612
0.888692
0.868001
0.814935
0.815511
0.832323
0.889403
0.828012
0.871762
0.826506
0.848526
0.849307
0.774248
0.884364
0.951606
0.835267
0.810369
0.805827
0.888583
0.86962
0.842403
0.896568
0.835991
0.887833
0.837324
0.96104
0.885936
0.817764
0.837105
0.878132
0.86221
0.85559
0.854129
0.900674
0.803618
0.826631
0.822127
0.751973
0.782621
0.870337
0.781739
0.916123
0.797646
0.837048
0.882827
0.873527
0.834087
0.827465
0.794164
0.854193
0.876003
0.846059
0.804355
0.877672
0.843507
0.823313
0.82941
0.881488
0.871103
0.913991
0.915997
0.824231
0.882969
0.915443
0.869197
0.8607
0.870648
0.857862
0.686425
0.879163
0.855235
0.836947
0.85473
0.905696
0.870389
0.828868
0.830305
0.822098
0.848803
0.719942
0.796005
0.895398
0.850895
0.836496
0.83279
0.796544
0.807247
0.848512
0.886439
0.814432
0.751236
0.871275
0.855063
0.841717
0.877513
0.780736
0.834566
0.737752
0.832059
0.828357
0.827081
0.782944
0.873915
0.840602
0.762769
0.874653
0.882013
0.830765
0.85268
0.803128
0.78789
0.84229
0.81937
0.847001
0.853371
0.774811
0.788704
0.822068
0.825818
0.856556
0.900165
0.85272
0.907334
0.819293
0.721027
0.860437
0.858072
0.879597
0.88728
0.842811
0.848227
0.812607
0.901259
0.837511
0.788548
0.706215
0.860189
0.822391
0.821366
0.852522
0.822174
0.820035
0.867333
0.895233
0.881489
0.781646
0.836684
0.865251
0.715241
0.864438
0.833507
0.769914
0.882743
0.849047
0.897028
0.83473
0.823577
0.863566
0.822507
0.868673
0.851321
0.869112
0.915437
0.920063
0.857189
0.882958
0.822452
0.893141
0.810853
0.865522
0.803316
0.822142
0.865093
0.847784
0.784704
0.890167
0.873398
0.864706
0.805859
0.848255
0.832677
0.791738
0.841773
0.823771
0.910248
0.843919
0.816459
0.85286
0.858048
0.872645
0.844741
0.898235
0.832668
0.851017
0.859851
0.892988
0.854064
0.880341
0.840435
0.909182
0.817807
0.896733
0.781975
0.835638
0.850624
0.914414
0.874592
0.896844
0.919852
0.875633
0.895427
0.914719
0.903339
0.927347
0.858212
0.871226
0.889312
0.743176
0.89894
0.830398
0.832548
0.872264
0.843546
0.860605
0.789537
0.866477
0.793779
0.847379
0.797632
0.81256
0.894529
0.883101
0.752334
0.842785
0.808625
0.898606
0.828484
0.860316
0.8736
0.899963
0.904314
0.847495
0.922539
0.833739
0.871387
0.844418
0.845366
0.84459
0.812722
0.871327
0.83617
0.897549
0.878129
0.844522
0.869498
0.860981
0.931652
0.820581
0.917198
0.85753
0.928035
0.855343
0.771124
0.780479
0.903411
0.758786
0.831309
0.748854
0.870403
0.813644
0.791524
0.91834
0.895857
0.930152
0.874435
0.836843
0.896273
0.845492
0.845839
0.770339
0.923465
0.846213
0.830176
0.815327
0.840003
0.861591
0.916311
0.858848
0.866169
0.827384
0.794998
0.798425
0.840525
0.667959
0.857629
0.768197
0.969867
0.872729
0.837189
0.905461
0.839978
0.862263
0.812546
0.841862
0.837355
0.790332
0.890385
0.912694
0.862123
0.779926
0.75393
0.891141
0.829341
0.808483
0.87688
0.792441
0.837191
0.886248
0.857287
0.913658
0.772929
0.893187
0.843755
0.767927
0.912078
0.890698
0.824441
0.836462
0.910278
0.875951
0.821161
0.818095
0.882329
0.931156
0.837359
0.89382
0.797764
0.855902
0.872341
0.79883
0.849076
0.849796
0.890207
0.857747
0.877509
0.819996
0.760005
0.866865
0.831602
0.771874
0.816194
0.932133
0.849446
0.817347
0.904352
0.87147
0.815507
0.855576
0.796167
0.860096
0.926656
0.88864
0.892229
0.825974
0.893742
0.836974
0.899078
0.902959
0.710628
0.852208
0.855468
0.823639
0.862975
0.813118
0.763033
0.877711
0.835453
0.892396
0.769532
0.922542
0.76974
0.721535
0.898227
0.846257
0.870188
0.921176
0.865545
0.865213
0.918328
0.816352
0.930896
0.893796
0.799639
0.893169
0.902566
0.833329
0.913729
0.81353
0.872015
0.796063
0.851169
0.913535
0.926975
0.67907
0.914654
0.80974
0.829527
0.781215
0.879334
0.88826
0.90054
0.847374
0.789798
0.916054
0.930109
0.840264
0.825315
0.869598
0.855366
0.859699
0.802654
0.805237
0.809753
0.831305
0.647966
0.917562
0.844415
0.857693
0.845717
0.850077
0.807499
0.846136
0.838722
0.860617
0.866512
0.775908
0.902346
0.845036
0.87724
0.775994
0.870226
0.822523
0.839443
0.902481
0.920886
0.782054
0.83476
0.860943
0.870139
0.853965
0.873478
0.840452
0.843649
0.874599
0.90055
0.834223
0.80012
0.846175
0.860087
0.808945
0.843656
0.853383
0.743623
0.844016
0.921562
0.772029
0.836211
0.839619
0.869099
0.851716
0.897808
0.909731
0.938529
0.839523
0.763972
0.86844
0.819989
0.817724
0.80409
0.897754
0.768502
0.835378
0.899093
0.899779
0.778154
0.874623
0.825706
0.853581
0.820171
0.875157
0.892052
0.92888
0.873863
0.835462
0.777183
0.841098
0.884097
0.908923
0.864602
0.906724
0.761462
0.856839
0.890323
0.902385
0.849259
0.822076
0.872409
0.893766
0.871121
0.860655
0.809065
0.742749
0.837072
0.840638
0.787507
0.821986
0.825866
0.805831
0.804582
0.87011
0.896876
0.856406
0.782201
0.865061
0.78685
0.847063
0.88708
0.907194
0.856683
0.881926
0.901562
0.916964
0.827009
0.794883
0.87744
0.840772
0.852214
0.874422
0.84799
0.853247
0.933795
0.870135
0.858365
0.843096
0.797985
0.916049
0.853431
0.846065
0.905939
0.757813
0.914941
0.849161
0.799153
0.862235
0.819494
0.713525
0.831867
0.922273
0.845165
0.883904
0.93753
0.776594
0.792118
0.870447
0.855239
0.896427
0.887073
0.860595
0.819711
0.821447
0.798808
0.899606
0.827692
0.885375
0.867481
0.873473
0.834602
0.872177
0.920347
0.82061
0.868269
0.934594
0.856981
0.865097
0.856362
0.856075
0.801556
0.848076
0.828904
0.870196
0.898644
0.824768
0.889652
0.917513
0.791184
0.825823
0.917893
0.771929
0.82592
0.817643
0.833417
0.816056
0.76398
0.850895
0.782264
0.873535
0.897975
0.892256
0.821136
0.905049
0.818414
0.830272
0.808735
0.812262
0.794676
0.821769
0.845579
0.797031
0.895538
0.895055
0.816462
0.910904
0.804716
0.838816
0.819652
0.802043
0.840295
0.878901
0.85662
0.862714
0.907557
0.812157
0.845554
0.879244
0.837639
0.889875
0.846403
0.853113
0.886515
0.808934
0.910816
0.847461
0.813953
0.768075
0.841931
0.860607
0.855996
0.827047
0.85286
0.876285
0.898508
0.895713
0.806318
0.877553
0.901093
0.81469
0.83158
0.841039
0.88277
0.84785
0.825528
0.839626
0.930236
0.850015
0.856518
0.885985
0.82247
0.749894
0.878958
0.838279
0.808779
0.824865
0.81797
0.928058
