1
1
1
1
1
1
1
1
1
1
1
1
1
1
1
1
1
1
1
1
1
1
1
1
1
1
1
1
1
1
1
1
1
1
1
1
1
1
1
1
1
1
1
1
1
1
1
1
1
1
1
1
1
1
1
1
1
1
1
1
1
1
1
1
1
1
1
1
1
1
1
1
1
1
1
1
1
1
1
1
1
1
1
1
1
1
1
1
1
1
1
1
1
1
1
1
1
1
1
1
1
1
1
1
1
1
1
1
1
1
1
1
1
1
1
1
1
1
1
1
1
1
1
1
1
1
1
1
1
1
1
1
1
1
1
1
1
1
1
1
1
1
1
1
1
1
1
1
1
1
1
1
1
1
1
1
1
1
1
1
1
1
1
1
1
1
1
1
1
1
1
1
1
1
1
1
1
1
1
1
1
1
1
1
1
1
1
1
1
1
1
1
1
1
1
1
1
1
1
1
1
1
1
1
1
1
1
1
1
1
1
1
1
1
1
1
1
1
1
1
1
1
1
1
1
1
1
1
1
1
1
1
1
1
1
1
1
1
1
1
1
1
1
1
1
1
1
1
1
1
1
1
1
1
1
1
1
1
1
1
1
1
1
1
1
1
1
1
1
1
1
1
1
1
1
1
1
1
1
1
1
1
1
1
1
1
1
1
1
1
1
1
1
1
1
1
1
1
1
1
1
1
1
1
1
1
1
1
1
1
1
1
1
1
1
1
1
1
1
1
1
1
1
1
1
1
1
1
1
1
1
1
1
1
1
1
1
1
1
1
1
1
1
1
1
1
1
1
1
1
1
1
1
1
1
1
1
1
1
1
1
1
1
1
1
1
1
1
1
1
1
1
1
1
1
1
1
1
1
1
1
1
1
1
1
1
1
1
1
1
1
1
1
1
1
1
1
1
1
1
1
1
1
1
1
1
1
1
1
1
1
1
1
1
1
1
1
1
1
1
1
1
1
1
1
1
1
1
1
1
1
1
1
1
1
1
1
1
1
1
1
1
1
1
1
1
1
1
1
1
1
1
1
1
1
1
1
1
1
1
1
1
1
1
1
1
1
1
1
1
1
1
1
1
1
1
1
1
1
1
1
1
1
1
1
1
1
1
1
1
1
1
1
1
1
1
1
1
1
1
1
1
1
1
1
1
1
1
1
1
1
1
1
1
1
1
1
1
1
1
1
1
1
1
1
1
1
1
1
1
1
1
1
1
1
1
1
1
1
1
1
1
1
1
1
1
1
1
1
1
1
1
1
1
1
1
1
1
1
1
1
1
1
1
1
1
1
1
1
1
1
1
1
1
1
1
1
1
1
1
1
1
1
1
1
1
1
1
1
1
1
1
1
1
1
1
1
1
1
1
1
1
1
1
1
1
1
1
1
1
1
1
1
1
1
1
1
1
1
1
1
1
1
1
1
1
1
1
1
1
1
1
1
1
1
1
1
1
1
1
1
1
1
1
1
1
1
1
1
1
1
1
1
1
1
1
1
1
1
1
1
1
1
1
1
1
1
1
1
1
1
1
1
1
1
1
1
1
1
1
1
1
1
1
1
1
1
1
1
1
1
1
1
1
1
1
1
1
1
1
1
1
1
1
1
1
1
1
1
1
1
1
1
1
1
1
1
1
1
1
1
1
1
1
1
1
1
1
1
1
1
1
1
1
1
1
1
1
1
1
1
1
1
1
1
1
1
1
1
1
1
1
1
1
1
1
1
1
1
1
1
1
1
1
1
1
1
1
1
1
1
1
1
1
1
1
1
1
1
1
1
1
1
1
1
1
1
1
1
1
1
1
1
1
1
1
1
1
1
1
1
1
1
1
1
1
1
1
1
1
1
1
1
1
1
1
1
1
1
1
1
1
1
1
1
1
1
1
1
1
1
1
1
1
1
1
1
1
1
1
1
1
1
1
1
1
1
1
1
1
1
1
1
1
1
1
1
1
1
1
1
1
1
1
1
1
1
1
1
1
1
1
1
1
1
1
1
1
1
1
1
1
1
1
1
1
1
1
1
1
1
1
1
1
1
1
1
1
1
1
1
1
1
1
1
1
1
1
1
1
1
1
1
1
1
1
1
1
1
1
1
1
1
1
1
1
1
1
1
1
1
1
1
1
1
1
1
1
1
1
1
1
1
1
1
1
1
1
1
1
1
1
1
1
1
1
1
1
1
1
1
1
1
1
1
1
1
1
1
1
1
1
1
1
1
1
1
1
1
1
1
1
1
1
1
1
1
1
1
1
1
1
1
1
1
1
1
1
1
1
0.69153
0.722567
0.595279
0.714346
0.721469
0.751873
0.8454
0.645435
0.637418
0.609748
0.762071
0.631104
0.717676
0.700413
0.650468
0.722675
0.648765
0.743388
0.620479
0.676194
0.648647
0.720998
0.683033
0.645955
0.677596
0.673394
0.701348
0.703672
0.771662
0.592874
0.65584
0.644435
0.712422
0.62105
0.594309
0.669956
0.697065
0.729626
0.690564
0.785222
0.699993
0.616907
0.64244
0.647758
0.64399
0.554965
0.648608
0.60086
0.648399
0.61835
0.752023
0.621459
0.739494
0.621609
0.738576
0.652039
0.607254
0.671968
0.677924
0.730692
0.665952
0.704527
0.784271
0.564183
0.626228
0.724554
0.596749
0.634829
0.717435
0.713907
0.652081
0.678994
0.636109
0.738446
0.704904
0.593212
0.606431
0.649638
0.774912
0.75774
0.673827
0.538554
0.631477
0.620182
0.573623
0.78268
0.6702
0.700575
0.663335
0.580981
0.672702
0.669485
0.633496
0.601376
0.595631
0.731273
0.537693
0.723016
0.68889
0.642032
0.568019
0.715204
0.681494
0.642689
0.736248
0.756356
0.579446
0.58051
0.584363
0.696969
0.697802
0.493175
0.736112
0.636819
0.71096
0.722096
0.704223
0.641331
0.643689
0.74586
0.670047
0.64703
0.672961
0.815914
0.675251
0.753045
0.635333
0.75873
0.806634
0.619668
0.668805
0.657351
0.670316
0.740863
0.65134
0.663235
0.673128
0.682613
0.693048
0.577726
0.684901
0.704462
0.637139
0.670173
0.736898
0.723966
0.574572
0.660217
0.692939
0.755319
0.608113
0.654083
0.590906
0.778791
0.570617
0.613284
0.73409
0.645367
0.665377
0.630497
0.753451
0.81207
0.688035
0.726683
0.604607
0.683237
0.651992
0.695562
0.705761
0.733692
0.608236
0.654507
0.662272
0.707479
0.706806
0.779165
0.677591
0.649182
0.625083
0.707541
0.584112
0.704665
0.68959
0.639606
0.652428
0.730073
0.651565
0.77491
0.621411
0.585991
0.678327
0.650369
0.64505
0.633186
0.647103
0.635794
0.630244
0.675796
0.716432
0.672609
0.68626
0.66106
0.773681
0.577163
0.684371
0.63673
0.56413
0.69529
0.690857
0.676023
0.611609
0.697051
0.60466
0.741061
0.674969
0.591609
0.601006
0.707971
0.628047
0.650896
0.584448
0.674937
0.715159
0.683855
0.682255
0.695701
0.775969
0.623065
0.76972
0.702144
0.664242
0.645215
0.575033
0.667634
0.696983
0.668256
0.652226
0.771785
0.671922
0.622716
0.636802
0.612686
0.621163
0.760678
0.587363
0.686465
0.670639
0.548841
0.687611
0.536166
0.672168
0.698138
0.592844
0.707742
0.69418
0.607615
0.786767
0.792736
0.67971
0.64565
0.630064
0.688118
0.712503
0.615855
0.637183
0.607968
0.700307
0.613243
0.63433
0.650889
0.780297
0.741182
0.731194
0.727671
0.789145
0.725659
0.63833
0.648894
0.635098
0.651934
0.651496
0.613928
0.749686
0.747377
0.646598
0.728265
0.712569
0.73
0.671067
0.725248
0.686124
0.687783
0.594784
0.663019
0.700467
0.681038
0.657452
0.56675
0.667206
0.671353
0.593388
0.572683
0.627784
0.618842
0.692297
0.654889
0.675671
0.589632
0.659984
0.547504
0.54395
0.646647
0.627566
0.740941
0.676246
0.677558
0.692368
0.696203
0.609116
0.694571
0.679306
0.71828
0.653957
0.697525
0.733982
0.616984
0.767938
0.688895
0.566995
0.668087
0.578893
0.752375
0.694758
0.575633
0.638081
0.649988
0.572117
0.592629
0.66587
0.612317
0.732607
0.690574
0.670507
0.690442
0.663255
0.721265
0.650364
0.62871
0.60163
0.70778
0.616039
0.679966
0.635992
0.676809
0.78732
0.672593
0.591854
0.750522
0.740736
0.638804
0.654028
0.763708
0.684868
0.705629
0.623113
0.719199
0.588606
0.623569
0.858761
0.6578
0.734622
0.63965
0.715298
0.653015
0.611587
0.750673
0.757354
0.711306
0.720439
0.759339
0.512423
0.731959
0.611956
0.587985
0.681417
0.621821
0.653056
0.674703
0.624946
0.670514
0.772356
0.708951
0.731505
0.787738
0.696667
0.606276
0.624312
0.635914
0.670127
0.643023
0.604365
0.6426
0.644922
0.64247
0.654314
0.639493
0.62738
0.803887
0.727551
0.574117
0.683311
0.676566
0.690739
0.672722
0.542003
0.747108
0.656632
0.758167
0.723524
0.657406
0.611834
0.688049
0.623497
0.677456
0.655845
0.749606
0.742374
0.734357
0.684382
0.659698
0.785252
0.578466
0.73745
0.696219
0.606694
0.677896
0.707111
0.700352
0.642258
0.668058
0.692673
0.644159
0.635937
0.609946
0.647208
0.683806
0.61298
0.598593
0.768731
0.634143
0.583678
0.651527
0.590139
0.650041
0.587153
0.66829
0.634345
0.703614
0.579096
0.559903
0.705603
0.66905
0.682917
0.649644
0.603944
0.732065
0.64775
0.676439
0.621868
0.651988
0.668594
0.644932
0.646365
0.740312
0.748032
0.639592
0.674339
0.705697
0.591322
0.632236
0.655326
0.749288
0.777685
0.687969
0.597014
0.697371
0.726928
0.684074
0.687954
0.665959
0.713044
0.571755
0.748558
0.616329
0.795878
0.740875
0.625459
0.681117
0.710921
0.692076
0.689934
0.657616
0.762986
0.690615
0.798022
0.660693
0.629055
0.55757
0.685867
0.611617
0.637544
0.689324
0.783764
0.742531
0.726882
0.719484
0.743124
0.598726
0.68378
0.760698
0.658992
0.663108
0.596813
0.59864
0.745538
0.558379
0.778153
0.63326
0.726928
0.657077
0.635212
0.553729
0.584049
0.644646
0.713825
0.70212
0.578898
0.705038
0.713941
0.623089
0.614463
0.65903
0.793219
0.665923
0.636058
0.678003
0.655368
0.72792
0.596317
0.732966
0.647308
0.709701
0.663057
0.651237
0.59547
0.592918
0.597645
0.696276
0.619023
0.701336
0.665799
0.714221
0.742172
0.687171
0.873848
0.588042
0.695824
0.621111
0.599522
0.632048
0.475905
0.630081
0.602423
0.742316
0.800909
0.669658
0.660094
0.755031
0.704746
0.680886
0.753462
0.537918
0.635686
0.72434
0.60552
0.586159
0.613022
0.642518
0.710215
0.861225
0.658181
0.686278
0.600182
0.590108
0.656126
0.67197
0.655505
0.788139
0.661281
0.812694
0.70741
0.713527
0.638841
0.67333
0.572333
0.618105
0.731471
0.809451
0.752537
0.78141
0.59092
0.781976
0.610993
0.625429
0.652775
0.633882
0.684119
0.615336
0.53145
0.842437
0.706267
0.771348
0.733082
0.651618
0.699054
0.636065
0.626078
0.672726
0.740417
0.694112
0.771027
0.689245
0.654118
0.551245
0.579727
0.698887
0.604123
0.606912
0.750056
0.615463
0.755767
0.721188
0.590899
0.607339
0.64523
0.725665
0.720461
0.59659
0.62772
0.629092
0.722292
0.702311
0.714001
0.740035
0.579584
0.752218
0.638778
0.544483
0.674809
0.694547
0.698979
0.669064
0.784265
0.588178
0.703375
0.498165
0.620746
0.640136
0.667598
0.682714
0.679067
0.78117
0.754759
0.598193
0.697713
0.658453
0.66616
0.740154
0.554256
0.677898
0.648617
0.731675
0.67657
0.591042
0.6763
0.642234
0.734908
0.588869
0.672807
0.622228
0.738945
0.690347
0.680475
0.694274
0.735012
0.734998
0.768007
0.672318
0.673411
0.657234
0.59741
0.636427
0.645573
0.603725
0.711046
0.73797
0.654491
0.767606
0.730281
0.633989
0.73896
0.688162
0.70562
0.625926
0.664472
0.713524
0.64483
0.591334
0.641163
0.593778
0.719955
0.571874
0.748002
0.739929
0.723173
0.764247
0.745378
0.782821
0.69565
0.675681
0.58798
0.642923
0.723441
0.63038
0.717546
0.624503
0.712781
0.66588
0.686647
0.82229
0.722436
0.666747
0.644038
0.666489
0.630783
0.737969
0.679181
0.722327
0.695643
0.747249
0.786693
0.65943
0.797923
0.636036
0.613842
0.654625
0.559063
0.66125
0.573996
0.802023
0.581288
0.755579
0.773664
0.621622
0.67364
0.691264
0.772853
0.586615
0.647438
0.667067
0.706716
0.714279
0.745558
0.657564
0.664364
0.75623
0.629203
0.680925
0.656848
0.761956
0.604814
0.634757
0.799229
0.690964
0.767043
0.718128
0.704404
0.736635
0.676651
0.643047
0.700576
0.805471
0.556767
0.679289
0.581805
0.694217
0.603461
0.815231
0.747722
0.7227
0.67177
0.639429
0.608034
0.562932
0.669122
0.727742
0.66092
0.492252
0.711234
0.69624
0.779652
0.576854
0.76343
0.595221
0.711907
0.594621
0.650396
0.674828
0.650474
0.687619
0.584829
0.688055
0.645689
0.714812
0.696067
0.685006
0.666506
0.642639
0.604401
0.662586
0.72791
0.724415
0.705706
0.649782
0.71852
0.608138
0.789237
0.683935
0.763218
0.638137
0.664401
0.676436
0.722572
0.653054
0.581501
0.638303
0.736681
0.690538
0.61134
0.580007
0.651963
0.697878
0.673353
0.706408
0.754375
0.693645
0.763005
0.770096
0.539388
0.552599
0.716501
0.73468
0.686204
0.709966
0.658869
0.652952
0.720741
0.765404
0.641055
0.639313
0.675676
0.727162
0.676461
0.639958
0.560518
0.594509
0.762193
0.772284
0.753069
0.669137
0.760936
0.775424
0.781696
0.721682
0.678971
0.602623
0.620368
0.724709
0.538644
0.558937
0.698674
0.632595
0.741799
0.825748
0.673437
0.654711
0.547163
0.673608
0.780093
0.669237
0.652209
0.60808
0.577324
0.721651
0.686112
0.676516
0.584693
0.676274
0.520591
0.655123
0.59598
0.809859
0.678127
0.732556
0.654313
0.701389
0.745921
0.712382
0.666326
0.67957
0.701135
0.705399
0.615746
0.65262
0.704877
0.720882
0.763836
0.576362
0.732631
0.611185
0.685737
0.725509
0.766383
0.687505
0.670164
0.722688
0.722242
0.617765
0.636324
0.697621
0.707723
0.666937
0.719051
0.830652
0.708585
0.760297
0.576502
0.642268
0.780647
0.601413
0.731705
0.684437
0.644062
0.619552
0.631525
0.767942
0.662676
0.581548
0.621269
0.647948
0.655504
0.735765
0.609835
0.699999
0.775299
0.745536
0.747454
0.663436
0.657535
0.764134
0.725945
0.587937
0.761754
0.670452
0.580804
0.62573
0.563852
0.549301
0.67107
0.699609
0.650547
0.708897
0.588501
0.650736
0.640736
0.695621
0.745853
0.701046
0.574221
0.64987
0.584116
0.747572
0.713704
0.684744
0.772814
0.595351
0.649207
0.751131
0.64663
0.674821
1
1
1
1
1
1
1
1
1
1
1
1
1
1
1
1
1
1
1
1
1
1
1
1
1
1
1
1
1
1
1
1
1
1
1
1
1
1
1
1
1
1
1
1
1
1
1
1
1
1
1
1
1
1
1
1
1
1
1
1
1
1
1
1
1
1
1
1
1
1
1
1
1
1
1
1
1
1
1
1
1
1
1
1
1
1
1
1
1
1
1
1
1
1
1
1
1
1
1
1
1
1
1
1
1
1
1
1
1
1
1
1
1
1
1
1
1
1
1
1
1
1
1
1
1
1
1
1
1
1
1
1
1
1
1
1
1
1
1
1
1
1
1
1
1
1
1
1
1
1
1
1
1
1
1
1
1
1
1
1
1
1
1
1
1
1
1
1
1
1
1
1
1
1
1
1
1
1
1
1
1
1
1
1
1
1
1
1
1
1
1
1
1
1
1
1
1
1
1
1
1
1
1
1
1
1
1
1
1
1
1
1
1
1
1
1
1
1
1
1
1
1
1
1
1
1
1
1
1
1
1
1
1
1
1
1
1
1
1
1
1
1
1
1
1
1
1
1
1
1
1
1
1
1
1
1
1
1
1
1
1
1
1
1
1
1
1
1
1
1
1
1
1
1
1
1
1
1
1
1
1
1
1
1
1
1
1
1
1
1
1
1
1
1
1
1
1
1
1
1
1
1
1
1
1
1
1
1
1
1
1
1
1
1
1
1
1
1
1
1
1
1
1
1
1
1
1
1
1
1
1
1
1
1
1
1
1
1
1
1
1
1
1
1
1
1
1
1
1
1
1
1
1
1
1
1
1
1
1
1
1
1
1
1
1
1
1
1
1
1
1
1
1
1
1
1
1
1
1
1
1
1
1
1
1
1
1
1
1
1
1
1
1
1
1
1
1
1
1
1
1
1
1
1
1
1
1
1
1
1
1
1
1
1
1
1
1
1
1
1
1
1
1
1
1
1
1
1
1
1
1
1
1
1
1
1
1
1
1
1
1
1
1
1
1
1
1
1
1
1
1
1
1
1
1
1
1
1
1
1
1
1
1
1
1
1
1
1
1
1
1
1
1
1
1
1
1
1
1
1
1
1
1
1
1
1
1
1
1
1
1
1
1
1
1
1
1
1
1
1
1
1
1
1
1
1
1
1
1
1
1
1
1
1
1
1
1
1
1
1
1
1
1
1
1
1
1
1
1
1
1
1
1
1
1
1
1
1
1
1
1
1
1
1
1
1
1
1
1
1
1
1
1
1
1
1
1
1
1
1
1
1
1
1
1
1
1
1
1
1
1
1
1
1
1
1
1
1
1
1
1
1
1
1
1
1
1
1
1
1
1
1
1
1
1
1
1
1
1
1
1
1
1
1
1
1
1
1
1
1
1
1
1
1
1
1
1
1
1
1
1
1
1
1
1
1
1
1
1
1
1
1
1
1
1
1
1
1
1
1
1
1
1
1
1
1
1
1
1
1
1
1
1
1
1
1
1
1
1
1
1
1
1
1
1
1
1
1
1
1
1
1
1
1
1
1
1
1
1
1
1
1
1
1
1
1
1
1
1
1
1
1
1
1
1
1
1
1
1
1
1
1
1
1
1
1
1
1
1
1
1
1
1
1
1
1
1
1
1
1
1
1
1
1
1
1
1
1
1
1
1
1
1
1
1
1
1
1
1
1
1
1
1
1
1
1
1
1
1
1
1
1
1
1
1
1
1
1
1
1
1
1
1
1
1
1
1
1
1
1
1
1
1
1
1
1
1
1
1
1
1
1
1
1
1
1
1
1
1
1
1
1
1
1
1
1
1
1
1
1
1
1
1
1
1
1
1
1
1
1
1
1
1
1
1
1
1
1
1
1
1
1
1
1
1
1
1
1
1
1
1
1
1
1
1
1
1
1
1
1
1
1
1
1
1
1
1
1
1
1
1
1
1
1
1
1
1
1
1
1
1
1
1
1
1
1
1
1
1
1
1
1
1
1
1
1
1
1
1
1
1
1
1
1
1
1
1
1
1
1
1
1
1
1
1
1
1
1
1
1
1
1
1
1
1
1
1
1
1
1
1
1
1
1
1
1
1
1
1
1
1
1
1
1
1
1
1
1
1
1
1
1
1
1
1
1
1
1
1
1
1
1
1
1
1
1
1
1
1
1
1
1
1
1
1
1
1
1
1
1
1
1
1
1
1
1
1
1
1
1
1
1
1
1
1
1
1
1
1
1
1
1
1
1
1
1
1
1
1
1
1
1
1
1
1
1
1
1
1
1
0.839226
0.820402
0.860491
0.846915
0.908357
0.828845
0.911141
0.876288
0.89694
0.804521
0.884029
0.772952
0.874422
0.908837
0.812709
0.916649
0.827793
0.811094
0.761352
0.859399
0.869823
0.897937
0.89599
0.801967
0.824205
0.857055
0.860653
0.846122
0.828577
0.773311
0.787347
0.772611
0.885668
0.833795
0.892017
0.858639
0.819719
0.886755
0.826576
0.877778
0.854311
0.796135
0.831537
0.843237
0.882853
0.827589
0.853401
0.887673
0.855559
0.821322
0.891348
0.79921
0.852875
0.837136
0.920354
0.870424
0.917897
0.865122
0.824253
0.86913
0.879059
0.8399
0.913462
0.782307
0.862005
0.831098
0.797491
0.852971
0.907931
0.825238
0.905469
0.831726
0.870543
0.894489
0.803779
0.832662
0.835721
0.893659
0.858762
0.865534
0.842725
0.831803
0.790405
0.808186
0.809906
0.955336
0.858193
0.832429
0.858688
0.836291
0.894661
0.821217
0.798814
0.870626
0.790148
0.901828
0.860974
0.87344
0.886222
0.806784
0.800892
0.927098
0.841386
0.853774
0.857486
0.865375
0.779081
0.842473
0.743847
0.844294
0.824235
0.795997
0.932044
0.827039
0.88359
0.820313
0.863493
0.821482
0.784037
0.886894
0.818695
0.810732
0.883578
0.939351
0.820317
0.817218
0.83
0.861087
0.954736
0.78429
0.835782
0.787973
0.782459
0.856439
0.86164
0.788579
0.880992
0.891529
0.855417
0.848675
0.849506
0.863389
0.792715
0.802178
0.841573
0.837421
0.870223
0.758447
0.804028
0.819963
0.851922
0.831518
0.889674
0.851208
0.694747
0.876835
0.775657
0.789733
0.81925
0.722523
0.842236
0.862468
0.882752
0.910116
0.739025
0.860137
0.864329
0.889647
0.829184
0.838217
0.884976
0.816034
0.854931
0.871815
0.806856
0.81902
0.887339
0.784198
0.910391
0.869617
0.873548
0.845151
0.854821
0.851866
0.848933
0.858362
0.858824
0.906935
0.847876
0.796543
0.830166
0.864402
0.870813
0.835872
0.835749
0.790136
0.860475
0.856642
0.844903
0.844283
0.874537
0.773534
0.846944
0.859627
0.830753
0.915844
0.87135
0.782442
0.84319
0.835872
0.816392
0.926792
0.889424
0.87725
0.825353
0.855415
0.8064
0.90581
0.822267
0.790552
0.773434
0.855513
0.853959
0.786523
0.847777
0.887143
0.852167
0.815694
0.845955
0.888931
0.833494
0.771102
0.804969
0.772769
0.829035
0.865449
0.831203
0.869936
0.794136
0.732069
0.862815
0.837797
0.798341
0.87076
0.841041
0.827748
0.864164
0.780634
0.859138
0.831379
0.874403
0.877096
0.887451
0.799368
0.863607
0.793174
0.922563
0.8914
0.842373
0.865128
0.872186
0.800118
0.853492
0.868296
0.850267
0.797734
0.904959
0.799325
0.858299
0.817291
0.890305
0.838858
0.917307
0.892764
0.881128
0.826406
0.878268
0.86196
0.894313
0.769484
0.823863
0.803155
0.860348
0.849555
0.814589
0.909376
0.874692
0.849818
0.840606
0.890626
0.822349
0.825321
0.810534
0.835098
0.877233
0.914012
0.883763
0.744706
0.867157
0.869902
0.832726
0.853208
0.785338
0.867556
0.870791
0.80774
0.841187
0.789542
0.769172
0.845982
0.804864
0.76664
0.791844
0.845612
0.784371
0.851436
0.809228
0.876681
0.751522
0.838956
0.883092
0.777514
0.836843
0.871693
0.85976
0.809598
0.810494
0.885205
0.799416
0.857707
0.871838
0.828611
0.872846
0.82079
0.826828
0.851456
0.816143
0.853661
0.916404
0.830022
0.852895
0.852206
0.826471
0.818871
0.881224
0.86957
0.761565
0.807439
0.849947
0.798868
0.85798
0.769955
0.802026
0.829418
0.893582
0.873297
0.889926
0.829479
0.833186
0.883584
0.864027
0.873618
0.852579
0.880371
0.880893
0.891585
0.849034
0.83135
0.951908
0.846201
0.839632
0.861365
0.89999
0.863185
0.792747
0.894393
0.878354
0.904334
0.65394
0.891022
0.764582
0.849174
0.831176
0.733985
0.931679
0.802118
0.707354
0.874351
0.875795
0.748948
0.831428
0.931557
0.830703
0.850632
0.887824
0.852763
0.796306
0.87339
0.900628
0.797606
0.870414
0.841575
0.814411
0.810369
0.816173
0.827055
0.812818
0.92264
0.817796
0.853302
0.849288
0.895533
0.858135
0.857503
0.823404
0.860789
0.827229
0.836804
0.877295
0.785163
0.805314
0.880908
0.840326
0.669709
0.848858
0.863051
0.844991
0.878234
0.863428
0.866902
0.827447
0.750078
0.877918
0.880575
0.825204
0.888603
0.791098
0.924446
0.829591
0.876638
0.880939
0.807585
0.823902
0.826062
0.815949
0.84898
0.846359
0.871714
0.895272
0.821801
0.864289
0.909229
0.803319
0.878184
0.825978
0.662575
0.782619
0.922935
0.869735
0.824081
0.851032
0.849816
0.837338
0.821558
0.78866
0.883082
0.843478
0.907033
0.851634
0.859163
0.876394
0.80994
0.909558
0.891475
0.795291
0.822863
0.831466
0.81108
0.82709
0.872016
0.865763
0.88583
0.847986
0.842752
0.88744
0.859558
0.894787
0.862514
0.833611
0.855683
0.829499
0.721185
0.800924
0.760755
0.90634
0.902992
0.76528
0.908778
0.920399
0.773999
0.862186
0.860613
0.762052
0.821885
0.904249
0.845885
0.83348
0.788471
0.840821
0.781099
0.861793
0.899455
0.840386
0.874151
0.865824
0.857608
0.862536
0.867566
0.845583
0.789561
0.814678
0.893353
0.785818
0.802026
0.863676
0.820833
0.890169
0.7947
0.873057
0.803509
0.857529
0.779639
0.842562
0.850291
0.932217
0.872823
0.745792
0.7908
0.847779
0.855627
0.798124
0.875975
0.927688
0.805176
0.860246
0.778203
0.845265
0.897699
0.846221
0.845853
0.911913
0.897206
0.820011
0.838794
0.830536
0.823547
0.736639
0.867699
0.830939
0.824622
0.810303
0.866882
0.771363
0.842103
0.918534
0.838672
0.871212
0.815439
0.829123
0.801495
0.778609
0.786288
0.814186
0.880116
0.890738
0.856945
0.80754
0.882951
0.903007
0.819635
0.939927
0.835243
0.829698
0.776315
0.8158
0.866603
0.792896
0.862179
0.832797
0.86816
0.876358
0.749844
0.835861
0.862072
0.79118
0.911363
0.881333
0.794393
0.872797
0.927426
0.884177
0.856772
0.875449
0.837306
0.862183
0.838267
0.888438
0.879769
0.869822
0.826197
0.816953
0.853726
0.849182
0.810094
0.861842
0.815469
0.88815
0.848721
0.844164
0.883168
0.90043
0.872246
0.878448
0.922832
0.776405
0.830919
0.870523
0.861693
0.886086
0.939154
0.831508
0.892488
0.843988
0.7186
0.818915
0.906608
0.820286
0.897403
0.875697
0.871558
0.901888
0.872301
0.817785
0.87266
0.79921
0.882455
0.866002
0.727898
0.897414
0.887883
0.850961
0.794172
0.838408
0.768148
0.812701
0.811755
0.844654
0.806838
0.836135
0.868262
0.875333
0.783754
0.836802
0.783213
0.874546
0.827957
0.898715
0.81418
0.841324
0.794618
0.841412
0.842685
0.826959
0.843388
0.833219
0.830352
0.874151
0.847353
0.859218
0.82193
0.827514
0.832255
0.83419
0.84444
0.790562
0.842763
0.891577
0.876654
0.809044
0.76513
0.870046
0.824376
0.857569
0.891915
0.822053
0.827284
0.858135
0.87235
0.815228
0.913413
0.82394
0.799037
0.921006
0.803357
0.803499
0.833748
0.843283
0.799719
0.945482
0.856987
0.855069
0.821035
0.885351
0.847043
0.872192
0.861573
0.927378
0.83983
0.806804
0.830898
0.839229
0.801196
0.901811
0.895169
0.814485
0.86407
0.795227
0.885771
0.807561
0.852357
0.906658
0.824395
0.890591
0.840042
0.903875
0.825088
0.809777
0.91342
0.778675
0.881205
0.864487
0.831407
0.816159
0.871039
0.807503
0.837273
0.894297
0.915974
0.888107
0.913163
0.833906
0.875556
0.840273
0.895262
0.860263
0.852793
0.73315
0.833067
0.801894
0.832412
0.819399
0.88549
0.869257
0.830198
0.895412
0.809869
0.825104
0.819561
0.871369
0.869883
0.89721
0.865649
0.896303
0.823545
0.798403
0.932047
0.820911
0.725417
0.867926
0.940663
0.808688
0.92009
0.861846
0.822052
0.867224
0.886828
0.880891
0.891863
0.812015
0.841997
0.890917
0.935556
0.835434
0.925601
0.911611
0.819332
0.810859
0.885117
0.883693
0.847917
0.84304
0.794575
0.853492
0.743583
0.983249
0.857996
0.889707
0.794763
0.911014
0.846363
0.943494
0.825545
0.846505
0.723641
0.897629
0.903256
0.819806
0.723732
0.771314
0.814274
0.75708
0.84215
0.795568
0.852838
0.893399
0.819081
0.889324
0.862577
0.847766
0.855267
0.900587
0.857575
0.801727
0.803693
0.825517
0.792402
0.861907
0.869259
0.88746
0.833045
0.853426
0.917026
0.872318
0.898342
0.841
0.847752
0.86167
0.821434
0.798435
0.894911
0.831151
0.891699
0.740549
0.861002
0.835928
0.838201
0.859274
0.851624
0.830897
0.829027
0.899646
0.853937
0.799031
0.813704
0.831065
0.794445
0.833238
0.893039
0.695806
0.861374
0.858422
0.840732
0.80374
0.813731
0.870109
0.764
0.844122
0.891374
0.893886
0.784528
0.85725
0.832135
0.877609
0.87739
0.839554
0.859347
0.788539
0.852648
0.847772
0.813349
0.822198
0.747842
0.807094
0.887147
0.795415
0.877567
0.843549
0.859977
0.868245
0.866096
0.834986
0.819202
0.882026
0.901747
0.789973
0.875661
0.849207
0.875302
0.817821
0.841555
0.839906
0.917689
0.82634
0.82496
0.843143
0.851165
0.824976
0.81888
0.83856
0.842403
0.783378
0.88448
0.828314
0.724668
0.891736
0.800694
0.857937
0.883263
0.806478
0.793857
0.86868
0.866112
0.878482
0.853046
0.884923
0.891284
0.816136
0.771151
0.872656
0.847203
0.848039
0.830969
0.825405
0.919996
0.856362
0.823638
0.864551
0.770643
0.867783
0.823191
0.789732
0.908876
0.841045
0.831794
0.850763
0.831369
0.875852
0.840295
0.811109
0.825329
0.780309
0.865557
0.872009
0.840622
0.795426
0.877279
0.870957
0.890414
0.890935
0.824704
0.818117
0.767862
0.880599
0.882115
0.787633
0.809559
0.813251
0.765671
0.850519
0.799098
0.846296
0.894475
0.839481
0.791547
0.817554
0.834469
0.849113
0.862856
0.848455
0.871557
0.811352
0.852565
0.860727
0.833702
0.94253
0.826629
0.846841
0.899055
0.80068
0.790846
