1
1
1
1
1
1
1
1
1
1
1
1
1
1
1
1
1
1
1
1
1
1
1
1
1
1
1
1
1
1
1
1
1
1
1
1
1
1
1
1
1
1
1
1
1
1
1
1
1
1
1
1
1
1
1
1
1
1
1
1
1
1
1
1
1
1
1
1
1
1
1
1
1
1
1
1
1
1
1
1
1
1
1
1
1
1
1
1
1
1
1
1
1
1
1
1
1
1
1
1
1
1
1
1
1
1
1
1
1
1
1
1
1
1
1
1
1
1
1
1
1
1
1
1
1
1
1
1
1
1
1
1
1
1
1
1
1
1
1
1
1
1
1
1
1
1
1
1
1
1
1
1
1
1
1
1
1
1
1
1
1
1
1
1
1
1
1
1
1
1
1
1
1
1
1
1
1
1
1
1
1
1
1
1
1
1
1
1
1
1
1
1
1
1
1
1
1
1
1
1
1
1
1
1
1
1
1
1
1
1
1
1
1
1
1
1
1
1
1
1
1
1
1
1
1
1
1
1
1
1
1
1
1
1
1
1
1
1
1
1
1
1
1
1
1
1
1
1
1
1
1
1
1
1
1
1
1
1
1
1
1
1
1
1
1
1
1
1
1
1
1
1
1
1
1
1
1
1
1
1
1
1
1
1
1
1
1
1
1
1
1
1
1
1
1
1
1
1
1
1
1
1
1
1
1
1
1
1
1
1
1
1
1
1
1
1
1
1
1
1
1
1
1
1
1
1
1
1
1
1
1
1
1
1
1
1
1
1
1
1
1
1
1
1
1
1
1
1
1
1
1
1
1
1
1
1
1
1
1
1
1
1
1
1
1
1
1
1
1
1
1
1
1
1
1
1
1
1
1
1
1
1
1
1
1
1
1
1
1
1
1
1
1
1
1
1
1
1
1
1
1
1
1
1
1
1
1
1
1
1
1
1
1
1
1
1
1
1
1
1
1
1
1
1
1
1
1
1
1
1
1
1
1
1
1
1
1
1
1
1
1
1
1
1
1
1
1
1
1
1
1
1
1
1
1
1
1
1
1
1
1
1
1
1
1
1
1
1
1
1
1
1
1
1
1
1
1
1
1
1
1
1
1
1
1
1
1
1
1
1
1
1
1
1
1
1
1
1
1
1
1
1
1
1
1
1
1
1
1
1
1
1
1
1
1
1
1
1
1
1
1
1
1
1
1
1
1
1
1
1
1
1
1
1
1
1
1
1
1
1
1
1
1
1
1
1
1
1
1
1
1
1
1
1
1
1
1
1
1
1
1
1
1
1
1
1
1
1
1
1
1
1
1
1
1
1
1
1
1
1
1
1
1
1
1
1
1
1
1
1
1
1
1
1
1
1
1
1
1
1
1
1
1
1
1
1
1
1
1
1
1
1
1
1
1
1
1
1
1
1
1
1
1
1
1
1
1
1
1
1
1
1
1
1
1
1
1
1
1
1
1
1
1
1
1
1
1
1
1
1
1
1
1
1
1
1
1
1
1
1
1
1
1
1
1
1
1
1
1
1
1
1
1
1
1
1
1
1
1
1
1
1
1
1
1
1
1
1
1
1
1
1
1
1
1
1
1
1
1
1
1
1
1
1
1
1
1
1
1
1
1
1
1
1
1
1
1
1
1
1
1
1
1
1
1
1
1
1
1
1
1
1
1
1
1
1
1
1
1
1
1
1
1
1
1
1
1
1
1
1
1
1
1
1
1
1
1
1
1
1
1
1
1
1
1
1
1
1
1
1
1
1
1
1
1
1
1
1
1
1
1
1
1
1
1
1
1
1
1
1
1
1
1
1
1
1
1
1
1
1
1
1
1
1
1
1
1
1
1
1
1
1
1
1
1
1
1
1
1
1
1
1
1
1
1
1
1
1
1
1
1
1
1
1
1
1
1
1
1
1
1
1
1
1
1
1
1
1
1
1
1
1
1
1
1
1
1
1
1
1
1
1
1
1
1
1
1
1
1
1
1
1
1
1
1
1
1
1
1
1
1
1
1
1
1
1
1
1
1
1
1
1
1
1
1
1
1
1
1
1
1
1
1
1
1
1
1
1
1
1
1
1
1
1
1
1
1
1
1
1
1
1
1
1
1
1
1
1
1
1
1
1
1
1
1
1
1
1
1
1
1
1
1
1
1
1
1
1
1
1
1
1
1
1
1
1
1
1
1
1
1
1
1
1
1
1
1
1
1
1
1
1
1
1
1
1
1
1
1
1
1
1
1
1
1
1
1
1
1
1
1
1
1
1
1
1
1
1
1
1
0.740131
0.705517
0.73291
0.706605
0.707857
0.678172
0.635569
0.574395
0.691177
0.615672
0.737211
0.658444
0.738427
0.675967
0.654358
0.809341
0.67265
0.747999
0.723198
0.722872
0.586375
0.677014
0.618239
0.717177
0.673021
0.60854
0.669483
0.554751
0.666717
0.569634
0.678011
0.635637
0.71206
0.675405
0.785479
0.735247
0.718869
0.680844
0.659229
0.547918
0.703356
0.667069
0.668974
0.640223
0.755406
0.71859
0.612044
0.611279
0.615966
0.631073
0.650373
0.654576
0.793517
0.665725
0.615044
0.661013
0.694635
0.648207
0.692413
0.59299
0.727884
0.686331
0.624744
0.724704
0.665752
0.701255
0.72688
0.640516
0.682438
0.727353
0.645436
0.601731
0.770011
0.731138
0.554465
0.504112
0.628037
0.666706
0.614345
0.669471
0.684867
0.725644
0.596432
0.690891
0.554457
0.622914
0.738403
0.704388
0.693385
0.695672
0.610755
0.588344
0.653088
0.720223
0.626276
0.72891
0.674898
0.718569
0.686658
0.70666
0.689617
0.671639
0.67515
0.633556
0.729598
0.710588
0.698911
0.654586
0.735881
0.624883
0.588881
0.686011
0.566841
0.719587
0.741072
0.752813
0.7615
0.674543
0.678076
0.683199
0.640574
0.768097
0.712039
0.621269
0.742343
0.657119
0.67089
0.74785
0.64962
0.676756
0.650086
0.710526
0.751836
0.653698
0.691472
0.684847
0.650918
0.690351
0.769223
0.629792
0.606966
0.620641
0.615336
0.638027
0.609005
0.734269
0.65354
0.689825
0.717731
0.71339
0.711514
0.589934
0.674886
0.619792
0.508135
0.596091
0.729852
0.558604
0.706446
0.726233
0.702204
0.733283
0.658901
0.640865
0.753915
0.721507
0.70099
0.615595
0.71835
0.617838
0.578514
0.625888
0.626055
0.678271
0.66189
0.622619
0.727372
0.700388
0.664271
0.635003
0.662234
0.582266
0.620078
0.71161
0.752949
0.654808
0.650698
0.654812
0.593053
0.627719
0.693443
0.68728
0.676657
0.615536
0.678383
0.762496
0.583077
0.558875
0.685339
0.67525
0.686606
0.666065
0.588736
0.704207
0.642525
0.735565
0.75689
0.650802
0.722456
0.688023
0.762619
0.744707
0.675495
0.707701
0.724174
0.730984
0.690805
0.613235
0.706829
0.748472
0.69678
0.743325
0.636202
0.798461
0.70677
0.554945
0.669893
0.715619
0.591847
0.631119
0.718389
0.63805
0.745252
0.667485
0.610958
0.733403
0.61798
0.636838
0.744669
0.620313
0.671378
0.651207
0.583887
0.763165
0.75709
0.738829
0.626819
0.738716
0.652579
0.727614
0.758006
0.672823
0.597545
0.679103
0.653684
0.696773
0.625414
0.758117
0.566111
0.709151
0.660715
0.628614
0.724115
0.675037
0.736346
0.71489
0.704927
0.656387
0.605191
0.69581
0.603137
0.657827
0.707895
0.666894
0.639817
0.681913
0.761488
0.669831
0.664761
0.625756
0.731369
0.6344
0.676493
0.721881
0.767612
0.79512
0.69014
0.610638
0.737325
0.581684
0.685874
0.67153
0.750435
0.700772
0.672724
0.698275
0.752985
0.699362
0.692557
0.619261
0.689664
0.663624
0.57
0.646304
0.644664
0.801005
0.677001
0.692983
0.778349
0.620902
0.684078
0.732873
0.614142
0.780956
0.53689
0.62445
0.711333
0.662272
0.645474
0.6566
0.776518
0.543267
0.678937
0.67864
0.73733
0.691302
0.670159
0.709536
0.661839
0.718943
0.680538
0.601418
0.581091
0.621807
0.677048
0.710063
0.623725
0.731035
0.719841
0.654221
0.679177
0.648795
0.721793
0.691756
0.633836
0.663051
0.589244
0.654075
0.663154
0.752313
0.715856
0.6423
0.699083
0.726604
0.593318
0.691098
0.718297
0.652293
0.587592
0.662102
0.629207
0.67804
0.686525
0.745966
0.683905
0.597077
0.6222
0.680636
0.746788
0.680485
0.638565
0.71149
0.69005
0.613016
0.676328
0.722596
0.598398
0.639505
0.754808
0.595361
0.621047
0.714452
0.602827
0.585839
0.65698
0.787706
0.625696
0.683391
0.691029
0.623798
0.709184
0.730905
0.648411
0.607822
0.554285
0.680236
0.762198
0.648212
0.656527
0.655442
0.722998
0.635617
0.732841
0.705294
0.63455
0.635889
0.675645
0.779134
0.666221
0.76084
0.718305
0.69011
0.682897
0.714288
0.81895
0.644333
0.66174
0.729801
0.778185
0.690252
0.740206
0.700849
0.588075
0.679615
0.7608
0.524894
0.680917
0.759749
0.640851
0.625386
0.723725
0.660409
0.67919
0.570405
0.675196
0.630777
0.708232
0.780514
0.629687
0.734196
0.679754
0.6084
0.64848
0.737787
0.665109
0.756341
0.616555
0.666433
0.716864
0.697161
0.653167
0.611398
0.779338
0.679526
0.724343
0.563182
0.698861
0.614222
0.647901
0.62993
0.617032
0.688756
0.687725
0.76678
0.645523
0.708877
0.747429
0.713754
0.746381
0.670536
0.716143
0.698593
0.689284
0.618924
0.639619
0.738379
0.637554
0.634571
0.625155
0.589275
0.679929
0.70361
0.68389
0.70594
0.68464
0.72901
0.625879
0.624341
0.774141
0.739737
0.780014
0.584785
0.714836
0.7094
0.732965
0.701225
0.656833
0.643572
0.632116
0.609155
0.69075
0.739124
0.647162
0.642927
0.631199
0.731658
0.726586
0.613103
0.630224
0.69803
0.644295
0.730416
0.690097
0.685757
0.614517
0.678458
0.727982
0.74432
0.620356
0.780613
0.726222
0.587187
0.720852
0.634617
0.622779
0.760946
0.667817
0.763957
0.665454
0.751402
0.599561
0.722138
0.701312
0.65969
0.663818
0.64892
0.65035
0.749492
0.717546
0.628568
0.701673
0.622076
0.686859
0.698038
0.605242
0.69449
0.642875
0.615604
0.706219
0.597706
0.683618
0.744714
0.689325
0.803026
0.687568
0.759146
0.71471
0.74063
0.651272
0.708712
0.617652
0.682008
0.764207
0.676517
0.629633
0.628226
0.561557
0.658458
0.712004
0.577723
0.713861
0.613571
0.767916
0.60444
0.736738
0.711164
0.604151
0.595745
0.590654
0.693619
0.687658
0.757969
0.698498
0.739903
0.836332
0.738624
0.72318
0.610828
0.617843
0.662813
0.690802
0.722023
0.727699
0.705159
0.655736
0.713939
0.69306
0.635216
0.661797
0.71436
0.674317
0.730366
0.603887
0.552239
0.647687
0.716807
0.697703
0.65094
0.668395
0.756018
0.529389
0.663939
0.710299
0.726323
0.665294
0.716646
0.623518
0.67122
0.723675
0.650165
0.633696
0.661163
0.760148
0.654076
0.717204
0.70032
0.609847
0.56588
0.647865
0.663564
0.648607
0.674136
0.698853
0.718692
0.712906
0.656513
0.757632
0.675051
0.662041
0.673648
0.666928
0.641976
0.619854
0.644851
0.577771
0.645891
0.664413
0.704331
0.74556
0.717356
0.673138
0.628577
0.646173
0.664715
0.68553
0.749058
0.789914
0.710285
0.691764
0.599032
0.692879
0.646997
0.675721
0.63133
0.590739
0.738877
0.71054
0.69209
0.726859
0.64957
0.668164
0.619388
0.7321
0.783278
0.628407
0.649073
0.677649
0.69088
0.682527
0.673188
0.780948
0.643248
0.762251
0.702916
0.710903
0.646203
0.670264
0.620518
0.652276
0.523195
0.665407
0.64133
0.642163
0.632535
0.61147
0.654726
0.706865
0.64882
0.657726
0.653692
0.721173
0.678112
0.682611
0.594554
0.66199
0.550124
0.701562
0.74016
0.622441
0.665095
0.779963
0.723349
0.650946
0.746577
0.706706
0.72635
0.620887
0.623788
0.771472
0.707015
0.703072
0.694147
0.648764
0.69457
0.664438
0.553962
0.750342
0.731563
0.59197
0.678361
0.628856
0.685137
0.675742
0.65495
0.653248
0.696335
0.67512
0.623869
0.566735
0.670923
0.698428
0.872433
0.748054
0.704525
0.751419
0.705384
0.619239
0.721827
0.659184
0.672816
0.74759
0.702133
0.757013
0.566324
0.564354
0.579156
0.619038
0.602965
0.625603
0.615432
0.696674
0.697353
0.71111
0.70721
0.700634
0.6602
0.67034
0.561931
0.664414
0.774339
0.683933
0.575782
0.770061
0.67415
0.674058
0.700834
0.709189
0.600443
0.610088
0.615958
0.663246
0.644875
0.593506
0.747938
0.727853
0.630218
0.61482
0.660265
0.681766
0.624783
0.62948
0.627771
0.55986
0.713711
0.645438
0.625597
0.695661
0.676143
0.662023
0.589216
0.55511
0.605063
0.726781
0.687378
0.66081
0.814302
0.664963
0.689828
0.767304
0.580966
0.591171
0.620677
0.662946
0.70938
0.631527
0.689749
0.721694
0.654942
0.723795
0.703692
0.700574
0.660951
0.577034
0.70731
0.634165
0.687095
0.599734
0.593488
0.760859
0.657614
0.602551
0.581878
0.67065
0.712693
0.583191
0.564796
0.739037
0.644409
0.708321
0.621129
0.642917
0.657611
0.64149
0.710558
0.640537
0.596041
0.81454
0.761508
0.692736
0.669378
0.619264
0.628612
0.655353
0.690414
0.740138
0.641902
0.69735
0.645047
0.642535
0.820473
0.618482
0.708162
0.668826
0.638883
0.614522
0.815386
0.607711
0.628108
0.673037
0.598011
0.684958
0.684011
0.619368
0.691968
0.557339
0.68086
0.637855
0.738344
0.630847
0.67984
0.668384
0.562269
0.707043
0.650528
0.638837
0.560216
0.557372
0.623269
0.69667
0.653627
0.620161
0.726927
0.676576
0.612435
0.839807
0.631568
0.675186
0.628278
0.742524
0.588343
0.765436
0.804602
0.669723
0.748607
0.667455
0.666192
0.799604
0.776852
0.577571
0.775376
0.506455
0.647337
0.691842
0.582359
0.741902
0.605315
0.642245
0.691294
0.673963
0.750238
0.690934
0.632628
0.576853
0.66639
0.670007
0.724479
0.724619
0.58643
0.69036
0.77231
0.670027
0.612578
0.548148
0.590883
0.735716
0.714809
0.712212
0.660274
0.653676
0.728363
0.689515
0.627343
0.686141
0.602317
0.655867
0.778884
0.702743
0.639743
0.583978
0.682194
0.763896
0.607401
0.641617
0.703212
0.690773
0.624812
0.57808
0.66438
0.642014
0.732491
0.719734
0.631724
0.80499
0.79029
0.767278
0.661713
0.613617
0.622703
0.760605
0.592941
0.665079
0.731248
0.708995
0.746935
0.69454
0.709389
0.618746
0.67414
0.653852
0.664113
0.699081
0.733797
0.683396
0.627826
0.780231
0.584898
0.800919
0.645578
0.703302
0.73309
0.668516
0.678359
0.675779
0.672292
0.641966
0.704051
0.717815
0.808584
0.693662
0.571828
1
1
1
1
1
1
1
1
1
1
1
1
1
1
1
1
1
1
1
1
1
1
1
1
1
1
1
1
1
1
1
1
1
1
1
1
1
1
1
1
1
1
1
1
1
1
1
1
1
1
1
1
1
1
1
1
1
1
1
1
1
1
1
1
1
1
1
1
1
1
1
1
1
1
1
1
1
1
1
1
1
1
1
1
1
1
1
1
1
1
1
1
1
1
1
1
1
1
1
1
1
1
1
1
1
1
1
1
1
1
1
1
1
1
1
1
1
1
1
1
1
1
1
1
1
1
1
1
1
1
1
1
1
1
1
1
1
1
1
1
1
1
1
1
1
1
1
1
1
1
1
1
1
1
1
1
1
1
1
1
1
1
1
1
1
1
1
1
1
1
1
1
1
1
1
1
1
1
1
1
1
1
1
1
1
1
1
1
1
1
1
1
1
1
1
1
1
1
1
1
1
1
1
1
1
1
1
1
1
1
1
1
1
1
1
1
1
1
1
1
1
1
1
1
1
1
1
1
1
1
1
1
1
1
1
1
1
1
1
1
1
1
1
1
1
1
1
1
1
1
1
1
1
1
1
1
1
1
1
1
1
1
1
1
1
1
1
1
1
1
1
1
1
1
1
1
1
1
1
1
1
1
1
1
1
1
1
1
1
1
1
1
1
1
1
1
1
1
1
1
1
1
1
1
1
1
1
1
1
1
1
1
1
1
1
1
1
1
1
1
1
1
1
1
1
1
1
1
1
1
1
1
1
1
1
1
1
1
1
1
1
1
1
1
1
1
1
1
1
1
1
1
1
1
1
1
1
1
1
1
1
1
1
1
1
1
1
1
1
1
1
1
1
1
1
1
1
1
1
1
1
1
1
1
1
1
1
1
1
1
1
1
1
1
1
1
1
1
1
1
1
1
1
1
1
1
1
1
1
1
1
1
1
1
1
1
1
1
1
1
1
1
1
1
1
1
1
1
1
1
1
1
1
1
1
1
1
1
1
1
1
1
1
1
1
1
1
1
1
1
1
1
1
1
1
1
1
1
1
1
1
1
1
1
1
1
1
1
1
1
1
1
1
1
1
1
1
1
1
1
1
1
1
1
1
1
1
1
1
1
1
1
1
1
1
1
1
1
1
1
1
1
1
1
1
1
1
1
1
1
1
1
1
1
1
1
1
1
1
1
1
1
1
1
1
1
1
1
1
1
1
1
1
1
1
1
1
1
1
1
1
1
1
1
1
1
1
1
1
1
1
1
1
1
1
1
1
1
1
1
1
1
1
1
1
1
1
1
1
1
1
1
1
1
1
1
1
1
1
1
1
1
1
1
1
1
1
1
1
1
1
1
1
1
1
1
1
1
1
1
1
1
1
1
1
1
1
1
1
1
1
1
1
1
1
1
1
1
1
1
1
1
1
1
1
1
1
1
1
1
1
1
1
1
1
1
1
1
1
1
1
1
1
1
1
1
1
1
1
1
1
1
1
1
1
1
1
1
1
1
1
1
1
1
1
1
1
1
1
1
1
1
1
1
1
1
1
1
1
1
1
1
1
1
1
1
1
1
1
1
1
1
1
1
1
1
1
1
1
1
1
1
1
1
1
1
1
1
1
1
1
1
1
1
1
1
1
1
1
1
1
1
1
1
1
1
1
1
1
1
1
1
1
1
1
1
1
1
1
1
1
1
1
1
1
1
1
1
1
1
1
1
1
1
1
1
1
1
1
1
1
1
1
1
1
1
1
1
1
1
1
1
1
1
1
1
1
1
1
1
1
1
1
1
1
1
1
1
1
1
1
1
1
1
1
1
1
1
1
1
1
1
1
1
1
1
1
1
1
1
1
1
1
1
1
1
1
1
1
1
1
1
1
1
1
1
1
1
1
1
1
1
1
1
1
1
1
1
1
1
1
1
1
1
1
1
1
1
1
1
1
1
1
1
1
1
1
1
1
1
1
1
1
1
1
1
1
1
1
1
1
1
1
1
1
1
1
1
1
1
1
1
1
1
1
1
1
1
1
1
1
1
1
1
1
1
1
1
1
1
1
1
1
1
1
1
1
1
1
1
1
1
1
1
1
1
1
1
1
1
1
1
1
1
1
1
1
1
1
1
1
1
1
1
1
1
1
1
1
1
1
1
1
1
1
1
1
1
1
1
1
1
1
1
1
1
1
1
1
1
1
1
1
1
1
1
1
1
1
1
1
1
1
1
1
1
1
1
1
1
1
1
1
1
1
1
1
1
1
1
1
1
1
1
1
1
1
1
1
1
0.853781
0.791875
0.861256
0.845467
0.894467
0.887128
0.812177
0.831811
0.890231
0.877062
0.811927
0.90175
0.84091
0.935617
0.864313
0.910597
0.859082
0.894957
0.843671
0.873787
0.848448
0.851896
0.80346
0.879231
0.860872
0.934798
0.793178
0.787225
0.845237
0.758147
0.726781
0.868078
0.937218
0.873008
0.830875
0.883828
0.77348
0.840015
0.894734
0.853835
0.881211
0.867665
0.805827
0.870986
0.832145
0.883326
0.889046
0.818937
0.876933
0.886815
0.827504
0.884775
0.850149
0.892692
0.90577
0.861768
0.893972
0.904865
0.908275
0.833676
0.806203
0.885921
0.867282
0.827171
0.760217
0.890398
0.854707
0.844112
0.881416
0.942319
0.792386
0.878632
0.850283
0.909121
0.819384
0.840981
0.824237
0.830514
0.863939
0.858291
0.778519
0.867822
0.824588
0.807564
0.926555
0.851629
0.891587
0.855215
0.88851
0.787741
0.838203
0.867935
0.904599
0.808905
0.839561
0.814769
0.863436
0.847579
0.824514
0.832937
0.883177
0.865585
0.83483
0.840516
0.86952
0.893048
0.713195
0.808116
0.859984
0.856762
0.788858
0.877983
0.799332
0.794788
0.904186
0.897472
0.808037
0.878508
0.904024
0.821311
0.739125
0.877398
0.890066
0.863524
0.85606
0.786078
0.914174
0.876103
0.838618
0.798505
0.854618
0.841636
0.940554
0.79211
0.813658
0.838388
0.768923
0.862509
0.81048
0.805197
0.888288
0.835191
0.753543
0.802458
0.827774
0.818876
0.853087
0.8668
0.906388
0.842993
0.827208
0.88179
0.857836
0.819232
0.86899
0.870941
0.880266
0.817041
0.863453
0.884931
0.850483
0.843395
0.764842
0.828012
0.880758
0.838182
0.792349
0.788604
0.861032
0.909882
0.831396
0.914332
0.852275
0.860841
0.89387
0.790795
0.824447
0.872107
0.869789
0.874078
0.790576
0.787283
0.789445
0.913314
0.896047
0.790582
0.843196
0.86691
0.783162
0.857931
0.81959
0.812546
0.863054
0.849519
0.814593
0.842699
0.767208
0.833643
0.786208
0.90499
0.824781
0.841678
0.77715
0.874028
0.863594
0.876663
0.842387
0.902495
0.81737
0.822457
0.842695
0.854132
0.954071
0.852639
0.856007
0.821695
0.816488
0.82276
0.846366
0.904834
0.844222
0.894626
0.873067
0.807774
0.790682
0.846288
0.873285
0.888047
0.766027
0.879245
0.819139
0.830225
0.888314
0.898002
0.880098
0.868315
0.799838
0.816502
0.854777
0.805363
0.838053
0.890963
0.804391
0.919533
0.852185
0.871966
0.831522
0.837031
0.867555
0.917347
0.821306
0.8537
0.827158
0.776156
0.82155
0.916634
0.863753
0.897319
0.811753
0.866551
0.778736
0.904236
0.883937
0.814567
0.878363
0.825915
0.856048
0.832499
0.861269
0.888384
0.897483
0.845708
0.824335
0.818855
0.854895
0.807701
0.835766
0.851404
0.884849
0.820959
0.899699
0.866782
0.809478
0.87792
0.899496
0.867993
0.860777
0.90396
0.877928
0.89682
0.859516
0.792375
0.896824
0.861605
0.831474
0.848031
0.884699
0.835718
0.786473
0.79737
0.87487
0.832329
0.81236
0.809872
0.856744
0.839259
0.864449
0.824374
0.879443
0.824678
0.80209
0.882682
0.837239
0.909992
0.827734
0.842845
0.86244
0.804542
0.803983
0.900403
0.858564
0.893118
0.857817
0.91102
0.881317
0.801463
0.864965
0.849289
0.824751
0.822926
0.942025
0.808124
0.704209
0.834155
0.826713
0.86198
0.762612
0.897596
0.905443
0.831859
0.815598
0.814435
0.879459
0.800526
0.871047
0.818151
0.852983
0.834768
0.865881
0.841603
0.892001
0.844806
0.873494
0.829496
0.826054
0.853562
0.840199
0.753196
0.835923
0.888651
0.868944
0.818067
0.843229
0.82866
0.868454
0.762269
0.82688
0.866902
0.931213
0.879271
0.91277
0.829598
0.873835
0.857988
0.858165
0.796913
0.873146
0.813939
0.871325
0.780219
0.836481
0.886707
0.829054
0.886262
0.770416
0.840425
0.909046
0.942292
0.860447
0.760432
0.799348
0.888704
0.784662
0.754117
0.844903
0.866755
0.891475
0.884237
0.7993
0.865643
0.842363
0.877721
0.85759
0.839394
0.809557
0.826439
0.885108
0.899301
0.846787
0.903047
0.856929
0.879113
0.826044
0.922522
0.859954
0.823546
0.808298
0.810609
0.895062
0.882184
0.879235
0.788487
0.889747
0.806894
0.879916
0.792225
0.784318
0.879161
0.887195
0.891603
0.920831
0.837288
0.797651
0.827332
0.853088
0.829249
0.806009
0.852789
0.847523
0.894905
0.777323
0.843979
0.843576
0.877104
0.810662
0.852919
0.823751
0.829756
0.903949
0.895119
0.887678
0.790889
0.932623
0.924205
0.869201
0.854384
0.808983
0.825841
0.88507
0.782042
0.844729
0.926997
0.873618
0.8913
0.888695
0.920739
0.8444
0.856345
0.913718
0.784007
0.866146
0.848052
0.813053
0.83702
0.70735
0.811589
0.853484
0.853141
0.877163
0.870069
0.862435
0.819203
0.878261
0.847616
0.817947
0.876768
0.860902
0.903063
0.88524
0.916547
0.87765
0.825507
0.837613
0.86021
0.906838
0.852146
0.841989
0.862048
0.812404
0.849016
0.801628
0.797457
0.757371
0.765539
0.908588
0.872585
0.84639
0.829462
0.809535
0.809225
0.828756
0.860781
0.896908
0.902756
0.765674
0.865004
0.815923
0.892959
0.82542
0.855505
0.828715
0.818127
0.888541
0.796998
0.886108
0.861889
0.873014
0.852166
0.825361
0.827196
0.852447
0.86272
0.807097
0.929023
0.852137
0.776737
0.814682
0.880641
0.805935
0.840684
0.8903
0.799728
0.823106
0.880649
0.789645
0.800158
0.795275
0.893253
0.861151
0.873398
0.854479
0.892646
0.921301
0.839262
0.8624
0.935577
0.86861
0.891718
0.879653
0.923786
0.805769
0.785705
0.87011
0.883034
0.849671
0.897968
0.843145
0.895862
0.85116
0.82977
0.886157
0.86911
0.871294
0.883915
0.815463
0.874862
0.846823
0.898777
0.916998
0.767135
0.891948
0.864901
0.875517
0.856154
0.868089
0.81946
0.821069
0.841372
0.854053
0.848851
0.803496
0.841714
0.812743
0.907699
0.788132
0.866376
0.852497
0.763847
0.839641
0.831716
0.901075
0.841032
0.83446
0.83166
0.855596
0.860654
0.849283
0.817257
0.882516
0.921607
0.773964
0.875904
0.832521
0.796333
0.896212
0.875589
0.847413
0.831128
0.827353
0.832374
0.807416
0.867705
0.837868
0.809469
0.823747
0.801158
0.878598
0.768238
0.804992
0.85492
0.896548
0.88856
0.843989
0.813491
0.855345
0.861992
0.867015
0.865036
0.897331
0.864608
0.87162
0.71214
0.850332
0.877518
0.812894
0.847169
0.86507
0.892721
0.874571
0.88981
0.85131
0.881877
0.900922
0.902385
0.869653
0.905144
0.79733
0.738134
0.873995
0.84912
0.837589
0.818545
0.865028
0.923864
0.759854
0.845775
0.88819
0.817877
0.838754
0.903715
0.774788
0.832592
0.816515
0.843961
0.83975
0.858877
0.802281
0.891277
0.829805
0.857132
0.896376
0.819542
0.869977
0.84627
0.811332
0.863717
0.877038
0.827146
0.810277
0.804038
0.773362
0.850025
0.784823
0.848864
0.86127
0.820046
0.8551
0.794174
0.900671
0.829912
0.901188
0.90218
0.848197
0.797321
0.867975
0.811121
0.890469
0.854201
0.861698
0.867067
0.801476
0.858504
0.823007
0.866789
0.813092
0.852668
0.840323
0.881669
0.906033
0.865887
0.865788
0.794412
0.796509
0.862516
0.890348
0.720972
0.873289
0.866278
0.871856
0.822074
0.867569
0.825743
0.772277
0.833854
0.872292
0.782907
0.850837
0.854201
0.853764
0.917569
0.897121
0.90876
0.904735
0.788795
0.87293
0.939351
0.860838
0.920539
0.867675
0.798287
0.904762
0.837108
0.833227
0.890256
0.827638
0.837135
0.859777
0.83946
0.747329
0.806281
0.881741
0.813691
0.766523
0.844475
0.860486
0.835197
0.822842
0.802692
0.887726
0.866089
0.855187
0.859593
0.837778
0.939449
0.871207
0.87956
0.844043
0.841326
0.803868
0.821507
0.845787
0.871614
0.810268
0.854671
0.843474
0.820129
0.857807
0.840167
0.839677
0.785853
0.857637
0.823484
0.802953
0.895963
0.779222
0.872323
0.901936
0.860497
0.832134
0.794551
0.749477
0.863529
0.90349
0.844231
0.853156
0.90071
0.881653
0.909666
0.870816
0.760388
0.84667
0.863096
0.794879
0.849267
0.803319
0.895966
0.887522
0.848603
0.913678
0.813418
0.872445
0.832136
0.817432
0.841603
0.802319
0.878302
0.793724
0.859837
0.85231
0.853082
0.768927
0.839245
0.830248
0.866557
0.89262
0.784436
0.872416
0.800818
0.927316
0.835817
0.871569
0.811356
0.944245
0.843278
0.87118
0.806735
0.867827
0.88441
0.800141
0.767324
0.884937
0.763167
0.786477
0.785026
0.825105
0.791453
0.817964
0.84746
0.869662
0.914407
0.821593
0.860471
0.850701
0.833616
0.846761
0.962258
0.851806
0.858137
0.844327
0.803019
0.767483
0.921208
0.833334
0.832646
0.79784
0.847012
0.780542
0.859571
0.837431
0.762325
0.869472
0.88627
0.815323
0.898146
0.760194
0.89745
0.790008
0.791796
0.850623
0.842365
0.864884
0.82382
0.908842
0.874306
0.911509
0.84683
0.894939
0.802694
0.871116
0.834307
0.878923
0.879594
0.84399
0.882056
0.824612
0.761336
0.836866
0.877535
0.855942
0.814835
0.805215
0.814975
0.810992
0.840759
0.843281
0.858929
0.858496
0.897485
0.818683
0.891164
0.877451
0.814889
0.898507
0.831839
0.820661
0.843336
0.885471
0.783877
0.85598
0.78545
0.82495
0.890901
0.857835
0.850867
0.858169
0.875022
0.818276
0.815719
0.802588
0.853023
0.798748
0.761731
0.8239
0.883988
0.888633
0.838687
0.882392
0.838675
0.831125
0.831059
0.907849
0.754081
0.864793
0.889604
0.87796
0.84545
0.782676
0.913795
0.883007
0.828361
0.809845
0.856145
0.853135
0.96066
0.894741
0.851634
0.823593
0.858231
0.842068
0.878555
0.8686
0.897785
0.874143
0.878833
0.807889
0.856314
0.776134
0.791264
0.861134
0.85606
0.800155
0.899026
0.810391
0.770523
0.968292
0.742747
0.864849
0.803913
0.838965
0.834537
0.85339
0.748455
0.842837
0.805034
0.828634
0.830887
0.810819
0.87503
0.875638
0.780892
