1
1
1
1
1
1
1
1
1
1
1
1
1
1
1
1
1
1
1
1
1
1
1
1
1
1
1
1
1
1
1
1
1
1
1
1
1
1
1
1
1
1
1
1
1
1
1
1
1
1
1
1
1
1
1
1
1
1
1
1
1
1
1
1
1
1
1
1
1
1
1
1
1
1
1
1
1
1
1
1
1
1
1
1
1
1
1
1
1
1
1
1
1
1
1
1
1
1
1
1
1
1
1
1
1
1
1
1
1
1
1
1
1
1
1
1
1
1
1
1
1
1
1
1
1
1
1
1
1
1
1
1
1
1
1
1
1
1
1
1
1
1
1
1
1
1
1
1
1
1
1
1
1
1
1
1
1
1
1
1
1
1
1
1
1
1
1
1
1
1
1
1
1
1
1
1
1
1
1
1
1
1
1
1
1
1
1
1
1
1
1
1
1
1
1
1
1
1
1
1
1
1
1
1
1
1
1
1
1
1
1
1
1
1
1
1
1
1
1
1
1
1
1
1
1
1
1
1
1
1
1
1
1
1
1
1
1
1
1
1
1
1
1
1
1
1
1
1
1
1
1
1
1
1
1
1
1
1
1
1
1
1
1
1
1
1
1
1
1
1
1
1
1
1
1
1
1
1
1
1
1
1
1
1
1
1
1
1
1
1
1
1
1
1
1
1
1
1
1
1
1
1
1
1
1
1
1
1
1
1
1
1
1
1
1
1
1
1
1
1
1
1
1
1
1
1
1
1
1
1
1
1
1
1
1
1
1
1
1
1
1
1
1
1
1
1
1
1
1
1
1
1
1
1
1
1
1
1
1
1
1
1
1
1
1
1
1
1
1
1
1
1
1
1
1
1
1
1
1
1
1
1
1
1
1
1
1
1
1
1
1
1
1
1
1
1
1
1
1
1
1
1
1
1
1
1
1
1
1
1
1
1
1
1
1
1
1
1
1
1
1
1
1
1
1
1
1
1
1
1
1
1
1
1
1
1
1
1
1
1
1
1
1
1
1
1
1
1
1
1
1
1
1
1
1
1
1
1
1
1
1
1
1
1
1
1
1
1
1
1
1
1
1
1
1
1
1
1
1
1
1
1
1
1
1
1
1
1
1
1
1
1
1
1
1
1
1
1
1
1
1
1
1
1
1
1
1
1
1
1
1
1
1
1
1
1
1
1
1
1
1
1
1
1
1
1
1
1
1
1
1
1
1
1
1
1
1
1
1
1
1
1
1
1
1
1
1
1
1
1
1
1
1
1
1
1
1
1
1
1
1
1
1
1
1
1
1
1
1
1
1
1
1
1
1
1
1
1
1
1
1
1
1
1
1
1
1
1
1
1
1
1
1
1
1
1
1
1
1
1
1
1
1
1
1
1
1
1
1
1
1
1
1
1
1
1
1
1
1
1
1
1
1
1
1
1
1
1
1
1
1
1
1
1
1
1
1
1
1
1
1
1
1
1
1
1
1
1
1
1
1
1
1
1
1
1
1
1
1
1
1
1
1
1
1
1
1
1
1
1
1
1
1
1
1
1
1
1
1
1
1
1
1
1
1
1
1
1
1
1
1
1
1
1
1
1
1
1
1
1
1
1
1
1
1
1
1
1
1
1
1
1
1
1
1
1
1
1
1
1
1
1
1
1
1
1
1
1
1
1
1
1
1
1
1
1
1
1
1
1
1
1
1
1
1
1
1
1
1
1
1
1
1
1
1
1
1
1
1
1
1
1
1
1
1
1
1
1
1
1
1
1
1
1
1
1
1
1
1
1
1
1
1
1
1
1
1
1
1
1
1
1
1
1
1
1
1
1
1
1
1
1
1
1
1
1
1
1
1
1
1
1
1
1
1
1
1
1
1
1
1
1
1
1
1
1
1
1
1
1
1
1
1
1
1
1
1
1
1
1
1
1
1
1
1
1
1
1
1
1
1
1
1
1
1
1
1
1
1
1
1
1
1
1
1
1
1
1
1
1
1
1
1
1
1
1
1
1
1
1
1
1
1
1
1
1
1
1
1
1
1
1
1
1
1
1
1
1
1
1
1
1
1
1
1
1
1
1
1
1
1
1
1
1
1
1
1
1
1
1
1
1
1
1
1
1
1
1
1
1
1
1
1
1
1
1
1
1
1
1
1
1
1
1
1
1
1
1
1
1
1
1
1
1
1
1
1
1
1
1
1
1
1
1
1
1
1
1
1
1
1
1
1
1
1
1
1
1
1
1
1
1
1
1
1
1
1
1
1
1
1
1
1
1
1
1
1
1
1
1
0.71459
0.585703
0.718376
0.643226
0.665471
0.596599
0.702882
0.685271
0.654916
0.670076
0.736314
0.717914
0.526952
0.666833
0.676143
0.549491
0.693351
0.757581
0.663741
0.67057
0.627575
0.702724
0.637601
0.690427
0.698046
0.673537
0.73563
0.606335
0.675053
0.721789
0.683487
0.634589
0.600141
0.655788
0.644665
0.589087
0.715798
0.587529
0.687054
0.642343
0.699505
0.652345
0.750317
0.699988
0.68874
0.676881
0.729504
0.618123
0.702652
0.609102
0.671698
0.680082
0.652705
0.632715
0.616107
0.738986
0.713875
0.596266
0.590571
0.731265
0.585399
0.662445
0.622801
0.677693
0.711526
0.641349
0.769411
0.733161
0.614202
0.719808
0.754648
0.617904
0.688109
0.718853
0.72128
0.670366
0.698786
0.665752
0.670781
0.673544
0.671872
0.772229
0.680612
0.681193
0.750665
0.741619
0.627871
0.674596
0.706195
0.72796
0.651348
0.659248
0.658153
0.622051
0.696355
0.715994
0.674742
0.622718
0.576492
0.690254
0.737241
0.75855
0.64139
0.685473
0.689336
0.711331
0.67573
0.723346
0.55018
0.542412
0.716355
0.822106
0.589479
0.704532
0.715561
0.667251
0.76595
0.698669
0.574847
0.687328
0.644471
0.603054
0.627524
0.647089
0.638184
0.734178
0.738186
0.638719
0.650344
0.788727
0.767802
0.648142
0.621491
0.633915
0.703161
0.687518
0.683477
0.672832
0.730047
0.614742
0.592558
0.694516
0.63091
0.721578
0.689763
0.710836
0.604742
0.584681
0.700322
0.602911
0.801147
0.689301
0.544967
0.676865
0.692732
0.653484
0.67913
0.680847
0.677935
0.629913
0.635642
0.661595
0.780425
0.597513
0.769906
0.622017
0.679071
0.572078
0.616107
0.613621
0.700572
0.729685
0.672599
0.541301
0.699296
0.719613
0.693104
0.734308
0.66708
0.810884
0.721986
0.696533
0.658535
0.660146
0.685117
0.729198
0.693649
0.582482
0.680678
0.690003
0.671559
0.555164
0.796938
0.647306
0.653802
0.731274
0.607463
0.680818
0.674876
0.638402
0.693299
0.687861
0.629417
0.665858
0.610896
0.616809
0.649686
0.784976
0.727232
0.632354
0.752976
0.611244
0.670787
0.706828
0.591683
0.617937
0.658757
0.605992
0.830449
0.655995
0.67838
0.58556
0.759874
0.614568
0.602034
0.663833
0.654261
0.759237
0.652864
0.709841
0.618292
0.70957
0.660164
0.621177
0.641834
0.774837
0.709463
0.694059
0.601544
0.670392
0.655648
0.759043
0.648569
0.634402
0.707977
0.670644
0.790465
0.731032
0.643963
0.632807
0.724053
0.632865
0.672146
0.703935
0.633532
0.652763
0.696983
0.669325
0.756994
0.69357
0.6839
0.693176
0.608001
0.658485
0.75622
0.69345
0.587212
0.756148
0.705632
0.722037
0.723655
0.65848
0.703025
0.73767
0.680394
0.767061
0.707746
0.690699
0.552719
0.743637
0.577161
0.608199
0.629762
0.650231
0.595092
0.705265
0.683827
0.6684
0.668155
0.735105
0.728732
0.703093
0.725522
0.665496
0.571189
0.662208
0.686191
0.686899
0.552122
0.70754
0.695189
0.635754
0.587437
0.687138
0.615868
0.602541
0.801399
0.740916
0.543479
0.639901
0.660181
0.695137
0.644653
0.601778
0.715797
0.74128
0.703455
0.688481
0.617274
0.648734
0.678811
0.783335
0.670272
0.750836
0.72602
0.797074
0.656621
0.737738
0.673824
0.711232
0.625102
0.793369
0.652958
0.70127
0.642294
0.713583
0.716489
0.699575
0.577081
0.67415
0.716126
0.640887
0.559273
0.751859
0.690186
0.706608
0.63247
0.667036
0.603822
0.667853
0.664504
0.702461
0.747959
0.627249
0.645637
0.680612
0.726446
0.591515
0.64165
0.709933
0.638652
0.775742
0.691977
0.677058
0.711266
0.655526
0.675246
0.700839
0.661065
0.618314
0.749511
0.735047
0.724401
0.728509
0.805667
0.646723
0.71752
0.680505
0.610452
0.769388
0.601781
0.630756
0.660493
0.580772
0.664688
0.673426
0.696416
0.662628
0.608292
0.696983
0.686966
0.679609
0.632275
0.637058
0.593792
0.650947
0.551776
0.737586
0.714805
0.634854
0.599732
0.636411
0.683119
0.678988
0.638405
0.607844
0.757053
0.619421
0.63902
0.745698
0.690713
0.704309
0.68022
0.712259
0.77264
0.542207
0.689637
0.682002
0.716305
0.634128
0.644252
0.606789
0.662957
0.660102
0.612312
0.770966
0.689656
0.607998
0.707727
0.751383
0.672707
0.57779
0.649891
0.641745
0.609865
0.601471
0.708498
0.643723
0.59959
0.708433
0.66324
0.687411
0.662527
0.704641
0.77191
0.543847
0.670772
0.642448
0.734306
0.636564
0.67141
0.585874
0.753322
0.58708
0.591585
0.691775
0.750754
0.745343
0.747407
0.64438
0.696371
0.775962
0.648188
0.724866
0.604206
0.716896
0.718522
0.79802
0.676202
0.600823
0.642747
0.642191
0.736235
0.654859
0.711875
0.638623
0.596406
0.648743
0.740606
0.634662
0.767996
0.581044
0.732161
0.629375
0.567117
0.665178
0.750714
0.754527
0.7085
0.629895
0.662593
0.562622
0.589031
0.663992
0.698219
0.675526
0.714732
0.616022
0.63021
0.648149
0.542723
0.71691
0.660794
0.709835
0.701333
0.753279
0.749471
0.68137
0.766175
0.649717
0.597999
0.666183
0.653645
0.780857
0.635105
0.728612
0.675649
0.71204
0.796933
0.661083
0.686546
0.67074
0.585839
0.685345
0.765934
0.610582
0.656398
0.704394
0.702102
0.808434
0.6604
0.615767
0.613921
0.647971
0.6947
0.708802
0.661838
0.624944
0.688183
0.625591
0.742322
0.611883
0.715249
0.75833
0.653628
0.614186
0.665487
0.59386
0.757619
0.587876
0.622737
0.692407
0.624133
0.75432
0.646297
0.64041
0.628014
0.644217
0.711554
0.60821
0.774037
0.666837
0.644767
0.609499
0.72173
0.749335
0.649174
0.698032
0.696525
0.686252
0.672538
0.666484
0.71897
0.68292
0.611867
0.701451
0.609356
0.732844
0.59388
0.689681
0.697964
0.640332
0.746586
0.658492
0.666639
0.679939
0.664111
0.644545
0.552058
0.634758
0.603335
0.653088
0.781051
0.766679
0.679901
0.616678
0.585243
0.704271
0.710809
0.603031
0.801438
0.736205
0.646351
0.710299
0.68743
0.576516
0.684106
0.52973
0.650533
0.642136
0.732779
0.695248
0.67718
0.509454
0.708799
0.758003
0.720908
0.700876
0.72816
0.740016
0.619778
0.651493
0.579235
0.664935
0.746638
0.598187
0.649572
0.719805
0.647024
0.641868
0.665782
0.674354
0.714272
0.760914
0.591833
0.678583
0.6684
0.637345
0.547773
0.541599
0.822972
0.692254
0.689664
0.687537
0.702349
0.652886
0.568475
0.636794
0.599778
0.635445
0.66364
0.607827
0.590649
0.738573
0.741641
0.71506
0.561363
0.702136
0.645164
0.678109
0.659579
0.578928
0.675846
0.614434
0.619684
0.749469
0.704792
0.706536
0.598714
0.681571
0.683599
0.770761
0.644501
0.569364
0.609527
0.728425
0.65069
0.611899
0.655901
0.652896
0.555288
0.792117
0.55796
0.687385
0.57303
0.657269
0.683875
0.620107
0.660867
0.628027
0.573664
0.696505
0.772955
0.678249
0.598885
0.654919
0.680126
0.679932
0.644431
0.618413
0.691015
0.755314
0.743408
0.706251
0.68408
0.717203
0.619275
0.708061
0.590714
0.576194
0.702974
0.783504
0.602879
0.644463
0.686339
0.665112
0.528037
0.713331
0.621951
0.670166
0.75198
0.676584
0.75953
0.665191
0.703521
0.608199
0.651438
0.749468
0.644028
0.692367
0.707912
0.556377
0.709304
0.607127
0.694833
0.614396
0.657191
0.768694
0.696886
0.683122
0.689528
0.670461
0.696326
0.683909
0.721927
0.668184
0.683946
0.705844
0.67451
0.670087
0.648509
0.709712
0.636663
0.724697
0.654701
0.695555
0.737831
0.652967
0.753677
0.702395
0.576066
0.729655
0.697227
0.60731
0.635438
0.689793
0.677722
0.693412
0.755758
0.622436
0.70459
0.71243
0.70821
0.668937
0.706006
0.632636
0.636592
0.684709
0.551823
0.629885
0.772174
0.672238
0.767203
0.601231
0.694012
0.77982
0.76454
0.746413
0.655399
0.668404
0.608912
0.678793
0.634341
0.690955
0.726368
0.705956
0.596821
0.746775
0.658934
0.680618
0.725472
0.603981
0.627783
0.627783
0.716914
0.688609
0.628673
0.610036
0.647437
0.619994
0.696215
0.668055
0.610248
0.593957
0.646988
0.644745
0.639648
0.706625
0.667475
0.646373
0.666416
0.692073
0.633345
0.713913
0.614059
0.739378
0.646544
0.585826
0.7235
0.710476
0.626781
0.74111
0.615337
0.644759
0.622067
0.662862
0.671131
0.70831
0.546369
0.613815
0.687093
0.656777
0.567733
0.723328
0.604111
0.664492
0.611358
0.668185
0.791489
0.700227
0.708242
0.73215
0.65718
0.813883
0.637914
0.738424
0.815549
0.66579
0.653362
0.641588
0.674659
0.670511
0.671868
0.704463
0.645674
0.59144
0.568625
0.769368
0.636842
0.645488
0.618739
0.687678
0.65752
0.666668
0.728771
0.601877
0.739561
0.685364
0.636893
0.686277
0.59472
0.718973
0.633589
0.712842
0.665202
0.730736
0.688468
0.700886
0.636345
0.63613
0.717649
0.655512
0.745229
0.768873
0.680625
0.619116
0.656404
0.634156
0.764624
0.666796
0.653179
0.769987
0.644636
0.66204
0.61249
0.738568
0.674542
0.706639
0.611488
0.677654
0.722892
0.701407
0.653312
0.761284
0.75428
0.690637
0.621367
0.610249
0.71345
0.642009
0.616706
0.605129
0.699373
0.668605
0.586989
0.695449
0.668533
0.667869
0.731101
0.66714
0.763348
0.64498
0.725843
0.759669
0.676761
0.766615
0.603191
0.636158
0.661835
0.72189
0.655698
0.646293
0.658201
0.715264
0.742945
0.628599
0.729658
0.666047
0.686187
0.677535
0.7195
0.570766
0.666212
0.676782
0.581305
0.668924
0.788601
0.641644
0.675746
0.552329
0.572382
0.766293
0.702282
0.708376
0.521068
0.668501
0.637226
0.647567
0.677653
0.678701
0.667153
0.68026
0.757008
0.749979
0.667661
0.700097
0.632314
0.734356
0.650817
0.622761
0.738606
0.694041
0.613362
0.777276
0.70813
0.690657
0.688619
0.726969
0.636132
0.70401
0.684463
0.650683
0.627333
0.66946
0.56238
0.752413
0.581372
0.7195
0.791639
0.650802
1
1
1
1
1
1
1
1
1
1
1
1
1
1
1
1
1
1
1
1
1
1
1
1
1
1
1
1
1
1
1
1
1
1
1
1
1
1
1
1
1
1
1
1
1
1
1
1
1
1
1
1
1
1
1
1
1
1
1
1
1
1
1
1
1
1
1
1
1
1
1
1
1
1
1
1
1
1
1
1
1
1
1
1
1
1
1
1
1
1
1
1
1
1
1
1
1
1
1
1
1
1
1
1
1
1
1
1
1
1
1
1
1
1
1
1
1
1
1
1
1
1
1
1
1
1
1
1
1
1
1
1
1
1
1
1
1
1
1
1
1
1
1
1
1
1
1
1
1
1
1
1
1
1
1
1
1
1
1
1
1
1
1
1
1
1
1
1
1
1
1
1
1
1
1
1
1
1
1
1
1
1
1
1
1
1
1
1
1
1
1
1
1
1
1
1
1
1
1
1
1
1
1
1
1
1
1
1
1
1
1
1
1
1
1
1
1
1
1
1
1
1
1
1
1
1
1
1
1
1
1
1
1
1
1
1
1
1
1
1
1
1
1
1
1
1
1
1
1
1
1
1
1
1
1
1
1
1
1
1
1
1
1
1
1
1
1
1
1
1
1
1
1
1
1
1
1
1
1
1
1
1
1
1
1
1
1
1
1
1
1
1
1
1
1
1
1
1
1
1
1
1
1
1
1
1
1
1
1
1
1
1
1
1
1
1
1
1
1
1
1
1
1
1
1
1
1
1
1
1
1
1
1
1
1
1
1
1
1
1
1
1
1
1
1
1
1
1
1
1
1
1
1
1
1
1
1
1
1
1
1
1
1
1
1
1
1
1
1
1
1
1
1
1
1
1
1
1
1
1
1
1
1
1
1
1
1
1
1
1
1
1
1
1
1
1
1
1
1
1
1
1
1
1
1
1
1
1
1
1
1
1
1
1
1
1
1
1
1
1
1
1
1
1
1
1
1
1
1
1
1
1
1
1
1
1
1
1
1
1
1
1
1
1
1
1
1
1
1
1
1
1
1
1
1
1
1
1
1
1
1
1
1
1
1
1
1
1
1
1
1
1
1
1
1
1
1
1
1
1
1
1
1
1
1
1
1
1
1
1
1
1
1
1
1
1
1
1
1
1
1
1
1
1
1
1
1
1
1
1
1
1
1
1
1
1
1
1
1
1
1
1
1
1
1
1
1
1
1
1
1
1
1
1
1
1
1
1
1
1
1
1
1
1
1
1
1
1
1
1
1
1
1
1
1
1
1
1
1
1
1
1
1
1
1
1
1
1
1
1
1
1
1
1
1
1
1
1
1
1
1
1
1
1
1
1
1
1
1
1
1
1
1
1
1
1
1
1
1
1
1
1
1
1
1
1
1
1
1
1
1
1
1
1
1
1
1
1
1
1
1
1
1
1
1
1
1
1
1
1
1
1
1
1
1
1
1
1
1
1
1
1
1
1
1
1
1
1
1
1
1
1
1
1
1
1
1
1
1
1
1
1
1
1
1
1
1
1
1
1
1
1
1
1
1
1
1
1
1
1
1
1
1
1
1
1
1
1
1
1
1
1
1
1
1
1
1
1
1
1
1
1
1
1
1
1
1
1
1
1
1
1
1
1
1
1
1
1
1
1
1
1
1
1
1
1
1
1
1
1
1
1
1
1
1
1
1
1
1
1
1
1
1
1
1
1
1
1
1
1
1
1
1
1
1
1
1
1
1
1
1
1
1
1
1
1
1
1
1
1
1
1
1
1
1
1
1
1
1
1
1
1
1
1
1
1
1
1
1
1
1
1
1
1
1
1
1
1
1
1
1
1
1
1
1
1
1
1
1
1
1
1
1
1
1
1
1
1
1
1
1
1
1
1
1
1
1
1
1
1
1
1
1
1
1
1
1
1
1
1
1
1
1
1
1
1
1
1
1
1
1
1
1
1
1
1
1
1
1
1
1
1
1
1
1
1
1
1
1
1
1
1
1
1
1
1
1
1
1
1
1
1
1
1
1
1
1
1
1
1
1
1
1
1
1
1
1
1
1
1
1
1
1
1
1
1
1
1
1
1
1
1
1
1
1
1
1
1
1
1
1
1
1
1
1
1
1
1
1
1
1
1
1
1
1
1
1
1
1
1
1
1
1
1
1
1
1
1
1
1
1
1
1
1
1
1
1
1
1
1
1
1
1
1
1
1
1
1
1
1
1
1
1
1
1
1
1
1
1
1
1
1
1
1
1
1
1
1
1
1
1
1
1
1
1
1
1
1
1
1
0.766323
0.762988
0.838185
0.826269
0.782597
0.870834
0.81892
0.825572
0.853596
0.819891
0.868885
0.876644
0.734531
0.903881
0.838326
0.806682
0.840777
0.846502
0.817135
0.771606
0.888639
0.847353
0.868559
0.916786
0.877126
0.803699
0.849234
0.891872
0.802431
0.896386
0.869036
0.920509
0.738095
0.803356
0.784561
0.881273
0.840127
0.788061
0.832818
0.839565
0.855376
0.886024
0.881745
0.852625
0.865022
0.822275
0.921442
0.873899
0.805293
0.827938
0.902692
0.909095
0.850244
0.924309
0.892844
0.89154
0.872859
0.805478
0.865199
0.816612
0.867865
0.903172
0.904662
0.752692
0.877786
0.914099
0.880799
0.835979
0.863504
0.918084
0.898897
0.857252
0.90975
0.893827
0.803077
0.793619
0.855758
0.860443
0.857194
0.818207
0.85583
0.899988
0.869669
0.881907
0.917232
0.858597
0.869731
0.819748
0.898084
0.804299
0.800479
0.790358
0.895862
0.83671
0.872891
0.825933
0.843006
0.879353
0.83582
0.883245
0.867885
0.840182
0.809326
0.86851
0.871648
0.784586
0.850466
0.853602
0.795815
0.800602
0.857827
0.845112
0.878949
0.89681
0.787469
0.761408
0.84647
0.851908
0.863456
0.820787
0.878589
0.802895
0.845357
0.830304
0.738211
0.814353
0.874944
0.749077
0.780427
0.927233
0.87538
0.897127
0.831797
0.824781
0.824447
0.864127
0.895003
0.888411
0.915258
0.812345
0.775668
0.794286
0.813574
0.8809
0.782452
0.849515
0.833255
0.873403
0.791516
0.84105
0.87502
0.827252
0.877838
0.843262
0.880826
0.878968
0.897647
0.905128
0.878011
0.887009
0.835875
0.895447
0.892064
0.845137
0.882939
0.866631
0.780272
0.79611
0.847074
0.818837
0.84179
0.841742
0.891103
0.795955
0.80939
0.848983
0.777735
0.91738
0.844787
0.951481
0.905304
0.796131
0.889165
0.884025
0.84522
0.850541
0.804591
0.794002
0.775187
0.756576
0.849939
0.831896
0.807252
0.799805
0.812692
0.920888
0.793298
0.844671
0.819858
0.876453
0.83708
0.88628
0.854592
0.893488
0.851341
0.851471
0.855413
0.897379
0.88875
0.802972
0.895461
0.78518
0.851077
0.807571
0.771036
0.836744
0.870144
0.881266
0.8882
0.795557
0.847677
0.867427
0.837004
0.86228
0.910372
0.855323
0.900575
0.86363
0.822528
0.786577
0.818379
0.756927
0.852439
0.885157
0.829725
0.909907
0.87374
0.825919
0.871712
0.856111
0.897838
0.874295
0.789194
0.796727
0.805928
0.82392
0.898682
0.930482
0.839565
0.822293
0.835298
0.812882
0.860363
0.8623
0.856279
0.781086
0.856572
0.827627
0.855711
0.821144
0.821015
0.838686
0.837864
0.848991
0.820662
0.904852
0.784964
0.863422
0.774841
0.812546
0.882415
0.851146
0.83908
0.820783
0.880224
0.895089
0.811093
0.76525
0.849615
0.928077
0.825121
0.790482
0.816098
0.855647
0.897477
0.837748
0.832299
0.810315
0.857006
0.858291
0.835643
0.88824
0.840067
0.824778
0.862285
0.844197
0.836621
0.842049
0.871636
0.84591
0.77868
0.859388
0.91025
0.832878
0.829255
0.791142
0.86141
0.818582
0.854554
0.793306
0.808515
0.852252
0.881594
0.838652
0.847845
0.887414
0.8526
0.824809
0.761164
0.776264
0.844498
0.882939
0.833402
0.773204
0.84252
0.912271
0.831906
0.869695
0.867777
0.852158
0.822309
0.838114
0.80797
0.873324
0.792313
0.846338
0.841377
0.881451
0.839777
0.840093
0.873288
0.855322
0.848764
0.855367
0.858269
0.888244
0.870392
0.872368
0.859524
0.924663
0.873984
0.778415
0.869818
0.793286
0.847443
0.839455
0.798309
0.863177
0.844738
0.874837
0.882154
0.862664
0.844226
0.891179
0.84278
0.867375
0.83034
0.818783
0.92138
0.808836
0.927286
0.843173
0.819881
0.875976
0.854941
0.791761
0.897262
0.821707
0.899151
0.921784
0.861737
0.830706
0.84901
0.799344
0.781725
0.892919
0.884244
0.892876
0.814834
0.856401
0.902733
0.904577
0.850495
0.877191
0.779134
0.831901
0.819613
0.876225
0.865029
0.796687
0.780987
0.712737
0.786932
0.80199
0.866081
0.897933
0.776378
0.861529
0.746921
0.836054
0.794926
0.836818
0.852585
0.86158
0.852859
0.84294
0.837521
0.825132
0.851792
0.827505
0.834896
0.846657
0.793659
0.773033
0.864966
0.92867
0.874471
0.907827
0.881462
0.835858
0.835676
0.748212
0.867839
0.824407
0.818937
0.808374
0.868125
0.857129
0.815752
0.850081
0.838651
0.811971
0.77752
0.891718
0.861049
0.828849
0.867827
0.884229
0.889934
0.833033
0.804809
0.8274
0.865024
0.843224
0.810165
0.826275
0.879316
0.883034
0.899099
0.76534
0.832273
0.847077
0.834231
0.837528
0.834074
0.853028
0.799496
0.830454
0.790506
0.792408
0.821831
0.825188
0.844399
0.789553
0.876827
0.844097
0.725806
0.800933
0.881151
0.730681
0.78269
0.867787
0.839268
0.834691
0.822488
0.790529
0.887183
0.884456
0.855645
0.862486
0.795313
0.842131
0.870361
0.870469
0.903236
0.792327
0.90706
0.802043
0.820988
0.862688
0.790273
0.877016
0.875036
0.8
0.841189
0.874384
0.920135
0.876601
0.894898
0.907883
0.864913
0.786551
0.851398
0.868128
0.779445
0.953648
0.784188
0.885734
0.836082
0.891254
0.836848
0.870934
0.84422
0.873599
0.901801
0.785704
0.854846
0.913455
0.868376
0.86711
0.875286
0.793557
0.816531
0.906815
0.807938
0.836023
0.898584
0.820389
0.835164
0.775059
0.830452
0.873954
0.798504
0.85044
0.861299
0.840452
0.836081
0.832707
0.912949
0.850957
0.78295
0.895337
0.853018
0.862256
0.862872
0.797098
0.850474
0.877867
0.88236
0.837234
0.84215
0.801384
0.867967
0.853281
0.871151
0.879887
0.793983
0.825718
0.840748
0.817712
0.87243
0.819686
0.928712
0.845665
0.797038
0.878164
0.826526
0.844558
0.786916
0.81984
0.924542
0.925581
0.840379
0.899971
0.787702
0.817016
0.883879
0.848268
0.867844
0.888343
0.803751
0.833446
0.794859
0.856636
0.872515
0.854752
0.770072
0.786564
0.870995
0.8517
0.908619
0.873606
0.877986
0.865033
0.895351
0.85752
0.878215
0.791023
0.856914
0.804824
0.82681
0.83501
0.801643
0.812572
0.882931
0.871872
0.923504
0.833792
0.847743
0.871267
0.787523
0.839393
0.8198
0.886738
0.857343
0.852632
0.856731
0.840749
0.762282
0.860417
0.880805
0.782003
0.847316
0.840051
0.875507
0.885894
0.823297
0.845023
0.889546
0.795438
0.844494
0.872755
0.926452
0.852421
0.908926
0.864569
0.750018
0.912232
0.892686
0.818868
0.846586
0.783416
0.833895
0.784596
0.862228
0.847204
0.832574
0.837247
0.840896
0.883277
0.853063
0.811276
0.764172
0.844142
0.834163
0.86524
0.75787
0.826297
0.802194
0.842698
0.811734
0.864875
0.888448
0.835918
0.781355
0.878125
0.788842
0.815348
0.864216
0.845885
0.725208
0.915318
0.812383
0.909647
0.84202
0.845118
0.84501
0.87922
0.827158
0.81982
0.880836
0.928681
0.90435
0.867027
0.834719
0.861803
0.870389
0.742766
0.875423
0.721892
0.831033
0.852504
0.88984
0.81654
0.868684
0.892434
0.905366
0.732925
0.849186
0.814587
0.854047
0.830148
0.791163
0.861354
0.814394
0.858131
0.742482
0.864945
0.883418
0.71476
0.810093
0.840446
0.885038
0.898878
0.743777
0.838634
0.914503
0.875687
0.804729
0.894102
0.863666
0.759732
0.807497
0.801302
0.837871
0.89104
0.838991
0.888124
0.88931
0.819359
0.851658
0.858784
0.885701
0.828042
0.864226
0.791878
0.84117
0.826376
0.855353
0.858151
0.816757
0.848715
0.894739
0.874179
0.838867
0.853959
0.888678
0.848622
0.874661
0.924012
0.864009
0.818315
0.881973
0.811849
0.889884
0.86708
0.855636
0.896882
0.850915
0.800254
0.856248
0.81054
0.821286
0.842191
0.867099
0.859357
0.882891
0.868502
0.88694
0.877586
0.92646
0.817226
0.862498
0.857953
0.839247
0.907115
0.817475
0.87676
0.895464
0.845453
0.736435
0.856866
0.858157
0.863235
0.857683
0.853433
0.811458
0.847275
0.836373
0.804539
0.892805
0.846669
0.8802
0.825422
0.826844
0.767833
0.826975
0.848198
0.815456
0.815076
0.881597
0.890653
0.860053
0.808461
0.806268
0.910639
0.843652
0.895211
0.761652
0.80865
0.862755
0.935191
0.797221
0.83006
0.781465
0.836885
0.873124
0.785304
0.848764
0.836323
0.788355
0.876723
0.872805
0.900543
0.797175
0.816962
0.873045
0.872527
0.799083
0.787772
0.851317
0.880382
0.861456
0.83657
0.828298
0.859035
0.870887
0.856428
0.893868
0.843602
0.827065
0.88357
0.806837
0.863817
0.822461
0.907738
0.852617
0.900906
0.889137
0.845949
0.847743
0.790994
0.792703
0.755758
0.837601
0.798604
0.784541
0.852837
0.803417
0.836036
0.792663
0.812641
0.820508
0.782667
0.777068
0.795135
0.873853
0.776606
0.859185
0.871642
0.828053
0.839487
0.806417
0.869425
0.870467
0.777405
0.804836
0.889682
0.891378
0.907711
0.892708
0.923278
0.853932
0.898064
0.829626
0.861945
0.794416
0.835738
0.804406
0.890194
0.850919
0.894201
0.795616
0.804824
0.791088
0.855858
0.838951
0.905855
0.809171
0.888707
0.839901
0.81526
0.81997
0.898633
0.82037
0.823283
0.812693
0.82982
0.908717
0.873911
0.951338
0.891825
0.852236
0.860254
0.791044
0.868003
0.888124
0.925279
0.876684
0.785391
0.912917
0.754327
0.909909
0.832751
0.871756
0.885327
0.888734
0.830012
0.877192
0.868401
0.861134
0.867308
0.897693
0.844448
0.876616
0.796721
0.893166
0.90641
0.888398
0.849243
0.87077
0.780446
0.82835
0.782601
0.830888
0.851085
0.865209
0.830333
0.843329
0.766151
0.880632
0.804302
0.885497
0.812118
0.737148
0.819825
0.865182
0.866792
0.833572
0.785745
0.888591
0.848112
0.876943
0.913121
0.855923
0.83041
0.767407
0.935443
0.831755
0.743842
0.85919
0.78544
0.845025
0.901099
0.86233
0.876358
0.862322
0.88617
0.857251
0.80152
0.844499
0.748611
0.87137
0.799995
0.877695
0.913922
0.763144
0.895354
0.878174
0.739455
