1
1
1
1
1
1
1
1
1
1
1
1
1
1
1
1
1
1
1
1
1
1
1
1
1
1
1
1
1
1
1
1
1
1
1
1
1
1
1
1
1
1
1
1
1
1
1
1
1
1
1
1
1
1
1
1
1
1
1
1
1
1
1
1
1
1
1
1
1
1
1
1
1
1
1
1
1
1
1
1
1
1
1
1
1
1
1
1
1
1
1
1
1
1
1
1
1
1
1
1
1
1
1
1
1
1
1
1
1
1
1
1
1
1
1
1
1
1
1
1
1
1
1
1
1
1
1
1
1
1
1
1
1
1
1
1
1
1
1
1
1
1
1
1
1
1
1
1
1
1
1
1
1
1
1
1
1
1
1
1
1
1
1
1
1
1
1
1
1
1
1
1
1
1
1
1
1
1
1
1
1
1
1
1
1
1
1
1
1
1
1
1
1
1
1
1
1
1
1
1
1
1
1
1
1
1
1
1
1
1
1
1
1
1
1
1
1
1
1
1
1
1
1
1
1
1
1
1
1
1
1
1
1
1
1
1
1
1
1
1
1
1
1
1
1
1
1
1
1
1
1
1
1
1
1
1
1
1
1
1
1
1
1
1
1
1
1
1
1
1
1
1
1
1
1
1
1
1
1
1
1
1
1
1
1
1
1
1
1
1
1
1
1
1
1
1
1
1
1
1
1
1
1
1
1
1
1
1
1
1
1
1
1
1
1
1
1
1
1
1
1
1
1
1
1
1
1
1
1
1
1
1
1
1
1
1
1
1
1
1
1
1
1
1
1
1
1
1
1
1
1
1
1
1
1
1
1
1
1
1
1
1
1
1
1
1
1
1
1
1
1
1
1
1
1
1
1
1
1
1
1
1
1
1
1
1
1
1
1
1
1
1
1
1
1
1
1
1
1
1
1
1
1
1
1
1
1
1
1
1
1
1
1
1
1
1
1
1
1
1
1
1
1
1
1
1
1
1
1
1
1
1
1
1
1
1
1
1
1
1
1
1
1
1
1
1
1
1
1
1
1
1
1
1
1
1
1
1
1
1
1
1
1
1
1
1
1
1
1
1
1
1
1
1
1
1
1
1
1
1
1
1
1
1
1
1
1
1
1
1
1
1
1
1
1
1
1
1
1
1
1
1
1
1
1
1
1
1
1
1
1
1
1
1
1
1
1
1
1
1
1
1
1
1
1
1
1
1
1
1
1
1
1
1
1
1
1
1
1
1
1
1
1
1
1
1
1
1
1
1
1
1
1
1
1
1
1
1
1
1
1
1
1
1
1
1
1
1
1
1
1
1
1
1
1
1
1
1
1
1
1
1
1
1
1
1
1
1
1
1
1
1
1
1
1
1
1
1
1
1
1
1
1
1
1
1
1
1
1
1
1
1
1
1
1
1
1
1
1
1
1
1
1
1
1
1
1
1
1
1
1
1
1
1
1
1
1
1
1
1
1
1
1
1
1
1
1
1
1
1
1
1
1
1
1
1
1
1
1
1
1
1
1
1
1
1
1
1
1
1
1
1
1
1
1
1
1
1
1
1
1
1
1
1
1
1
1
1
1
1
1
1
1
1
1
1
1
1
1
1
1
1
1
1
1
1
1
1
1
1
1
1
1
1
1
1
1
1
1
1
1
1
1
1
1
1
1
1
1
1
1
1
1
1
1
1
1
1
1
1
1
1
1
1
1
1
1
1
1
1
1
1
1
1
1
1
1
1
1
1
1
1
1
1
1
1
1
1
1
1
1
1
1
1
1
1
1
1
1
1
1
1
1
1
1
1
1
1
1
1
1
1
1
1
1
1
1
1
1
1
1
1
1
1
1
1
1
1
1
1
1
1
1
1
1
1
1
1
1
1
1
1
1
1
1
1
1
1
1
1
1
1
1
1
1
1
1
1
1
1
1
1
1
1
1
1
1
1
1
1
1
1
1
1
1
1
1
1
1
1
1
1
1
1
1
1
1
1
1
1
1
1
1
1
1
1
1
1
1
1
1
1
1
1
1
1
1
1
1
1
1
1
1
1
1
1
1
1
1
1
1
1
1
1
1
1
1
1
1
1
1
1
1
1
1
1
1
1
1
1
1
1
1
1
1
1
1
1
1
1
1
1
1
1
1
1
1
1
1
1
1
1
1
1
1
1
1
1
1
1
1
1
1
1
1
1
1
1
1
1
1
1
1
1
1
1
1
1
1
1
1
1
1
1
1
1
1
1
1
1
1
1
1
1
1
1
1
1
1
1
1
1
1
1
1
1
1
1
1
1
0.654228
0.696783
0.661628
0.709392
0.643977
0.775203
0.769322
0.67351
0.605924
0.631841
0.587644
0.694293
0.673533
0.667553
0.665237
0.746771
0.66526
0.725271
0.715803
0.679314
0.744981
0.666452
0.729189
0.732295
0.778545
0.598917
0.652036
0.593798
0.620282
0.676817
0.712148
0.597271
0.66271
0.59111
0.684306
0.563743
0.631307
0.724255
0.64737
0.546755
0.715867
0.66243
0.754612
0.661886
0.784364
0.670895
0.691978
0.727254
0.648861
0.653477
0.682397
0.698652
0.696471
0.73062
0.542892
0.664661
0.643565
0.742955
0.691403
0.705196
0.765404
0.601317
0.628619
0.750488
0.713428
0.650371
0.694328
0.630973
0.720939
0.636675
0.804643
0.703932
0.592176
0.636795
0.70136
0.67692
0.726867
0.649608
0.788093
0.599996
0.666419
0.673089
0.630765
0.602225
0.652511
0.704638
0.632261
0.677513
0.680405
0.625748
0.701828
0.681878
0.646072
0.654236
0.638889
0.612978
0.746953
0.639591
0.694503
0.678411
0.661684
0.705334
0.641647
0.66813
0.651736
0.668497
0.679725
0.71287
0.783265
0.672728
0.733947
0.634309
0.734768
0.604941
0.678431
0.654686
0.727342
0.596364
0.727345
0.569787
0.652953
0.637591
0.698971
0.595301
0.69544
0.694767
0.638422
0.691545
0.680462
0.666876
0.651918
0.68302
0.768554
0.682082
0.581471
0.60209
0.690355
0.635716
0.543173
0.618008
0.589597
0.649648
0.736333
0.653674
0.644745
0.68146
0.682831
0.533691
0.662209
0.721516
0.666588
0.64968
0.665119
0.655055
0.716261
0.581085
0.661891
0.667332
0.627266
0.618054
0.605455
0.67597
0.694365
0.743478
0.648737
0.721744
0.64815
0.67502
0.661538
0.683311
0.790539
0.615165
0.621267
0.736785
0.684802
0.685984
0.661935
0.73272
0.711091
0.685663
0.658851
0.52787
0.717493
0.631523
0.59726
0.685445
0.630613
0.648961
0.709934
0.748183
0.761254
0.670923
0.713461
0.670864
0.617975
0.71963
0.726106
0.697426
0.675946
0.749673
0.594164
0.64739
0.576101
0.656726
0.713907
0.640538
0.707058
0.649427
0.707447
0.714234
0.631834
0.668373
0.698551
0.604115
0.700071
0.713752
0.712207
0.705274
0.746975
0.676228
0.705549
0.671539
0.582077
0.776216
0.75223
0.642699
0.655657
0.69166
0.690342
0.605851
0.698874
0.748085
0.720381
0.775012
0.675434
0.612528
0.647031
0.59905
0.592427
0.678245
0.675369
0.658488
0.749476
0.730832
0.653348
0.66144
0.635807
0.722355
0.661386
0.6868
0.671572
0.725061
0.752567
0.674067
0.651112
0.735672
0.711416
0.641758
0.59119
0.70433
0.728803
0.718456
0.712714
0.595647
0.667477
0.72127
0.730763
0.656941
0.758348
0.647744
0.712258
0.625068
0.679642
0.661822
0.645392
0.625741
0.579205
0.726589
0.731594
0.653202
0.687819
0.71608
0.779357
0.63524
0.58144
0.696546
0.604754
0.676311
0.783943
0.676427
0.722781
0.66036
0.677503
0.630814
0.697633
0.70442
0.681392
0.743454
0.600513
0.709069
0.801567
0.587533
0.66377
0.722511
0.621105
0.689405
0.614585
0.619562
0.63471
0.582842
0.650265
0.664606
0.635031
0.699044
0.735966
0.706056
0.732579
0.639687
0.630146
0.709509
0.686691
0.713891
0.694479
0.673679
0.646204
0.77735
0.622321
0.69227
0.641057
0.663838
0.770349
0.727614
0.751452
0.681317
0.695235
0.701994
0.676772
0.674866
0.759528
0.709839
0.730587
0.774004
0.639596
0.685232
0.698123
0.682116
0.702231
0.58253
0.641
0.607918
0.778314
0.62886
0.702639
0.665724
0.622464
0.586243
0.647633
0.683021
0.591225
0.610807
0.660775
0.702436
0.603486
0.614064
0.683264
0.606627
0.581062
0.641303
0.699654
0.659393
0.535246
0.680753
0.73188
0.697991
0.618012
0.496254
0.742699
0.676633
0.705541
0.640259
0.607508
0.761808
0.715886
0.631199
0.597856
0.563504
0.768831
0.633085
0.729361
0.703461
0.655491
0.714055
0.703069
0.668366
0.586274
0.613529
0.642247
0.612291
0.657986
0.552136
0.664188
0.706103
0.68502
0.642955
0.734642
0.684828
0.710482
0.67877
0.628731
0.773914
0.697954
0.735988
0.715884
0.605574
0.803074
0.539793
0.69278
0.593361
0.534074
0.672011
0.583586
0.60495
0.657671
0.67924
0.731314
0.591489
0.672581
0.711758
0.620472
0.702818
0.627314
0.668712
0.625411
0.733565
0.778054
0.593085
0.726289
0.658368
0.674154
0.617331
0.616488
0.717793
0.545227
0.737077
0.745119
0.661501
0.655198
0.648989
0.559529
0.699667
0.619839
0.603666
0.657313
0.695955
0.68689
0.586786
0.712926
0.628785
0.662554
0.714196
0.648784
0.662853
0.655881
0.779312
0.652542
0.797655
0.663283
0.710766
0.737589
0.753582
0.661498
0.77839
0.644522
0.694064
0.650913
0.687427
0.673193
0.629681
0.631789
0.686535
0.717596
0.735192
0.690974
0.597922
0.665973
0.670482
0.647723
0.654328
0.719262
0.608741
0.715767
0.676243
0.687788
0.721315
0.650966
0.600862
0.691477
0.568302
0.609775
0.650907
0.709975
0.640109
0.634494
0.767986
0.819877
0.693249
0.619785
0.773265
0.678209
0.687691
0.648726
0.674705
0.646192
0.661997
0.621694
0.706329
0.657877
0.734506
0.636427
0.68629
0.761587
0.613717
0.704084
0.653035
0.763493
0.73458
0.692614
0.616211
0.650828
0.728067
0.653404
0.680763
0.604634
0.616211
0.661239
0.628389
0.658101
0.690309
0.674632
0.714807
0.6067
0.606641
0.665927
0.610622
0.66753
0.598085
0.690366
0.633472
0.657909
0.685456
0.625865
0.676826
0.793746
0.684809
0.613307
0.594607
0.733162
0.590607
0.66474
0.633004
0.627846
0.771339
0.671286
0.657438
0.569143
0.69578
0.754882
0.608137
0.677828
0.691947
0.641649
0.630585
0.783951
0.625457
0.719639
0.498128
0.654689
0.635493
0.734984
0.686397
0.659304
0.639
0.732092
0.629755
0.73523
0.673487
0.713684
0.699452
0.71588
0.560227
0.618044
0.595213
0.626993
0.65401
0.685953
0.706102
0.699076
0.609628
0.692739
0.696071
0.619148
0.647648
0.623782
0.549461
0.69397
0.653362
0.635499
0.640163
0.683025
0.501228
0.73393
0.692903
0.704142
0.672286
0.710675
0.72361
0.641876
0.649753
0.680682
0.671377
0.655685
0.609343
0.731276
0.705521
0.637402
0.663575
0.667389
0.755235
0.584509
0.680505
0.711481
0.72996
0.75935
0.722091
0.745168
0.649191
0.63688
0.568101
0.739819
0.634711
0.664756
0.753514
0.614239
0.61641
0.588511
0.714348
0.653005
0.631968
0.729194
0.733466
0.667425
0.668627
0.665834
0.750729
0.635981
0.60247
0.672518
0.625753
0.695159
0.728489
0.617415
0.544314
0.726325
0.752624
0.639085
0.649515
0.668577
0.699635
0.689011
0.646892
0.627682
0.697106
0.682285
0.618721
0.664388
0.588992
0.763528
0.636253
0.702509
0.729432
0.696793
0.593953
0.684121
0.662108
0.688457
0.734694
0.666746
0.619443
0.685009
0.702984
0.596185
0.597295
0.640225
0.685509
0.587142
0.671886
0.702694
0.609584
0.690991
0.692458
0.617563
0.67798
0.68227
0.649367
0.728222
0.636538
0.610367
0.71573
0.735676
0.667872
0.672074
0.643509
0.710729
0.651575
0.675781
0.670222
0.544011
0.666587
0.688715
0.637226
0.744146
0.640752
0.662132
0.668985
0.606799
0.667265
0.622456
0.70414
0.681022
0.74584
0.641742
0.812169
0.774839
0.611975
0.636817
0.613672
0.64817
0.729777
0.669585
0.600282
0.621593
0.664484
0.587214
0.7352
0.652823
0.612833
0.743848
0.661515
0.565691
0.714286
0.749001
0.674192
0.740619
0.63696
0.614844
0.679865
0.744795
0.725478
0.589582
0.704461
0.691508
0.669225
0.714725
0.682583
0.681548
0.516834
0.64679
0.670162
0.652541
0.67956
0.687176
0.669986
0.761329
0.766077
0.606442
0.652077
0.619601
0.613606
0.683112
0.683466
0.652851
0.639437
0.648428
0.676342
0.600567
0.645182
0.678779
0.647731
0.583468
0.631368
0.631254
0.662251
0.708359
0.637123
0.71543
0.630807
0.735012
0.681804
0.668604
0.661367
0.680214
0.533193
0.707525
0.586427
0.723936
0.650509
0.633771
0.649831
0.611308
0.749788
0.676813
0.650057
0.622007
0.712488
0.767525
0.641962
0.758611
0.626145
0.704215
0.662597
0.665916
0.74774
0.66001
0.726638
0.707977
0.674131
0.810143
0.572564
0.680481
0.663656
0.703211
0.66454
0.56004
0.656269
0.600549
0.623908
0.673117
0.609357
0.712711
0.675024
0.662062
0.704804
0.674546
0.639631
0.541961
0.671234
0.632949
0.68423
0.678463
0.692635
0.683696
0.653112
0.666705
0.610964
0.656525
0.552679
0.659537
0.613845
0.651004
0.576883
0.658939
0.695751
0.594393
0.637883
0.678599
0.655955
0.724518
0.711939
0.538786
0.630806
0.622647
0.751677
0.722362
0.599833
0.595492
0.656693
0.723065
0.666421
0.693267
0.762
0.572333
0.695623
0.640126
0.647606
0.717992
0.586299
0.773383
0.584232
0.705562
0.623011
0.607653
0.711452
0.738534
0.584081
0.596574
0.654726
0.753395
0.658261
0.677459
0.702722
0.776953
0.713663
0.699156
0.628335
0.655097
0.776212
0.603606
0.60038
0.67775
0.647142
0.699035
0.674261
0.668919
0.642043
0.664817
0.673761
0.736684
0.737953
0.645077
0.701302
0.747622
0.537989
0.646949
0.66333
0.683234
0.716613
0.639389
0.652169
0.59936
0.597931
0.737334
0.696192
0.513181
0.559596
0.628622
0.616808
0.613771
0.673085
0.681
0.673951
0.673607
0.724252
0.755786
0.608627
0.578135
0.567876
0.651878
0.624792
0.687141
0.6974
0.645778
0.749997
0.59339
0.629175
0.790646
0.60426
0.741935
0.63071
0.713327
0.726144
0.657434
0.744785
0.63816
0.66405
0.693191
0.655631
0.761871
0.693249
0.660336
0.651135
0.734758
0.694858
0.743516
0.696273
0.691413
0.760984
0.756372
0.788775
0.735308
0.58762
0.701629
0.66772
0.659507
0.589554
0.659823
0.628639
0.638702
0.678677
0.657285
0.685766
0.718829
0.680658
0.69744
0.610471
0.578176
0.67262
0.638632
0.58646
0.75165
0.655832
1
1
1
1
1
1
1
1
1
1
1
1
1
1
1
1
1
1
1
1
1
1
1
1
1
1
1
1
1
1
1
1
1
1
1
1
1
1
1
1
1
1
1
1
1
1
1
1
1
1
1
1
1
1
1
1
1
1
1
1
1
1
1
1
1
1
1
1
1
1
1
1
1
1
1
1
1
1
1
1
1
1
1
1
1
1
1
1
1
1
1
1
1
1
1
1
1
1
1
1
1
1
1
1
1
1
1
1
1
1
1
1
1
1
1
1
1
1
1
1
1
1
1
1
1
1
1
1
1
1
1
1
1
1
1
1
1
1
1
1
1
1
1
1
1
1
1
1
1
1
1
1
1
1
1
1
1
1
1
1
1
1
1
1
1
1
1
1
1
1
1
1
1
1
1
1
1
1
1
1
1
1
1
1
1
1
1
1
1
1
1
1
1
1
1
1
1
1
1
1
1
1
1
1
1
1
1
1
1
1
1
1
1
1
1
1
1
1
1
1
1
1
1
1
1
1
1
1
1
1
1
1
1
1
1
1
1
1
1
1
1
1
1
1
1
1
1
1
1
1
1
1
1
1
1
1
1
1
1
1
1
1
1
1
1
1
1
1
1
1
1
1
1
1
1
1
1
1
1
1
1
1
1
1
1
1
1
1
1
1
1
1
1
1
1
1
1
1
1
1
1
1
1
1
1
1
1
1
1
1
1
1
1
1
1
1
1
1
1
1
1
1
1
1
1
1
1
1
1
1
1
1
1
1
1
1
1
1
1
1
1
1
1
1
1
1
1
1
1
1
1
1
1
1
1
1
1
1
1
1
1
1
1
1
1
1
1
1
1
1
1
1
1
1
1
1
1
1
1
1
1
1
1
1
1
1
1
1
1
1
1
1
1
1
1
1
1
1
1
1
1
1
1
1
1
1
1
1
1
1
1
1
1
1
1
1
1
1
1
1
1
1
1
1
1
1
1
1
1
1
1
1
1
1
1
1
1
1
1
1
1
1
1
1
1
1
1
1
1
1
1
1
1
1
1
1
1
1
1
1
1
1
1
1
1
1
1
1
1
1
1
1
1
1
1
1
1
1
1
1
1
1
1
1
1
1
1
1
1
1
1
1
1
1
1
1
1
1
1
1
1
1
1
1
1
1
1
1
1
1
1
1
1
1
1
1
1
1
1
1
1
1
1
1
1
1
1
1
1
1
1
1
1
1
1
1
1
1
1
1
1
1
1
1
1
1
1
1
1
1
1
1
1
1
1
1
1
1
1
1
1
1
1
1
1
1
1
1
1
1
1
1
1
1
1
1
1
1
1
1
1
1
1
1
1
1
1
1
1
1
1
1
1
1
1
1
1
1
1
1
1
1
1
1
1
1
1
1
1
1
1
1
1
1
1
1
1
1
1
1
1
1
1
1
1
1
1
1
1
1
1
1
1
1
1
1
1
1
1
1
1
1
1
1
1
1
1
1
1
1
1
1
1
1
1
1
1
1
1
1
1
1
1
1
1
1
1
1
1
1
1
1
1
1
1
1
1
1
1
1
1
1
1
1
1
1
1
1
1
1
1
1
1
1
1
1
1
1
1
1
1
1
1
1
1
1
1
1
1
1
1
1
1
1
1
1
1
1
1
1
1
1
1
1
1
1
1
1
1
1
1
1
1
1
1
1
1
1
1
1
1
1
1
1
1
1
1
1
1
1
1
1
1
1
1
1
1
1
1
1
1
1
1
1
1
1
1
1
1
1
1
1
1
1
1
1
1
1
1
1
1
1
1
1
1
1
1
1
1
1
1
1
1
1
1
1
1
1
1
1
1
1
1
1
1
1
1
1
1
1
1
1
1
1
1
1
1
1
1
1
1
1
1
1
1
1
1
1
1
1
1
1
1
1
1
1
1
1
1
1
1
1
1
1
1
1
1
1
1
1
1
1
1
1
1
1
1
1
1
1
1
1
1
1
1
1
1
1
1
1
1
1
1
1
1
1
1
1
1
1
1
1
1
1
1
1
1
1
1
1
1
1
1
1
1
1
1
1
1
1
1
1
1
1
1
1
1
1
1
1
1
1
1
1
1
1
1
1
1
1
1
1
1
1
1
1
1
1
1
1
1
1
1
1
1
1
1
1
1
1
1
1
1
1
1
1
1
1
1
1
1
1
1
1
1
1
1
1
1
1
1
1
1
1
1
1
1
1
1
1
1
1
1
1
1
1
1
1
1
1
1
1
1
1
1
1
1
1
1
1
1
1
1
1
1
1
1
1
1
1
0.812676
0.881792
0.812161
0.882607
0.799567
0.915796
0.881818
0.854027
0.828739
0.897367
0.806467
0.828608
0.84648
0.850394
0.849777
0.865687
0.829228
0.899696
0.853942
0.875706
0.872141
0.893401
0.847279
0.856976
0.862462
0.74495
0.811859
0.89289
0.832469
0.869567
0.885844
0.802442
0.752243
0.795764
0.876659
0.847306
0.820526
0.844391
0.825403
0.775195
0.840012
0.774172
0.878774
0.875745
0.896916
0.809604
0.859304
0.857737
0.851512
0.852338
0.877931
0.843173
0.879676
0.807217
0.900568
0.890636
0.841059
0.890657
0.876172
0.86619
0.877078
0.835962
0.830044
0.854817
0.890717
0.814008
0.808275
0.884427
0.895085
0.818176
0.892256
0.877387
0.805103
0.825164
0.852188
0.851226
0.896826
0.828497
0.824926
0.748088
0.893255
0.851488
0.819366
0.796361
0.845419
0.79443
0.887545
0.870258
0.823141
0.83077
0.854532
0.91817
0.857337
0.900869
0.87885
0.873054
0.78353
0.812035
0.855697
0.915391
0.76965
0.905693
0.819071
0.82775
0.865831
0.809087
0.850791
0.864406
0.87179
0.866372
0.859301
0.866294
0.813673
0.837021
0.885083
0.737106
0.890168
0.754785
0.915515
0.805938
0.881825
0.855435
0.801203
0.814603
0.866187
0.886037
0.799219
0.834803
0.759322
0.893062
0.869953
0.836633
0.904334
0.926047
0.816107
0.841309
0.892914
0.855858
0.813605
0.806728
0.873504
0.85403
0.779047
0.864277
0.755278
0.867271
0.824349
0.786489
0.765988
0.87054
0.851901
0.868614
0.830512
0.812412
0.901816
0.865507
0.852677
0.784241
0.847786
0.816746
0.81237
0.857204
0.878115
0.833521
0.837523
0.808271
0.882815
0.835178
0.866223
0.844838
0.872376
0.825519
0.795701
0.876551
0.851584
0.831803
0.809475
0.844335
0.864467
0.824836
0.879971
0.866757
0.926489
0.861153
0.817341
0.850941
0.860547
0.794162
0.864867
0.868263
0.842543
0.885429
0.872113
0.840484
0.830932
0.827635
0.793114
0.813299
0.876109
0.860129
0.743405
0.881801
0.840551
0.839837
0.887551
0.891896
0.856054
0.853938
0.821063
0.832634
0.844141
0.738872
0.857878
0.862534
0.798489
0.816218
0.89857
0.908536
0.939802
0.825502
0.85128
0.8682
0.850281
0.919808
0.889754
0.881832
0.805803
0.887441
0.833591
0.831479
0.839776
0.846934
0.907147
0.869551
0.911234
0.769423
0.844828
0.899379
0.889407
0.841574
0.818424
0.856593
0.863069
0.842895
0.8887
0.870357
0.903388
0.838247
0.855663
0.886553
0.785025
0.816796
0.857268
0.815418
0.816724
0.83563
0.853814
0.859598
0.805208
0.866874
0.784613
0.834373
0.867345
0.863586
0.850645
0.849929
0.874442
0.875365
0.864778
0.815684
0.872749
0.877638
0.863707
0.861689
0.835162
0.793022
0.908763
0.892216
0.886148
0.807002
0.833709
0.818449
0.867241
0.85308
0.866722
0.913879
0.746395
0.808376
0.821116
0.821968
0.833633
0.798817
0.867652
0.847348
0.833857
0.848516
0.828152
0.868334
0.826463
0.871846
0.847602
0.781898
0.858439
0.873136
0.837374
0.859689
0.778481
0.855405
0.855603
0.732274
0.869045
0.845298
0.780251
0.822139
0.793729
0.839447
0.911617
0.796348
0.774901
0.870088
0.811326
0.805075
0.921079
0.910779
0.841944
0.874151
0.817139
0.90746
0.828048
0.850855
0.873552
0.85999
0.8055
0.870451
0.855897
0.788621
0.819607
0.851983
0.843093
0.917416
0.874152
0.846029
0.854008
0.857481
0.879265
0.879671
0.871064
0.745513
0.84692
0.825906
0.939195
0.8441
0.84778
0.846698
0.849422
0.875588
0.858386
0.885997
0.862315
0.861652
0.835218
0.777145
0.763619
0.873503
0.844384
0.804055
0.792019
0.83079
0.818662
0.913589
0.791445
0.820328
0.88352
0.856775
0.779979
0.76162
0.793233
0.954238
0.897288
0.85714
0.849274
0.843283
0.83004
0.776843
0.831208
0.788531
0.884378
0.802592
0.865691
0.921638
0.872061
0.840483
0.864048
0.829514
0.896251
0.882114
0.799305
0.808816
0.855925
0.836469
0.847583
0.828916
0.848101
0.851604
0.870277
0.814203
0.848452
0.805748
0.852339
0.912616
0.811541
0.926799
0.876624
0.784035
0.906715
0.876063
0.875055
0.841424
0.796768
0.906909
0.790965
0.848267
0.910832
0.871457
0.823746
0.802836
0.796938
0.863471
0.831772
0.828391
0.834597
0.869503
0.830622
0.842062
0.818771
0.812548
0.898931
0.88517
0.849934
0.826673
0.858074
0.860196
0.822556
0.841627
0.804498
0.868709
0.845074
0.877885
0.840605
0.792126
0.894062
0.76528
0.870045
0.869926
0.864749
0.813582
0.800858
0.849339
0.745855
0.879704
0.846355
0.754484
0.863871
0.814641
0.833478
0.849144
0.859766
0.902475
0.847852
0.816825
0.83913
0.923504
0.863692
0.835092
0.827801
0.817074
0.810645
0.782704
0.777667
0.866237
0.899301
0.920305
0.867485
0.844519
0.927645
0.962263
0.876169
0.899407
0.937181
0.804782
0.816759
0.850764
0.865318
0.849547
0.894219
0.824362
0.835631
0.850473
0.88053
0.876793
0.915608
0.859678
0.920209
0.878863
0.880364
0.831779
0.815339
0.863035
0.84086
0.833474
0.819411
0.813601
0.806532
0.846618
0.778425
0.82886
0.805418
0.859259
0.859944
0.867382
0.833127
0.839426
0.804235
0.862686
0.847191
0.8638
0.781771
0.84779
0.855674
0.886484
0.827968
0.77406
0.767122
0.863742
0.808855
0.849598
0.865468
0.809112
0.795193
0.827009
0.924787
0.856205
0.800143
0.861932
0.804405
0.796562
0.839719
0.811107
0.880849
0.838024
0.829679
0.871812
0.865807
0.893215
0.803213
0.882135
0.90779
0.813347
0.873547
0.686281
0.847535
0.909123
0.845061
0.835755
0.904857
0.874349
0.88822
0.754394
0.82389
0.884866
0.805086
0.765187
0.91755
0.84171
0.858967
0.867421
0.836337
0.835579
0.81041
0.915899
0.836156
0.831592
0.862085
0.844637
0.840346
0.801065
0.913193
0.841452
0.815195
0.842249
0.860647
0.866575
0.838418
0.829186
0.869685
0.885008
0.780933
0.855106
0.85595
0.834007
0.811274
0.883812
0.821049
0.789634
0.851882
0.815928
0.829715
0.814668
0.83643
0.841925
0.855244
0.798965
0.852134
0.866817
0.84355
0.868624
0.827887
0.822898
0.84676
0.863321
0.750896
0.775307
0.836439
0.834841
0.81717
0.789953
0.846963
0.874467
0.78415
0.836045
0.868109
0.81424
0.871198
0.877133
0.871529
0.747005
0.821604
0.819848
0.846385
0.829635
0.824657
0.883016
0.833931
0.882013
0.764981
0.85254
0.83186
0.878565
0.794545
0.888932
0.91529
0.841621
0.850944
0.886815
0.847707
0.854549
0.778045
0.86133
0.844994
0.858068
0.788509
0.875498
0.828867
0.822678
0.812797
0.851005
0.887931
0.908565
0.842519
0.858243
0.875137
0.856715
0.789999
0.862884
0.819108
0.877716
0.834564
0.861473
0.888773
0.731936
0.850083
0.913903
0.905919
0.837801
0.817417
0.924787
0.875819
0.840328
0.866302
0.808037
0.871729
0.840571
0.837307
0.812698
0.886243
0.822642
0.862985
0.839623
0.864799
0.831841
0.828674
0.848053
0.809573
0.817133
0.921719
0.889274
0.828737
0.835959
0.914708
0.866891
0.867165
0.813431
0.8527
0.861625
0.873004
0.843281
0.790211
0.799337
0.846265
0.855579
0.773704
0.772979
0.845385
0.858916
0.809529
0.832293
0.847082
0.865806
0.819826
0.895783
0.898759
0.972757
0.880227
0.802458
0.884222
0.782851
0.827774
0.899859
0.843244
0.844343
0.799723
0.80922
0.921666
0.809373
0.767804
0.813313
0.869597
0.832523
0.760697
0.882653
0.89072
0.903038
0.843722
0.817868
0.832855
0.890063
0.904684
0.922679
0.820094
0.806775
0.895118
0.780364
0.850471
0.905603
0.842812
0.767204
0.831113
0.825517
0.883854
0.781287
0.81281
0.855902
0.885785
0.853787
0.793024
0.769726
0.826309
0.867748
0.87025
0.849992
0.811749
0.824508
0.813231
0.833992
0.826545
0.827341
0.848303
0.894097
0.852838
0.80472
0.902469
0.819271
0.874808
0.888742
0.851862
0.806771
0.899269
0.84307
0.840095
0.881266
0.841644
0.737751
0.885955
0.829813
0.885756
0.829859
0.806862
0.836949
0.876655
0.833175
0.81928
0.848984
0.805158
0.860517
0.903451
0.837307
0.803753
0.82248
0.821921
0.856592
0.790179
0.821703
0.875923
0.837987
0.871445
0.868734
0.824441
0.795144
0.898252
0.791119
0.886085
0.889703
0.855202
0.831076
0.895452
0.861532
0.904639
0.877085
0.870108
0.848655
0.85431
0.873642
0.799875
0.812223
0.798372
0.871469
0.820779
0.755324
0.79379
0.831919
0.880357
0.79722
0.87563
0.792173
0.794905
0.879398
0.800279
0.811967
0.870602
0.837793
0.754074
0.854356
0.88629
0.788076
0.819942
0.914801
0.86999
0.773602
0.824564
0.816155
0.872825
0.841744
0.866826
0.81988
0.863117
0.87858
0.866986
0.884196
0.811265
0.860411
0.867238
0.880478
0.835662
0.828763
0.889635
0.814399
0.875936
0.802943
0.860607
0.869396
0.802616
0.825325
0.823389
0.842549
0.873494
0.846304
0.878877
0.863172
0.803097
0.880721
0.922938
0.871913
0.864733
0.829841
0.834341
0.880975
0.820007
0.856868
0.875261
0.803522
0.893449
0.826239
0.848188
0.854471
0.817411
0.882776
0.877271
0.839792
0.831035
0.87037
0.872402
0.844747
0.858006
0.86973
0.851824
0.865435
0.859182
0.867827
0.835992
0.770333
0.927408
0.819742
0.884922
0.872446
0.887572
0.808836
0.773618
0.803776
0.818888
0.833996
0.824145
0.91624
0.860696
0.848231
0.814803
0.875706
0.867921
0.880627
0.89182
0.843153
0.81351
0.862962
0.869225
0.838869
0.852463
0.867471
0.90748
0.850488
0.804036
0.936366
0.852533
0.854331
0.830386
0.849659
0.878564
0.900114
0.904354
0.891745
0.799724
0.862286
0.885945
0.852224
0.85822
0.79344
0.861963
0.888362
0.948433
0.860476
0.841385
0.824388
0.881989
0.757142
0.850338
0.75925
0.789218
0.848544
0.808709
0.790928
0.840532
0.751666
0.833498
0.799221
0.869193
0.874726
0.73196
0.864602
0.843424
0.905141
0.870018
0.843004
