1
1
1
1
1
1
1
1
1
1
1
1
1
1
1
1
1
1
1
1
1
1
1
1
1
1
1
1
1
1
1
1
1
1
1
1
1
1
1
1
1
1
1
1
1
1
1
1
1
1
1
1
1
1
1
1
1
1
1
1
1
1
1
1
1
1
1
1
1
1
1
1
1
1
1
1
1
1
1
1
1
1
1
1
1
1
1
1
1
1
1
1
1
1
1
1
1
1
1
1
1
1
1
1
1
1
1
1
1
1
1
1
1
1
1
1
1
1
1
1
1
1
1
1
1
1
1
1
1
1
1
1
1
1
1
1
1
1
1
1
1
1
1
1
1
1
1
1
1
1
1
1
1
1
1
1
1
1
1
1
1
1
1
1
1
1
1
1
1
1
1
1
1
1
1
1
1
1
1
1
1
1
1
1
1
1
1
1
1
1
1
1
1
1
1
1
1
1
1
1
1
1
1
1
1
1
1
1
1
1
1
1
1
1
1
1
1
1
1
1
1
1
1
1
1
1
1
1
1
1
1
1
1
1
1
1
1
1
1
1
1
1
1
1
1
1
1
1
1
1
1
1
1
1
1
1
1
1
1
1
1
1
1
1
1
1
1
1
1
1
1
1
1
1
1
1
1
1
1
1
1
1
1
1
1
1
1
1
1
1
1
1
1
1
1
1
1
1
1
1
1
1
1
1
1
1
1
1
1
1
1
1
1
1
1
1
1
1
1
1
1
1
1
1
1
1
1
1
1
1
1
1
1
1
1
1
1
1
1
1
1
1
1
1
1
1
1
1
1
1
1
1
1
1
1
1
1
1
1
1
1
1
1
1
1
1
1
1
1
1
1
1
1
1
1
1
1
1
1
1
1
1
1
1
1
1
1
1
1
1
1
1
1
1
1
1
1
1
1
1
1
1
1
1
1
1
1
1
1
1
1
1
1
1
1
1
1
1
1
1
1
1
1
1
1
1
1
1
1
1
1
1
1
1
1
1
1
1
1
1
1
1
1
1
1
1
1
1
1
1
1
1
1
1
1
1
1
1
1
1
1
1
1
1
1
1
1
1
1
1
1
1
1
1
1
1
1
1
1
1
1
1
1
1
1
1
1
1
1
1
1
1
1
1
1
1
1
1
1
1
1
1
1
1
1
1
1
1
1
1
1
1
1
1
1
1
1
1
1
1
1
1
1
1
1
1
1
1
1
1
1
1
1
1
1
1
1
1
1
1
1
1
1
1
1
1
1
1
1
1
1
1
1
1
1
1
1
1
1
1
1
1
1
1
1
1
1
1
1
1
1
1
1
1
1
1
1
1
1
1
1
1
1
1
1
1
1
1
1
1
1
1
1
1
1
1
1
1
1
1
1
1
1
1
1
1
1
1
1
1
1
1
1
1
1
1
1
1
1
1
1
1
1
1
1
1
1
1
1
1
1
1
1
1
1
1
1
1
1
1
1
1
1
1
1
1
1
1
1
1
1
1
1
1
1
1
1
1
1
1
1
1
1
1
1
1
1
1
1
1
1
1
1
1
1
1
1
1
1
1
1
1
1
1
1
1
1
1
1
1
1
1
1
1
1
1
1
1
1
1
1
1
1
1
1
1
1
1
1
1
1
1
1
1
1
1
1
1
1
1
1
1
1
1
1
1
1
1
1
1
1
1
1
1
1
1
1
1
1
1
1
1
1
1
1
1
1
1
1
1
1
1
1
1
1
1
1
1
1
1
1
1
1
1
1
1
1
1
1
1
1
1
1
1
1
1
1
1
1
1
1
1
1
1
1
1
1
1
1
1
1
1
1
1
1
1
1
1
1
1
1
1
1
1
1
1
1
1
1
1
1
1
1
1
1
1
1
1
1
1
1
1
1
1
1
1
1
1
1
1
1
1
1
1
1
1
1
1
1
1
1
1
1
1
1
1
1
1
1
1
1
1
1
1
1
1
1
1
1
1
1
1
1
1
1
1
1
1
1
1
1
1
1
1
1
1
1
1
1
1
1
1
1
1
1
1
1
1
1
1
1
1
1
1
1
1
1
1
1
1
1
1
1
1
1
1
1
1
1
1
1
1
1
1
1
1
1
1
1
1
1
1
1
1
1
1
1
1
1
1
1
1
1
1
1
1
1
1
1
1
1
1
1
1
1
1
1
1
1
1
1
1
1
1
1
1
1
1
1
1
1
1
1
1
1
1
1
1
1
1
1
1
1
1
1
1
1
1
1
1
1
1
1
1
1
1
1
1
1
1
1
1
1
1
1
1
1
1
1
1
0.6658
0.774016
0.666468
0.662435
0.6616
0.733947
0.755119
0.667635
0.706891
0.655087
0.655744
0.660288
0.630929
0.656875
0.694302
0.661586
0.68317
0.679367
0.782239
0.603651
0.67447
0.6668
0.676342
0.579366
0.688021
0.738308
0.668118
0.723005
0.764052
0.659397
0.800707
0.680948
0.651814
0.660584
0.649503
0.546367
0.667121
0.686757
0.706107
0.623579
0.599504
0.575796
0.720291
0.659041
0.702789
0.728013
0.602821
0.683006
0.765721
0.787172
0.633611
0.604058
0.663702
0.735797
0.549305
0.680368
0.602726
0.56957
0.728078
0.579577
0.730519
0.67822
0.692456
0.630433
0.723281
0.557209
0.641745
0.668475
0.586518
0.725042
0.693822
0.686076
0.656759
0.583187
0.679834
0.695524
0.660717
0.682317
0.710051
0.648399
0.640038
0.646771
0.653789
0.580525
0.597986
0.648101
0.683641
0.637511
0.639467
0.73773
0.679751
0.661436
0.618172
0.614453
0.552696
0.620519
0.679518
0.605053
0.723537
0.667713
0.740835
0.614202
0.570057
0.649819
0.545975
0.718439
0.582949
0.591098
0.639239
0.678273
0.733666
0.710688
0.678765
0.742826
0.62042
0.674017
0.685802
0.694619
0.681638
0.70159
0.628346
0.775997
0.627124
0.656034
0.583932
0.59213
0.603794
0.524447
0.615775
0.569037
0.726732
0.766294
0.728
0.699935
0.671472
0.746516
0.650099
0.672366
0.558069
0.644821
0.664291
0.673018
0.63646
0.729684
0.690612
0.649506
0.740357
0.644647
0.681608
0.679166
0.715438
0.624582
0.663816
0.661844
0.746683
0.677116
0.78247
0.667183
0.71033
0.594794
0.683347
0.658402
0.754177
0.683817
0.76212
0.689194
0.652464
0.688655
0.754925
0.666749
0.635558
0.691439
0.713112
0.636549
0.650973
0.673575
0.650474
0.704848
0.674448
0.668202
0.727169
0.644589
0.711387
0.63539
0.664888
0.597643
0.638451
0.632824
0.633508
0.582288
0.73422
0.618885
0.701951
0.67621
0.656321
0.699416
0.66482
0.664252
0.730323
0.634366
0.713111
0.703063
0.704123
0.613835
0.66142
0.585229
0.691657
0.715211
0.639053
0.70265
0.638056
0.727141
0.754861
0.686486
0.598781
0.768515
0.720484
0.627627
0.656238
0.717709
0.724968
0.687874
0.829748
0.66445
0.631334
0.685538
0.739837
0.723169
0.767667
0.661801
0.638007
0.724658
0.695495
0.614333
0.628367
0.633659
0.64009
0.677118
0.584975
0.747789
0.59746
0.719162
0.693671
0.635811
0.726086
0.666607
0.646606
0.677302
0.705027
0.709045
0.711801
0.734361
0.693851
0.719477
0.706165
0.622706
0.683034
0.699656
0.637041
0.756879
0.743816
0.751101
0.677566
0.71245
0.616875
0.693699
0.650426
0.643982
0.729583
0.631716
0.560851
0.76885
0.629951
0.670674
0.663847
0.619206
0.694845
0.650359
0.757664
0.674151
0.587277
0.688173
0.569552
0.665584
0.618822
0.608859
0.68599
0.671977
0.679
0.643863
0.634803
0.713721
0.67815
0.602974
0.685583
0.732284
0.649052
0.689694
0.665706
0.745945
0.618911
0.496874
0.685899
0.637802
0.710839
0.738694
0.549807
0.683853
0.715523
0.731303
0.706075
0.664155
0.547736
0.618719
0.637428
0.684613
0.700519
0.695723
0.620862
0.657275
0.614622
0.734656
0.658209
0.491354
0.635529
0.658757
0.683877
0.681215
0.588641
0.598407
0.709574
0.70214
0.689101
0.690818
0.5553
0.625534
0.786667
0.611382
0.623571
0.692164
0.64942
0.519083
0.663304
0.650645
0.598497
0.676094
0.667986
0.643204
0.649174
0.745642
0.559286
0.805633
0.698262
0.594913
0.666203
0.688574
0.654155
0.666306
0.640952
0.657852
0.61566
0.590191
0.631636
0.623021
0.667211
0.678821
0.638173
0.5824
0.59147
0.722856
0.685298
0.675435
0.669358
0.628336
0.706367
0.650037
0.700029
0.621876
0.620747
0.735767
0.733544
0.630285
0.711542
0.783389
0.655058
0.713156
0.744603
0.733745
0.608822
0.61956
0.647086
0.667635
0.638704
0.661337
0.690999
0.705366
0.785371
0.742013
0.627413
0.691759
0.565165
0.662042
0.678539
0.677574
0.552457
0.590688
0.65589
0.656343
0.606568
0.694256
0.73344
0.724968
0.729123
0.699636
0.632886
0.598274
0.647352
0.671979
0.788112
0.744859
0.729561
0.727062
0.559279
0.622192
0.605775
0.639853
0.725285
0.681591
0.61457
0.645595
0.770686
0.684325
0.73271
0.690994
0.616998
0.681918
0.739211
0.549413
0.627011
0.640588
0.648168
0.607253
0.691438
0.606058
0.773829
0.56216
0.661825
0.685946
0.655248
0.665942
0.654268
0.654886
0.604507
0.650627
0.672814
0.740772
0.537078
0.666153
0.777242
0.824153
0.682485
0.651649
0.709706
0.709409
0.619769
0.650701
0.663014
0.567459
0.676633
0.622123
0.62262
0.75733
0.641326
0.727429
0.687921
0.658899
0.604042
0.65752
0.653888
0.703056
0.664402
0.637252
0.621461
0.772656
0.623276
0.678072
0.708345
0.72252
0.710315
0.753225
0.706815
0.699455
0.740479
0.658899
0.693117
0.672352
0.659065
0.618048
0.607403
0.658371
0.722091
0.713845
0.693003
0.717983
0.713627
0.636402
0.721313
0.651256
0.66961
0.526731
0.714818
0.635209
0.674281
0.668621
0.571159
0.726224
0.686914
0.739329
0.68813
0.64944
0.505466
0.718922
0.674302
0.633124
0.703134
0.757806
0.622899
0.661657
0.63768
0.712027
0.772324
0.645974
0.667571
0.596516
0.709682
0.68969
0.702415
0.663248
0.725532
0.677176
0.607809
0.685708
0.738963
0.600955
0.694826
0.550042
0.640347
0.620829
0.683251
0.739533
0.602605
0.634737
0.645071
0.643357
0.646176
0.680719
0.659606
0.708112
0.627822
0.669356
0.575027
0.696393
0.757108
0.685611
0.66893
0.707334
0.762777
0.608264
0.647396
0.668607
0.615286
0.548071
0.520232
0.699574
0.698199
0.706203
0.645458
0.625634
0.754778
0.590241
0.7692
0.697998
0.679152
0.680833
0.773014
0.639149
0.681613
0.688783
0.693523
0.682993
0.715615
0.638347
0.636513
0.692223
0.637018
0.629229
0.625456
0.729077
0.652109
0.649504
0.613288
0.563033
0.62932
0.660349
0.600374
0.807303
0.686189
0.709119
0.627494
0.849579
0.743898
0.722806
0.60635
0.621602
0.732762
0.725238
0.667085
0.714917
0.598604
0.695026
0.583038
0.648215
0.61967
0.641761
0.610982
0.66718
0.762804
0.669049
0.548408
0.692268
0.764852
0.698705
0.703034
0.710486
0.655025
0.696604
0.736541
0.600737
0.650142
0.666556
0.723628
0.688583
0.652615
0.688279
0.664649
0.673437
0.608134
0.67141
0.661269
0.689492
0.776439
0.526968
0.707937
0.641381
0.709993
0.6505
0.662012
0.708074
0.703372
0.724043
0.677455
0.754173
0.744573
0.678991
0.63246
0.690517
0.702457
0.686519
0.61694
0.681376
0.652405
0.669458
0.69655
0.732819
0.648546
0.687335
0.77813
0.677442
0.623461
0.642196
0.549436
0.634646
0.544922
0.613416
0.592979
0.631229
0.663569
0.632284
0.699785
0.712172
0.707626
0.617882
0.649794
0.603556
0.700877
0.652102
0.63127
0.72393
0.721463
0.624187
0.605074
0.690323
0.72976
0.586464
0.623311
0.682359
0.576292
0.728533
0.699805
0.656276
0.665867
0.675622
0.64622
0.71395
0.591581
0.731068
0.720386
0.610243
0.574249
0.697307
0.613225
0.597516
0.812241
0.59427
0.632405
0.619334
0.685676
0.5848
0.68254
0.674529
0.617785
0.75699
0.693221
0.645724
0.651517
0.571052
0.72702
0.665923
0.692552
0.560257
0.661852
0.676737
0.588213
0.708706
0.734157
0.624993
0.622922
0.721859
0.728607
0.668011
0.658958
0.657681
0.721835
0.708797
0.658227
0.614036
0.657601
0.689414
0.527527
0.670808
0.755703
0.715689
0.78343
0.604271
0.717441
0.612068
0.670141
0.629005
0.479661
0.667897
0.65735
0.652837
0.717799
0.701563
0.615145
0.595623
0.559349
0.642464
0.73643
0.679916
0.780572
0.64336
0.584513
0.673697
0.59629
0.553151
0.646746
0.577768
0.601777
0.734223
0.660151
0.695645
0.693199
0.74369
0.650402
0.658794
0.675954
0.735373
0.675694
0.672811
0.652707
0.643043
0.710232
0.657929
0.687923
0.680543
0.615467
0.651142
0.587181
0.638835
0.697267
0.567508
0.701983
0.629406
0.727383
0.665653
0.704437
0.591585
0.617663
0.625079
0.705347
0.632183
0.70664
0.749722
0.62749
0.74993
0.585024
0.687994
0.568441
0.68581
0.749851
0.714347
0.590501
0.621943
0.69034
0.661602
0.719525
0.744438
0.63731
0.630364
0.607945
0.610504
0.736365
0.66387
0.648844
0.640773
0.728401
0.600701
0.658691
0.705921
0.747932
0.61571
0.713976
0.71469
0.653038
0.753429
0.688677
0.723932
0.679622
0.684097
0.673366
0.590258
0.765373
0.723201
0.61045
0.672864
0.641122
0.736928
0.681386
0.614802
0.718202
0.630201
0.676549
0.68535
0.580726
0.712887
0.615346
0.726925
0.685599
0.669432
0.570376
0.686528
0.644649
0.677198
0.565858
0.576178
0.70207
0.681157
0.663354
0.703474
0.66655
0.644497
0.701264
0.717668
0.64581
0.639854
0.550683
0.602199
0.618651
0.647267
0.663058
0.637902
0.630217
0.706395
0.764277
0.659329
0.617673
0.619337
0.710119
0.684511
0.644163
0.697456
0.711619
0.767672
0.615968
0.786561
0.654959
0.714841
0.683724
0.688721
0.649824
0.630502
0.716776
0.614307
0.66103
0.734951
0.671928
0.706731
0.726873
0.697257
0.652069
0.712718
0.678888
0.720348
0.577862
0.624369
0.607333
0.668847
0.790283
0.717227
0.684991
0.69597
0.667084
0.67387
0.718688
0.600443
0.62766
0.716374
0.707629
0.65084
0.668327
0.647143
0.664397
0.782796
0.720949
0.64633
0.611511
0.703425
0.710561
0.651727
0.678629
0.683046
0.607531
0.658261
0.629182
0.733531
0.75067
0.616024
0.750321
0.674289
0.584095
0.666428
0.713978
0.600642
0.638928
0.728995
0.581433
0.659313
0.660517
0.710054
0.749698
0.605291
0.610422
0.648357
0.678113
0.593461
0.584313
0.709677
0.687752
0.642196
0.627064
0.705841
0.684659
0.78045
0.70926
0.667349
0.702283
0.614827
0.746565
0.759173
1
1
1
1
1
1
1
1
1
1
1
1
1
1
1
1
1
1
1
1
1
1
1
1
1
1
1
1
1
1
1
1
1
1
1
1
1
1
1
1
1
1
1
1
1
1
1
1
1
1
1
1
1
1
1
1
1
1
1
1
1
1
1
1
1
1
1
1
1
1
1
1
1
1
1
1
1
1
1
1
1
1
1
1
1
1
1
1
1
1
1
1
1
1
1
1
1
1
1
1
1
1
1
1
1
1
1
1
1
1
1
1
1
1
1
1
1
1
1
1
1
1
1
1
1
1
1
1
1
1
1
1
1
1
1
1
1
1
1
1
1
1
1
1
1
1
1
1
1
1
1
1
1
1
1
1
1
1
1
1
1
1
1
1
1
1
1
1
1
1
1
1
1
1
1
1
1
1
1
1
1
1
1
1
1
1
1
1
1
1
1
1
1
1
1
1
1
1
1
1
1
1
1
1
1
1
1
1
1
1
1
1
1
1
1
1
1
1
1
1
1
1
1
1
1
1
1
1
1
1
1
1
1
1
1
1
1
1
1
1
1
1
1
1
1
1
1
1
1
1
1
1
1
1
1
1
1
1
1
1
1
1
1
1
1
1
1
1
1
1
1
1
1
1
1
1
1
1
1
1
1
1
1
1
1
1
1
1
1
1
1
1
1
1
1
1
1
1
1
1
1
1
1
1
1
1
1
1
1
1
1
1
1
1
1
1
1
1
1
1
1
1
1
1
1
1
1
1
1
1
1
1
1
1
1
1
1
1
1
1
1
1
1
1
1
1
1
1
1
1
1
1
1
1
1
1
1
1
1
1
1
1
1
1
1
1
1
1
1
1
1
1
1
1
1
1
1
1
1
1
1
1
1
1
1
1
1
1
1
1
1
1
1
1
1
1
1
1
1
1
1
1
1
1
1
1
1
1
1
1
1
1
1
1
1
1
1
1
1
1
1
1
1
1
1
1
1
1
1
1
1
1
1
1
1
1
1
1
1
1
1
1
1
1
1
1
1
1
1
1
1
1
1
1
1
1
1
1
1
1
1
1
1
1
1
1
1
1
1
1
1
1
1
1
1
1
1
1
1
1
1
1
1
1
1
1
1
1
1
1
1
1
1
1
1
1
1
1
1
1
1
1
1
1
1
1
1
1
1
1
1
1
1
1
1
1
1
1
1
1
1
1
1
1
1
1
1
1
1
1
1
1
1
1
1
1
1
1
1
1
1
1
1
1
1
1
1
1
1
1
1
1
1
1
1
1
1
1
1
1
1
1
1
1
1
1
1
1
1
1
1
1
1
1
1
1
1
1
1
1
1
1
1
1
1
1
1
1
1
1
1
1
1
1
1
1
1
1
1
1
1
1
1
1
1
1
1
1
1
1
1
1
1
1
1
1
1
1
1
1
1
1
1
1
1
1
1
1
1
1
1
1
1
1
1
1
1
1
1
1
1
1
1
1
1
1
1
1
1
1
1
1
1
1
1
1
1
1
1
1
1
1
1
1
1
1
1
1
1
1
1
1
1
1
1
1
1
1
1
1
1
1
1
1
1
1
1
1
1
1
1
1
1
1
1
1
1
1
1
1
1
1
1
1
1
1
1
1
1
1
1
1
1
1
1
1
1
1
1
1
1
1
1
1
1
1
1
1
1
1
1
1
1
1
1
1
1
1
1
1
1
1
1
1
1
1
1
1
1
1
1
1
1
1
1
1
1
1
1
1
1
1
1
1
1
1
1
1
1
1
1
1
1
1
1
1
1
1
1
1
1
1
1
1
1
1
1
1
1
1
1
1
1
1
1
1
1
1
1
1
1
1
1
1
1
1
1
1
1
1
1
1
1
1
1
1
1
1
1
1
1
1
1
1
1
1
1
1
1
1
1
1
1
1
1
1
1
1
1
1
1
1
1
1
1
1
1
1
1
1
1
1
1
1
1
1
1
1
1
1
1
1
1
1
1
1
1
1
1
1
1
1
1
1
1
1
1
1
1
1
1
1
1
1
1
1
1
1
1
1
1
1
1
1
1
1
1
1
1
1
1
1
1
1
1
1
1
1
1
1
1
1
1
1
1
1
1
1
1
1
1
1
1
1
1
1
1
1
1
1
1
1
1
1
1
1
1
1
1
1
1
1
1
1
1
1
1
1
1
1
1
1
1
1
1
1
1
1
1
1
1
1
1
1
1
1
1
1
1
1
1
1
1
1
1
1
1
1
1
1
1
1
1
1
1
1
1
1
1
1
1
1
1
1
1
1
1
1
1
1
0.833924
0.86927
0.884363
0.838766
0.834892
0.803493
0.898796
0.883964
0.917779
0.806216
0.833281
0.819173
0.821012
0.855998
0.887512
0.786008
0.836815
0.863355
0.869247
0.886979
0.90918
0.832404
0.82431
0.808735
0.811239
0.811096
0.847887
0.860918
0.880808
0.809108
0.816686
0.864287
0.823579
0.897301
0.740979
0.892724
0.860623
0.871205
0.885063
0.826852
0.88145
0.838598
0.905752
0.873364
0.885643
0.840163
0.830409
0.781262
0.8697
0.857548
0.836061
0.750642
0.828934
0.789894
0.801126
0.822179
0.82665
0.855815
0.881423
0.816596
0.851154
0.771701
0.886597
0.846965
0.79158
0.898371
0.793478
0.808701
0.907328
0.876725
0.858831
0.893664
0.810098
0.821089
0.853602
0.842171
0.849429
0.834472
0.900923
0.825041
0.861403
0.792485
0.846981
0.808433
0.800468
0.854092
0.82477
0.833157
0.805884
0.848524
0.839741
0.794294
0.7544
0.877363
0.877118
0.911584
0.846222
0.832878
0.859469
0.895556
0.849126
0.856601
0.858186
0.867955
0.855145
0.901864
0.791305
0.807967
0.789895
0.872842
0.847555
0.869708
0.864843
0.890532
0.77692
0.795791
0.886784
0.820621
0.896696
0.843341
0.868263
0.8256
0.864891
0.862424
0.882145
0.810062
0.822594
0.81124
0.850058
0.831358
0.818809
0.835463
0.848537
0.887605
0.827977
0.8644
0.867088
0.846476
0.833538
0.816406
0.863744
0.840863
0.83637
0.832282
0.825463
0.799205
0.876492
0.860148
0.854274
0.861257
0.839305
0.849917
0.864745
0.831703
0.855005
0.913594
0.855033
0.775954
0.813359
0.856306
0.844359
0.860592
0.86247
0.87351
0.828929
0.805139
0.811595
0.888294
0.831715
0.797048
0.866754
0.873958
0.832906
0.775011
0.886875
0.884385
0.821763
0.854237
0.858095
0.834688
0.901045
0.858886
0.857479
0.840237
0.873421
0.848613
0.847903
0.886659
0.8752
0.858604
0.861069
0.811034
0.831711
0.822459
0.802484
0.800586
0.868192
0.847399
0.912612
0.800174
0.887698
0.908339
0.860361
0.874667
0.848951
0.77759
0.787953
0.804151
0.842221
0.895206
0.849096
0.831594
0.780387
0.88361
0.831151
0.887605
0.810518
0.804573
0.777488
0.845566
0.86441
0.792098
0.856259
0.850956
0.871022
0.85514
0.893162
0.837471
0.899308
0.844488
0.889862
0.864041
0.87788
0.770338
0.813132
0.82906
0.839256
0.884316
0.821598
0.8256
0.795856
0.851737
0.839135
0.83174
0.889545
0.864758
0.855072
0.878039
0.85061
0.900713
0.842659
0.883369
0.856612
0.881192
0.788884
0.822988
0.818047
0.846947
0.806143
0.907253
0.838415
0.890806
0.798979
0.871519
0.853797
0.809348
0.825613
0.853319
0.894063
0.817697
0.820248
0.885637
0.898335
0.908023
0.876822
0.837048
0.864307
0.854976
0.766701
0.822918
0.812038
0.797506
0.861683
0.831904
0.840906
0.791027
0.775913
0.82261
0.882903
0.738101
0.845292
0.886913
0.844501
0.834974
0.796469
0.927697
0.853176
0.884236
0.873785
0.869923
0.79973
0.824684
0.890289
0.881168
0.800661
0.838458
0.745518
0.8723
0.874952
0.816018
0.834066
0.871811
0.803258
0.821563
0.812512
0.88957
0.805263
0.871052
0.858376
0.872063
0.78039
0.873934
0.797496
0.799578
0.827768
0.876501
0.885915
0.850305
0.870066
0.870977
0.897255
0.828959
0.857993
0.83757
0.761119
0.884289
0.843161
0.803414
0.811622
0.831635
0.819668
0.826294
0.869011
0.82799
0.791759
0.823626
0.83193
0.842726
0.825089
0.917565
0.848574
0.91968
0.863182
0.885152
0.843897
0.816118
0.783601
0.889272
0.853751
0.757054
0.876155
0.840229
0.881628
0.867294
0.881131
0.918711
0.817145
0.778174
0.849166
0.868071
0.794245
0.889484
0.826238
0.839584
0.84333
0.865736
0.86989
0.815145
0.874734
0.841168
0.858924
0.815205
0.836154
0.864759
0.8416
0.879515
0.831596
0.86151
0.791191
0.859573
0.871384
0.791187
0.861126
0.872831
0.86182
0.832033
0.892212
0.856653
0.781865
0.789146
0.841835
0.882581
0.812787
0.801891
0.8881
0.871318
0.79647
0.785365
0.832022
0.884872
0.849204
0.83857
0.811263
0.870591
0.818989
0.794482
0.839229
0.790524
0.889103
0.861738
0.87099
0.872871
0.759346
0.900861
0.881008
0.799909
0.907036
0.893944
0.814843
0.722553
0.895503
0.921982
0.857669
0.840802
0.83147
0.774167
0.864261
0.824434
0.817446
0.843198
0.852073
0.80541
0.83694
0.819317
0.865137
0.822168
0.819154
0.878172
0.832668
0.820435
0.862742
0.815639
0.836871
0.836412
0.888047
0.821787
0.795194
0.847539
0.933916
0.907412
0.851656
0.855593
0.842057
0.819454
0.85284
0.796721
0.797749
0.880196
0.849592
0.843927
0.909087
0.913854
0.89535
0.889493
0.833355
0.831889
0.831094
0.793435
0.863392
0.878856
0.885779
0.82699
0.809845
0.873399
0.801439
0.82007
0.816341
0.857408
0.816233
0.849847
0.83079
0.858562
0.91638
0.858724
0.815866
0.790575
0.798343
0.852091
0.826137
0.797292
0.932431
0.845158
0.83112
0.874977
0.756804
0.806383
0.874452
0.843368
0.877375
0.856956
0.888066
0.852876
0.81285
0.832137
0.757734
0.87172
0.882276
0.831312
0.791244
0.802237
0.742234
0.817257
0.864978
0.82197
0.834938
0.891504
0.890996
0.873974
0.76942
0.849341
0.89973
0.860626
0.884904
0.877587
0.843353
0.836993
0.894776
0.764973
0.876128
0.867014
0.856481
0.838343
0.88216
0.852704
0.886932
0.880682
0.834611
0.855291
0.858081
0.829514
0.883602
0.835774
0.843847
0.791328
0.870864
0.792924
0.806505
0.809484
0.823714
0.935896
0.77863
0.815126
0.888538
0.809773
0.827799
0.784966
0.938767
0.843865
0.80522
0.84726
0.81979
0.937314
0.837103
0.870706
0.835183
0.945448
0.830682
0.834737
0.867231
0.922638
0.871554
0.800415
0.877259
0.811601
0.896323
0.854638
0.868737
0.806172
0.870841
0.890809
0.83201
0.837378
0.84202
0.891427
0.789694
0.832019
0.834613
0.90212
0.776807
0.857166
0.897891
0.849489
0.816298
0.814462
0.808808
0.89268
0.83785
0.781759
0.853016
0.88785
0.912065
0.846495
0.836373
0.833605
0.887992
0.824258
0.839929
0.792974
0.822945
0.854025
0.866582
0.823701
0.856916
0.788653
0.838154
0.881043
0.886669
0.879285
0.855239
0.860351
0.846207
0.829851
0.814826
0.869327
0.848114
0.835354
0.82908
0.897698
0.823235
0.852736
0.868451
0.872864
0.861877
0.781432
0.828668
0.858799
0.804367
0.824772
0.850103
0.843657
0.861544
0.822735
0.834305
0.785916
0.924423
0.797242
0.818625
0.85655
0.87733
0.845598
0.851773
0.815471
0.895972
0.840274
0.805479
0.849931
0.842854
0.896168
0.822767
0.780326
0.800318
0.88231
0.868657
0.855928
0.916026
0.820376
0.852961
0.850629
0.864248
0.858284
0.825892
0.797534
0.822821
0.866095
0.835048
0.808406
0.787948
0.866438
0.778574
0.843048
0.881873
0.799355
0.820933
0.790282
0.90645
0.787401
0.832816
0.781971
0.756948
0.798946
0.734195
0.87778
0.872408
0.847203
0.830772
0.792449
0.865181
0.899134
0.829241
0.897949
0.843298
0.887877
0.855181
0.924562
0.881458
0.791852
0.875495
0.812957
0.863747
0.795378
0.876646
0.80333
0.890287
0.829662
0.882303
0.815179
0.810306
0.856124
0.924618
0.884629
0.822301
0.884138
0.82019
0.724312
0.847224
0.847531
0.851857
0.823007
0.812302
0.790521
0.836796
0.787808
0.820718
0.897854
0.849569
0.764438
0.769278
0.89111
0.857677
0.810489
0.814875
0.838864
0.85058
0.861404
0.916344
0.882478
0.833713
0.866222
0.759335
0.84904
0.827691
0.886481
0.877522
0.825191
0.921001
0.841691
0.888776
0.856649
0.733516
0.738409
0.849135
0.821758
0.878875
0.840462
0.801265
0.825829
0.827053
0.896798
0.835676
0.890081
0.872203
0.819873
0.852842
0.860036
0.834985
0.833207
0.856641
0.805681
0.890544
0.870276
0.874951
0.86292
0.877645
0.877425
0.827135
0.845583
0.849938
0.843319
0.890765
0.815499
0.795663
0.789399
0.880324
0.916092
0.851097
0.81513
0.864288
0.848761
0.776063
0.859714
0.803272
0.809062
0.86976
0.87522
0.867502
0.875836
0.802858
0.83463
0.807232
0.848898
0.841094
0.860152
0.886183
0.863175
0.78439
0.865847
0.848328
0.855619
0.820307
0.898255
0.846997
0.856876
0.787542
0.875016
0.878247
0.830225
0.88313
0.90971
0.822242
0.870968
0.842488
0.730181
0.869155
0.909995
0.810062
0.826752
0.847335
0.803326
0.873185
0.826069
0.883283
0.849618
0.877296
0.852993
0.843534
0.867884
0.822267
0.872339
0.781044
0.771799
0.918969
0.803086
0.877911
0.7778
0.848724
0.893921
0.824241
0.810337
0.848251
0.805969
0.886713
0.829654
0.782564
0.800118
0.777783
0.883074
0.857234
0.8484
0.890433
0.87248
0.859824
0.829402
0.829475
0.807064
0.86854
0.855971
0.864658
0.822942
0.831932
0.897707
0.833578
0.845923
0.880899
0.901331
0.82032
0.865997
0.834976
0.840174
0.786956
0.832033
0.847254
0.869202
0.867979
0.83851
0.848723
0.876103
0.877955
0.820652
0.870259
0.86229
0.785231
0.793078
0.848461
0.833685
0.770714
0.885054
0.80047
0.850397
0.878067
0.856375
0.889188
0.880147
0.803211
0.841635
0.783787
0.871605
0.876621
0.858139
0.874345
0.856639
0.860997
0.880602
0.930138
0.897785
0.88654
0.756133
0.813266
0.919984
0.881052
0.858099
0.883669
0.886749
0.847295
0.860044
0.886741
0.757822
0.792379
0.81302
0.91414
0.880476
0.826724
0.820045
0.807487
0.858945
0.896023
0.824139
0.792202
0.899517
0.848089
0.856777
0.844041
0.90793
0.810069
0.834032
0.845472
0.81191
0.837714
0.823052
0.912671
0.78912
0.887027
0.878694
0.959669
0.852743
0.888412
0.888238
0.796949
0.846811
0.845054
0.810342
0.842204
0.852526
0.827401
0.881244
0.88175
0.883474
0.871174
0.890427
0.884862
0.868675
0.849485
0.879241
0.84141
0.910024
0.817885
0.872771
0.933177
0.814807
0.859615
0.901942
