1
0.675998
0.590294
0.816149
0.755935
0.767822
0.508586
1
0.700601
0.778095
0.68912
1
1
0.709092
1
0.525624
0.863476
1
1
0.462641
1
1
0.724745
1
1
0.871488
1
0.719058
1
0.77199
0.738225
1
0.483406
0.681716
0.710023
1
0.809067
0.493992
0.570736
0.792728
1
0.624277
1
0.639322
0.90888
0.745922
1
1
1
1
0.849665
0.908164
1
1
0.772664
0.619111
0.589387
0.663798
0.777732
0.765057
0.78812
1
0.642812
0.893315
1
1
0.916342
0.64694
0.96391
0.673185
0.883935
1
0.4771
0.636466
1
1
0.749017
0.526517
0.625328
0.586665
1
1
0.735969
1
0.634386
0.908918
0.758459
0.814148
0.660236
0.547203
1
1
1
0.6133
1
0.664953
1
1
0.700892
0.694434
0.855114
0.854661
0.626252
0.839149
0.795253
0.805617
0.430782
0.755313
0.556919
0.89077
0.840385
0.847401
0.577719
0.874597
0.85666
0.472447
0.737785
0.761438
0.864185
0.413023
0.795842
0.788734
0.485958
0.883849
0.823586
0.783001
0.799084
0.377413
0.861111
0.454699
0.624775
0.870723
0.450885
0.859525
0.539002
0.794068
0.728788
0.410305
0.487206
0.935391
0.894428
0.479097
0.714071
0.820281
0.649759
0.606331
0.603237
0.809731
0.907404
0.875134
0.833617
0.789176
0.798528
0.74099
0.582459
0.42262
0.426502
0.678548
0.798835
0.614786
0.685263
0.788096
0.486715
0.776292
0.578769
0.767811
0.549631
0.510531
0.826867
0.513018
0.637128
0.800869
0.528703
0.401882
0.757042
0.817528
0.645262
0.560048
0.848591
0.672927
0.85261
0.897056
0.499756
0.725639
0.61755
0.77974
0.57791
0.775089
0.488887
0.345375
0.832517
0.812809
0.600083
0.66934
0.764614
0.592116
0.811498
0.856249
0.541281
0.546603
1
0.68675
0.442753
0.799559
0.643979
0.767822
0.508153
1
0.623129
0.709545
0.52899
1
1
0.709092
1
0.461318
0.858117
1
1
0.484909
1
1
0.679359
1
1
0.828302
1
0.435843
1
0.788348
0.726829
1
0.480035
0.652024
0.710023
1
0.809067
0.505485
0.561481
0.792728
1
0.624277
1
0.548161
0.900858
0.745922
1
1
1
1
0.720347
0.925402
1
1
0.766923
0.543001
0.589387
0.587198
0.777732
0.765057
0.755381
1
0.473733
0.893315
1
1
0.916342
0.401267
0.945837
0.673185
0.791157
1
0.531424
0.539914
1
1
0.749017
0.526517
0.54912
0.675723
1
1
0.433266
1
0.634386
0.908918
0.743264
0.741729
0.660236
0.398393
1
1
1
0.662777
1
0.641061
1
1
0.596442
0.541814
0.882255
0.563903
0.491308
0.68428
0.61034
0.593889
0.409358
0.922176
0.617602
0.672214
0.559388
0.886783
0.870278
0.570603
0.975468
0.43576
0.696941
0.805254
0.922138
0.477854
0.886448
0.877123
0.607879
0.962488
0.914742
0.685956
0.900126
0.415265
0.872881
0.674961
0.65238
0.900701
0.468064
0.583639
0.574321
0.842003
0.674407
0.430816
0.496161
0.770486
0.9766
0.547059
0.916739
0.486075
0.772076
0.575216
0.782835
0.930893
0.973001
0.937591
0.721495
0.791362
0.921461
0.848992
0.763047
0.433992
0.488421
0.552766
0.647291
0.697171
0.719271
0.985551
0.539187
0.751327
0.875699
0.877272
0.720793
0.523939
0.811385
0.561167
0.54571
0.885147
0.565985
0.485092
0.782045
0.809612
0.584584
0.496083
0.489328
0.692011
0.901455
0.923724
0.593925
0.975632
0.556976
0.78476
0.633487
0.66422
0.591924
0.392662
0.925872
0.841543
0.810199
0.648868
0.882666
0.564049
0.860136
0.960726
0.586554
0.552996
