0.967532
0.992662
1
1
0.99587
0.990845
0.992764
0.979546
0.995583
0.985151
0.98352
0.995847
0.996488
0.995243
0.996267
0.994072
0.9952
0.973471
0.99587
0.99626
0.990766
0.988332
0.996184
1
0.981693
0.994688
0.990677
0.989406
0.989443
0.993296
0.994894
0.995897
0.980982
0.993046
0.973918
1
0.990793
1
1
0.995793
1
0.995809
0.992155
0.989603
0.987582
0.9927
0.989432
0.995713
0.996519
0.994394
0.993711
0.997863
0.995028
0.995693
0.987838
0.988173
0.986788
0.996677
0.975797
0.997038
0.984945
0.996119
0.993338
0.990189
0.992825
0.995081
0.993801
0.966378
0.994832
0.993282
0.997455
0.983759
0.992233
0.990824
0.984298
0.983373
0.981614
0.992814
0.991858
0.991945
0.996079
0.996713
0.99547
0.988881
0.985647
0.999288
0.99759
0.984222
0.987562
0.992708
0.978071
0.994205
0.964731
0.989734
0.988679
0.997108
0.988905
0.985936
0.967585
0.991078
0.750779
0.416415
0.447321
0.675724
0.457995
0.610196
0.390201
0.640606
0.403161
0.576356
0.611156
0.497663
0.5506
0.517744
0.592317
0.469277
0.497687
0.707005
0.506
0.593343
0.51133
0.420196
0.54197
0.664376
0.505384
0.487335
0.526933
0.566174
0.656401
0.637742
0.745425
0.540435
0.54969
0.551995
0.526493
0.539949
0.538435
0.517397
0.49098
0.543191
0.515944
0.457345
0.432817
0.43268
0.482915
0.521751
0.633825
0.449349
0.486983
0.642217
0.522062
0.487339
0.487214
0.525236
0.400924
0.632244
0.610427
0.568483
0.567597
0.505179
0.534796
0.567484
0.523135
0.555234
0.498996
0.480281
0.480479
0.488825
0.5523
0.48183
0.417173
0.51947
0.427039
0.563593
0.524776
0.578786
0.576504
0.432266
0.571199
0.443238
0.478557
0.481202
0.391098
0.599038
0.588117
0.39419
0.477758
0.522728
0.406147
0.595575
0.602713
0.446988
0.736788
0.626247
0.559561
0.518169
0.586173
0.600905
0.52522
0.482599
0.920149
0.66373
1
1
0.535287
0.724934
0.517838
0.714037
0.509672
0.662586
0.579118
0.587471
0.650749
0.608494
0.677106
0.687443
0.597911
0.802358
0.567334
0.911627
0.535341
0.72096
0.576567
1
0.538812
0.555152
0.541169
0.60236
0.691396
0.633905
0.79996
0.593535
0.559134
0.63807
0.635297
1
0.57314
1
1
0.700749
1
0.604569
0.517377
0.530183
0.570981
0.595678
0.712966
0.549835
0.549158
0.848144
0.610647
0.581373
0.554113
0.79707
0.533073
0.640883
0.615264
0.811093
0.656661
0.581892
0.586848
0.833965
0.683278
0.631991
1.02078
0.502504
0.55898
0.601711
0.840376
0.589181
0.549096
0.570655
0.524892
0.713706
0.559932
0.7302
0.973506
0.48204
0.579917
0.579141
0.549163
0.617416
0.525695
0.660945
0.786894
0.973958
0.855815
0.634792
0.549466
0.736551
0.717248
0.591406
0.726676
0.768278
0.74806
0.934458
0.681719
0.665559
0.668923
0.591045
0.783713
0.429101
0.653397
0.685038
0.53064
0.673114
0.46245
0.771419
0.516198
1
0.695887
0.541087
0.607944
0.549469
0.598798
0.602802
0.679178
0.775393
0.662258
0.680813
0.631728
0.481672
0.635236
0.738572
0.532926
0.583966
0.728548
0.652365
0.736192
0.779902
0.855154
0.643703
0.602995
0.806638
0.583344
0.568841
0.658734
0.548197
0.794607
0.676206
0.545336
0.462946
0.512068
0.462039
0.524796
0.565923
0.896552
0.539397
0.5104
0.68847
0.633276
0.687447
0.593088
0.571803
0.793473
0.630945
0.633636
0.673464
0.684153
0.599947
0.619041
0.592658
0.650392
0.590217
0.525024
0.507365
0.55105
0.474996
0.595635
0.612724
0.457521
0.554942
0.818682
0.590717
0.574688
0.563063
0.663129
0.646077
0.764965
0.783525
0.633
0.509876
0.699176
0.631551
0.613796
0.397374
0.498397
0.718014
0.66782
0.734159
0.640167
0.46845
0.734931
0.668361
0.584433
0.523563
0.74849
0.901103
0.563171
0.573396
