1
1
1
1
1
1
1
1
1
1
1
1
1
0.911876
1
0.751415
1
1
1
1
0.777712
1
1
1
1
1
1
1
1
1
1
1
1
1
1
1
1
1
1
1
1
1
1
1
1
0.714347
1
1
0.693653
1
0.822732
0.646697
1
1
1
1
0.751099
1
0.642424
1
1
1
1
0.679043
1
1
1
1
1
1
1
0.748245
1
0.902839
0.845235
1
1
1
1
1
0.789216
1
1
1
1
1
1
0.845834
0.831574
1
1
1
1
0.774982
0.896423
1
1
1
1
1
0.847257
1
1
1
1
1
1
1
1
1
1
1
1
0.961502
1
0.893513
1
1
1
0.813011
1
0.697896
1
1
1
0.806986
1
1
1
1
1
0.700562
1
1
1
1
0.745484
0.607542
1
1
1
0.704253
1
0.814873
1
1
1
1
1
0.842623
1
0.937828
0.752972
0.588969
1
1
1
0.788206
1
1
1
1
1
0.716043
1
1
1
1
0.882589
1
1
1
1
0.81915
1
1
0.728568
1
1
1
1
1
1
0.745961
1
1
0.76149
1
1
1
0.872024
1
1
0.850344
1
1
1
1
0.797422
1
1
1
1
0.959642
1
1
1
1
1
1
1
1
0.945722
1
1
1
1
1
1
0.607316
1
1
1
0.693359
1
1
1
1
1
1
0.88784
1
1
1
0.898209
0.712812
0.798014
1
1
1
1
1
1
1
1
1
1
0.770962
0.844829
1
1
1
1
1
1
1
1
1
1
1
1
1
1
1
1
0.79884
1
1
1
1
1
1
1
1
1
1
1
1
0.94373
1
1
0.795665
1
0.807482
1
0.845251
1
0.918587
1
1
1
1
1
1
1
1
1
1
1
1
1
1
1
1
1
1
1
1
1
1
1
1
0.834572
1
1
1
1
1
1
1
0.829181
1
1
1
1
1
1
1
1
0.831995
0.662813
0.786489
1
1
1
1
0.775547
1
0.88832
0.758519
1
0.752143
1
0.758886
1
0.652324
1
0.781166
1
1
1
1
1
1
0.831679
1
1
1
1
1
0.822057
1
1
1
0.759725
1
1
0.728719
1
1
1
0.717513
0.908302
1
0.990415
1
1
1
0.891683
1
1
1
1
1
0.737087
1
1
1
1
1
1
1
1
1
1
0.813342
0.733868
0.699629
0.778585
1
1
1
1
1
1
1
1
1
1
1
0.923597
1
1
1
1
0.68654
1
1
1
1
1
1
0.745213
1
0.868077
1
1
1
1
0.92129
1
0.995283
1
1
1
1
1
1
1
1
1
1
1
1
1
1
1
1
0.804435
1
1
1
0.75934
1
0.724798
1
0.712111
1
0.865103
1
1
1
1
1
1
1
1
0.686742
1
1
1
1
1
1
0.736606
1
1
1
1
1
1
1
1
1
1
1
1
1
1
0.824826
1
1
1
1
1
1
1
1
1
1
0.79345
1
0.781135
1
1
1
1
1
1
1
1
1
0.797025
1
1
0.647168
1
1
1
1
1
1
1
1
1
1
1
1
1
0.794339
0.760599
1
1
0.728014
1
1
1
1
1
1
1
1
1
1
1
1
1
0.756662
0.748125
1
1
1
1
1
1
1
1
1
0.945151
0.801776
1
1
1
1
1
1
0.671687
1
1
1
1
1
1
1
1
1
1
1
0.688573
1
1
1
1
1
1
1
1
1
1
1
1
1
1
1
1
0.761336
1
1
1
1
0.671707
1
1
1
1
1
0.75384
1
1
1
1
1
0.930655
1
1
0.941902
1
1
1
1
1
1
1
1
1
1
0.664438
1
1
1
1
1
1
1
1
1
0.672931
1
1
1
1
1
1
1
0.724253
1
1
1
0.87464
0.755182
1
1
1
0.784069
1
1
1
1
1
0.937823
1
0.907191
1
1
1
1
1
1
1
0.707381
1
1
1
1
0.960245
1
1
1
1
1
0.728652
1
1
1
1
0.83371
0.777958
1
1
0.775596
1
1
0.913718
1
0.901385
1
1
1
1
1
1
1
1
1
1
1
1
1
1
1
0.896927
1
1
1
1
1
1
1
1
1
1
1
1
1
0.832116
0.72868
1
1
1
1
0.813775
1
0.671873
1
1
1
1
1
1
1
1
1
0.967998
1
1
1
0.721922
1
1
1
1
0.858472
0.876206
1
1
0.755486
1
1
1
1
1
1
0.851846
1
1
1
1
0.903283
1
1
0.653491
1
1
1
1
1
1
1
1
1
1
1
1
1
1
1
1
0.827046
1
1
1
0.868516
1
1
1
1
1
1
1
1
1
1
1
1
1
1
1
1
0.860467
0.823652
1
1
1
0.778095
1
1
1
1
0.641862
1
1
1
0.833944
1
1
1
0.965533
1
1
1
1
1
1
1
1
1
1
1
1
1
1
1
1
1
1
1
1
1
0.876977
1
1
1
0.874086
0.921033
1
1
1
1
1
1
1
0.73539
1
0.720604
1
1
0.768366
1
1
1
0.679724
1
1
1
0.774093
1
1
1
1
1
1
1
0.858048
1
1
1
1
1
1
1
0.796679
1
1
1
1
1
1
1
0.73752
1
1
1
1
0.749179
1
0.698468
1
1
1
1
1
1
1
1
1
1
1
1
1
1
1
1
0.758778
1
1
1
1
1
1
1
1
1
1
1
0.828783
1
1
1
1
1
0.924785
1
1
1
1
1
1
1
1
0.70877
1
1
1
0.693207
1
1
1
0.86005
0.79048
1
1
1
1
1
1
0.827905
1
1
1
1
1
1
1
1
1
0.767337
1
0.839151
1
0.684556
0.73648
0.77631
1
1
0.717511
1
1
0.84388
1
1
1
1
1
1
1
1
0.835212
1
1
1
0.800155
0.869567
0.817868
0.692885
0.673389
0.745253
0.782676
0.761257
0.819685
0.79844
0.576304
0.733037
0.715258
0.889032
0.827034
0.70759
0.881907
0.692152
0.74476
0.902351
0.772068
0.648252
0.721525
0.674016
0.894417
0.762483
0.899951
0.818582
0.623241
0.737711
0.656335
0.761541
0.886859
0.807743
0.837082
0.711571
0.796198
0.802133
0.680102
0.848679
0.85266
0.726588
0.578126
0.812221
0.793535
0.488338
0.775041
0.802138
0.81734
0.756019
0.700521
0.836868
0.744895
0.778498
0.656813
0.71293
0.572007
0.833929
0.480452
0.797386
0.814228
0.83451
0.883972
0.521963
0.893309
0.766076
0.630109
0.707944
0.803514
0.617786
0.754127
0.726745
0.744969
0.727687
0.590878
0.925975
0.729927
0.765678
0.671033
0.663807
0.732623
0.805557
0.789529
0.731349
0.802407
0.68926
0.818475
0.646222
0.591233
0.746918
0.837239
0.72316
0.824694
0.587389
0.73613
0.780478
0.574565
0.892376
0.76906
0.831509
0.79857
0.584391
0.688824
0.897258
0.760492
0.711377
0.850718
0.722515
0.672332
0.705568
0.835964
0.67721
0.72138
0.62991
0.542175
0.584045
0.638314
0.712442
0.845007
0.629568
0.798721
0.46209
0.869921
0.68764
0.859817
0.780462
0.921137
0.85642
0.671131
0.908763
0.846775
0.542535
0.938713
0.702807
0.762546
0.798086
0.486094
0.541859
0.850038
0.604345
0.795426
0.928355
0.778298
0.638802
0.532064
0.788309
0.78663
0.735479
0.798901
0.612656
0.849871
0.942894
0.842746
0.90758
0.732044
0.699171
0.84396
0.729221
0.750385
0.677087
0.679402
0.652495
0.718813
0.584941
0.811639
0.708737
0.858115
0.691346
0.750985
0.654224
0.750606
0.579532
0.926304
0.694953
0.78926
0.721935
0.495991
0.69214
0.762762
0.7121
0.801622
0.742789
0.75171
0.691947
0.803465
0.75314
0.792654
0.681797
0.690776
0.732211
0.768022
0.614616
0.892184
0.829212
0.733069
0.86618
0.626543
0.812763
0.65785
0.622785
0.922064
0.835948
0.79198
0.754079
0.596172
0.73101
0.703334
0.769657
0.583521
0.849364
0.895887
0.803028
0.634419
0.644279
0.799017
0.730761
0.904853
0.625518
0.840198
0.47153
0.774119
0.809084
0.817066
0.815389
0.669066
0.74642
0.826566
0.864656
0.856926
0.849803
0.630959
0.773713
0.848176
0.685085
0.772143
0.597112
0.69148
0.84198
0.875128
0.842214
0.802766
0.916877
0.902712
0.776699
0.847447
0.651196
0.713354
0.670506
0.705157
0.784448
0.600235
0.818756
0.655369
0.665722
0.64883
0.881488
0.545771
0.832032
0.745658
0.806368
0.71726
0.455781
0.74386
0.687745
0.893974
0.659343
0.764637
0.790983
0.733982
0.832239
0.67573
0.882158
0.745481
0.831031
0.702374
0.843582
0.819527
0.830761
0.695921
0.66701
0.902815
0.646845
0.642813
0.76296
0.858945
0.700748
0.717612
0.582511
0.857416
0.845543
0.85365
0.702836
0.793485
0.558929
0.81451
0.853076
0.734106
0.874264
0.619573
0.769189
0.793252
0.747166
0.869866
0.506481
0.818965
0.784099
0.738155
0.802686
0.665725
0.892414
0.753989
0.81248
0.768823
0.754606
0.626339
0.706598
0.67864
0.831086
0.709147
0.722822
0.742617
0.7337
0.815002
0.673228
0.743399
0.714814
0.788044
0.844653
0.559785
0.78518
0.578801
0.78089
0.909289
0.901656
0.711008
0.628758
0.633392
0.836594
0.887617
0.59458
0.798995
0.533746
0.860855
0.748927
0.782706
0.868045
0.898404
0.718841
0.800722
0.665633
0.784321
0.853823
0.761676
0.729695
0.725656
0.799103
0.6681
0.763612
0.836504
0.822659
0.643382
0.828474
0.798245
0.645507
0.600475
0.801562
0.764116
0.754765
0.787004
0.784041
0.739193
0.646296
0.838502
0.725269
0.708262
0.713389
0.702721
0.817758
0.821663
0.896515
0.675905
0.729687
0.784243
0.793243
0.570996
0.616875
0.854664
0.704496
0.666848
0.670508
0.680047
0.73282
0.688804
0.865213
0.731077
0.754094
0.659225
0.539128
0.631219
0.793626
0.828959
0.860699
0.798791
0.784678
0.805524
0.832682
0.653809
0.578733
0.737751
0.790537
0.749335
0.650322
0.845661
0.604819
0.736823
0.607854
0.738479
0.658319
0.769179
0.799637
0.742926
0.66394
0.439924
0.863876
0.728431
0.789389
0.759569
0.763268
0.627169
0.764777
0.632798
0.790412
0.811396
0.775774
0.724806
0.865171
0.690629
0.751221
0.711295
0.698927
0.656765
0.675459
0.785308
0.752418
0.919149
0.807692
0.674926
0.748977
0.536446
0.691163
0.766002
0.762495
0.829355
0.733101
0.546924
0.795289
0.504303
0.724524
0.775515
0.659717
0.711626
0.559841
0.720058
0.865436
0.726901
0.881864
0.894227
0.520017
0.684613
0.862009
0.612511
0.762326
0.780017
0.865207
0.417157
0.653787
0.709753
0.603711
0.785317
0.730453
0.6425
0.659755
0.888727
0.660384
0.637458
0.759581
0.704202
0.719224
0.913386
0.644546
0.808858
0.773653
0.743752
0.785412
0.679982
0.823731
0.714967
0.744642
0.810346
0.864886
0.510473
0.782899
0.701536
0.618787
0.852489
0.765643
0.772834
0.777847
0.839589
0.748576
0.795433
0.74818
0.927088
0.805237
0.663989
0.485716
0.663435
0.742474
0.799294
0.858236
0.835146
0.769446
0.843257
0.510427
0.785572
0.713834
0.775095
0.863572
0.881509
0.657014
0.659329
0.894742
0.688966
0.933808
0.545624
0.829964
0.781546
0.876271
0.844748
0.743183
0.848923
0.71842
0.717288
0.712629
0.730516
0.884655
0.793673
0.58924
0.832371
0.853818
0.791763
0.7474
0.717994
0.709403
0.850174
0.762759
0.73378
0.834206
0.567085
0.687523
0.71184
0.688732
0.758603
0.843315
0.714704
0.893481
0.680303
0.744757
0.769753
0.599437
0.894425
0.7497
0.650455
0.761696
0.621464
0.954942
0.852929
0.909765
0.82155
0.65947
0.736337
0.742201
0.880656
0.774598
0.638285
0.780076
0.82102
0.895967
0.782654
0.904188
0.712927
0.74984
0.748454
0.806886
0.843944
0.843956
0.575844
0.660882
0.713949
0.911137
0.456064
0.720463
0.802699
0.788255
0.85035
0.758203
0.595897
0.692285
0.71066
0.767571
0.812436
0.858211
0.749278
0.858319
0.808301
0.874724
0.772601
0.844808
0.802007
0.681809
0.817294
0.870135
0.68796
0.71125
0.725132
0.624928
0.870935
0.774691
0.717854
0.740164
0.627423
0.837959
0.898376
0.755105
0.654548
0.912832
0.797477
0.947448
0.799347
0.650617
0.731893
0.861787
0.654167
0.64127
0.634456
0.731787
0.803098
0.834375
0.732981
0.631185
0.809476
0.72375
0.626493
0.732905
0.858352
0.843343
0.734401
0.769747
0.721368
0.711967
0.800671
0.623967
0.771922
0.893061
0.834096
0.717952
0.752707
0.551423
0.801649
0.517527
0.742767
0.76319
0.853633
0.800078
0.859824
0.838106
0.750753
0.665797
0.766379
0.784722
0.779654
0.801484
0.727359
0.789556
0.739866
0.519062
0.890117
0.704666
0.844371
0.80746
0.693178
0.741697
0.813926
0.646118
0.947478
0.621125
0.859607
0.879723
0.790906
0.884074
0.706293
0.721009
0.807902
0.638277
0.754928
0.765826
0.704234
0.833074
0.693828
0.775045
0.848248
0.815904
0.500934
0.731616
0.714204
0.739479
0.629801
0.774719
0.768865
0.721977
0.844097
0.812994
0.644429
0.810991
0.86159
0.61158
0.762638
0.714557
0.755701
0.762905
0.800629
0.871197
0.528836
0.85531
0.812504
0.671598
0.782345
0.801754
0.657348
0.816849
0.66062
0.81995
0.824247
0.777344
0.774239
0.758137
0.502448
0.834507
0.780097
0.767002
0.786776
0.835191
0.683552
0.732776
0.751755
0.778232
0.579811
0.704142
0.744154
0.739093
0.457614
0.760053
0.757814
0.660095
0.787861
0.736237
0.721774
0.753624
0.765252
0.67421
0.585634
0.617498
0.725533
0.691239
0.692004
0.728801
0.874433
0.765824
0.685417
0.788083
0.947301
0.773052
0.723173
0.786075
0.755207
0.666302
0.777983
0.649369
0.794767
0.71748
0.676531
0.720816
0.645921
0.764677
0.890475
0.595222
0.649206
0.907875
0.906724
0.654591
0.842239
0.7514
0.605087
0.792646
0.846361
0.72961
0.710058
0.77929
0.479864
0.895589
0.712465
0.735642
0.635059
0.777734
0.839713
0.740167
0.811161
0.821311
0.414562
0.728782
0.621094
0.748109
0.677384
0.769331
0.795063
0.611354
0.705715
0.811028
0.718602
0.614267
0.732723
0.921524
0.769691
0.604709
0.813213
0.7484
0.756166
0.80882
0.628179
0.862608
0.759032
0.659235
0.738359
0.754061
0.597403
0.889457
0.862223
0.706254
0.620009
0.850749
0.637035
0.782652
0.871855
0.745239
0.881045
0.850525
0.737053
0.708949
0.7276
0.706808
0.809651
0.788401
0.718636
0.480161
0.696629
0.617517
0.607775
0.71736
0.662136
0.798143
0.792888
0.83936
0.91575
0.880063
0.793793
0.822179
0.641168
0.674131
0.507785
0.776076
0.556359
0.841106
0.673116
0.799979
0.892419
0.775094
0.791541
0.761724
0.637336
0.785944
0.485092
0.782555
0.626724
0.934943
0.738179
0.841828
0.772405
0.84045
0.560656
0.731669
0.904907
0.638819
0.796282
0.534673
0.843472
0.859153
0.907871
0.696486
0.87544
0.52786
0.609739
0.780426
0.790078
0.699093
0.777884
0.725351
0.641953
0.746092
0.839128
0.657452
0.759003
0.794705
0.512392
0.709981
0.890786
0.68102
0.763209
0.809289
0.834058
0.681524
0.699294
0.754662
0.708146
0.450451
0.703249
0.624327
0.826863
0.684552
0.844415
0.813463
0.661373
0.63343
0.878379
0.757096
0.8659
0.624587
0.804887
0.680601
0.87988
0.602903
0.779907
0.713972
0.761395
0.721844
0.752073
0.572048
0.890769
0.557332
0.83443
0.580979
0.726828
0.655286
0.821401
0.830981
0.844034
0.818577
0.77228
0.829637
0.79307
0.857088
0.699078
0.833212
0.739306
0.796125
0.860977
0.600342
0.76794
0.658993
0.871061
0.92061
0.835866
0.872405
0.676603
0.589916
0.562005
0.751336
0.836496
0.911225
0.740585
0.606913
0.739836
0.735976
0.724089
0.693666
0.643918
0.687596
0.741483
0.890536
0.679633
0.744395
1
1
1
1
1
1
1
1
1
1
1
1
1
0.8856
1
0.626271
1
1
1
1
0.699622
1
1
1
1
1
1
1
1
1
1
1
1
1
1
1
1
1
1
1
1
1
1
1
1
0.416532
1
1
0.643901
1
0.798788
0.567581
1
1
1
1
0.726996
1
0.635949
1
1
1
1
0.676064
1
1
1
1
1
1
1
0.688228
1
0.902839
0.763188
1
1
1
1
1
0.690721
1
1
1
1
1
1
0.7697
0.78747
1
1
1
1
0.609204
0.846143
1
1
1
1
1
0.774338
1
1
1
1
1
1
1
1
1
1
1
1
0.961502
1
0.869244
1
1
1
0.752035
1
0.499225
1
1
1
0.559886
1
1
1
1
1
0.60934
1
1
1
1
0.625652
0.618314
1
1
1
0.686985
1
0.709608
1
1
1
1
1
0.842623
1
0.903983
0.721751
0.542081
1
1
1
0.600835
1
1
1
1
1
0.695416
1
1
1
1
0.889296
1
1
1
1
0.702505
1
1
0.695202
1
1
1
1
1
1
0.737733
1
1
0.644316
1
1
1
0.957351
1
1
0.860285
1
1
1
1
0.914754
1
1
1
1
0.757338
1
1
1
1
1
1
1
1
0.65376
1
1
1
1
1
1
0.533588
1
1
1
0.624878
1
1
1
1
1
1
0.793926
1
1
1
0.892202
0.59237
0.798527
1
1
1
1
1
1
1
1
1
1
0.465887
0.776449
1
1
1
1
1
1
1
1
1
1
1
1
1
1
1
1
0.793195
1
1
1
1
1
1
1
1
1
1
1
1
0.722354
1
1
0.790365
1
0.776192
1
0.713587
1
0.854748
1
1
1
1
1
1
1
1
1
1
1
1
1
1
1
1
1
1
1
1
1
1
1
1
0.648739
1
1
1
1
1
1
1
0.544612
1
1
1
1
1
1
1
1
0.555801
0.559792
0.724395
1
1
1
1
0.767373
1
0.88832
0.736162
1
0.669759
1
0.744116
1
0.495261
1
0.743466
1
1
1
1
1
1
0.80624
1
1
1
1
1
0.798737
1
1
1
0.73337
1
1
0.723453
1
1
1
0.717513
0.803421
1
0.950191
1
1
1
0.846636
1
1
1
1
1
0.729066
1
1
1
1
1
1
1
1
1
1
0.813342
0.733868
0.51363
0.786254
1
1
1
1
1
1
1
1
1
1
1
0.879961
1
1
1
1
0.685405
1
1
1
1
1
1
0.716861
1
0.887537
1
1
1
1
0.92129
1
0.955234
1
1
1
1
1
1
1
1
1
1
1
1
1
1
1
1
0.706519
1
1
1
0.75224
1
0.636721
1
0.675349
1
0.750419
1
1
1
1
1
1
1
1
0.664493
1
1
1
1
1
1
0.597058
1
1
1
1
1
1
1
1
1
1
1
1
1
1
0.822033
1
1
1
1
1
1
1
1
1
1
0.793749
1
0.607236
1
1
1
1
1
1
1
1
1
0.815336
1
1
0.549152
1
1
1
1
1
1
1
1
1
1
1
1
1
0.787693
0.773415
1
1
0.620283
1
1
1
1
1
1
1
1
1
1
1
1
1
0.444702
0.581101
1
1
1
1
1
1
1
1
1
0.8784
0.72902
1
1
1
1
1
1
0.641215
1
1
1
1
1
1
1
1
1
1
1
0.657423
1
1
1
1
1
1
1
1
1
1
1
1
1
1
1
1
0.67455
1
1
1
1
0.506724
1
1
1
1
1
0.686939
1
1
1
1
1
0.929573
1
1
0.861772
1
1
1
1
1
1
1
1
1
1
0.635518
1
1
1
1
1
1
1
1
1
0.391985
1
1
1
1
1
1
1
0.723612
1
1
1
0.600994
0.52911
1
1
1
0.525272
1
1
1
1
1
0.848322
1
0.719684
1
1
1
1
1
1
1
0.679476
1
1
1
1
0.954014
1
1
1
1
1
0.659857
1
1
1
1
0.796053
0.927376
1
1
0.702284
1
1
0.854372
1
0.891146
1
1
1
1
1
1
1
1
1
1
1
1
1
1
1
0.894374
1
1
1
1
1
1
1
1
1
1
1
1
1
0.729802
0.707241
1
1
1
1
0.794038
1
0.650086
1
1
1
1
1
1
1
1
1
0.926367
1
1
1
0.506996
1
1
1
1
0.858472
0.678723
1
1
0.526667
1
1
1
1
1
1
0.796996
1
1
1
1
0.922589
1
1
0.621101
1
1
1
1
1
1
1
1
1
1
1
1
1
1
1
1
0.812518
1
1
1
0.777558
1
1
1
1
1
1
1
1
1
1
1
1
1
1
1
1
0.851527
0.772938
1
1
1
0.575309
1
1
1
1
0.50122
1
1
1
0.680342
1
1
1
0.916278
1
1
1
1
1
1
1
1
1
1
1
1
1
1
1
1
1
1
1
1
1
0.754923
1
1
1
0.836505
0.921033
1
1
1
1
1
1
1
0.553529
1
0.60806
1
1
0.592728
1
1
1
0.532798
1
1
1
0.724105
1
1
1
1
1
1
1
0.839203
1
1
1
1
1
1
1
0.771984
1
1
1
1
1
1
1
0.732838
1
1
1
1
0.566629
1
0.698468
1
1
1
1
1
1
1
1
1
1
1
1
1
1
1
1
0.729307
1
1
1
1
1
1
1
1
1
1
1
0.654694
1
1
1
1
1
0.924785
1
1
1
1
1
1
1
1
0.69005
1
1
1
0.462298
1
1
1
0.820592
0.717401
1
1
1
1
1
1
0.816265
1
1
1
1
1
1
1
1
1
0.706169
1
0.742068
1
0.608813
0.395424
0.738776
1
1
0.671072
1
1
0.83131
1
1
1
1
1
1
1
1
0.47532
1
1
1
0.829645
0.855275
0.811651
0.901701
0.746785
0.889496
0.882897
0.93134
0.941569
0.80697
0.864883
0.917856
0.870213
0.851193
0.852014
0.609635
0.938661
0.913605
0.952763
0.955249
0.563757
0.854068
0.847818
0.808447
0.954849
0.78366
0.933607
0.974772
0.917937
0.926219
0.945395
0.84514
0.916724
0.826278
0.847765
0.883696
0.790577
0.840104
0.858949
0.973654
0.896648
0.907989
0.791867
0.80979
0.840634
0.470813
0.916771
0.906441
0.584238
0.953492
0.596372
0.634258
0.845851
0.832592
0.895733
0.89406
0.654901
0.97828
0.551198
0.848743
0.937587
0.946075
0.888884
0.539464
0.946422
0.859625
0.874728
0.901725
0.898812
0.904958
0.798206
0.465088
0.91387
0.704622
0.669157
0.946044
0.928858
0.86765
0.836392
0.794276
0.494471
0.940608
0.870091
0.78803
0.828699
0.922435
0.951957
0.700632
0.67278
0.920697
0.92893
0.91531
0.919168
0.635329
0.813973
0.871112
0.784647
0.950549
0.907318
0.938936
0.712986
0.845657
0.858185
0.912637
0.934851
0.872815
0.924366
0.875171
0.928348
0.896451
0.918588
0.769478
0.808907
0.77632
0.975956
0.679562
0.830463
0.882982
0.961808
0.707347
0.9615
0.596433
0.96919
0.813149
0.910359
0.585326
0.977746
0.868917
0.968884
0.89833
0.953879
0.526864
0.966181
0.768221
0.935745
0.848985
0.635844
0.562388
0.881895
0.858705
0.952937
0.704038
0.864263
0.606878
0.7994
0.872858
0.874208
0.902262
0.869928
0.720427
0.964428
0.857899
0.633175
0.48311
0.906425
0.854711
0.948416
1
0.838451
0.785685
0.878954
0.788161
0.900293
0.630442
0.913352
0.831349
0.949883
0.806698
0.699741
0.84279
0.810807
0.825915
1.00387
0.629431
0.906216
0.892204
0.618942
0.802911
0.869896
0.940835
0.843067
0.847004
0.910557
0.724108
0.886917
0.867789
0.607121
0.876589
0.878016
0.900326
0.86399
0.776959
0.939418
0.786526
0.822647
0.979654
0.890956
0.858291
0.830048
0.889643
0.985218
0.912576
0.810024
0.806504
0.762841
0.905273
0.865123
0.91301
0.698622
0.902848
0.919787
0.839672
0.810829
0.881361
0.816907
0.736876
0.932975
0.891796
0.915222
0.461523
0.8518
0.951609
0.891639
0.62151
0.824453
0.853375
0.841509
0.85988
0.924572
0.865907
0.632061
0.860604
0.919596
0.810459
0.68942
0.734231
0.775252
0.933132
0.939699
0.875049
0.901129
1.00686
0.988563
0.907743
0.952833
0.854962
0.857565
0.604069
0.693432
0.971718
0.906052
0.871855
0.96722
0.893933
0.855621
0.955985
0.829244
0.841265
0.871613
0.846445
0.941115
0.861758
0.897398
0.861793
0.929543
0.730559
0.882396
0.963062
0.837397
0.871095
0.857811
0.914346
0.766914
0.868701
0.914266
0.959937
0.905926
0.929597
0.654429
0.898615
0.989739
0.660013
0.907562
0.643178
0.923714
0.713019
0.849126
0.822588
0.868508
0.885658
0.839656
0.953496
0.858059
0.838688
0.881963
0.861774
0.862302
0.910458
0.821401
0.895634
0.900806
0.878421
0.892686
0.788732
0.949692
0.843518
0.776505
0.906327
0.940747
0.966701
0.812237
0.823545
0.639006
0.996231
0.993411
0.895221
0.809349
0.922192
0.839777
0.828063
0.570213
0.890764
0.824008
0.929344
0.833207
0.794287
0.899901
0.91726
0.904966
0.63897
0.598397
0.610868
0.985697
0.911807
0.719992
0.958144
0.665737
0.82979
0.839268
0.693332
0.944486
1
0.920013
0.771207
0.88991
0.589195
0.923401
0.555877
0.806823
0.807947
0.876547
0.907936
0.791172
0.828248
0.730686
0.914624
0.818839
0.911844
0.922871
0.907268
0.671387
0.982798
0.873041
0.916374
0.600674
0.865208
0.872578
0.619544
0.923426
0.840794
0.851247
0.635511
0.725997
0.874416
0.872121
0.903434
0.808756
0.898463
0.797674
1.02155
0.942273
0.904764
0.81185
0.871937
0.615491
0.780972
0.866637
0.790251
0.792926
0.964953
0.848076
0.846917
0.790444
0.941494
0.919494
0.557711
0.634495
0.640577
0.548243
0.870455
0.951082
0.924976
0.873754
0.897782
0.882712
0.852163
0.926533
0.846726
0.845551
0.88732
0.764933
0.771535
0.908357
0.842559
0.863434
0.646543
0.788727
0.895915
0.88838
0.902563
0.88756
0.920232
0.585762
0.899448
0.688698
0.951093
0.822084
0.844822
0.89601
0.749553
0.885779
0.928016
0.933858
0.91511
0.853467
0.815044
0.789433
0.860374
0.915013
0.855877
0.864303
0.862313
0.904779
0.819776
0.987577
0.905153
0.946999
0.84825
0.597318
0.833801
0.850193
0.843749
0.710434
0.923616
0.569578
0.912937
0.550381
0.810025
0.753044
0.895551
0.886092
0.920786
0.952237
0.896316
0.764183
0.936207
0.969961
0.567833
0.887288
0.858952
0.76698
0.893398
0.874887
0.8788
0.47483
0.904754
0.884454
0.910299
0.934027
0.874516
0.748462
0.763709
0.944679
0.913138
0.870563
0.878159
0.9056
0.842835
0.976956
0.614807
0.853939
0.962988
0.882841
0.940861
0.967046
0.946351
0.9438
0.857422
0.833385
0.887362
0.752404
0.83217
0.68734
0.89548
0.889145
0.924615
0.893772
0.922493
0.872717
0.892704
0.944991
0.919473
0.71845
0.882772
0.917352
0.555282
0.958292
0.777138
0.9585
0.863431
0.902397
0.876581
0.895818
0.873092
0.769338
0.823664
0.939235
0.933275
0.912447
0.668005
0.687991
0.966723
0.965587
0.78893
0.836885
0.96627
0.79636
0.906505
0.907186
0.875665
0.944946
0.857849
0.830767
0.730825
0.916999
0.885073
0.884987
0.604449
0.691252
0.865272
0.891392
0.81952
0.864449
0.963259
0.955118
0.82098
0.805499
0.899663
0.90038
0.732811
0.848469
0.860292
0.789525
0.877792
0.851553
0.892261
0.648496
0.849148
0.919033
0.789693
0.921166
0.863486
0.891471
0.929499
0.823474
0.996889
0.876523
0.912719
0.556619
0.792582
0.897745
0.869882
0.900271
0.853443
0.878371
0.807623
0.893888
0.919982
0.878083
0.983608
0.801491
0.883593
0.834311
0.923812
0.896959
0.621014
0.881707
0.786405
0.85997
1.0073
0.493898
0.836765
0.921416
0.937575
0.902937
0.909165
0.595844
0.848702
0.938493
0.889205
0.946905
0.922472
0.818221
0.911351
0.972304
0.813475
0.898297
0.859719
0.964366
0.715662
0.840751
0.969687
0.830723
0.886533
0.873069
0.821192
0.576521
0.908653
0.809241
0.930076
0.822811
0.880944
0.939604
0.882641
0.912649
0.927557
0.464551
0.991786
0.855336
0.869178
0.946328
0.885396
0.850698
0.90659
0.719172
0.893563
0.836207
0.937788
0.585375
0.617228
0.90748
0.950445
0.73196
0.604878
0.901644
0.870795
0.919852
0.858573
0.850743
0.828038
0.856385
0.535268
0.83746
0.904369
0.946442
0.869439
0.767664
0.840947
0.913864
0.668714
0.837005
0.927589
0.949246
0.918805
0.862882
0.868067
0.757854
0.940386
0.880787
0.877056
0.533306
0.844656
0.878178
0.902203
0.870559
0.812608
0.579708
0.9163
0.912284
0.668324
0.906849
0.819824
0.838571
0.768375
0.811055
0.907052
0.861987
0.958771
0.950905
1.02128
0.879359
0.795242
0.876718
0.876443
0.873134
0.969331
0.87513
0.986024
0.908476
0.936123
0.853793
0.837752
0.888482
0.929491
0.922576
0.77528
0.802712
0.908667
0.907057
0.921568
0.885246
0.964062
0.836876
0.859126
0.80854
1
0.847735
0.873824
0.903881
0.877292
0.648278
0.899147
0.522123
0.916697
0.85839
0.782272
0.827001
0.805312
0.691958
0.939681
0.846665
0.850916
0.989671
0.893578
0.920076
0.92407
0.615707
0.848984
0.88947
0.854205
0.949982
0.812021
0.670736
0.816509
0.900046
0.559283
0.834873
0.837552
0.93733
0.869236
0.765366
0.829814
0.756216
0.834453
0.843165
0.848438
0.884753
0.774764
0.884611
0.690479
0.625336
0.824793
0.874849
0.947637
0.946496
0.799688
0.916686
0.796801
0.897087
0.917828
0.984569
0.774965
0.751362
0.961752
0.877792
0.802473
0.988326
0.58746
0.898906
0.95021
0.84294
0.61352
0.822805
0.876114
0.927208
0.842696
0.884847
0.922465
0.964329
0.91982
0.886817
0.897941
0.885433
0.85125
0.850503
0.861793
0.787718
0.936355
1
0.766502
0.990644
0.859406
0.876455
0.580973
0.902521
0.898637
0.815833
0.837563
0.449781
0.936303
0.851566
0.921419
0.612015
0.887288
0.9017
0.856015
0.791061
0.861449
0.930002
0.837254
0.828644
0.931324
0.848232
0.772599
0.963839
0.925114
0.81425
0.954885
0.848772
0.918166
0.951489
0.809545
0.898924
0.917574
0.969501
0.937713
0.872972
0.76256
0.679792
0.86485
0.752031
0.912123
0.793673
0.761844
0.950281
0.915112
0.851173
0.936114
0.944351
0.910043
0.923791
0.552034
0.818282
0.560497
0.872063
0.8775
0.587706
0.885652
0.815622
0.88473
0.440068
0.872978
0.9691
0.907054
0.583374
0.886224
0.880433
0.695055
0.859194
0.827234
0.897779
0.941515
0.776092
0.847989
0.964413
0.889955
0.899327
0.982291
0.874496
0.816627
0.636739
0.827764
0.863226
0.965767
0.940106
0.948131
0.927328
0.878963
0.573495
0.88706
0.934547
0.851623
0.926513
0.669594
0.941463
0.595636
0.922398
0.924247
0.889067
0.892785
0.869132
0.917869
0.809393
0.818405
0.842808
0.843752
0.865769
0.91946
0.899037
0.855238
0.769464
0.850895
0.67095
0.96435
0.9338
0.907649
0.902682
0.834634
0.868242
0.890715
0.948487
0.767224
0.903055
0.792864
0.594108
0.787269
0.831977
0.892652
0.886989
0.926507
0.711155
0.936064
0.950812
0.76422
0.912119
0.94596
0.834112
0.914202
0.905824
0.626984
0.937096
0.845128
0.956256
0.468928
0.857531
0.852116
0.972691
0.637684
0.599512
0.916085
0.91134
0.870968
0.833214
0.8508
0.899621
0.71325
0.88916
0.912103
0.940867
0.894719
0.869745
0.92719
0.857068
0.798725
0.988953
0.651429
0.801224
0.742553
0.901075
0.649299
0.481573
0.849234
0.980412
0.87673
0.590748
0.893576
0.921459
0.746827
0.898711
0.748481
0.887422
0.78339
0.926934
0.847367
0.747945
0.665095
0.609685
0.902884
0.932412
0.809466
