0.935182
0.956868
0.954062
0.973826
0.952876
0.893603
0.956508
0.971415
0.983437
0.929269
0.969609
0.952996
0.926026
0.883789
0.970938
0.939708
0.931048
0.945349
0.939118
0.931758
0.985428
0.966401
0.971331
0.96932
0.93286
0.972859
0.956745
0.972518
0.962143
0.962949
0.8817
0.889208
0.776663
0.980664
0.973559
0.977015
0.927608
0.97727
0.933202
0.982303
0.943931
0.871275
0.883125
0.903495
0.933788
0.926022
0.970669
0.928433
0.957396
0.915695
0.851735
0.972307
0.875139
0.938631
0.954696
0.974146
0.865587
0.711206
0.972501
0.885279
0.91221
0.92543
0.97428
0.947044
0.980725
0.944286
0.973005
0.894138
0.983158
0.93878
0.975747
0.968566
0.925202
0.901038
0.964827
0.965281
0.959421
0.944203
0.917159
0.894461
0.903174
0.948034
0.970767
0.979907
0.95985
0.976407
0.927654
0.966795
0.876245
0.981463
0.923192
0.976667
0.943367
0.970838
0.983486
0.87183
0.919543
0.956695
0.974876
0.943607
0.452426
0.378469
0.366069
0.375543
0.378805
0.434364
0.447982
0.472134
0.390532
0.386337
0.436459
0.395439
0.393095
0.385487
0.374005
0.32705
0.429877
0.493842
0.427901
0.474612
0.43587
0.473799
0.414465
0.406602
0.422573
0.449349
0.484062
0.386743
0.365044
0.413444
0.454918
0.423332
0.409027
0.393877
0.372876
0.428447
0.471889
0.474356
0.412165
0.342905
0.397925
0.328151
0.457821
0.404034
0.471603
0.422338
0.38861
0.411982
0.362418
0.384933
0.505301
0.379396
0.503283
0.434474
0.425747
0.425719
0.436732
0.353273
0.363699
0.346401
0.453114
0.430731
0.397638
0.377479
0.340666
0.3653
0.336209
0.392076
0.397949
0.407652
0.381053
0.401488
0.42596
0.360354
0.399748
0.421758
0.424971
0.394833
0.406324
0.342615
0.403162
0.299215
0.409273
0.447409
0.389806
0.406934
0.417662
0.464569
0.539438
0.383135
0.431439
0.453084
0.393709
0.356375
0.36735
0.549083
0.502889
0.429548
0.367093
0.447911
0.583766
0.41953
0.471736
0.529654
0.410553
0.493335
0.506089
0.471456
0.417226
0.446279
0.46385
0.479893
0.506141
0.612252
0.49656
0.456309
0.535465
0.583458
0.494811
0.610607
0.463877
0.467097
0.477837
0.510738
0.496641
0.53242
0.590973
0.472012
0.548568
0.461002
0.454207
0.467991
0.438369
0.415207
0.451617
0.549323
0.575067
0.52372
0.516071
0.376265
0.423378
0.384076
0.510244
0.491653
0.466951
0.551759
0.568715
0.524122
0.426003
0.586823
0.609117
0.466154
0.574012
0.512423
0.458957
0.53536
0.443847
0.44124
0.418274
0.66494
0.546765
0.507506
0.455038
0.436471
0.417413
0.567742
0.356785
0.503871
0.444595
0.567575
0.412322
0.501539
0.512147
0.494463
0.466093
0.463825
0.539788
0.511491
0.44694
0.369874
0.409673
0.443482
0.432581
0.487652
0.473849
0.515808
0.478193
0.521509
0.567861
0.558259
0.46601
0.468853
0.474552
0.451302
0.51218
0.579166
0.550157
0.49409
0.456709
0.459881
0.596769
0.494785
0.379081
0.496279
0.533904
0.480778
0.53448
0.694348
0.46413
0.387195
0.440464
0.495602
0.459977
0.373961
0.591493
0.442956
0.539707
0.755269
0.515495
0.493522
0.668606
0.63299
0.592264
0.537624
0.479565
0.553801
0.485993
0.44489
0.428562
0.604428
0.48459
0.485724
0.526445
0.529225
0.413628
0.419366
0.657933
0.551088
0.43665
0.513636
0.600953
0.402872
0.560682
0.439521
0.703026
0.630924
0.374391
0.505897
0.571836
0.418158
0.691902
0.509305
0.559013
0.443029
0.434499
0.541532
0.498934
0.437771
0.39936
0.401333
0.531385
0.489863
0.603194
0.372521
0.431221
0.619586
0.579396
0.479746
0.559896
0.503257
0.665808
0.455332
0.503016
0.351269
0.682614
0.540678
0.544972
0.401933
0.569189
0.358246
0.410748
0.320946
0.408941
0.536749
0.579969
0.496727
0.44384
0.748866
0.678771
0.544388
0.417276
0.579826
0.504599
0.41328
0.482634
0.567969
0.72184
0.562962
0.458028
0.453491
