1
1
1
1
1
0.892685
1
1
0.746992
1
1
1
1
1
1
1
1
1
1
1
1
1
1
0.884527
0.908406
1
1
1
1
1
1
1
1
1
1
1
1
1
1
1
1
1
1
1
1
1
1
1
1
1
1
1
1
1
1
1
1
1
0.833704
1
1
1
1
1
1
1
1
1
1
1
1
1
1
1
1
1
1
1
1
1
1
1
1
1
1
1
1
1
1
1
1
1
1
1
1
0.932259
1
1
1
1
1
1
1
1
1
1
1
1
1
1
1
1
1
1
1
1
1
1
1
1
1
1
1
1
1
1
1
1
1
1
1
1
1
1
1
1
1
1
1
1
1
1
1
1
1
1
1
1
1
1
1
1
1
1
1
1
1
1
1
1
1
1
1
1
1
1
1
1
0.991583
1
1
1
1
1
1
1
0.739672
1
1
1
1
1
1
1
1
1
1
1
1
1
1
0.755366
1
1
1
1
1
1
1
1
1
1
1
1
0.933358
1
1
1
1
1
1
1
1
1
1
1
1
1
1
1
1
1
1
1
1
1
1
1
1
1
1
1
1
1
1
1
1
1
0.950937
1
1
1
1
1
1
0.846115
1
1
1
1
1
1
1
1
1
1
1
1
1
1
1
1
1
1
1
1
1
1
1
0.853956
1
1
1
1
1
1
1
1
1
1
1
1
1
1
1
1
1
1
1
1
1
1
1
1
1
1
1
1
1
1
1
1
1
1
1
1
1
1
1
1
1
1
1
1
1
1
1
1
1
1
1
1
1
1
1
1
0.996173
1
1
1
1
1
1
1
1
1
1
1
1
0.953781
1
1
1
1
1
1
1
1
1
1
1
1
1
1
1
1
1
1
1
1
1
1
1
1
1
1
1
1
1
1
1
1
1
1
1
1
1
0.733117
1
1
1
1
1
1
1
1
1
1
1
1
1
1
1
1
0.901311
1
1
1
1
1
1
1
1
1
1
1
1
1
1
1
1
1
1
1
1
1
1
1
0.761614
1
1
1
1
1
1
1
1
0.990806
1
1
1
1
1
1
1
0.766679
1
1
1
1
1
1
1
1
1
1
1
1
1
1
1
1
1
1
1
1
1
1
1
1
1
1
1
1
1
1
1
1
1
1
1
1
1
1
1
1
1
1
1
1
1
1
1
1
1
1
1
1
1
1
1
1
1
1
1
0.92502
1
1
1
0.954455
1
1
1
1
1
1
1
1
1
0.759153
1
1
1
1
1
1
1
1
1
1
1
1
1
1
1
1
1
1
1
1
1
1
0.823433
1
1
1
1
1
1
1
1
1
1
1
1
1
1
1
1
1
1
1
1
1
1
1
1
1
1
1
1
1
1
1
1
1
1
1
1
1
1
1
1
1
1
1
1
1
1
1
1
1
1
1
1
1
1
1
1
1
1
1
1
1
1
1
1
1
1
1
1
1
1
1
1
1
1
1
1
1
1
1
1
1
1
1
1
1
1
1
1
1
1
1
1
1
1
1
1
1
1
1
1
1
1
1
1
1
1
1
1
1
1
1
1
1
1
1
1
1
1
1
1
1
1
1
1
1
1
1
1
1
1
1
1
1
1
1
1
1
1
1
1
1
1
1
1
1
1
1
1
1
1
1
1
1
1
1
1
1
1
1
1
1
1
1
1
1
1
1
1
1
1
1
1
1
1
1
1
1
1
1
1
1
1
1
1
1
1
1
1
1
1
1
1
1
1
1
1
1
1
1
1
1
1
1
1
1
1
1
0.87212
1
1
1
1
1
1
1
1
1
1
1
1
1
1
1
1
1
1
1
1
1
1
1
1
1
1
1
1
1
1
1
1
1
1
1
1
1
1
1
1
1
1
1
1
1
1
1
1
1
1
1
0.783634
1
1
1
1
1
1
1
1
1
1
1
1
1
1
1
1
1
0.739885
1
1
1
1
1
0.651116
1
1
1
1
1
1
1
1
1
1
1
0.688534
1
1
1
1
1
1
1
1
1
1
1
1
1
1
1
1
1
0.723795
1
1
1
1
1
1
1
1
1
1
1
1
1
1
1
1
1
1
1
1
1
1
0.908607
1
1
1
1
1
1
1
1
1
0.818172
1
1
1
1
1
1
1
1
1
1
1
1
1
1
1
1
1
0.824928
1
1
1
1
1
1
1
1
1
1
1
1
1
1
1
1
1
1
1
1
1
1
1
1
1
1
1
1
1
1
1
1
1
1
1
1
1
1
1
1
1
1
1
1
1
1
1
1
1
1
1
1
1
1
1
1
1
1
1
1
1
1
1
1
1
1
1
1
1
1
1
1
1
1
1
1
1
1
1
1
1
1
1
0.914862
1
1
1
1
1
1
1
1
1
1
1
1
1
1
1
0.794227
1
1
0.795773
0.783862
0.721408
0.605796
0.802766
0.76142
0.670081
0.748863
0.565383
0.555377
0.733142
0.819896
0.606993
0.551893
0.746515
0.783428
0.760791
0.667277
0.697518
0.595143
0.77383
0.783786
0.80822
0.619541
0.736129
0.719641
0.677091
0.718404
0.585954
0.719976
0.557336
0.76813
0.695199
0.75505
0.640264
0.68711
0.711005
0.683824
0.637342
0.649749
0.823239
0.755876
0.792091
0.599289
0.721737
0.66237
0.746366
0.817505
0.745433
0.760831
0.635555
0.718633
0.677195
0.79586
0.689825
0.752446
0.722464
0.759767
0.568986
0.769128
0.703993
0.682264
0.746086
0.775818
0.68801
0.7114
0.734733
0.649128
0.660837
0.655101
0.553297
0.816807
0.820775
0.65653
0.707189
0.785146
0.74145
0.784088
0.676532
0.646519
0.776588
0.716714
0.703065
0.647133
0.749123
0.788277
0.738629
0.841198
0.569718
0.633792
0.67127
0.788002
0.787564
0.695281
0.545982
0.785825
0.786227
0.645419
0.588086
0.731197
0.709259
0.752885
0.756804
0.686853
0.701353
0.62093
0.549766
0.637639
0.817294
0.732401
0.607577
0.655752
0.738712
0.700118
0.616652
0.784207
0.591424
0.72042
0.689997
0.722925
0.672827
0.678892
0.741484
0.661244
0.769658
0.775983
0.695303
0.787376
0.651277
0.637359
0.857382
0.706754
0.566695
0.806883
0.694682
0.716001
0.816322
0.767954
0.790658
0.574032
0.594504
0.648524
0.661262
0.724663
0.630932
0.677427
0.707419
0.804065
0.677547
0.79166
0.578936
0.741869
0.679863
0.739096
0.827018
0.624175
0.766051
0.730357
0.738134
0.891214
0.774677
0.607382
0.596828
0.748701
0.666966
0.643151
0.814552
0.875161
0.75865
0.647257
0.788472
0.675127
0.592575
0.589749
0.684085
0.798793
0.608485
0.800091
0.780119
0.845608
0.650016
0.593227
0.671034
0.720568
0.780088
0.729753
0.682428
0.704233
0.763242
0.731266
0.770755
0.671464
0.698028
0.708741
0.679744
0.746036
0.599487
0.683069
0.761089
0.72
0.701977
0.52411
0.581229
0.669437
0.549228
0.76673
0.648099
0.61486
0.669373
0.59012
0.699013
0.860636
0.815373
0.772395
0.758121
0.647527
0.802933
0.556572
0.844888
0.764605
0.828112
0.688718
0.652489
0.583485
0.682131
0.742347
0.768847
0.727601
0.684011
0.689572
0.687429
0.578136
0.765192
0.638904
0.771783
0.800718
0.819593
0.598805
0.84819
0.663473
0.806642
0.718305
0.632016
0.600534
0.84231
0.7915
0.821153
0.68619
0.675378
0.784871
0.764956
0.596542
0.730996
0.742881
0.736905
0.636993
0.855452
0.705637
0.673998
0.719958
0.775622
0.853154
0.690526
0.705671
0.860319
0.702098
0.681223
0.623461
0.566775
0.716232
0.725539
0.681979
0.646263
0.828649
0.603598
0.603755
0.826847
0.707232
0.591903
0.741486
0.755649
0.776034
0.616099
0.65883
0.826307
0.615222
0.691948
0.593362
0.630894
0.750227
0.851449
0.630525
0.728792
0.562837
0.732426
0.674463
0.784112
0.600425
0.733202
0.690377
0.643682
0.732908
0.646629
0.70514
0.718591
0.786492
0.70953
0.707293
0.621905
0.660464
0.837225
0.63951
0.865102
0.830985
0.700173
0.762722
0.725211
0.681115
0.652511
0.757675
0.726124
0.795051
0.823686
0.885891
0.674104
0.563653
0.801769
0.786369
0.724698
0.810539
0.792782
0.706705
0.59928
0.898002
0.630357
0.6731
0.76585
0.748756
0.718662
0.681411
0.865366
0.682211
0.787052
0.741787
0.716566
0.532758
0.685559
0.637803
0.710005
0.780927
0.681464
0.732403
0.781588
0.628915
0.732493
0.751932
0.597658
0.541169
0.856136
0.794694
0.756807
0.608981
0.592513
0.854628
0.628373
0.787177
0.516835
0.715727
0.635229
0.620868
0.762068
0.712689
0.751301
0.811338
0.727072
0.61981
0.733095
0.626344
0.858351
0.832972
0.776347
0.751853
0.746633
0.72782
0.71754
0.685223
0.734726
0.773312
0.781993
0.694993
0.655202
0.711563
0.695314
0.698476
0.564861
0.737674
0.770299
0.676603
0.887911
0.664502
0.555831
0.848519
0.664654
0.882915
0.674341
0.643227
0.717848
0.690986
0.848027
0.713853
0.571736
0.683434
0.697232
0.742902
0.81951
0.731968
0.705528
0.616089
0.79493
0.6954
0.751423
0.671996
0.672079
0.70447
0.720953
0.694116
0.720245
0.786527
0.699686
0.749813
0.629001
0.699109
0.686517
0.672633
0.666123
0.798615
0.847965
0.7283
0.797477
0.632483
0.607627
0.680465
0.723473
0.612282
0.693578
0.662204
0.710875
0.789841
0.788248
0.665586
0.657783
0.793107
0.803811
0.748196
0.651615
0.64753
0.646549
0.819213
0.657656
0.736287
0.757825
0.791487
0.618504
0.715166
0.743543
0.718587
0.706213
0.699635
0.625749
0.774456
0.746168
0.754435
0.836078
0.73237
0.703674
0.852816
0.684383
0.782023
0.897521
0.730124
0.689026
0.685719
0.640401
0.706899
0.759147
0.759032
0.716662
0.666572
0.603945
0.784394
0.74604
0.679713
0.735689
0.765749
0.739939
0.748418
0.745417
0.796966
0.682195
0.475115
0.696599
0.624028
0.903487
0.793739
0.781953
0.787784
0.773695
0.785505
0.699267
0.833315
0.760592
0.702376
0.716657
0.708315
0.799359
0.70542
0.681968
0.764493
0.741138
0.768329
0.743066
0.82553
0.749909
0.915614
0.658264
0.660569
0.740968
0.86916
0.720314
0.757946
0.649317
0.737888
0.65453
0.689239
0.733672
0.809004
0.670615
0.645404
0.60958
0.837218
0.622676
0.688988
0.68367
0.840661
0.663113
0.585902
0.718393
0.789605
0.600537
0.778101
0.640597
0.725151
0.771338
0.608569
0.777788
0.704754
0.681209
0.781898
0.69041
0.641613
0.779884
0.764199
0.728432
0.707427
0.729769
0.698345
0.664505
0.748435
0.691923
0.727855
0.751827
0.738613
0.656326
0.617105
0.816715
0.634058
0.627537
0.804629
0.778244
0.804915
0.668555
0.751945
0.81032
0.732283
0.76233
0.809239
0.789396
0.713445
0.806229
0.724473
0.770835
0.724893
0.87759
0.791874
0.732971
0.650161
0.70525
0.627019
0.770419
0.773135
0.624443
0.610196
0.772938
0.824287
0.711992
0.843864
0.623318
0.680155
0.616197
0.716759
0.739477
0.61548
0.66521
0.819768
0.787729
0.786355
0.650112
0.724836
0.760212
0.732315
0.67669
0.715698
0.627478
0.604142
0.726182
0.692747
0.696455
0.659885
0.64827
0.705487
0.647186
0.689858
0.757226
0.564451
0.734806
0.815709
0.653773
0.73205
0.760085
0.729987
0.666712
0.666899
0.572706
0.741015
0.73248
0.712281
0.64906
0.746951
0.677058
0.702663
0.622535
0.688161
0.70356
0.715806
0.737081
0.71875
0.651034
0.84396
0.767654
0.707478
0.73571
0.743021
0.807181
0.692988
0.752391
0.732805
0.728652
0.57182
0.537964
0.646756
0.852727
0.760533
0.679724
0.798655
0.736163
0.752645
0.722512
0.728506
0.830714
0.690136
0.720076
0.625279
0.670337
0.642649
0.678862
0.699666
0.66843
0.800111
0.754386
0.587278
0.722757
0.668723
0.751056
0.798617
0.56324
0.648993
0.696377
0.632659
0.570834
0.704214
0.85408
0.647161
0.644412
0.746754
0.617984
0.841853
0.752207
0.764961
0.713247
0.607964
0.7971
0.700488
0.694245
0.719066
0.586738
0.756547
0.800629
0.702813
0.69059
0.665075
0.704216
0.672489
0.748344
0.614169
0.764703
0.552633
0.871849
0.799437
0.70042
0.593146
0.687324
0.67882
0.767721
0.87928
0.645942
0.670474
0.618247
0.685393
0.656874
0.660389
0.598486
0.742732
0.748403
0.650052
0.640744
0.778533
0.808014
0.638139
0.710342
0.716448
0.763723
0.765513
0.854749
0.773471
0.793086
0.580602
0.715579
0.745198
0.71892
0.604798
0.565478
0.651387
0.643746
0.617169
0.618361
0.717974
0.664256
0.717895
0.761204
0.812326
0.798307
0.665014
0.797316
0.63775
0.714809
0.731849
0.807123
0.622782
0.666995
0.615141
0.779729
0.589115
0.73242
0.82394
0.831256
0.66464
0.622196
0.732627
0.757698
0.69132
0.797465
0.742717
0.84969
0.78451
0.734364
0.773564
0.66929
0.800714
0.816189
0.656203
0.858597
0.783498
0.675524
0.755032
0.634252
0.772006
0.78143
0.685751
0.798091
0.693344
0.837097
0.720977
0.78798
0.733972
0.660376
0.627037
0.800068
0.695503
0.723185
0.820814
0.763425
0.700117
0.770428
0.733225
0.81715
0.729228
0.75283
0.548785
0.411675
0.698742
0.553722
0.654272
0.523722
0.823807
0.881771
0.821501
0.719879
0.723265
0.76036
0.682816
0.720951
0.721153
0.72801
0.796781
0.775312
0.61308
0.783149
0.844807
0.527093
0.573071
0.835342
0.762225
0.636936
0.670433
0.721901
0.544173
0.750708
0.737514
0.728637
0.5979
0.749972
0.852232
0.84621
0.628407
0.700204
0.805071
0.770645
0.673988
0.603356
0.808399
0.607879
0.649683
0.730648
0.70356
0.747962
0.762346
0.780208
0.628353
0.704573
0.614274
0.807804
0.661667
0.773286
0.781511
0.728233
0.590837
0.808881
0.724642
0.799399
0.669648
0.695065
0.795304
0.754331
0.83732
0.725541
0.555109
0.696167
0.709313
0.69794
0.779059
0.752774
0.711312
0.576535
0.741789
0.728443
0.765108
0.696673
0.703474
0.705356
0.75274
0.734217
0.746424
0.724931
0.596659
0.752696
0.757879
0.707111
0.751638
0.778335
0.741497
0.693511
0.669375
0.784658
0.726001
0.63968
0.629484
0.559342
0.57701
0.797036
0.651609
0.647302
0.728582
0.898769
0.76004
0.6767
0.742448
0.644807
0.814391
0.697064
0.763136
0.60343
0.776629
0.755603
0.776882
0.828894
0.772588
0.704451
0.629104
0.755894
0.716291
0.752208
0.709776
0.71152
0.620495
0.671274
0.625189
0.686092
0.82465
0.626884
0.843408
0.803498
0.661822
0.652325
0.657597
0.938401
0.571721
0.825416
0.690213
0.707828
0.659238
0.645207
0.748642
0.707793
0.838469
0.612963
0.670706
0.715254
0.688927
0.596445
0.746393
0.719289
0.846668
0.689162
0.61379
0.738111
0.651301
0.687788
0.638569
0.549395
0.762406
0.753635
0.773878
0.532984
0.74525
0.81925
0.778526
0.761298
0.82565
0.649005
0.757599
1
1
1
1
1
0.673259
1
1
0.708443
1
1
1
1
1
1
1
1
1
1
1
1
1
1
0.853782
0.803638
1
1
1
1
1
1
1
1
1
1
1
1
1
1
1
1
1
1
1
1
1
1
1
1
1
1
1
1
1
1
1
1
1
0.76095
1
1
1
1
1
1
1
1
1
1
1
1
1
1
1
1
1
1
1
1
1
1
1
1
1
1
1
1
1
1
1
1
1
1
1
1
0.88239
1
1
1
1
1
1
1
1
1
1
1
1
1
1
1
1
1
1
1
1
1
1
1
1
1
1
1
1
1
1
1
1
1
1
1
1
1
1
1
1
1
1
1
1
1
1
1
1
1
1
1
1
1
1
1
1
1
1
1
1
1
1
1
1
1
1
1
1
1
1
1
1
0.983925
1
1
1
1
1
1
1
0.709266
1
1
1
1
1
1
1
1
1
1
1
1
1
1
0.729761
1
1
1
1
1
1
1
1
1
1
1
1
0.675903
1
1
1
1
1
1
1
1
1
1
1
1
1
1
1
1
1
1
1
1
1
1
1
1
1
1
1
1
1
1
1
1
1
0.868848
1
1
1
1
1
1
0.884727
1
1
1
1
1
1
1
1
1
1
1
1
1
1
1
1
1
1
1
1
1
1
1
0.725686
1
1
1
1
1
1
1
1
1
1
1
1
1
1
1
1
1
1
1
1
1
1
1
1
1
1
1
1
1
1
1
1
1
1
1
1
1
1
1
1
1
1
1
1
1
1
1
1
1
1
1
1
1
1
1
1
0.991996
1
1
1
1
1
1
1
1
1
1
1
1
0.953781
1
1
1
1
1
1
1
1
1
1
1
1
1
1
1
1
1
1
1
1
1
1
1
1
1
1
1
1
1
1
1
1
1
1
1
1
1
0.680194
1
1
1
1
1
1
1
1
1
1
1
1
1
1
1
1
0.850229
1
1
1
1
1
1
1
1
1
1
1
1
1
1
1
1
1
1
1
1
1
1
1
0.536551
1
1
1
1
1
1
1
1
0.898605
1
1
1
1
1
1
1
0.764071
1
1
1
1
1
1
1
1
1
1
1
1
1
1
1
1
1
1
1
1
1
1
1
1
1
1
1
1
1
1
1
1
1
1
1
1
1
1
1
1
1
1
1
1
1
1
1
1
1
1
1
1
1
1
1
1
1
1
1
0.879942
1
1
1
0.943569
1
1
1
1
1
1
1
1
1
0.651327
1
1
1
1
1
1
1
1
1
1
1
1
1
1
1
1
1
1
1
1
1
1
0.675585
1
1
1
1
1
1
1
1
1
1
1
1
1
1
1
1
1
1
1
1
1
1
1
1
1
1
1
1
1
1
1
1
1
1
1
1
1
1
1
1
1
1
1
1
1
1
1
1
1
1
1
1
1
1
1
1
1
1
1
1
1
1
1
1
1
1
1
1
1
1
1
1
1
1
1
1
1
1
1
1
1
1
1
1
1
1
1
1
1
1
1
1
1
1
1
1
1
1
1
1
1
1
1
1
1
1
1
1
1
1
1
1
1
1
1
1
1
1
1
1
1
1
1
1
1
1
1
1
1
1
1
1
1
1
1
1
1
1
1
1
1
1
1
1
1
1
1
1
1
1
1
1
1
1
1
1
1
1
1
1
1
1
1
1
1
1
1
1
1
1
1
1
1
1
1
1
1
1
1
1
1
1
1
1
1
1
1
1
1
1
1
1
1
1
1
1
1
1
1
1
1
1
1
1
1
1
1
0.84557
1
1
1
1
1
1
1
1
1
1
1
1
1
1
1
1
1
1
1
1
1
1
1
1
1
1
1
1
1
1
1
1
1
1
1
1
1
1
1
1
1
1
1
1
1
1
1
1
1
1
1
0.716838
1
1
1
1
1
1
1
1
1
1
1
1
1
1
1
1
1
0.549314
1
1
1
1
1
0.459343
1
1
1
1
1
1
1
1
1
1
1
0.372491
1
1
1
1
1
1
1
1
1
1
1
1
1
1
1
1
1
0.503413
1
1
1
1
1
1
1
1
1
1
1
1
1
1
1
1
1
1
1
1
1
1
0.927114
1
1
1
1
1
1
1
1
1
0.733304
1
1
1
1
1
1
1
1
1
1
1
1
1
1
1
1
1
0.785521
1
1
1
1
1
1
1
1
1
1
1
1
1
1
1
1
1
1
1
1
1
1
1
1
1
1
1
1
1
1
1
1
1
1
1
1
1
1
1
1
1
1
1
1
1
1
1
1
1
1
1
1
1
1
1
1
1
1
1
1
1
1
1
1
1
1
1
1
1
1
1
1
1
1
1
1
1
1
1
1
1
1
1
0.707564
1
1
1
1
1
1
1
1
1
1
1
1
1
1
1
0.765312
1
1
0.81376
0.849356
0.901742
0.875871
0.813187
0.676306
0.735545
0.866326
0.71667
0.753585
0.907105
0.831013
0.852293
0.91051
0.835937
0.794621
0.810435
0.863838
0.712649
0.869838
0.747543
0.792756
0.850611
0.806598
0.758491
0.86649
0.886298
0.765851
0.74049
0.90321
0.866414
0.773417
0.906512
0.891985
0.831019
0.868633
0.827106
0.905958
0.773375
0.879239
0.834705
0.864974
0.75714
0.752344
0.925972
0.91233
0.796174
0.934773
0.91857
0.926038
0.778005
0.809467
0.849136
0.922686
0.869341
0.869037
0.851799
0.893012
0.619594
0.854276
0.941382
0.768282
0.805117
0.909228
0.908403
0.889597
0.885206
0.885716
0.897015
0.843207
0.816944
0.888042
0.861732
0.89724
0.795238
0.916986
0.733529
0.839208
0.780879
0.836249
0.830442
0.857204
0.87849
0.814811
0.851774
0.86585
0.853243
0.908717
0.829355
0.919107
0.693759
0.928868
0.863674
0.813487
0.736005
0.841162
0.873276
0.737999
0.756309
0.823192
0.92144
0.856159
0.880075
0.798282
0.694962
0.942988
0.893934
0.768745
0.874607
0.889161
0.801304
0.84308
0.871044
0.892667
0.729951
0.856206
0.880015
0.855265
0.82874
0.829367
0.841958
0.929909
0.858377
0.819962
0.815525
0.866604
0.861986
0.940298
0.842375
0.806972
0.900603
0.900025
0.730323
0.772015
0.887595
0.856804
0.826065
0.839985
0.917619
0.84192
0.832973
0.799551
0.765681
0.902478
0.866479
0.916295
0.908118
0.821151
0.798396
0.818928
0.718495
0.929144
0.826137
0.854979
0.975229
0.792595
0.859662
0.916425
0.922379
0.92715
0.884939
0.871321
0.864787
0.884787
0.861695
0.81238
0.853526
0.933319
0.765108
0.745063
0.877595
0.79252
0.849772
0.709516
0.900049
0.825038
0.698427
0.888466
0.911179
0.859271
0.820019
0.69114
0.845869
0.847076
0.883685
0.824884
0.887274
0.847334
0.898352
0.846977
0.915011
0.490429
0.868107
0.816265
0.902907
0.825417
0.781192
0.816435
0.864033
0.846634
0.902014
0.732894
0.782597
0.906068
0.56703
0.776226
0.733474
0.861262
0.883844
0.821271
0.877857
0.849705
0.865414
0.78563
0.781115
0.813368
0.909453
0.786013
0.852643
0.80447
0.910837
0.821697
0.936855
0.76253
0.842166
0.781094
0.889091
0.79122
0.795817
0.844808
0.857626
0.730316
0.871514
0.85602
0.882966
0.83442
0.897577
0.860218
0.742992
0.852803
0.91657
0.797445
0.76324
0.774101
0.935569
0.779483
0.927102
0.77102
0.796773
0.881846
0.884498
0.789107
0.944164
0.854809
0.847837
0.884148
0.960374
0.861762
0.886645
0.907432
0.780905
0.861622
0.815667
0.930504
0.942067
0.838307
0.858697
0.812539
0.813029
0.735325
0.8722
0.87725
0.737321
0.931046
0.868592
0.886626
0.864133
0.886287
0.823205
0.870364
0.85763
0.851298
0.796478
0.757285
0.884454
0.732611
0.784166
0.834838
0.757904
0.799603
0.907177
0.757877
0.829217
0.824533
0.788149
0.878684
0.948743
0.864603
0.784517
0.909302
0.864062
0.826723
0.850492
0.867768
0.842221
0.891463
0.772538
0.777308
0.748566
0.849042
0.904654
0.753628
0.872973
0.914098
0.759794
0.863078
0.866306
0.877354
0.889707
0.855283
0.815209
0.752251
0.834779
0.935123
0.810582
0.86683
0.884516
0.80885
0.898129
0.952853
0.878758
0.799718
0.856738
0.913168
0.875825
0.805165
0.849289
0.842916
0.852163
0.8237
0.933688
0.89618
0.857475
0.913448
0.816414
0.838703
0.806054
0.786513
0.899759
0.91937
0.797017
0.871687
0.901844
0.919774
0.843263
0.824764
0.674209
0.780786
0.875932
0.877125
0.787037
0.848946
0.761899
0.887307
0.838844
0.860212
0.883436
0.781044
0.875608
0.754405
0.844622
0.618628
0.816861
0.929683
0.878991
0.82009
0.875595
0.597451
0.952325
0.881663
0.903223
0.930504
0.89756
0.828138
0.812377
0.831883
0.823344
0.801967
0.883891
0.931959
0.863667
0.861506
0.815404
0.770987
0.505892
0.813935
0.813859
0.82934
0.925671
0.883267
0.762528
0.934573
0.901813
0.942775
0.851815
0.763626
0.880235
0.847474
0.962748
0.843473
0.803127
0.849021
0.816612
0.873733
0.945793
0.779843
0.815465
0.832082
0.599135
0.822244
0.865104
0.870694
0.867563
0.817637
0.838011
0.906502
0.761261
0.784446
0.843897
0.89185
0.733224
0.879081
0.842281
0.91055
0.857361
0.575839
0.846809
0.845863
0.932625
0.779065
0.793868
0.734687
0.794679
0.89842
0.841303
0.803909
0.857158
0.822817
0.804935
0.788235
0.86564
0.768283
0.877675
0.851
0.867919
0.881737
0.891714
0.861381
0.901571
0.757792
0.865229
0.843125
0.877877
0.853289
0.870272
0.865917
0.771702
0.861283
0.795865
0.775895
0.923806
0.904811
0.834372
0.822247
0.961414
0.90521
0.828331
0.903262
0.854002
0.856468
0.876607
0.812327
0.928612
0.83176
0.883504
0.853426
0.807428
0.863975
0.824979
0.905632
0.86723
0.862661
0.865812
0.767506
0.841198
0.800121
0.886015
0.778572
0.87201
0.862634
0.856444
0.823999
0.878622
0.818367
0.816935
0.877799
0.74882
0.777299
0.785724
0.590125
0.902212
0.792768
0.820992
0.850625
0.809091
0.883586
0.896199
0.784935
0.898398
0.823663
0.860682
0.929236
0.85464
0.930161
0.890384
0.786456
0.952969
0.951847
0.832053
0.901319
0.817962
0.850974
0.649543
0.758165
0.854822
0.946113
0.884575
0.819569
0.832723
0.871629
0.785633
0.846146
0.886687
0.903711
0.766768
0.72898
0.811802
0.922067
0.920827
0.750951
0.795132
0.746955
0.871502
0.754056
0.857545
0.858333
0.927921
0.819819
0.885889
0.862229
0.902923
0.869824
0.874777
0.790394
0.848411
0.850834
0.778841
0.910351
0.862096
0.806948
0.867166
0.959703
0.79304
0.805102
0.878318
0.833409
0.902297
0.923812
0.79043
0.925896
0.81651
0.767844
0.883101
0.841407
0.796001
0.891838
0.828558
0.843355
0.877777
0.754084
0.773061
0.800589
0.903463
0.798629
0.961448
0.806415
0.858424
0.822613
0.860636
0.803361
0.874237
0.750749
0.849262
0.911525
0.791803
0.86948
0.709792
0.708869
0.771886
0.890541
0.791631
0.83472
0.710063
0.916681
0.722391
0.801943
0.789351
0.870583
0.769682
0.820327
0.782393
0.776953
0.786327
0.839871
0.865539
0.935063
0.755272
0.845415
0.821431
0.798103
0.830987
0.754092
0.884068
0.775798
0.776112
0.896222
0.912265
0.820505
0.87656
0.884572
0.844962
0.790312
0.783947
0.872247
0.755538
0.854192
0.860491
0.882707
0.770142
0.790831
0.822688
0.761165
0.877417
0.732233
0.907964
0.891596
0.765907
0.911997
0.829408
0.906082
0.800707
0.876614
0.834542
0.835513
0.821234
0.912681
0.831653
0.750875
0.686748
0.840535
0.93127
0.803537
0.89333
0.847685
0.897019
0.90354
0.890587
0.913544
0.93473
0.838469
0.894935
0.912388
0.842789
0.815321
0.856423
0.896478
0.882605
0.956396
0.839853
0.790825
0.771499
0.761041
0.940473
0.868476
0.852593
0.912213
0.881562
0.690223
0.790518
0.848064
0.865294
0.867677
0.864964
0.845506
0.861338
0.855222
0.84254
0.89506
0.85327
0.746003
0.908493
0.828397
0.777188
0.825015
0.907481
0.870223
0.864998
0.802975
0.83306
0.887533
0.86665
0.785756
0.908149
0.893206
0.842126
0.850958
0.894254
0.930247
0.877355
0.753025
0.837719
0.940664
0.86154
0.936537
0.809299
0.804854
0.812782
0.862993
0.831919
0.895247
0.814961
0.824606
0.844734
0.899752
0.802939
0.818668
0.922946
0.86641
0.831791
0.936661
0.865308
0.842362
0.924867
0.923247
0.934992
0.863739
0.862124
0.887937
0.894079
0.829672
0.843736
0.825458
0.887029
0.805444
0.863488
0.922929
0.858343
0.806886
0.901354
0.906055
0.905658
0.813361
0.905556
0.814019
0.917603
0.741467
0.944557
0.854
0.83364
0.768102
0.850675
0.82524
0.856936
0.814489
0.906684
0.834023
0.706446
0.842818
0.876211
0.770635
0.863415
0.809154
0.624838
0.835367
0.891645
0.819752
0.816248
0.865934
0.874848
0.806148
0.876574
0.917762
0.821997
0.84448
0.81583
0.781661
0.922065
0.867088
0.850433
0.712241
0.589514
0.878688
0.896605
0.840946
0.803144
0.879408
0.522269
0.851683
0.85722
0.842936
0.943983
0.727522
0.844925
0.889192
0.898007
0.79484
0.829062
0.822639
0.609099
0.861005
0.850878
0.817589
0.769639
0.881256
0.900725
0.961446
0.76071
0.903925
0.785987
0.807263
0.864278
0.810457
0.888688
0.889446
0.882792
0.942352
0.472251
0.902124
0.75448
0.778718
0.865514
0.805667
0.888327
0.845708
0.926048
0.69604
0.74696
0.847909
0.88951
0.862701
0.814911
0.855718
0.899236
0.793196
0.90036
0.853603
0.878029
0.892618
0.914003
0.803476
0.800312
0.8999
0.7952
0.946863
0.890702
0.897384
0.846969
0.844142
0.940233
0.691765
0.861746
0.913953
0.966432
0.88853
0.900903
0.768433
0.947238
0.858822
0.832694
0.918672
0.895901
0.915054
0.862418
0.855599
0.893811
0.750412
0.758875
0.646568
0.742593
0.876577
0.764305
0.926222
0.757146
0.843579
0.824297
0.834591
0.886511
0.854594
0.898246
0.902363
0.973063
0.862264
0.780276
0.750556
0.763535
0.787177
0.823557
0.84793
0.889997
0.945771
0.933319
0.824355
0.793429
0.878263
0.884575
0.752559
0.743113
0.719178
0.813434
0.892711
0.745193
0.862197
0.919409
0.755845
0.827226
0.921254
0.883327
0.872558
0.940112
0.827422
0.870637
0.870537
0.843776
0.88953
0.856218
0.804664
0.726437
0.708119
0.842218
0.822221
0.799739
0.76143
0.913947
0.762984
0.905624
0.832145
0.870244
0.9523
0.845718
0.945899
0.833764
0.840513
0.79758
0.879573
0.913558
0.852507
0.874422
0.864959
0.823732
0.785318
0.792804
0.819599
0.894281
0.880765
0.81582
0.906707
0.837428
0.802532
0.715055
0.923034
0.903352
0.711521
0.941816
0.801564
0.903797
0.805078
0.794963
0.885874
0.836676
0.911857
0.869998
0.877166
0.76406
0.799602
0.877905
0.819611
0.81501
0.714636
0.859851
0.898282
