1
1
1
1
1
1
1
1
1
1
1
1
1
1
1
1
1
1
1
1
1
1
1
1
1
1
1
1
1
1
1
1
1
1
1
1
1
1
1
1
1
1
1
1
1
1
1
1
1
1
1
1
1
1
1
1
1
1
1
1
1
1
1
1
1
1
1
1
1
1
1
1
1
1
1
1
1
1
1
1
1
1
1
1
1
1
1
1
1
1
1
0.892576
1
1
1
1
1
1
1
1
1
1
1
1
1
1
1
1
1
1
1
1
1
1
1
1
1
1
1
1
1
1
1
1
1
1
1
1
1
1
1
1
1
1
1
1
1
1
1
1
1
1
1
1
1
1
1
1
1
1
1
1
1
1
1
1
1
0.984483
1
1
1
1
1
1
1
1
1
1
1
1
1
1
1
1
1
1
1
1
1
1
1
1
1
1
1
1
1
1
1
1
0.728559
1
1
1
1
1
1
1
1
1
1
1
1
1
1
1
1
1
1
1
1
1
1
1
1
1
1
1
1
1
1
1
1
1
1
1
1
1
1
1
1
1
1
1
1
1
1
1
1
1
1
1
1
1
1
1
1
1
1
1
1
1
1
1
1
1
1
1
1
1
1
1
1
1
1
1
1
1
1
1
1
1
1
1
1
1
1
0.990136
1
1
1
1
1
1
1
1
1
1
1
1
1
1
1
1
1
1
1
1
1
1
1
1
1
1
1
1
1
1
1
1
1
1
1
1
1
1
1
1
1
1
1
1
1
1
1
1
1
1
1
1
1
1
1
1
1
1
1
1
1
1
1
1
1
1
1
1
1
1
1
1
1
1
1
1
1
1
1
1
1
1
1
1
1
1
1
1
1
1
1
1
1
1
1
1
1
1
1
1
1
1
1
1
1
0.905983
1
1
1
1
1
1
1
1
1
1
1
1
1
1
1
1
1
1
1
1
1
1
1
1
1
1
1
1
1
1
1
1
1
1
1
1
1
1
1
1
1
1
1
1
1
1
1
1
1
1
1
1
1
1
0.751675
1
1
1
1
1
1
1
1
1
1
1
1
1
1
1
1
1
1
1
1
1
1
1
1
1
1
1
1
1
1
1
1
1
1
1
1
1
1
1
1
1
1
1
1
1
1
1
1
1
1
1
1
1
1
1
1
1
1
1
1
1
1
1
1
1
1
1
1
1
1
1
1
1
1
1
1
1
1
1
1
1
1
1
1
1
1
1
1
1
1
1
1
1
1
1
0.908657
1
1
1
1
1
1
1
1
1
1
1
1
1
1
1
1
1
1
1
1
1
1
1
1
1
1
1
1
1
1
1
1
1
1
1
1
1
1
1
1
1
1
1
1
1
1
1
1
1
1
1
1
1
1
1
1
1
1
1
1
1
1
1
1
1
1
1
1
1
1
1
1
1
1
1
1
1
1
1
1
1
1
1
1
1
1
1
1
1
1
1
1
1
1
1
1
1
1
1
1
1
0.873888
1
1
1
1
1
1
1
1
1
1
1
1
1
1
1
1
1
1
1
1
1
1
1
1
1
1
1
1
1
1
1
1
1
1
1
1
1
1
1
1
1
1
1
1
1
1
1
1
1
1
1
1
1
1
1
1
1
1
1
1
1
1
1
1
1
1
1
1
1
1
1
1
1
1
1
1
1
1
1
1
1
1
1
1
1
1
1
1
1
1
1
1
1
1
1
1
1
1
1
1
1
1
1
1
1
1
1
1
1
1
1
1
1
1
1
1
1
1
1
1
1
1
1
1
1
1
1
1
1
1
1
1
1
1
1
1
1
1
1
1
1
1
1
1
1
1
1
1
1
1
1
1
1
1
1
1
1
1
1
1
1
1
1
1
1
1
1
1
1
1
1
1
1
1
1
1
1
1
1
1
1
1
1
1
1
1
1
1
1
1
1
1
1
1
1
1
1
1
1
1
1
1
1
1
1
1
1
1
1
1
1
1
1
1
1
1
1
1
1
1
1
1
1
1
1
1
1
1
1
1
1
1
1
1
1
1
1
1
1
1
1
1
1
1
1
1
1
1
1
1
1
1
1
1
1
1
1
1
1
1
1
1
1
1
1
1
1
1
1
1
1
1
1
1
1
1
1
1
1
1
1
1
1
1
1
1
1
1
1
1
1
1
1
1
1
1
1
1
1
1
1
1
1
1
1
1
1
1
1
1
1
1
1
1
1
1
1
1
1
1
1
1
1
1
1
1
1
1
1
1
1
1
1
1
1
1
1
1
1
1
1
1
1
1
1
1
1
1
1
1
1
1
1
1
1
1
1
1
1
1
1
1
1
0.67799
0.726906
0.754656
0.789087
0.717107
0.666161
0.69039
0.687394
0.647647
0.662068
0.734026
0.727099
0.649878
0.627102
0.630027
0.70661
0.629893
0.650689
0.785549
0.574097
0.779692
0.687475
0.634314
0.674239
0.808508
0.729571
0.583207
0.793143
0.707808
0.798422
0.687664
0.750661
0.733754
0.85945
0.662936
0.595614
0.738319
0.631815
0.780999
0.495687
0.693258
0.67054
0.756083
0.762602
0.632919
0.746872
0.618961
0.775661
0.709846
0.771554
0.778359
0.691773
0.73814
0.780962
0.789344
0.787885
0.611197
0.766296
0.73844
0.697093
0.638069
0.832665
0.821975
0.761187
0.802685
0.848284
0.794508
0.755923
0.697788
0.719114
0.717625
0.669448
0.67007
0.706212
0.654618
0.663237
0.706406
0.751175
0.520511
0.615315
0.674589
0.747743
0.634244
0.645629
0.668495
0.671561
0.61828
0.810893
0.721429
0.618449
0.685094
0.697629
0.753118
0.682837
0.661326
0.758649
0.699337
0.794991
0.727882
0.81519
0.772075
0.642691
0.645749
0.77888
0.591007
0.76059
0.592203
0.674189
0.631092
0.590496
0.639561
0.814542
0.840459
0.696838
0.767784
0.728065
0.764174
0.57241
0.628202
0.900584
0.825007
0.763476
0.746257
0.656294
0.794751
0.690987
0.819085
0.723056
0.743692
0.639181
0.548686
0.755254
0.599344
0.722703
0.844452
0.712797
0.541583
0.543597
0.805499
0.71344
0.772025
0.722501
0.638975
0.650716
0.666566
0.600463
0.718585
0.702988
0.716834
0.611485
0.772909
0.649739
0.774794
0.748845
0.709816
0.805888
0.663442
0.664566
0.681445
0.607654
0.795429
0.700559
0.771393
0.610498
0.767205
0.615401
0.652894
0.734008
0.582584
0.620965
0.675765
0.778281
0.742504
0.711256
0.62424
0.72289
0.739865
0.731076
0.6843
0.700863
0.734379
0.825088
0.578774
0.802219
0.69406
0.633298
0.819684
0.683065
0.745931
0.665932
0.587829
0.804505
0.849649
0.612669
0.647423
0.798384
0.617061
0.719955
0.641815
0.743874
0.647908
0.665882
0.791444
0.736149
0.640009
0.726096
0.71666
0.800414
0.770444
0.744888
0.757149
0.730888
0.747776
0.877664
0.797671
0.668505
0.615933
0.690461
0.62127
0.620822
0.632065
0.746247
0.65123
0.658654
0.536592
0.604054
0.678638
0.649263
0.72021
0.60966
0.759217
0.776913
0.715309
0.761885
0.867232
0.660436
0.643565
0.711511
0.644121
0.626921
0.617366
0.768572
0.657327
0.7791
0.655951
0.715471
0.713282
0.703734
0.624943
0.738753
0.604647
0.691867
0.781606
0.719741
0.840217
0.786842
0.521614
0.650414
0.81344
0.628555
0.632344
0.670505
0.651981
0.567078
0.640848
0.790704
0.707856
0.608706
0.8453
0.820166
0.715195
0.833683
0.715738
0.648078
0.802508
0.775547
0.715593
0.715516
0.731323
0.574138
0.744541
0.730803
0.636207
0.718903
0.834954
0.693387
0.543927
0.792496
0.721702
0.625194
0.755282
0.640401
0.676137
0.660655
0.553986
0.730292
0.77913
0.659104
0.54999
0.729461
0.61832
0.675682
0.73218
0.706584
0.69053
0.699121
0.686087
0.606649
0.588318
0.899215
0.581629
0.62078
0.622933
0.730869
0.571836
0.84472
0.72539
0.721836
0.621114
0.782327
0.752698
0.824499
0.754732
0.748894
0.716744
0.617278
0.705944
0.679129
0.665075
0.629506
0.678725
0.776449
0.806436
0.670583
0.792351
0.697151
0.672731
0.709537
0.584501
0.717226
0.777704
0.81809
0.797712
0.604781
0.758553
0.610738
0.779479
0.764659
0.659831
0.666448
0.6696
0.75234
0.690106
0.707623
0.849619
0.73457
0.714464
0.622147
0.716482
0.676458
0.683768
0.784086
0.756229
0.699511
0.670462
0.662427
0.702906
0.681304
0.762172
0.590028
0.656235
0.61319
0.713523
0.583887
0.747777
0.759699
0.710658
0.614524
0.721643
0.681724
0.693299
0.651465
0.878748
0.675655
0.710507
0.652219
0.628901
0.848967
0.680273
0.679051
0.736015
0.810541
0.573603
0.611666
0.786871
0.672998
0.806837
0.821962
0.726485
0.612424
0.762226
0.712855
0.699525
0.729205
0.649369
0.721977
0.80056
0.698276
0.743547
0.746318
0.701282
0.735332
0.671122
0.703404
0.701352
0.648908
0.707531
0.699158
0.715634
0.723292
0.793159
0.723374
0.674194
0.779707
0.693775
0.731225
0.784001
0.748509
0.677163
0.597053
0.771271
0.72643
0.63877
0.697098
0.800817
0.672762
0.747424
0.635953
0.756591
0.688016
0.791273
0.732845
0.607565
0.794417
0.64726
0.78558
0.767556
0.836733
0.645531
0.818913
0.727324
0.624849
0.70075
0.671633
0.609128
0.738885
0.797141
0.661455
0.679533
0.851957
0.748249
0.600832
0.586127
0.762249
0.703628
0.886288
0.853686
0.631381
0.696732
0.6615
0.647372
0.626931
0.794589
0.513814
0.674827
0.808407
0.617826
0.780767
0.649763
0.742057
0.83556
0.683868
0.726382
0.851912
0.63381
0.691322
0.78761
0.72889
0.721433
0.603176
0.81177
0.696572
0.691929
0.782283
0.663075
0.561556
0.777074
0.579027
0.748113
0.72707
0.682226
0.645931
0.664809
0.701119
0.69215
0.738659
0.703398
0.670999
0.728732
0.729282
0.708945
0.571102
0.773972
0.590295
0.794443
0.663302
0.890313
0.704871
0.753733
0.793873
0.659769
0.703146
0.683692
0.834007
0.732629
0.671673
0.759663
0.753379
0.798146
0.631595
0.876204
0.681969
0.634973
0.773515
0.708114
0.75605
0.714991
0.759324
0.63423
0.733293
0.689116
0.650259
0.722183
0.715668
0.655199
0.597657
0.735031
0.657339
0.743488
0.656709
0.693174
0.682892
0.676489
0.712531
0.782258
0.670191
0.569162
0.807292
0.668037
0.863473
0.519344
0.547458
0.754255
0.71767
0.6778
0.805274
0.723968
0.655936
0.851244
0.599059
0.656742
0.6385
0.802932
0.561487
0.624135
0.675856
0.673599
0.69899
0.665383
0.662348
0.78285
0.662057
0.744255
0.694014
0.833579
0.667788
0.700426
0.671225
0.641822
0.679618
0.722644
0.726217
0.619999
0.656951
0.794094
0.806341
0.660909
0.745695
0.762156
0.645128
0.668573
0.646592
0.634779
0.787667
0.814032
0.750094
0.69094
0.676773
0.647266
0.607666
0.78676
0.767985
0.724856
0.572387
0.60025
0.68222
0.742044
0.665172
0.679311
0.661819
0.78946
0.612037
0.68776
0.753938
0.851347
0.626574
0.875143
0.820648
0.869291
0.730202
0.653772
0.737326
0.635187
0.772963
0.704916
0.705297
0.667519
0.769068
0.720281
0.586907
0.793599
0.597636
0.599584
0.675181
0.687887
0.71857
0.74337
0.613235
0.744701
0.848305
0.695134
0.754795
0.781033
0.749396
0.704815
0.680771
0.656049
0.729458
0.697424
0.745663
0.679298
0.629728
0.728791
0.622524
0.746834
0.672522
0.674322
0.704337
0.741275
0.6715
0.772035
0.760146
0.781329
0.584121
0.70271
0.723456
0.594463
0.675981
0.628864
0.843829
0.69512
0.661243
0.644156
0.649733
0.663229
0.603197
0.774959
0.705852
0.80088
0.742397
0.72566
0.649475
0.685489
0.64156
0.750412
0.672467
0.832778
0.83912
0.631377
0.748281
0.768475
0.79514
0.575179
0.755619
0.657622
0.720536
0.759322
0.734375
0.557312
0.764548
0.616797
0.789191
0.728532
0.646744
0.671735
0.728047
0.857847
0.820863
0.682217
0.661255
0.738367
0.654708
0.546061
0.721577
0.748614
0.709359
0.673795
0.774967
0.643281
0.637142
0.678156
0.749367
0.641061
0.564828
0.755723
0.622406
0.619583
0.805652
0.585345
0.594548
0.818189
0.712969
0.721198
0.679754
0.720103
0.701648
0.761111
0.70641
0.913342
0.736258
0.641675
0.677131
0.875355
0.809271
0.807289
0.681137
0.76928
0.76821
0.683631
0.674896
0.629082
0.685677
0.688727
0.701549
0.622649
0.58033
0.725062
0.544016
0.756663
0.72201
0.762539
0.576454
0.628275
0.713161
0.617847
0.753574
0.663805
0.598089
0.748651
0.830437
0.677707
0.795618
0.813069
0.703045
0.630946
0.839831
0.764975
0.652072
0.661341
0.559794
0.606463
0.760471
0.687964
0.7264
0.689701
0.653134
0.785085
0.658158
0.720454
0.611906
0.640944
0.657558
0.772126
0.615743
0.654967
0.903878
0.714929
0.483292
0.792745
0.67568
0.784289
0.665163
0.687845
0.679057
0.689299
0.718476
0.670942
0.58975
0.721663
0.687338
0.72664
0.637359
0.609528
0.701459
0.588019
0.627099
0.709067
0.811797
0.657753
0.74226
0.70934
0.667555
0.725659
0.733699
0.713503
0.564222
0.605801
0.621999
0.660471
0.716538
0.794013
0.604786
0.680303
0.685409
0.812582
0.651753
0.81607
0.734858
0.769827
0.712026
0.755276
0.7911
0.762688
0.603321
0.624954
0.630565
0.544242
0.729961
0.787605
0.753137
0.675771
0.820871
0.633147
0.803442
0.595382
0.688633
0.732476
0.786859
0.60186
0.684902
0.653892
0.707739
0.64137
0.676131
0.705709
0.566174
0.690333
0.68315
0.815081
0.749452
0.781627
0.706729
0.65244
0.597866
0.692245
0.461983
0.750841
0.650331
0.863972
0.668513
0.579786
0.736797
0.785652
0.714425
0.759589
0.563108
0.661852
0.623694
0.670929
0.6266
0.774498
0.658557
0.774236
0.752528
0.771428
0.586231
0.761192
0.747944
0.670902
0.796474
0.712397
0.709795
0.68735
0.687288
0.729582
0.674249
0.765631
0.722194
0.730619
0.62157
0.697496
0.785355
0.682201
0.780519
0.681262
0.753964
0.784415
0.678027
0.628762
0.824845
0.685721
0.74023
0.721005
0.68315
0.594498
0.77771
0.77219
0.739103
0.782774
0.722065
0.681114
0.592091
0.723281
0.74776
0.609355
0.733697
0.817048
0.74027
0.705611
0.807402
0.736128
0.771
0.613082
0.659729
0.733672
0.792658
0.833291
0.719538
0.75146
0.583039
0.781153
0.624374
0.73271
0.782729
0.696505
0.617811
0.660961
0.800444
0.615501
0.761575
0.752549
0.653931
0.751171
0.657177
0.652147
0.789725
0.770175
0.826138
0.853629
0.701322
0.733391
0.644078
0.70505
0.817714
0.489597
0.665868
0.713599
0.691225
0.725098
0.684645
0.672188
0.662251
0.675922
0.775352
0.676745
0.698136
0.658134
0.633109
0.664281
0.709599
1
1
1
1
1
1
1
1
1
1
1
1
1
1
1
1
1
1
1
1
1
1
1
1
1
1
1
1
1
1
1
1
1
1
1
1
1
1
1
1
1
1
1
1
1
1
1
1
1
1
1
1
1
1
1
1
1
1
1
1
1
1
1
1
1
1
1
1
1
1
1
1
1
1
1
1
1
1
1
1
1
1
1
1
1
1
1
1
1
1
1
0.868848
1
1
1
1
1
1
1
1
1
1
1
1
1
1
1
1
1
1
1
1
1
1
1
1
1
1
1
1
1
1
1
1
1
1
1
1
1
1
1
1
1
1
1
1
1
1
1
1
1
1
1
1
1
1
1
1
1
1
1
1
1
1
1
1
1
0.915316
1
1
1
1
1
1
1
1
1
1
1
1
1
1
1
1
1
1
1
1
1
1
1
1
1
1
1
1
1
1
1
1
0.689295
1
1
1
1
1
1
1
1
1
1
1
1
1
1
1
1
1
1
1
1
1
1
1
1
1
1
1
1
1
1
1
1
1
1
1
1
1
1
1
1
1
1
1
1
1
1
1
1
1
1
1
1
1
1
1
1
1
1
1
1
1
1
1
1
1
1
1
1
1
1
1
1
1
1
1
1
1
1
1
1
1
1
1
1
1
1
0.936707
1
1
1
1
1
1
1
1
1
1
1
1
1
1
1
1
1
1
1
1
1
1
1
1
1
1
1
1
1
1
1
1
1
1
1
1
1
1
1
1
1
1
1
1
1
1
1
1
1
1
1
1
1
1
1
1
1
1
1
1
1
1
1
1
1
1
1
1
1
1
1
1
1
1
1
1
1
1
1
1
1
1
1
1
1
1
1
1
1
1
1
1
1
1
1
1
1
1
1
1
1
1
1
1
1
0.752001
1
1
1
1
1
1
1
1
1
1
1
1
1
1
1
1
1
1
1
1
1
1
1
1
1
1
1
1
1
1
1
1
1
1
1
1
1
1
1
1
1
1
1
1
1
1
1
1
1
1
1
1
1
1
0.651592
1
1
1
1
1
1
1
1
1
1
1
1
1
1
1
1
1
1
1
1
1
1
1
1
1
1
1
1
1
1
1
1
1
1
1
1
1
1
1
1
1
1
1
1
1
1
1
1
1
1
1
1
1
1
1
1
1
1
1
1
1
1
1
1
1
1
1
1
1
1
1
1
1
1
1
1
1
1
1
1
1
1
1
1
1
1
1
1
1
1
1
1
1
1
1
0.755211
1
1
1
1
1
1
1
1
1
1
1
1
1
1
1
1
1
1
1
1
1
1
1
1
1
1
1
1
1
1
1
1
1
1
1
1
1
1
1
1
1
1
1
1
1
1
1
1
1
1
1
1
1
1
1
1
1
1
1
1
1
1
1
1
1
1
1
1
1
1
1
1
1
1
1
1
1
1
1
1
1
1
1
1
1
1
1
1
1
1
1
1
1
1
1
1
1
1
1
1
1
0.872687
1
1
1
1
1
1
1
1
1
1
1
1
1
1
1
1
1
1
1
1
1
1
1
1
1
1
1
1
1
1
1
1
1
1
1
1
1
1
1
1
1
1
1
1
1
1
1
1
1
1
1
1
1
1
1
1
1
1
1
1
1
1
1
1
1
1
1
1
1
1
1
1
1
1
1
1
1
1
1
1
1
1
1
1
1
1
1
1
1
1
1
1
1
1
1
1
1
1
1
1
1
1
1
1
1
1
1
1
1
1
1
1
1
1
1
1
1
1
1
1
1
1
1
1
1
1
1
1
1
1
1
1
1
1
1
1
1
1
1
1
1
1
1
1
1
1
1
1
1
1
1
1
1
1
1
1
1
1
1
1
1
1
1
1
1
1
1
1
1
1
1
1
1
1
1
1
1
1
1
1
1
1
1
1
1
1
1
1
1
1
1
1
1
1
1
1
1
1
1
1
1
1
1
1
1
1
1
1
1
1
1
1
1
1
1
1
1
1
1
1
1
1
1
1
1
1
1
1
1
1
1
1
1
1
1
1
1
1
1
1
1
1
1
1
1
1
1
1
1
1
1
1
1
1
1
1
1
1
1
1
1
1
1
1
1
1
1
1
1
1
1
1
1
1
1
1
1
1
1
1
1
1
1
1
1
1
1
1
1
1
1
1
1
1
1
1
1
1
1
1
1
1
1
1
1
1
1
1
1
1
1
1
1
1
1
1
1
1
1
1
1
1
1
1
1
1
1
1
1
1
1
1
1
1
1
1
1
1
1
1
1
1
1
1
1
1
1
1
1
1
1
1
1
1
1
1
1
1
1
1
1
1
1
0.794998
0.860053
0.834285
0.888934
0.826896
0.843452
0.743278
0.785265
0.810042
0.827772
0.852685
0.740861
0.788387
0.82358
0.823591
0.792404
0.850421
0.929509
0.814759
0.75523
0.779341
0.824962
0.877114
0.792151
0.875066
0.891492
0.870854
0.947798
0.838456
0.778166
0.899782
0.839063
0.931403
0.976978
0.815791
0.876155
0.794147
0.768395
0.853353
0.81633
0.831439
0.890664
0.842742
0.896886
0.734798
0.883245
0.853303
0.928553
0.844574
0.879878
0.862438
0.834905
0.894535
0.855719
0.918835
0.861746
0.640202
0.865137
0.834823
0.832482
0.851547
0.8046
0.891473
0.806756
0.900293
0.919311
0.898492
0.781185
0.906581
0.902421
0.848795
0.819658
0.827409
0.850309
0.775508
0.824972
0.826134
0.873844
0.770954
0.721622
0.828007
0.791878
0.774981
0.764807
0.848362
0.791822
0.828224
0.890305
0.874482
0.776475
0.81326
0.66216
0.861857
0.739709
0.712158
0.933839
0.821843
0.878252
0.795741
0.899933
0.883885
0.653649
0.838422
0.906855
0.814204
0.810274
0.85073
0.79569
0.897485
0.829974
0.901177
0.907877
0.804952
0.734896
0.824788
0.882729
0.820482
0.825925
0.70522
0.907869
0.900662
0.843945
0.833369
0.772056
0.935447
0.782918
0.886871
0.793043
0.879365
0.858179
0.858838
0.846681
0.810567
0.879891
0.893636
0.839551
0.786666
0.788085
0.925012
0.902528
0.904994
0.883367
0.843218
0.773132
0.830873
0.744681
0.949311
0.858056
0.843038
0.831608
0.90168
0.775941
0.808044
0.927425
0.864038
0.876249
0.842973
0.818043
0.848963
0.82196
0.852629
0.86049
0.895825
0.656549
0.883887
0.802923
0.817313
0.88134
0.779727
0.817636
0.736974
0.82795
0.906674
0.739663
0.868129
0.90429
0.878149
0.856607
0.768627
0.894899
0.861647
0.863911
0.800063
0.922326
0.83306
0.814436
0.865002
0.776087
0.817511
0.730867
0.629981
0.807729
0.877492
0.775208
0.743062
0.833209
0.777919
0.836196
0.860114
0.847386
0.816662
0.765764
0.873053
0.912457
0.74
0.876002
0.836424
0.854131
0.837524
0.822598
0.765536
0.9128
0.827373
0.904948
0.925786
0.88854
0.69126
0.835411
0.86981
0.703501
0.889605
0.824988
0.9132
0.81334
0.767371
0.819129
0.851395
0.775942
0.754546
0.913651
0.838224
0.897151
0.821654
0.888836
0.902309
0.825762
0.760387
0.861735
0.805245
0.764105
0.790686
0.830202
0.948916
0.81244
0.872825
0.8338
0.927024
0.857103
0.794788
0.869676
0.682335
0.846196
0.925673
0.792507
0.884171
0.931578
0.820889
0.784138
0.945471
0.682478
0.685851
0.831337
0.722701
0.879567
0.909475
0.826882
0.892822
0.809361
0.923612
0.858053
0.911169
0.908378
0.799058
0.805088
0.904378
0.847622
0.926118
0.719496
0.902056
0.888845
0.838336
0.830204
0.824165
0.908134
0.966752
0.798059
0.823242
0.843243
0.889872
0.758917
0.88008
0.697034
0.859152
0.767188
0.83448
0.847081
0.914485
0.791297
0.830059
0.895849
0.722141
0.75915
0.928061
0.831149
0.887624
0.889271
0.800174
0.807226
0.799591
0.938561
0.741479
0.722128
0.892553
0.845436
0.812652
0.865792
0.857588
0.944284
0.854751
0.83055
0.847383
0.899985
0.932243
0.74922
0.779173
0.858959
0.938491
0.823179
0.736177
0.831622
0.862542
0.807583
0.849712
0.887296
0.807556
0.777299
0.852296
0.846526
0.785068
0.859362
0.848285
0.89126
0.897848
0.67066
0.812855
0.865881
0.951767
0.892091
0.909363
0.882433
0.873121
0.871371
0.756879
0.930857
0.913403
0.785159
0.745498
0.770077
0.823284
0.734077
0.7508
0.913859
0.726551
0.841863
0.802528
0.767983
0.850335
0.793644
0.907072
0.876587
0.82738
0.845064
0.902471
0.758698
0.858554
0.744444
0.850239
0.827815
0.793632
0.866139
0.887474
0.742332
0.88811
0.688731
0.795009
0.81864
0.787968
0.861911
0.853369
0.891308
0.812485
0.913839
0.831495
0.696261
0.948106
0.76463
0.960928
0.867464
0.77557
0.88142
0.86255
0.869703
0.754322
0.799904
0.828166
0.730414
0.969464
0.8855
0.789986
0.875228
0.792107
0.79047
0.780199
0.846117
0.805119
0.879521
0.879011
0.814143
0.860339
0.87928
0.929931
0.838723
0.745204
0.922847
0.758404
0.900092
0.88206
0.885359
0.884115
0.707177
0.784107
0.877444
0.902743
0.824864
0.900716
0.796605
0.852333
0.923646
0.501208
0.893598
0.859395
0.774431
0.7785
0.883476
0.836977
0.931788
0.880339
0.818916
0.680907
0.903507
0.815382
0.795215
0.823296
0.874245
0.771703
0.776604
0.886783
0.683516
0.82448
0.916091
0.829036
0.689349
0.678888
0.890702
0.875663
0.90175
0.874608
0.769727
0.768102
0.69445
0.838187
0.85846
0.861471
0.775381
0.833809
0.844777
0.842849
0.770056
0.80457
0.817256
0.792651
0.832337
0.857588
0.824499
0.763795
0.781588
0.921948
0.885679
0.872383
0.714406
0.783899
0.720236
0.869623
0.856696
0.830244
0.707607
0.872667
0.713536
0.85564
0.842839
0.902849
0.851274
0.871989
0.901566
0.910282
0.903923
0.841749
0.884473
0.900022
0.774091
0.848168
0.759161
0.937479
0.684753
0.904237
0.857758
0.84681
0.896631
0.857236
0.842818
0.792484
0.861029
0.849944
0.892112
0.879481
0.78741
0.815156
0.87063
0.788338
0.843608
0.81722
0.93244
0.866514
0.803917
0.634377
0.921203
0.844325
0.802428
0.87402
0.754257
0.803439
0.752327
0.895642
0.88982
0.862036
0.853077
0.872584
0.913852
0.828965
0.838762
0.810165
0.896202
0.861974
0.86336
0.858062
0.84085
0.853803
0.821037
0.69102
0.923749
0.642305
0.74903
0.91302
0.920128
0.780163
0.814012
0.927588
0.789526
0.858324
0.817474
0.89566
0.830631
0.816551
0.672639
0.812573
0.833903
0.713938
0.88057
0.712148
0.833261
0.861353
0.853808
0.854772
0.790363
0.885447
0.849711
0.887279
0.80581
0.793863
0.795611
0.900153
0.862934
0.899611
0.785557
0.804193
0.901692
0.796078
0.933422
0.91982
0.890658
0.913344
0.717698
0.791734
0.886282
0.877965
0.912199
0.883811
0.834238
0.703844
0.867575
0.857939
0.841376
0.863251
0.902866
0.84368
0.91125
0.853388
0.856575
0.883157
0.794705
0.795862
0.890596
0.8962
0.916018
0.924817
0.849883
0.905743
0.904522
0.90459
0.880089
0.794778
0.771777
0.854977
0.809325
0.832993
0.817656
0.727966
0.88572
0.813104
0.877396
0.858992
0.804072
0.913846
0.810504
0.850335
0.89573
0.941666
0.796869
0.872155
0.929318
0.834972
0.719161
0.893025
0.852927
0.810174
0.763333
0.772118
0.781532
0.769806
0.85278
0.783921
0.769512
0.877167
0.878292
0.898912
0.795627
0.793404
0.917989
0.950254
0.840331
0.961919
0.830576
0.889569
0.833608
0.897922
0.872949
0.812822
0.836567
0.837592
0.856785
0.892549
0.842813
0.75231
0.802028
0.841918
0.82436
0.844064
0.80675
0.90342
0.87382
0.754791
0.864996
0.909753
0.909234
0.868457
0.738696
0.91086
0.848653
0.887913
0.882195
0.851546
0.86038
0.844707
0.814504
0.838097
0.918601
0.786394
0.857399
0.659133
0.83038
0.818351
0.902659
0.894912
0.836647
0.921181
0.885707
0.861727
0.864405
0.882041
0.859485
0.862934
0.811048
0.705929
0.846303
0.774556
0.860527
0.869617
0.818199
0.81789
0.955053
0.883866
0.81466
0.814001
0.795154
0.871079
0.818688
0.89285
0.88373
0.818802
0.899841
0.873053
0.884904
0.880131
0.849477
0.774905
0.831901
0.733915
0.826454
0.983434
0.877729
0.743308
0.861672
0.896049
0.8783
0.865128
0.834863
0.841417
0.797934
0.782938
0.880632
0.867847
0.915789
0.812095
0.841291
0.722281
0.93607
0.832029
0.650153
0.886358
0.881863
0.824668
0.777832
0.811499
0.904335
0.771245
0.918365
0.784402
0.85469
0.845606
0.920118
0.88912
0.882757
0.862009
0.774134
0.75101
0.873824
0.846785
0.807866
0.836663
0.829371
0.748092
0.822878
0.873877
0.827397
0.78366
0.869993
0.900043
0.806827
0.872323
0.858494
0.877791
0.677205
0.888032
0.912747
0.844228
0.922782
0.810542
0.831611
0.864142
0.80058
0.873669
0.818476
0.898474
0.855663
0.826286
0.931939
0.73164
0.724594
0.801189
0.814355
0.902583
0.81462
0.835792
0.853096
0.854952
0.904259
0.792888
0.857826
0.832341
0.782555
0.832735
0.856808
0.873498
0.825197
0.809533
0.81749
0.774205
0.869639
0.875422
0.843571
0.896255
0.676312
0.816671
0.886989
0.872807
0.919607
0.897491
0.709504
0.906571
0.891844
0.919537
0.811828
0.822739
0.939278
0.871141
0.926991
0.848167
0.902689
0.875223
0.798045
0.73586
0.945158
0.920284
0.967948
0.770675
0.783632
0.837506
0.900887
0.895073
0.822997
0.855396
0.774664
0.802299
0.84243
0.837546
0.824431
0.801064
0.827346
0.89798
0.713061
0.880222
0.798718
0.807178
0.791064
0.847872
0.750444
0.954138
0.725784
0.86464
0.805617
0.655205
0.922401
0.830588
0.928755
0.882483
0.74203
0.813842
0.864737
0.852555
0.879986
0.901646
0.770442
0.845618
0.875214
0.766228
0.923491
0.955826
0.866661
0.883829
0.855806
0.866973
0.792756
0.795141
0.775144
0.831137
0.825994
0.884265
0.87902
0.867029
0.864996
0.879515
0.78982
0.905338
0.821422
0.814737
0.82183
0.847226
0.832601
0.839678
0.880734
0.860528
0.89443
0.884115
0.885232
0.721668
0.804288
0.87461
0.750988
0.915637
0.832956
0.781791
0.831061
0.85034
0.841837
0.790997
0.81954
0.917002
0.868725
0.948629
0.89323
0.93996
0.747072
0.856035
0.863275
0.880952
0.912192
0.953114
0.866595
0.81571
0.840002
0.88016
0.811691
0.723559
0.85771
0.88595
0.817567
0.827448
0.852244
0.749624
0.861711
0.843681
0.686739
0.849123
0.872652
0.812495
0.836573
0.83051
0.86926
0.936877
0.740852
0.876611
0.757592
0.941969
0.831913
0.868652
0.693062
0.822772
0.874045
0.851559
0.797644
0.842617
0.940793
0.834468
0.845514
0.985571
0.864951
0.90618
0.856854
0.867331
0.889064
