0.700662
0.736609
0.576915
0.461263
0.900866
0.414841
0.701496
0.733469
0.307637
0.535382
0.303694
0.887545
0.516939
0.469231
0.807429
0.679865
0.757689
0.862467
0.79876
0.812903
0.707613
0.611794
0.768299
0.679217
0.891715
0.877597
0.636465
0.407577
0.825424
0.631769
0.696882
0.447274
0.469135
0.938114
0.452418
0.399278
0.824226
0.723002
0.810653
0.508487
0.441699
0.75161
0.961004
0.468297
0.811923
0.694483
0.644253
0.711922
0.537102
0.82593
0.553851
0.849832
0.593041
0.534675
0.367065
0.840546
0.706148
0.397746
0.803358
0.852702
0.404616
0.540587
0.612906
0.703311
0.495881
0.878443
0.626807
0.798128
0.842532
0.678204
0.729578
0.573717
0.677564
0.73106
0.733811
0.535176
0.838671
0.596119
0.761451
0.506196
0.472491
0.880499
0.812119
0.906579
0.867313
0.832891
0.950931
0.828204
0.822138
0.889953
0.597772
0.874875
0.731833
0.782706
0.893809
0.541531
0.460849
0.560586
0.951821
0.777992
0.870707
0.555379
0.585209
0.27203
0.534341
0.82107
0.683347
0.643591
0.849507
0.959863
0.396372
0.843702
0.928478
0.391533
0.407625
0.878958
0.803551
0.774246
0.565564
0.435809
0.531992
0.879646
0.544428
0.853236
0.816232
0.558185
0.637206
0.795382
0.879272
0.359357
0.837996
0.742659
0.633123
0.905267
0.526852
0.538706
0.715795
0.320668
0.764399
0.715772
0.57401
0.311466
0.934357
0.858191
0.465608
0.71087
0.589069
0.970447
0.634018
0.825677
0.756767
0.658887
0.342577
0.602988
0.765338
0.597515
0.877495
0.853379
0.71281
0.993105
0.728963
0.804804
0.367159
0.803828
0.680555
0.719164
0.981077
0.693733
0.455506
0.738247
0.474195
0.476727
0.872072
0.669962
0.548619
0.641574
0.781942
0.611354
0.512259
0.597945
0.81929
0.732296
0.740069
0.76271
0.567455
0.657321
0.537901
0.93431
0.364175
0.809167
0.460954
0.815862
0.484323
0.693476
0.711815
0.932368
0.521259
0.405099
0.618384
0.979498
0.637279
0.307089
0.918841
0.88408
0.796415
0.720493
0.812575
0.958754
0.576524
0.447778
0.412666
0.405344
0.882398
0.959422
0.888506
4.89744e-10
0.427
0.691766
0.652569
0.495988
0.749559
0.658424
0.856472
0.910508
0.483916
0.270753
0.701061
0.583723
0.838663
0.748266
0.819184
0.49892
0.566736
0.383608
0.841453
0.728747
0.832202
0.836102
0.751315
0.55202
0.909902
0.638292
0.595208
0.569563
0.899398
0.548931
0.754208
0.690941
0.91788
0.972708
0.926431
0.314914
0.701221
0.645264
0.786014
0.677015
0.657682
0.764012
0.560901
0.878184
0.56079
0.70103
0.624803
0.531211
0.642561
0.501672
0.758831
0.728897
0.918123
0.4723
0.697496
0.367162
0.772554
0.743653
0.861271
0.862483
0.462932
0.421246
0.61905
0.89922
0.822055
0.410013
0.406624
0.703405
0.770769
0.324899
0.508655
0.792079
0.746825
0.87558
0.46401
0.992288
0.751804
0.70482
0.413548
0.658102
0.862059
0.391433
0.957529
0.772627
0.499706
0.779402
0.944857
0.621078
0.413514
0.62459
0.79041
0.61742
0.674602
0.583966
0.508743
0.463286
0.626992
0.372342
0.716206
0.580109
0.693776
0.759391
0.428699
0.907724
0.692967
0.787353
0.904473
0.986055
0.83728
0.762195
0.754089
0.711795
0.673303
0.625697
0.879732
0.636913
0.582676
0.504184
0.406859
0.556056
0.602463
0.778288
0.972226
0.931723
0.347538
0.777748
0.639128
0.556944
0.718994
0.743025
0.85393
0.618777
0.637636
0.878572
0.835384
0.860223
0.872082
0.848217
0.676484
0.724092
0.714173
0.301536
0.520957
0.661294
0.641067
0.762627
0.338129
0.700111
0.996752
0.332546
0.868164
0.395299
0.987248
0.649643
0.363301
0.421176
0.70415
0.491682
0.369562
0.587951
0.931869
0.411115
0.929951
0.627933
0.949015
0.773742
0.446254
0.517899
0.612894
0.487329
0.452459
0.960301
0.849083
0.818524
0.685744
0.367022
0.672555
0.7922
0.93065
0.820939
0.420447
0.627478
0.500645
0.973085
0.858102
0.927163
0.353679
0.52843
0.953452
0.915045
0.583865
0.581644
0.482359
0.852523
0.821908
0.509705
0.801661
0.731174
0.517594
0.480388
0.438265
0.728918
0.755624
0.370021
0.375941
0.791325
0.683535
0.832895
0.466698
0.371149
0.925647
0.679275
0.754885
0.833564
0.575569
0.656584
0.663088
0.840489
0.441982
0.761605
0.424315
0.486817
0.406904
0.867933
0.644529
0.84687
0.870994
0.379831
0.692008
0.677302
0.673192
0.939958
0.841432
0.766182
0.654449
4.5647e-10
0.574502
0.877583
0.705965
0.74106
0.466425
0.637697
0.979388
0.377623
0.978316
0.571377
0.554997
0.802225
0.608147
0.653096
0.64944
0.501037
0.415574
0.786368
0.573065
0.590913
0.625352
0.900407
0.589829
0.824129
0.769769
0.39347
0.49769
0.821641
0.835268
0.987614
0.518578
0.522422
0.591297
0.41676
0.780452
0.573915
0.81002
0.907952
0.732246
0.787094
0.542676
0.505595
0.887909
0.643875
0.666898
0.394063
0.534519
0.706641
0.719546
0.920809
0.911042
0.701525
0.482497
0.830872
0.835968
0.532532
0.765081
0.752947
0.893228
0.836778
0.968697
0.428411
0.31739
0.66724
0.691253
0.684037
0.653871
0.685556
0.478709
0.507164
0.829731
0.5804
0.485032
0.666635
0.89339
0.504278
0.781139
0.683781
0.69394
0.488977
0.539443
0.769562
0.795325
0.529334
0.535917
0.675044
0.589828
0.849018
0.571884
0.537078
0.689117
0.832795
0.348103
0.680674
0.722732
0.356942
0.404932
0.739909
0.609396
0.670145
0.793532
0.7992
0.650081
0.691124
0.762247
0.595484
0.54625
0.832733
0.61174
0.660414
0.534743
0.598065
0.335188
0.596556
0.657507
0.422447
0.568201
0.803791
0.835819
0.988539
0.611931
0.534224
0.466908
0.701713
0.55364
0.41055
0.557369
0.765528
0.714311
0.491035
0.677672
0.623979
0.905899
0.626985
0.671344
0.898773
0.484887
0.491748
0.384199
0.853211
0.552892
0.681055
0.605866
0.883855
0.679559
0.627701
0.704999
0.599696
0.627705
0.691796
0.898665
0.638122
0.855987
0.866784
0.63631
0.73759
0.642161
0.721716
0.898687
0.374365
0.953324
0.807159
0.45476
0.747009
0.67535
0.841876
0.750813
0.666847
0.582407
0.317568
0.329248
0.843711
0.947429
0.823915
0.730699
0.743119
0.533902
0.762712
0.915288
0.877832
0.646493
0.463662
0.431678
0.78379
0.824592
0.646438
0.554651
0.525932
0.899318
0.447325
0.469987
0.415365
0.618547
0.666576
0.807459
0.491423
0.439058
0.865032
0.773782
0.513879
0.805025
0.849696
0.966311
0.670247
0.643244
0.874779
0.411923
0.550061
0.505884
0.462596
0.962205
0.505493
0.400321
0.663666
0.848861
0.979029
0.56987
0.47798
0.587927
0.567959
0.922235
0.590011
0.945942
0.643391
0.998197
0.849696
0.72929
0.874383
0.729381
0.766348
0.727414
0.849611
0.388631
0.82097
0.827804
0.312654
0.821541
0.41571
0.557576
0.648411
0.462284
0.806221
0.798013
0.654885
0.496307
0.90426
0.887622
0.753013
0.488513
0.51899
0.571813
0.660144
0.63762
0.859778
0.824636
0.408987
0.474377
0.412547
0.520376
0.751376
0.350652
0.717093
0.663217
0.619859
0.426432
0.931197
0.690189
0.78943
0.441968
0.789783
0.533771
0.398894
0.993923
0.372953
0.59578
0.70545
0.978156
0.745788
0.788161
0.390291
0.637178
0.476608
0.752118
0.463152
0.76006
0.388587
0.737145
0.611667
9.12229e-10
0.890101
0.755108
0.413974
0.544087
0.948895
0.614067
0.677911
0.907096
0.50065
0.611323
0.73233
0.831437
0.781446
0.4552
0.711747
0.556293
0.8017
0.809775
0.413899
0.753529
0.558487
0.883909
0.608876
0.779708
0.948886
0.451577
0.904837
0.484641
0.713076
0.711081
0.609323
0.524054
0.662207
0.875007
0.859053
0.436688
0.656688
0.314194
0.700622
0.913797
0.386497
0.861643
0.409783
0.581468
0.845695
0.826639
0.798178
0.50582
0.782646
0.486726
0.723103
0.636931
0.576379
0.814206
0.416245
0.52679
0.316196
0.959343
0.836011
0.363779
0.879398
0.497419
0.393989
0.491319
0.652626
0.544199
0.831107
0.851383
0.720975
0.85589
0.702884
0.678953
0.865049
0.548713
0.555281
0.764761
0.48144
0.698999
0.522805
0.357356
0.61719
0.346019
0.632764
0.559438
0.747269
0.442866
0.483347
0.862862
0.952475
0.349367
0.623076
0.882804
0.404999
0.640676
0.403213
0.875528
0.41358
0.826872
0.556441
0.665673
0.99833
0.634421
0.72607
0.521868
0.74519
0.610278
0.535326
0.525254
0.430884
0.596435
0.809162
0.945758
0.528772
0.872716
0.876109
0.710402
0.772773
0.83782
0.509712
0.914204
0.751863
0.677697
0.790094
0.861149
0.754044
0.632793
0.845061
0.845721
0.714499
0.466635
0.693373
0.428152
0.71427
0.840485
0.670826
0.476317
0.480341
0.452229
0.628377
0.893043
0.777737
0.374402
0.384596
0.784377
0.878684
0.83752
0.916772
0.370908
0.678833
0.628122
0.815202
0.388625
0.347518
0.792637
0.671158
0.425528
0.818386
0.961257
0.716097
0.758548
0.923463
0.422901
0.643163
0.935778
0.836977
0.748595
0.789548
0.960095
0.802137
0.501682
9.79901e-10
0.548221
0.720928
0.794931
0.750925
0.921341
0.372348
0.329772
0.495813
0.655311
0.68787
0.534866
0.403044
0.767648
0.996343
0.364088
0.803006
0.711754
0.685098
0.36008
0.855583
0.419319
0.759049
0.550444
0.652478
0.793106
0.679057
0.682211
0.698366
0.841971
0.826463
0.909176
0.412686
0.939883
0.30832
0.738088
0.767952
0.661487
0.864892
0.655173
0.623489
0.750824
0.625989
0.279772
0.622484
0.726946
0.611992
0.699973
0.43743
0.949507
0.557591
0.736516
0.41608
0.828527
0.39927
0.436004
0.629908
0.761282
0.393338
0.453862
0.646321
0.789181
0.64681
0.564102
0.971122
0.834283
0.753917
0.704298
0.92118
0.739352
0.623043
0.704184
0.611294
0.552106
0.320259
0.579554
0.604283
0.39595
0.939894
0.942449
0.429806
0.574803
0.912604
0.643201
0.564068
0.570006
0.567372
0.371297
0.583373
