1.00213
1.00648
1.00881
1.03882
1.00104
1.03785
1.01132
1.04346
1.02866
1.00841
1.01396
1.0175
1.08724
1.05241
1.05008
1.00782
1.02328
1.00026
1.02236
1.02775
1.00113
1.06516
1.08048
1.01975
1.04825
1.04389
1.01942
1.07147
1.02474
1.0922
1.01125
1.04221
1.06879
1.05257
1.01248
1.09104
1.03804
1.0074
1.01641
1.06638
1.05653
1.00874
1.02977
1.03934
1.03089
1.06454
1.10297
1.0471
1.0062
1.02317
1.17802
1.00465
1.00521
1.02126
1.01137
1.0003
1.06354
1.01345
1.0242
1.01414
1.04566
1.05609
1.03567
1.00976
1.06225
1.02053
1.01986
1.04544
1.06647
1.00728
1.00184
1.01542
1.03719
1.0392
1.00648
1.07254
1.02527
1.02633
1.05856
1.00213
1.03837
1.0088
1.07383
1.01256
1.04099
1.01011
1.04323
1.15093
1.00848
1.06487
1.02056
1.054
1.06619
1.01987
1.07381
1.00899
1.01836
1.05925
1.03775
1.05964
1.08179
1.03063
1.00297
1.01165
1.07779
1.02927
1.02387
1.06459
1.0057
1.06909
1.00792
1.03433
1.07098
1.08433
1.04174
1.04674
1.02136
1.04077
1.05822
1.0146
1.03698
1.05675
1.04498
1.0154
1.00012
1.00001
1.04021
1.02073
1.02304
1.04379
1.02094
1.05598
1.03329
1.02745
1.04434
1.03369
1.04307
1.09477
1.05043
1.04067
1.01018
1.03907
1.00592
1.00175
1.0689
1.02704
1.04935
1.07547
1.01402
1.10639
1.04841
1.06042
1.01961
1.03415
1.00414
1.03182
1.02326
1.04159
1.04905
1.0049
1.02189
1.01052
1.0318
1.06647
1.03263
1.03072
1.00707
1.00808
1.03612
1.01458
1.03395
1.00839
1.04525
1.01244
1.08589
1.07569
1.02789
1.04789
1.01146
1.02262
1.02698
1.02942
1.01922
1.06091
1.03243
1.00034
1.01566
1.07384
1.0665
1.01111
1.04864
1.00107
1.05448
1.01253
1.05006
1.04941
1.01384
1.01011
1.04916
1.02702
1.08217
1.06349
1.00666
1.0193
1.05986
1.04078
1.00818
1.02823
1.016
1.0158
1.02046
1.03786
1.11007
1.07991
1.06988
1.0697
1.05199
1.02399
1.00801
1.04386
1.03932
1.10376
1.01252
1.07426
1.05385
1.00333
1.03088
1.02184
1.04713
1.05768
1.00165
1.01881
1.08176
1.06557
1.07235
1.02061
1.0264
1.05986
1.01491
1.14347
1.03696
1.05425
1.12651
1.02188
1.00128
1.00374
1.00518
1.01425
1.00267
1.03845
1.00854
1.03164
1.07524
1.04046
1.00446
1.03321
1.0489
1.03026
1.08946
1.03355
1.01566
1.02263
1.0054
1.00788
1.02253
1.07452
1.05248
1.0561
1.03668
1.02892
1.02792
1.01129
1.00893
1.01778
1.04974
1.02551
1.00578
1.0133
1.01919
1.07031
1.07346
1.02983
1.02117
1.03145
1.02609
1.02538
1.06536
1.00129
1.06858
1.05508
1.01391
1.02911
1.00031
1.05134
1.08258
1.00193
1.01543
1.00373
1.05651
1.05175
1.02887
1.01587
1.00601
1.04328
1.0266
1.02945
1.02979
1.03248
1.06642
1.04148
1.0285
1.01646
1.03698
1.06531
1.01209
1.00617
1.02534
1.04141
1.08325
1.04869
1.04023
1.01685
1.09471
1.05702
1.00537
1.04939
1.01962
1.00973
1.06692
1.03526
1.02401
1.05953
1.02109
1.05186
1.028
1.0197
1.02306
1.02994
1.03542
1.0414
1.02232
1.03503
1.01979
1.08768
1.00732
1.02573
1.06012
1.00769
1.00332
1.0127
1.05099
1.05995
1.05674
1.00997
1.01656
1.05912
1.03683
1.04293
1.0517
1.01437
1.04632
1.00297
1.06781
1.02227
1.03616
1.07886
1.03443
1.02259
1.03663
1.03281
1.04157
1.03081
1.02841
1.05716
1.00693
1.03981
1.05493
1.04223
1.04463
1.01525
1.01977
1.01737
1.02049
1.03091
1.02532
1.0057
1.0004
1.01072
1.01959
1.01377
1.04259
1.02599
1.05113
1.03
1.0306
1.02769
1.03397
1.04283
1.02458
1.00297
1.00273
1.06866
1.03839
1.11827
1.05461
1.02613
1.01722
1.02921
1.02828
1.06835
1.02735
1.01188
1.06655
1.00766
1.02452
1.01955
1.0139
1.03015
1.00792
1.03186
1.05597
1.05737
1.05259
1.05315
1.00125
1.02514
1.01056
1.02999
1.02228
1.01161
1.0164
1.06178
1.05062
1.08269
1.03112
1.05291
1.03233
1.01457
1.00732
1.02775
1.00842
1.05108
1.01584
1.0082
1.07202
1.03272
1.00107
1.09666
1.00061
1.03392
1.02569
1.06004
1.02688
1.06226
1.01252
1.02794
1.00277
1.06119
1.06459
1.0143
1.05693
1.022
1.03624
1.04034
1.09851
1.04453
1.00233
1.05784
1.01748
1.03799
1.02011
1.04543
1.02712
1.00747
1.00882
1.06828
1.02116
1.00707
1.02411
1.02233
1.08518
1.02561
1.01115
1.03632
1.00051
1.03397
1.01514
1.02551
1.14212
1.01995
1.03588
1.03083
1.02158
1.03557
1.05153
1
1.00742
1.02411
1.0087
1.06469
1.0135
1.06602
1.01356
1.03676
1.06844
1.05731
1.02772
1.0409
1.08205
1.00222
1.01184
1.01612
1.07867
1.03565
1.00281
1.16092
1.00185
1.0554
1.01875
1.07915
1.02248
1.02547
1.00078
1.05262
1.02247
1.00219
1.05426
1.00535
1.04437
1.02352
1.0027
1.02827
1.03502
1.0217
1.02338
1.05871
1.09944
1.00787
1.06215
1.01501
1.06667
1.0429
1.02651
1.02442
1.01594
1.10879
1.07003
1.02977
1.04529
1.02586
1.01576
1.001
1.08252
1.01511
1.0493
1.05258
1.01325
1.00767
1.04927
1.03744
1.04785
1.03819
1.08852
1.05783
1.04049
1.09794
1.01448
1.03178
1.09135
1.01471
1.02862
1.07414
1.06103
1.03001
1.01316
1.01882
1.01241
1.04963
1.06397
1.03722
1.04596
1.06215
1.12305
1.01471
1.02962
1.02733
1.07708
1.06238
1.02701
1.02462
1.00368
1.08159
1.01007
1.01341
1.02933
1.01831
1.0021
1.02657
1.04293
1.0001
1.07323
1.00211
1.06161
1.09713
1.00536
1.02575
1.01651
1.04149
1.03906
1.06893
1.04441
1.01652
1.08851
1.02534
1.04546
1.02266
1.03181
1.0413
1.0261
1.04397
1.06643
1.00184
1.04599
1.00638
1.04426
1.02928
1.15548
1.0814
1.07129
1.05953
1.05904
1.01567
1.02524
1.03996
1.00239
1.03302
1.08991
1.0215
1.02201
1.04436
1.02731
1.03541
1.07395
1.01997
1.07256
1.05574
1.02096
1.02908
1.1002
1.0536
1.11605
1.06476
1.00009
1.15677
1.04384
1.02718
1.06308
1.01657
1.03887
1.00847
1.00862
1.05284
1.01165
1.0012
1.03183
1.06379
1.07172
1.10443
1.00171
1.01927
1.02877
1.02277
1.01257
1.00778
1.02637
1.00091
1.05737
1.03314
1.01961
1.01262
1.08668
1.0448
1.05182
1.06133
1.01771
1.07763
1.05776
1.03101
1.00497
1.00526
1.07812
1.00115
1.02133
1.02874
1.02438
1.1319
1.00207
1.06835
1.01419
1.04468
1.05783
1.07178
1.03975
1.0122
1.04423
1.02051
1.06269
1.01013
1.06981
1.0714
1.0519
1.00838
1.01872
1.04318
1.02047
1.00359
1.05152
1.00656
1.03214
1.05604
1.00741
1.05737
1.03673
1.01907
1.00238
1.02049
1.05938
1.01794
1.01632
1.07288
1.02347
1.03323
1.01543
1.01962
1.03873
1.07268
1.02447
1.03406
1.03114
1.07089
1.01234
1.03805
1.02375
1.0201
1.00136
1.04991
1.04298
1.00753
1.01379
1.03012
1.00067
1.01368
1.03809
1.00256
1.05775
1.01011
1.12986
1.03355
1.00025
1.06361
1.15183
1.00158
1.03151
1.06428
1.04051
1.00017
1.07707
1.03412
1.01529
1.04778
1.03505
1.03491
1.04313
1.03225
1.02155
1.03071
1.03203
1.03574
1.00865
1.03006
1.00537
1.02565
1.06034
1.02933
1.03153
1.01431
1.08031
1.02356
1.03704
1.01699
1.0548
1.00562
1.01188
1.00427
1.04086
1.04366
1.01357
1.04844
1.03091
1.04014
1.04892
1.09242
1.03544
1.01699
1.09935
1.03297
1.05162
1.00477
1.06011
1.04281
1.07745
1.0127
1.02603
1.03338
1.04894
1.03566
1.01536
1.01706
1.02982
1.01347
1.07184
1.0477
1.03209
1.14459
1.01791
1.01943
1.04108
1.06084
1.00019
1.02845
1.00282
1.02876
1.04856
1.04802
1.06581
1.04392
1.04239
1.01615
1.02765
1.03972
1.07999
1.01599
1.02608
1.00857
1.01782
1.02364
1.01196
1.04254
1.01869
1.04057
1.05026
1.00954
1.02237
1.02676
1.08189
1.06189
1.01007
1.03741
1.06595
1.02665
1.01936
1.02766
1.01583
1.0591
1.00686
1.0452
1.00124
1.05631
1.00814
1.03332
1.02898
1.00493
1.05845
1.08273
1.06722
1.07559
1.01973
1.0638
1.01628
1.00323
1.02668
1.06269
1.03039
1.02868
1.00146
1.01432
1.01043
1.04021
1.06287
1.05535
1.10848
1.02622
1.01663
1.0162
1.0408
1.00624
1.04389
1.01391
1.0255
1.01167
1.00478
1.07166
1.08998
1.04467
1.0159
1.12925
1.03459
1.05966
1.00998
1.07624
1.03997
1.04122
1.0098
1.02016
1.06446
1.03271
1.03026
1.00964
1.0469
1.0197
1.00682
1.02224
1.04623
1.07106
1.00703
1.02171
1.0436
1.00656
1.00954
1.01334
1.00478
1.00773
1.04551
1.11817
1.07466
1.01563
1.01371
1.01193
1.0227
1.01656
1.03364
1.02562
1.04566
1.01903
1.03302
1.02719
1.01244
1.0765
1.02666
1.04571
1.03416
1.01621
1.03299
1.0102
1.01066
1.06456
1.0297
1.07323
1.04167
1.01617
1.02112
1.01342
1.01528
1.05219
1.02944
1.03633
1.00116
1.01207
1.05499
1.00719
1.00941
1.00039
1.01243
1.01581
1.03761
1.06703
1.00937
1.11845
1.00569
1.02361
1.00057
1.07453
1.05416
1.01808
1.01425
1.03817
1.10069
1.005
1.04896
1.01265
1.11293
1.0529
1.03469
1.0194
1.05659
1.00604
1.02499
1.01557
1.0718
1.04454
