0.635046
0.601865
0.391529
0.684821
0.674787
0.546973
0.564411
0.844399
0.719513
0.658425
0.593568
0.9129
0.871827
0.738021
0.918955
0.346435
0.87365
0.627232
0.870215
0.33607
0.536594
0.798454
0.663456
0.631351
0.832364
0.963556
0.594202
0.510744
0.925344
0.622471
0.710535
0.867007
0.92611
0.431546
0.680518
0.779584
0.533266
0.492166
0.458677
0.584786
0.74806
0.810672
0.518224
0.776112
0.643589
0.596404
0.436937
0.696397
0.485386
0.366235
0.545263
0.724133
0.936696
0.628917
0.477492
0.949855
0.501573
0.490844
0.713855
0.837302
0.893004
0.497863
0.652677
0.524096
0.566632
0.715979
0.780997
0.831316
0.622026
0.674869
0.825624
0.617944
0.449062
0.395687
0.694665
0.457416
0.449253
0.870204
0.707856
0.547621
0.690622
0.38365
0.821567
0.474826
0.914497
0.686667
0.705792
0.668368
0.591314
0.666354
0.646967
0.837546
0.355082
0.583444
0.473776
0.650104
0.695663
0.668476
0.432312
0.542953
0.553633
0.911637
0.734005
0.871595
0.670834
0.521787
0.454614
0.651065
0.438291
0.779778
0.860676
0.802365
0.825865
0.6336
0.438154
0.95199
0.934354
0.529261
0.728616
0.906222
0.846691
0.97344
0.635138
0.791791
0.513406
0.775735
0.695536
0.660292
0.657196
0.443686
0.468245
0.645529
0.865692
0.524114
0.596231
0.92197
0.779573
0.538797
0.380655
0.828516
0.796517
0.858012
0.522461
0.666658
0.856067
0.845391
0.847367
0.613931
0.985429
0.338363
0.735749
0.652806
0.463072
0.862234
0.457562
0.349167
0.766383
0.555806
0.603545
0.802197
0.676611
0.596142
0.843606
0.849355
0.557144
0.417859
0.705569
0.722815
0.750817
0.528891
0.62273
0.673887
0.966399
0.725155
0.670984
0.4822
0.535147
0.732587
0.908925
0.74742
0.805029
0.898432
0.774625
0.565346
0.684086
0.492715
0.646991
0.526917
0.938223
0.477676
0.760999
0.55849
0.581407
0.623529
0.567718
0.650705
0.774326
0.883911
0.843335
0.840512
0.660539
0.865254
0.484403
0.381134
0.477312
0.711924
0.483443
4.28973e-10
0.364406
0.672586
0.833353
0.666333
0.844481
0.379191
0.902655
0.337219
0.452638
0.691104
0.53964
0.80069
0.356214
0.467268
0.544893
0.559077
0.791513
0.564958
0.384633
0.418826
0.771263
0.455711
0.824586
0.780629
0.353213
0.892348
0.641029
0.443455
0.707272
0.863839
0.831935
0.64896
0.441257
0.549605
0.504089
0.592012
0.931747
0.94205
0.724875
0.498938
0.680578
0.754681
0.34094
0.683819
0.706671
0.729921
0.372155
0.462922
0.572981
0.92484
0.60014
0.72717
0.808243
0.886982
0.786721
0.604738
0.387416
0.665029
0.811395
0.64026
0.563364
0.658079
0.53552
0.586784
0.6595
0.666376
0.448536
0.549585
0.782346
0.342305
0.319411
0.594192
0.637671
0.547914
0.833209
0.857191
0.74014
0.71736
0.694095
0.791943
0.917777
0.549502
0.747618
0.960256
0.413592
0.784183
0.623539
0.436099
0.781717
0.517753
0.748792
0.316767
0.786886
0.687921
0.84127
0.545194
0.411969
0.510634
0.543297
0.856664
0.760055
0.608331
0.717018
0.50047
0.352226
0.910695
0.890762
0.648126
0.592407
0.635324
0.903553
0.785185
0.680004
0.69039
0.802633
0.617236
0.738894
0.609574
0.672058
0.79317
0.528587
0.793871
0.63634
0.683583
0.718362
0.83209
0.78837
0.943758
0.86942
0.772924
0.630387
0.54767
0.536703
0.97895
0.880907
0.843841
0.811638
0.777903
0.67062
0.322383
0.400967
0.561492
0.446152
0.34733
0.56224
0.611546
0.732901
0.514679
0.532922
0.305494
0.678136
0.522844
0.527814
0.390914
0.393465
0.53571
0.80266
0.614851
0.647044
0.588961
0.776712
0.423853
0.529541
0.498377
0.832786
0.486688
0.739236
0.862903
0.578456
0.737149
0.655287
0.549454
0.708586
0.648515
0.509172
0.446557
0.643772
0.672563
0.624565
0.646082
0.62771
0.830572
0.516323
0.422928
0.728958
0.61539
0.392195
0.587989
0.588323
0.651273
0.369208
0.594316
0.802774
0.444729
0.64896
0.763308
0.591115
0.487963
0.376028
0.937125
0.606539
0.95307
0.802639
0.88867
0.620216
0.468174
0.926897
0.540642
0.977639
0.621619
0.489508
0.756191
0.618243
0.780548
0.528445
0.390546
0.609466
0.515621
0.448733
0.45086
0.586734
0.962109
0.639371
0.415338
0.649583
0.599436
0.308244
0.962938
0.862435
0.619371
0.849459
0.85073
0.670107
0.61126
0.436773
0.646772
0.533921
0.460555
0.436859
0.333115
0.462662
0.973887
0.8831
0.684672
0.464761
0.49407
0.638688
0.593932
0.69264
0.734031
0.459026
0.444369
0.390687
0.670252
0.598652
0.777588
0.720374
0.504768
0.485159
0.442459
0.592646
0.6618
0.75586
0.677053
0.463547
0.783188
0.615852
0.909576
0.60991
0.720505
0.919648
0.674841
0.936685
0.830605
0.628929
0.63417
0.811977
0.550901
0.699646
0.602496
0.392092
0.856392
0.416176
0.900914
0.773465
0.819233
0.79921
0.513254
0.582614
0.577583
0.687072
0.415879
0.809685
0.632866
0.458743
0.457162
0.460251
0.615583
0.607748
0.787143
0.853558
0.581889
0.4789
0.535886
0.678065
0.49854
0.903148
0.975262
0.586906
0.867899
0.927914
0.766698
0.464336
0.619895
0.432622
0.708319
0.656519
0.524003
0.719292
0.823278
0.966804
0.521239
0.669897
0.764994
0.619008
0.891833
0.625661
0.777473
0.725814
0.342058
0.456049
0.755092
0.539537
0.705505
0.458378
0.598059
0.947421
0.834781
0.834639
0.532005
0.680728
0.969043
0.477373
0.578935
0.506967
0.36257
0.867743
0.599237
0.780165
0.655165
0.647085
0.842124
0.756076
0.619937
0.679031
0.503333
0.664803
0.75678
0.371228
0.615207
0.745697
0.652708
0.644794
0.684732
0.692499
0.304846
0.89197
0.524577
0.604323
0.881531
0.581871
0.427041
0.900193
0.475656
0.810603
0.495531
0.804423
0.547588
0.877972
0.786251
0.648593
0.416739
0.552007
0.866627
0.425234
0.474448
0.697969
0.325885
0.956064
0.350566
0.452973
0.506252
0.726769
0.393923
0.709662
0.779394
0.545197
0.677696
0.908076
0.779251
0.470135
0.63319
0.644261
0.602051
0.502869
0.995007
0.52077
0.569327
0.878208
0.84576
0.697232
0.508514
0.623792
0.815938
0.710535
0.611104
0.520536
0.353644
0.630771
0.70086
0.756993
0.326727
0.811728
0.869956
0.688418
0.836245
0.452693
0.816272
0.698909
0.715734
0.34639
0.669826
0.39687
0.63614
0.678067
0.622999
0.838565
0.340069
0.825347
0.510258
0.362876
0.947888
0.766777
0.281413
0.618284
0.884277
0.756355
0.941296
0.673925
0.859771
0.444021
0.472534
0.80872
0.890488
0.888559
0.832942
0.861666
0.934934
0.393452
0.875712
0.343755
0.902398
0.601992
0.466441
0.479724
0.732115
0.624663
0.581417
0.859254
0.539218
0.733138
0.683282
0.363816
0.508437
0.849141
0.570922
0.555402
0.524996
0.459852
0.680777
0.893752
0.69148
0.655689
0.397353
0.706192
0.756693
0.552838
0.82524
0.585105
0.750362
0.516202
0.969377
0.57819
0.685121
0.498772
0.741744
0.989284
0.580796
0.482977
0.52278
0.924372
0.69795
0.840463
0.807058
0.751829
0.870276
0.373314
0.393141
0.632463
0.78379
0.762065
0.498405
0.869093
0.688189
0.608004
0.689309
0.750352
0.539862
0.673366
0.84832
0.5924
0.304255
0.756561
0.960727
0.960333
0.759154
0.750239
0.886797
0.748254
0.568501
0.81953
0.5075
0.401991
0.495132
0.776792
0.556116
0.701032
0.557321
0.330872
0.566215
0.435203
0.977954
0.924062
0.363384
0.557294
0.571311
0.795383
0.622781
0.408403
0.891855
0.810299
0.737029
0.95773
0.315388
0.57189
0.538755
0.612252
0.387641
0.920288
0.559976
0.478556
0.833782
0.622957
0.40345
0.761596
0.522764
0.614864
0.707188
0.792695
0.539839
0.364007
0.656988
0.786783
0.423501
0.521875
0.954537
0.354494
0.653233
0.66554
0.724234
0.683251
0.552329
0.485386
0.604357
0.649356
0.714047
0.406105
0.774926
0.627748
0.801978
0.89316
0.893704
0.677729
0.378816
0.674173
0.778794
0.630781
0.570764
0.912799
0.675633
0.574937
0.350888
0.826852
0.720628
0.833036
0.635816
0.586513
0.643594
0.74013
0.427274
0.619392
0.483316
0.594302
0.824132
0.895588
0.699288
0.62679
0.872319
0.739339
0.432009
0.57056
0.411606
0.866459
0.565079
0.662506
0.623368
0.377974
0.739225
0.662688
0.603029
0.7665
0.852847
0.659776
0.662586
0.547133
0.713242
0.741246
0.559767
0.736527
0.844094
0.720688
0.626663
0.389377
0.564813
0.395358
0.774784
0.820452
0.441708
0.385074
0.342745
0.689747
0.746919
0.40906
0.634058
0.77547
0.787338
0.814982
0.411172
0.390139
0.486139
0.63497
0.59173
8.26326e-10
0.713887
0.595895
0.721064
0.465324
0.5426
0.659538
0.984783
0.836062
0.841025
0.407549
0.774106
0.762855
0.841591
0.669109
0.95803
0.462135
0.696144
0.774421
0.512115
0.769709
0.687716
0.438671
0.372442
0.904738
0.626122
0.899739
0.343358
0.920404
0.625931
0.544528
0.704596
0.621457
0.494206
0.777523
0.580557
0.466206
0.915237
0.824605
0.532973
0.665293
0.352116
0.424861
0.780164
0.571596
0.963834
0.707603
0.449536
0.959434
0.966628
0.475111
0.813365
0.713969
0.883588
0.672047
0.849299
0.606993
0.436114
0.839067
0.612485
0.540934
0.53342
0.473077
0.638407
0.594111
0.855511
0.341193
0.833404
0.707054
0.665508
0.964973
0.362994
0.761536
0.972335
0.707656
0.74896
0.60147
0.52285
0.387753
0.701942
0.408346
0.852384
0.505301
0.405835
0.632262
0.574248
0.730565
0.44476
0.749687
0.484495
0.603165
0.863341
0.412054
0.705868
0.891583
0.706461
0.836484
0.695098
0.706121
0.40163
0.293669
0.56903
0.976219
0.648355
0.82631
0.953357
0.873528
0.555232
0.830115
0.816576
0.733429
0.549067
0.640565
0.874705
0.84358
0.840206
0.535025
0.752061
0.76253
0.622262
0.398382
0.661545
0.818427
0.582225
0.720462
0.813923
0.63661
0.656812
0.967919
0.780219
