0.915335
0.801457
0.663467
0.993446
0.627864
0.293895
0.767198
0.696735
0.735676
0.94155
0.868188
0.737114
0.892388
0.660308
0.790159
0.705772
0.449742
0.892087
0.436763
0.846729
0.811621
0.581309
0.362437
0.702859
0.934746
0.449787
0.63484
0.639774
0.775382
0.551933
0.38376
0.686245
0.890906
0.958328
0.40722
0.783037
0.716635
0.547148
0.773948
0.564128
0.823555
0.323139
0.686708
0.839321
0.904913
0.723478
0.851344
0.903961
0.710434
0.56197
0.672105
0.691183
0.558014
0.841834
0.816584
0.553075
0.882376
0.429415
0.553442
0.611415
0.679683
0.524386
0.875422
0.862913
0.456552
0.831402
0.717626
0.735132
0.492508
0.675594
0.470635
0.568012
0.86156
0.678601
0.713598
0.771975
0.449396
0.752845
0.847838
0.392683
0.932272
0.536523
0.395459
0.778065
0.684911
0.607527
0.676207
0.446608
0.638553
0.558166
0.732807
0.449973
0.69814
0.412295
0.727958
0.611192
0.542663
0.541946
0.67903
0.811034
0.578833
0.919439
0.591576
0.516927
0.468742
0.500678
0.77546
0.711761
0.777753
0.467871
0.888694
0.483297
0.918725
0.604806
0.531507
0.965096
0.685877
0.576539
0.537293
0.433293
0.674972
0.329479
0.575744
0.899345
0.571576
0.860569
0.37964
0.575813
0.537661
0.831071
0.886662
0.856
0.799752
0.79796
0.387361
0.835065
0.763961
0.940142
0.608812
0.566036
0.647648
0.432218
0.516388
0.447186
0.782685
0.788868
0.849983
0.781451
0.556624
0.334441
0.609505
0.714622
0.548638
0.452207
0.733048
0.861566
0.92414
0.663044
0.632243
0.695488
0.499023
0.907715
0.641657
0.871988
0.759699
0.97479
0.63963
0.686581
0.329745
0.820982
0.584929
0.721971
0.436726
0.467512
0.599928
0.644649
0.538161
0.410659
0.847838
0.805095
0.922828
0.687095
0.56751
0.687526
0.614162
0.425185
0.665848
0.785839
0.631332
0.606595
0.72381
0.645787
0.681885
0.733963
0.648158
0.626676
0.908743
0.688442
0.917958
0.428029
0.604428
0.776551
0.700999
0.550086
0.569187
0.813788
0.558499
0.769728
0.842549
0.865641
0.830687
0.71787
0.356187
0.905448
0.931631
0.717836
0.850152
0.651801
0.577386
0.857826
0.929789
0.765166
0.416031
0.912458
0.436343
0.918731
0.961454
0.521204
0.758446
0.858906
0.910733
0.38153
0.466825
0.328289
0.533898
0.853325
0.647609
0.894592
0.833116
0.726201
0.733957
0.72305
0.338115
0.426209
0.539126
0.556336
0.965369
0.738286
0.633816
0.879768
0.398688
0.373694
0.339696
0.907049
0.445932
0.539591
0.82142
0.860434
0.766866
0.53393
0.796624
0.709163
0.504492
0.616283
0.852629
0.483287
0.48262
0.835326
0.887415
0.783683
0.783888
0.71607
0.8304
0.830007
0.543156
0.699208
0.914473
0.621214
0.69778
0.54617
0.82946
0.861183
0.817575
0.649407
0.637588
0.859696
0.325582
0.654908
0.761453
0.878044
0.509024
0.803913
0.969821
0.414135
0.575203
0.830334
0.707673
0.574715
0.365067
0.75318
0.736961
0.715545
0.574747
0.740761
0.632888
0.493607
0.502366
0.328964
0.755593
0.460129
0.415156
0.93341
0.773478
0.750371
0.406898
0.590624
0.494657
0.621275
0.389994
0.535547
0.490191
0.846066
0.831117
0.698102
0.574245
0.965652
0.579071
0.437669
0.813092
0.381198
0.794531
0.691412
0.363689
0.704615
0.617458
0.868553
0.845629
0.523158
0.738984
0.89101
0.715073
0.804521
0.809918
0.693727
0.482301
0.901609
0.7195
0.929534
0.710717
0.576371
0.652046
0.787815
0.639738
0.67736
0.557473
0.87733
0.595646
0.844588
0.885101
0.595552
0.833411
0.49685
0.64263
0.537472
0.64988
0.740841
0.632197
0.473692
0.92698
0.742834
0.396082
0.692965
0.711478
0.738867
0.9771
0.791492
0.926724
0.760591
0.894089
0.887634
0.610153
0.356743
0.910586
0.538658
0.834939
0.86565
0.346095
0.294299
0.972627
0.5402
0.946821
0.75547
0.541234
0.606315
0.694529
0.88807
0.871345
0.614605
0.497843
0.693459
0.752771
0.885779
0.807841
0.633511
0.972391
0.599163
0.745746
0.462082
0.374945
0.943322
0.548049
0.673477
0.487472
0.841712
0.815406
0.861915
0.697167
0.931737
0.670603
0.635957
0.652548
0.906942
0.764647
0.366193
0.590474
0.733612
0.780094
0.79128
0.452359
0.640715
0.472947
0.727665
0.741349
0.979499
0.586984
0.552272
0.796702
0.869318
0.881846
0.405991
0.516171
0.840013
0.506815
0.467902
0.729724
0.556509
0.772803
0.921675
0.837722
0.736856
0.749585
0.784614
0.58213
0.575132
0.69567
0.616428
0.491474
0.772365
0.666239
0.749319
0.78492
0.614396
0.604851
0.609619
0.557782
0.667831
0.597724
0.764084
0.736595
0.782659
0.763257
0.750868
0.362483
0.781478
0.56384
0.609473
0.704193
0.492898
0.685731
0.563727
0.873085
0.506448
0.839006
0.325774
0.896283
0.807265
0.465928
0.407212
0.81063
0.8699
0.437316
0.617365
0.743112
0.888089
0.467361
0.936749
0.552669
0.676922
0.40429
0.44094
0.794329
0.90571
0.556912
0.454542
0.867
0.608904
0.715341
0.924003
0.698085
0.515468
0.742231
0.762063
0.905201
0.868764
0.339313
0.683633
0.335226
0.820469
0.491033
0.555081
0.793919
0.621554
0.884847
0.856994
0.652393
0.678128
0.938531
0.841025
0.867636
0.737722
0.846766
0.416706
0.547415
0.637878
0.71812
0.856325
0.655687
0.518093
0.780443
0.772161
0.51624
0.60895
0.587243
0.849083
0.611203
0.773581
0.547056
0.531011
0.42498
0.87141
0.863174
0.550869
0.838589
0.405295
0.933113
0.482658
0.970535
0.805589
0.611343
0.867193
0.462337
0.798611
0.888942
0.698367
0.436193
0.687461
0.941594
0.532898
0.794779
0.708735
0.511654
0.478003
0.394679
0.795333
0.462012
0.863336
0.65359
0.366416
0.617504
0.616412
0.85802
0.999394
0.458128
0.670317
0.541508
0.521789
0.701938
0.751164
0.612309
0.643854
0.452965
0.388294
0.847667
0.447605
0.395129
0.760686
0.694237
0.8178
0.575693
0.525931
0.548568
0.862389
0.875096
0.85785
0.567117
0.371252
0.560728
0.601875
0.389876
0.524147
0.837631
0.776835
0.509154
0.428537
0.383542
0.764859
0.824447
0.831208
0.98104
0.928569
0.721423
0.833263
0.922791
0.871367
0.504591
0.639018
0.622466
0.700593
0.69809
0.837578
0.373024
0.82573
0.620868
0.524894
0.889213
0.65163
0.756988
0.77841
0.333005
0.644563
0.392474
0.684767
0.31181
0.831545
0.572325
0.661249
0.421534
0.926007
0.873588
0.3142
0.458871
0.744923
0.918079
0.625424
0.5932
0.663247
0.722868
0.671525
0.590085
0.825829
0.627339
0.763013
0.621972
0.679967
0.785292
0.724574
0.765111
0.40425
0.976589
0.440703
0.802032
0.850082
0.649404
0.686702
0.733841
0.625516
0.418687
0.750158
0.845627
0.646383
0.546295
0.969888
0.596585
0.518426
0.520771
0.590246
0.668745
0.532114
0.676515
0.4973
0.811751
0.644734
0.672529
0.787266
0.697879
0.744836
0.485524
0.8136
0.420132
0.382457
0.776688
0.994554
0.894451
0.540515
0.516255
0.75506
0.388532
0.630471
0.555087
0.872235
0.744128
0.634478
0.388705
0.550604
0.70712
0.964788
0.847521
0.849032
0.856024
0.660909
0.489283
0.482612
0.767052
0.710681
0.572323
0.717767
0.577794
0.400947
0.668743
0.423365
0.598697
0.377096
0.857142
0.821304
0.618157
0.896325
0.692218
0.886355
0.680706
0.643318
0.714833
0.738835
0.514209
0.768619
0.57866
0.647519
0.741791
0.820985
0.400053
0.597856
0.82306
0.693005
0.484535
0.513
0.86004
0.614996
0.558751
0.672226
0.341659
0.64257
0.54118
0.570168
0.987843
0.663908
0.663043
0.536695
0.781843
0.898416
0.401863
0.335595
0.50978
0.845849
0.720534
0.57554
0.856726
0.395314
0.686305
0.649737
0.986456
0.395874
0.480551
0.540925
0.858782
0.518825
0.796242
0.703628
0.721607
0.899766
0.405407
0.386823
0.799595
0.762771
0.764044
0.736635
0.593052
0.657316
0.990669
0.753217
0.492909
0.827771
0.645258
0.65903
0.935998
0.638974
0.703193
0.835644
0.495123
0.754945
0.600444
0.70228
0.770476
0.524653
0.796097
0.959055
0.677187
0.622197
0.475896
0.425925
0.839227
0.62118
0.705192
0.72799
0.783264
0.547431
0.414201
0.816316
0.84364
0.640476
0.647677
0.631963
0.589028
0.783406
0.890495
0.745994
0.719187
0.884941
0.950459
0.537761
0.479741
0.656815
0.728223
0.43352
0.712117
0.553582
0.376972
0.529235
0.350298
0.553053
0.576836
0.462449
0.618843
0.552461
0.69431
0.769051
0.751846
0.343029
0.725819
0.981035
0.41683
0.84211
0.694439
0.3007
0.613789
0.559835
0.705079
0.756927
0.900798
0.452622
0.61127
0.767513
0.942022
0.391634
0.706731
0.974969
0.900687
0.685525
0.676666
0.540327
0.657584
0.631582
0.833567
0.694003
0.732072
0.514331
0.813705
0.658539
0.465124
0.857057
0.876861
0.690528
0.738103
0.717205
0.582489
0.554268
0.663808
0.534494
0.424826
0.962738
0.708273
0.563903
0.461801
0.406783
0.358193
0.497689
0.545854
0.934745
0.563766
0.412912
0.953937
0.606674
0.608708
0.505165
0.635719
0.495702
0.488037
0.462158
0.772112
0.971943
0.750403
0.6774
0.655399
0.556194
0.7016
0.870245
0.659031
0.581346
0.840733
0.360409
0.678754
0.435026
0.860784
0.654714
0.646708
0.797075
0.986884
0.899188
0.721176
0.552975
0.575039
0.444882
0.717356
0.670063
0.548509
0.474031
0.801741
0.791561
0.618964
0.393633
0.856387
0.767728
0.680063
0.775047
0.701256
0.626032
0.525075
0.475745
0.533858
0.584369
0.95057
0.850489
0.561918
0.719765
0.444319
0.798007
0.714219
0.299396
0.647368
0.560721
0.606405
0.525393
0.585444
0.388672
0.681489
0.704144
0.86432
0.85564
0.839224
0.82415
0.817051
0.44462
0.621218
0.467736
0.94222
0.794842
0.868901
0.756314
0.57983
0.473316
0.763839
0.92179
0.854226
0.616707
0.493057
0.567344
0.537021
0.586699
0.565581
0.856144
0.757901
0.684079
