0.834262
0.490976
0.540758
0.547884
0.55435
0.882683
0.574711
0.933067
0.966336
0.660007
0.740538
0.735417
0.572653
0.844534
0.78399
0.642227
0.798361
0.624729
0.893138
0.782241
0.718746
0.395112
0.406561
0.905419
0.657518
0.728137
0.988786
0.814173
0.60396
0.749914
0.942794
0.555651
0.627777
0.501707
0.609947
0.729873
0.858348
0.94861
0.5227
0.804077
0.426667
0.786417
0.633837
0.519433
0.519547
0.595879
0.645938
0.90569
0.334691
0.824004
0.486997
0.499519
0.822943
0.54889
0.862628
0.926528
0.755121
0.724062
0.848623
0.46127
0.511823
0.662659
0.847609
0.57964
0.71187
0.587413
0.531734
0.634751
0.663626
0.903824
0.441974
0.504893
0.500862
0.681426
0.602698
0.969434
0.744873
0.51762
0.42994
0.734298
0.447145
0.62405
0.511775
0.770059
0.720611
0.618264
0.400672
0.491953
0.950551
0.790613
0.473085
0.469492
0.554134
0.702499
0.617724
0.68387
0.805707
0.570351
0.842533
0.411739
0.568339
0.793649
0.343125
0.688336
0.543367
0.716997
0.732915
0.758804
0.984654
0.82467
0.957991
0.535082
0.953119
0.393264
0.540884
0.535081
0.639008
0.541213
0.696094
0.554354
0.677772
0.655021
0.785113
0.666804
0.79363
0.638634
0.741702
0.753914
0.372522
0.769219
0.674695
0.616701
0.863696
0.814045
0.554591
0.589479
0.540628
0.745086
0.575849
0.607574
0.628394
0.709364
0.872719
0.914935
0.856822
0.919093
0.820156
0.427023
0.695196
0.915098
0.733611
0.631168
0.779761
0.763449
0.930908
0.731912
0.459374
0.393675
0.885031
0.855682
0.90175
0.388716
0.560435
0.677412
0.472585
0.453324
0.715453
0.501409
0.379253
0.833884
0.398714
0.475325
0.427409
0.537584
0.574431
0.910626
0.923836
0.619
0.817012
0.608589
0.686992
0.928933
0.824098
0.912543
0.831663
0.632293
0.877083
0.875229
0.77013
0.662081
0.678401
0.781037
0.369135
0.491552
0.774719
0.561364
0.879742
0.71557
0.738968
0.759921
0.719472
0.574152
0.378913
0.612878
0.932294
0.740926
0.474468
0.472032
0.63847
0.555479
0.744751
0.984902
0.546104
0.794233
0.452176
0.553621
0.858063
0.411
0.785062
0.355045
0.326635
0.815907
0.358351
0.478101
0.518081
0.618064
0.610314
0.508336
0.680796
0.628078
0.645205
0.845929
0.787067
0.662242
0.921807
0.759703
0.418146
0.560528
0.866448
0.520412
0.527931
0.392352
0.481337
0.637453
0.878483
0.792499
0.66062
0.584917
0.606811
0.404469
0.63375
0.794261
0.515024
0.5186
0.573157
0.55442
0.669656
0.8
0.548629
0.795395
0.701621
0.441224
0.727781
0.61761
0.710375
0.658475
0.543327
0.946139
0.733767
0.521619
0.894393
0.330873
0.80552
0.361187
0.826379
0.877106
0.506721
0.719311
0.690341
0.477646
0.498619
0.605435
0.403932
0.759383
0.430084
0.620206
0.647723
0.691778
0.370674
0.704254
0.843655
0.535702
0.76158
0.818481
0.520735
0.85265
0.629016
0.439334
0.97219
0.655978
0.78937
0.62566
0.384806
0.760613
0.895068
0.723104
0.500258
0.681622
0.693038
0.671543
0.802161
0.578501
0.672288
0.643654
0.73905
0.701465
0.335557
0.974477
0.591495
0.747754
0.742195
0.397241
0.841139
0.501524
0.810381
0.987978
0.52598
0.700371
0.814858
0.637603
0.555064
0.521574
0.775083
0.87676
0.532504
0.35608
0.916664
0.880162
0.494376
0.885596
0.461371
0.483099
0.847019
0.520678
0.610883
0.644649
0.661406
0.434283
0.491288
0.477609
0.77808
0.67751
0.802197
0.443939
0.554543
0.722222
0.616819
0.739386
0.513679
0.91712
0.667463
0.874107
0.948173
0.709171
0.756978
0.668358
0.539098
0.63231
0.491378
0.306206
0.569064
0.57673
0.734968
0.866642
0.566003
0.363031
0.355583
0.337732
0.58639
0.903498
0.553985
0.798763
0.816799
0.632102
0.394324
0.405674
0.414575
0.661539
0.861472
0.900077
0.629919
0.835554
0.639878
0.823871
0.517485
0.511227
0.612775
0.828682
0.587662
0.483789
0.639763
0.772408
0.722527
0.799114
0.607904
0.606841
0.588351
0.511091
0.55325
0.779154
0.555884
0.723733
0.875927
0.72513
0.87626
0.493547
0.699218
0.778821
0.651844
0.906404
0.399302
0.708841
0.57078
0.433126
0.408995
0.383473
0.697946
0.388805
0.666605
0.651384
0.778998
0.429879
0.873282
0.823414
0.561375
0.510218
0.819798
0.477703
0.89139
0.708804
0.889816
0.417607
0.703336
0.587215
0.633965
0.523251
0.646685
0.546721
0.563419
0.509982
0.562956
0.49363
0.564756
0.692744
0.502574
0.756118
0.33743
0.718135
0.8816
0.58138
0.788692
0.535422
0.454248
0.621955
0.583739
0.654885
0.61297
0.478867
0.406918
0.639529
0.769276
0.984608
0.919345
0.767721
0.829558
0.631434
0.451778
0.729883
0.740386
0.657592
0.892682
0.669154
0.829769
0.794371
0.789701
0.789344
0.838363
0.533257
0.406349
0.84506
0.529347
0.7209
0.685067
0.317424
0.646869
0.51985
0.776001
0.850147
0.967288
0.5717
0.634952
0.77893
0.747655
0.801212
0.795503
0.803202
0.431577
0.495061
0.53349
0.647109
0.554544
0.618029
0.669454
0.602259
0.7487
0.614161
0.715133
0.658643
0.589023
0.700248
0.854922
0.420494
0.796887
0.513373
0.589596
0.683181
0.707552
0.84169
0.509281
0.514357
0.879795
0.84323
0.656761
0.526568
0.673506
0.916439
0.78539
0.645477
0.747954
0.741345
0.405157
0.495754
0.857537
0.424001
0.861262
0.805628
0.579932
0.784712
0.661466
0.814024
0.586147
0.683219
0.696485
0.508205
0.913467
0.713357
0.664653
0.475216
0.618695
0.524836
0.917085
0.744924
0.821043
0.615469
0.689485
0.673076
0.818549
0.519519
0.86047
0.597183
0.424363
0.703675
0.856798
0.849077
0.365835
0.710409
0.822435
0.306093
0.723782
0.666314
0.847126
0.731091
0.650198
0.392941
0.895524
0.705304
0.699616
0.723248
0.670534
0.864081
0.747786
0.836777
0.519024
0.713124
0.569876
0.926034
0.887984
0.704157
0.69008
0.673395
0.663505
0.307352
0.880877
0.758726
0.773233
0.599321
0.602156
0.635207
0.735145
0.550332
0.728341
0.755241
0.659031
0.711148
0.691436
0.610173
0.662449
0.561105
0.578812
0.505417
0.726669
0.742494
0.824738
0.51348
0.701469
0.429027
0.853003
0.614422
0.852855
0.890213
0.438801
0.418241
0.873639
0.910679
0.90382
0.674396
0.761384
0.3919
0.455258
0.672081
0.711961
0.510117
0.793259
0.73367
0.612839
0.569854
0.433285
0.451805
0.641317
0.378027
0.373626
0.882693
0.726266
0.597749
0.856624
0.677142
0.437059
0.58391
0.844689
0.842443
0.588894
0.733454
0.537847
0.654425
0.77911
0.811715
0.417124
0.737313
0.669241
0.982387
0.611642
0.663898
0.844179
0.553648
0.90479
0.921942
0.695867
0.66404
0.498145
0.963933
0.690136
0.772519
0.50976
0.601302
0.531297
0.758813
0.40418
0.389461
0.597019
0.93882
0.554522
0.878998
0.983878
0.774292
0.656404
0.475855
0.523971
0.634668
0.548009
0.85591
0.4781
0.418819
0.446994
0.784175
0.591392
0.802092
0.916892
0.432071
0.864442
0.628277
0.585235
0.74709
0.89948
0.869782
0.437434
0.849683
0.570454
0.835422
0.991558
0.582299
0.525087
0.509309
0.765207
0.646949
0.467144
0.885292
0.395082
0.678776
0.540155
0.390106
0.589008
0.896751
0.54155
0.839481
0.707472
0.842923
0.549128
0.725447
0.590445
0.47612
0.364987
0.760207
0.892915
0.766925
0.484801
0.576069
0.709218
0.654286
0.651364
0.745248
0.676713
0.517576
0.678967
0.465661
0.559875
0.407081
0.810608
0.791508
0.619896
0.783578
0.523846
0.532318
0.711181
0.809018
0.575334
0.702062
0.964491
0.769462
0.949258
0.578324
0.414354
0.807737
0.657775
0.717364
0.909635
0.463241
0.686053
0.839627
0.788905
0.463295
0.498581
0.719072
0.638138
0.735333
0.88145
0.727668
0.774585
0.417375
0.909139
0.642351
0.663606
0.487032
0.551235
0.806403
0.592653
0.388764
0.694485
0.803869
0.604273
0.923252
0.80604
0.741736
0.551638
0.553441
0.50524
0.490793
0.58111
0.744462
0.921414
0.470633
0.624864
0.758299
0.544494
0.693589
0.572736
0.466903
0.845488
0.556826
0.433886
0.700296
0.506343
0.466804
0.662413
0.493302
0.934303
0.621405
0.900269
0.754951
0.589287
0.682192
0.688514
0.818903
0.688538
0.413878
0.876494
0.588018
0.519639
0.889047
0.502572
0.586262
0.591925
0.61017
0.589316
0.628404
0.451527
0.741298
0.768094
0.574235
0.614356
0.619141
0.838925
0.542387
0.987349
0.342442
0.696917
0.669532
0.949582
0.958701
0.792651
0.715168
0.405539
0.629906
0.477238
0.349505
0.575391
0.660545
0.800313
0.839427
0.705562
0.557503
0.935886
0.531624
0.484016
0.659317
0.934171
0.519374
0.791489
0.850873
0.879195
0.67935
0.449957
0.637507
0.654684
0.65745
0.789485
0.589898
0.670889
0.533103
0.314812
0.662839
0.605363
0.401959
0.857286
0.853873
0.555314
0.508276
0.755552
0.732273
0.746304
0.380131
0.680095
0.670961
0.788368
0.345015
0.627887
0.947515
0.848142
0.827493
0.750776
0.565789
0.324745
0.797716
0.455299
0.793032
0.487992
0.540742
0.75268
0.870762
0.822644
0.711717
0.796954
0.834497
0.703629
0.814827
0.542208
0.673682
0.863152
0.491897
0.813357
0.645111
0.968886
0.502782
0.705945
0.850218
0.695469
0.784917
0.373217
0.780103
0.941524
0.667831
0.906612
0.71092
0.644057
0.697821
0.631184
0.630873
0.768919
0.496872
0.85058
0.849484
0.890901
0.500459
0.39641
0.775344
0.865841
0.861462
0.712489
0.567588
0.553609
0.829719
0.86291
0.740587
0.688165
0.357919
0.729086
0.930919
0.320462
0.550137
0.825598
0.72636
0.381808
0.559133
0.582894
0.476035
0.68425
0.805139
0.39364
0.362228
0.935973
0.656313
0.400908
0.832101
0.746026
0.877919
0.939587
0.468402
0.665421
0.58939
0.510222
0.553099
0.852239
0.976947
0.762433
0.349993
0.582035
0.783395
0.828345
0.662431
0.323896
0.736979
