0.815592
0.733356
0.809395
0.674348
0.596202
0.341009
0.883791
0.650387
0.574061
0.5144
0.551122
0.847797
0.685909
0.522788
0.491656
0.84976
0.552713
0.646356
0.799518
0.61451
0.913883
0.509739
0.967048
0.905734
0.781771
0.947374
0.719279
0.396655
0.94267
0.339249
0.755251
0.831092
0.494448
0.797968
0.712342
0.678948
0.724164
0.771938
0.640808
0.674966
0.719097
0.911319
0.892061
0.633128
0.669917
0.467161
0.849894
0.742876
0.495727
0.641764
0.804692
0.387684
0.584774
0.747433
0.604295
0.478911
0.673359
0.854563
0.940529
0.701024
0.754153
0.817784
0.969289
0.434102
0.463589
0.878812
0.661189
0.86873
0.747805
0.625534
0.415251
0.442525
0.573128
0.423183
0.787444
0.663562
0.392643
0.797939
0.598707
0.543842
0.657959
0.720766
0.804365
0.517201
0.603218
0.47657
0.764869
0.654067
0.538062
0.617042
0.707509
0.517149
0.356021
0.898169
0.429195
0.669889
1e-09
0.938855
0.832794
0.707176
0.364589
0.555074
0.90411
0.461514
0.690933
0.969871
0.818897
0.626311
0.353442
0.640407
0.408447
0.903685
0.92312
0.40331
0.499395
0.779028
0.586067
0.408373
0.347971
0.743087
0.407545
0.87937
0.313238
0.631262
0.556663
0.888266
0.376146
0.708092
0.860688
0.929722
0.765576
0.775732
0.639657
0.773786
0.554014
0.984273
0.515738
0.548215
0.696103
0.617451
0.484752
0.525391
0.403001
0.911752
0.403733
0.615377
0.905226
0.865907
0.420071
0.696865
0.545496
0.776526
0.743079
0.954303
9.59666e-10
0.667463
0.939755
0.729167
0.9453
0.41887
0.721342
0.956928
0.592278
0.906391
0.873296
0.790336
0.655253
0.543823
8.7018e-10
0.740718
0.492078
0.404221
0.888241
0.561151
0.519154
0.968775
0.79913
0.974292
0.43008
0.950921
0.826579
0.821773
0.722491
0.414893
0.389547
0.617435
0.846339
0.506629
0.691819
0.692102
0.767038
0.736544
0.310111
0.700612
0.673562
0.391649
0.770542
0.62972
0.538489
0.800588
0.597213
0.464168
0.856225
0.519845
0.640839
0.86268
0.969216
0.779814
0.388047
0.615505
0.487384
0.62738
0.717778
0.62464
0.536628
0.58186
0.727475
0.555639
0.902992
0.678358
0.750374
0.594201
0.628722
0.596335
0.513233
0.922007
5.08438e-10
0.847539
0.76753
0.584506
0.403062
0.789595
0.714651
0.954831
0.353648
0.891345
0.571498
0.880202
0.391306
0.546842
0.634045
0.392921
0.941255
0.832439
0.72813
0.518549
0.649031
0.684832
0.627075
0.66048
0.375139
0.877943
0.85467
0.794008
0.782635
0.768831
0.719648
0.415692
0.7688
0.761284
0.476097
0.947521
0.468042
0.49916
0.594467
0.64223
0.670543
7.54606e-10
0.997276
0.78589
0.469854
0.771904
0.528684
0.728601
0.651685
0.770858
0.725591
0.606323
0.695415
0.868253
0.388317
0.72994
0.738795
0.678922
0.62783
0.504608
0.857462
0.654029
0.510789
0.649165
0.479705
0.431832
0.819495
0.761973
0.693545
0.318851
0.457848
0.408526
0.814719
0.708631
0.462566
0.791377
0.751611
0.561392
0.757428
0.654521
0.42922
0.735025
0.476984
0.81864
0.527832
0.714302
0.46477
0.756278
0.996942
0.602825
0.430388
0.447409
0.677288
0.422441
9.90261e-10
0.665974
0.597454
0.991904
4.79614e-10
0.826646
0.882204
0.634349
0.456635
0.857291
0.63933
0.829257
0.931493
0.539843
0.722924
0.816022
0.829046
0.966828
0.523638
5.87461e-10
0.812412
0.802629
0.827101
0.72855
0.495838
0.744805
0.879282
0.76419
0.921221
0.707685
0.877265
0.595333
8.86614e-10
0.759444
0.505101
9.98764e-10
0.644644
0.342374
0.719244
0.969933
0.853277
0.792079
0.422241
0.606458
0.304095
0.874516
0.544592
0.834113
0.55166
0.826233
0.754204
0.810948
0.488715
0.786452
0.883934
0.665114
0.968984
7.79072e-10
0.472271
0.928994
0.776324
0.646427
0.56272
0.722469
0.679558
0.882788
0.504655
0.531661
0.532883
0.508005
0.53412
0.417771
0.857217
0.492285
0.817025
0.350025
0.626967
0.699165
0.342838
0.650418
0.640056
0.398808
0.942114
0.900036
0.830773
0.397348
0.689215
0.405993
0.643933
0.71047
0.807095
0.688356
0.389588
0.629244
0.896003
0.611671
0.752964
0.628526
0.405432
0.730444
0.578742
0.959504
0.513809
0.92138
0.306103
0.331331
0.785446
0.653922
0.362938
0.90101
0.603444
0.901674
0.360498
0.785253
0.329016
0.828584
0.913552
0.699107
0.730593
0.703038
0.823817
0.759331
0.88904
0.692345
0.532865
0.404941
0.814027
0.651198
0.951857
0.924169
0.640615
0.565611
0.750583
0.665386
0.48195
0.78026
0.591774
0.944527
0.748934
0.77059
0.339883
0.845412
0.807944
0.691014
0.414601
0.50394
0.443695
0.93241
0.366107
8.65147e-10
0.665691
0.649205
0.653834
0.491822
0.917929
0.52247
0.619823
0.612169
0.601409
0.697639
0.803475
0.855362
0.723588
0.758446
0.557036
0.898166
0.769152
0.67303
0.870717
0.985199
0.919846
0.483623
0.699959
0.845643
0.849057
0.561732
0.90243
0.705029
0.46196
0.374694
0.814671
0.383109
0.471015
0.746301
0.417148
0.633526
0.728765
0.7602
6.00229e-10
0.571561
0.523975
0.416101
0.587961
0.7168
0.512703
0.337137
0.526409
0.471439
0.979298
0.86292
0.879755
5.05447e-10
0.670319
0.54064
0.863327
0.70647
0.619255
0.666499
0.945647
0.453493
0.829665
0.892659
0.660674
0.748571
0.569836
0.896894
0.511746
0.851692
0.381397
0.979967
0.391737
0.559195
0.810584
0.934477
0.70709
0.514448
0.402486
0.394172
0.86578
0.487435
0.984437
0.614468
0.654687
0.805843
0.392535
0.995822
0.525347
7.07531e-10
0.587258
0.93182
0.641389
0.812706
0.768117
0.338303
0.622538
0.408374
0.97136
0.528087
0.956045
0.783244
0.548046
0.899981
0.489631
0.830613
0.845006
0.738968
0.419546
0.57517
0.848126
5.8145e-10
0.936458
0.575362
0.635738
0.459453
0.428414
0.545603
0.791158
0.989975
0.672164
0.901299
0.755195
0.411868
0.944184
0.815933
0.756701
0.899865
7.83562e-10
0.631893
0.872518
0.481209
0.489143
0.809975
0.666501
0.514978
0.352871
0.904404
0.46237
0.725363
0.857683
0.714766
0.592545
0.581021
0.938277
0.658183
0.844886
0.709593
0.887308
0.526436
0.618237
0.779324
0.607936
0.431865
7.17771e-10
0.836003
0.32125
0.650458
0.5079
0.481376
0.81689
0.356049
0.37217
0.935482
0.73354
8.49552e-10
0.904911
0.924168
0.931569
0.681118
0.857412
0.859567
0.89898
0.736147
0.847711
0.808097
0.447276
0.603555
0.5194
0.72824
0.801824
0.916895
0.456962
0.436068
0.36092
0.868418
0.704351
0.56834
0.874509
0.878895
0.496283
0.569845
0.963578
0.61689
0.353315
0.962118
0.722954
0.550976
0.536631
0.806916
0.847837
0.749822
0.643454
0.795861
0.628812
0.796588
0.751231
0.838831
0.73992
0.720952
0.740159
0.714553
0.847214
0.876261
0.527681
0.67797
0.562025
0.97624
0.785562
0.791211
0.686549
0.403106
0.847765
0.562801
0.846358
0.82726
0.757477
0.684727
0.68282
0.916559
0.580445
0.699154
0.891478
0.714187
0.576327
0.891254
0.656774
0.547591
0.901103
0.706995
0.696429
0.901816
0.741401
0.467072
0.465509
0.885648
0.759723
0.647679
0.851115
0.451559
0.524172
0.772995
0.382687
1.00233e-09
0.630436
9.51297e-10
0.733523
0.410676
0.550053
0.967418
0.440233
0.431769
0.662896
0.661281
0.340154
0.953101
0.851435
8.96121e-10
0.70439
0.674449
0.882292
0.820331
0.801457
0.416661
0.451534
0.478632
0.630729
0.791521
0.834911
0.78459
0.515793
0.850389
0.310415
0.671581
0.759108
0.385656
0.590636
0.645896
0.822003
0.641974
0.920572
0.573504
0.369125
0.819758
0.499967
0.51623
0.426302
0.608197
0.333865
0.893224
0.495871
0.709501
0.533082
0.442919
0.441921
0.366152
0.977661
0.667056
0.816898
0.563607
0.714243
0.421939
0.313134
0.661742
0.742149
0.848622
0.636253
0.990937
0.67156
0.940424
0.392774
0.618249
0.371732
0.994551
0.786331
0.593196
0.863529
0.84578
0.888887
0.431831
0.844978
0.721878
0.515897
0.820485
0.362177
0.706806
0.583207
0.616163
0.613039
0.67503
0.460655
0.765136
0.913653
0.435302
0.583052
0.554895
0.588816
0.752951
0.772528
0.888302
0.577011
0.567902
0.708514
0.397279
0.871926
0.407767
0.712641
0.895016
0.509506
0.763528
0.445555
0.954901
0.974409
0.907713
0.516982
0.506615
0.688906
0.931434
0.768553
0.773827
0.827704
0.738228
0.829998
0.618368
0.530981
0.820355
0.823949
0.332321
0.78892
0.556779
0.451635
0.454569
0.506029
0.865354
0.764663
0.770456
0.996485
0.323879
0.621262
0.505395
0.728912
0.411213
0.891596
0.862889
0.719916
0.570626
0.691704
0.31425
0.39956
0.59315
0.910576
0.525586
0.463359
0.81814
0.970782
0.633331
0.812214
0.900925
0.505108
0.413564
0.817586
0.871367
0.600349
0.619024
0.736773
0.516299
7.04189e-10
0.423219
0.654454
0.879461
0.569528
0.914116
0.773098
0.535318
0.34443
0.682143
0.898871
0.733398
0.909549
0.52371
0.621609
0.866224
0.717891
0.373277
0.558827
0.428206
0.365962
0.722446
0.658165
0.594175
0.577214
0.503143
0.555555
0.595047
0.907823
0.858031
0.541338
0.469087
0.749768
0.714626
0.594744
0.827238
0.570697
0.588549
0.368924
0.749367
0.58572
0.561864
0.929247
0.834938
0.577529
0.843658
0.780153
0.930617
0.586233
0.516493
0.772832
0.59469
0.458198
0.448403
0.913638
0.647502
0.672098
0.408223
0.826823
0.45848
0.552273
0.494104
0.807939
0.518596
0.697011
0.468179
0.711413
0.888814
0.541616
0.777194
0.523235
0.76034
0.869343
0.67741
0.547138
0.496183
0.368841
0.499484
0.693852
0.5708
0.62008
0.900919
0.636778
0.789435
0.592992
0.374503
0.590463
0.788164
0.518481
0.978374
0.68252
0.903629
0.772486
0.770989
0.459339
0.929693
0.753055
0.675344
0.805955
0.519065
0.825871
0.705685
1.00092e-09
0.542744
0.322995
0.647157
0.376997
0.66293
0.853262
0.601396
0.548507
0.653886
0.773049
0.526886
0.552777
0.713509
