0.715378
0.476317
0.554442
0.776188
0.884758
0.709002
0.535427
0.37906
0.943467
0.535648
0.579055
0.626525
0.483716
0.494673
0.750119
0.744066
0.974533
0.914031
0.846031
0.308794
0.730073
0.842016
0.761737
0.594093
0.813805
0.590395
0.442454
0.397651
0.546975
0.591275
0.841834
0.818364
0.570393
0.318003
0.826812
0.516095
0.520229
0.605028
0.465478
0.355822
0.786682
0.482765
0.564709
0.913138
0.755819
0.703251
0.537357
0.615361
0.560172
0.715377
0.780539
0.361585
0.687605
0.447446
0.823038
0.936644
0.770551
0.780667
0.839013
0.737866
0.629789
0.501418
0.864756
0.894204
0.486215
5.95378e-10
0.74328
0.686868
0.785036
0.775184
0.701628
0.773385
0.75294
0.661054
0.708626
0.936792
0.466632
0.440309
0.652612
0.612829
0.858287
0.637962
0.91743
0.352925
0.280395
0.855165
0.711052
0.399237
0.855901
0.575978
0.787949
0.692513
0.544111
0.566476
0.432601
7.90568e-10
0.633022
0.571943
0.508635
0.514431
0.889779
0.905786
0.561345
0.481928
0.88141
0.881735
0.587258
0.597864
0.392385
0.434699
0.69749
0.509195
0.537741
0.471149
0.564019
0.440748
0.50488
0.539952
8.42859e-10
3.9974e-10
0.645699
0.483725
0.543801
0.555819
0.909491
0.688597
0.869022
0.827255
0.85816
0.78937
0.328001
0.569865
0.341036
0.697119
0.378404
0.837517
0.56344
0.59794
0.61623
0.860014
0.873102
0.779891
0.910261
0.420714
0.629851
0.89782
0.752339
0.548819
0.790695
0.44264
0.498382
0.478554
0.899294
0.683044
0.743356
0.556794
0.684243
0.811099
0.383784
0.510942
0.45259
0.378307
0.509589
0.786956
0.603304
0.567598
0.412586
0.865229
0.732506
0.90576
0.548146
0.704908
0.711399
0.712415
0.426262
0.579473
0.403751
0.930569
0.421772
0.775924
0.441773
0.539878
0.716936
0.832069
0.518609
0.502348
0.607788
0.522444
0.632443
0.681519
0.685174
0.353849
0.678304
0.769002
0.480254
0.742183
0.393978
0.890474
0.758763
0.769804
0.894945
0.754462
0.717333
0.853083
0.655238
0.946441
0.699876
0.515817
0.761103
0.569333
0.816791
0.730691
0.372702
0.741506
0.557182
0.736355
0.898626
0.779354
0.581921
0.959206
0.92302
0.648001
0.829165
0.639916
0.854625
0.850275
0.694245
0.631993
0.641529
0.742473
0.463045
0.757187
0.776469
0.912224
0.425312
0.769988
0.597551
0.810868
0.408296
0.710353
0.582746
0.49537
0.38749
0.797059
0.556974
0.369646
0.737228
0.93753
0.526943
0.871588
0.579743
0.449905
0.439606
0.41484
0.435204
0.44301
0.582971
0.812705
0.834185
9.88498e-10
0.723139
0.451297
0.700863
0.718217
0.538181
0.603581
0.408986
0.424549
0.99238
0.58079
0.591386
0.565127
0.889748
0.349537
0.675047
0.945738
0.564909
0.710554
0.35833
0.440458
0.590813
0.444064
0.458858
0.720328
0.39318
8.17141e-10
0.703292
0.919932
0.805125
0.656648
0.860008
0.783201
0.890453
0.473732
0.858919
0.332346
0.934733
0.735638
0.597302
0.559706
0.748063
0.348983
0.419509
0.526689
0.797205
0.464317
0.675411
0.428984
0.908305
0.868121
0.742232
0.344898
0.777396
0.579268
0.631271
0.951794
0.638991
0.537939
0.391958
0.751437
0.464178
0.770876
0.856972
0.640731
0.777186
0.806359
0.824076
0.51937
0.456179
0.771204
0.687776
0.430119
0.315665
0.889048
0.526149
0.841444
0.365806
0.98589
0.813161
0.628917
0.696662
0.519377
0.332665
0.594845
9.3562e-10
0.569763
0.720116
0.552523
0.599702
0.73112
0.560772
0.739435
0.878342
0.682555
0.948243
0.825492
0.775778
0.824765
0.797942
0.576145
0.724893
0.471972
0.845043
0.507066
0.787811
0.376381
8.58241e-10
0.718617
0.506236
0.898462
0.686819
0.881783
0.626897
0.808317
0.467175
0.67909
0.590288
0.383491
0.772218
0.68515
0.794076
0.612742
0.995797
0.342975
0.841498
0.6046
0.752394
0.862822
0.683074
0.50601
0.345926
0.676245
0.755561
0.425381
0.624742
0.67119
0.743618
0.608846
0.750417
0.554926
0.589514
0.714311
0.654075
0.436695
0.57786
0.427255
0.731588
0.472725
0.524443
0.56076
0.883085
0.926472
0.392554
0.771224
0.885231
0.40556
0.828555
0.992069
0.688491
0.595576
0.937351
0.82134
0.845826
0.395264
0.770395
0.717495
0.741861
0.56029
0.825521
0.705976
0.481622
0.334122
0.411555
0.993657
0.623112
0.856562
0.520013
0.439218
0.853023
0.776414
0.687663
0.829188
0.603674
0.745406
0.648971
0.837309
0.654181
0.671018
0.644746
0.866761
0.647451
0.686268
0.813499
0.543947
0.54491
0.368087
0.597503
0.955458
0.619866
0.606109
0.522299
0.573214
0.901335
0.815584
0.352072
0.351106
0.746554
8.00412e-10
0.843921
0.847478
0.437682
0.613282
0.620037
0.453384
0.458366
0.814034
0.479306
0.888111
0.370341
0.716961
0.74186
0.752391
0.892143
0.519338
0.760825
0.708204
0.377377
0.813221
0.502033
0.571687
0.787797
0.627844
0.535698
0.883289
0.41886
0.67988
0.442846
0.741327
0.705831
0.331239
0.723994
0.43356
0.351781
0.383606
0.938345
0.800862
0.87431
0.728153
0.723237
0.879045
0.626541
0.907258
0.86511
0.733258
0.828165
0.759161
0.508195
0.445659
0.582188
0.661335
0.439529
0.665066
0.759157
0.846017
0.509166
0.377155
0.753333
0.411357
0.566589
0.722364
0.901156
0.701835
0.564981
0.392724
0.897051
0.69047
0.745409
0.397708
0.95494
0.936104
0.556698
0.577582
0.784292
5.46698e-10
0.872314
0.746574
0.726361
0.891745
0.893795
0.859054
0.490822
0.623182
0.898629
0.371515
8.83873e-10
8.95626e-10
9.16369e-10
0.940908
0.871195
0.766376
0.586223
0.499775
0.780045
0.86815
0.606417
0.833127
0.406045
0.69955
0.75124
0.810109
0.597539
0.816104
0.742225
0.661512
0.676354
0.886738
0.698013
0.578244
0.610578
0.564209
0.956348
0.754643
0.931635
0.61618
0.835854
0.473996
0.506592
0.912061
0.361302
0.501189
0.50736
0.729935
0.481538
0.698056
0.56231
0.591037
0.488991
0.911883
0.925493
0.816059
0.695533
0.694732
0.392039
0.658466
0.978115
0.611959
0.775545
0.765291
0.402992
0.752197
7.62125e-10
0.394813
0.787854
0.436658
7.23553e-10
0.778275
0.655711
0.682131
0.7073
0.920005
0.461311
0.443654
0.87014
0.627755
0.920457
0.865394
0.277148
0.810133
0.683685
0.964234
0.700938
0.490065
0.874814
2.03338e-09
0.819074
0.493219
0.452496
0.855757
0.683994
0.847826
0.711545
0.851523
0.558547
0.778164
0.924341
0.662295
0.608617
0.674234
0.632626
0.892014
0.783017
0.855671
0.523589
0.932244
0.823701
0.786662
0.587483
0.361667
0.436117
0.886137
0.772482
0.938824
0.83695
0.378305
0.409102
0.488455
0.819385
0.785981
0.809447
0.864619
0.341389
0.329688
0.33998
0.643304
0.695009
0.60083
0.754732
0.729942
0.859123
0.52913
0.932111
0.98727
0.921938
0.564885
0.337766
0.674608
0.789828
0.919041
0.419006
0.94427
0.368126
9.09693e-10
0.668685
0.696146
0.419473
0.529945
0.533099
0.804164
0.790599
0.952482
0.857728
0.928536
0.419646
0.924525
5.43857e-10
0.592118
0.64628
0.491613
0.914023
0.60559
0.849285
0.791358
0.874893
0.819066
0.456023
0.546579
0.692238
0.934776
0.87987
0.65202
0.667336
0.530464
0.357519
0.507868
0.41612
0.297154
0.940936
0.604465
0.916829
0.687134
0.830261
0.503149
0.439663
0.618201
0.91399
0.833956
0.761617
0.838357
0.420761
0.834572
0.396388
0.454083
0.585162
0.686333
0.566436
0.581216
0.942045
0.414813
0.54884
0.581232
0.486796
0.335005
0.326309
0.484206
0.457893
0.868714
0.871905
0.574986
0.897521
0.653302
0.451455
0.451225
0.527773
0.873377
0.818126
0.487853
0.389668
0.844439
0.865863
0.758182
0.592028
0.76734
0.839115
0.95231
0.858307
0.953072
0.772701
0.985746
0.914711
0.668003
0.517033
0.395211
0.849248
0.957732
0.860276
0.835912
0.685547
0.41765
0.758423
0.676501
0.630561
0.631022
0.366668
0.679622
0.984503
0.615353
0.598718
0.554395
0.582627
0.885973
0.680765
0.822003
0.698782
0.847377
0.598893
0.541554
0.729979
0.503617
0.913598
0.830785
0.93338
0.784626
0.824686
0.477139
0.953852
0.467809
0.787258
0.571088
0.404477
0.53779
0.547003
0.468683
0.641144
9.05982e-10
0.825735
0.919826
5.90774e-10
0.718861
0.350153
0.562131
0.655397
0.258125
0.491143
0.337903
0.817364
0.7115
0.583537
0.86674
0.60729
0.809292
0.618452
0.720446
0.529789
0.559795
0.795563
0.734098
0.996875
0.730118
0.628692
0.855561
0.655073
0.5684
0.703023
0.956336
0.616526
0.458084
0.785985
0.612634
0.822809
0.903762
0.399143
0.352946
0.645694
0.68716
0.378062
0.3358
0.488009
0.766133
0.53169
0.665465
0.567074
0.795222
0.776526
0.537474
0.854363
0.923411
0.596979
0.560615
0.746948
0.573766
0.705232
0.507927
0.604221
0.480331
0.588441
0.474804
0.742284
0.528206
0.284876
0.46619
0.946062
0.533694
0.29144
0.646804
0.54184
0.696994
0.514434
0.950017
0.41845
0.896022
0.660263
0.456732
0.940301
0.631913
0.546538
0.849662
0.879356
0.52571
0.406386
0.65414
0.541289
0.513801
0.531709
0.459187
0.61895
0.772796
0.58898
0.761139
0.471606
0.92896
0.725486
0.563355
0.964168
0.849204
0.532214
0.545017
0.7349
8.82428e-10
0.797301
0.877338
0.711435
0.753058
0.800644
0.466738
0.993188
0.967522
0.772981
0.671519
0.391091
0.844586
0.830104
0.625977
0.968814
0.658643
0.368143
0.663841
5.98789e-10
4.01523e-10
0.798493
0.489716
0.874273
0.418367
0.468821
9.07525e-10
0.650008
0.591766
0.853738
0.532337
0.74126
0.389843
0.878733
0.863048
0.732291
0.687468
0.529945
7.40449e-10
0.655881
0.896279
0.940643
0.72465
0.50291
0.548188
0.471461
0.467295
0.913984
0.931796
0.592899
0.482699
0.70518
0.654501
0.556343
0.387859
0.381989
9.20323e-10
0.299767
0.802886
0.698044
0.32211
0.626279
0.818269
0.564156
0.597732
0.770425
0.588258
0.278882
0.320904
0.965923
0.776649
0.682013
0.460297
