1.00111
1.05172
1.01286
1.11727
1.02933
1.00518
1.03184
1.0131
1.05027
1.01376
1.03137
1.02469
1.07063
1.0218
1.09591
1.01845
1.07703
1.00996
1.03971
1.05942
1.00046
1.04282
1.01001
1.02043
1.0396
1.0129
1.01016
1.06319
1.00378
1.00499
1.04712
1.01995
1.12377
1.01498
1.09453
1.05778
1.04412
1.02747
1.06286
1.05312
1.00317
1.03102
1.00115
1.01474
1.05761
1.06536
1.04174
1.04013
1.03285
1.05943
1.06133
1.02328
1.01238
1.00946
1.1172
1.02706
1.07384
1.0455
1.01394
1.01075
1.04885
1.00203
1.01912
1.00192
1.04795
1.0152
1.01632
1.02133
1.0061
1.01695
1.00403
1.00075
1.00256
1.04814
1.00141
1.05638
1.0027
1.06226
1.03376
1.03716
1.00971
1.00151
1.03512
1.01005
1.03904
1.04098
1.05384
1.06229
1.01665
1.12016
1.01527
1.02944
1.04297
1.08989
1.00356
1.00967
1.01595
1.04874
1.04499
1.0089
1.02582
1.01245
1.03273
1.00421
1.02133
1.01356
1.03592
1.0284
1.00508
1.01023
1.02473
1.00387
1.02707
1.04621
1.04653
1.08834
1.00418
1.01002
1.09063
1.01617
1.05549
1.04989
1.01703
1.00492
1.01089
1.0779
1.04205
1.05149
1.001
1.00555
1.0011
1.06009
1.03583
1.07701
1.03662
1.04784
1.00736
1.02149
1.01042
1.03182
1.02087
1.04756
0.999999
1.03266
1.07998
1.06468
1.00571
1.02511
1.00009
1.08684
1.04202
1.02624
1.02773
1.0096
1.02088
1.0093
1.02098
1.07189
1.0203
1.01927
1.00911
1.08838
1.00008
1.0905
1.04936
1.06027
1.00437
1.05534
1.00823
1.07582
1.12226
1.01974
1.01357
1.06137
1.03978
1.01042
1.02121
1.00579
1.04523
1.079
1.06665
1.09853
1.03209
1.03127
1.00793
1.00993
1.04036
1.12034
1.00474
1.01997
1.04246
1.02345
1.01487
1.03565
1.01011
1.06611
1.01574
1.01155
1.02666
1.0196
1.0007
1.0271
1.01018
1.03995
1.00977
1.01861
1.01492
1.00077
1.02074
1.1118
1.0117
1.03009
1.06451
1.02962
1.00047
1.06318
1.00173
1.08329
1.02799
1.02018
1.00253
1.02797
1.00468
1.00362
1.02518
1.05274
1.07038
1.00471
1.0412
1.00198
1.02221
1.04676
1.12241
1.05263
1.05815
1.02267
1.06826
1.05197
1.0377
1.0198
1.03063
1.04224
1.04002
1.05317
1.00508
1.01198
1.0418
1.02603
1.0611
1.03071
1.04143
1.02792
1.0306
1.02397
1.02179
1.00016
1.06917
1.03147
1.02336
1.02238
1.04154
1.05715
1.00075
1.02259
1.00402
1.02692
1.03196
1.04241
1.0063
1.06713
1.10446
1.08303
1.03108
1.0397
1.00592
1.03161
1.01328
1.05325
1.03483
1.01213
1.00071
1.01916
1.00419
1.06885
1.04238
1.00897
1.0831
1.04565
1.01411
1.02061
1.05568
1.02128
1.03796
1.00394
1.02932
1.06702
1.04422
1.03032
1.0173
1.01315
1.08551
1.0603
1.00374
1.00886
1.02308
1.04544
1.00328
1.03351
1.10324
1.10985
1.03435
1.03198
1.05749
1.00002
1.05168
1.0596
1.01385
1.1021
1.02236
1.00037
1.01513
1.00199
1.02732
1.03543
1.05499
1.01594
1.09995
1.01486
1.01066
1.02675
1.03799
1.00082
1.05319
1.05389
1.00398
1.03162
1.02594
1.06124
1.01661
1.02031
1.06911
1.00947
1.08062
1.02234
1.06301
1.06643
1.01977
1.01267
1.01146
1.02811
1.01694
1.02266
1.02176
1.01172
1.07414
1.00339
1.02349
1.12853
1.02771
1.01095
1.06933
1.01566
1.00363
1.00047
1.0036
1.00822
1.01733
1.0034
1.05284
1.07282
1.00492
1.02756
1.07521
1.03922
1.00788
1.06111
1.04984
1.00855
1.0889
1.03705
1.01831
1.03295
1.00242
1.11784
1.00133
1.0298
1.00906
1.04624
1.02197
1.01879
1.00456
1.01499
1.02627
1.01472
1.005
1.0019
1.02661
1.04426
1.01159
1.03245
1.03199
1.0178
1.02341
1.13229
1.02982
1.08394
1.03776
1.0141
1.01457
1.07413
1.09357
1.0334
1.0902
1.04425
1.01691
1.03796
1.04277
1.04797
1.01672
1.01374
1.03897
1.10625
1.00756
1.03062
1.02028
1.03458
1.00089
1.04498
1.06588
1.00976
1.0135
1.00381
1.04162
1.00187
1.01327
1.04971
1.01033
1.02549
1.01228
1.00004
1.0035
1.0325
1.18955
1.02188
1.01761
1.1563
1.03975
1.05826
1.02577
1.00553
1.03079
1.01355
1.02955
1.02508
1.06176
1.00009
1.01672
1.01498
1.02916
1.04354
1.07704
1.07793
1.0386
1.0232
1.02031
1.02387
1.02295
1.04422
1.00181
1.01242
1.00161
1.0733
1.04519
1.03123
1.0065
1.03877
1.01202
1.00588
1.06595
1.01975
1.12381
1.03032
1.05863
1.04802
1.05957
1.05595
1.0291
1.06705
1.0397
1.00175
1.0037
1.08286
1.04086
1.0397
1.01294
1.02807
1.01172
1.01341
1.02551
1.08726
1.02891
1.00157
1.01509
1.04316
1.05297
1.03153
1.04808
1.01393
1.00227
1.02487
1.03286
1.00111
1.0172
1.00621
1.00953
1.03298
1.03617
1.00919
1.01995
1.00641
1.04048
1.00217
1.06448
1.02721
1.02911
1.00083
1.02441
1.00101
1.06704
1.02954
1.00348
1.06591
1.01443
1.00352
1.03513
1.01731
1.11276
1.01029
1.04163
1.02962
1.00934
1.04012
1.02179
1.021
1.04673
1.04704
1.04056
1.03211
1.0713
1.01285
1.02002
1.03177
1.04144
1.01692
1.00409
1.01166
1.00764
1.00304
1.0336
1.06263
1.02118
1.01606
1.05011
1.04945
1.03866
1.02796
1.02985
1.02502
1.00121
1.07334
1.02128
1.01745
1.00352
1.02305
1.02278
1.01042
1.02902
1.00334
1.0798
1.05678
1.01088
1.00855
1.00766
1.00772
1.03958
1.05338
1.04077
1.0288
1.03197
1.00493
1.05836
1.0522
1.11138
1.01373
1.01289
1.02426
1.03361
1.00521
1.04292
1.02203
1.01776
1.06651
1.04235
1.02961
1.01562
1.00373
1.07108
1.05416
1.00553
1.11916
1.03522
1.00544
1.00545
1.02452
1.02375
1.02002
1.00702
1.00537
1.03593
1.0065
1.00739
1.01496
1.02483
1.04637
1.02805
1.00335
1.01608
1.05499
1.02605
1.05155
1.09111
1.03051
1.17028
1.02374
1.01608
1.01079
1.02496
1.01046
1.01708
1.00703
1.04557
1.01361
1.05618
1.0197
1.04716
1.06327
1.04722
1.01665
1.00479
1.05533
1.01384
1.01654
1.11304
1.0105
1.00758
1.03676
1.10083
1.09471
1.14014
1.00451
1.01095
1.04278
1.02275
1.00897
1.04262
1.02929
1.035
1.01501
1.05286
1.01653
1.00581
1.0538
1.01582
1.04443
1.01329
1.05261
1.01512
1.02308
1.0558
1.00134
1.00972
1.0334
1.00848
1.05597
1.01472
1.01577
1.01581
1.01842
1.00376
1.02745
1.00512
1.08188
1.00001
1.00129
1.01308
1.03389
1.02346
1.04198
1.01666
1.0211
1.04551
1.07499
1.01025
1.04143
1.00126
1.01528
1.05375
1.06682
1.03429
1.02679
1.02463
1.02303
1.02132
1.01995
1.00385
1.02798
1.03904
1.0668
1.09716
1.03105
1.01676
1.02732
1.00046
1.01299
1.0355
1.00289
1.05244
1.00844
1.01664
1.12122
1.0177
1.02883
1.01812
1.0217
1.09031
1.01942
1.04595
1.00302
1.01381
1.00603
1.02568
1.00498
1.08874
1.01801
1.01205
1.0634
1.06679
1.00088
1.03178
1.03593
1.0253
1.02963
1.0207
1.00702
1.02494
1.0069
1.01084
1.01146
1.02991
1.01143
1.01777
1.04952
1.16672
1.01881
1.00151
1.00913
1.02499
1.01149
1.01638
1.01672
1.00985
1.14128
1.02509
1.03302
1.01615
1.00575
1.01305
1.04203
1.01972
1.01377
1.06094
1.02022
1.01635
1.00808
1.03005
1.02787
1.0142
1.0191
1.07755
1.03274
1.02241
1.04491
1.01533
1.02457
1.05397
1.04829
1.05859
1.0229
1.08659
1.0977
1.00568
1.09042
1.06949
1.03701
1.01838
1.04222
1.01745
1.09875
1.04344
1.0517
1.01833
1.0323
1.01481
1.02824
1.02714
1.0018
1.09896
1.02164
1.01724
1.05982
1.00352
1.07804
1.01368
1.06036
1.09085
1.01952
1.00549
1.02666
1.00849
1.06324
1.03736
1.05204
1.0498
1.0622
1.0082
1.0323
1.00492
1.0351
1.02014
1.06109
1.07023
1.01806
1.07036
1.02512
1.0007
1.02784
1.02531
1.02598
1.00997
1.03515
1.01449
1.05068
1.03833
1.03068
1.02107
1.03299
1.00022
1.03943
1.01273
1.06489
1.04521
1.02795
1.05179
1.07766
1.00557
1.01506
1.0415
1.0289
1.06415
1.13062
1.03362
1.0683
1.01398
1.04986
1.09442
1.02936
1.02122
1.01425
1.00235
1.02606
0.999999
1.01994
1.04135
1.04854
1.01925
1.02997
1.02429
1.0532
1.03295
1.04341
1.05291
1.03588
1.01413
1.05762
1.06611
1.00066
1.01306
1.06792
1.05819
1.06015
1.01186
1.062
1.03677
1.0234
1.02882
1.03767
1.00311
1.04469
1.0383
1.06047
1.01882
1.09108
1.03784
1.01202
1.03776
1.03673
1.06951
1.0196
1.04176
1.04718
1.04059
1.07411
1.00319
1.01776
1.02063
1.03824
1.00392
1.04152
1.0119
1.01978
1.03525
1.00889
1.12086
1.00203
1.04541
1.00605
1.00454
1.03789
1.02046
1.01852
1.00712
1.00525
1.00981
1.03804
1.01841
1.04276
1.08981
1.01722
1.05193
1.00963
1.0542
1.04702
1.04903
1.1311
1.04469
1.03523
1.05031
1.03127
1.06425
1.00616
1.06663
1.02398
1.04217
1.0069
1.00937
1.12167
1.0455
1.03875
1.00772
1.007
1.0037
1.03772
1.06312
1.00605
1.02641
1.01719
1.10784
1.00701
1.09308
1.03602
1.06387
1.12959
1.00713
1.00551
1.00484
1.00562
1.00047
1.00115
1.06059
1.0314
1.09307
1.05255
1.06477
1.0628
1.02645
1.04227
1.03367
1.01632
1.05792
1.00642
