0.873785
0.600436
0.781025
0.53144
0.580933
0.468701
0.888336
0.408885
0.433391
0.601255
0.605213
0.923078
0.651626
0.841737
0.346041
0.712082
0.508668
0.882364
0.269835
0.918177
0.433448
0.845091
0.623986
0.533613
0.331425
0.369501
0.639096
0.745359
0.570788
0.525688
0.73611
0.318428
0.667211
0.574688
0.800749
0.882672
0.907198
0.532153
0.980669
0.844284
0.623934
0.678524
0.810729
0.561487
0.594377
0.69393
0.808886
0.887924
0.885849
0.737812
0.368155
0.954235
0.557011
0.832417
0.815838
0.608503
0.592223
0.858324
0.654928
0.418662
0.582481
0.451287
0.632628
0.698034
0.70783
0.716273
0.683304
0.854054
0.935618
0.963164
0.635453
0.982378
0.763666
0.768614
0.517683
0.839586
0.758738
0.507827
0.387625
0.288788
0.546064
0.46331
0.49565
0.728505
0.783821
0.413443
0.688448
0.725115
0.673269
0.803169
0.371738
0.37488
0.774211
0.774489
0.669729
0.713189
0.750503
0.54113
0.356337
0.630898
0.594325
0.382399
0.410075
0.747081
0.715627
0.806331
0.496543
0.568926
0.91303
0.698243
0.71941
0.424211
0.506158
0.578088
0.491739
0.871875
0.774563
0.353777
0.771113
0.405226
0.569304
0.802063
0.493863
0.562463
0.998134
0.799795
0.762148
0.528117
0.293753
0.421791
0.910657
0.681514
0.644418
0.591725
0.826148
0.592475
0.707713
0.777094
0.554914
0.666613
0.765412
0.841262
0.661695
0.427195
0.367357
0.542654
0.815466
0.385275
0.885505
0.733995
0.739625
0.568339
0.803693
0.662952
0.830792
0.504212
0.843228
0.7305
0.579534
0.664227
0.543801
0.888767
0.872193
0.738167
0.759203
0.680557
0.611527
0.832246
0.364159
0.76961
0.492037
0.74204
0.748053
0.908319
0.831635
0.48851
0.459063
0.816389
0.322453
0.604097
0.486833
0.645235
0.531432
0.744964
0.896738
0.866307
0.568083
6.02179e-10
0.802998
0.436704
0.885874
0.854186
0.876658
0.559572
0.647519
0.7229
0.976579
0.713456
0.411714
0.613037
0.373411
0.524532
0.41643
0.503771
0.967571
0.721586
0.406042
0.352889
0.8289
0.583136
0.921645
0.414515
0.741754
0.506981
0.917217
0.828438
0.619672
0.658306
0.40722
0.595579
0.83418
0.572418
0.544142
0.753816
0.606599
0.661341
0.497556
0.718383
0.641046
0.57624
0.33981
0.716601
0.728986
0.520915
0.295824
0.363277
0.716582
0.851794
0.831428
0.637388
0.694396
0.782278
0.729001
0.931299
0.712969
0.605822
0.899863
0.615086
0.654135
0.404296
0.928835
0.648213
0.561793
0.522775
0.877579
0.761582
0.862091
0.703384
0.626677
0.426539
0.569295
0.379221
0.756255
0.890157
0.406028
0.883694
0.805193
0.86588
0.864667
0.349132
0.613232
0.351819
0.834842
0.777408
0.463864
0.354077
0.827697
0.566864
0.869063
0.863824
0.597566
0.451386
0.779827
0.808515
0.565036
0.437384
0.616597
0.743685
0.918866
0.538918
0.772373
0.643774
0.672098
0.547488
0.792972
0.586767
0.796505
8.61324e-10
0.933216
0.677674
0.731371
0.800339
0.338176
0.512268
0.438813
0.450864
0.78432
0.609297
0.55583
0.905453
0.590755
0.517509
0.885399
0.678458
0.35012
0.783543
0.681038
0.607925
0.642111
0.331997
0.680373
0.360553
0.605547
0.788832
0.405232
0.696267
0.803907
0.509284
0.517314
0.854159
0.431307
0.792636
0.637987
0.615292
0.862037
0.808857
0.514185
0.906346
0.473371
0.510681
0.924279
0.355731
0.581538
0.452899
0.573715
0.497481
0.638051
0.76395
0.37751
0.556619
0.607381
0.894452
0.632437
0.886144
0.574138
0.62301
0.787063
0.524002
0.54533
0.717314
0.712499
0.552017
0.937407
0.801023
0.504932
0.450399
0.501906
0.781916
0.679216
0.813177
0.865344
0.417249
0.837416
0.871662
0.570167
0.845801
0.612153
0.798237
0.458476
0.408749
0.721413
0.580321
0.780293
0.696245
0.809562
0.309369
0.825507
0.731436
0.299414
0.566129
0.995516
0.541511
0.484279
0.396967
0.803578
0.822502
0.540611
0.755569
0.476915
0.917051
0.713821
0.352651
0.655735
0.788452
0.467561
0.403891
0.715405
0.432579
0.716243
0.742582
0.3311
0.675407
0.53733
0.433497
0.539628
0.725942
0.617839
0.502577
0.3626
0.395331
0.350271
0.726508
0.780753
0.561327
0.805085
0.320922
0.823611
0.996322
0.749087
0.550519
0.807844
0.711167
0.614165
0.632916
0.999341
0.824297
0.522554
0.386151
0.74164
0.543959
0.438025
0.858322
0.687425
0.725675
5.43364e-10
0.788712
0.811857
0.796586
0.640785
0.49129
0.438317
0.811562
0.529874
0.811286
0.540494
0.892392
0.850587
0.464999
0.772194
0.826653
0.837989
0.818112
0.890681
0.760418
0.709798
0.823948
0.661074
0.830479
0.840012
0.663672
0.970314
0.446308
0.591102
0.633119
0.867596
0.630054
0.573175
0.882024
0.75331
0.8346
0.64501
0.653443
0.952114
0.761449
0.42568
0.766109
0.623275
0.655061
0.43967
0.443452
0.933035
0.626126
0.946769
0.68348
0.760627
0.815862
0.878596
0.700091
0.860467
0.792515
0.88832
0.394816
0.650333
0.953536
7.11302e-10
0.829584
0.739164
0.845513
0.766479
0.80045
0.577921
0.76694
0.638659
0.926421
0.518731
0.634631
0.443941
0.688091
0.674395
0.657539
0.503137
0.470064
0.429065
0.491204
0.495977
0.454396
0.740066
0.653909
0.466941
0.720171
0.794245
0.392114
0.752174
0.482566
0.47349
0.503701
0.892546
0.652236
0.913454
0.618491
0.6012
0.50795
0.406092
7.22521e-10
0.467043
0.973109
0.411099
0.80844
0.610972
0.539276
0.443516
0.966669
0.746564
0.663063
0.992808
0.829494
0.926295
0.712007
0.824281
0.424458
0.866444
0.82538
0.701656
0.891079
0.316366
0.896985
0.633759
0.610153
0.375641
0.772203
0.798054
0.721345
0.845501
0.374319
0.798864
0.675494
0.535979
0.546857
0.778119
0.656542
0.972788
0.721236
0.824784
0.869847
0.740027
0.683439
0.752456
0.660521
0.368048
0.61561
0.695261
0.662116
0.349921
0.621056
0.625664
0.936437
0.752471
0.843243
0.505337
0.700997
0.626078
0.725789
0.512224
0.581869
0.57278
0.46673
0.401161
0.708702
0.996938
0.664239
0.740034
0.92469
0.430135
0.654879
0.932076
0.82496
0.822672
0.466462
0.565747
0.770447
0.541151
0.459981
0.793521
0.534423
0.421295
0.708075
0.426687
0.508855
0.596532
0.586544
0.514936
0.511249
0.576918
0.846493
0.902955
0.877205
0.837822
0.679184
0.495425
0.998847
0.51685
0.574653
0.714319
0.400604
0.707272
0.59948
0.735957
0.619773
0.700232
0.595356
0.767492
0.400785
0.44476
0.562079
0.657701
0.494739
0.876668
0.826669
0.482168
0.541928
0.526891
0.916644
0.568035
0.829622
0.938354
0.920722
0.726844
0.744992
0.753383
0.496258
0.414319
0.382632
0.521507
0.657303
0.690197
0.79152
0.329457
0.633292
0.473346
0.619617
0.639109
0.510725
0.700333
0.52658
0.461753
0.384813
0.892929
0.495467
0.741445
0.889143
0.939036
0.926925
5.7406e-10
0.591562
0.757467
0.799382
0.972213
0.81903
0.409552
0.448057
0.851556
0.394763
0.752007
0.579827
0.404782
0.622528
0.754874
0.714016
0.904523
0.327591
0.734869
0.554911
0.979583
0.465192
0.422806
0.853202
0.71073
0.452423
0.74399
0.659684
0.878607
0.624266
0.389647
0.938412
0.854523
0.789605
0.658675
0.903612
0.597059
0.913605
0.525195
0.380996
0.668618
0.935649
0.498458
0.881453
0.634069
0.785269
0.446939
0.681731
0.609948
0.592412
0.620997
0.977343
0.419396
0.887308
0.652172
0.778642
0.292214
0.441454
0.627913
0.693201
0.800865
0.417816
0.845379
0.491032
0.779865
0.762289
0.550244
0.730569
0.786897
0.556306
0.806287
0.311862
0.972083
0.82717
0.425963
0.637596
0.425903
0.670478
0.718489
0.559839
0.871422
0.608961
0.496564
0.893054
0.821938
0.628041
0.476548
0.791732
0.821409
0.723523
0.76294
0.781989
0.872917
0.976102
0.525787
0.430788
0.619683
0.951327
0.659517
0.861132
0.500185
0.638875
0.487959
0.939242
0.289385
0.395994
0.339663
0.58877
0.346525
0.872903
0.582091
0.623742
0.488732
0.89821
0.580993
0.404344
0.807503
0.834569
0.55988
0.948767
0.720526
0.722677
0.720294
0.731906
0.563695
0.825104
0.609966
0.967378
0.447906
0.487852
0.745123
0.637422
0.41332
0.612286
0.687878
0.569547
0.859931
0.432776
0.708939
0.877188
0.871635
0.831243
0.94464
0.722778
0.424039
0.694957
0.55796
0.417575
0.491542
0.548749
0.763578
0.601317
0.478424
0.714833
0.734619
0.712849
0.622986
0.968053
0.818549
0.9904
0.5206
0.681684
0.628988
0.751776
0.901483
0.412289
0.76689
0.709856
0.863338
0.801613
0.702105
0.601839
0.875085
0.976485
0.338455
0.909803
0.539142
0.552231
0.60113
0.401614
0.578218
0.77952
0.463017
0.839995
0.861091
0.495157
0.434107
0.368817
0.528493
0.78785
0.857854
0.792037
0.874814
0.730784
0.388348
0.518387
0.538893
0.412693
0.824375
0.466244
0.604274
9.81346e-10
0.748653
0.612222
0.749068
0.836675
0.648885
0.868468
0.577524
0.612013
0.507668
0.334323
0.628463
0.577814
7.2153e-10
0.808664
0.443944
0.858875
0.528391
0.640486
0.724647
0.782604
0.649623
0.46988
0.804212
0.766262
0.494781
0.638202
0.413329
0.533741
0.81755
0.676455
0.777349
0.772993
0.714826
0.912997
0.606867
0.906315
0.725794
0.792842
0.400497
0.899532
0.87871
0.836157
0.558512
0.864372
0.625133
0.753167
0.799056
0.412358
0.655019
0.561905
0.690503
0.380381
0.832048
0.41594
0.624889
0.511922
0.782051
0.951983
0.628412
0.792608
0.562422
0.572871
0.577626
0.470065
0.542957
0.842685
0.760392
0.497583
0.6071
0.795865
0.458083
0.589972
0.383529
0.920858
0.827628
0.668828
0.47496
0.626667
0.876408
0.616853
0.639461
0.559775
0.551708
0.806496
0.73512
0.670952
0.356237
0.688348
0.71966
0.603695
0.865121
0.893478
0.471117
0.541276
0.477039
0.624548
0.747396
0.768803
0.830267
0.776302
0.48437
0.962092
0.884332
0.806815
0.285547
0.710444
