1.03045
1.03292
1.03468
1.03785
1.03656
1.03842
1.03868
1.04066
1.04152
1.04089
1.04065
1.04189
1.04137
1.04145
1.04228
1.04367
-1
-1
-1
-1
-1
-1
-1
-1
0.381883
0.306462
0.303883
0.659769
0.516431
0.731493
0.636408
0.53186
0.689283
0.386162
0.514363
0.109853
0.107793
0.131237
0.110526
0.106619
0.112515
0.111261
0.113855
0.111333
0.115625
0.125682
0.108448
0.114637
0.133213
0.106323
0.106849
0.118099
0.113187
0.105553
0.111443
0.118986
0.1194
0.108334
0.112008
0.120169
0.154572
0.135151
0.135546
0.115119
0.108344
0.119457
0.109206
0.115884
0.107487
0.125411
0.106781
0.179577
0.117338
0.143516
0.127188
0.114214
0.136492
0.135076
0.122822
0.115351
0.167041
0.150575
0.116997
0.113103
0.133826
0.111332
0.124649
0.116182
0.120064
0.111654
0.113484
0.109512
0.116492
0.111508
0.109017
0.110231
0.111021
0.110235
0.108713
0.117025
0.114037
0.107823
0.112982
0.142958
0.107148
0.112141
0.111968
0.118494
0.11456
0.108839
0.116423
0.118664
0.115216
0.109787
0.126864
0.130694
0.109981
0.110057
0.111793
0.108082
0.10627
0.113706
0.116061
0.107358
0.112253
0.143958
0.106719
0.105989
0.1106
0.1118
0.107216
0.108431
0.128387
0.142147
0.111127
0.118007
0.114469
0.112912
0.119853
0.127394
0.108554
0.117919
0.139909
0.10875
0.125532
0.118125
0.114333
0.107935
0.123769
0.107085
0.133032
0.144368
0.107361
0.119394
0.124356
0.107958
0.112526
0.17
0.117779
0.10748
0.111867
0.114389
0.112034
0.108329
0.111467
0.119978
0.110166
0.105903
0.107144
0.11857
0.112592
0.112052
0.109785
0.111633
0.146018
0.156384
0.117417
0.106653
0.135999
0.112499
0.12269
0.121948
0.1448
0.137853
0.110793
0.10641
0.117987
0.117456
0.111816
0.130556
0.112033
0.108039
0.11492
0.119838
0.150238
0.114353
0.112137
0.105305
0.142338
0.126685
0.135976
0.116005
0.110755
0.107617
0.122233
0.105955
0.14942
0.107431
0.107896
0.113879
0.109069
0.129903
0.119656
0.111257
0.123167
0.113197
0.113192
0.105317
0.104179
0.109762
0.112414
0.111765
0.132381
0.118844
0.11655
0.131621
0.112829
0.120533
0.10836
0.109327
0.123096
0.106588
0.106382
0.118857
0.10761
0.113641
0.110333
0.107889
0.108366
0.110991
0.115898
0.120286
0.117619
0.106799
0.133503
0.10855
0.156729
0.118019
0.119703
0.108227
0.117329
0.119909
0.119375
0.127564
0.108418
0.111994
0.132051
0.115939
0.118723
0.109659
0.109074
0.115243
0.118558
0.113664
0.112351
0.10787
0.117066
0.105622
0.117808
0.108929
0.122621
0.114899
0.113697
0.106771
0.110555
0.107132
0.121112
0.128056
0.118089
0.10641
0.105796
0.118727
0.117778
0.115775
0.107267
0.135214
0.108063
0.126042
0.113422
0.118843
0.107671
0.123958
0.115359
0.114635
0.117913
0.131453
0.110582
0.124122
0.125414
0.111583
0.111365
0.136095
0.133051
0.127366
0.111476
0.122018
0.115815
0.110716
0.10979
0.120397
0.111464
0.131508
0.137689
0.113896
0.111539
0.11317
0.108533
0.107118
0.107265
0.109028
0.112185
0.108063
0.137263
0.108169
0.108737
0.115707
0.109938
0.106551
0.108991
0.118349
0.108103
0.116564
0.114459
0.114645
0.119107
0.117163
0.110834
0.105847
0.113755
0.106505
0.12341
0.106178
0.112011
0.11634
0.113143
0.131969
0.114567
0.1194
0.115084
0.12136
0.14728
0.109998
0.109981
0.127218
0.109488
0.115439
0.104519
0.105702
0.135345
0.111374
0.109161
0.110389
0.14008
0.112723
0.115893
0.109895
0.119473
0.119753
0.13445
0.114471
0.106989
0.115787
0.119837
0.110137
0.105748
0.120312
0.116664
0.109599
0.108945
0.107289
0.1031
0.118249
0.10684
0.125574
0.105867
0.111284
0.133675
0.111711
0.110944
0.112673
0.108692
0.112475
0.120248
0.118006
0.131528
0.112552
0.10522
0.110765
0.138673
0.107704
0.10912
0.114516
0.112976
0.110825
0.130292
0.116327
0.114975
0.115635
0.132313
0.111487
0.121174
0.109838
0.112071
0.108598
0.116153
0.131721
0.132949
0.112303
0.115962
0.110501
0.117365
0.137787
0.124302
0.124806
0.129208
0.108765
0.110814
0.104776
0.106358
0.118327
0.110685
0.121821
0.108222
0.167872
0.107033
0.126733
0.109526
0.134207
0.107912
0.135928
0.119518
0.10524
0.130792
0.108151
0.118327
0.108822
0.110572
0.115669
0.118817
0.122057
0.119039
0.117119
0.109315
0.108996
0.121086
0.117584
0.104564
0.111941
0.114897
0.112605
0.115206
0.135798
0.113349
0.111105
0.114991
0.130686
0.109099
0.114197
0.112039
0.106598
0.108931
0.11481
0.119396
0.114887
0.117237
0.120739
0.109968
0.150905
0.134728
0.106257
0.144434
0.116519
0.104313
0.124182
0.160327
0.126487
0.109839
0.128929
0.105184
0.115738
0.131003
0.118096
0.117106
0.108987
0.108556
0.125541
0.108588
0.110351
0.11122
0.108335
0.14364
0.140399
0.109436
0.12879
0.126853
0.163553
0.106873
0.136395
0.111743
0.109531
0.117727
0.107624
0.107838
0.111208
0.112893
0.114596
0.110495
0.108099
0.113496
0.110574
0.11155
0.110178
0.108571
0.107853
0.140285
0.120091
0.113623
0.141022
0.119593
0.114767
0.112876
0.107499
0.138159
0.11266
0.114616
0.113188
0.109566
0.113462
0.111308
0.126424
0.112283
0.108758
0.118114
0.120351
0.107063
0.121896
0.115524
0.136923
0.12261
0.120909
0.125729
0.115767
0.105693
0.109214
0.11358
0.109743
0.104823
0.116132
0.114839
0.115543
0.108651
0.111861
0.125635
0.107205
0.107643
0.136191
0.116484
0.132713
0.110789
0.109718
0.113734
0.110685
0.142783
0.113136
0.129963
0.111979
0.109962
0.118362
0.112471
0.110617
0.11544
0.113885
0.114123
0.110395
0.109959
0.112554
0.1149
0.111574
0.109462
0.108832
0.110258
0.112032
0.106394
0.124404
0.130828
0.109364
0.106705
0.133313
0.110803
0.11162
0.111291
0.10507
0.107481
0.168079
0.114202
0.123457
0.123007
0.109736
0.12668
0.110198
0.138457
0.111564
0.112947
0.129053
0.11051
0.137876
0.113121
0.112542
0.112098
0.111597
0.11349
0.113577
0.1133
0.111775
0.106538
0.112012
0.132152
0.108908
0.110898
0.107713
0.119345
0.114895
0.117958
0.132861
0.105132
0.127789
0.134058
0.105969
0.137989
0.111195
0.106396
0.114863
0.11194
0.111222
0.111479
0.130482
0.107188
0.160887
0.1081
0.116051
0.14665
0.112891
0.122924
0.112829
0.115883
0.114783
0.104498
0.139387
0.121338
0.11811
0.10837
0.147446
0.116359
0.112304
0.130483
0.117539
0.112553
0.108647
0.111203
0.122112
0.109573
0.148402
0.110216
0.115948
0.113455
0.108214
0.107794
0.109314
0.117649
0.120489
0.114351
0.112308
0.111585
0.106372
0.109079
0.163519
0.142869
0.109883
0.117662
0.136891
0.108121
0.109536
0.138035
0.111846
0.12226
0.109466
0.107876
0.111661
0.108639
0.119178
0.108288
0.109382
0.109692
0.107096
0.138537
0.121899
0.109194
0.107386
0.11189
0.111365
0.108281
0.119042
0.114488
0.10921
0.117378
0.122215
0.110105
0.108267
0.137738
0.110942
0.113566
0.117716
0.113416
0.12204
0.104805
0.110761
0.123287
0.122204
0.105432
0.12514
0.126338
0.123768
0.108097
0.119686
0.11202
0.109526
0.115305
0.139094
0.111228
0.12784
0.108474
0.106479
0.120176
0.130868
0.118646
0.111021
0.105527
0.117509
0.112065
0.116337
0.114145
0.114555
0.123482
0.115865
0.118515
0.121632
0.111567
0.108732
0.114271
0.116181
0.129972
0.131953
0.107659
0.120217
0.112506
0.107159
0.104454
0.141626
0.139062
0.115255
0.105693
0.117787
0.13267
0.118279
0.112822
0.110406
0.11521
0.111726
0.109962
0.107932
0.110449
0.109386
0.113421
0.113485
0.11025
0.119482
0.157182
0.107697
0.122723
0.131214
0.117602
0.145207
0.112264
0.111615
0.107149
0.115533
0.112428
0.143024
0.109164
0.109764
0.129095
0.110103
0.112162
0.143901
0.105518
0.108123
0.113861
0.112734
0.117295
0.142463
0.104475
0.122202
0.1097
0.106557
0.108744
0.112667
0.115594
0.113286
0.118188
0.111211
0.125193
0.112185
0.112256
0.112865
0.112721
0.118317
0.10763
0.116464
0.118468
0.123532
0.110918
0.150245
0.114498
0.131268
0.106275
0.112883
0.118224
0.113191
0.113373
0.113984
0.110936
0.110372
0.109843
0.165166
0.12756
0.110473
0.112383
0.110316
0.112425
0.109473
0.126793
0.120724
0.10743
0.121165
0.114248
0.137734
0.114463
0.119044
0.120643
0.112333
0.115139
0.126037
0.106915
0.108409
0.118522
0.106886
0.11381
0.121573
0.157074
0.11383
0.105959
0.136474
0.107268
0.117034
0.109293
0.109415
0.106191
0.115002
0.108666
0.105997
0.150957
0.105985
0.109784
0.118818
0.126758
0.10869
0.133671
0.115165
0.128225
0.116604
0.105331
0.114973
0.109808
0.107577
0.125592
0.106382
0.110152
0.122452
0.11161
0.109498
0.109358
0.113144
0.115759
0.115207
0.11849
0.123839
0.112422
0.12949
0.109724
0.109625
0.139196
0.110721
0.123099
0.13587
0.112273
0.130679
0.128041
0.114925
0.119112
0.120906
0.110745
0.120489
0.118501
0.109019
0.115208
0.115265
0.126431
0.105587
0.118035
0.107223
0.112944
0.120418
0.110215
0.10915
0.109761
0.117698
0.106537
0.111154
0.110389
0.149186
0.12298
0.120785
0.11463
0.12945
0.109576
0.107281
0.121212
0.114032
0.117701
0.113194
0.110646
0.118726
0.112584
0.113445
0.116303
0.11376
0.108034
0.107948
0.112302
0.112662
0.114148
0.116847
0.14038
0.112663
0.111363
0.122607
0.130893
0.119439
0.121124
0.110576
0.122661
0.131763
0.114897
0.114728
0.120464
0.116154
0.150625
0.108611
0.14246
0.112394
0.112263
0.11181
0.122934
0.110731
0.110994
0.110543
0.111265
0.113481
0.126553
0.107872
0.132319
0.107299
0.108161
0.137601
0.112604
0.115853
0.1105
0.110973
0.119698
0.112094
0.115569
0.112262
0.10964
0.146526
0.110648
0.105986
0.108841
0.107621
0.117321
0.107954
0.108064
0.106626
0.104667
0.115019
0.112815
0.145609
0.110072
0.11191
0.108027
0.111868
0.110739
0.117693
0.110731
0.123273
0.114658
0.107189
0.108201
0.110641
0.111115
0.109349
0.114928
0.130407
0.107127
0.119604
0.106392
0.111631
0.147727
0.111484
0.105766
0.106302
0.107114
0.127863
0.115023
0.119515
0.126245
0.110808
0.121574
0.1134
0.15081
0.176352
0.123781
0.120327
0.115274
0.105002
0.105882
0.111188
0.107418
0.111475
0.106549
0.13274
0.117963
0.135818
0.111345
0.110027
0.109635
0.111235
0.120298
0.119202
0.107052
0.121232
0.118409
0.112627
0.156076
0.118034
0.11665
0.107532
0.117788
0.10613
0.11548
0.117259
0.106811
0.114098
0.1088
0.155817
0.116115
0.116085
0.116128
0.108087
0.14316
0.10899
0.10572
0.155424
0.115075
0.114713
0.112709
0.127001
0.109435
0.107388
0.115658
0.122257
0.121651
0.118363
0.11534
0.10697
0.167554
0.122737
0.111846
0.110708
0.108576
0.159788
0.129012
0.132585
0.11147
0.106422
0.139733
0.105486
0.108983
0.106483
0.113655
0.131476
0.146088
0.122317
0.108691
0.122297
0.12047
0.17062
0.107809
0.128036
0.123173
0.129977
0.132843
0.109077
0.163176
0.113936
0.116179
0.113643
0.117401
0.114469
0.112912
0.119853
0.127394
0.108554
0.117919
0.139909
0.10875
0.125532
0.118125
0.114333
0.107935
0.123769
0.107085
0.133032
0.144368
0.107361
0.119394
0.124356
0.107958
0.112526
0.17
0.117779
0.10748
0.111867
0.114389
0.112034
0.108329
0.111467
0.119978
0.110166
0.105903
0.107144
0.11857
0.112592
0.112052
0.109785
0.111633
0.146018
0.156384
0.117417
0.106653
0.135999
0.112499
0.12269
0.121948
0.1448
0.137853
0.110793
0.10641
0.117987
0.117456
0.111816
0.130556
0.112033
0.108039
0.11492
0.119838
0.150238
0.114353
0.112137
0.105305
0.142338
0.126685
0.135976
0.116005
0.110755
0.107617
0.122233
0.105955
0.14942
0.107431
0.107896
0.113879
0.109069
0.129903
0.119656
0.111257
0.123167
0.113197
0.113192
0.105317
0.104179
0.109762
0.112414
0.111765
0.132381
0.118844
0.11655
0.131621
0.112829
0.120533
0.10836
0.109327
0.123096
0.106588
0.106382
0.118857
0.10761
0.113641
0.110333
0.107889
0.108366
0.110991
0.115898
0.120286
0.117619
0.106799
0.133503
0.10855
0.156729
0.118019
0.119703
0.108227
0.117329
0.119909
0.119375
0.127564
0.108418
0.111994
0.132051
0.115939
0.118723
0.109659
0.109074
0.115243
0.118558
0.113664
0.112351
0.10787
0.117066
0.105622
0.117808
0.108929
0.122621
0.114899
0.113697
0.106771
0.110555
0.107132
0.121112
0.128056
0.118089
0.10641
0.105796
0.118727
0.117778
0.115775
0.107267
0.135214
0.108063
0.126042
0.113422
0.118843
0.107671
0.123958
0.115359
0.114635
0.117913
0.131453
0.110582
0.124122
0.125414
0.111583
0.111365
0.136095
0.133051
0.127366
0.111476
0.122018
0.115815
0.110716
0.10979
0.120397
0.111464
0.131508
0.137689
0.113896
0.111539
0.11317
0.108533
0.107118
0.107265
0.109028
0.112185
0.108063
0.137263
0.108169
0.108737
0.115707
0.109938
0.106551
0.108991
0.118349
0.108103
0.116564
0.114459
0.114645
0.119107
0.117163
0.110834
0.105847
0.113755
0.106505
0.12341
0.106178
0.112011
0.11634
0.113143
0.131969
0.114567
0.1194
0.115084
0.12136
0.14728
0.109998
0.109981
0.127218
0.109488
0.115439
0.104519
0.105702
0.135345
0.111374
0.109161
0.110389
0.14008
0.112723
0.115893
0.109895
0.119473
0.119753
0.13445
0.114471
0.106989
0.115787
0.119837
0.110137
0.105748
0.120312
0.116664
0.109599
0.108945
0.107289
0.1031
0.118249
0.10684
0.125574
0.105867
0.111284
0.133675
0.111711
0.110944
0.112673
0.108692
0.112475
0.120248
0.118006
0.131528
0.112552
0.10522
0.110765
0.138673
0.107704
0.10912
0.114516
0.112976
0.110825
0.130292
0.116327
0.114975
0.115635
0.132313
0.111487
0.121174
0.109838
0.112071
0.108598
0.116153
0.131721
0.132949
0.112303
0.115962
0.110501
0.117365
0.137787
0.124302
0.124806
0.129208
0.108765
0.110814
0.104776
0.106358
0.118327
0.110685
0.121821
0.108222
0.167872
0.107033
0.126733
0.109526
0.134207
0.107912
0.135928
0.119518
0.10524
0.130792
0.108151
0.118327
0.108822
0.110572
0.115669
0.118817
0.122057
0.119039
0.117119
0.109315
0.108996
0.121086
0.117584
0.104564
0.111941
0.114897
0.112605
0.115206
0.135798
0.113349
0.111105
0.114991
0.130686
0.109099
0.114197
0.112039
0.106598
0.108931
0.11481
0.119396
0.114887
0.117237
0.120739
0.109968
0.150905
0.134728
0.106257
0.144434
0.116519
0.104313
0.124182
0.160327
0.126487
0.109839
0.128929
0.105184
0.115738
0.131003
0.118096
0.117106
0.108987
0.108556
0.125541
0.108588
0.110351
0.11122
0.108335
0.14364
0.140399
0.109436
0.12879
0.126853
0.163553
0.106873
0.136395
0.111743
0.109531
0.117727
0.107624
0.107838
0.111208
0.112893
0.114596
0.110495
0.108099
0.113496
0.110574
0.11155
0.110178
0.108571
0.107853
0.140285
0.120091
0.113623
0.141022
0.119593
0.114767
0.112876
0.107499
0.138159
0.11266
0.114616
0.113188
0.109566
0.113462
0.111308
0.126424
0.112283
0.108758
0.118114
0.120351
0.107063
0.121896
0.115524
0.136923
0.12261
0.120909
0.125729
0.115767
0.105693
0.109214
0.11358
0.109743
0.104823
0.116132
0.114839
0.115543
0.108651
0.111861
0.125635
0.107205
0.107643
0.136191
0.116484
0.132713
0.110789
0.109718
0.113734
0.110685
0.142783
0.113136
0.129963
0.111979
0.109962
0.118362
0.112471
0.110617
0.11544
0.113885
0.114123
0.110395
0.109959
0.112554
0.1149
0.111574
0.109462
0.108832
0.110258
0.112032
0.106394
0.124404
0.130828
0.109364
0.106705
0.133313
0.110803
0.11162
0.111291
0.10507
0.107481
0.168079
0.114202
0.123457
0.123007
0.109736
0.12668
0.110198
0.138457
0.111564
0.112947
0.129053
0.11051
0.137876
0.113121
0.112542
0.112098
0.111597
0.11349
0.113577
0.1133
0.111775
0.106538
0.112012
0.132152
0.108908
0.110898
0.107713
0.119345
0.114895
0.117958
0.132861
0.105132
0.127789
0.134058
0.105969
0.137989
0.111195
0.106396
0.114863
0.11194
0.111222
0.111479
0.130482
0.107188
0.160887
0.1081
0.116051
0.14665
0.112891
0.122924
0.112829
0.115883
0.114783
0.104498
0.139387
0.121338
0.11811
0.10837
0.147446
0.116359
0.112304
0.130483
0.117539
0.112553
0.108647
0.111203
0.122112
0.109573
0.148402
0.110216
0.115948
0.113455
0.108214
0.107794
0.109314
0.117649
0.120489
0.114351
0.112308
0.111585
0.106372
0.109079
0.163519
0.142869
0.109883
0.117662
0.136891
0.108121
0.109536
0.138035
0.111846
0.12226
0.109466
0.107876
0.111661
0.108639
0.119178
0.108288
0.109382
0.109692
0.107096
0.138537
0.121899
0.109194
0.107386
0.11189
0.111365
0.108281
0.119042
0.114488
0.10921
0.117378
0.122215
0.110105
0.108267
0.137738
0.110942
0.113566
0.117716
0.113416
0.12204
0.104805
0.110761
0.123287
0.122204
0.105432
0.12514
0.126338
0.123768
0.108097
0.119686
0.11202
0.109526
0.115305
0.139094
0.111228
0.12784
0.108474
0.106479
0.120176
0.130868
0.118646
0.111021
0.105527
0.117509
0.112065
0.116337
0.114145
0.114555
0.123482
0.115865
0.118515
0.121632
0.111567
0.108732
0.114271
0.116181
0.129972
0.131953
0.107659
0.120217
0.112506
0.107159
0.104454
0.141626
0.139062
0.115255
0.105693
0.117787
0.13267
0.118279
0.112822
0.110406
0.11521
0.111726
0.109962
0.107932
0.110449
0.109386
0.113421
0.113485
0.11025
0.119482
0.157182
0.107697
0.122723
0.131214
0.117602
0.145207
0.112264
0.111615
0.107149
0.115533
0.112428
0.143024
0.109164
0.109764
0.129095
0.110103
0.112162
0.143901
0.105518
0.108123
0.113861
0.112734
0.117295
0.142463
0.104475
0.122202
0.1097
0.106557
0.108744
0.112667
0.115594
0.113286
0.118188
0.111211
0.125193
0.112185
0.112256
0.112865
0.112721
0.118317
0.10763
0.116464
0.118468
0.123532
0.110918
0.150245
0.114498
0.131268
0.106275
0.112883
0.118224
0.113191
0.113373
0.113984
0.110936
0.110372
0.109843
0.165166
0.12756
0.110473
0.112383
0.110316
0.112425
0.109473
0.126793
0.120724
0.10743
0.121165
0.114248
0.137734
0.114463
0.119044
0.120643
0.112333
0.115139
0.126037
0.106915
0.108409
0.118522
0.106886
0.11381
0.121573
0.157074
0.11383
0.105959
0.136474
0.107268
0.117034
0.109293
0.109415
0.106191
0.115002
0.108666
0.105997
0.150957
0.105985
0.109784
0.118818
0.126758
0.10869
0.133671
0.115165
0.128225
0.116604
0.105331
0.114973
0.109808
0.107577
0.125592
0.106382
0.110152
0.122452
0.11161
0.109498
0.109358
0.113144
0.115759
0.115207
0.11849
0.123839
0.112422
0.12949
0.109724
0.109625
0.139196
0.110721
0.123099
0.13587
0.112273
0.130679
0.128041
0.114925
0.119112
0.120906
0.110745
0.120489
0.118501
0.109019
0.115208
0.115265
0.126431
0.105587
0.118035
0.107223
0.112944
0.120418
0.110215
0.10915
0.109761
0.117698
0.106537
0.111154
0.110389
0.149186
0.12298
0.120785
0.11463
0.12945
0.109576
0.107281
0.121212
0.114032
0.117701
0.113194
0.110646
0.118726
0.112584
0.113445
0.116303
0.11376
0.108034
0.107948
0.112302
0.112662
0.114148
0.116847
0.14038
0.112663
0.111363
0.122607
0.130893
0.119439
0.121124
0.110576
0.122661
0.131763
0.114897
0.114728
0.120464
0.116154
0.150625
0.108611
0.14246
0.112394
0.112263
0.11181
0.122934
0.110731
0.110994
0.110543
0.111265
0.113481
0.126553
0.107872
0.132319
0.107299
0.108161
0.137601
0.112604
0.115853
0.1105
0.110973
0.119698
0.112094
0.115569
0.112262
0.10964
0.146526
0.110648
0.105986
0.108841
0.107621
0.117321
0.107954
0.108064
0.106626
0.104667
0.115019
0.112815
0.145609
0.110072
0.11191
0.108027
0.111868
0.110739
0.117693
0.110731
0.123273
0.114658
0.107189
0.108201
0.110641
0.111115
0.109349
0.114928
0.130407
0.107127
0.119604
0.106392
0.111631
0.147727
0.111484
0.105766
0.106302
0.107114
0.127863
0.115023
0.119515
0.126245
0.110808
0.121574
0.1134
0.15081
0.176352
0.123781
0.120327
0.115274
0.105002
0.105882
0.111188
0.107418
0.111475
0.106549
0.13274
0.117963
0.135818
0.111345
0.110027
0.109635
0.111235
0.120298
0.119202
0.107052
0.121232
0.118409
0.112627
0.156076
0.118034
0.11665
0.107532
0.117788
0.10613
0.11548
0.117259
0.106811
0.114098
0.1088
0.155817
0.116115
0.116085
0.116128
0.108087
0.14316
0.10899
0.10572
0.155424
0.115075
0.114713
0.112709
0.127001
0.109435
0.107388
0.115658
0.122257
0.121651
0.118363
0.11534
0.10697
0.167554
0.122737
0.111846
0.110708
0.108576
0.159788
0.129012
0.132585
0.11147
0.106422
0.139733
0.105486
0.108983
0.106483
0.113655
0.131476
0.146088
0.122317
0.108691
0.122297
0.12047
0.17062
0.107809
0.128036
0.123173
0.129977
0.132843
0.109077
0.163176
0.113936
0.116179
0.113643
0.117401
0.114469
0.114174
0.112005
0.132121
0.108554
0.117919
0.162345
0.116523
0.135379
0.118125
0.114611
0.107475
0.0906097
0.110885
0.113268
0.111721
0.112005
0.125073
0.11701
0.117919
0.11607
0.112537
0.122744
0.118125
0.106278
0.106597
0.120405
0.107085
0.131336
0.143038
0.122916
0.118587
0.121549
0.107958
0.112526
0.158202
0.117779
0.108966
0.106605
0.113341
0.109535
0.108329
0.111467
0.110168
0.110166
0.106576
0.107144
0.117429
0.112592
0.112052
0.109785
0.109057
0.138415
0.149623
0.117417
0.109767
0.131773
0.112499
0.120246
0.118723
0.14347
0.133171
0.110793
0.10641
0.11605
0.117456
0.111816
0.126232
0.112033
0.108039
0.11492
0.117678
0.148568
0.114353
0.112137
0.110879
0.140085
0.124955
0.111816
0.116005
0.110755
0.113852
0.122233
0.105955
0.147191
0.107431
0.107896
0.123886
0.107703
0.128555
0.119656
0.110445
0.123167
0.113197
0.113192
0.105317
0.104179
0.114676
0.112414
0.111765
0.11297
0.118844
0.114143
0.108436
0.112829
0.120533
0.10836
0.108515
0.108655
0.106588
0.106382
0.111742
0.116241
0.113641
0.110333
0.107889
0.108366
0.110991
0.115898
0.120286
0.117619
0.113679
0.110959
0.10855
0.146215
0.110322
0.117846
0.116113
0.117329
0.106354
0.116155
0.126213
0.108418
0.111994
0.129937
0.114995
0.112432
0.109659
0.109074
0.115243
0.117694
0.113664
0.112351
0.119609
0.114647
0.105622
0.115124
0.111318
0.120291
0.114899
0.115064
0.106771
0.104593
0.107132
0.117947
0.126929
0.109458
0.114268
0.105796
0.11308
0.117778
0.115775
0.107267
0.13337
0.105937
0.124199
0.113422
0.116553
0.107671
0.113473
0.115359
0.106842
0.1157
0.127295
0.110582
0.122988
0.123734
0.111583
0.111365
0.134755
0.130871
0.124135
0.111476
0.122018
0.11355
0.110716
0.126558
0.10712
0.110271
0.124584
0.133967
0.113896
0.110338
0.11317
0.108533
0.113997
0.105743
0.109028
0.112185
0.108063
0.136146
0.112197
0.108737
0.115707
0.113329
0.10873
0.108991
0.118349
0.112057
0.105824
0.112011
0.129119
0.113116
0.112951
0.115901
0.105847
0.113755
0.106505
0.119808
0.110398
0.112011
0.107565
0.113143
0.12883
0.123007
0.1194
0.130105
0.118916
0.145135
0.109998
0.106648
0.118665
0.109488
0.115439
0.104519
0.11347
0.133165
0.111374
0.109161
0.105208
0.109872
0.112723
0.121625
0.109895
0.118676
0.119753
0.131182
0.107194
0.106989
0.115787
0.114366
0.114346
0.105748
0.120312
0.116664
0.113387
0.108945
0.106663
0.1031
0.117071
0.10684
0.144934
0.105867
0.111284
0.133675
0.111711
0.110944
0.112673
0.128278
0.112475
0.120248
0.118006
0.111787
0.11136
0.10522
0.104898
0.134258
0.107704
0.116799
0.114516
0.112976
0.110825
0.125895
0.116327
0.114975
0.11459
0.128953
0.111487
0.123418
0.109838
0.112071
0.124305
0.116153
0.127485
0.130759
0.112303
0.122002
0.109437
0.117365
0.136133
0.118318
0.114552
0.122664
0.108765
0.110814
0.11684
0.106358
0.118327
0.110685
0.121821
0.108222
0.165192
0.107033
0.124992
0.109526
0.131191
0.107912
0.13052
0.108175
0.10946
0.130792
0.108151
0.118327
0.108822
0.110572
0.115669
0.111216
0.136532
0.1125
0.117119
0.109315
0.105766
0.115794
0.106752
0.107514
0.111941
0.113972
0.112605
0.115206
0.131475
0.113349
0.111105
0.114173
0.130519
0.109099
0.114197
0.112039
0.106598
0.108931
0.11481
0.108242
0.113954
0.114163
0.120739
0.109968
0.148677
0.114024
0.106257
0.130658
0.131535
0.125667
0.113313
0.156239
0.114159
0.109839
0.124997
0.108077
0.115738
0.156085
0.113029
0.106973
0.108987
0.108556
0.123338
0.103946
0.110351
0.11122
0.108335
0.139405
0.140399
0.118849
0.117592
0.124713
0.162209
0.106873
0.134637
0.111743
0.109531
0.117727
0.107624
0.107838
0.112574
0.107474
0.113664
0.117429
0.108099
0.113496
0.110574
0.11155
0.110178
0.108571
0.107853
0.137755
0.116542
0.113623
0.114219
0.119593
0.127758
0.112876
0.107499
0.135069
0.11266
0.12532
0.113188
0.109566
0.113462
0.111308
0.12941
0.112283
0.108758
0.110451
0.120351
0.10645
0.119705
0.115524
0.135278
0.106743
0.120909
0.124291
0.115767
0.105693
0.109214
0.112363
0.109743
0.116602
0.114942
0.124934
0.124199
0.108651
0.111861
0.109464
0.107735
0.107643
0.134861
0.116484
0.124284
0.105999
0.109718
0.113734
0.110685
0.137665
0.135328
0.12659
0.111979
0.109962
0.128317
0.123331
0.10549
0.11544
0.106188
0.114123
0.110395
0.105612
0.112554
0.1149
0.111574
0.109462
0.108832
0.110258
0.154342
0.106394
0.121993
0.126594
0.109364
0.106705
0.133313
0.110803
0.11162
0.111291
0.105818
0.107481
0.159621
0.114202
0.123457
0.123007
0.109736
0.116871
0.109136
0.107745
0.111564
0.112947
0.113434
0.136917
0.136217
0.145309
0.112542
0.126866
0.104279
0.11349
0.128052
0.110838
0.111775
0.106538
0.112012
0.131323
0.113857
0.110898
0.107713
0.105954
0.113278
0.116196
0.152718
0.105132
0.126875
0.132362
0.105969
0.105251
0.111195
0.119604
0.114863
0.11194
0.108913
0.111479
0.126056
0.113211
0.156838
0.1081
0.113688
0.144552
0.112891
0.121566
0.108441
0.113494
0.114783
0.104498
0.135168
0.119135
0.11811
0.10837
0.117189
0.10574
0.112304
0.129357
0.117539
0.112553
0.108647
0.110038
0.120255
0.119527
0.141814
0.114003
0.112178
0.113455
0.108214
0.106544
0.109314
0.106258
0.120489
0.112032
0.112308
0.111585
0.106372
0.109079
0.156657
0.147356
0.109883
0.115248
0.12972
0.118027
0.109536
0.131494
0.125665
0.111195
0.109466
0.104899
0.111661
0.108639
0.118011
0.11128
0.120726
0.119105
0.106433
0.136304
0.10959
0.109194
0.107386
0.11189
0.111365
0.108281
0.119042
0.140354
0.10783
0.117378
0.122215
0.105966
0.108267
0.133418
0.110942
0.112356
0.117716
0.113416
0.12204
0.104805
0.110761
0.109215
0.119944
0.110982
0.124016
0.139441
0.11162
0.110124
0.119686
0.11117
0.108351
0.115305
0.132717
0.111228
0.109873
0.108474
0.112437
0.116513
0.126471
0.118646
0.106727
0.105527
0.117981
0.112065
0.116337
0.114145
0.114555
0.120319
0.115865
0.118515
0.121632
0.111567
0.107926
0.109004
0.113497
0.109677
0.128564
0.107659
0.113123
0.112506
0.107159
0.104454
0.140517
0.134368
0.115255
0.108029
0.106397
0.112375
0.108191
0.112822
0.110406
0.111727
0.111726
0.108712
0.117532
0.110449
0.109386
0.113421
0.113485
0.11025
0.119482
0.154477
0.107697
0.121372
0.127829
0.117602
0.144095
0.112264
0.11777
0.107149
0.115533
0.112428
0.140902
0.113041
0.109764
0.127738
0.110103
0.11097
0.136785
0.105518
0.108123
0.112678
0.150475
0.117295
0.139075
0.104475
0.113218
0.1097
0.113465
0.108744
0.112667
0.111876
0.113286
0.120206
0.111211
0.123792
0.112185
0.112256
0.112865
0.112721
0.118317
0.10763
0.116464
0.136557
0.120389
0.108677
0.148573
0.114498
0.127895
0.111253
0.112883
0.118224
0.113191
0.113373
0.113984
0.127334
0.109128
0.109843
0.152274
0.113624
0.110473
0.112383
0.110316
0.112425
0.109473
0.125673
0.119205
0.10743
0.120135
0.114248
0.112186
0.114463
0.108475
0.120643
0.112333
0.115139
0.127009
0.106915
0.113323
0.118522
0.106886
0.11381
0.119301
0.153736
0.11383
0.105959
0.13463
0.107268
0.133692
0.109293
0.109415
0.106191
0.115002
0.108666
0.112232
0.149837
0.105985
0.11115
0.113059
0.126758
0.10869
0.12343
0.118384
0.126387
0.115426
0.105331
0.111004
0.109808
0.107577
0.122586
0.106382
0.110152
0.119361
0.11161
0.109498
0.109358
0.112378
0.115759
0.112822
0.11849
0.121933
0.111327
0.125076
0.109724
0.109625
0.137542
0.110721
0.108854
0.13476
0.112273
0.12903
0.126921
0.137794
0.118187
0.109865
0.110745
0.118166
0.128456
0.109019
0.109888
0.115265
0.108814
0.105587
0.119909
0.107223
0.111761
0.118124
0.110215
0.10915
0.109761
0.115496
0.121033
0.107687
0.109179
0.141889
0.126568
0.120785
0.11463
0.115773
0.109576
0.106159
0.108876
0.114032
0.106727
0.113194
0.107179
0.118602
0.112584
0.113445
0.113113
0.11376
0.108034
0.107948
0.112302
0.112662
0.114148
0.114511
0.137665
0.112663
0.111363
0.10877
0.119416
0.11731
0.114533
0.110576
0.109353
0.131763
0.114897
0.114728
0.120464
0.116154
0.149294
0.108611
0.138266
0.112394
0.112263
0.11181
0.119401
0.110731
0.110994
0.110543
0.111265
0.113481
0.122229
0.107872
0.130983
0.107299
0.10655
0.125153
0.111847
0.115853
0.105301
0.110973
0.123844
0.106832
0.115569
0.112262
0.10964
0.165071
0.114099
0.125054
0.108841
0.125062
0.117321
0.107954
0.108064
0.1165
0.104667
0.115019
0.112815
0.139552
0.110072
0.11191
0.108027
0.111868
0.110739
0.117693
0.110731
0.117125
0.114658
0.120834
0.108201
0.110641
0.130002
0.125395
0.114121
0.130407
0.107127
0.119604
0.106392
0.105004
0.143728
0.111484
0.105766
0.113408
0.107114
0.125779
0.141069
0.121962
0.124002
0.10728
0.109246
0.1134
0.127246
0.172326
0.121594
0.109367
0.115274
0.10575
0.105882
0.111188
0.107418
0.111475
0.121517
0.124091
0.117963
0.133711
0.109681
0.110027
0.109635
0.111235
0.117182
0.119202
0.107052
0.121232
0.118409
0.111436
0.152183
0.118034
0.11665
0.110609
0.117788
0.10613
0.11548
0.109926
0.110873
0.114098
0.1088
0.154706
0.122358
0.116085
0.116128
0.108087
0.137972
0.10899
0.10572
0.154077
0.115075
0.114524
0.112709
0.125863
0.109435
0.107388
0.115658
0.118712
0.118227
0.118363
0.139458
0.131737
0.166449
0.122737
0.111846
0.110708
0.108576
0.157121
0.117651
0.130403
0.11147
0.120731
0.138388
0.105486
0.108983
0.105904
0.125261
0.132412
0.124779
0.121161
0.108691
0.113313
0.12047
0.166161
0.109534
0.11354
0.120887
0.128949
0.131191
0.117533
0.159266
0.113936
0.116179
0.112672
0.116696
0.1113
0.122315
0.107725
0.125729
0.118603
0.115159
0.11294
0.146043
0.11212
0.115769
0.112631
0.110806
0.107495
0.139943
0.112949
0.107241
0.109089
0.121962
0.108577
0.108888
0.126951
0.107694
0.116498
0.118703
0.113822
0.114167
0.107636
0.10727
0.113376
0.114534
0.133046
0.108218
0.107717
0.12296
0.105489
0.122804
0.107621
0.112329
0.118542
0.112697
0.120559
0.122819
0.119675
0.114754
0.141003
0.108785
0.117582
0.109186
0.115824
0.110883
0.111135
0.11166
0.108121
0.11427
0.115693
0.112537
0.118986
0.113413
0.107692
0.117931
0.11
0.116268
0.117674
0.126454
0.149747
0.141076
0.155051
0.110977
0.117883
0.105768
0.106965
0.108067
0.122089
0.125727
0.108655
0.111514
0.113386
0.109578
0.114236
0.125723
0.119331
0.109811
0.108177
0.107858
0.113141
0.110464
0.110469
0.106252
0.116456
0.111606
0.121515
0.105356
0.107484
0.113329
0.118503
0.10642
0.118735
0.128552
0.109994
0.119561
0.116173
0.147854
0.108902
0.113063
0.113082
0.111246
0.1216
0.111752
0.110002
0.105841
0.131942
0.128259
0.129577
0.137126
0.113575
0.125035
0.105253
0.111418
0.167955
0.10967
0.105478
0.127238
0.105005
0.140762
0.121254
0.106836
0.112033
0.11511
0.109406
0.107688
0.111288
0.110007
0.113237
0.116957
0.118678
0.136512
0.141271
0.115885
0.130927
0.106942
0.117438
0.111255
0.115177
0.119141
0.112042
0.107439
0.127519
0.106465
0.110329
0.113696
0.125901
0.107752
0.136265
0.112374
0.112887
0.143315
0.140513
0.111428
0.109066
0.114607
0.108143
0.118272
0.107481
0.109583
0.113835
0.115785
0.110503
0.119027
0.107236
0.106617
0.127216
0.13993
0.130018
0.115233
0.134217
0.11357
0.123556
0.121734
0.114931
0.112281
0.116404
0.114971
0.110929
0.121351
0.128268
0.111628
0.112458
0.117132
0.111672
0.110017
0.110267
0.134059
0.119339
0.113658
0.117354
0.106933
0.112005
0.105778
0.116659
0.115987
0.116871
0.1113
0.122315
0.107725
0.125729
0.118603
0.115159
0.11294
0.146043
0.11212
0.115769
0.112631
0.110806
0.107495
0.139943
0.112949
0.107241
0.109089
0.121962
0.108577
0.108888
0.126951
0.107694
0.116498
0.118703
0.113822
0.114167
0.107636
0.10727
0.113376
0.114534
0.133046
0.108218
0.107717
0.12296
0.105489
0.122804
0.107621
0.112329
0.118542
0.112697
0.120559
0.122819
0.119675
0.114754
0.141003
0.108785
0.117582
0.109186
0.115824
0.110883
0.111135
0.11166
0.108121
0.11427
0.115693
0.112537
0.118986
0.113413
0.107692
0.117931
0.11
0.116268
0.117674
0.126454
0.149747
0.141076
0.155051
0.110977
0.117883
0.105768
0.106965
0.108067
0.122089
0.125727
0.108655
0.111514
0.113386
0.109578
0.114236
0.125723
0.119331
0.109811
0.108177
0.107858
0.113141
0.110464
0.110469
0.106252
0.116456
0.111606
0.121515
0.105356
0.107484
0.113329
0.118503
0.10642
0.118735
0.128552
0.109994
0.119561
0.116173
0.147854
0.108902
0.113063
0.113082
0.111246
0.1216
0.111752
0.110002
0.105841
0.131942
0.128259
0.129577
0.137126
0.113575
0.125035
0.105253
0.111418
0.167955
0.10967
0.105478
0.127238
0.105005
0.140762
0.121254
0.106836
0.112033
0.11511
0.109406
0.107688
0.111288
0.110007
0.113237
0.116957
0.118678
0.136512
0.141271
0.115885
0.130927
0.106942
0.117438
0.111255
0.115177
0.119141
0.112042
0.107439
0.127519
0.106465
0.110329
0.113696
0.125901
0.107752
0.136265
0.112374
0.112887
0.143315
0.140513
0.111428
0.109066
0.114607
0.108143
0.118272
0.107481
0.109583
0.113835
0.115785
0.110503
0.119027
0.107236
0.106617
0.127216
0.13993
0.130018
0.115233
0.134217
0.11357
0.123556
0.121734
0.114931
0.112281
0.116404
0.114971
0.110929
0.121351
0.128268
0.111628
0.112458
0.117132
0.111672
0.110017
0.110267
0.134059
0.119339
0.113658
0.117354
0.106933
0.112005
0.105778
0.116659
0.115987
0.116871
