0.000487244, 0.22257
0.000672893, 0.398461
0.000793563, 0.690691
0.00100452, 1.07128
0.0012853, 1.62559
0.00167588, 2.32136
0.00155642, 3.25521
0.00179491, 4.4038
0.00215721, 6.02223
0.00236278, 7.87641
0.00274496, 9.79445
0.00309637, 12.765
0.00343226, 15.042
0.00391836, 18.4048
0.00434577, 22.4464
0.00491331, 27.076
-1
-1, -1
-1
-1, -1
-1
-1
-1
-1
0.03892
0.0091905
0.00944896
0.00971992
0.0334175
0.00936568
0.00935325
0.0368408
0.00128645
0.0339567
0.011169
0.0111017
0.00939273
0.00113609
0.0324905
0.00949389
0.00114724
0.00267011
0.00256889
0.0025548
0.00257889
0.00262719
0.00290817
0.00277982
0.0026174
0.0127894
0.0145007
0.0300617
0.0257681
0.0232956
0.025414
0.0704943
0.0648593
0.069067
0.0771697
0.272729
0.129782
0.0383884
0.0748937
0.00965401
0.00764788
0.00753982
0.0066792
0.0205352
0.0298802
0.0310224
0.0259554
0.0244345
0.0432422
0.0705909
-1
0.0705485
0.04316
-1
-1
-1
-1
0.0890448
0.0880601
-1
-1
