0.999752
1.00342
1.01449
0.99993
1.00143
1.00301
1.0044
1.00727
1.02177
1.01507
1.00494
1.0112
1.00428
1.00141
1.00003
1.02358
1.00491
1.01527
1.01028
1.00278
1.00474
1.00553
1.00686
1.00342
1.00369
1.00519
1.00816
1.00401
1.00802
1.00327
1.00877
1.00397
1.00465
1.01805
1.00402
1.01064
1.00301
1.0122
1.00986
1.00321
1.01495
1.00447
1.00488
1.00496
1.00545
1.02247
1.00907
1.00242
1.00577
1.00226
1.00308
1.00225
1.00147
1.01766
1.0139
1.00483
0.999731
1.00191
1.00969
1.01187
1.00928
1.00101
1.00563
1.01212
1.00352
1.00759
1.00601
1.01154
1.00463
1.00127
1.00396
1.00265
1.00453
1.00205
1.0015
1.00892
1.00148
1.00776
1.0039
1.00364
1.00225
1.00414
1.00526
1.02229
1.00142
1.00179
1.00677
1.00692
1.01049
1.00295
1.00422
1.00854
1.00413
1.00229
1.00648
1.00303
1.00276
1.01584
1.00389
1.01618
1.00511
1.00201
1.01639
1.00324
1.00642
1.01358
1.00244
1.00242
1.00925
1.001
1.0069
1.00744
1.0091
1.00378
1.01691
1.01118
1.00758
1.00489
1.00358
1.00256
1.00094
1.01285
1.00905
1.00292
1.00606
1.0136
1.00919
1.00281
1.00792
1.00554
1.00318
1.00883
1.00133
1.0067
1.0021
1.00426
1.00658
1.00649
1.02201
1.00351
1.0079
1.00275
1.00196
1.00919
1.00565
1.00023
1.00123
1.00612
1.01149
1.00134
1.0079
1.01934
1.00636
1.0197
1.00188
1.00554
1.00579
1.00491
1.01348
1.0064
1.00092
1.00251
1.00385
1.00594
1.00803
1.01168
1.01152
1.00223
1.01462
1.00054
1.00584
1.00408
1.00478
1.0065
1.00559
1.01026
1.00501
1.01663
1.02061
1.0034
1.00213
1.02106
1.00672
1.00269
1.00209
1.005
1.0118
1.00199
1.00615
1.0122
1.01217
1.00145
1.00678
1.00987
1.00701
1.00056
1.00295
1.00205
1.00369
1.00308
1.00109
1.00026
1.01222
1.00432
1.01054
1.0111
1.00192
1.00638
1.01184
1.0036
1.01712
1.01624
1.00929
1.00319
1.01602
1.00395
1.01135
1.00487
1.0045
1.01498
1.00356
1.00421
1.00982
1.0045
1.00968
1.00033
1.0182
1.00109
1.00833
1.00683
1.00217
1.00625
1.01896
1.01319
1.00976
1.00784
1.02326
1.00778
1.0122
1.01653
1.00406
1.00224
1.0039
1.01126
1.0042
1.00362
1.00534
1.00862
1.00775
1.00224
1.00755
1.0002
1.00741
1.00917
1.00974
1.00348
1.00678
1.00371
1.01027
1.00624
1.00673
1.0091
1.00291
1.00966
1.01361
1.00869
1.00655
1.00792
1.00143
1.00524
1.02876
1.00238
1.00202
1.00767
1.07219
1.00591
1.01506
1.00874
1.00534
1.0048
1.00201
1.00182
1.00755
1.00362
1.01775
1.0025
1.00969
1.0068
1.00133
1.01864
1.00717
1.0185
1.00904
1.00569
1.02008
1.00048
1.00253
1.00347
1.01634
1.01234
1.00848
1.00172
1.00531
1.01047
1.00472
1.00806
1.01592
1.01434
1.00629
1.02011
1.01304
1.00478
1.00629
1.00981
1.00209
1.02623
1.00302
1.00478
1.00845
1.00391
1.01015
1.0022
1.0052
1.00635
1.00212
1.00118
1.00774
1.01428
1.00594
1.01033
1.0055
1.00322
1.00781
1.00212
1.00524
1.01166
1.00467
1.00715
1.00381
1.00205
1.00287
1.00635
1.00413
1.00111
1.00058
1.00503
1.01184
1.00577
1.0048
1.01067
1.00697
1.00197
1.00333
1.002
1.01166
1.0051
1.00945
1.01038
1.00108
1.00335
1.00035
1.01576
1.00451
1.01198
1.0031
1.02145
1.00264
1.01424
1.00705
1.00168
1.00942
1.00564
1.00203
1.00287
1.0134
1.00378
1.00404
1.00047
1.00455
1.00097
1.00682
1.00914
1.00721
1.00445
1.00164
1.00441
1.00465
1.01436
1.00684
1.00556
1.01842
1.00231
1.0046
1.002
1.00781
1.00534
1.00637
1.00117
1.00187
1.00078
1.00372
1.00747
1.00577
1.00661
1.00191
1.0041
1.00356
1.01293
1.0106
1.00091
1.01246
1.00892
1.00457
1.00495
1.00209
1.00719
1.00496
1.00052
1.01628
1.0097
1.01759
1.00395
1.00476
1.00787
1.00093
1.00151
1.00716
1.00679
1.00421
1.01046
1.01295
1.00121
1.00043
1.01441
1.00282
1.00426
1.00748
1.00458
1.00247
1.00137
1.01306
1.01501
1.00374
1.01695
1.00393
1.00843
1.00598
1.00878
1.0069
1.01389
1.0044
1.00723
1.00841
1.00291
1.00639
1.00465
1.00374
1.01274
1.00757
1.00327
1.0143
1.00466
1.00174
1.02596
1.00252
1.01261
1.00328
1.00118
1.0083
1.00161
1.00339
1.00947
1.00294
1.0019
1.00301
1.00519
1.01269
1.00732
1.00905
1.00358
1.01279
1.02222
1.01268
1.00385
1.01471
1.01756
1.0089
1.0036
1.0074
1.00903
1.00025
1.00199
1.01121
1.00495
1.00675
1.00209
1.01036
1.01567
1.00077
1.00287
1.00138
1.01062
1.01097
1.00624
1.00623
1.00708
1.00225
1.00355
1.00738
1.00735
1.00487
1.00051
1.00374
1.00595
1.00146
1.00857
1.00172
1.00997
1.00541
1.00449
1.00623
1.00507
1.00306
1.01228
1.00348
1.02395
1.00694
1.00965
1.00385
1.01287
1.00165
1.01068
1.00454
1.00381
1.00409
1.00232
1.0037
0.999836
1.0029
1.00314
1.00334
1.00896
1.00456
1.00958
1.01798
1.00379
1.00942
1.00759
1.00297
1.00183
1.00928
1.00821
1.00162
1.00319
1.01476
1.00253
1.01278
1.01051
1.01808
1.00168
1.01165
1.00544
1.00579
1.01535
1.00441
1.00439
1.0098
1.00204
1.01705
1.00163
1.01191
1.01676
1.00779
1.00101
1.00705
1.00215
1.00411
1.0036
1.00196
1.00384
1.00963
1.00286
1.01644
1.01101
1.00682
1.00222
1.01226
1.00753
1.01024
1.00123
1.0025
1.00986
1.00545
1.00934
1.00449
1.00877
1.00887
1.00524
1.00454
1.01464
1.00773
1.00612
1.00461
1.00263
1.00728
1.00281
1.00038
1.00241
1.00491
1.00372
1.02135
1.00245
1.01107
1.00502
1.00311
1.00351
1.00953
1.00244
1.00042
1.00146
1.00829
1.00228
1.01197
1.01032
1.00841
1.00114
1.00423
1.00329
1.0053
1.00253
1.0022
1.00968
1.00371
1.00136
1.0137
1.00917
1.00552
1.00465
1.00017
1.00966
1.00104
1.00726
1.00612
1.00783
1.00678
1.00665
1.00659
1.00635
1.00276
1.00707
1.00184
1.01177
1.00365
1.00711
1.00234
1.01742
1.00406
1.00157
1.00882
1.01044
1.00818
1.00521
1.00394
1.00345
1.01029
1.0032
1.01234
1.00091
1.00408
1.00183
1.00893
1.00328
1.00676
1.00566
1.00776
1.00273
1.0133
1.01258
1.00496
1.00407
1.00346
1.00827
1.00799
1.00463
1.00993
1.00084
1.00193
1.01145
1.00552
1.00014
1.00601
1.00228
1.00108
1.00582
1.00036
1.00968
1.00352
1.00734
1.00229
1.01008
1.00451
1.00544
1.00602
1.00256
1.00428
1.0103
0.999987
1.0059
1.01533
1.00421
1.00533
1.00465
1.00289
1.00557
1.0098
1.02529
1.00115
1.00106
1.01583
1.00009
1.00248
1.00661
1.00158
1.00669
1.01881
1.00765
1.01119
1.01143
1.02008
1.00672
1.00758
1.00934
1.00209
1.01578
1.00656
1.0037
1.00241
1.01069
1.00741
1.00766
1.00749
1.00269
1.00314
1.00336
1.02615
1.00359
1.00516
1.00535
1.00283
1.02028
1.00242
1.00205
1.00466
1.00394
1.00323
1.01585
1.00888
1.00092
1.00191
1.00228
1.01057
1.00694
1.00291
1.00569
1.00665
1.00316
1.00959
1.0056
1.00421
1.00463
1.01434
1.00787
1.00217
1.01529
1.00198
1.01111
1.00447
1.00288
1.00558
1.0084
1.01652
1.00266
1.00686
1.00655
1.01019
1.00266
1.00974
1.00185
1.01317
1.00882
1.00645
1.00234
1.00544
1.00544
1.01233
1.01433
1.00353
1.00159
1.00669
1.00189
1.00513
1.0044
1.00784
1.00248
1.0141
1.00683
1.00161
1.01222
1.00346
1.01053
1.00752
1.00207
1.00639
1.01125
1.00451
1.01203
1.02832
1.00491
1.00177
1.00446
1.00954
1.01365
1.00058
1.00626
1.0016
1.00562
1.00393
1.01095
1.00368
1.00094
1.01521
1.00582
1.0044
1.00352
1.02645
1.00188
1.00847
1.00691
1.00557
1.00679
1.00016
1.00515
1.00594
1.00492
1.00263
1.02118
1.00494
1.00632
1.00764
1.01614
1.00538
1.00053
1.00472
1.01351
1.00365
1.00937
1.00367
1.00719
1.00977
1.00778
1.00483
1.00441
1.01048
1.00261
1.00995
1.00273
1.00538
1.00105
1.00439
1.00247
1.00374
1.00553
1.00797
1.00283
1.00555
1.00705
1.00103
1.01133
1.00486
1.01347
1.01572
1.00868
1.00283
1.00621
1.00522
1.00433
1.0027
1.00373
1.01668
1.00891
1.00465
1.00066
1.00368
1.00157
1.0022
1.0057
1.01137
1.0036
1.00632
1.00167
1.00534
1.00283
1.00364
1.01458
1.00553
1.0103
1.00946
1.00139
1.00841
1.00358
1.00307
1.00462
1.00563
1.00409
1.01233
1.00224
1.00994
1.00815
1.01408
1.00772
1.00177
1.00229
1.00578
1.00207
1.01475
1.00421
1.00068
1.01321
1.01196
1.00377
1.0088
1.00293
1.00338
1.01203
1.00582
1.00318
1.00367
1.00421
1.00242
1.00891
1.00021
1.00678
1.00189
1.00544
1.00176
1.00777
1.00244
1.0028
1.00461
1.00502
1.00123
1.00715
1.00153
1.00343
1.00319
1.01807
1.00689
1.0002
1.00962
1.00139
1.00289
1.00509
1.00692
1.00388
1.01305
1.00047
1.00449
1.00306
1.00739
1.00776
1.00631
1.00371
1.00145
1.00324
1.00341
1.0044
1.00275
1.01675
1.0046
1.00854
1.01315
1.00412
1.00053
1.01244
1.00215
1.01629
1.02313
1.00775
1.00457
1.00451
1.01563
1.01128
1.00522
1.0017
1.00386
1.00811
1.00289
1.00656
1.0019
1.00311
1.85656
2.07733
3.00337
1.4414
1.14266
2.38858
2.82467
1.57124
3.33234
3.45927
3.02233
1.19587
2.89997
2.98378
1.23372
1.73011
1.60153
1.40059
1.93359
1.64573
1.60572
1.91183
1.13119
1.51495
1.90513
1.19695
1.7938
3.13769
1.32515
2.23275
3.40743
3.27229
2.00251
1.24139
2.42405
2.82798
1.64621
1.7581
1.28442
3.03279
2.5749
2.44834
2.92122
3.06312
1.40419
2.02695
1.41796
3.40614
2.74982
1.40593
1.90465
1.82189
2.73156
3.52922
2.83517
2.65332
2.62562
2.13325
3.19133
1.15305
3.10582
1.86939
2.03056
1.57503
2.94369
1.10728
2.13084
1.55601
1.13073
2.44827
1.77323
3.10008
2.1334
2.64601
2.29357
3.15561
1.80396
1.95047
1.4979
2.27482
3.59519
1.0826
2.52808
2.81294
1.56682
2.36271
2.07995
2.1973
1.60439
1.5389
2.67832
2.37794
1.64833
1.33281
1.0903
2.76661
2.0851
3.22233
1.15594
1.15211
1.03541
2.56446
2.90685
3.01237
2.07975
1.21857
2.57178
1.19147
1.42743
1.90103
2.47191
2.06065
1.52874
2.82578
2.3356
1.33512
1.73609
1.27566
2.49629
2.91522
2.67706
1.65114
2.5854
1.12154
1.5299
2.29546
1.5146
1.40948
2.36715
2.78634
1.06849
1.91746
2.09839
1.40291
2.01645
2.40789
3.2157
2.59145
1.65463
1.82852
2.4155
2.29447
1.03013
1.63082
3.44005
1.6595
2.79234
1.78477
1.5998
2.45466
2.20138
1.79643
2.88095
2.63149
1.85649
2.39418
1.338
1.09442
3.18199
1.57723
1.8557
2.04752
2.96711
1.19506
1.68478
2.92659
3.32508
1.99838
1.98376
2.12366
2.47717
2.85501
1.16445
1.98469
3.23803
1.91657
1.5558
2.05018
2.371
1.97873
1.39072
1.74211
1.83423
1.34372
2.74478
2.3088
1.87799
1.09408
2.71327
2.93493
3.67613
1.96197
2.12368
1.94205
1.38743
1.81099
2.50898
2.72888
1.55953
1.04789
2.31855
1.89811
2.78482
1.22657
2.26382
1.29261
1.87209
1.28717
3.03668
2.74894
2.73049
2.42761
2.64013
1.20918
1.38
2.71543
2.96081
1.36802
1.55513
2.70013
2.25018
2.92678
1.08957
1.11271
3.4257
3.11562
1.83562
2.48399
1.29011
1.72439
2.17374
2.38333
1.72409
3.25898
1.09933
2.66147
3.17888
3.11278
1.76561
2.52628
1.40835
2.5049
2.31506
1.94445
1.12818
1.75104
1.60572
2.33368
1.40164
2.79051
1.08689
3.12336
1.89505
1.24303
1.25384
1.64909
2.47487
1.51306
2.60363
1.16975
2.11393
1.64718
1.84476
1.88537
1.48681
2.21841
1.63006
2.55879
1.03674
2.20637
2.01077
2.18552
1.66341
1.6201
3.77114
1.12742
3.49475
2.82099
1.88746
1.22966
2.02783
3.34702
2.83989
2.07298
2.32334
3.35344
2.46023
1.29777
1.3031
1.26298
3.0926
1.46027
1.38488
1.51611
2.47977
1.29199
1.33523
2.84985
1.14684
1.70366
2.44258
2.55956
1.44802
1.7107
1.99428
2.41628
1.64504
1.84694
2.39493
2.01277
2.25587
3.23509
2.17946
2.14383
1.24326
2.45883
2.07016
2.55325
2.35282
1.91843
1.26658
2.56632
1.2941
1.81894
1.3286
1.34482
3.15306
1.53943
1.65063
2.14472
1.54642
2.82648
1.96697
1.81192
3.09858
2.25071
2.4797
1.51065
1.72622
1.09665
2.77083
1.28234
2.01957
2.01714
3.23518
2.24925
1.58894
2.43859
1.44615
2.37014
1.18243
2.57309
2.3692
1.12204
2.09592
2.58356
1.94
3.54844
1.78267
3.29431
2.01298
1.78745
3.08054
2.90585
1.21731
3.30781
2.0234
2.34553
1.24175
1.94848
3.48093
2.92766
1.84416
3.06637
2.80345
2.5719
1.45908
2.32019
2.69553
1.74227
1.29787
1.4614
2.53144
3.33353
2.41691
2.59816
2.48864
1.08571
1.24754
2.34916
1.98776
2.42456
2.57784
1.38144
1.42534
1.43895
2.94319
2.18334
1.91945
1.7962
2.02687
1.18364
2.93796
2.88337
1.05196
1.1324
1.617
2.23613
2.4805
2.88937
1.13193
2.3564
1.74492
1.61531
2.09628
1.94894
2.35288
2.67105
1.25666
2.99944
3.25089
2.51903
1.88711
1.57685
2.95535
2.82584
1.04915
2.43325
1.73554
1.40691
2.22306
2.13396
1.72524
1.60798
3.14501
1.68753
2.86343
3.04595
2.41554
1.10182
2.21518
2.16844
1.04339
3.74129
1.66714
1.77606
1.30206
1.28191
2.16284
1.29977
1.86668
3.10694
3.47823
1.08235
2.17861
1.39851
2.48829
1.64604
1.74805
2.60755
1.32394
2.16716
1.85883
1.60379
2.14064
2.49071
1.77127
2.77854
2.64468
1.08109
1.78191
3.3555
1.84795
1.39035
2.73409
2.93463
1.58536
2.87602
3.07712
1.385
1.22342
2.49945
1.78036
2.01312
2.37177
2.6071
2.14981
2.61065
2.83183
1.27148
1.35695
2.34518
2.19726
2.7021
1.07283
1.58649
2.85765
3.19231
2.8103
2.98027
1.63305
2.96504
1.98841
3.23433
1.87126
1.92547
1.65506
2.96097
1.64499
3.21011
1.52428
1.08493
2.31297
2.54454
3.55367
1.73026
1.30268
1.91472
1.26318
1.56322
3.1925
3.06999
2.04183
2.62329
2.59696
2.73875
2.55982
2.19999
1.51037
1.43875
2.50365
2.32563
2.80025
1.07359
1.79437
2.28888
3.01551
1.60171
2.1635
1.31607
2.16252
1.59759
3.34477
2.72838
3.64068
1.94916
2.75283
2.69896
2.44246
1.48038
1.84424
3.40998
2.13637
1.44209
1.7018
1.92379
1.36937
1.98444
2.44054
1.41984
2.90698
1.67519
2.07562
2.28497
3.0228
2.46711
1.65257
2.31061
2.17748
1.98931
1.54165
1.88025
1.83123
2.50032
2.74236
1.42967
1.95353
2.2532
2.37388
1.24522
1.85609
2.74411
1.39265
2.00409
2.38011
1.66071
2.96761
3.66299
1.95151
2.17308
3.00944
1.32135
1.97733
1.68888
2.79607
1.42065
2.44375
2.42208
1.45105
1.81078
2.11807
1.73876
1.22859
2.20852
2.09832
1.92545
2.28927
1.69028
3.12259
1.73746
2.11368
2.66208
1.12792
2.40741
2.19833
2.3951
2.30771
1.50897
1.85079
1.73872
1.93355
2.92468
3.03719
1.15287
1.1928
1.95358
1.45471
1.83829
3.34512
3.21992
1.76138
1.28613
3.03519
2.78755
2.322
2.00493
2.15334
2.34841
2.48599
2.92108
1.08911
2.86693
2.20045
3.31465
1.5383
2.74946
2.21276
2.86958
2.06362
1.45661
2.29866
2.23641
2.60684
1.64889
1.20471
1.70566
3.18167
2.0769
2.93281
1.99243
2.50452
2.04126
1.13178
2.11355
2.64745
2.11136
1.51885
1.34779
1.93311
3.07757
3.01487
2.62922
1.31659
1.93497
1.16952
1.62478
1.20033
1.35092
1.9343
1.15949
1.35808
1.76424
1.32613
1.85816
3.08119
2.15967
3.06673
3.00883
1.71601
2.98972
2.12296
2.9194
3.07931
1.76207
1.37528
1.54532
2.03096
1.70491
1.09849
1.81524
2.01778
2.60134
1.9996
1.47371
2.40711
1.3942
1.20867
3.27673
2.35321
2.79938
2.13029
1.73655
2.94606
1.50309
1.83523
1.67286
2.88078
1.59033
1.59458
1.62638
2.896
1.57642
2.59516
2.17211
1.36946
2.98967
1.82869
1.53666
1.21137
1.65593
1.89699
3.01687
1.89785
2.90804
2.14126
3.09776
1.55185
3.00871
1.98108
1.66933
1.27537
1.43697
1.41374
2.26568
2.50095
1.66543
1.9846
3.37891
1.01922
2.18837
1.36987
2.27499
2.00956
1.4528
3.12404
1.86331
2.55612
1.309
1.92925
2.12011
1.5074
2.63355
1.84114
2.45629
1.58356
1.29783
2.43497
1.15559
2.08451
2.2016
3.4853
1.58254
2.91983
1.68482
1.167
1.46903
2.88163
1.62512
2.48643
1.61799
2.96878
3.04265
1.43132
2.59004
1.54308
2.20015
2.54902
1.96412
3.33246
1.60885
3.00544
1.33447
1.41042
1.54151
1.30717
2.73256
1.69249
2.5615
2.25021
1.50938
2.69035
1.32955
2.99969
3.26503
2.35776
2.02053
2.59054
1.85064
1.06894
1.59968
1.31894
1.81221
2.49091
1.26581
1.96049
2.6242
2.34
2.21633
1.97895
2.15064
2.98095
2.72844
3.0479
1.72954
2.71315
2.59635
3.25024
3.02182
1.29141
1.7506
3.49017
1.64402
1.04306
2.33605
3.00837
2.33532
1.47217
2.99079
1.70097
2.19773
1.58957
1.38212
1.6498
3.19164
2.57502
1.34325
1.89186
2.42256
2.24129
2.02807
2.29165
2.2529
1.5665
2.51672
1.9635
1.17518
1.64354
1.76175
1.66167
2.30312
1.64282
2.54132
1.66307
1.61016
1.12476
2.85939
2.02624
1.27985
1.69102
1.97959
2.41122
2.53739
2.15872
2.15043
1.90133
2.0568
2.35688
2.03178
2.95052
1.56037
2.89902
1.85842
2.96016
3.01905
1.38589
1.55657
2.17595
3.0716
2.83155
1.50878
1.7902
1.03542
3.16272
2.81275
1.21324
2.34389
2.5046
1.18918
1.51272
2.16985
2.36283
1.48521
2.86611
1.95421
1.29379
1.70075
1.42777
1.34768
2.50754
1.93646
1.98143
1.27497
1.48827
1.50074
2.633
2.27164
2.17669
2.95578
3.4854
2.21182
2.32864
1.47421
3.41403
3.32743
3.13466
1.19014
2.15584
1.46288
1.74621
2.10963
2.92739
1.61338
3.02934
1.8358
1.69559
2.94519
1.50744
2.58744
2.72322
1.56152
1.4082
1.55191
1.08947
2.29804
2.28032
3.29679
1.80756
1.71412
1.73204
2.10491
1.36984
1.71568
3.0256
3.04859
3.1296
1.93256
1.97276
2.28443
1.64695
3.07938
1.03745
2.45793
1.9438
2.16538
1.37616
2.37899
2.30597
1.75222
1.6974
2.21711
2.27158
2.34314
1.17246
2.82453
2.42786
1.25703
3.07615
1.42591
1.31104
1.39256
1.60706
2.13696
2.54187
1.76448
3.39718
3.25701
3.27706
2.18076
2.86605
1.25008
1.16557
2.47585
2.08133
1.46862
3.08731
1.93637
2.30981
3.09067
3.06308
1.68656
2.0772
2.60568
3.03277
3.00226
1.23042
2.92454
2.8909
1.57124
3.45204
3.60529
3.69643
1.41966
3.20141
3.3532
1.4514
1.87557
1.61575
1.41553
2.22491
1.75548
1.64095
2.31834
1.53044
1.7159
2.32707
1.26132
2.06215
3.24995
1.34361
2.28277
3.60651
3.45038
2.33158
1.29444
3.49925
2.82798
1.67764
1.88436
1.52271
3.33016
2.90607
2.86939
3.16373
3.34234
1.49058
2.04116
1.88801
3.72125
3.18678
1.95249
1.96921
2.30533
3.459
3.55921
2.83517
2.85795
2.982
2.66377
3.49787
1.22143
3.21079
2.31648
2.13263
1.8387
3.58048
1.1809
2.49495
1.7727
1.3395
2.52008
1.88889
3.30228
2.16473
2.77911
2.62105
3.30036
2.11483
2.67063
1.75735
2.36349
3.81562
1.37088
2.84684
2.81294
1.64437
3.37468
2.19462
2.22948
1.77847
1.62185
3.18063
3.05632
1.80742
1.63858
1.19197
2.96768
2.39483
3.2997
1.25175
1.4458
1.30495
2.99668
2.93264
3.696
2.48989
1.34127
2.85505
2.0099
1.42743
2.19574
2.5609
2.50784
1.61843
3.14686
2.51251
1.38712
1.73609
1.53648
2.84943
3.07973
2.91359
1.68449
2.80638
1.19866
1.73236
2.51088
1.77343
1.4299
2.42952
3.33784
1.40738
2.21713
2.33674
1.41972
2.5501
2.50585
3.53464
3.67115
1.84043
1.95347
2.79114
3.29465
1.09226
1.72847
3.86715
1.85829
3.42211
2.2001
1.85073
2.72837
2.41066
1.84818
3.12531
2.82703
2.74486
2.4832
1.61138
1.18232
3.18199
1.64122
2.16651
2.10522
3.15146
1.33844
1.7834
2.96108
3.36969
2.02265
2.25242
2.27804
2.71842
3.11451
1.26003
2.85999
3.60196
2.0655
2.01448
2.18074
2.3997
3.2308
1.49742
1.74896
1.94553
1.49765
3.40307
2.58786
2.39566
1.25949
3.13572
3.22557
3.72932
2.07583
2.17808
2.04394
1.50698
2.35854
2.8945
3.45954
1.67373
1.0915
2.72498
3.48801
2.94069
1.36883
2.33012
1.62676
1.90813
1.33278
3.03668
3.2659
3.04709
2.7097
2.9347
1.26284
1.42301
2.86714
3.08035
1.77167
1.67256
2.8844
2.44681
3.54923
1.30092
1.1771
3.60337
3.73889
1.86835
3.02848
1.33939
1.78476
2.33031
2.88381
1.84712
3.43393
1.23503
3.26238
3.17888
3.26054
1.90225
2.93054
1.55265
2.81202
2.33309
2.13843
1.26898
2.03861
1.85347
2.4047
1.52004
3.09714
1.24918
3.80951
2.03741
1.60151
1.42117
1.7666
2.68088
1.70286
2.86628
1.29044
2.53963
1.93861
2.03321
1.93032
1.73202
2.52211
1.65526
2.57652
1.22759
2.33672
2.33958
3.65095
1.71704
1.8139
3.84172
1.28603
3.51685
2.82099
2.02032
1.52973
2.35518
3.70182
3.08885
2.22093
2.32334
3.4722
2.47107
1.47921
1.90748
1.28008
3.11214
1.48487
1.59122
1.73075
2.69284
1.69601
1.33523
3.12908
1.25576
1.89286
2.63835
2.76337
1.52384
1.86674
2.54493
2.86773
1.64504
1.88322
2.49103
2.01277
2.37886
3.36733
2.4064
2.75899
1.55539
2.48982
2.15592
3.0559
2.67321
2.16509
1.87961
2.91217
1.66276
2.04116
1.69977
1.7436
3.334
1.667
1.74448
2.26204
1.60291
3.24689
2.2448
2.64849
3.60577
2.30367
2.96201
1.52504
1.88431
1.31744
3.24497
1.35813
2.45374
2.3372
3.72584
2.50376
1.91735
2.68166
1.66368
2.48466
1.25353
2.60026
2.46402
1.40741
2.6708
2.65659
2.38614
3.60247
2.33166
3.57288
2.13908
1.84414
3.58233
3.23512
1.33406
3.3328
2.05726
2.75817
1.32634
2.01874
3.56679
3.6468
1.93417
3.14149
2.86081
2.61231
1.49138
2.62762
2.97913
1.79597
1.33158
1.55753
3.00069
3.60785
3.33851
2.75008
2.93164
1.26135
1.62155
2.47069
2.08739
3.16835
2.59227
1.5984
1.49734
1.46089
3.24712
2.52492
2.46071
1.83409
2.57246
1.47372
3.14821
3.09587
1.15291
1.23872
1.92605
2.32002
2.65897
3.63198
1.45128
2.36665
1.95264
2.16893
2.22793
2.86512
2.48563
3.3253
1.3613
2.99944
3.25089
2.70012
2.2648
1.63055
3.37154
3.22543
1.13547
2.66571
2.00094
1.40691
2.28178
2.32258
2.66141
1.84942
3.43756
1.77541
3.135
3.0986
2.53621
1.42972
2.24323
2.17838
1.20707
3.76526
2.04256
1.88456
1.61435
1.33395
2.56661
1.40413
1.99635
3.63657
3.61825
1.31074
2.49317
1.83527
2.57456
1.88061
2.06835
2.94377
1.39234
2.54033
2.64919
1.60681
2.22658
3.08598
1.80645
3.37297
2.8025
1.34588
2.00225
3.51194
1.85641
1.43719
3.07303
3.05377
1.72779
3.42994
3.17187
1.44578
1.5261
2.49945
2.25223
2.3678
2.41547
2.68628
2.45636
2.72536
3.07366
1.40493
1.47113
2.96649
2.42626
2.82041
1.1636
2.37779
2.9407
3.23015
3.52325
3.2284
1.86121
3.14732
2.03264
3.40597
2.32704
2.34466
1.66207
3.31391
1.73595
3.39314
1.56428
1.27541
2.75773
3.19478
3.79244
2.139
2.0061
2.14597
1.69168
1.67918
3.42843
3.5895
2.34488
3.06335
3.28989
2.9514
2.89324
2.3371
1.68384
1.78626
2.63518
2.55909
2.87272
1.35931
1.88925
2.31255
3.23433
2.07607
2.3432
1.64315
2.55199
2.10206
3.40303
3.22045
3.75432
2.08749
2.75283
3.04878
2.6648
1.73689
2.72533
3.63864
2.30772
1.78236
1.77856
2.07672
1.42182
2.46202
2.45736
1.80236
3.08483
1.71635
2.12562
2.29592
3.15516
2.74624
1.82295
2.86349
2.34545
2.42862
1.65264
1.93265
2.13833
3.74104
2.74236
1.57317
2.02656
2.57217
2.53185
1.45491
1.96898
2.78082
1.66382
2.19675
3.21021
1.95885
3.00849
3.79048
2.18509
2.44743
3.06913
1.43034
2.56871
1.85153
3.24322
1.47491
2.55921
3.13619
1.70114
1.89795
2.39266
1.98521
1.54981
2.2866
2.40774
1.98046
2.65636
1.99477
3.27645
2.26067
2.24071
2.8929
1.33764
2.67169
3.22463
2.80264
2.42244
1.69551
2.08748
2.14746
2.16657
3.55565
3.24367
1.29388
1.57781
2.30412
1.73961
1.9014
3.47229
3.59912
1.801
1.3027
3.57163
3.47623
2.42016
2.17585
2.27061
2.37642
3.37485
3.0692
1.4784
2.97504
2.45841
3.61652
1.81367
3.09424
2.52248
3.14151
2.67939
1.49347
2.66655
2.3379
3.25616
1.8733
1.59805
1.79996
3.25621
2.33345
3.08415
2.12365
2.80465
2.23302
1.32026
2.86943
2.73056
2.42249
1.77021
1.52031
1.98669
3.3166
3.24982
2.87974
1.34896
2.01994
1.26291
2.25455
1.35599
1.44461
1.94949
1.37222
1.64194
1.89458
1.49365
1.86858
3.51804
2.32899
3.45946
3.33326
1.74792
3.8078
2.48791
3.71271
3.3768
1.93094
1.39004
1.63585
2.487
2.29403
1.45958
2.02153
2.44124
2.62439
2.3337
1.66665
2.90515
1.44478
1.32964
3.52614
2.40503
3.44038
2.20733
1.858
3.43291
1.55861
1.92664
1.83296
3.32367
1.68689
1.62753
2.37243
3.2924
1.65064
2.81251
2.60735
1.4414
3.4046
1.85
1.70913
1.25007
1.76333
2.01123
3.39818
1.95828
3.0403
2.2205
3.3472
1.73855
3.24461
2.22367
1.81469
1.30216
1.51353
1.41374
2.50574
2.79166
1.89145
2.15833
3.40798
1.11838
2.41193
1.71428
2.4261
2.10506
2.00334
3.47741
1.86331
2.89228
1.4471
2.24932
3.29138
1.5074
3.05429
2.01174
2.84212
1.70542
1.33741
2.9158
1.29282
2.92001
2.24516
3.55114
1.76683
3.28547
1.91433
1.30324
1.65259
3.09057
1.7446
3.51907
1.93114
2.96878
3.13571
1.43132
3.17983
1.9685
2.94516
2.56759
2.06419
3.44902
1.72236
3.00544
1.64391
1.72312
1.99763
1.33076
2.79544
1.91096
3.39463
2.32572
1.55196
3.07962
1.50683
3.11381
3.81155
2.79097
2.4707
2.66489
1.85064
1.24627
1.81725
1.3403
2.16076
2.49091
1.49622
2.65927
2.66505
2.45305
2.56185
2.64823
2.19034
3.04024
3.0956
3.37818
1.83653
3.11603
3.21589
3.50046
3.0626
1.52641
1.79415
3.49017
2.26205
1.21091
2.77194
3.00837
2.58452
1.64886
3.08633
1.8972
2.5141
2.11126
1.50757
1.83146
3.24911
2.74691
1.48456
2.70751
3.02036
2.43067
2.36355
2.59011
2.97715
1.63207
2.6061
2.24757
1.31458
2.45941
2.0195
1.68171
2.56773
2.76873
2.63739
1.76601
1.79499
1.24713
3.21227
2.15317
1.60868
2.08972
2.08591
2.47679
2.55912
2.40102
2.34584
2.26633
2.25824
2.58164
2.47443
3.24702
1.67777
2.89902
1.91027
3.59725
3.52784
1.40386
1.57973
2.5312
3.30338
3.05468
1.65584
2.1155
1.27892
3.25607
3.66953
1.77739
2.91421
2.63663
1.58709
1.6994
2.32011
2.45955
1.68181
3.26913
2.00029
1.30766
2.1899
1.50071
1.58679
2.62419
2.09339
2.5696
1.34797
2.00661
1.84398
2.69712
2.37824
2.21202
3.42398
3.58986
2.43291
2.51553
1.55408
3.62532
3.73749
3.21095
1.32237
2.98354
1.70055
1.81783
2.20671
3.13704
1.7452
3.22369
2.16611
2.03087
3.189
1.64117
3.49179
2.86349
1.70186
1.66895
1.59589
1.24573
2.50973
2.58289
3.69816
2.24033
2.20055
1.77346
2.14983
2.60861
1.79333
3.6982
3.36958
3.73659
2.06683
1.97276
2.9747
1.67879
3.38291
1.31229
2.59151
2.43028
2.46698
1.47581
2.94998
2.63056
2.8136
2.01626
3.03784
2.37503
2.48921
1.44356
2.98427
2.55767
1.49004
3.64902
1.66616
1.79949
1.63205
1.88749
3.40062
2.95361
1.84406
3.56592
3.27864
3.39153
2.25559
3.04819
1.25008
1.26773
2.71182
2.19111
1.50651
3.18386
2.26928
2.35649
3.4631
3.72124
2.18994
1.82584
1.95142
3.00337
1.31644
1.12237
2.29198
2.809
1.57124
3.25942
3.44386
2.82222
1.1536
2.83059
2.81985
1.18375
1.72906
1.60153
1.39836
1.89871
1.61616
1.59728
1.87665
1.11808
1.48872
1.86528
1.18938
1.72876
3.07151
1.32515
2.23026
3.29758
3.22157
1.89671
1.22792
2.35114
2.82798
1.63782
1.74957
1.24525
3.02363
2.48767
2.3985
2.88652
3.04901
1.38991
2.02307
1.38133
3.35129
2.73646
1.37073
1.88595
1.80837
2.65852
3.52922
2.83517
2.62965
2.37337
2.09994
3.10481
1.14214
3.05834
1.934
1.95087
1.55109
2.74047
1.09922
2.12021
1.55058
1.12595
2.42698
1.74897
2.98012
2.12474
2.62096
2.18489
3.06627
1.78313
1.91233
1.46402
2.2572
3.59519
1.1846
2.37499
2.81294
1.55539
2.28714
2.04216
2.1973
1.57319
1.52098
2.63412
2.32195
1.61635
1.25746
1.08161
2.70983
2.04037
3.22233
1.14832
1.14847
1.03198
2.51669
2.90685
2.94333
2.02337
1.20006
2.56198
1.84463
1.41838
1.81474
2.458
2.02761
1.46963
2.78618
2.28713
1.33156
1.73609
1.26452
2.44962
2.89276
2.6071
1.65114
2.43046
1.0948
1.49408
2.2813
1.483
1.40948
2.31948
2.75369
1.06033
1.79774
2.05006
1.40291
1.99268
2.402
3.19135
2.53561
1.63706
1.80955
2.38413
2.23248
1.02509
1.54016
3.24222
1.63131
2.73599
1.73695
1.57012
2.28303
2.19831
1.78626
2.84263
2.62734
1.78745
2.38464
1.32848
1.08073
3.18199
1.51523
1.80976
1.99897
2.83864
1.18138
1.67536
2.92659
3.27677
1.99838
1.95358
2.04323
2.43618
2.84027
1.1581
1.8494
3.22328
1.89756
1.53572
2.03076
2.371
1.87921
1.31784
1.73505
1.77901
1.30024
2.73016
2.28939
1.79415
1.09201
2.67632
2.90673
3.67613
1.95287
2.11575
1.86532
1.36706
1.77684
2.47526
2.63175
1.54544
1.04271
2.24626
1.82348
2.74414
1.17526
2.26382
1.25989
1.86363
1.28717
3.00842
2.7282
2.69081
2.39759
2.44382
1.16714
1.3762
2.70304
2.92232
1.34133
1.54593
2.68779
2.16524
2.90374
1.09234
1.10587
3.4257
3.02381
1.81167
2.41594
1.22884
1.72439
2.02676
2.26166
1.71498
3.2212
1.08042
2.63679
3.14487
3.04263
1.75852
2.4957
1.38257
2.49571
2.30469
1.8357
1.08107
1.73092
1.54488
2.33368
1.39502
2.74678
1.08433
3.03114
1.88507
1.20544
1.15069
1.6333
2.42086
1.48389
2.58016
1.13605
2.10185
1.63997
1.81043
1.88537
1.47915
2.19067
1.60042
2.54475
1.04157
2.13357
1.98464
2.06837
1.64486
1.59737
3.70369
1.1219
3.51685
2.82099
1.87263
1.19157
2.00698
3.32037
2.69671
1.97297
2.30534
3.30012
2.46023
1.20808
1.2788
1.26119
3.0926
1.45685
1.36813
1.44462
2.47141
1.27987
1.33523
2.7996
1.14026
1.67886
2.41259
2.53035
1.406
1.68275
1.94257
2.37012
1.64504
1.84069
2.34798
2.00443
2.21326
3.22196
2.13802
2.57227
1.15202
2.43759
2.05676
2.52787
2.33159
1.86322
1.22316
2.40793
1.23267
1.76605
1.28265
1.26549
3.0569
1.49568
1.64318
2.08122
1.54246
2.79558
1.93484
1.77626
3.02869
2.20111
2.3153
1.49729
1.64855
1.09022
2.48998
1.26892
1.98812
1.88802
3.15492
2.21074
1.53308
2.39816
1.42751
2.37014
1.17688
2.57309
2.35558
1.16902
2.02168
2.58356
1.89854
3.51445
1.70371
3.16698
1.96761
1.7744
3.04635
2.87842
1.1973
3.28506
2.0234
2.33454
1.19622
1.933
3.48093
2.82393
1.83732
3.05829
2.80345
2.56056
1.42779
2.2559
2.65201
1.74227
1.27096
1.43976
2.51461
3.2889
2.31511
2.57969
2.42825
1.07517
1.22825
2.32308
1.96124
2.32458
2.57784
1.32043
1.39286
1.43895
2.68065
2.16051
1.86029
1.76018
2.00456
1.07788
2.8801
2.85746
1.04031
1.10352
1.48679
2.23343
2.4805
2.66478
1.12689
2.34225
1.72845
1.62107
1.99633
1.88382
2.3405
2.56293
1.24075
2.99944
3.25089
2.45063
1.80457
1.56121
2.83908
2.77316
1.04773
2.40101
1.70745
1.40691
2.19731
2.08701
1.63659
1.57667
3.10738
1.6283
2.8339
3.03519
2.40783
1.09426
2.2006
2.17838
1.04339
3.74129
1.65164
1.76058
1.27529
1.27499
2.06888
1.2699
1.77181
3.02783
3.30487
1.07575
2.14496
1.36591
2.44376
1.63718
1.70432
2.51903
1.31713
2.03616
1.82689
1.60681
2.07822
2.45302
1.77127
2.70424
2.62662
1.04101
1.7388
3.31837
1.84795
1.37171
2.50776
2.91559
1.55707
2.80328
3.07712
1.37022
1.18722
2.4865
1.74794
2.00605
2.37177
2.58736
2.11515
2.5833
2.78796
1.19601
1.34357
2.31031
2.09786
2.6203
1.06812
1.57339
2.78399
3.19231
2.72487
2.89863
1.58725
2.93136
1.98841
3.22945
1.82898
1.88681
1.64988
2.93216
1.61339
3.19254
1.52428
1.06259
2.29143
2.4867
3.49189
1.69483
1.28348
1.87414
1.24602
1.54411
3.06145
3.00413
2.02877
2.58786
2.52831
2.70125
2.53018
2.15306
1.50678
1.42406
2.44479
2.28314
2.80025
1.06755
1.75765
2.27694
2.98993
1.56981
2.01638
1.30274
2.12035
1.56181
3.33605
2.58324
3.64068
1.93643
2.75283
2.63715
2.24042
1.40261
1.74695
3.3709
2.05513
1.32314
1.68977
1.90853
1.36542
1.95748
2.44054
1.28108
2.89896
1.67324
2.05756
2.28497
3.01031
2.38229
1.58172
2.23661
2.13578
1.95389
1.52823
1.88025
1.8182
2.44609
2.72055
1.38011
1.93529
2.10598
2.3639
1.21445
1.84923
2.73601
1.38491
1.93284
2.20151
1.61999
2.95297
3.59145
1.93311
2.13892
2.99852
1.26763
1.91431
1.66969
2.77422
1.41695
2.42968
2.22091
1.4269
1.7821
2.10464
1.58041
1.1946
2.188
2.05755
1.89639
2.24352
1.65705
3.08465
1.68202
2.09037
2.62603
1.12339
2.31785
2.1006
2.36729
2.29294
1.50109
1.84193
1.70284
1.84177
2.81238
2.99604
1.14294
1.18611
1.80275
1.43139
1.82038
3.30657
3.18285
1.74881
1.28613
2.98934
2.65182
2.29489
1.98834
2.10057
2.34841
2.45202
2.88371
1.07945
2.86002
2.17713
3.27597
1.48264
2.74
2.1823
2.71612
2.01259
1.45661
2.20224
2.22163
2.56131
1.5711
1.15182
1.69179
3.10592
2.04181
2.89877
1.978
2.46296
2.01741
1.11612
2.06587
2.63844
2.06541
1.48258
1.30944
1.91256
3.04286
3.01487
2.5905
1.29779
1.90541
1.16516
1.56308
1.12959
1.34289
1.9343
1.14392
1.31877
1.75678
1.30996
1.85816
2.94871
1.95752
2.98344
2.96719
1.70758
2.88484
2.10503
2.84998
3.05376
1.73016
1.37353
1.53855
1.91998
1.64075
1.07447
1.80325
1.98489
2.57955
1.98737
1.43547
2.32742
1.39177
1.20516
3.14125
2.35321
2.77858
2.13029
1.69699
2.88145
1.49918
1.81277
1.65519
2.815
1.5538
1.59261
1.53226
2.87065
1.55364
2.57007
2.11672
1.32157
2.93328
1.82191
1.48178
1.20945
1.59901
1.87243
2.96449
1.86941
2.838
2.12981
3.04953
1.5454
2.96424
1.91595
1.63652
1.26882
1.42483
1.41374
2.23135
2.47113
1.64186
1.92672
3.37891
1.01922
2.17421
1.32523
2.25155
2.00112
1.33895
3.06934
1.86331
2.51903
1.27736
1.89962
1.99913
1.5074
2.45527
1.80295
2.42858
1.57795
1.29266
2.34183
1.13486
2.03882
2.2016
3.4853
1.56289
2.81183
1.66456
1.15765
1.41346
2.86212
1.60873
2.46149
1.55999
2.96878
3.04265
1.43132
2.53361
1.52069
2.14139
2.54902
1.93103
3.32497
1.59316
3.00544
1.29531
1.28763
1.51722
1.30717
2.71779
1.63598
2.40928
2.24763
1.50938
2.65792
1.27203
2.99969
3.19723
2.21268
2.01421
2.5727
1.85064
1.06863
1.5482
1.31752
1.70041
2.49091
1.25193
2.02816
2.6242
2.22677
2.18698
1.9033
2.1304
2.98095
2.69939
2.9359
1.72596
2.67678
2.56313
3.22662
3.02182
1.26504
1.73472
3.43576
1.58992
1.04103
2.26117
3.00837
2.29899
1.44515
2.93893
1.6572
2.16161
1.32362
1.36588
1.63094
3.13863
2.54111
1.32536
1.86037
2.35753
2.21244
2.01818
2.23162
2.11254
1.5594
2.48553
1.89471
1.13335
1.62064
1.71528
1.6481
2.28524
1.56119
2.52856
1.6526
1.57259
1.10729
2.81685
1.99267
1.25041
1.65095
1.95936
2.35061
2.52589
2.07608
2.02238
1.83559
1.93731
2.26015
1.99816
2.85629
1.55941
2.89902
1.84657
2.90853
2.9871
1.38589
1.55657
2.14296
3.00892
2.69911
1.49478
1.71798
1.03296
3.16022
2.68154
1.19207
2.28659
2.48023
1.17069
1.49164
2.15904
2.32732
1.46169
2.83135
1.95421
1.27445
1.66352
1.40913
1.30228
2.49866
1.89021
1.86314
1.26408
1.4559
1.47202
2.633
2.25535
2.16672
2.93367
3.4854
2.16566
2.29188
1.46257
3.35588
3.25615
3.09225
1.16842
2.06285
1.42239
1.72132
2.07363
2.84491
1.59258
2.96725
1.70351
1.67916
2.8192
1.49311
2.50625
2.64255
1.54572
1.34206
1.53773
1.07594
2.2854
2.33155
3.2486
1.76081
1.76045
1.69113
2.09971
1.60061
1.69724
2.98719
3.00407
2.90372
1.91482
1.95533
2.19784
1.62438
3.0277
1.03667
2.4004
1.88738
2.05409
1.37137
2.32753
2.23503
1.70817
1.66646
2.2057
2.23065
2.30672
1.11383
2.78635
2.40776
1.17532
2.96978
1.40623
1.26609
1.37607
1.5795
2.03334
2.50416
1.74631
3.24939
3.25701
3.24692
2.16651
2.81791
1.25008
1.15179
2.4625
2.05743
1.44418
3.06682
1.89387
2.25123
3.06199
3.01477
1.54043
