1.00674
1.00534
1.00264
1.00205
1.0022
1.00206
1.00099
1.00672
1.00485
1.01115
1.01107
1.01608
1.00166
1.00187
1.00026
1.00299
1.00421
1.00581
1.00445
1.00535
1.00725
1.00924
1.00144
1.00453
1.00489
1.00667
1.0054
1.00558
1.0039
1.00242
1.00874
1.01258
1.00114
1.00201
1.00655
1.00797
1.00327
1.00098
1.01249
1.00524
1.01048
1.00747
1.00258
1.00519
1.0074
1.00601
1.00621
1.00246
1.00168
1.00253
1.00302
1.00672
1.00764
1.00463
1.009
1.0048
1.00347
1.01547
1.00067
1.00921
1.0085
1.0009
1.00928
1.00115
1.0032
1.00614
1.00248
1.01274
1.00564
1.00238
1.00906
1.00371
1.01011
1.0066
1.01176
1.00654
1.0017
1.00784
1.00792
1.00293
1.00252
1.00931
1.00043
1.00756
1.00746
1.01854
1.00532
1.00403
1.00183
1.01092
1.00435
1.00216
1.00848
1.00496
1.00369
1.01286
1.02124
1.00702
1.00268
1.01463
1.02703
1.00023
1.00423
1.00548
1.00536
1.00682
1.00432
1.0238
1.01883
1.00552
1.00389
1.00417
1.0021
1.01156
1.00673
1.01525
1.00242
1.00152
1.00787
1.00216
1.01322
1.00725
1.00332
1.00567
1.0063
1.00474
1.00236
1.01098
1.00116
1.00111
1.00457
1.00337
1.01122
1.01058
1.00809
1.01167
1.00526
1.00943
1.00539
1.00388
1.00436
1.01323
1.00577
1.00446
1.00466
1.00802
1.00671
1.00108
1.00195
1.01004
1.00954
1.01799
1.00047
1.00623
1.01444
1.00184
1.00361
1.00216
1.00846
1.00663
1.01892
1.00648
1.00234
1.00636
1.00187
1.0039
1.00868
1.007
1.00258
1.019
1.00673
1.00416
1.00269
1.00044
1.00174
1.01337
1.00474
1.00221
1.00916
1.00528
1.00137
1.00788
1.01686
1.01574
1.00422
1.00171
1.01023
1.0017
1.00854
1.00225
1.00214
1.01503
1.00437
1.00265
1.00201
1.00726
1.00844
1.00759
1.00515
1.00463
1.00993
1.00715
1.0032
1.00238
1.00867
1.00425
1.00743
1.00637
1.00227
1.00651
1.00671
1.00306
1.00898
1.00926
1.00444
1.00322
1.01001
1.00309
1.02444
1.00778
1.01567
1.00168
1.00457
0.999704
1.00105
1.00147
1.00198
1.0055
1.00439
1.00419
1.00331
1.00885
1.0056
1.00436
1.00524
1.01416
1.00259
1.00612
1.00232
1.00861
1.00892
1.0006
1.00916
1.00342
1.00509
1.00695
0.999596
1.00812
1.00522
1.00974
1.00258
1.0035
1.00518
1.00324
1.00778
1.00543
1.00584
1.00725
1.0017
1.0092
1.00775
1.01791
1.012
1.00496
1.00413
1.00165
1.00782
1.00352
0.999971
1.00849
1.02347
1.00429
1.00522
1.00733
1.00795
1.0044
1.00313
1.00618
1.00209
1.00548
1.00631
1.0032
1.00202
1.00707
1.00952
1.00483
1.01988
1.00656
1.00589
1.00311
1.00321
1.00312
1.00209
1.00642
1.02682
1.00684
1.01369
1.00744
1.0102
1.0014
1.01792
1.00201
1.00282
1.00856
1.00222
1.00909
1.00527
1.01081
1.01313
1.00437
1.00308
1.00194
1.00878
1.00277
1.00879
1.0008
1.00216
1.0064
1.00059
1.00893
1.00605
1.00535
1.00172
1.00601
1.00054
1.00189
1.00795
1.01262
1.0068
1.01241
1.01004
1.00757
1.0044
1.00047
1.00365
1.00125
1.0022
1.00258
1.00825
1.00898
1.00682
1.00671
1.002
1.00974
1.02658
1.00205
1.00278
1.001
1.00621
1.0018
1.0118
1.00344
1.00446
1.00717
1.00829
1.01107
1.00318
1.0055
1.00413
1.00311
1.00607
1.00382
1.00763
1.00575
1.02252
1.00429
1.0153
1.00316
1.00014
1.00401
1.00258
1.00365
1.01607
1.00533
1.00449
1.00333
1.01623
1.00795
1.00405
1.01125
1.00803
1.00601
1.00411
1.00081
1.01175
1.00838
1.0067
1.007
1.01005
1.01074
1.01195
1.00114
1.00136
1.00018
1.00235
1.00243
1.01265
1.00228
1.00895
1.0112
1.01627
1.00386
1.0052
1.00373
1.00904
1.01185
1.00323
1.00253
1.00603
1.00763
1.00018
1.00277
1.00411
1.00135
1.0099
1.01731
1.00426
1.00402
1.02063
1.01483
1.00183
1.01395
1.00493
1.0151
1.04599
1.00302
1.00365
1.00165
1.00574
1.00745
1.01438
1.01246
1.00666
1.00771
1.00766
1.00294
1.01199
1.00294
1.00178
1.00907
1.02567
1.00555
1.01585
1.00908
1.00755
1.00578
1.00508
1.00376
1.00586
1.00853
1.00216
1.01146
1.00103
0.999932
1.00768
1.00037
1.00675
1.00348
1.0013
1.00244
1.00244
1.0082
1.001
1.01317
1.0109
1.01552
1.00765
1.01387
1.01763
1.00366
1.00283
1.00076
1.00922
1.00323
1.00061
1.01157
1.00215
1.01697
1.0039
1.00699
1.00377
1.01097
1.01132
1.00608
1.00594
1.01525
1.00588
1.00313
1.01323
1.01137
1.00965
1.01597
1.00691
1.00888
1.0144
1.0041
1.00172
1.00653
1.00882
1.00689
1.00109
1.00445
1.00432
1.00313
1.00438
1.01931
1.00294
1.01894
1.01107
1.00316
1.00739
1.00342
1.00637
1.00626
1.00365
1.0067
1.00205
1.01319
1.00152
1.00045
1.01222
1.00327
1.00227
1.00597
1.00509
1.00202
1.01092
1.0055
1.00386
1.00829
1.00482
1.00337
1.01038
1.01157
1.01325
1.00725
1.00996
1.02108
1.00194
1.01011
1.00673
1.01374
1.0119
1.01299
1.008
1.00445
1.00449
1.00507
1.00427
1.00433
1.00225
1.03142
1.01337
1.01072
1.00511
1.00804
1.01044
1.00199
1.00997
1.01052
1.0158
1.00443
1.00421
1.00964
1.00263
1.01048
1.00796
1.01272
1.00305
1.01568
1.01284
1.00665
1.00371
1.0003
1.00308
1.0122
1.00182
1.00222
1.00382
1.01407
1.00213
1.00594
1.00038
1.00335
1.00175
1.00371
1.00414
1.00261
1.00632
1.00385
1.00384
1.01074
1.00654
1.00191
1.0046
1.00283
1.01038
1.01388
1.00502
1.00942
1.00406
1.00678
1.00391
1.0013
1.0037
1.01468
1.01324
1.00989
1.01653
1.00828
1.00548
1.01138
1.00745
1.00393
1.01739
1.00502
1.00525
1.00116
1.00324
1.00889
1.00249
1.00503
1.00792
1.00211
1.01196
1.00257
1.00446
1.00127
1.00613
1.00253
1.01087
1.01397
1.0021
1.00611
1.00734
1.00808
1.00676
1.00687
0.999406
1.00672
1.00679
1.00088
1.00329
1.01434
1.00607
1.00451
1.00095
1.00764
1.01048
1.0035
1.00179
1.00749
1.00491
1.00172
1.01067
1.01297
1.01606
1.00862
1.00489
1.00256
1.00366
1.0024
1.006
1.00713
1.00755
1.00525
1.00692
1.00084
1.00292
1.00524
1.00626
1.00669
1.00705
1.00759
1.00183
1.01339
1.00437
1.00715
1.00636
1.00425
1.00351
1.00541
1.00176
1.00777
1.00981
1.00527
1.01861
1.01641
1.01206
1.00286
1.00545
1.01126
1.00087
1.01213
1.00933
1.00307
1.00281
1.00367
1.00593
1.0025
1.00319
1.00881
1.01077
1.00585
1.01969
1.00122
1.00814
1.01543
1.00111
1.00292
1.00299
1.00385
1.0025
1.00281
1.00212
1.00698
1.00546
1.00421
1.01606
1.00076
1.00158
1.00197
1.00481
1.00788
1.01031
1.00491
1.00217
1.00362
1.00356
1.00445
1.01315
1.01477
1.00449
1.00557
1.00119
1.00657
1.00565
1.0054
1.0008
1.00557
1.00342
1.00115
1.00675
1.00629
1.0037
1.0147
1.00148
1.00482
1.00929
1.0029
1.00648
1.01023
1.0005
1.01383
1.00212
1.00638
1.00253
1.0065
1.0011
1.0096
1.00742
1.00718
1.0009
1.00529
1.0061
1.00226
1.00816
1.00529
1.00603
1.00765
1.00651
1.0108
1.02452
1.01168
1.00706
1.00194
1.00437
1.0067
1.00893
1.00822
1.01609
1.0048
1.00193
1.01619
1.00163
1.00497
1.00919
1.00677
1.00382
1.00539
1.00287
1.00883
1.00634
1.00962
1.00455
1.00042
1.00729
1.00213
1.01532
1.01123
1.00165
1.00312
1.00582
1.00414
1.01299
1.01421
1.00504
1.00162
1.00866
1.00544
1.0027
1.00381
1.00827
1.00986
1.00359
1.01251
1.00461
1.00099
1.00036
1.00267
1.00593
1.00197
1.00725
1.02718
1.00892
1.00041
1.00607
1.0171
1.00213
1.00349
1.00311
1.00859
1.00818
1.00557
1.01521
1.00258
1.01878
1.00418
1.00924
1.00093
1.00434
1.00276
1.01479
1.00733
1.01468
1.01383
1.01841
1.02426
1.00097
1.00119
1.006
1.00422
1.01102
1.01427
1.00514
1.00653
1.01182
1.00832
1.00187
1.00465
1.00536
1.0051
1.00357
1.01008
1.00262
1.0068
1.00978
1.00436
1.01697
1.00229
1.01796
1.00312
1.00778
1.00748
1.00237
1.00675
1.00753
1.00975
1.00034
1.00367
1.01457
1.00462
1.00459
1.00237
1.01643
1.00483
1.00581
1.00207
1.01299
1.01852
1.03924
1.01608
1.00985
1.00195
1.0114
1.01089
1.00752
1.00824
1.00287
1.00228
1.00293
1.00731
1.00638
1.00742
1.01472
1.01519
1.00431
1.00124
1.00716
1.0014
1.0085
1.00329
1.00575
1.00473
1.00731
1.00393
1.00548
1.00544
1.00533
1.00525
1.00763
1.00801
1.00293
1.00975
1.0101
1.00286
1.00863
1.00318
1.00675
1.00636
1.00774
1.01175
1.0036
1.00688
1.011
1.00425
1.0102
1.00207
1.0013
1.00014
1.00984
1.01675
1.012
1.0183
1.00613
1.00246
1.01446
1.00217
1.00905
1.00267
1.00375
1.00753
1.00902
1.01152
1.00399
1.00261
1.00893
1.01738
1.00505
1.01431
1.0077
1.00203
1.00437
1.00218
1.00645
1.00739
1.0032
1.0086
1.00243
1.00604
1.00189
1.00424
1.02168
1.0198
1.01752
1.01953
1.00015
1.0032
1.01063
1.01157
1.00888
1.00615
1.00558
1.0085
1.00382
1.00127
1.00669
1.00224
1.01266
1.00139
1.00185
1.00652
1.00535
1.00218
1.00582
1.00294
1.00758
1.00492
1.00609
1.00629
1
1.00052
1.00388
1.00244
1.00095
1.00082
0.999838
1.00274
1.00416
1.00269
1.00894
1.01733
1.00045
1.0002
0.999692
1.0056
1.003
1.00167
1.0007
1.00314
1.00064
1.00101
1.00264
1.00168
1.00007
1.00349
1.00201
1.00282
1.0067
1.00054
0.999947
1.00955
1.00143
1.00073
1.00482
1.00276
1.00232
1.00055
1.0168
1.00108
1.00189
1.00522
1.00092
1.00345
1.00485
1.00171
1.00339
1.00117
1.00272
1.00174
1.00006
1.00115
1.00714
1.00414
1.0064
1.00087
1.00216
1.00625
1.00049
1.00201
1.0007
1.00159
1.00157
1.00088
1.00199
1.00651
1.00119
1.0017
1.00128
1.00134
1.00198
1.00063
1.00082
1.00468
1.00292
1.00277
1.00161
1.00279
1.00435
1.00052
1.00404
1.00246
0.999702
1.00166
1.00048
1.01963
1.00176
1.00251
1.00081
1.01749
1.00175
1.00209
1.00012
1.00208
1.00149
1.00357
1.0099
1.0091
1.00448
1.00697
1.00096
1.0005
1.00003
1.00272
1.00386
1.00268
1.0011
1.0011
1.01502
1.00451
1.00194
1.00216
1.00224
1.00331
1.00387
1.01365
1.00155
0.999157
1.00387
1.00178
1.00834
1.00137
1.00083
1.00305
1.00249
1.00098
1.00068
1.00474
1.00017
1.00049
1.00089
1.00117
1.00208
0.999822
1.00024
1.00415
0.999953
1.00619
1.0007
1.00401
1.00292
1.005
1.00198
1.00063
1.00043
1.00583
1.00387
1.00165
1.00125
1.01089
1.00668
1.00243
1.0026
1.00229
1.00049
1.00095
1.00194
1.00207
1.00045
1.00357
1.01127
1.00238
1.00029
1.0016
1.00172
1.00216
1.00542
1.00723
1.00204
1.01061
1.00253
1.00344
1.00248
1.00173
1.00361
1.00066
1.00164
1.00254
1.0016
1.00537
1.00107
1.00102
1.00745
1.00054
1.00119
1.00175
1.00308
1.00222
1.00574
1.00025
1.00128
1.00525
1.00525
1.00173
1.00154
1.00123
1.00462
1.00086
1.00208
1.0007
1.00312
1.00042
1.00291
1.00032
1.00329
1.00067
1.00519
1.00224
1.00251
1.00159
1.00205
1.00275
1.00799
1.00775
1.00027
1.00244
1.00579
1.00178
1.01797
1.00177
1.00691
1.0018
1.00368
1.00143
1.00025
1.00026
1.00896
1.00078
1.00489
1.00531
1.00091
1.00762
0.999556
1.00451
1.00444
1.0015
1.00055
1.00398
1.00281
1.00041
1.00053
1.00085
1.00503
1.00425
1.00163
1.00078
1.00037
1.00016
1.00179
1.00107
1.00342
1.00153
1.00035
1.00314
1.00102
1.00237
1.00014
1.0056
1.00038
1.00077
1.00469
1.00758
1.00219
1.00528
1.00172
1.00126
1.00364
1.00081
0.999759
1.00866
1.00581
1.00365
1.003
1.00323
1.00118
1.00357
1.0008
1.00119
1.00173
1.00355
1.00029
1.00103
1.00232
1.00118
1.00404
1.00111
1.00487
1.00046
1.0055
1.00292
1.00367
1.00088
1.00092
1.00187
1.01301
1.00126
1.00135
1.00434
1.00168
1.00191
1.01113
1.00093
0.999909
1.00116
1.00128
1.00227
1.0052
1.00824
1.00016
1.00216
1.00027
1.00161
1.00236
1.00099
1.00115
1.00081
0.99992
1.00571
1.00088
1.00144
1.00114
1.00088
1.00073
1.00645
1.00067
1.00195
1.00244
0.99993
1.00066
1.00068
1.00569
1.00619
1.00067
1.0003
1.00618
1.00062
1.00101
1.00274
1.00119
1.00267
1.00397
1.00786
1.00078
1.0035
1.00234
1.00235
1.00002
1.00123
1.00035
1.0043
1.00226
1.00265
1.00136
1.0008
1.00249
1.00603
1.00069
1.00498
1.00586
1.00073
1.00064
1.00044
1.00641
1.0012
1.02244
1.00178
1.01271
1.00374
1.00011
1.00229
1.00339
1.00553
1.00202
1.00538
1.00315
1.00043
1.00222
1.01089
1.00345
0.999974
1.00361
1.0034
1.00221
1.00098
1.00343
1.00037
1.00718
1.00834
1.00773
1.00627
1.00208
1.00011
1.00215
1.00174
1.00168
1.00135
1.00928
1.00056
1.00468
1.0029
1.00861
1.00128
0.999803
1.00274
1.00081
1.00568
1.00103
1.00441
1.00593
1.00568
1.00116
1.00065
1.00006
1.00124
1.0015
1.01122
1.0015
1.00356
1.0073
1.0046
1.00276
1.0141
1.00215
1.01015
1.00295
1.00081
1.00131
1.00089
1.00662
1.00267
1.00596
1.00166
1.00395
1.00773
1.00213
1.00075
1.00783
0.999678
1.00198
1.00008
1.02418
1.00221
1.00863
1.0053
1.00343
1.00259
1.00446
1.00167
1.00212
1.00245
1.00133
1.00268
1.00168
1.00025
1.00193
1.00108
1.00437
1.00526
1.00016
1.00172
1.00161
1.00134
1.00243
1.003
1.01126
1.00717
1.00107
1.00216
1.01079
1.00359
1.00084
1.00004
1.00074
1.00333
1.00143
1.00368
1.0021
1.01606
1.00374
1.00438
1.00259
1.0096
1.00465
1.00161
1.00146
1.00973
1.00053
1.00344
1.0025
1.00998
1.00672
1.00311
1.00438
1.00177
1.0067
1.00089
1.00187
1.00269
1.00175
1.00053
1.00158
1.00044
1.0004
1.00234
1.00055
1.00556
1.00001
1.00976
0.999966
1.00508
1.00322
0.999869
1.00311
1.00069
1.00231
1.0019
1.00047
1.00359
1.00178
1.00073
1.00255
1.00016
0.998406
1.00261
1.00096
1.00171
1.00448
1.00423
1.00088
1.00353
1.00268
1.00111
1.00035
1.00825
1.00971
1.00008
1.00607
1.00123
1.00038
1.00696
1.0018
1.00065
1.00194
1.00061
1.00017
1.00214
1.00208
1.00041
1.00096
1.00234
1.00221
1.01925
1.01302
1.00032
1.00034
1.00067
1.00376
1.0008
1.00268
1.00664
0.999975
1.00441
1.00319
1.00551
1.00256
1.003
1.00304
1.0122
1.00007
1.00569
1.00654
1.00632
1.00276
1.00098
1.00054
1.00247
1.00077
1.00245
1.00127
1.00292
1.00139
1.00198
1.00008
1.00412
1.00052
1.00196
1.00289
1.00279
1.00121
1.00187
1.00231
1.00105
1.00088
1.00352
1.0011
1.00352
1.00617
1.01392
1.00285
1.00152
1.00251
1.00169
1.00059
1.0003
1.00105
1.01068
1.00501
1.00628
1.00677
1.00071
1.00129
1.00116
0.999956
1.00053
1.00349
1.00133
1.0054
1.00025
1.00159
1.00314
1.00182
1.00394
1.00188
1.00288
1.01329
1.00226
1.00193
1.00097
1.00205
1.00061
1.00019
1.0041
1.00128
1.00539
0.998936
1.00595
1.00107
1.00128
0.999919
1.00378
1.00073
1.00097
1.002
1.00162
1.00023
1.00218
1.00009
1.00195
1.00484
1.00271
1.0011
1.0007
1.00243
1.00198
1.0059
1.01212
1.00502
1.00022
1.00473
1.00136
1.00446
1.0029
1.0027
1.0052
1.00585
1.00358
1.00462
1.00017
1.00157
1.00373
1.00312
1.00095
1.00037
1.00313
1.00412
1.00503
1.00408
1.00388
1.00424
1.00095
1.00176
1.00374
1.00089
1.00269
1.00339
1.00017
1.00156
1.00204
1.00453
1.00041
1.00364
1.0009
1.00045
1.00049
1.00081
1.00183
1.00127
1.00216
1.00216
1.00423
1.0003
1.00114
1.00237
1.00721
1.01495
1.0001
1.00523
1.00506
0.999871
1.00198
1.00441
1.00036
1.00036
1.00018
1.00151
1.00179
1.00421
0.999853
1.00503
1.00015
1.00057
1.00166
1.00607
1.0018
1.00151
1.00499
1.00393
1.00376
1.00428
1.00358
1.00273
1.00518
1.00144
1.00401
1.00103
1.00052
1.00175
1.0006
1.00153
1.00376
1.00198
1.00178
1.00129
1.00385
1.00239
1.00893
1.00141
1.00137
1.00093
1.00008
1.00087
1.01018
1.00054
1.00686
1.00026
0.99964
1.00483
1.00039
1.00031
1.0045
0.999418
1.00094
1.00151
1.00501
1.00344
1.00317
1.00278
1.00148
1.0005
1.00347
0.999096
1.00508
1.00242
1.00752
1.00292
1.00156
1.00512
1.00571
1.00819
1.00598
1.0026
1.00259
1.00184
1.00076
1.00234
1.0034
1.00438
1.00277
1.00119
1.00145
1.00145
1.00695
1.0026
1.00374
1.00181
0.999983
1.00004
1.0007
1.00317
1.01045
1.00045
1.00109
1.00141
1.00305
1.00994
1.00632
1.00037
1.00244
1.00075
1.00032
1.00136
1.00362
1.00521
1.00121
1.00124
1.01179
1.00477
1.00201
0.999961
1.00302
1.00261
1.00311
1.00792
1.00075
1.00067
1.00033
1.0061
1.00452
1.00259
0.99964
1.00016
1.00434
1.00332
1.00473
1.00757
1.00232
1.00019
1.03587
1.00841
1.00085
1.00531
1.00311
1.00194
1.00069
1.00338
1.01376
1.01516
1.01328
1.0015
1.00272
1.00626
1.00179
1.00171
1.00786
1.0012
1.0002
1.00324
1.00174
1.00063
1.00001
1.00408
1.00522
1.0229
1.00087
1.00456
1.00465
1.00583
1.00068
1.00813
1.00297
1.00216
1.00046
1.00599
1.00515
0.999801
1.00367
1.00382
1.00267
1.0002
1.00126
1.00592
1.0018
0.999965
1.00153
1.00096
0.999792
1.00017
1.0025
1.01609
1.00179
1.01603
0.999994
1.00874
1.00204
1.00171
1.00207
1.00403
1.00451
1.00006
1.00141
1.00191
1.00853
1.00144
1.00556
1.01247
1.0006
1.00317
1.00086
1.00066
1.00084
1.00212
1.00099
1.00172
1.00033
1.00831
1.00152
1.00338
1.0008
1.00131
1.00503
1.00267
1.00071
1.00049
1.01005
1.00238
1.00261
1.00447
1.02001
1.00163
1.00136
1.00546
1.00085
1.0014
1.0026
1.00854
1.00089
0.999531
1.00339
1.00291
1.00202
1.0035
1.00613
1.01116
1.01788
1.00618
1.00049
1.01337
1.0016
1.00795
1.0014
1.0034
1.00632
1.00349
1.00281
1.00113
1.004
1.00375
1.01108
1.00317
1.00096
1.00147
1.00129
1.00328
1.00228
1.00119
1.00057
1.00009
1.00143
1.00185
1.00482
1.00177
1.00248
1.00866
1.0001
1.0027
1.01074
1.00027
1.00119
1.00595
1.01165
1.00217
1.00286
0.999924
1.00162
1.00218
1.00026
1.00147
1.00326
1.00842
1.00137
1.00019
1.00316
1.00884
1.00142
1.00567
1.00134
1.00297
1.00036
1.00417
1.001
1.03023
1.0102
1.01335
1.02343
1.0149
1.02612
1.01267
1.03713
1.01919
1.02242
1.01351
1.018
1.0047
1.0094
1.00517
1.01252
1.0299
1.00891
1.02114
1.00961
1.01528
1.01221
1.00841
1.01079
1.01006
1.01499
1.01645
1.0202
1.02254
1.0108
1.00979
1.0234
1.01452
1.00406
1.03858
1.02443
1.02503
1.01155
1.03267
1.01072
1.01842
1.02751
1.03543
1.01569
1.01441
1.00692
1.01725
1.02189
1.03305
1.01678
1.01239
1.02074
1.02067
1.00761
1.03256
1.00989
1.00776
1.0254
1.00579
1.00982
1.01395
1.00698
1.01015
1.03108
1.02081
1.02262
1.01059
1.01422
1.01996
1.01156
1.02105
1.01858
1.00919
1.03757
1.01032
1.01588
1.01754
1.02728
1.01451
1.00743
1.02754
1.023
1.00562
1.01973
1.01086
1.09836
1.01404
1.01862
1.02285
1.0301
1.01898
1.01142
1.01626
1.01796
1.01414
1.01657
1.01952
1.01626
1.01154
1.02254
1.00491
1.00528
1.01511
1.00801
1.01669
1.00786
1.01612
1.02343
1.03038
1.01155
1.01083
1.03486
1.01418
1.01277
1.01374
1.08317
1.01376
1.00997
1.01182
1.00335
1.0141
1.00725
1.01602
1.01616
1.01836
1.01345
1.02167
1.01216
1.00676
1.0068
1.01274
1.0062
1.01588
1.00844
1.0093
1.01914
1.02581
1.02809
1.02889
1.01097
1.01682
1.04016
1.02504
1.01451
1.00909
1.0271
1.03093
1.01124
1.0107
1.03895
1.03998
1.0153
1.00865
1.01382
1.0179
1.00851
1.01743
1.0069
1.01136
1.01333
1.01695
1.00867
1.01716
1.00573
1.02595
1.00714
1.03024
1.02073
1.01779
1.02154
1.01574
1.00903
1.01071
1.01117
1.01497
1.00786
1.00967
1.01775
1.01322
1.0223
1.03566
1.01234
1.03318
1.00601
1.01651
1.0045
1.01498
1.00809
1.01654
1.0295
1.0118
1.02548
1.04475
1.01638
1.01608
1.01348
1.01683
1.01228
1.0137
1.00933
1.0172
1.0228
1.00763
1.05053
1.01254
1.01365
1.01789
1.00784
1.00892
1.0175
1.00776
1.01513
1.01185
1.03493
1.03719
1.01083
1.02147
1.02632
1.02722
1.01648
1.03366
1.00628
1.03985
1.00777
1.0142
1.00567
1.01477
1.01417
1.03013
1.02438
1.01314
1.01613
1.00952
1.02549
1.01571
1.01068
1.01433
1.01243
1.01497
1.00705
1.01143
1.00625
1.01875
1.00898
1.01771
1.0043
1.0091
1.00786
1.0118
1.00938
1.01177
1.0087
1.01599
1.01562
1.02161
1.02109
1.01416
1.01417
1.00752
1.01027
1.02361
1.04259
1.04334
1.02061
1.02013
1.0155
1.01589
1.00921
1.00279
1.03429
1.02465
1.01246
1.02651
1.01298
1.01685
1.00589
1.01352
1.01136
1.00755
1.01664
1.01254
1.01353
1.01161
1.02434
1.02588
1.00727
1.01733
1.00943
1.02882
1.04297
1.02176
1.01091
1.01419
1.01693
1.02465
1.0173
1.02412
1.01877
1.01205
1.01088
1.01792
1.00494
1.01863
1.01928
1.01113
1.01683
1.01622
1.03221
1.00958
1.01204
1.01521
1.01108
1.01624
1.01993
1.00693
1.00709
1.01537
1.01884
1.01115
1.03699
1.01373
1.01216
1.02186
1.03753
1.01483
1.01123
1.02202
1.02036
1.03216
1.01163
1.01767
1.02157
1.01309
1.00989
1.02715
1.02183
1.01099
1.01277
1.02095
1.00708
1.01983
1.01684
1.00972
1.01787
1.01172
1.02176
1.00722
1.00994
1.00643
1.02239
1.00649
1.01754
1.00799
1.00645
1.00399
1.01465
1.01338
1.0202
1.0184
1.00646
1.02243
1.02262
1.01581
1.02018
1.0316
1.01193
1.04641
1.01353
1.01057
1.01829
1.00726
1.02677
1.00969
1.029
1.00829
1.01058
1.01303
1.03142
1.02033
1.01171
1.00963
1.01165
1.03249
1.00633
1.01846
1.00772
1.03007
1.02017
1.02206
1.05773
1.01898
1.00456
1.01198
1.01076
1.00818
1.01748
1.01223
1.02767
1.01957
1.01118
1.05327
1.01654
1.00889
1.01858
1.02065
1.01552
1.02513
1.03649
1.02219
1.02104
1.00889
1.0206
1.01728
1.01764
1.01092
1.01663
1.0154
1.01474
1.01285
1.02323
1.01486
1.01926
1.01092
1.03371
1.01668
1.00776
1.01586
1.00885
1.0294
1.01451
1.03489
1.00569
1.01182
1.01939
1.00874
1.00619
1.01714
1.00429
1.01204
1.00772
1.0314
1.02301
1.01623
1.01071
1.00664
1.01173
1.01426
1.00607
1.03003
1.01353
1.00786
1.01745
1.0257
1.00477
1.0143
1.0289
1.02666
1.01008
1.00757
1.01175
1.01962
1.02302
1.01996
1.01478
1.02074
1.019
1.00488
1.01112
1.04162
1.03402
1.01345
1.01303
1.02854
1.01387
1.00856
1.03156
1.05135
1.02315
1.02279
1.01343
1.01887
1.02214
1.02221
1.02784
1.01378
1.02598
1.01934
1.01507
1.01265
1.03811
1.03813
1.01265
1.01328
1.01079
1.0162
1.01443
1.01108
1.01689
1.00901
1.00993
1.01095
1.00922
1.02842
1.01312
1.00707
1.02308
1.01301
1.02155
1.01304
1.02117
1.01652
1.01589
1.01469
1.00892
1.01789
1.02921
1.01048
1.02083
1.02606
1.01369
1.01804
1.01809
1.01857
1.00852
1.01419
1.01287
1.0411
1.02167
1.02649
1.01164
1.01753
1.01781
1.01147
1.02096
1.02067
1.02177
1.01587
1.03379
1.01822
1.0168
1.01149
1.01682
1.02229
1.01311
1.01013
1.01906
1.02954
1.01355
1.00915
1.00779
1.01343
1.02614
1.03652
1.01791
1.00927
1.00438
1.01026
1.01716
1.02056
1.02362
1.00372
1.01634
1.01461
1.02652
1.02068
1.01153
1.00844
1.01738
1.02201
1.02955
1.01374
1.02017
1.02681
1.0074
1.00914
1.02105
1.0231
1.0126
1.00865
1.00842
1.01551
1.01298
1.00951
1.00561
1.0158
1.02264
1.01278
1.01571
1.00366
1.01684
1.00703
1.0316
1.00636
1.01434
1.02121
1.01035
1.03394
1.02095
1.01413
1.0105
1.01221
1.01092
1.00991
1.00994
1.01095
1.02281
1.05109
1.01888
1.03422
1.02315
1.03263
1.00826
1.01918
1.00781
1.0442
1.00733
1.01818
1.01205
1.0118
1.00552
1.02279
1.02563
1.01016
1.0116
1.02482
1.02012
1.02236
1.02551
1.00813
1.00707
1.00751
1.03495
1.01334
1.01528
1.02724
1.02797
1.01155
1.01242
1.00735
1.01752
1.01912
1.01632
1.01339
1.01391
1.0221
1.01219
1.01385
1.0121
1.01749
1.01263
1.02511
1.00841
1.00797
1.02486
1.02269
1.02327
1.01409
1.01259
1.03494
1.01749
1.02606
1.00696
1.01545
1.02276
1.0209
1.01996
1.0329
1.00616
1.01263
1.01373
1.01766
1.02007
1.01368
1.0161
1.01279
1.02099
1.02752
1.01808
1.01974
1.01502
1.01055
1.01786
1.02695
1.01505
1.02849
1.01207
1.02637
1.00556
1.02938
1.01044
1.01845
1.02189
1.00524
1.00466
1.00581
1.01083
1.0147
1.03278
1.00728
1.01061
1.01557
1.0227
1.04049
1.03227
1.02706
1.00867
1.01451
1.01273
1.01039
1.01142
1.02813
1.00603
1.00727
1.04349
1.02927
1.01072
1.01554
1.00649
1.02006
1.00509
1.02541
1.01292
1.04063
1.02047
1.01381
1.0069
1.02116
1.03574
1.01942
1.01521
1.02127
1.03267
1.00863
1.01302
1.01691
1.01185
1.01901
1.0089
1.01818
1.02871
1.01059
1.01589
1.01451
1.04341
1.00497
1.02034
1.01105
1.01532
1.0143
1.0156
1.00901
1.02862
1.00419
1.02235
1.00991
1.03351
1.01759
1.02023
1.00446
1.04705
1.01392
1.00844
1.00999
1.01938
1.01751
1.01383
1.03038
1.01234
1.00882
1.03897
1.01266
1.01948
1.00472
1.04258
1.01606
1.01539
1.01885
1.02898
1.01669
1.01721
1.0097
1.01665
1.04472
1.01251
1.00834
1.01382
1.02664
1.04126
1.01108
1.01296
1.02217
1.0258
1.01463
1.05105
1.03334
1.01486
1.01053
1.01703
1.01664
1.03157
1.01023
1.01402
1.01165
1.01465
1.02017
1.04564
1.0304
1.00698
1.01684
1.01637
1.01648
1.033
1.01574
1.03791
1.00394
1.02301
1.01439
1.01531
1.01222
1.0143
1.03117
1.02874
1.01965
1.03046
1.02727
1.00881
1.01096
1.01604
1.01788
1.01209
1.01341
1.00686
1.01635
1.03244
1.02767
1.02369
1.00819
1.05373
1.01745
1.01316
1.02666
1.01118
1.00439
1.02639
1.00819
1.06416
1.02886
1.03516
1.01192
1.01393
1.02098
1.01529
1.01576
1.02137
1.03048
1.0024
1.01067
1.01835
1.01719
1.00741
1.02106
1.05983
1.04167
1.01439
1.01985
1.01565
1.04204
1.00884
1.03356
1.01217
1.02348
1.00581
1.01765
1.01267
1.00861
1.02562
1.01705
1.00824
1.01476
1.01676
1.01818
1.01521
1.01485
1.01017
1.02818
1.00831
1.01724
1.02286
1.03375
1.02279
1.02942
1.01628
1.01582
1.02455
1.01575
1.02293
1.02928
1.02071
1.00782
1.01954
1.02512
1.01897
1.01456
1.01267
1.03671
1.03604
1.0108
1.01088
1.01651
1.00861
1.0121
1.01086
1.0172
1.01025
1.03027
1.01131
1.02082
1.02083
1.01129
1.02952
1.01505
1.00992
1.01603
1.01796
1.01146
1.01407
1.01329
1.04852
1.01077
1.00721
1.05325
1.03461
1.00801
1.01669
1.01459
1.00716
1.01459
1.01781
1.01984
1.01833
1.01383
1.02832
1.03218
1.03486
1.03129
1.01714
1.03569
1.01117
1.019
1.01301
1.0201
1.01928
1.03203
1.01539
1.01259
1.01297
1.02615
1.02314
1.06924
1.02524
1.00992
1.01142
1.02879
1.01596
1.01571
1.01016
1.00945
1.00662
1.0126
1.01581
1.016
1.01053
1.01726
1.03091
1.00681
1.01933
1.00546
1.02546
1.02977
1.02351
1.00969
1.00948
1.02829
1.02879
1.0098
1.00896
1.02256
1.00959
1.02441
1.00864
1.01013
1.01609
1.0246
1.02326
1.02293
1.00752
1.01994
1.0132
1.024
1.02334
1.68847
1.06379
1.42348
1.50046
1.03328
2.26912
1.37899
1.63781
2.29671
1.56557
2.37977
1.8847
1.13501
1.10295
1.64296
1.76329
1.95892
1.03533
1.07588
2.1773
1.40666
1.46191
2.28558
1.90453
1.13864
1.1065
1.12186
1.10372
1.04099
1.29255
1.53603
2.09336
1.51624
1.55925
1.26756
1.8047
1.46189
1.04951
2.43676
1.53338
1.37621
2.25556
1.6774
1.13391
2.34033
1.19078
1.36584
1.32088
1.69151
1.09864
1.33364
2.23695
2.57202
1.86835
1.81268
1.0315
1.52289
1.97349
1.18695
1.8574
1.1353
1.30317
1.51526
1.89341
1.84652
1.89384
1.35059
1.39985
1.86733
2.04496
1.13234
1.2536
2.03777
1.15408
1.14293
1.77453
1.19369
2.4999
1.29464
1.07974
2.1587
1.06062
1.08333
1.31954
1.94752
2.38044
1.08229
1.25174
1.86357
2.5984
1.59441
2.24722
1.15658
2.80303
1.74834
2.03931
2.34273
1.40505
1.49715
2.65132
1.38907
1.55806
1.08444
2.27029
1.32464
2.40238
1.63398
2.33432
2.45472
1.63217
2.2073
1.09393
1.10788
1.97041
1.57002
2.33545
1.44118
1.45466
2.56844
1.40756
2.15747
2.09413
1.14104
1.89508
1.30317
1.21456
1.23436
1.74786
1.43228
1.65554
2.09943
1.07034
1.17635
1.72014
1.11446
1.44323
1.13009
2.04143
1.41285
2.05652
1.88956
1.85254
1.16875
1.139
1.35276
1.75134
2.56217
1.67701
2.17158
2.71339
2.09728
1.8224
1.93182
1.09652
1.18373
1.3564
1.18371
1.19145
1.83681
1.39063
2.36858
1.45526
1.32542
1.63056
1.58338
2.3321
1.28384
1.80211
1.14533
1.54552
1.17065
2.15587
1.79906
2.12141
1.66164
1.43384
1.99484
1.34114
2.59892
2.45714
1.93642
1.77356
1.03998
1.589
1.4285
1.0022
1.97505
1.29952
1.92912
1.72375
1.27867
1.08775
1.66569
1.32895
1.67428
1.24864
1.41936
1.21951
1.72009
1.80093
1.16983
2.0946
1.21195
2.10216
1.46702
1.68554
1.92753
1.60583
1.66525
2.60858
2.1486
1.64479
1.43919
1.20705
1.53399
1.7177
1.99787
1.92255
1.86922
1.08952
1.98679
2.48207
1.42104
1.31737
1.22163
1.03458
1.47152
1.99447
1.2889
1.42374
1.12399
1.44351
1.61748
1.93477
2.33426
1.45638
1.28612
1.70892
2.00163
1.16278
2.21721
1.20136
1.37182
2.2057
1.07278
1.58327
1.05603
2.03972
1.02985
2.01215
1.05437
1.27254
1.49791
1.83353
1.28972
2.02771
1.06361
1.49119
1.78237
1.22506
2.36149
1.90186
2.36732
1.09552
1.32259
1.19642
2.22871
1.08351
1.11751
1.6358
1.37995
1.12662
1.48609
1.11093
1.51925
1.89353
1.04227
1.04592
1.40332
2.17896
1.34705
1.45291
1.92586
1.16257
2.07796
1.77495
1.44985
1.28202
1.82456
1.54754
1.80406
1.04626
1.17474
1.09532
2.30449
1.71515
1.26678
1.2803
1.15805
1.86489
2.02281
1.4663
1.08664
1.11351
1.41328
1.33954
1.31517
2.17342
1.88694
1.12193
1.62571
2.25092
1.26992
1.11382
1.75638
1.17377
1.74276
2.31634
2.83796
1.50889
1.58594
1.36466
1.22412
2.37995
1.5822
1.10704
2.14536
1.06387
1.05021
1.61218
1.35145
1.93224
1.58261
1.24025
1.83399
1.98875
1.30586
1.09257
1.64165
1.94839
1.66902
2.81169
1.75221
1.41291
2.19416
1.2624
1.08178
1.96818
1.98408
1.12049
1.3061
1.34348
2.01854
1.35959
1.11436
1.81022
1.25261
1.86952
1.37994
1.54544
1.8316
1.43384
1.28315
1.55533
2.32619
1.96539
2.74045
1.78827
1.92472
1.05628
1.87199
1.44438
2.32598
1.38064
1.26357
1.36291
1.06867
2.25353
1.24696
1.12161
2.34799
2.56918
2.11169
1.94183
2.51624
2.25892
2.48907
1.5532
2.07984
1.31337
2.08406
1.79087
1.24727
1.76675
2.02769
1.4332
1.64165
2.20169
1.84912
2.191
1.21094
1.98638
1.53137
1.95159
1.5571
1.99475
1.88542
1.09097
1.16128
2.11167
1.81143
1.85303
1.3402
1.14244
1.70967
2.61528
1.7899
1.30556
1.61099
3.12261
1.44385
2.48991
1.0634
1.68579
2.85422
1.12979
2.30588
1.12123
1.18279
2.04732
2.15547
1.46126
1.44072
1.09073
1.19995
2.02022
1.5386
1.15272
1.18559
1.25334
2.00601
1.22608
1.89642
2.24174
2.28796
1.80188
1.26923
1.8585
1.33451
1.95569
1.13664
1.57674
1.51047
1.18666
2.05023
1.04322
1.37975
2.38734
1.17786
1.47297
1.52721
1.60007
2.00176
1.17093
1.70589
1.88577
1.65871
1.1369
2.44893
2.05535
1.07856
1.1512
1.07443
1.02254
1.09597
1.55621
2.2784
2.41752
1.14931
1.30939
1.56242
2.16358
1.2087
1.82356
1.15423
1.41859
1.48871
1.10231
1.14307
2.46746
1.63907
2.00779
1.13317
1.47709
3.04405
1.52946
1.15697
2.00002
1.27736
1.99033
1.28628
1.69633
2.0741
1.56725
1.72002
1.09267
1.04678
1.92566
1.33616
1.27516
1.7112
1.33468
1.32187
2.03458
1.5459
1.78651
1.23065
1.70689
1.90149
1.5274
1.38101
1.05134
1.72216
1.19628
1.1509
1.16473
2.49342
2.25649
2.03415
1.73818
1.78622
2.3426
1.17202
2.33106
1.69311
1.72447
2.49768
2.29763
1.62607
1.67984
1.27384
2.00584
2.29736
1.33178
1.13171
1.59575
2.72714
1.07792
1.36459
1.62843
1.59013
2.62735
2.31889
1.33723
2.08395
1.20913
2.3151
1.37632
1.38649
2.27848
1.97783
1.1867
1.89816
1.43489
1.06431
2.12848
2.29916
2.80591
1.7517
1.10082
2.42129
1.48676
1.30925
2.33296
1.19498
1.38698
1.41227
1.35002
1.71188
1.07642
2.23168
2.38758
1.15091
2.03463
1.60635
1.81476
1.08707
1.98599
1.36226
1.79595
1.18163
1.27908
1.08915
1.5064
1.90769
2.1292
2.07234
2.17684
2.69515
2.29671
1.72275
1.07429
1.53427
1.79233
1.1894
2.41998
1.65647
1.88658
1.38653
1.19598
2.68941
1.48636
1.75551
1.68762
1.46071
2.50195
1.03806
1.26863
1.05794
1.54379
1.28172
1.05265
1.46403
1.52455
2.50043
1.23769
1.64039
1.57074
2.39152
1.5968
1.20207
1.13225
1.75577
1.25329
1.54715
1.23462
1.97576
1.74536
1.1575
2.23389
2.18951
2.36422
1.76676
1.05084
1.53883
1.50813
1.08956
1.05671
1.13822
1.78582
1.33552
1.22958
1.17683
1.43412
2.69494
2.2669
2.03673
1.73924
1.05222
1.52132
1.07379
1.3763
2.27937
1.02924
1.16848
1.87131
1.70572
1.87247
1.01992
2.12033
1.59726
2.3091
2.18613
1.28377
2.02521
2.13191
2.14498
1.72671
1.96926
1.82487
1.1851
1.14489
1.53847
1.15471
1.09986
1.81698
1.5664
1.27522
1.81962
1.70587
1.48909
1.60516
1.56254
1.94631
1.72509
1.26215
1.08674
1.10264
1.92823
1.54519
1.33776
2.00267
1.5786
2.3723
2.43052
1.07227
1.82276
1.35577
1.36953
1.65925
2.33603
2.56922
1.41845
1.12441
1.95371
1.17804
2.14912
1.25302
1.6902
1.15137
1.20884
1.07693
1.57403
1.38275
1.93706
1.32734
2.48623
2.36671
1.64851
2.11597
1.4483
1.86304
1.10505
2.45754
1.462
1.24811
1.41696
1.06353
2.30549
1.20034
1.69402
1.17138
1.93753
1.12345
1.16881
1.25059
1.11636
2.2135
1.29155
1.54907
1.27206
1.61407
1.05386
2.00545
1.16076
1.23183
2.0449
2.13117
1.2675
2.35404
1.39647
1.79717
1.17383
1.78219
1.49996
1.11672
1.55192
2.48282
2.05544
2.50867
1.11703
1.1722
1.9939
2.08527
1.2589
1.62816
1.91136
1.27975
1.14532
1.57016
2.06203
1.03567
1.70026
2.32629
1.15914
2.25289
2.00646
1.7379
1.17955
1.55172
1.26546
2.40979
2.11122
1.69427
2.81263
1.04836
1.13355
1.04208
1.95108
1.89733
2.24212
1.63294
1.51929
1.2608
2.06756
2.251
1.19985
1.07725
1.38004
1.08351
1.96367
1.95764
2.19185
1.55589
1.45872
2.26884
1.5582
1.43208
1.4609
1.4507
1.18363
2.04331
1.62565
1.1582
1.62762
1.34403
1.97061
2.2502
1.59186
1.3024
1.22773
1.71635
1.88004
1.37209
1.44414
1.07143
1.81859
2.4333
1.13087
1.6091
1.38817
1.01808
1.1295
2.26223
1.6057
2.24146
1.61871
2.47066
1.44556
1.80885
1.04951
1.9311
2.36553
2.05911
1.29762
1.19285
1.11581
1.3689
1.24142
2.24518
1.24551
1.57608
2.64119
1.1727
1.44806
2.10459
1.22432
1.96277
2.17981
1.4602
1.41774
1.83105
1.38253
2.07937
1.17526
2.02175
2.68921
1.12879
1.18968
1.90496
1.17123
1.88717
1.85057
1.13078
1.61402
1.89964
1.06182
1.93236
1.67461
1.17429
2.75797
1.77385
2.79954
1.43332
1.27197
1.57357
2.15549
1.96456
1.9271
1.96909
2.04242
1.34807
1.59152
1.78109
2.15183
1.46909
1.4752
1.48682
1.14889
1.16933
1.25712
1.59317
2.19614
1.15598
1.92556
1.11554
1.53377
1.13872
1.39398
2.30123
2.40673
2.67183
2.06649
1.23252
2.46803
1.81259
1.67148
2.39959
1.22627
2.16898
2.49986
1.07929
1.10193
1.84142
1.65222
1.59893
1.23548
1.60516
1.83878
1.23024
2.34869
1.79831
1.73648
2.11002
1.1232
1.14605
1.52725
1.32172
1.92342
1.63399
1.07348
2.31492
1.08103
2.11146
1.51849
1.26195
1.95041
2.13872
1.25936
1.70909
2.08138
2.30667
1.38775
1.68107
1.62717
1.13716
2.18849
2.3444
1.55798
2.09411
1.01503
1.45693
2.44528
1.17703
1.34247
2.56985
1.10885
1.80772
2.48647
2.45328
1.06814
1.12427
1.24285
1.12221
2.271
1.0496
1.50607
2.32523
1.07407
1.86156
1.08233
1.25723
1.89434
1.29255
1.34826
1.92046
2.57003
1.07669
1.99623
1.87032
