1.00749
1.00611
1.0088
0.999864
1.01003
1.01026
1.01053
1.01408
1.00249
1.00551
1.00686
1.00737
1.00009
1.00554
1.02359
1.0014
1.00722
1.00242
1.01453
1.02342
1.00354
1.01057
1.0048
1.01483
1.00322
1.01017
1.00634
1.00502
1.00151
1.0009
1.00442
1.00593
1.00212
1.00506
1.00198
1.00314
1.00928
1.00509
1.00829
1.00078
1.0047
1.00848
1.00365
1.00884
1.00449
1.00478
1.00412
1.00196
1.00142
1.00568
1.02081
1.00105
1.00594
1.00898
1.00442
1.01029
1.00248
1.00996
1.01104
1.00537
1.00734
1.00687
1.01075
1.00253
1.00545
1.00552
1.00626
1.00173
1.01253
1.00236
1.02152
1.01215
1.00621
1.00407
1.01393
1.0115
1.00416
1.00766
1.00737
1.06094
1.00822
1.00565
1.01008
1.00887
1.00052
1.0023
1.00205
1.01365
1.01551
1.00232
1.00486
1.00599
1.01106
1.00626
1.01577
1.00644
1.00122
1.00224
1.00512
1.00305
1.00537
1.00301
1.0097
1.00125
1.00287
1.00346
1.00096
1.0062
1.0102
1.00209
1.00401
1.00059
1.00049
1.00713
1.00136
1.00363
1.01445
1.01545
1.00606
1.00198
1.00177
1.00671
1.00341
1.00833
1.00456
1.00371
1.00367
1.00341
1.00246
1.00615
1.0052
1.0092
1.00297
1.00353
1.00542
1.00352
1.00532
1.01388
1.00309
1.00612
1.01661
1.00578
1.0036
1.01254
1.00472
1.00965
1.00525
1.0041
1.0053
1.00108
1.00932
1.00142
1.00386
1.00479
1.00957
1.00854
1.00163
1.00328
1.00825
1.00381
1.00331
1.01161
1.0114
1.00228
1.00717
1.00578
1.0074
1.01055
1.00393
1.01203
1.00317
1.00626
1.00579
1.01361
1.00709
1.00179
1.00134
1.0033
1.00213
1.0099
1.00413
1.00486
1.00701
1.00778
1.00961
1.00405
1.00286
1.00218
1.02019
1.0076
1.00638
1.00085
1.01316
1.00487
1.00283
1.00283
1.00416
1.00776
1.00794
1.00731
1.00525
1.00469
1.01273
1.03923
1.00862
1.00264
1.0026
1.00211
1.00945
1.01045
1.00701
1.00497
1.01571
1.00466
1.00794
1.00929
1.00798
1.00713
1.00333
1.00152
1.00185
1.00639
1.00468
1.00165
1.00861
1.00897
1.00191
1.00597
1.00386
1.01109
1.00242
1.00898
1.0045
1.01423
1.00285
1.00376
1.00527
1.00126
1.01398
1.00657
1.01378
1.01233
1.00852
1.00514
1.01182
1.00415
1.00821
1.00664
1.01163
1.00648
1.0042
1.00323
1.00729
1.00338
1.01566
1.00564
1.00542
1.00774
1.00558
1.00471
1.00474
1.00709
1.00281
1.00531
1.0038
1.00311
1.01003
1.00997
1.00225
1.00926
1.00333
1.00437
1.00334
1.00878
1.00375
1.00874
1.00486
1.0151
1.01612
1.0062
1.00195
1.02439
1.00583
1.00471
1.00423
1.00159
1.00202
1.00703
1.00608
1.00191
1.00568
1.00914
1.00287
1.00789
1.00622
1.01533
1.00439
1.00928
1.00554
1.00308
1.0024
1.03486
1.02506
1.01121
1.00367
1.01637
1.00397
1.00264
1.01108
1.00228
1.00401
1.01415
1.00875
1.00677
1.0023
1.00209
1.0039
1.00314
1.00971
1.00687
1.00244
1.00806
1.0115
1.00614
1.00551
1.00071
1.00218
1.00281
1.01078
1.00384
1.00123
1.01241
1.00251
1.00949
1.01
1.00713
1.00212
1.00267
1.01167
1.00149
1.00629
1.00316
1.00614
1.0047
1.00095
1.00197
1.00015
1.00325
1.00251
1.00702
1.00326
1.01471
1.00403
1.00256
1.00186
1.01155
1.00296
1.0183
1.00801
1.0034
1.00999
1.00061
1.02681
1.01249
1.00336
1.00265
1.01026
1.00212
1.01503
1.00411
1.00819
1.00034
1.00282
1.00346
1.01321
1.00568
1.00484
1.00547
1.00386
1.00529
1.00307
1.00479
1.00741
1.00735
1.00422
1.0035
1.004
1.00371
1.00158
1.00264
1.01229
1.00467
1.00397
1.01574
1.01023
1.00508
1.01001
1.00755
1.00349
1.00212
1.00726
1.00445
1.00108
1.00235
1.00115
1.00439
1.00205
1.00327
1.01441
1.00489
1.0014
1.00515
1.00917
1.00472
1.00867
1.01606
1.00515
1.00054
1.01252
1.00327
1.00956
1.00903
1.00668
1.00848
1.01129
1.01478
1.0076
1.00192
1.00059
1.01708
1.00585
1.00356
1.00507
1.00427
1.02041
1.00443
1.00183
1.00162
1.004
1.00964
1.01303
1.00299
1.00479
1.00231
1.00181
1.00321
1.01461
1.01905
1.0049
1.00188
1.01695
1.00098
1.00526
1.00483
1.00508
1.01401
1.00458
1.00552
1.00919
1.00142
1.00403
1.00105
1.0078
1.00986
1.01346
1.00519
1.00229
0.999863
1.02217
1.02194
1.00296
1.00144
1.01874
1.00907
1.00374
1.00463
1.01
1.00403
1.00268
1.01169
1.0107
1.00414
1.00755
1.00676
1.0153
1.00244
1.00255
1.01809
1.00155
1.01697
1.00405
1.00457
1.00444
1.00322
1.0026
1.0008
1.00179
1.00454
1.00527
1.00044
1.00264
1.00848
1.0027
1.02147
1.00812
1.01593
1.00474
1.0155
1.00366
1.00402
1.00608
1.01635
1.00165
1.00636
1.01935
1.01444
1.00174
1.00327
1.00418
1.00268
1.00011
1.00655
1.01455
1.00076
1.00731
1.0078
1.00639
1.00218
1.00174
1.00235
1.00118
1.0012
1.01288
1.00219
1.00492
1.00423
1.00282
1.0031
1.00524
1.00433
1.00132
1.00777
1.00606
1.00284
1.00131
1.00295
1.00388
1.00701
1.00118
1.0038
1.00259
1.00478
1.0057
1.01012
1.00774
1.00123
1.00359
1.00349
1.00577
1.00168
1.00603
1.00256
1.0145
1.0016
1.00623
1.00342
1.03018
1.00309
1.01057
1.02878
1.00822
1.00099
1.00043
1.00409
1.00305
1.00578
1.01289
1.00238
1.00847
1.02942
1.00296
1.00189
1.00821
1.0004
1.00336
1.00314
1.00582
1.00575
1.00538
1.01546
1.00658
1.00317
1.00152
1.00282
1.00295
1.00889
1.01283
1.0003
1.00372
1.00311
1.00186
1.00357
1.01374
1.0008
1.00838
1.00656
1.00806
1.0028
1.01335
1.00313
1.01709
1.00538
1.00357
1.00301
1.01584
1.00178
1.00275
1.00762
1.01408
1.01287
1.01987
1.00475
1.00635
1.00717
1.01788
1.00449
1.01355
1.00609
1.0111
1.01091
1.01395
1.00664
1.00161
1.00642
1.00447
1.02362
1.01341
1.00497
1.0137
1.00422
1.00756
1.00528
1.00428
1.00192
1.00997
1.01011
1.00265
1.00277
1.00271
1.03317
1.00336
1.01522
1.00584
1.00345
1.00299
1.00119
1.00249
1.00186
1.01095
1.00594
1.00734
1.00368
1.00707
1.00375
1.00188
1.00296
1.00518
1.00993
1.00857
1.00608
1.00355
1.00602
1.00957
1.00641
1.00083
1.00053
1.01487
1.00152
1.0038
1.01348
1.00873
1.00234
1.00484
1.0052
1.01057
1.00652
1.00472
1.00673
1.00964
1.00242
1.00429
1.00297
1.0038
1.00336
1.01102
1.00267
1.00291
1.00117
1.01371
1.00914
1.00536
1.00592
1.00874
1.00313
1.00628
1.01255
1.01061
1.00721
1.00156
1.01479
1.01601
1.00732
1.01654
1.00233
1.00134
1.00119
1.00183
1.00343
1.0038
1.0038
1.00641
1.00466
1.00382
1.00644
1.00476
1.00263
1.01484
1.00342
1.00481
1.01447
1.00689
1.01036
1.00589
1.00525
1.00656
1.0056
1.00621
1.0089
1.00292
1.00516
1.00429
1.00443
1.01368
1.0004
1.00066
1.00714
1.01647
1.00118
1.00598
1.00273
1.00725
1.01038
1.00997
1.0073
1.00292
1.00563
1.00755
1.00336
1.00476
1.02088
1.00435
1.00385
1.0044
1.0026
1.00214
1.00949
1.00741
1.00164
1.00882
1.00993
1.00379
1.00137
1.00244
1.0082
1.00587
1.00759
1.0052
1.00147
1.01391
1.00257
1.00234
1.01074
1.00883
1.01856
1.01989
1.00253
1.00743
1.00603
1.00379
1.00633
1.00431
1.00741
1.00996
1.0023
1.00449
1.00009
1.00223
1.00317
1.00506
1.0075
1.01326
1.00833
1.00281
1.01347
1.00268
1.03438
1.00207
1.00416
1.00632
1.01846
1.00255
1.00014
1.00858
1.0016
1.01431
1.0068
1.0085
1.01946
1.00715
1.00228
1.00264
1.0053
1.0054
1.00915
1.01371
1.00481
1.00998
1.00346
1.00608
1.0056
1.00892
1.007
1.00619
1.01085
1.00267
1.00642
1.00322
1.00415
1.00719
1.01318
1.00529
1.01636
1.01251
1.00186
1.00486
1.00467
1.00203
1.0098
1.00366
1.00688
1.00272
1.00083
1.01267
1.00977
1.00533
1.00828
1.0106
1.00588
1.01227
1.00282
1.00322
1.00629
1.01871
1.0065
1.00828
1.03022
1.00639
1.0066
1.00714
1.00551
1.00252
1.0045
1.00609
1.01153
1.01147
1.00227
1.00112
1.00961
1.00671
1.00208
1.01026
1.01239
1.01499
1.00766
1.00219
1.00345
1.00465
1.01593
1.00976
1.00709
1.01108
1.01787
1.00404
1.00494
1.0105
1.00328
1.00887
1.01585
1.00601
1.00251
1.00557
1.00533
1.00226
1.00559
1.0012
1.00656
1.002
1.00828
1.00192
1.00461
1.00376
1.01328
1.0042
1.0057
1.00422
1.00498
1.00985
1.00502
1.01007
1.01045
1.01566
1.00826
1.00343
1.00587
1.00328
1.00269
1.00379
1.00905
1.00048
1.00486
1.0017
1.01023
1.01207
1.009
1.00452
1.01181
1.00595
1.01055
1.00655
1.00061
1.00601
1.00939
1.01057
1.00264
1.00092
1.00716
1.00635
1.01182
1.00526
1.0052
1.00836
1.00218
1.01025
1.0107
1.00276
1.01173
1.0027
1.02308
1.00523
1.00512
1.02034
1.00613
1.00477
1.0025
1.00472
1.00782
1.0047
1.00233
1.01057
1.01975
1.00368
1.01911
1.01547
1.0055
1.00859
1.00867
1.00363
1.00731
1.0109
1.00182
1.00515
1.01789
1.00696
1.01531
1.01573
1.00415
1.00338
1.01733
1.01646
1.00104
1.0106
1.00727
1.00921
1.00445
1.00387
1.02542
1.00642
1.01002
1.00172
1.00236
1.68068
1.90438
2.58265
1.44871
2.30927
2.17974
2.59326
3.32616
1.87747
2.13043
1.66818
1.78964
1.57268
1.9402
1.88657
3.1009
2.85958
2.38204
2.6704
3.42852
2.14424
1.14771
1.54708
3.39691
1.19572
1.2902
3.12069
2.80493
2.43135
2.95297
2.25259
1.8308
2.90281
3.05584
2.40421
1.31603
2.69256
2.37004
3.419
2.04414
1.66453
1.40628
3.35912
1.696
2.46872
3.1304
2.5149
1.94593
2.51661
3.23705
2.85727
1.55098
1.67509
2.29721
2.53936
2.03649
3.04943
3.50001
1.89951
1.48825
1.49977
2.967
1.65378
2.65745
2.90605
1.44299
1.34388
2.21252
3.27883
1.66471
1.67539
1.88268
3.08058
3.26419
3.00258
3.1076
2.6308
1.98517
2.87496
3.43861
1.46341
2.5103
1.78045
2.42465
3.02955
2.12124
2.20802
2.63558
1.73877
2.02187
2.34529
1.36584
2.84525
1.55144
2.87371
3.22884
2.46887
2.04018
2.23169
2.00175
3.1942
2.22805
2.60178
1.12094
1.76675
2.11528
3.12224
1.64607
2.25417
1.32501
1.65577
1.30193
2.93331
1.67501
2.76608
1.12812
1.37664
2.65039
2.00053
1.99714
1.29796
2.02354
2.09233
1.46316
2.71682
1.31905
2.19095
2.03463
2.86943
2.75991
2.22567
2.25075
2.33985
3.42243
2.28867
1.03378
1.8447
2.09009
3.20008
1.52747
2.84769
1.39958
2.72885
2.94455
1.89801
2.72679
1.18749
1.75638
1.03924
2.92714
1.61513
1.76349
3.22194
1.81712
2.73621
2.92714
2.82324
1.68592
2.42664
1.8471
2.52835
3.28442
1.45422
1.24456
2.46709
2.74047
2.17615
1.79944
1.45125
2.14901
1.86497
1.54952
2.6509
2.85867
3.04543
2.81984
2.7564
2.44782
1.09889
1.90826
1.86218
1.87462
1.65021
2.27758
1.88954
1.84518
2.16981
2.81982
2.76697
2.63529
2.02684
2.61444
2.07957
1.97808
2.55895
2.27681
1.1976
1.14501
1.18644
1.94766
2.68379
1.55962
2.72505
3.35265
3.03845
1.78073
2.4805
2.82659
2.81881
2.47813
1.76662
1.98212
1.19505
3.32261
2.24862
2.99166
2.85898
2.18394
1.88089
1.46144
3.31539
2.57401
2.07869
2.09516
1.094
2.42588
2.26894
2.71416
1.57929
2.19803
3.02451
1.79087
3.12339
2.35665
1.47965
3.02411
1.96994
1.0531
1.56766
3.65278
3.14457
3.40832
2.60719
2.41453
1.73921
1.51809
1.98856
3.21025
2.03271
1.32119
3.30585
1.32971
1.7091
2.63468
3.38951
2.60449
2.04959
1.80332
1.67647
2.15077
1.67938
1.56416
1.61406
2.65716
3.20045
2.31327
1.39769
2.02703
2.98723
3.25914
2.4559
2.32602
2.39447
1.9972
2.52125
3.02657
2.53856
3.62039
3.36061
2.06586
1.48722
3.36559
1.57128
1.84573
1.56075
1.77129
3.07334
1.30316
1.93695
2.15481
1.40715
1.78699
3.02329
1.43915
2.76861
2.55588
1.46282
3.02445
3.27191
3.62782
1.81431
3.66322
2.33624
1.84761
3.13935
3.77033
3.03619
2.88326
1.85917
2.83281
1.97053
2.41265
2.43629
1.85693
2.43316
1.71163
2.74098
1.91218
1.22338
1.73741
1.51435
1.40611
1.22169
2.91764
1.8272
1.28713
1.43938
2.47918
3.40249
1.43065
3.23518
1.72261
2.6832
1.27467
3.37209
3.09582
1.05988
1.3245
1.90995
2.18867
2.12593
1.12955
2.15351
1.46833
1.52397
2.80507
2.20576
2.97559
2.16854
2.18838
2.98238
2.95257
1.80244
1.6987
1.43176
2.6669
2.2101
3.18532
3.03471
3.366
1.69623
2.02725
3.47268
1.81288
1.30697
1.81853
1.80551
2.96713
1.41106
2.02936
2.97108
2.82065
1.56674
2.17189
1.33615
1.34531
2.933
1.99451
1.54882
1.54329
2.96904
2.51661
1.98821
3.00777
1.66962
1.67974
1.94127
2.33099
1.90891
2.09804
1.79953
2.31401
1.68461
1.88735
3.04413
2.85651
2.14202
1.89442
2.34641
3.05783
1.6402
2.71039
2.13635
2.03622
2.41248
1.84277
3.03015
1.75362
2.03744
1.47779
1.12653
2.78924
1.85408
2.51351
1.8859
2.07452
1.24452
2.70228
2.76074
2.03317
2.65297
2.31506
2.38484
2.43907
1.88682
2.13784
2.26725
2.35879
2.11967
1.64183
2.38371
3.38629
3.09512
2.49763
3.66347
1.21648
1.75468
2.16465
2.14042
1.56797
2.86573
1.68427
2.37093
1.61878
2.16553
2.92408
2.16078
3.32022
3.29612
1.94434
2.19866
1.75994
2.85391
2.29362
3.08504
2.08126
1.87514
2.27954
2.78904
2.56685
3.10548
1.46377
2.09443
1.69148
2.51789
2.7213
2.74619
2.42149
3.33573
2.40927
2.05048
1.83547
2.38582
1.41178
3.16551
1.472
1.69314
1.71842
1.05352
3.52542
1.52705
1.78232
1.71123
2.92896
3.10775
2.54942
1.59241
2.39034
2.36328
1.71156
2.10321
1.80254
1.11634
1.62178
1.94374
2.85745
2.82511
3.33844
1.95525
2.77877
1.79938
1.41772
3.04293
3.375
1.83781
3.15405
2.61959
2.23358
3.46566
2.41756
2.77408
3.22704
3.51325
2.48711
2.4602
2.35484
2.43594
1.09138
1.47888
1.67472
2.6122
1.99209
3.55905
3.20974
3.01208
3.12261
1.96705
2.94026
1.0437
2.7373
1.65242
1.85634
3.01217
1.0571
2.30401
1.80966
2.46887
2.39267
3.02048
1.48708
2.63237
1.84762
2.87443
2.91512
1.6038
1.14825
1.34035
2.47634
1.95877
1.37849
2.81524
2.00047
2.50466
2.94081
1.30279
1.3281
3.1034
1.42393
2.15084
3.02377
2.05101
1.48401
2.36695
1.65934
1.91801
3.40217
3.36382
2.80225
2.44949
2.18136
2.14413
1.61026
2.19791
3.22387
1.85149
3.06562
2.3247
1.50852
2.48582
3.61733
1.15869
2.37447
1.3051
2.72574
1.27601
1.86334
2.18857
1.60599
1.6687
3.07806
2.30685
2.09086
2.29172
2.05464
2.10177
2.75666
1.13038
3.07123
2.32895
2.70749
1.52384
2.92112
1.71096
1.98613
2.01889
1.66539
1.35871
2.76719
2.08985
2.51742
1.92255
1.86119
3.37195
1.65086
2.7949
1.71475
2.13972
2.27439
2.8005
3.74155
2.55547
1.66161
1.74285
2.30661
3.03698
2.44269
1.6085
2.94642
1.31497
3.25905
1.47972
1.63221
1.61428
3.22247
2.79641
3.34013
1.38954
1.521
2.8801
1.93617
3.17653
1.97485
2.03072
2.85769
2.31335
3.10404
1.48724
2.38434
3.01117
3.36054
1.63481
3.46732
2.1804
1.17528
1.18487
1.34528
2.50713
1.96974
2.15926
2.31594
2.01023
1.20301
2.32695
1.46084
1.18698
1.07645
2.71967
2.16051
3.55056
1.06913
2.39771
2.58561
2.95408
2.45491
1.64542
2.31025
1.20797
2.55888
1.72008
3.31484
3.38227
2.83547
1.63606
2.14062
2.27756
2.14546
2.69332
1.89129
1.3727
2.5041
1.69956
2.28726
2.00476
1.98098
2.18649
1.14497
1.96344
2.27207
2.60259
1.44855
2.04182
1.59189
3.08428
2.16215
1.11113
3.3925
3.32593
2.60681
1.03655
1.54327
2.48568
2.12406
1.72859
1.91853
2.79989
2.29561
2.20424
2.25912
1.38004
1.94394
2.1382
1.48245
2.65906
1.77401
1.325
2.69334
2.7529
1.89546
2.43912
3.33375
2.6393
2.09036
1.36398
1.50685
1.31328
1.24676
1.97558
1.54308
1.60286
1.96392
2.67808
2.3034
2.83167
2.23687
1.15246
2.86141
3.33289
2.87588
2.81041
1.30526
1.33236
3.04825
2.40431
2.43734
1.16483
1.78665
2.97705
2.21716
2.39685
1.49447
2.3233
2.91832
2.99639
2.1251
1.85277
2.58215
1.69817
2.11788
2.59368
1.65992
1.77132
3.20445
1.30799
2.71248
1.91592
1.67177
1.89936
3.18834
3.34874
1.82083
1.94669
3.56446
2.4114
2.6751
3.51754
2.242
2.23575
1.90407
1.75994
3.38281
2.31905
2.78856
3.20059
1.70333
3.21958
2.12155
2.10333
1.25745
1.37547
1.31136
2.82929
2.40842
2.22014
1.66227
2.73769
3.29518
1.94493
2.14445
1.70398
2.69087
1.55009
2.38224
1.26974
2.33481
1.92773
2.41209
1.67411
3.12001
2.10024
3.0137
2.72346
1.26565
1.1052
2.47863
1.57365
1.55504
1.65864
2.7637
1.75061
2.65898
1.57789
1.71141
1.82963
3.30428
3.10022
2.39592
2.57703
2.01304
1.46346
3.00475
2.70373
2.65212
1.94151
1.37417
1.59925
2.71321
1.58495
1.18391
2.37991
2.25422
2.61845
1.86778
2.74128
1.54187
1.41318
2.74647
2.8803
3.1256
1.92472
1.94125
2.41334
2.81527
2.47591
1.68105
1.2977
2.84912
3.16076
2.18546
1.87579
2.1201
2.65145
1.44497
3.43105
1.32044
2.61637
2.03008
2.27418
1.06188
2.82569
1.92689
2.84771
2.24001
1.48108
1.68781
2.34952
1.44228
3.4043
3.04898
1.77778
2.65243
2.3166
1.91678
3.17967
3.68573
1.45663
1.18873
1.48687
3.41794
1.82849
1.38227
2.54649
1.65123
2.21627
3.48071
1.92396
2.23844
2.30131
1.42579
1.27464
2.18029
1.88307
3.6735
2.3378
2.72928
1.79692
2.46033
1.38546
2.83668
2.18361
2.05813
2.60295
1.8214
2.29703
1.28496
2.03849
1.40475
2.68592
2.89615
1.22436
1.58081
2.36303
3.08408
2.16765
2.66065
1.94762
1.38868
2.91821
3.04469
1.57911
1.7324
1.05991
2.58191
3.28951
1.0931
1.62268
1.64002
2.40743
2.39458
2.7443
1.46055
3.04189
2.38828
2.1664
2.53716
1.77112
1.84974
1.576
3.4212
1.74572
2.33978
1.91733
1.25336
2.41312
1.53078
1.34859
2.61699
2.47975
1.95497
1.80428
3.48326
3.5245
3.04224
1.49249
2.12283
2.07313
1.1067
1.44524
2.20753
2.0994
1.28555
1.88373
1.94622
1.71651
1.43565
1.95494
1.40327
1.8988
1.55305
2.33621
1.75013
2.63724
1.85394
1.55848
2.77047
2.99961
2.45704
1.99118
1.46266
2.68417
1.59619
1.75122
1.9385
2.87654
1.83608
2.36967
2.42907
3.3401
3.35928
2.07684
2.50844
1.76949
2.08196
2.05016
2.32928
2.04238
3.36673
3.34182
2.75864
2.71068
3.55874
2.37272
1.30013
1.61653
3.58745
1.23466
1.34238
3.17517
3.29492
3.74122
3.26573
2.40874
1.92004
3.48919
3.32684
3.19148
1.38148
2.77996
2.41226
3.45094
2.07538
1.948
1.51612
3.49112
1.81855
2.62277
3.48563
3.16552
2.37822
2.94968
3.65099
2.91727
1.798
1.7234
2.77728
2.60044
2.39665
3.59914
3.63958
1.95275
1.51715
1.53178
3.08093
1.71209
2.89926
2.93303
1.57984
1.39736
2.59437
3.34662
1.75549
1.79588
1.90126
3.27807
3.56908
3.05001
3.1076
2.93715
2.51435
2.87496
3.75205
1.76714
2.72256
1.82664
2.62389
3.37649
2.22148
2.69219
2.67432
1.94354
2.12469
2.99717
1.42685
2.95642
1.99959
2.90071
3.46184
2.89138
2.27441
2.35586
2.21332
3.63905
2.39593
2.62987
1.34988
1.92884
2.26387
3.29385
1.81623
2.35929
1.57628
1.70781
1.40795
2.99622
1.96421
2.98563
1.27207
1.41239
2.74299
2.12278
2.05404
1.44692
2.18166
2.20371
1.64569
3.15001
1.50019
2.4003
2.09862
3.33533
3.064
2.42727
2.51091
2.49013
3.73586
2.34731
1.11102
1.88327
2.12631
3.31646
1.73101
2.84769
1.52088
3.8432
2.98557
1.95934
2.76202
1.40905
1.90627
1.22049
3.54278
1.81544
1.93122
3.26327
1.97827
3.35592
3.001
3.08304
1.88082
2.48605
2.04659
2.76086
3.3943
1.58619
1.42621
2.78798
3.14953
2.17615
2.00853
1.51902
2.16679
2.10317
2.26486
3.10245
2.89361
3.07378
2.99289
2.98677
2.5614
1.30875
2.24833
2.04129
2.36997
1.71018
2.30037
2.16498
2.17457
2.39446
2.96743
3.08305
3.08823
2.06183
3.02827
2.13953
2.21571
2.75243
2.55058
1.47604
1.19083
1.23989
2.28242
2.70729
1.72089
2.82763
3.47561
3.29933
1.97191
2.6687
3.01074
3.26527
2.54942
1.80873
2.06423
1.25978
3.3638
2.41208
3.51585
3.15743
2.67905
2.52072
1.65219
3.57933
2.84241
2.41626
2.50374
1.37435
2.51745
3.00448
3.02749
1.93766
2.22213
3.37659
1.85925
3.49406
2.40952
1.92792
3.19216
2.36964
1.24022
1.67557
3.68843
3.14457
3.44614
2.79243
2.76044
1.93219
1.8426
2.01751
3.21025
2.3624
1.47145
3.71732
1.60462
1.83988
3.13101
3.48191
2.93519
2.20149
1.9119
1.79653
2.27758
1.76048
1.71182
2.19273
2.86733
3.71413
2.54722
1.66332
2.33524
3.38515
3.3686
3.24876
3.21713
3.19763
2.16561
2.62332
3.68283
2.84732
3.67193
3.49182
2.20153
1.94295
3.36559
1.82763
2.18484
1.60583
1.83857
3.66836
1.33475
2.24367
2.54228
1.50823
2.05525
3.44819
1.49771
3.1129
2.69492
1.55448
3.25493
3.41429
3.746
1.98309
3.66322
2.38677
1.90933
3.32216
3.81752
3.45471
3.31508
1.96489
2.97803
2.16133
2.59455
3.16857
1.92266
2.51181
1.77452
2.82244
2.29566
1.2466
1.76848
1.66222
1.53983
1.39201
2.942
1.84067
2.05093
1.70567
2.55472
3.83543
1.95104
3.63792
1.87721
3.04431
1.3348
3.45566
3.21918
1.21709
1.56662
2.00476
2.71548
2.301
1.22521
2.26045
1.52228
1.60853
3.59969
2.34217
3.1902
3.48862
2.29922
3.51578
3.08049
1.91325
1.7676
1.582
2.6862
2.40155
3.34159
3.33683
3.70487
1.94014
2.76927
3.4947
1.95043
1.46149
2.0947
1.96051
3.39475
1.47043
2.46826
2.97108
3.34516
1.56674
2.45272
1.4334
1.37959
3.4557
2.06905
1.61912
1.90725
3.59767
2.71295
1.99991
3.09094
1.7219
1.82327
2.4716
2.36222
2.03941
2.50867
2.15271
2.37313
1.72157
1.91911
3.28175
3.18085
2.19745
2.21697
2.82659
3.38127
1.97172
3.0433
2.53151
2.27336
2.62359
2.1798
3.47216
1.78934
2.25736
1.52077
1.42273
2.87393
1.97694
3.13701
2.17496
2.37325
1.52354
2.88412
2.8377
2.09866
2.72602
2.53643
2.77064
2.59947
2.03322
2.2349
2.45917
3.56784
2.4369
1.8133
2.48319
3.6637
3.24114
2.67188
3.75568
1.32307
2.06189
2.52692
2.54352
1.65442
3.16748
2.28947
2.62905
1.81329
2.22575
3.16856
2.5409
3.32022
3.51434
2.32564
2.28773
1.82458
3.35733
2.80246
3.3756
2.12106
2.21609
3.06551
2.89353
2.95424
3.30528
1.82457
2.46419
2.51026
2.57483
2.87219
3.21965
2.96635
3.43232
2.40927
2.1678
1.93305
2.74212
1.41702
3.89705
1.769
1.72522
1.9402
1.21335
3.54842
1.7836
1.96491
1.82868
3.16795
3.10775
2.83814
1.72735
2.39034
2.5758
1.86034
2.51154
2.00217
1.45495
1.62178
2.01253
3.01562
2.95621
3.40788
2.00096
2.85287
2.24552
1.65135
3.2251
3.60967
2.4058
3.15405
3.59238
2.34896
3.6646
2.78322
3.21114
3.22704
3.69121
2.8029
2.69174
2.54828
2.74338
1.19015
1.66079
1.83763
3.31439
2.07582
3.59507
3.79502
3.16796
3.1704
2.05388
3.59262
1.10519
3.39091
1.78009
2.52549
3.06475
1.18947
2.86685
1.82955
2.89871
3.03539
3.08907
1.77261
2.85003
1.87831
3.12381
3.27754
2.03857
1.57029
1.37534
2.77771
2.02914
1.40309
3.26843
2.20897
2.74478
2.99879
1.35044
1.97474
3.34244
1.7444
2.3695
3.33457
2.73091
1.62697
2.36695
2.16894
1.95905
3.48285
3.6959
2.88988
2.77494
2.20757
2.43241
1.78302
2.3878
3.68208
2.00303
3.37636
2.3247
1.71221
2.50483
3.65479
1.27089
2.51409
1.38975
2.97289
1.6707
2.27983
2.50955
1.74652
2.21772
3.16265
2.67101
2.2954
2.59338
2.20023
3.35272
3.14922
1.31099
3.77553
3.22701
2.91804
1.71265
3.2873
1.74514
2.37771
2.07984
1.9075
1.52893
3.22571
2.64132
2.64891
1.96768
2.28118
3.58264
2.13601
3.11053
1.95933
2.22765
2.47847
2.8005
3.74155
3.25497
1.73595
2.19812
2.39775
3.08353
3.61501
1.64427
3.89364
1.66359
3.30463
1.49752
1.72307
1.85552
3.27749
2.87063
3.37948
1.51936
1.7321
3.00714
2.25554
3.22606
2.22976
2.29255
3.23331
2.48297
3.24376
1.53287
2.57492
3.26251
3.39938
1.69485
3.60882
2.50745
1.296
1.36076
1.44593
2.61289
2.01128
2.25685
2.94975
2.27649
1.23178
2.7979
1.49333
1.28874
1.09174
2.82933
2.19937
3.61102
1.129
2.64593
2.64747
3.4961
2.68586
2.65385
2.92152
1.33014
2.65336
1.80607
3.6148
3.59125
2.96565
1.64301
2.81422
2.55979
2.1823
2.974
2.11759
1.42454
2.7325
2.01403
2.53781
2.13078
2.21518
2.45675
1.40639
2.02625
2.56572
2.60259
1.46386
2.21689
1.76224
3.24524
2.57385
1.16163
3.465
3.4922
2.66198
1.10086
1.57136
2.48568
2.14493
1.85615
2.33377
3.17427
2.60473
2.35972
2.26737
1.46124
2.18285
2.33766
1.86539
2.86157
1.78254
1.42813
2.99448
3.03663
2.04116
3.2664
3.48333
2.86956
2.15717
1.43384
1.53312
1.80429
1.29464
2.00489
1.82204
1.822
2.44666
3.23843
2.45496
2.85878
2.32097
1.61591
3.10169
3.33289
3.37206
3.14612
1.35586
1.45414
3.16173
2.64989
2.64585
1.39928
1.90097
3.11649
2.3292
2.52714
1.62343
2.63313
3.22062
3.24155
2.35871
1.86693
2.69267
1.8249
2.59624
2.64682
2.11297
2.48162
3.78993
1.43762
2.80212
2.27423
1.97233
1.96158
3.44211
3.44075
2.70276
2.25816
3.56446
2.45872
2.97508
3.51754
2.49335
2.32674
2.0192
1.92238
3.53492
2.66542
2.95737
3.44037
1.88465
3.44038
2.32632
2.22178
1.27788
1.537
1.54578
2.97384
3.12523
3.09301
1.71363
3.16002
3.43965
2.05864
2.56223
2.35147
3.08818
1.55009
2.67201
1.30554
2.58464
2.1503
2.46736
1.80114
3.12001
2.11722
3.29232
3.15436
1.36457
1.23498
2.70877
1.92254
1.56595
2.09862
3.18697
2.04766
3.2397
2.07368
1.89176
1.95392
3.41434
3.62854
2.39592
2.7359
2.10632
1.52057
3.1998
3.17502
2.70605
2.22098
1.56618
1.92274
2.77028
1.77416
1.48395
2.4104
2.47454
3.27832
2.01313
2.79099
1.62736
2.04539
3.00665
3.02504
3.40425
2.15777
2.1422
2.73704
3.15962
2.7928
1.7998
1.40522
2.92814
3.63736
2.53244
1.93472
2.14324
3.57712
1.64299
3.86798
1.69665
3.0191
2.04954
2.66681
1.35352
3.00016
1.95818
3.0546
2.43444
1.52635
1.70778
2.64272
1.59871
3.68695
3.10737
1.88981
2.78992
2.41239
2.06518
3.37442
3.74406
1.48997
2.23598
1.5399
3.52983
1.9139
1.78478
2.63605
1.73701
2.362
3.65922
2.11908
2.68857
2.8979
1.66503
1.56746
2.56727
2.56669
3.70167
2.36971
2.8458
2.20067
2.80422
1.50602
2.9451
2.33509
2.09748
2.65991
2.2375
2.5497
1.35069
2.21151
1.59758
3.17925
2.89615
1.44647
1.74742
2.52561
3.25561
2.18259
3.17913
2.55175
1.38868
2.99821
3.40536
1.89986
2.03893
1.16126
2.82109
3.28951
1.27018
1.95888
1.8001
2.68998
2.64971
2.93276
1.54854
3.04189
2.49034
2.42346
2.62054
1.90886
2.13465
1.64544
3.49232
1.75588
2.4801
2.09473
1.29181
2.47615
1.65521
1.36746
2.70957
2.54225
2.02713
1.85092
3.56769
3.76802
3.12893
1.67846
2.12283
2.18501
1.147
1.61743
2.41035
2.0994
1.38464
1.92693
1.99892
1.87644
1.80029
2.02925
1.86398
2.88044
1.74002
2.66107
2.3058
2.87977
2.1791
1.65422
3.48759
3.39474
2.49674
2.12171
1.65051
3.4897
1.83411
1.64941
1.86526
2.5048
1.37727
2.28149
2.13648
2.54533
3.32616
1.81034
2.07753
1.65264
1.75878
1.53684
1.90919
1.88158
3.05255
2.8537
2.32792
2.6704
3.42852
2.11325
1.13807
1.53239
3.37106
1.19365
1.28037
3.09492
2.75822
2.36272
2.93517
2.22649
1.80069
2.79545
2.99828
2.36446
1.30467
2.62558
2.37004
3.419
2.03653
1.65312
1.33364
3.35912
1.6754
2.44881
3.08922
2.42745
1.87628
2.42531
3.19175
2.8404
1.5134
1.6708
2.28445
2.47773
2.01317
2.99802
3.48776
1.88267
1.46478
1.47302
2.94998
1.64229
2.65745
2.90605
1.35809
1.33954
2.10609
3.25961
1.61327
1.64598
1.85579
3.05914
3.24794
2.94527
3.1076
2.5639
1.95494
2.87496
3.39467
1.44691
2.49759
1.76382
2.25177
3.00038
2.11639
2.18558
2.62059
1.69368
2.0065
2.29657
1.34084
2.80411
1.51945
2.85215
3.16386
2.42045
1.99894
2.23169
1.96799
3.1674
2.18643
2.60178
1.1046
1.74208
2.05717
3.08929
1.58029
2.23567
1.29895
1.63719
1.25906
2.91208
1.64707
2.6827
1.10891
1.34433
2.65039
1.9956
1.98174
1.27744
2.01232
2.0494
1.44237
2.67525
1.30422
2.17321
2.01504
2.75882
2.71069
2.2103
2.16143
2.29813
3.38375
2.27501
1.02988
1.83396
2.09009
3.19211
1.50027
2.84769
1.37177
2.61154
2.75137
1.86491
2.72679
1.17369
1.71339
1.03844
2.83843
1.53629
1.71466
3.19561
1.79024
2.67165
2.92714
2.75463
1.65959
2.40603
1.81758
2.50794
3.22847
1.42958
1.1696
2.41634
2.73383
2.1643
1.77909
1.43781
2.13791
1.80179
1.454
2.57935
2.85867
3.04543
2.69667
2.71008
2.42599
1.08153
1.88892
1.78583
1.82291
1.62663
2.27758
1.87722
1.80107
2.12558
2.75004
2.72717
2.59937
2.02684
2.5227
2.0646
1.95028
2.51532
2.26643
1.16007
1.12346
1.17966
1.91207
2.68379
1.52926
2.7042
3.28714
3.00222
1.68695
2.39049
2.80383
2.77208
2.47813
1.76662
1.96299
1.18502
3.28534
2.20941
2.93407
2.66999
2.15263
1.76761
1.33718
3.26557
2.49873
2.04247
2.05073
1.09029
2.4143
2.24255
2.5737
1.4375
2.19176
2.9906
1.77681
3.08317
2.35665
1.3878
3.01361
1.94824
1.05701
1.55
3.64385
3.14457
3.36409
2.59254
2.38982
1.71995
1.45327
1.98879
3.20281
1.9789
1.29312
3.21466
1.23477
1.68643
2.53961
3.38951
2.5597
2.01718
1.76587
1.61673
2.11857
1.61996
1.54929
1.45108
2.59421
3.14966
2.27196
1.3056
1.99951
2.95924
3.24142
2.2961
2.24381
2.32471
1.98847
2.50688
2.92288
2.51112
3.62039
3.36061
1.99883
1.5801
3.36559
1.55226
1.82852
1.54237
1.77129
3.01325
1.29314
1.896
2.14037
1.3655
1.7764
2.97469
1.43331
2.7459
2.55588
1.45156
3.00266
3.23818
3.61227
1.78183
3.66322
2.33624
1.82814
3.10712
3.77033
2.96525
2.83947
1.84138
2.81374
1.93677
2.38871
2.36196
1.85216
2.39618
1.69783
2.69999
1.85169
1.21242
1.71566
1.61309
1.32752
1.15824
2.91764
1.81728
1.27047
1.36137
2.44116
3.3943
1.36698
3.08926
1.71326
2.61667
1.2513
3.34902
3.04207
1.05638
1.30792
1.8811
2.07399
2.01263
1.1169
2.15351
1.43734
1.51277
2.74913
2.17145
2.82988
2.09317
2.17378
2.96764
2.95257
1.79177
1.69064
1.41082
2.63562
2.19583
3.14615
2.94647
3.29195
1.65255
1.76957
3.47268
1.79661
1.26046
1.78951
1.77132
2.94093
1.40703
1.89273
2.9481
2.64435
1.56674
2.05635
1.32709
1.33726
2.82522
1.9847
1.54442
1.50404
2.92793
2.44489
1.98821
2.99731
1.66167
1.60402
1.86856
2.33099
1.87743
2.02914
1.782
2.30462
1.64435
1.85873
3.04413
2.80733
2.1293
1.83327
2.25336
2.98698
1.6192
2.68672
2.05238
2.02101
2.32461
1.81029
2.97715
1.72365
2.01232
1.45145
1.11875
2.75374
1.84531
2.46456
1.81155
1.97612
1.20632
2.67165
2.76074
1.97552
2.65297
2.28986
2.29158
2.41642
1.86284
2.0688
2.24899
2.31401
1.99398
1.62014
2.37008
3.30332
3.07971
2.46873
3.66347
1.2031
1.71408
2.1061
2.07605
1.55382
2.83266
1.59021
2.22872
1.52242
2.14491
2.91124
2.14181
3.30275
3.2331
1.8449
2.166
1.69403
2.77683
2.26999
3.03911
2.06109
1.72088
2.24453
2.77806
2.51943
3.08156
1.32293
2.06012
1.61525
2.51789
2.62211
2.60985
2.22196
3.33573
2.40927
2.01174
1.83547
2.35964
1.41178
2.97177
1.41857
1.67696
1.67443
1.04873
3.52542
1.51374
1.75695
1.70313
2.89642
3.10775
2.51601
1.50516
2.39034
2.33479
1.69024
2.00149
1.75814
1.09222
1.62178
1.93265
2.7919
2.79948
3.32686
1.95525
2.75278
1.76586
1.39996
2.97271
3.375
1.75117
3.15405
2.50126
2.21899
3.45274
2.30585
2.72935
3.22704
3.45892
2.42277
2.45454
2.32332
2.30684
1.07659
1.4474
1.60731
2.41899
1.98224
3.55905
3.13318
2.92104
3.07794
1.92853
2.80845
1.04256
2.66577
1.63851
1.76621
3.01217
1.05558
2.29764
1.80966
2.40127
2.32513
2.95507
1.37917
2.60782
1.84762
2.83382
2.87002
1.55234
1.2352
1.31649
2.38484
1.94859
1.36153
2.80623
1.91367
2.47125
2.91683
1.30279
1.25641
3.05106
1.39905
2.11509
2.99247
2.03346
1.47528
2.36695
1.50199
1.91801
3.33171
3.31678
2.76516
2.44406
2.1758
2.12013
1.5967
2.12785
3.13057
1.83755
2.99113
2.3247
1.46831
2.46911
3.61733
1.15041
2.3411
1.29391
2.71329
1.29423
1.80162
2.14234
1.57442
1.60954
3.07113
2.28189
2.05988
2.20014
2.02968
2.06086
2.71216
1.12165
2.97034
2.22161
2.64311
1.48647
2.81924
1.70203
1.9131
1.98213
1.62756
1.33834
2.73291
2.06255
2.51051
1.91901
1.77723
3.35797
1.61003
2.74487
1.69236
2.13628
2.24781
2.8005
3.74155
2.52351
1.63217
1.72441
2.27656
3.03698
2.35812
1.56511
2.82922
1.23836
3.25905
1.47842
1.62378
1.58539
3.16482
2.79641
3.34013
1.38554
1.48027
2.8801
1.90259
3.17653
1.8817
2.01582
2.77929
2.22538
3.0537
1.43483
2.34028
2.96196
3.36054
1.63481
3.46732
2.03682
1.15977
1.15686
1.25351
2.48847
1.96154
2.15215
2.30739
1.97226
1.20301
2.20377
1.46084
1.17252
1.07259
2.70546
2.16051
3.5381
1.06256
2.38354
2.58561
2.89936
2.26613
1.58865
2.2774
1.18392
2.50587
1.67688
3.03729
3.36552
2.82586
1.63606
2.22995
2.26279
2.14546
2.65439
1.84003
1.3451
2.44588
1.66359
2.21375
1.93056
1.97277
2.16421
1.13909
1.96344
2.22618
2.60259
1.44612
2.01341
1.54247
3.06467
2.12787
1.10464
3.3925
3.21665
2.60681
1.03413
1.53776
2.48568
2.12406
1.67231
1.88842
2.75782
2.22705
2.18841
2.25912
1.36651
1.9223
2.11464
1.45784
2.64197
1.76926
1.31707
2.63324
2.73716
1.83576
2.36871
3.31839
2.61723
2.0646
1.35982
1.4993
1.30013
1.23582
1.97558
1.51222
1.5322
1.8791
2.63828
2.29992
2.8083
2.19032
1.14735
2.81684
3.33289
2.82375
2.75084
1.27782
1.31865
2.94466
2.3989
2.41901
1.09473
1.75316
2.95277
2.20195
2.36741
1.48037
2.2603
2.89155
2.95816
2.07531
1.8205
2.58215
1.669
1.91851
2.59368
1.6433
1.7051
3.14913
1.27758
2.71248
1.89005
1.61691
1.87854
3.12736
3.22016
1.7218
1.9031
3.55303
2.38857
2.63512
3.51754
2.20383
2.21047
1.88236
1.7396
3.35383
2.29293
2.75519
3.13618
1.68064
3.17764
2.06769
2.07476
1.25496
1.35175
1.26314
2.7155
2.37543
2.17282
1.62524
2.62505
3.29518
1.9389
2.11784
1.59786
2.64001
1.55009
2.14026
1.26488
2.29505
1.91242
2.41209
1.66476
3.12001
2.10024
2.97142
2.60366
1.26118
1.09809
2.44705
1.54142
1.55504
1.59325
2.72362
1.74246
2.5984
1.53079
1.68915
1.82413
3.21415
2.84146
2.39592
2.53448
1.99706
1.43891
3.00475
2.66912
2.60284
1.91242
1.35945
1.53481
2.70518
1.53341
1.17248
2.37645
2.25098
2.60919
1.84206
2.74128
1.51493
1.38284
2.70256
2.85454
3.0691
1.89566
1.91258
2.37455
2.80568
2.42998
1.63055
1.25844
2.84912
3.09443
2.11298
1.85726
2.1201
2.58241
1.42889
3.31861
1.29773
2.53152
2.01615
2.23926
1.05806
2.8144
1.91881
2.81451
2.15141
1.47252
1.68781
2.29597
1.3919
3.11078
3.04898
1.78337
2.62008
2.29939
1.91393
3.16595
3.62275
1.44315
1.17028
1.47394
3.41794
1.79531
1.33783
2.5256
1.64074
2.20066
3.44928
1.74176
2.19248
2.18447
1.37778
1.24205
2.1702
1.78424
3.65621
2.32436
2.66323
1.77409
2.43714
1.33764
2.8121
2.17282
2.05509
2.56943
1.76284
2.26064
1.26617
2.00046
1.39834
2.62006
2.89615
1.21899
1.55482
2.3364
3.06631
2.16765
2.6108
1.91487
1.38868
2.90872
3.00897
1.55254
1.69407
1.05459
2.54753
3.28951
1.04013
1.56984
1.62016
2.38688
2.30686
2.63709
1.45047
3.04189
2.3744
2.15073
2.53716
1.74699
1.82079
1.55478
3.4212
1.74572
2.28867
1.90289
1.25336
2.40161
1.4784
1.33989
2.58934
2.47975
1.92986
1.7994
3.48326
3.5122
3.04224
1.45883
2.12283
2.05316
1.10201
1.42284
2.16469
2.09478
1.27778
1.8615
1.9173
1.63794
1.42789
1.93227
1.31081
1.8596
1.54251
2.19586
1.57876
2.61652
1.81734
1.51729
2.7549
2.95102
2.44455
1.96292
1.4175
2.61549
1.54433
