1.00682
1.00293
1.00607
1.00465
1.00366
1.00436
1.00441
1.02297
1.00428
1.00346
1.00405
1.00214
1.00669
1.00379
1.00459
1.01156
1.00353
1.00977
1.00588
1.00259
1.0062
1.00391
1.00716
1.00574
1.00152
1.00556
1.00172
1.00584
1.0009
1.00545
1.0205
1.00713
1.0017
1.01902
1.00743
1.00306
1.00739
1.00211
1.00802
1.00396
1.00176
1.00472
1.00358
1.00484
1.00428
1.004
1.00879
1.01214
1.00566
1.00123
1.00177
1.00834
1.00407
1.00331
1.00424
1.00949
1.00815
1.00457
1.001
1.00085
1.00918
1.0054
1.00241
1.00776
1.00627
1.0049
1.01052
1.00706
1.00883
1.00364
1.00049
1.01352
1.01004
1.00525
1.00491
1.02005
1.00417
1.00588
1.00211
1.0016
1.0058
1.00873
1.00295
1.003
1.00865
1.01418
1.00861
1.00297
1.00368
1.00471
1.00523
1.02252
1.00978
1.01413
1.00754
1.00445
1.00909
1.02556
1.00172
1.00773
1.00318
1.00445
1.00294
1.00093
1.00243
1.01226
1.00574
1.0069
1.02264
1.02539
1.00203
1.00439
1.00772
1.00074
1.00415
1.00501
1.00478
1.00225
1.00326
1.00945
1.02561
1.00744
1.00124
1.00802
1.00272
1.00368
1.00418
1.01336
1.00559
1.00606
1.00942
1.00602
1.00673
1.00509
1.00658
1.00774
1.00715
1.00607
1.00166
1.00232
1.01006
1.01352
1.00313
1.00907
1.00802
1.00017
1.00541
1.0111
1.01653
1.0086
1.00803
1.00603
1.00179
1.00606
1.00569
1.00483
1.0085
1.01165
1.00129
1.00124
1.00255
1.00175
1.00322
1.00548
1.01109
1.02489
1.0102
1.00529
1.0218
1.01169
1.01269
1.01394
1.00185
1.00353
1.01103
1.00324
1.012
1.00428
1.00934
1.00714
1.00452
1.00818
1.00416
1.00686
1.01371
1.01801
0.999575
1.00764
1.00047
1.01277
1.00201
1.00218
1.00514
1.00491
1.00826
1.00608
1.00065
1.00281
1.00904
1.05696
1.00401
1.00447
1.00551
1.00565
1.00351
1.00566
1.00302
1.0186
1.00175
1.00932
1.00449
1.00393
1.00095
1.00282
1.00311
1.00427
1.00573
1.00718
1.00399
1.00695
1.00226
1.00092
1.01942
1.00331
1.00094
1.01045
1.02132
1.00717
1.00293
1.01997
1.00589
1.00663
1.01349
1.00787
1.01645
1.00804
1.00552
1.00045
1.00744
1.00123
1.00238
1.00687
1.01396
1.00809
1.00271
1.01384
1.01015
1.00537
1.00992
1.01168
1.00236
1.00261
1.02205
1.00698
1.00665
1.01285
1.01022
1.00672
1.0094
1.00372
1.00617
1.0033
1.00436
1.00495
1.00189
1.00399
1.00437
1.00254
1.00213
1.00363
1.00248
1.00523
1.01224
1.0049
1.0043
1.00385
0.999512
1.00233
1.00604
1.0201
1.00085
1.00145
1.00621
1.00509
1.00878
1.00653
1.01117
1.01282
1.00387
1.01376
1.00129
1.00858
1.00447
1.00677
1.00708
1.0019
1.00425
1.00461
1.00281
1.0255
1.00334
1.00477
1.00896
1.01361
1.00987
1.00667
1.00356
1.01105
1.00234
1.00289
1.01075
1.01125
1.00887
1.0057
1.005
1.00128
1.00408
1.01277
1.01955
1.00814
1.01533
1.01069
1.00411
1.00512
1.01184
1.00421
1.00283
1.00387
1.00274
1.00503
1.01455
1.0055
1.00275
1.00265
1.0072
1.00822
1.00195
1.0097
1.00521
1.00906
1.00979
1.00287
1.00797
0.999897
1.01813
1.0059
1.00404
1.01794
1.00429
1.00965
1.0071
1.00814
1.01411
1.00439
1.00421
1.0044
1.00746
1.00307
1.00913
1.00232
1.00482
1.01282
1.0121
1.01708
1.00188
1.00253
1.00754
1.00893
1.00827
1.01478
1.00131
1.00624
1.00764
1.01349
1.0066
1.00987
1.00167
1.00517
1.00063
1.00295
1.00498
1.00276
1.00224
1.00583
1.01111
1.00006
1.02011
1.01866
1.00389
1.01104
1.00537
1.00469
1.01508
1.00094
1.00682
1.00494
1.00487
1.00156
1.00136
1.00341
1.00479
1.00488
1.00405
1.00819
1.0095
1.02119
1.00317
1.00785
1.00756
1.00883
1.01141
1.00598
1.01329
1.00309
1.00353
1.00637
1.02403
1.00205
1.00449
1.00225
1.00405
1.00603
1.00873
1.00478
1.00305
1.00902
1.00957
1.00898
1.00755
1.01054
1.01134
1.00959
1.00775
1.00171
1.00624
1.00537
1.01302
1.0149
1.0073
1.00827
1.01003
1.00819
1.00679
1.00777
1.01718
1.00619
1.00186
1.00298
1.00443
1.00434
1.00811
1.00165
1.0192
1.01538
1.00902
1.00329
1.00833
1.00783
1.00894
1.00326
1.00576
1.00213
1.00562
1.00543
1.01017
1.00278
1.00146
1.01313
1.00587
1.00619
1.00552
1.01277
0.999333
1.00351
1.00291
1.02
1.00735
1.00512
1.00712
1.00228
1.0064
1.00455
1.00117
1.00278
1.01099
1.0024
1.01408
1.00997
1.00742
1.00733
1.01453
1.01264
1.00761
1.01181
1.00427
1.00547
1.01136
1.01506
1.00067
1.01471
1.00497
1.00961
1.00403
1.00232
1.0056
1.01366
1.01046
1.00122
1.00306
1.00873
1.00226
1.00387
1.00463
1.00428
1.00697
1.00366
1.0103
1.01012
1.0069
1.0016
1.01158
1.00559
1.00405
1.00581
1.00583
1.01457
1.0064
1.01072
1.00625
1.00945
1.00262
1.00425
1.00557
1.00159
1.01174
1.00156
1.00797
1.01398
1.00211
1.00509
1.0055
1.00565
1.00596
1.00332
1.00248
1.0067
1.01083
1.00417
1.01804
1.00189
1.00566
1.01737
1.00303
1.00232
1.00108
1.00497
1.01203
1.01098
1.01445
1.00275
1.00742
1.00313
1.00853
1.00852
1.01077
1.00707
1.01025
1.02024
1.007
1.00468
1.0032
1.00244
1.00203
1.00842
1.00532
1.0082
1.00439
1.0092
1.00258
1.00546
1.00515
1.00352
1.00916
1.00677
1.00219
1.00315
1.00992
1.00291
1.00682
1.00365
1.00214
0.999647
1.00402
1.00355
1.00727
1.00534
1.00144
1.0051
1.00239
1.00221
1.01559
1.00162
1.0075
1.00328
1.00869
1.00418
1.00548
1.00676
1.00477
1.00199
1.01163
1.00789
1.00208
1.01076
1.0061
1.01373
1.00203
1.01007
1.00831
1.00339
1.00066
1.00573
1.00061
1.00891
1.00147
1.014
1.00559
1.00359
1.00437
1.00863
1.01435
1.00199
1.00842
1.01007
1.00509
1.00074
1.00201
1.0025
1.0044
1.00319
1.00726
1.00196
1.00896
1.00096
1.01988
1.00399
1.00808
1.00118
1.00529
1.01111
1.00372
1.00561
1.00078
1.00611
1.02185
1.01043
1.00839
1.0038
1.0036
1.00179
1.00135
1.00468
1.00244
1.00246
1.00836
1.0122
1.00637
1.02584
1.0086
1.01724
1.0019
1.00618
1.01503
1.00927
1.00606
1.00751
1.01092
1.00687
1.00522
1.01023
1.00362
1.00095
1.00588
1.0041
1.00104
1.00371
1.00357
1.01027
1.00386
1.00763
1.00454
1.00323
1.01074
1.00722
1.00481
1.00059
1.00469
1.00337
1.00447
1.00657
1.00433
1.00644
1.01686
1.0113
1.00352
1.00942
1.02305
1.00039
1.00941
1.0055
1.00304
1.01177
1.00603
1.0032
1.00025
1.00238
1.00197
1.0058
1.00972
1.00149
1.00471
1.00967
0.999733
1.00669
1.00741
1.01315
1.00292
1.00747
1.00138
1.00551
1.00494
1.00909
1.0045
1.01116
1.00488
1.00436
1.00138
1.00449
1.00789
1.00198
1.00884
1.00329
1.00225
1.00228
1.00601
1.00407
1.00306
1.00351
1.00216
1.00703
1.00257
1.00302
1.00266
1.00334
1.0078
1.00664
1.00236
1.0054
1.008
1.00281
1.00245
1.01058
1.00758
1.00697
1.00041
1.00937
1.00905
1.00551
1.00697
1.00564
1.00669
1.00429
1.01099
1.00653
1.01061
1.00599
1.00658
1.00695
1.00482
1.00385
1.00187
1.01132
1.01184
1.02173
1.00368
1.00218
1.01718
1.00155
1.00643
1.00906
1.0009
1.00697
1.00028
1.00221
1.00797
1.00559
1.00425
1.0091
1.00724
1.00272
1.00112
1.00254
1.00158
1.00374
1.0027
1.00863
1.01218
1.00831
1.00121
1.007
1.00405
1.0099
1.00383
1.0094
1.00374
1.00213
1.01153
1.00744
1.00682
1.00666
1.00654
1.00859
1.01885
1.00197
1.01065
1.0036
1.00679
1.00305
1.00169
1.011
1.00235
1.00624
1.00507
1.00258
1.00283
1.00769
1.01674
1.00722
1.00946
1.00606
1.00824
1.00483
1.00034
1.00245
1.0049
1.00348
1.01818
1.00593
1.00697
1.00271
1.00361
1.00293
1.00415
1.00296
1.01351
1.00482
1.00423
1.00151
1.00963
1.00988
1.00998
1.01048
1.00899
1.01683
1.00417
1.00336
1.00313
1.00868
1.00336
1.00153
1.00489
1.00269
1.00135
1.00616
1.00956
1.00664
1.01487
1.0186
1.00712
1.00408
1.00585
1.00084
1.00442
1.00911
1.01296
1.00167
1.00175
1.00045
1.00427
1.00424
1.00217
1.00278
1.00103
1.00419
1.00291
1.00277
1.00856
1.00585
1.00226
1.00983
1.00223
1.00503
1.00421
1.035
1.00631
1.01248
1.0048
1.01268
1.00163
1.00952
1.00595
1.00162
1.00308
1.00036
1.00035
1.00652
1.00143
1.0053
1.00284
1.00628
1.00274
1.01031
1.00183
1.01211
1.01964
1.00064
1.00269
1.00096
1.00481
1.00794
1.00691
1.01195
1.00231
1.00619
1.00777
1.00298
1.00558
1.00617
1.00558
1.00955
1.00832
1.0017
1.01177
1.0025
1.00104
1.0005
1.00682
1.01445
1.00691
1.00168
1.00306
1.00544
1.01028
1.0128
1.01016
1.00546
1.00356
1.00806
1.00787
1.00688
1.02537
1.00486
1.0131
1.00365
1.00247
1.00987
1.00073
1.00118
1.00873
1.01269
1.00532
1.00445
1.00325
1.00909
1.00818
1.004
1.00036
1.01057
1.00676
1.00964
1.00719
1.01515
1.00659
1.00263
1.00259
1.00194
1.00419
1.00106
1.00971
1.00344
0.99902
1.00466
1.00733
1.00619
1.00099
1.00548
1.02029
1.00702
1.00505
1.00588
1.00401
1.00015
1.00121
1.00178
1.00145
1.00023
1.00357
1.02074
1.00353
1.00171
1.0005
1.0013
1.0051
1.00512
1.00078
1.00379
1.00271
1.00511
1.00456
1.00133
1.00063
1.00298
1.0033
1.00348
1.00192
1.00427
1.00146
1.00052
1.00131
1.00359
1.02313
1.00185
0.999841
1.00774
1.0056
0.999901
1.00825
1.00212
1.00535
1.0012
1.00014
1.00315
1.00048
1.00145
1.00368
1.00356
1.00532
1.0027
1.00452
1.00164
1.00043
1.00151
1.00392
1.00001
1.00422
1.00394
1.00196
1.00396
1.00105
1.00078
1.00082
1.00601
1.00263
0.999993
1.0013
1.00155
1.00639
1.00863
1.00357
1.00103
1.0009
1.00237
1.00449
1.00243
1.00594
1.01996
1.00153
1.00551
1.00198
1.00147
1.00018
1.00503
1.00061
0.999874
1.00174
1.00831
1.0001
1.00424
1.00227
1.00071
1.00237
1.02142
1.00223
1.01338
1.00653
1.00314
1.00066
1.01031
1.0031
1.00034
1.00346
1.00175
1.00266
1.00061
1.00128
0.999901
1.00279
1.00042
1.00374
1.00995
1.00266
1.00182
1.00343
1.0002
1.00131
1.00044
1.00047
1.00179
1.00004
1.00149
1.01722
1.00179
1.00149
1.00172
1.00077
1.00001
1.00019
1.00114
1.00289
0.999671
1.00505
1.00172
1.00061
0.99992
1.00752
1.01373
1.00603
1.00071
1.00065
1.00104
1.00758
1.01205
1.00156
1.00242
1.00192
1.00061
1.00562
1.00016
1.01378
1.00812
1.00658
1.00125
1.00175
1.00116
1.0031
1.00167
1.00182
1.01453
1.00042
1.00211
1.00115
1.00073
0.999896
1.0095
1.00596
1.00854
1.00147
0.998953
1.01981
1.00089
1.00834
1.00845
1.00131
1.00107
1.0025
1.00178
1.00293
1.00466
1.00144
1.00251
1.00365
1.00415
1.00559
1.00855
1.00278
1.01622
1.00065
1.00112
1.00071
1.00794
1.0012
1.00097
0.999993
1.00356
1.00776
1.00058
1.00149
1.0048
1.00906
1.01342
1.00089
1.0032
1.00133
1.00108
1.0008
1.00501
1.00252
1.01121
1.00257
1.00099
1.00183
1.00341
1.00092
1.00171
1.00011
1.00049
1.00087
1.00509
1.00078
1.00669
1.00111
1.00066
1.01673
1.00167
1.00183
1.00843
1.00158
1.0027
1.00043
1.0004
1.00371
1.00192
1.00023
1.00396
1.00026
1.00219
1.00322
1.00118
1.00206
1.00218
1.00066
1.00406
1.01229
1.00029
1.00256
1.00481
1.00254
1.00242
1.00416
1.00869
1.00223
1.00007
1.00997
1.00785
1.0059
1.00802
1.00061
1.00017
1.0007
1.00075
1.00022
1.00001
1.0023
1.00274
1.00299
1.00227
1.00203
1.00133
0.999312
1.00139
1.00226
1.00558
1.00312
1.00176
1.00665
1.00104
1.00051
1.00054
1.00039
1.01315
1.00089
1.00063
1.00655
1.00368
1.00062
1.00108
1.00242
1.0052
1.00589
1.00016
1.00434
1.00001
1.00193
1.00628
1.00828
1.00046
1.00146
1.0043
1.00177
1.01651
1.00245
1.002
1.00078
1.00089
1.00531
1.00318
1.00271
1.0009
1.00353
1.00044
1.00148
1.00772
1.00084
1.00321
1.00081
1.00063
1.00172
1.012
1.00035
1.00838
1.01615
0.999057
1.00128
1.00009
1.0028
1.0031
1.00251
1.00067
1.00409
1.00546
1.00067
1.00108
1.00256
1.00024
1.00283
1.00215
1.00069
1.00218
1.0047
1.00727
1.00999
1.00105
1.00739
1.00049
1.01714
1.00228
1.00236
1.00938
1.00018
1.00322
1.00015
1.00248
1.00102
1.00112
1.00142
1.00185
1.0017
1.00077
1.00569
1.00106
1.00069
1.00902
1.00067
1.01125
1.00057
1.002
1.00665
1.00162
1.00039
1.01483
1.00105
1.00405
1.00384
1.00169
1.00015
1.01203
1.00067
1.00322
1.00163
1.00027
1.00073
1.00098
1.00061
1.00227
1.00171
1.0001
1.01581
1.01871
1.00018
1.00143
1.00475
1.00664
1.00281
1.00141
1.00184
1.00376
1.00257
1.00336
1.00048
1.00026
1.00372
1.00489
1.00188
1.00171
1.00088
1.01086
1.00545
1.00758
1.00143
1.00055
1.00313
1.00791
1.00892
1.00573
1.00304
1.00358
1.01495
1.00138
1.00198
1.00291
1.00389
1.00232
1.00362
1.00176
1.00101
1.01242
1.00728
1.00593
1.00389
1.00558
1.00436
1.00531
1.00066
1.00166
1.00642
1.00216
1.01147
1.00102
1.0011
1.00181
1.00222
1.0013
0.999178
1.00171
1.00196
1.00098
1.00148
1.00183
1.00229
1.00016
1.00127
1.00261
1.01605
1.00098
1.00208
0.99999
1.00848
1.00427
1.00763
1.00204
1.00082
1.00058
1.00246
1.00312
1.00718
1.00275
1.00219
1.00057
1.0059
1.00044
1.00307
1.0071
0.99999
1.00028
1.00056
1.01635
1.00793
1.00246
1.00193
1.00461
1.00682
1.00519
1.0021
1.00108
0.999411
1.00018
1.01339
1.00821
1.00015
1.0017
1.00384
1.01105
1.00741
1.00216
0.999978
1.00203
1.00308
1.00409
1.00172
1.00883
1.00017
1.00105
1.00267
1.00036
1.00361
1.00078
1.00174
1.00108
1.00328
1.00613
1.00201
1.00169
1.00252
1.0056
1.00434
1.00251
1.01404
1.00178
1.00437
1.00052
0.999976
1.00091
1.00259
1.0035
1.00185
1.00467
1.00772
1.00511
1.00124
1.00277
1.00137
1.00155
1.01847
1.00079
1.00627
1.00195
1.00588
1.01384
1.00144
1.0016
1.00159
1.00157
1.00332
1.00349
1.00075
1.00048
1.00047
1.00592
1.00891
1.00089
1.00381
1.01462
1.00091
1.00132
1.00148
1.0024
1.0001
1.00857
1.00134
1.00147
1.00596
1.00072
1.00477
1.00831
1.00026
1.00103
1.00224
1.00284
1.00213
1.00269
1.00344
1.00174
1.00126
1.00219
1.00226
1.00727
1.0017
1.00839
1.00263
1.00131
1.00022
1.00144
1.00693
1.00702
1.00287
1.00006
1.00385
1.00114
1.00641
1.00033
1.0036
1.00078
1.0011
1.0016
1.00273
1.00098
1.00126
1.00098
1.00301
1.00513
1.01577
1.00431
1.00092
1.00326
1.00805
1.00261
1.00185
1.00511
1.00248
1.0018
1.00667
1.00545
1.0009
1.0025
1.00143
1.01151
1.00152
1.00048
1.00542
1.00014
1.00141
1.00039
1.00065
1.00015
1.00008
1.00181
1.00419
1.00069
1.00125
1.00103
1.01343
1.00519
1.00116
1.00614
1.00243
1.00033
1.00026
1.00122
1.00408
1.00077
1.00482
1.00232
1.01014
1.00013
1.00265
1.00285
1.00516
0.99946
1.00124
1.00461
1.00358
1.00685
1.00249
1.00174
1.00559
1.00123
1.00164
1.00261
1.00286
1.00381
1.00312
1.00098
1.0015
1.00016
1.00909
1.01294
1.00091
1.01569
1.00504
1.01197
1.00066
1.00387
1.03347
1.0039
1.00041
1.00427
1.00175
1.00518
1.00278
1.00282
1.00083
1.00317
1.00628
1.00108
1.00149
1.00259
1.00211
1.00701
1.00112
1.00331
1.00246
1.00035
1.00291
1.00395
1.00016
1.00023
1.00427
1.00176
1.00394
1.00471
1.0044
1.00152
1.00706
1.01252
1.00375
0.999496
1.0192
1.00058
1.00865
1.00024
1.00388
1.00149
1.02661
1.00617
0.999871
1.00012
1.00024
1.00642
1.00234
1.00193
1.00325
1.01049
1.00048
1.00215
1.00384
1.0068
1.00043
1.00167
1.00085
1.00008
0.999789
1.00243
1.00217
1.0017
1.00392
1.00111
1.00118
1.00156
1.00655
1.00092
1.0076
1.00452
1.00178
1.00048
1.00488
1.00308
1.00148
1.00126
1.00114
1.00727
1.00434
1.00331
1.00109
1.00074
1.00341
1.00533
1.00073
0.999225
1.00216
1.00196
1.00345
1.00967
1.00086
1.00238
1.00095
1.00072
1.00229
1.00274
1.00272
1.00529
1.00387
1.00484
1.00494
1.0043
1.00198
1.007
1.00306
1.00345
1.00245
1.00131
1.00153
1.01116
1.00166
1.01742
1.00239
1.00344
1.01817
1.00193
1.00847
1.00031
1.00102
0.999985
1.00042
1.00084
1.00395
1.00037
1.00113
1.00488
1.00206
1.00138
1.00015
1.00132
1.00261
1.00156
1.00047
1.00046
1.0028
1.00914
1.00128
1.00703
1.00425
1.00321
1.00035
1.00692
1.00374
1.0008
1.0112
1.00258
1.00074
1.00626
1.00085
1.00417
1.01668
1.00194
0.999963
1.00184
1.00021
1.00374
0.999768
1.0102
1.00368
0.99912
1.00664
1.00289
1.00031
1.00301
1.0029
1.00353
1.00053
1.00605
1.00108
1.00265
1.00305
1.00368
1.00064
1.00046
1.01834
1.00482
1.00642
1.00144
1.0017
1.00211
1.00144
1.00017
1.00579
1.00232
1.00015
0.999265
1.00796
1.00355
1.00175
1.00226
1.00131
1.01639
1.00128
1.00088
1.00318
1.00271
1.00198
0.999949
1.00071
1.00019
1.00142
1.0029
1.00601
0.999936
1.01052
1.01904
1.00461
1.00382
1.00549
1.00159
1.00207
1.003
1.00021
0.999569
1.00101
1.00087
1.00104
0.999012
1.00383
1.00069
1.001
1.00403
1.00208
1.00349
1.0108
1.00123
0.999569
1.00238
1.002
1.00633
1.0004
1.03321
1.00755
1.01131
1.00521
1.00772
1.00006
1.01142
0.998831
1.00038
1.00648
1.00005
1.0024
1.00622
1.00107
1.00123
1.0019
1.00238
1.00201
1.0049
1.00144
1.00559
1.00627
1.00043
1.00171
1.0014
0.998559
1.00299
1.0005
1.00037
1.00094
1.00771
1.00433
1.00197
1.00285
1.00069
1.0018
1.00094
1.00676
1.00163
1.00281
1.00068
1.00167
1.00093
1.00596
1.00773
0.998297
1.00132
1.00097
1.00185
1.00118
1.01059
1.00485
1.00191
1.00255
1.00199
1.00704
1.00231
1.0217
1.0004
1.01299
1.00522
1.00199
1.00201
1.00392
1.00151
1.00138
1.00275
1.00433
1.00076
1.00062
1.00473
1.00366
1.00137
1.00013
1.01041
1.00478
1.0084
1.00043
1.00493
1.00094
1.00277
1.00286
1.0014
1.00086
1.00118
1.00418
1.0009
1.00094
1.00011
1.00185
1.00639
1.00122
1.00239
1.01966
1.00119
1.00697
1.00163
1.02964
1.01507
1.02586
1.00852
1.01893
1.02891
1.0135
1.03006
1.02018
1.01133
1.00848
1.02233
1.01667
1.01769
1.01537
1.01092
1.01103
1.02094
1.01287
1.01584
1.01025
1.02101
1.01941
1.01537
1.01021
1.03063
1.02765
1.01162
1.00856
1.01494
1.04038
1.00791
1.01015
1.01254
1.02645
1.01339
1.03086
1.00872
1.01396
1.01822
1.02022
1.02106
1.00868
1.01837
1.01953
1.01313
1.01253
1.03157
1.02105
1.01193
1.01638
1.01447
1.02792
1.01878
1.01604
1.00926
1.01238
1.01814
1.01174
1.01584
1.00819
1.01956
1.01436
1.01381
1.01671
1.01056
1.03229
1.01626
1.02086
1.0075
1.02774
1.01891
1.031
1.0166
1.01938
1.03823
1.01899
1.0278
1.01187
1.01567
1.0053
1.01921
1.01708
1.01187
1.01331
1.01727
1.00405
1.01519
1.00725
1.00763
1.01692
1.03725
1.00878
1.05996
1.02745
1.01107
1.00827
1.01581
1.02003
1.02339
1.02334
1.00928
1.02596
1.0069
1.01432
1.01745
1.01505
1.02555
1.03272
1.01467
1.01527
1.00789
1.01925
1.01746
1.01015
1.01216
1.0061
1.01402
1.00747
1.0107
1.05677
1.0165
1.00962
1.00988
1.02413
1.00951
1.01125
1.0094
1.00513
1.01359
1.01188
1.01352
1.00732
1.00829
1.01234
1.02195
1.00942
1.0207
1.04075
1.01587
1.01358
1.01806
1.01554
1.01678
1.01535
1.00869
1.01939
1.00917
1.03364
1.0182
1.01898
1.00775
1.01971
1.01432
1.01181
1.00834
1.00466
1.02612
1.01429
1.02463
1.00807
1.02757
1.01509
1.01935
1.01372
1.01442
1.00661
1.01756
1.03421
1.00958
1.03964
1.02036
1.01345
1.0135
1.01473
1.01076
1.00523
1.02305
1.01362
1.0107
1.01537
1.01828
1.03404
1.029
1.04105
1.04262
1.00166
1.01585
1.01378
1.02481
1.00999
1.01428
1.00687
1.01444
1.02511
1.02195
1.00428
1.00763
1.02037
1.05348
1.02514
1.02643
1.01082
1.01736
1.01221
1.01377
1.01786
1.03227
1.0115
1.01362
1.01407
1.03209
1.02705
1.00822
1.00829
1.02346
1.00618
1.02023
1.0104
1.02041
1.01311
1.00874
1.0419
1.01178
1.00547
1.01737
1.02091
1.00876
1.01228
1.01814
1.01238
1.01091
1.01691
1.02493
1.00615
1.01506
1.01331
1.01286
1.02207
1.00664
1.01806
1.01345
1.02251
1.01899
1.01678
1.0248
1.01198
1.01724
1.04195
1.0152
1.01119
1.00556
1.03306
1.01231
1.01903
1.01684
1.02981
1.047
1.00787
1.00881
1.02182
1.03155
1.01145
1.01208
1.01716
1.01469
1.01333
1.01374
1.00827
1.00632
1.02304
1.03812
1.01024
1.01596
1.02135
1.01085
1.00639
1.00747
1.00713
1.02949
1.01163
1.01993
1.01415
1.01247
1.02174
1.01424
1.0095
1.02936
1.03586
1.02911
1.014
1.00965
1.01475
1.01465
1.01988
1.01678
1.01125
1.05364
1.00709
1.03386
1.01422
1.01127
1.00712
1.03842
1.03422
1.00963
1.01794
1.02189
1.01481
1.01015
1.01345
1.02565
1.01873
1.01722
1.012
1.01535
1.01164
1.02707
1.03076
1.02565
1.04316
1.0159
1.01275
1.01332
1.03182
1.01369
1.02318
1.01234
1.01476
1.01488
1.00781
1.01722
1.0253
1.00749
1.01658
1.01638
1.01015
1.01258
1.02699
1.02229
1.02541
1.01397
1.01937
1.02298
1.02995
1.00648
1.01353
1.01555
1.01653
1.00858
1.01143
1.01544
1.01764
1.01337
1.01331
1.01002
1.01586
1.02733
1.01293
1.01952
1.0083
1.02611
1.01727
1.04051
1.02195
1.01384
1.02425
1.00802
1.00938
1.03103
1.01195
1.014
1.01393
1.02621
1.01192
1.03657
1.01065
1.02538
1.0104
1.00993
1.01634
1.0139
1.00712
1.01183
1.01636
1.00451
1.02851
1.03005
1.0118
1.00952
1.01112
1.03782
1.02093
1.00673
1.02542
1.02413
1.01072
1.01374
1.01351
1.0102
1.01647
1.02041
1.01159
1.01967
1.01538
1.01638
1.02337
1.01168
1.0248
1.01163
1.0097
1.02927
1.02266
1.02121
1.0274
1.02913
1.03293
1.0117
1.00514
1.01917
1.02219
1.05004
1.03462
1.01866
1.01193
1.03796
1.01998
1.01585
1.01874
1.0224
1.02954
1.02016
1.00885
1.01349
1.02694
1.01455
1.02866
1.00757
1.00931
1.02346
1.02987
1.01291
1.01057
1.01195
1.05292
1.02036
1.01221
1.01953
1.00852
1.01709
1.00492
1.01975
1.03472
1.02158
1.0501
1.01722
1.02012
1.00793
1.02165
1.01189
1.03184
1.01207
1.02729
1.02687
1.03144
1.01628
1.0185
1.042
1.02127
1.01688
1.00571
1.02283
1.01774
1.01857
1.01306
1.03293
1.01717
1.01393
1.01796
1.03068
1.02678
1.02876
1.01444
1.02142
1.00663
1.00664
1.03219
1.026
1.01028
1.0122
1.01142
1.03038
1.02696
1.0081
1.02015
1.01359
1.02055
1.03063
1.00947
1.02822
1.01708
1.01255
1.00768
1.01142
1.02787
1.01352
1.02962
1.01105
1.01097
1.01412
1.02065
1.0122
1.0081
1.01823
1.0174
1.00854
1.02777
1.01742
1.01652
1.02446
1.00573
1.00854
1.01921
1.02545
1.0084
1.01726
1.0261
1.00903
1.05372
1.00539
1.00781
1.03389
1.06007
1.01027
1.03799
1.00873
1.0254
1.0308
1.01796
1.01933
1.02296
1.02368
1.01566
1.01878
1.01471
1.0134
1.02801
1.01809
1.02206
1.01241
1.01461
1.05405
1.0143
1.01633
1.01986
1.0195
1.01721
1.02062
1.01142
1.01258
1.01703
1.00555
1.01533
1.01688
1.014
1.01698
1.02113
1.03126
1.04548
1.01618
1.01418
1.01127
1.05061
1.01746
1.01527
1.02517
1.01498
1.01719
1.01209
1.01577
1.008
1.00591
1.01423
1.02379
1.0114
1.01217
1.00816
1.02178
1.02301
1.00768
1.01807
1.01672
1.00931
1.00621
1.01691
1.00674
1.01013
1.00587
1.01205
1.01779
1.04974
1.01172
1.00957
1.01135
1.02749
1.01249
1.00654
1.02534
1.01476
1.01143
1.02395
1.0103
1.00687
1.00743
1.00852
1.02124
1.00615
1.01838
1.03214
1.0047
1.01476
1.00334
1.01424
1.01423
1.01455
1.02953
1.01822
1.00822
1.01099
1.01212
1.02549
1.01845
1.02142
1.01503
1.00552
1.01396
1.01214
1.01089
1.01467
1.01371
1.01114
1.0137
1.02069
1.02024
1.00557
1.01176
1.0318
1.00572
1.00894
1.02775
1.01097
1.02676
1.01263
1.03087
1.01244
1.00948
1.0126
1.01096
1.01464
1.01418
1.01649
1.00831
1.00624
1.02034
1.03144
1.01708
1.0067
1.02245
1.03441
1.02045
1.0098
1.01044
1.0505
1.0229
1.00913
1.01638
1.00733
1.01814
1.02143
1.01341
1.0115
1.01566
1.01711
1.00908
1.00747
1.01531
1.01193
1.03082
1.00606
1.03647
1.02033
1.00743
1.02029
1.01241
1.01949
1.00447
1.02811
1.01465
1.01873
1.02145
1.03088
1.00996
1.01619
1.0194
1.02002
1.009
1.0334
1.00522
1.02234
1.0278
1.02363
1.01072
1.0504
1.02136
1.01241
1.00845
1.02488
1.02477
1.01898
1.01606
1.00965
1.04435
1.00475
1.01647
1.02672
1.02371
1.00716
1.01884
1.00685
1.00458
1.00804
1.03119
1.04417
1.01562
1.00778
1.01447
1.00789
1.02436
1.01409
1.01278
1.01917
1.02016
1.00502
1.0164
1.02456
1.00955
1.00943
1.01608
1.01293
1.02362
1.02749
1.01101
1.01588
1.0033
1.02548
1.01525
1.00954
1.00571
1.02111
1.01156
1.0056
1.02156
1.03297
1.03195
1.01316
1.01305
1.01678
1.01492
1.02633
1.01744
1.02377
1.01502
1.02842
1.02251
1.01774
1.02041
1.02462
1.0078
1.01902
1.01923
1.01786
1.03333
1.01423
1.05403
1.01458
1.01042
1.0463
1.00966
1.02423
1.01368
1.01145
1.0078
1.02032
1.0121
1.02066
1.00607
1.02759
1.01596
1.01113
1.01258
1.00434
1.01409
1.0104
1.0111
1.00949
1.01166
1.01395
1.01709
1.01638
1.0135
1.02904
1.03272
1.01287
1.06854
1.01417
1.01835
1.02342
1.02345
1.0145
1.01989
1.02484
1.0252
1.03912
1.00885
1.00808
1.01321
1.01903
1.02361
1.00777
1.03377
1.01325
1.02244
1.01772
1.02106
1.01437
1.00744
1.01447
1.01863
1.02624
1.00982
1.01153
1.02355
1.01188
1.02005
1.01432
1.00505
1.03991
1.01441
1.02386
1.00961
1.00702
1.01471
1.01283
1.00571
1.01416
1.03271
1.01157
1.01115
1.01737
1.0108
1.01228
1.01135
1.00954
1.02971
1.01205
1.00893
1.01024
1.02364
1.01366
1.016
1.02189
1.00634
1.01613
1.01622
1.01411
1.00721
1.05544
1.02973
1.0109
1.01442
1.00848
1.01748
1.01639
1.01022
1.01463
1.00991
1.01544
1.01434
1.01764
1.01018
1.02009
1.01456
1.01983
1.02487
1.01367
1.01085
1.02984
1.01396
1.0151
1.019
1.02634
1.0188
1.00904
1.05491
1.03439
1.02454
1.02151
1.03453
1.00501
1.02169
1.01352
1.02087
1.02177
1.01253
1.01605
1.01955
1.01625
1.01661
1.01646
1.02668
1.01319
1.03242
1.01868
1.0169
1.015
1.01265
1.00992
1.01456
1.0137
1.01984
1.00974
1.00544
1.01163
1.03675
1.02447
1.00909
1.04832
1.01297
1.02034
1.02691
1.02078
1.01247
1.01362
1.01227
1.01921
1.01101
1.03024
1.02897
1.02858
1.01925
1.01313
1.00717
1.01334
1.02582
1.03348
1.01425
1.01677
1.02104
1.03953
1.00812
1.0359
1.00742
1.02583
1.01837
1.01328
1.00787
1.0121
1.01017
1.02126
1.01741
1.01381
1.01066
1.00864
1.01781
1.03405
1.01638
1.0126
1.02593
1.03631
1.03054
1.00609
1.02108
1.01685
1.03992
1.01164
1.0132
1.02711
1.01202
1.01154
1.01035
1.01879
1.01216
1.01294
1.01711
1.00738
1.01343
1.02564
1.02053
1.01481
1.01939
1.92818
1.216
2.00367
1.03191
2.03626
2.22526
1.20158
1.77671
1.39221
1.17329
1.07601
1.78007
2.21828
1.87838
1.21378
1.38635
2.28994
2.1284
1.61376
1.57899
1.429
2.05426
2.56472
1.69734
1.01665
2.00229
1.20494
1.62164
1.165
1.37302
2.19176
1.18376
2.1013
1.74681
2.33004
1.87724
1.61823
2.10225
1.6494
1.58625
1.07527
2.23624
1.12519
1.1518
1.59914
1.68813
1.36089
1.12772
1.19064
1.798
1.29099
2.18345
2.21565
1.10573
1.23988
1.62323
1.11779
1.44832
2.19447
1.88444
1.27249
1.6015
1.1289
1.16823
1.66046
1.92396
1.35737
1.29356
1.35396
1.74307
1.66114
1.34654
1.80129
1.69861
1.27645
2.8358
2.17047
1.82363
1.44782
1.52347
1.06426
1.49596
2.05736
1.30636
1.2978
2.61456
1.77776
1.47864
2.16759
1.49166
1.09189
2.59191
2.18657
2.5489
1.32145
1.53972
2.07957
2.02066
1.19237
1.13571
1.73122
1.08076
1.75552
1.62434
1.76821
1.60658
1.47077
1.5228
1.16061
2.54223
1.01829
1.97896
1.61547
1.62316
2.08404
1.27309
1.22745
1.33038
1.81331
2.10624
1.90183
1.92383
1.79217
1.20476
1.43062
1.627
2.21108
1.56723
1.49332
1.11152
1.30075
1.16183
1.27981
1.08959
2.42072
2.56647
1.99185
1.30555
2.19458
1.75031
1.30805
2.44877
1.86953
2.42339
2.3565
1.14744
1.03112
1.07128
2.03757
2.58311
1.51877
1.50743
1.95772
1.56434
1.38608
1.33255
1.19234
2.27502
1.32358
1.21477
1.29026
2.01197
1.16606
1.07818
1.34249
1.18187
1.40793
1.43475
2.04484
1.34742
1.94538
1.78596
1.5093
2.07304
2.30711
1.56409
2.40297
2.2157
1.31126
1.08758
1.16813
1.29203
1.19301
1.58757
1.427
2.13271
1.73307
1.54326
1.30235
2.039
1.69153
1.15585
1.23224
1.62905
1.36867
1.95663
1.08898
1.40399
1.5638
2.34506
1.97733
1.10373
1.16628
1.21851
1.14118
1.74238
1.48421
2.32898
1.11814
1.14422
2.29894
2.49105
1.63782
1.02861
1.0498
1.11098
1.35933
2.37463
1.95311
2.36358
1.69104
1.194
2.32184
1.0263
1.33795
1.60023
1.42091
1.52984
1.1406
1.06582
1.04097
2.51818
1.82552
2.28111
1.75055
1.81772
1.36138
1.05046
1.2015
1.19105
2.19171
1.80073
2.54452
1.54296
1.75636
1.48521
1.57983
1.12257
1.15206
1.66862
1.55463
2.20041
1.78742
2.01608
2.65693
2.37449
1.19705
2.26997
1.3444
1.91039
1.11262
1.17853
1.44115
1.47778
2.18303
2.58831
1.36647
1.06203
1.02734
1.52049
2.07381
2.69854
1.97147
1.0874
1.80852
1.11008
1.1562
1.80061
1.33778
1.89385
1.14959
1.12268
1.62163
1.7429
1.65783
1.98432
2.91713
1.71066
1.53946
1.10601
1.73131
1.20395
1.27501
2.03917
2.40178
1.09905
1.30205
2.23226
2.20091
2.21234
1.27488
1.58521
1.73364
2.14191
1.66556
2.05354
1.50981
2.66327
1.07679
1.58286
1.96565
1.72968
1.18687
2.36467
2.26093
1.92477
1.28019
1.99823
2.02007
2.47032
2.30928
1.10406
1.13068
1.33515
2.16389
1.16624
2.39358
2.28165
1.09989
2.1121
1.62798
1.39223
2.28158
1.16202
1.67327
1.86627
1.32002
2.08658
1.84674
1.05712
2.40717
1.27391
1.78296
1.80487
2.66646
1.25368
1.79086
2.20432
1.38557
1.96469
1.16492
1.61755
1.84903
1.42308
2.3405
1.19913
1.57018
1.58873
1.49306
2.21504
1.33141
2.19352
1.46762
2.12666
2.73968
1.27768
1.3903
1.91712
1.1271
1.57521
2.2537
1.31705
1.85736
1.21945
1.39496
2.15557
1.57723
1.52141
1.41008
2.48476
1.56075
2.00391
1.08576
1.28366
1.26778
1.56381
2.30739
2.58379
1.02665
1.9045
1.13788
1.98894
2.04994
1.65853
1.26932
1.06115
1.57769
1.14116
1.74224
1.74653
1.95018
1.04576
1.70473
1.95513
2.17738
2.26097
1.2795
1.56904
2.24422
1.08381
1.6185
1.67176
2.11992
1.7513
1.09699
1.05
2.17941
1.48011
1.60157
1.20789
1.19848
1.13643
1.80267
1.7886
2.09441
2.39115
1.64323
2.30719
2.06453
2.10535
1.59997
2.37428
1.10954
1.51216
1.12191
1.83818
2.25817
1.27264
1.13725
2.7842
1.80658
1.26577
1.53295
1.64745
1.50769
2.51527
1.13424
1.14704
1.07271
1.19677
2.09504
1.28279
2.50991
1.9946
1.79171
1.14173
1.69441
2.16095
1.18192
1.67316
2.03149
1.99925
2.07692
1.83896
2.0398
1.29731
1.30678
1.73942
1.39697
1.75968
1.55508
2.07414
1.68759
1.08696
1.11902
1.97274
1.37821
1.21063
1.16245
2.07872
1.16157
2.53947
1.10459
1.67653
1.55346
1.6961
2.23643
1.78271
1.1263
1.07825
1.98765
2.49575
1.23939
1.26721
1.52533
1.11179
2.28981
1.45931
2.05002
2.23932
1.70191
1.36846
1.79904
1.46576
1.05472
1.45838
1.28763
1.43245
1.36648
2.40367
1.6961
1.64406
1.14629
1.16496
2.0211
1.86203
2.23293
1.13608
1.93475
2.00149
1.10961
1.57337
1.77573
1.18491
1.56948
1.40163
2.32494
1.17088
1.06743
1.40438
1.56877
2.35906
2.43439
1.6054
1.18359
1.10467
1.66752
2.48401
1.11818
1.13555
2.19123
1.44263
1.18338
1.1022
1.29051
1.35408
1.47256
1.79056
2.08577
1.40997
1.19058
2.68692
1.14316
1.42699
1.04101
2.03818
1.57888
2.02305
1.2825
1.08804
2.09175
1.81254
1.2814
1.55639
2.0851
1.12034
1.25172
1.47147
1.82372
1.10857
1.63456
1.68954
1.75312
1.22148
1.83246
1.15301
1.65186
2.02235
1.45289
1.47733
1.14556
1.07499
1.64583
1.98605
1.23487
1.24285
1.70706
1.21299
1.68122
1.489
2.07296
1.56781
1.71193
2.38011
2.01945
1.27515
1.5805
2.16203
1.18023
1.97661
3.04001
1.04936
1.10161
1.86375
2.29125
1.88638
1.48041
1.85859
1.92429
2.20613
1.82295
1.16217
1.40126
1.96703
1.99707
2.41059
1.18841
1.62811
1.0974
1.09639
1.26399
1.12648
1.11918
1.06848
1.39369
1.42087
1.77948
1.18103
1.26748
1.19714
1.39432
1.72478
2.43046
1.93201
1.13914
1.43411
1.5969
1.41479
1.99356
1.53532
2.79503
1.14154
1.99146
1.63137
1.68437
1.21101
1.76091
1.06323
1.02661
2.64018
1.4668
1.29244
1.29756
1.9193
1.87172
1.49749
1.12996
1.73301
2.31555
1.09743
1.42336
1.6488
1.2732
1.73323
1.24669
2.6509
1.17299
2.66783
1.51401
2.12124
1.27233
1.12751
2.39991
1.19866
1.2506
2.38798
1.998
1.68312
2.32048
1.6804
1.74394
1.17164
1.36183
1.41225
2.13427
1.80655
1.87206
1.71461
1.58408
1.45154
1.14027
1.57294
1.17348
1.30858
1.8336
1.84809
1.4583
1.26394
2.234
2.23484
1.72356
1.1679
2.04182
1.60127
1.54054
1.91976
1.87044
1.41216
2.08661
1.11814
1.42912
1.5955
2.37954
1.49877
1.17573
1.08006
2.20635
1.14345
1.15544
1.55637
1.81165
1.6855
1.0955
1.16279
2.40664
1.4872
1.82424
2.07175
1.06963
2.1851
1.51614
2.16044
1.28235
1.2414
1.8422
1.08583
1.18039
1.56035
1.43892
1.5651
1.74274
1.10528
2.22776
1.0991
1.39182
1.40847
1.15506
1.14088
2.07212
1.81344
1.11025
1.11102
1.52554
2.01291
2.03565
2.19066
2.18448
1.31413
2.0926
1.18344
1.19516
1.25389
1.10336
2.39182
1.90848
1.94895
1.97855
1.02847
1.82464
1.81739
2.33288
1.13066
1.55128
2.13967
1.16704
2.04349
1.44023
1.35946
1.89907
1.97931
2.00836
1.85496
1.49663
2.44959
1.42744
1.13549
2.19828
1.06455
1.91097
1.78696
1.2028
1.2448
1.09756
1.13056
1.15905
1.56764
2.0742
2.68941
1.47931
1.07162
1.31378
1.78147
1.08562
1.55225
1.48431
1.13918
1.7188
1.95313
1.19322
1.8762
1.08533
2.27417
1.15767
1.06778
1.46133
2.14283
2.3316
2.59586
1.27609
1.28119
2.0145
1.48085
1.95848
1.36998
1.92538
1.60368
1.16369
2.00403
1.34956
1.78144
1.20826
1.06962
1.38435
2.07184
1.1642
1.15151
1.13447
1.4027
2.01073
1.76077
1.29248
2.12143
1.19788
2.30081
1.51505
1.29315
2.17076
1.89309
2.07344
1.33454
2.14648
1.87809
1.54405
1.08102
1.82135
2.8395
1.09021
1.1552
2.13603
1.09898
1.46479
2.42498
1.21036
2.3391
2.00573
1.27698
1.03069
2.23124
1.30802
1.27526
1.03538
1.38585
1.29704
2.06714
2.05547
1.23846
2.24353
2.75986
1.15878
1.67753
1.30511
1.46783
1.88063
2.20489
1.50481
1.98848
1.87178
1.21555
1.06894
1.79128
1.43233
1.19715
1.18146
1.49417
1.74936
1.76227
2.60919
1.12482
1.52715
1.31876
2.28835
1.8167
2.24514
2.26367
2.14588
2.67909
1.85455
2.36522
1.05625
2.24564
1.48073
1.75733
1.36162
1.22019
1.26038
1.75455
1.35967
1.04902
1.31626
2.13833
1.63709
1.76217
1.17363
1.22059
2.03539
1.1667
1.35565
1.81643
1.12072
1.72641
1.41476
1.42931
1.43669
1.14011
1.03904
1.23772
1.59587
1.58506
2.41689
2.03946
1.1766
1.61793
1.98276
1.23013
1.53166
2.37617
2.40916
2.04775
1.14302
1.38426
2.15723
1.28332
1.75709
1.33599
2.06164
1.76153
1.20992
1.58574
1.09425
2.62946
2.08543
1.68674
2.66613
1.71012
1.26376
2.34806
1.22095
2.29622
1.38498
1.59755
1.87466
2.21289
1.61411
1.21721
1.1774
1.04978
1.07159
1.65272
2.18771
2.03321
1.38127
1.61431
1.93626
1.14064
1.11662
1.15153
1.93776
1.54598
1.12336
1.1352
1.10715
1.19757
1.86858
2.0963
1.30153
1.23243
2.5963
1.15972
1.92335
2.58393
