1.00835
1.0069
1.00704
1.01008
1.01806
1.00035
1.01228
1.00185
1.00977
1.01406
1.01095
1.00998
1.01298
1.00731
1.00816
1.00375
1.01427
1.00347
1.00297
1.01291
1.00783
1.02301
1.0078
1.00888
1.01184
1.0019
1.01245
0.999898
1.00261
1.00091
1.00314
1.00828
1.00616
1.00987
1.00163
1.00781
1.02395
1.00138
1.00035
1.00245
1.02323
1.00692
1.00474
1.00672
1.00192
1.0018
1.00672
1.00833
1.00154
1.00149
1.00504
1.00438
1.00463
1.00812
1.01836
1.0024
1.00673
1.00636
1.00354
1.00532
1.01251
1.00566
1.00995
1.00854
1.00394
1.00393
1.00257
1.01614
1.00129
1.00122
1.02195
1.00647
1.00373
1.00301
1.00277
1.00613
1.01391
1.00435
1.00488
1.00409
1.00788
1.00549
1.00497
1.00961
1.00349
1.01254
1.00506
1.00577
1.00675
1.00446
1.01037
1.00988
1.00818
1.006
1.00538
1.0084
1.00813
1.00616
1.00729
1.01124
1.00789
1.0067
1.00495
1.01449
1.00697
1.00342
1.00733
1.00491
1.00517
1.00422
1.0012
1.00335
1.02174
1.00266
1.00455
1.01202
1.01486
1.01242
1.00348
1.00363
1.00376
1.01092
1.00626
1.00456
1.00518
1.00517
1.00401
1.02342
1.01062
1.00158
1.00012
1.01258
1.00245
1.00366
1.0133
1.01451
1.00906
1.02008
1.00327
1.00338
1.00199
1.00307
1.01018
1.0061
1.0028
1.00972
1.02147
1.01055
1.00595
1.01313
1.00645
1.00354
1.00137
1.00519
1.00345
1.00184
1.00022
1.01375
1.00311
1.00159
1.0022
1.00792
1.00541
1.00379
1.00684
1.00055
1.0057
1.0083
1.00868
1.00771
1.0051
1.00167
0.999988
1.00983
1.01087
1.00136
1.00269
1.00861
1.00719
1.00196
1.00288
1.00747
1.00823
1.00392
1.00282
1.01489
1.00402
1.00187
1.00527
1.00748
1.00879
1.00273
1.00475
1.00849
1.01031
1.0097
1.00728
1.00641
1.00175
1.01274
1.00593
1.00644
1.00332
1.00718
1.00619
1.00335
1.01179
0.99934
1.02161
1.01024
1.002
1.0068
1.00104
1.00281
1.00993
1.00344
1.00921
1.00249
1.0005
1.01978
1.01414
1.00341
1.00468
1.00823
1.00601
1.00619
1.01259
1.0005
1.00412
1.0054
1.00732
1.00296
1.00231
1.00548
1.01137
1.00691
1.0073
1.00475
1.00457
1.00226
1.01716
1.0355
1.01578
1.00351
1.00359
1.00477
1.00999
1.02107
1.00812
1.00554
1.00046
1.01499
1.01723
1.00178
1.00297
1.00179
1.00233
1.00598
1.00177
1.00197
1.00655
1.0079
1.00234
1.00764
1.00293
1.00921
1.01161
1.00278
1.0069
1.0027
1.00849
1.00891
1.00772
1.00973
1.00926
1.0037
1.00853
1.01005
1.00678
1.00655
1.00755
1.00896
1.00454
1.00844
1.00463
1.00495
1.00723
1.00649
1.00692
1.00514
1.00062
1.00583
1.00851
1.00534
1.01696
1.00073
1.00137
1.00272
1.01722
1.00235
1.01073
1.00136
1.01618
1.00581
1.00418
1.00397
1.00367
1.00283
1.00297
1.01104
1.00188
1.00276
1.00799
1.01261
1.00317
1.00823
1.00168
1.00909
1.0064
1.00259
1.00405
1.00912
1.00529
1.00227
1.00341
1.00655
1.00565
1.0069
1.00458
1.00347
1.00939
1.00944
1.00454
1.00399
1.0099
1.00359
1.01184
1.01288
1.0036
1.00956
1.00801
1.00626
1.00287
1.00859
1.00365
0.998983
1.00293
1.00889
0.999964
1.00418
1.00782
1.00971
1.00305
1.00885
1.0014
1.00284
1.0006
1.00322
1.00354
1.00315
0.999563
1.00338
1.00603
0.999733
1.00583
1.00106
1.00676
1.01192
1.01407
1.01311
1.0068
1.00217
1.01146
1.00886
1.00685
1.00774
1.00422
1.003
1.00274
1.01511
1.00515
1.01148
1.00512
1.00225
1.01837
1.01043
1.01662
1.00054
1.00429
1.00207
1.00322
1.01185
1.00845
1.00502
1.00178
1.00391
1.00217
1.00089
1.00039
1.02224
1.01625
0.999901
1.00923
1.01531
1.0101
1.00392
1.00902
1.00174
1.01262
1.01157
1.01458
1.00214
1.00597
1.00611
1.00497
1.01153
1.00127
1.00139
1.00657
1.0086
1.00562
1.00591
1.00549
1.00943
1.01548
1.01198
1.00473
1.0095
1.00758
1.00426
1.00021
1.00958
0.999868
1.00454
1.00184
1.00118
1.00769
1.01242
1.00612
1.01493
1.00529
1.00272
1.00082
1.00554
1.00318
1.00201
1.01087
1.00296
1.00151
1.00197
0.999976
1.0046
1.00837
1.00416
1.02862
1.0049
1.00263
1.01284
1.01076
1.00239
1.00676
1.0028
1.00229
1.00388
1.01246
1.0031
1.00471
1.02581
1.01664
1.01178
1.00408
1.00692
1.00137
1.00252
1.00316
1.00069
1.01437
1.00265
1.01989
1.0091
1.00823
1.00332
1.0028
1.0036
1.0079
1.01409
1.00949
1.00233
1.0078
1.00545
1.00282
1.00969
1.01478
1.00577
1.00055
1.01053
1.01801
1.00033
1.00302
1.01012
1.00796
1.00374
1.00157
1.00219
1.00462
1.0059
1.02056
1.00367
1.00309
1.00436
1.02069
1.00736
1.02473
1.0015
1.00587
1.00375
1.01389
1.01093
1.00295
1.00785
1.00458
1.0114
1.00492
1.00394
1.01235
1.0062
1.00138
1.00735
1.00176
1.02037
1.00548
1.00268
1.00716
1.01645
1.00263
1.01805
1.00479
1.00122
1.00568
1.01169
1.0105
1.00166
1.00251
1.01299
1.00587
1.00012
1.01531
1.00093
1.01016
1.00614
1.01711
1.00734
1.00527
1.03465
1.00753
1.00513
1.00797
1.00701
1.00018
1.01139
1.00399
1.00454
1.00182
1.00343
1.00102
1.00728
1.00623
1.00383
1.00169
1.00359
1.00317
1.00462
1.00452
1.00488
1.01381
1.00191
1.00449
1.00537
1.00147
1.00504
1.00538
1.00111
1.00206
1.00254
1.01078
1.00436
1.01526
1.00944
1.00772
1.00492
1.00383
1.00909
1.00978
1.01038
1.02193
1.00612
1.00643
1.01298
1.01231
1.0042
1.00447
1.00108
1.00419
1.01582
1.00168
1.0086
1.00852
1.01473
1.00492
1.01595
1.00722
1.00682
1.00305
1.00744
1.00529
1.01117
1.00107
1.00859
1.01957
1.0045
1.00112
1.00114
1.01152
1.0078
1.02328
1.00516
1.0094
1.00345
1.01074
1.00798
1.00524
1.00362
1.01072
1.00205
1.00741
1.00451
1.01754
1.00356
1.00214
1.00271
1.00184
1.00154
1.00332
1.02661
1.00821
1.01698
1.01369
1.00301
1.01151
1.0155
1.00443
1.00858
1.00417
1.00415
1.00173
1.00766
1.01486
1.0023
1.01338
1.00163
1.00105
1.00525
1.00019
1.00532
1.01598
1.0015
1.00025
1.00315
1.00859
1.00023
1.00639
1.00852
1.00836
1.00289
1.00198
1.00286
1.00211
1.00663
1.00538
1.02959
1.00431
1.00643
1.0083
1.0154
1.00987
1.00895
1.01381
1.01209
1.00597
1.00166
1.03027
1.00453
1.01112
1.00708
1.00029
1.02649
1.00627
1.01767
1.0228
1.00506
1.00796
1.00285
1.00036
1.00635
1.00314
1.00648
1.01006
1.00385
1.00652
1.0071
1.0012
1.00236
1.00418
1.00481
1.00353
1.00443
1.00155
1.00429
1.00379
1.01033
1.00823
1.00518
1.00442
1.00177
1.00365
1.01309
1.0111
1.01761
1.01464
1.01276
1.00248
1.01532
1.00344
1.00257
1.00337
1.0018
1.00196
1.00214
1.00106
1.00262
1.00848
1.00605
1.00574
1.00682
1.0059
0.999418
1.00596
1.00042
1.00488
1.00133
1.00424
1.00546
1.00624
1.00107
1.01393
1.00598
1.00389
1.00199
1.00983
1.01095
1.00103
1.00618
0.998513
1.00357
1.00219
1.00464
1.00624
1.00202
1.00431
1.00516
1.00798
1.00367
1.00397
1.02203
1.00609
1.00367
1.00257
1.00829
1.00088
1.00102
1.00094
1.00271
1.00658
1.0028
1.00633
1.00525
1.00356
1.00291
1.01682
1.0031
1.00114
1.00233
1.00339
1.00378
1.00365
1.01783
1.00446
1.00087
1.02073
1.00378
1.01183
1.00176
1.00256
1.01043
1.00484
1.0138
1.00545
1.02332
1.00392
1.00672
1.00692
1.01176
1.01319
1.00339
1.0028
1.01234
1.00375
1.00367
1.00568
1.00392
1.01254
1.01867
1.01437
1.00365
1.00911
1.00687
1.00623
1.0218
0.999977
1.0078
1.00521
1.01118
1.00875
1.00449
1.01166
1.00289
1.00281
1.00291
1.01885
1.01022
1.00131
1.00325
1.00529
1.00458
1.00388
1.00253
1.0194
1.01578
1.00882
1.00173
1.01625
1.00271
1.00445
1.01432
1.01285
1.00319
1.00458
1.0037
1.00383
1.00572
1.00089
1.00046
1.00741
1.01356
1.01951
1.00292
1.00148
1.0044
1.00216
1.00248
1.00306
1.00702
1.00453
1.01214
1.00785
1.00396
1.00493
1.00655
1.00171
1.00255
1.00966
1.00402
1.00581
1.00975
1.00653
1.01185
1.0036
1.00169
1.01335
1.00099
1.00554
1.00491
1.01114
1.01171
1.00188
1.02242
1.00441
1.00605
1.00985
1.00159
1.0027
1.00524
1.00281
1.01884
1.01944
1.00492
1.01233
1.00756
1.00363
1.00181
1.01296
1.00273
1.00301
1.00087
1.00302
1.00367
1.00117
1.00095
1.00276
1.00855
1.01055
1.00526
1.00328
1.00935
1.01073
1.00445
1.00395
1.001
1.00246
1.00388
1.00554
1.0062
1.00483
1.00607
1.00299
1.00158
1.00115
1.00696
1.00893
1.01734
1.00339
1.00498
1.00078
1.00285
1.00996
1.01708
1.00533
1.00402
1.00444
1.00459
1.00636
1.00362
1.01136
1.01237
1.00348
1.00268
1.00539
1.00171
1.00533
1.00702
1.00745
1.00254
1.00393
1.00235
1.0093
1.00473
1.00327
1.0048
1.00826
1.01022
1.00204
1.00873
1.00591
1.0025
1.00886
1.00182
1.01156
1.00452
1.00176
1.00566
1.0001
1.00205
1.00349
1.00638
1.00169
1.00939
1.00222
1.00516
1.0035
1.0037
1.00898
1.01064
1.0064
1.01227
1.00213
1.00749
1.00599
1.00641
1.0111
1.01627
1.0022
1.00427
1.00633
1.0047
1.0093
1.00029
1.00319
1.00172
1.00444
1.01133
1.0019
0.999197
1.00133
1.00549
1.00316
1.00324
1.00041
1.00019
1.00075
1.01112
1.00467
1.00644
1.00371
1.00215
1.0038
0.999169
1.00091
1.00176
1.00144
1.00109
1.00042
1.0064
1.0048
1.01069
1.00223
1.00124
1.01596
1.00061
1.00001
0.999457
1.00871
1.00432
1.00285
1.0045
1.00196
1.00154
1.00091
1.00251
1.00213
1.00044
0.999874
1.00439
1.0033
1.00765
1.00043
1.00207
1.00058
1.00493
0.999034
1.00283
1.006
1.0038
0.999969
1.00058
1.00209
1.00407
1.0027
1.00308
1.00275
1.00037
1.01225
1.00502
1.00276
1.00304
1.00141
1.00314
1.00261
1.00014
1.00395
1.00162
1.00243
1.0038
1.00004
1.00537
1.00149
1.00347
1.00041
0.99996
1.00688
1.00578
1.00713
1.00084
1.00178
1.00067
1.00475
1.00016
1.00675
1.00466
1.00275
1.00768
1.00921
1.00026
1.00039
1.01027
1.00111
1.00658
1.0026
0.999264
1.00719
1.00275
1.00315
1.00026
1.01817
1.00247
1.00321
1.00444
1.01288
1.00879
1.00488
1.00379
1.00358
1.00074
1.00196
0.999976
1.00378
0.999926
1.00456
1.02555
1.01334
1.00232
0.998877
1.00639
1.00098
1.00188
1.00213
1.00644
1.0021
1.00956
1.00186
1.00464
1.00485
1.00276
1.00736
1.00257
1.00332
1.00625
1.00101
1.00287
1.00107
1.00556
1.00401
1.0041
1.0012
1.00113
1.00415
1.00272
0.999831
1.01232
1.00312
1.00028
1.0038
1.00741
1.00335
1.00233
1.00553
1.00269
1.0068
1.00746
1.00567
1.00357
1.00171
1.0061
1.00035
1.01084
1.00993
1.00074
0.99968
1.00322
1.00055
1.00363
1.00061
1.00448
1.00236
1.0033
1.00627
1.00125
1.00146
1.00189
1.00424
1.00152
1.00426
1.00406
1.00274
1.00235
1.00799
1.00054
1.0071
1.00005
1.00171
1.01468
1.00076
1.0009
0.998858
1.00825
1.00095
1.00213
1.00751
0.999596
1.02082
1.00131
1.00131
1.00519
1.00301
1.00169
1.00472
1.00253
1.00289
1.00039
1.00107
1.0211
1.01512
1.00492
1.00603
1.00753
1.00054
1.00439
1.0137
0.999385
1.0006
0.999542
1.00189
1.00209
1.00125
1.00716
1.00092
1.00141
1.002
1.00105
1.00299
1.00162
1.01726
1.02937
1.01545
1.00165
1.00329
1.00333
1.00587
1.01298
1.00214
1.00451
1.0005
1.01748
1.00728
1.00141
1.00184
1.00066
1.00053
1.00085
0.999944
0.999712
1.00444
1.00853
1.00329
1.00482
1.00247
1.00536
1.00209
1.00219
0.999929
1.00113
1.00333
1.0048
1.00182
1.00848
1.00064
1.00013
1.00383
1.0062
1.00124
1.00418
1.00428
1.00314
1.00049
1.01107
1.00478
1.00483
1.00093
1.0009
1.00165
1.00312
1.00035
1.00137
1.00146
1.00384
1.01928
0.999974
1.00179
1.00183
1.00136
1.00391
1.00423
1.00351
1.01207
1.00315
1.00208
1.00081
1.00283
1.00074
1.00321
1.00555
1.00168
1.00413
1.00174
1.00061
1.0023
1.0026
1.00107
1.00413
1.00679
0.99969
1.00582
1.00952
1.00561
1.00102
1.00426
1.00053
1.00567
1.00013
1.00332
1.0011
1.00222
1.00147
1.00081
1.00295
1.00257
1.00447
1.00358
1.01446
1.00329
1.00345
1.00245
1.006
1.00303
1.00728
1.00249
0.997357
0.999702
1.00684
1.00117
1.00607
1.00163
1.00493
1.00071
1.00328
1.00249
1.0006
1.01
1.00076
1.00257
0.999817
0.999354
1.00027
1.00148
0.999592
1.00074
1.00123
1.00412
1.0018
1.01207
1.01536
1.00186
1.00039
1.00157
1.0059
1.00052
1.00819
1.00421
1.00539
1.0004
1.01012
1.00137
1.00406
1.00117
1.00315
1.00486
1.01056
1.01115
1.00076
1.00126
1.00073
1.00004
1.0125
1.00025
1.00181
1.00168
1.00114
1.00021
1.00041
1.00048
1.01437
1.0059
0.999927
1.00777
1.01588
0.998979
1.00394
1.00362
1.00139
1.00826
1.00363
1.00219
1.00155
1.00081
1.00265
1.00728
1.00521
1.00258
1.00009
1.0077
0.999603
1.00404
1.00307
1.00111
1.00312
1.01193
1.00949
1.00015
1.00145
1.00565
0.999657
1.0013
1.00454
0.999646
1.00158
1.00115
1.00017
1.00228
1.00084
1.00414
1.00304
1.00064
1.00063
1.00087
1.00314
1.00017
1.00313
1.00118
1.00277
1.00168
1.00073
0.999139
1.00544
1.01102
0.999145
1.02585
1.00104
1.00045
1.00405
1.00234
1.00298
1.00361
1.00085
1.00163
1.00311
1.00518
1.0015
1.00396
1.01091
1.01589
1.00001
0.999524
1.0088
0.999548
1.00044
1.00318
1.00102
1.01356
0.999911
1.0189
1.00157
1.00077
1.00161
1.00072
1.00056
1.00595
1.0001
1.00061
1.00321
0.999699
1.00256
1.0016
1.00086
0.999927
1.00496
0.99988
1.00879
1.00562
1.00009
1.00066
1.00698
1.00245
0.999816
1.00139
0.999982
0.998548
1.00128
1.01964
1.00192
1.00115
1.00142
1.00182
1.00628
1.01684
1.00192
1.00672
1.00513
1.0018
1.00375
1.003
1.00389
1.00673
1.01207
1.00449
1.00113
1.00376
1.00212
1.0018
0.999475
1.00197
1.01363
1.00253
1.00102
1.00517
1.00557
1.00241
1.00309
1.00226
1.00195
1.00155
1.00638
1.00881
1.00186
1.00114
1.00079
1.0004
0.999938
1.00638
1.00102
1.00375
1.00036
1.01328
1.00139
0.999627
1.02399
1.00058
1.00556
1.00413
1.00701
1.00039
1.00308
1.0026
0.999538
1.00096
1.00151
0.99985
1.00844
1.00078
1.00387
1.00001
1.00201
1.00086
1.00281
1.00003
1.00477
1.01466
1.00092
1.0046
1.00582
1.00175
1.00815
1.00528
1
1.00027
1.0015
0.999134
1.00023
1.0151
1.00228
1.00085
1.0017
1.00586
0.999061
1.00542
1.00394
1.01206
1.00869
1.0026
1.00821
1.00565
1.00414
1.00356
1.00112
1.00481
1.00934
1.00429
1.00433
1.00558
1.00505
1.00166
1.01284
1.00225
1.00219
1.00221
1.00705
1.00129
1.00416
1.00046
1.00059
1.0057
1.00051
1.00233
0.999389
1.00241
1.00214
1.01718
1.00617
1.00261
0.999848
1.00199
1.00099
1.00502
1.0011
1.0036
1.00257
1.00235
1.00472
1.00589
1.00328
1.00209
1.00134
1.00224
1.00102
1.00037
1.01815
1.00375
1.01806
1.01235
1.00445
1.00071
1.01661
1.00273
1.00368
1.00072
1.00223
1.00303
1.00702
1.00714
1.00244
1.01082
1.00163
0.999939
1.00577
1.00114
1.00342
1.01126
1.00109
1.00005
1.0008
1.00289
1.0005
1.00508
1.00165
1.0062
1.0032
1.0011
1.0036
1.00014
1.00109
1.0025
1.00501
1.00097
1.00478
1.00619
1.00741
1.00628
1.00267
1.00189
1.00981
1.00013
1.00219
1.00997
1.00237
1.00232
1.00299
1.00133
1.0259
1.00424
1.01748
1.02111
1.00406
1.00562
1.00192
1.00134
1.00234
1.00003
1.00159
1.00258
1.00274
0.999863
1.0012
1.00264
1.002
1.00015
1.00265
1.00088
1.00133
1.00042
1.00252
1.00499
1.00811
1.00821
1.00329
1.00118
1.00266
1.00176
1.00794
1.00967
1.00805
1.01115
1.00458
1.00084
1.00768
1.00163
1.00115
1.00309
1.00229
1.00125
1.0031
1.00017
1.00143
1.00685
1.00075
1.0016
1.00481
1.00189
1.00295
1.00666
1.00041
1.00218
1.00436
1.0002
1.00614
1.00312
1.00033
1.00415
1.00647
1.00183
1.00155
1.00132
1.00202
1.00096
1.0014
0.99831
1.00003
1.00288
1.00364
1.00223
1.00031
1.00495
1.00327
1.00156
1.00223
1.00475
1.00874
1.00466
1.00221
1.00122
1.00035
1.00081
1.00199
1.00186
1.00194
1.00378
1.00231
1.0042
1.00399
1.00073
1.00218
1.00013
1.00242
1.00378
0.99985
1.00161
1.00206
1.00658
1.01244
1.00016
1.002
1.0116
1.00005
1.00707
1.00036
1.00124
1.00087
1.00181
1.00768
1.00294
1.00608
1.00129
1.00214
1.00023
1.00567
1.01011
1.00097
1.0046
1.00756
1.0014
1.00358
1.00136
1.00107
1.00823
1.0176
1.00186
1.00323
1.00325
1.00208
1.00043
1.02104
0.999901
1.00116
1.00282
1.00137
1.00172
1.00291
1.00195
1.00188
1.00127
1.00113
1.01533
1.00048
1.00344
0.999464
1.00171
1.00613
1.00354
1.00243
1.01328
1.01446
1.00548
1.00115
1.0024
1.00207
1.00143
1.00674
1.0093
1.00555
0.999964
1.00137
1.00125
1.00338
1.00062
0.999827
1.00484
1.00731
1.00666
1.00299
1.00078
1.00122
1.00216
1.00049
1.00283
1.01032
1.00087
1.00021
1.00252
1.00418
1.00505
1.0017
1.00139
0.999989
1.0013
1.00326
1.00001
1.00182
1.0023
1.00009
1.00412
1.00174
1.01181
1.00027
1.00391
1.00087
1.01102
1.00054
1.00019
1.01764
1.0017
1.00182
1.00298
1.00217
1.00057
1.0074
0.999913
1.01737
1.01596
1.00404
1.00697
1.00633
1.00286
1.00405
1.01493
1.00049
1.00158
1.0005
1.00136
1.00227
1.00108
1.00104
1.00191
1.0055
1.00281
1.00096
1.00282
1.00441
1.00308
1.00167
1.00234
1.01002
1.00213
1.00143
1.00599
1.0039
1.00567
1.00439
1.00122
1.00325
0.999762
0.999584
1.00559
1.01184
1.00112
1.00124
1.00233
1.00018
1.00661
1.00779
1.00185
1.00473
1.00165
1.00316
1.00042
1.00144
1.00383
1.00016
1.0014
1.00217
1.00517
1.00142
1.00059
1.00064
1.00154
1.00105
1.00103
1.00034
1.00332
1.00193
1.00268
1.00864
1.00835
1.00221
1.0034
1.01575
1.00262
1.00048
1.00102
1.00141
1.01268
1.00171
1.00093
1.00461
1.00094
1.00132
1.00354
1.00135
0.999943
1.00446
1.00284
1.00097
1.00213
1.00167
1.00151
1.00088
1.00071
1.00677
1.00009
1.00028
1.00359
1.00601
1.00984
1.0033
1.01899
1.02369
1.02016
1.01146
1.01824
1.02636
1.03808
1.01707
1.01027
1.05254
1.01189
1.00974
1.01798
1.01789
1.0137
1.01757
1.01768
1.01044
1.01113
1.01651
1.01248
1.02641
1.01748
1.01357
1.03677
1.01508
1.02322
1.00914
1.02357
1.01347
1.01368
1.01645
1.01069
1.05722
1.01543
1.02271
1.02355
1.02305
1.00792
1.01358
1.01865
1.02068
1.01526
1.01425
1.01369
1.01209
1.01484
1.00907
1.0168
1.01333
1.01255
1.02384
1.01222
1.02549
1.03034
1.04091
1.00706
1.02019
1.01008
1.02552
1.01656
1.02079
1.0135
1.00776
1.01058
1.01453
1.00692
1.01226
1.0083
1.00336
1.02063
1.0241
1.02126
1.01816
1.00636
1.02696
1.03317
1.00987
1.01532
1.01946
1.01118
1.02712
1.00932
1.0403
1.00863
1.03167
1.0131
1.01112
1.01202
1.01999
1.01942
1.00956
1.02533
1.02048
1.01272
1.01289
1.02052
1.0146
1.00558
1.01569
1.01886
1.00839
1.03251
1.01974
1.00653
1.01834
1.01646
1.0132
1.02851
1.01764
1.02716
1.00596
1.04103
1.01652
1.02619
1.02216
1.0224
1.01183
1.0143
1.02282
1.01269
1.00928
1.00537
1.01026
1.01319
1.00889
1.01655
1.07002
1.02653
1.01008
1.01583
1.02158
1.00999
1.01479
1.04101
1.03184
1.0145
1.01327
1.03757
1.01623
1.01473
1.0164
1.02299
1.01128
1.01208
1.01747
1.00967
1.02551
1.00907
1.01508
1.02597
1.01325
1.00904
1.01022
1.02282
1.0104
1.01097
1.01859
1.01422
1.01585
1.02606
1.02316
1.00985
1.01661
1.01455
1.00891
1.02943
1.0186
1.01273
1.01352
1.03382
1.02359
1.00993
1.02809
1.01769
1.01811
1.01489
1.01843
1.01788
1.02089
1.01889
1.01865
1.02989
1.01374
1.04967
1.01706
1.0152
1.03501
1.01896
1.01566
1.02167
1.02424
1.01259
1.00776
1.02759
1.00256
1.02122
1.01077
1.01194
1.02826
1.00817
1.01509
1.00369
1.0289
1.01169
1.02464
1.01772
1.01558
1.04361
1.01001
1.01041
1.02293
1.0273
1.02162
1.01744
1.01652
1.01122
1.00421
1.00873
1.05679
1.02255
1.01806
1.01103
1.03748
1.01323
1.01209
1.02869
1.03245
1.01656
1.01273
1.00902
1.01928
1.00973
1.02496
1.03402
1.00603
1.01408
1.02286
1.01691
1.0471
1.04434
1.04887
1.0362
1.01382
1.01475
1.01282
1.01798
1.02047
1.01681
1.03039
1.01804
1.04179
1.05558
1.00908
1.0242
1.00912
1.00942
1.01554
1.01553
1.02356
1.01327
1.04167
1.01396
1.01996
1.01011
1.02976
1.01403
1.00835
1.01007
1.00975
1.01151
1.01674
1.03235
1.01401
1.02014
1.01403
1.02271
1.02452
1.02155
1.01123
1.01265
1.02019
1.0194
1.02088
1.01348
1.01892
1.02389
1.0063
1.02373
1.0089
1.00606
1.01867
1.01992
1.03834
1.04433
1.01218
1.0098
1.01168
1.01151
1.02439
1.02073
1.01522
1.03112
1.02188
1.01034
1.01105
1.01719
1.01638
1.0113
1.01221
1.01717
1.02275
1.01193
1.01288
1.01676
1.0245
1.03609
1.02261
1.02564
1.00486
1.01795
1.01971
1.01666
1.0088
1.01654
1.01925
1.01514
1.00623
1.02427
1.01079
1.01229
1.01316
1.013
1.01238
1.02707
1.01843
1.0147
1.03211
1.0206
1.01059
1.02196
1.01653
1.01894
1.01629
1.02296
1.00484
1.01502
1.03256
1.00315
1.02456
1.01682
1.00904
1.01112
1.01329
1.0118
1.01411
1.03429
1.00897
1.00637
1.02969
1.0072
1.01047
1.01055
1.01784
1.00883
1.01566
1.01381
1.0047
1.04338
1.02741
1.01392
1.01446
1.0073
1.02594
1.01478
1.02645
1.01867
1.03513
1.00897
1.02459
1.00868
1.00969
1.01165
1.01513
1.01844
1.03015
1.02624
1.01219
1.0101
1.0079
1.00431
1.01929
1.00979
1.01226
1.01542
1.00967
1.00575
1.00647
1.00911
1.04066
1.02191
1.00543
1.02056
1.034
1.00623
1.01061
1.02051
1.01544
1.02813
1.01554
1.01328
1.0089
1.00412
1.0201
1.02702
1.02285
1.00633
1.01341
1.01954
1.01944
1.00776
1.01814
1.01149
1.02452
1.0189
1.01909
1.01422
1.01849
1.02134
1.00737
1.01433
1.00997
1.02041
1.01256
1.01855
1.00605
1.02467
1.0054
1.01933
1.01742
1.0076
1.00588
1.00622
1.00887
1.0084
1.02179
1.02623
1.01308
1.00773
1.0067
1.01383
1.03151
1.01821
1.02283
1.03657
1.01321
1.02152
1.03155
1.00808
1.01914
1.01639
1.01395
1.01966
1.02521
1.02351
1.00961
1.01618
1.02164
1.02624
1.0162
1.02055
1.02527
1.00608
1.01173
1.02185
1.00411
1.02641
1.01684
1.03687
1.01879
1.01001
1.02601
1.01065
1.00514
1.02339
1.01826
1.02615
1.00865
1.0074
1.00948
1.01635
1.00504
1.02619
1.01085
1.01871
1.02269
1.01557
1.00959
1.00918
1.02206
1.00842
1.00799
1.00582
1.01377
1.01566
1.0091
1.02188
1.02681
1.01046
1.01069
1.024
1.02958
1.05097
1.00775
1.02714
1.01856
1.01769
1.01075
1.0167
1.02357
1.02285
1.02024
1.01427
1.01258
1.02279
1.01907
1.01683
1.0109
1.02623
1.02986
1.01878
1.03118
1.01084
1.01023
1.01081
1.02194
1.01223
1.01468
1.01323
1.01648
1.02
1.02234
1.00823
1.02032
1.01045
1.00247
1.02202
1.00597
1.01803
1.01124
1.02812
1.00948
1.01291
1.03379
1.01548
1.02478
1.01532
1.02811
1.0148
1.0087
1.03674
1.01174
1.00722
1.0078
1.0271
1.03992
1.00699
1.01584
1.0122
1.01639
1.01002
1.02634
1.01711
1.02147
1.02589
1.01357
1.01698
1.03633
1.0092
1.02506
1.01643
1.00489
1.01338
1.00708
1.00835
1.01013
1.05123
1.02601
1.02685
1.00748
1.01901
1.01302
1.03199
1.0199
1.024
1.02023
1.01416
1.02085
1.01446
1.0116
1.01054
1.01012
1.02117
1.01384
1.00445
1.03111
1.02593
1.04156
1.01171
1.04221
1.01552
1.02297
1.01717
1.02538
1.02473
1.02209
1.01091
1.02316
1.0246
1.00687
1.01609
1.00798
1.00804
1.01315
1.05054
1.01921
1.01979
1.02322
1.00867
1.01168
1.0119
1.0186
1.01675
1.00701
1.01885
1.02851
1.01944
1.03996
1.01781
1.01354
1.00915
1.0076
1.01123
1.02602
1.01068
1.03228
1.02001
1.02738
1.02111
1.04711
1.02167
1.02868
1.00742
1.01366
1.0328
1.01228
1.01299
1.00493
1.02691
1.01576
1.01064
1.01365
1.01502
1.0151
1.02969
1.00798
1.01373
1.01656
1.0141
1.02704
1.01565
1.02044
1.01764
1.0107
1.01609
1.01502
1.00613
1.01818
1.01289
1.00977
1.01421
1.05598
1.03117
1.01513
1.02084
1.02066
1.01085
1.03007
1.0063
1.01767
1.03425
1.03653
1.02365
1.01336
1.01613
1.04962
1.01629
1.02448
1.03104
1.01226
1.03659
1.01685
1.01134
1.00731
1.01557
1.01207
1.02292
1.01068
1.0083
1.01099
1.02165
1.01313
1.01653
1.01827
1.01328
1.01497
1.00931
1.00938
1.01782
1.01983
1.02392
1.01238
1.00775
1.01585
1.014
1.04268
1.02325
1.03705
1.02238
1.0318
1.02349
1.03452
1.00754
1.00527
1.01188
1.01869
1.00387
1.00967
1.02617
1.00724
1.0124
1.01569
1.01349
1.0155
1.01586
1.01028
1.01282
1.02766
1.01113
1.03128
1.00884
1.01737
1.01557
1.02193
1.01961
1.01251
1.01012
1.00355
1.00651
1.01497
1.01603
1.01182
1.01267
1.0071
1.00812
1.03188
1.01039
1.01587
1.02075
1.01656
1.00575
1.01313
1.02166
1.01383
1.01478
1.00797
1.02998
1.01773
1.01171
1.01994
1.01765
1.0124
1.01551
1.02186
1.02697
1.01661
1.01845
1.03328
1.03434
1.01593
1.01669
1.01589
1.01085
1.01215
1.01215
1.01789
1.00774
1.01296
1.02297
1.00801
1.01742
1.01779
1.00631
1.01064
1.011
1.02401
1.01406
1.01642
1.01755
1.01458
1.00686
1.03884
1.01954
1.0145
1.02726
1.0226
1.01253
1.02148
1.01561
1.01466
1.02516
1.0258
1.0139
1.01345
1.00781
1.01308
1.00743
1.03553
1.00549
1.00521
1.02305
1.01291
1.02136
1.02392
1.03879
1.02195
1.01771
1.01854
1.02649
1.0081
1.01159
1.01312
1.01937
1.01852
1.01888
1.01134
1.04365
1.03819
1.01833
1.01521
1.01805
1.01183
1.01759
1.02057
1.02602
1.01975
1.01262
1.01452
1.0156
1.02285
1.00982
1.00718
1.01304
1.01648
1.01759
1.0263
1.01398
1.00933
1.02319
1.03502
1.00574
1.02341
1.01164
1.00708
1.03084
1.02779
1.01175
1.01263
1.00909
1.01207
1.0073
1.01078
1.02168
1.00815
1.01537
1.00965
1.01813
1.01389
1.02887
1.01233
1.01866
1.00914
1.05883
1.0162
1.02406
1.06186
1.02247
1.01405
1.01204
1.01515
1.0115
1.02701
1.01474
1.04761
1.01879
1.01807
1.0243
1.02261
1.01672
1.01404
1.02673
1.00894
1.01259
1.0067
1.02599
1.01801
1.01103
1.00504
1.02514
1.01263
1.01968
1.01292
1.01578
1.01857
1.02667
1.01245
1.03093
1.02522
1.00911
1.018
1.00943
1.02365
1.03762
1.01713
1.01313
1.01853
1.01298
1.01248
1.02234
1.02144
1.01012
1.00745
1.01802
1.01686
1.01713
1.01683
1.01675
1.04118
1.02263
1.04446
1.00532
1.01
1.031
1.01738
1.00981
1.01797
1.02721
1.01607
1.01306
1.01797
1.00965
1.01056
1.00811
1.01323
1.03485
1.01508
1.01079
1.01828
1.02796
1.02295
1.00957
1.02674
1.01491
1.01075
1.00697
1.01176
1.03981
1.00916
1.02742
1.01412
1.01836
1.01776
1.01966
1.02599
1.0047
1.01312
1.01052
1.00833
1.01518
1.02313
1.01115
1.02278
1.01247
1.01193
1.01061
1.00634
1.02328
1.03565
1.01735
1.01703
1.24085
2.06296
1.35799
1.61598
2.25532
1.28961
1.3516
1.11597
1.14661
2.79182
1.16922
1.17996
1.69105
1.12842
2.17678
1.11696
1.27475
1.73919
1.04185
2.16805
1.25128
1.74136
1.73608
1.32388
2.26962
1.21796
1.18847
1.6176
1.27552
1.14213
1.06627
1.56562
1.83582
2.29909
1.82587
1.27711
2.38372
1.19128
1.69192
1.30589
1.99336
1.51177
2.37806
1.77103
1.37866
1.86874
1.41356
1.07045
1.56528
1.67719
2.08423
2.5701
1.18891
1.38477
1.49027
1.62236
1.22932
1.7626
1.12192
1.85014
1.90265
1.16896
1.11399
1.69374
1.45534
1.31494
1.32172
1.66973
1.97008
1.08373
2.36728
2.08655
1.47206
1.37321
1.41527
1.06522
1.09115
1.35852
1.66788
1.30465
2.72866
2.40922
1.46437
1.56647
1.66335
1.2553
1.92248
1.60725
1.69504
1.1571
2.19951
2.1974
1.79376
1.94983
2.54337
1.6913
1.24713
2.02997
1.42555
1.91973
1.51322
1.27023
2.25915
1.53805
1.64797
1.15958
1.20887
1.56735
1.82606
1.46294
1.52512
1.86725
2.13678
1.61618
1.94723
1.93445
2.08055
2.27087
1.50909
1.99479
1.18949
1.47865
1.31057
1.48063
1.2331
1.3691
1.28368
2.50245
2.31255
1.05486
1.09896
1.78563
1.56282
1.18156
2.33613
1.51725
1.84166
1.70397
1.9013
1.95316
1.41565
2.03923
1.1579
1.0597
1.18862
1.43737
1.06113
2.19329
1.71452
1.07268
1.34979
2.28721
1.07209
1.40668
1.02695
1.07114
1.68372
1.85485
1.4481
1.11106
1.02059
1.71265
2.25472
1.62671
1.60515
1.1839
1.16439
2.4588
2.84505
1.98372
2.50255
1.75299
1.84489
1.74964
1.79011
1.11972
1.16726
2.37632
1.05283
1.61249
1.13531
1.09632
1.06276
1.04008
1.31448
1.22602
1.6289
1.36436
1.68358
1.20741
2.33812
1.15586
2.45883
2.38075
1.61459
1.70217
1.53146
1.22625
1.51116
2.1565
1.1247
2.18729
1.74577
2.07732
1.05542
1.16996
2.34924
1.62951
2.3294
1.86611
1.75944
1.43456
1.89626
1.1232
2.35352
2.04739
1.09559
1.99959
1.165
2.77501
2.34557
1.11069
1.95298
1.57207
1.39952
1.86421
1.95159
1.17252
1.44486
1.80556
1.86467
1.38557
1.17716
1.80822
1.13646
1.87504
1.4518
1.56591
1.79643
2.13198
2.76566
2.86983
2.44288
1.54821
1.08648
1.14229
1.70468
1.92909
1.92016
1.95058
1.26042
2.91137
2.26316
2.07072
2.0354
2.04143
1.32142
1.14236
1.2142
1.08983
1.47726
1.85868
1.23238
1.83234
1.95524
1.21293
1.85209
1.21122
1.13704
1.40666
1.11259
2.06693
1.09455
2.17527
1.39703
1.08039
1.70539
1.2503
1.15051
2.05154
2.47901
1.87974
1.89664
1.51383
1.70868
1.61298
1.20569
2.0861
2.26767
1.74202
1.13362
1.80887
1.2293
1.06334
2.16173
1.08243
1.82001
1.82915
1.08492
1.53053
1.47548
1.35386
2.47687
1.41248
1.08429
1.11092
1.89107
1.19164
1.1503
2.37748
1.30305
1.21609
1.54459
2.14444
1.1474
1.89984
2.26869
1.78096
1.99074
1.37787
2.297
1.98452
1.2647
1.46842
1.3754
1.12162
1.82805
1.69641
2.25939
1.61251
1.51043
1.53285
1.44282
1.53957
1.67674
2.43468
1.34471
2.27733
1.59088
2.08774
1.81688
1.62838
2.15051
2.43739
1.25471
1.09411
1.18129
2.14527
1.76478
1.36553
2.13742
1.9208
1.1321
2.54924
1.39637
1.21774
2.80587
1.81857
1.99491
1.31014
1.1441
1.20419
1.08685
1.14563
1.65609
1.87155
1.93473
1.51475
2.51666
2.48943
1.30742
1.34294
2.07668
1.08247
1.47468
2.2902
1.85631
2.0574
1.1159
1.86769
1.22449
2.04813
1.50307
2.05212
2.62855
1.45901
2.64915
1.06479
1.06518
1.40064
1.14465
1.81139
1.96742
2.3442
1.8133
1.2656
1.15127
2.02422
1.29944
2.50369
1.33016
1.04904
1.51662
2.16417
1.53727
1.37294
2.24418
1.47924
2.40892
2.05222
1.97667
1.44869
2.30808
1.96816
1.05528
1.89041
1.09935
1.90656
1.55537
1.26567
1.92187
1.11134
1.50778
2.22328
1.97851
1.7992
1.40484
2.32716
1.37508
1.11737
1.12046
2.48091
1.24949
1.25631
1.87046
1.46845
1.17295
1.65968
1.27663
1.24759
1.08029
1.37006
1.91958
1.43302
1.71418
1.44974
2.12437
1.61463
1.18578
1.37752
1.71249
1.71444
2.5806
1.65255
2.67526
1.34116
1.70272
1.14625
1.79875
1.83986
1.17012
1.36238
1.63492
1.25775
1.88376
1.74285
1.61271
2.40387
2.27984
1.5782
1.25354
1.09699
1.08395
1.34097
1.61635
1.72566
2.58046
1.48064
2.27613
1.36245
1.19254
1.69772
1.0936
2.28185
1.1963
1.1343
1.13099
1.8289
1.98396
1.10926
1.43674
1.17122
2.39346
2.54875
1.48864
2.28507
1.13547
1.23309
1.10619
1.7236
2.0267
1.11241
1.16565
1.17349
1.08125
1.47796
2.96111
2.21603
1.99972
1.83416
2.14138
2.54104
2.34879
1.64928
2.52621
1.16459
2.22107
1.19661
1.12417
1.4816
1.95386
2.75448
1.76038
1.57836
2.04172
1.58179
1.20994
1.10507
1.17365
1.81898
1.08365
1.17987
1.43693
2.15355
1.15505
1.04883
1.14171
1.29154
1.39833
1.97701
1.52135
1.38506
1.1165
2.36646
1.0412
1.08647
1.71888
1.2457
1.87816
1.06208
2.80817
1.32355
1.15918
2.7478
1.77765
1.47975
1.8102
1.9144
1.3106
1.81211
1.37528
1.54899
1.16919
2.20934
1.58189
1.45187
1.12075
1.601
1.09375
2.01612
1.81887
1.11758
1.15418
1.27661
2.0482
1.29102
1.71185
2.10034
1.19781
1.31444
1.13257
1.20711
1.28517
2.11251
1.31523
1.44164
2.54621
2.40633
1.18461
1.08177
1.49367
1.2546
1.55234
1.37091
2.28488
1.13617
1.10029
1.95221
1.64803
1.82269
1.10542
1.6658
1.76039
1.47306
1.2008
1.49158
2.02944
1.80587
1.17767
1.59792
1.12638
1.29588
1.73701
1.25308
2.03799
1.6436
1.14296
1.47089
1.97242
1.87445
1.07368
1.68891
1.89801
1.61038
2.58192
1.86861
2.63615
1.28926
1.57472
2.00723
2.28499
1.69183
1.35772
1.02032
1.0579
1.34649
1.26384
2.12563
1.87446
1.43322
1.18393
1.58383
1.22056
2.45215
1.97403
1.92431
2.49694
2.11546
2.09408
2.34385
2.45087
1.2049
1.34562
1.65498
1.34808
1.77013
2.07141
1.52755
1.60146
1.68846
1.17198
1.72159
1.30691
1.7115
2.18523
1.23508
1.55907
1.48462
1.23319
2.03891
1.86121
1.46789
1.07787
1.82326
1.13572
1.01247
1.15086
1.82797
1.57189
2.27125
1.22012
1.12295
1.79429
2.02821
1.82052
1.57497
1.91458
2.61964
1.94928
1.10559
2.53068
1.12636
1.08944
1.92394
1.63252
3.11654
2.06563
2.14507
2.05793
2.32381
1.49323
1.49044
1.78821
1.09191
2.24874
1.14883
1.03772
2.56125
1.15119
1.81116
1.15082
1.35079
1.93636
1.4789
1.82966
1.73995
1.9283
1.20398
1.0576
1.92505
1.73892
1.90657
1.28196
1.98475
1.29765
2.19296
2.21665
1.78724
2.00481
1.78973
1.65645
1.08624
1.45445
1.14781
1.21585
1.07473
2.35352
1.49455
1.39919
1.46527
2.49139
1.16458
1.08881
1.17345
2.17873
1.05468
2.02734
1.52861
1.74903
1.32813
1.56469
1.8704
1.56247
1.17733
1.55272
2.05947
1.21857
1.72614
1.37561
1.7323
1.83318
1.3798
1.27623
1.1222
1.38348
1.13986
1.05317
1.41034
1.49213
2.034
2.05741
1.24477
1.2251
2.16613
1.52993
1.5969
1.22096
1.38774
1.44046
1.21822
1.3596
1.73117
2.09346
1.41113
1.52308
1.72526
1.18038
1.64465
1.21401
1.9093
1.1424
1.66003
1.83359
1.21434
2.10254
2.12621
2.41231
1.17387
2.52264
1.03522
1.55326
1.13437
2.00128
1.58706
1.44458
2.54911
2.36099
2.04103
1.05629
1.29041
1.7601
2.23181
1.69906
1.37519
2.03405
2.34189
1.14092
1.44144
2.17256
1.63063
1.81206
2.09522
1.7952
1.35179
1.13155
1.57621
1.08291
2.35378
1.26307
1.49405
2.63673
2.12816
2.43992
2.08878
1.73689
1.20758
2.00363
1.09303
1.75859
1.76859
1.36429
1.28276
1.94385
2.48605
2.17298
1.28581
2.57006
2.45129
1.7343
1.17341
1.41748
1.31147
1.10247
2.29184
1.76931
1.1129
1.16089
1.04536
1.14114
1.91182
1.74342
1.40729
2.20484
2.23984
1.84136
1.34094
1.29746
1.11384
1.14475
1.94703
1.24817
1.81525
2.07909
1.51821
1.05267
2.06288
1.14113
1.3041
1.06936
1.38899
2.18442
1.47447
1.15874
1.89193
1.09859
2.312
2.43372
2.31161
2.56093
1.64964
1.93964
2.03724
1.13229
1.43656
1.96614
2.64699
1.48673
1.23394
1.29993
1.66256
1.23806
1.71544
1.12268
2.24338
1.93821
1.04144
1.48203
1.18278
2.07834
1.83369
2.3986
1.50747
1.8438
1.46926
2.12476
1.10659
1.07994
1.66308
1.08598
1.28127
1.58259
1.12491
1.2802
2.08061
1.47508
1.21148
1.17211
2.14339
1.60909
1.94513
1.75684
1.42371
2.00287
1.04712
1.30057
1.97022
1.7027
1.06944
2.42882
1.67521
1.04543
1.17596
2.00861
1.20229
1.96226
1.9616
2.06468
2.11577
1.09713
1.42172
1.02864
2.37183
2.40541
1.13513
1.67605
1.09033
1.54021
1.34785
1.62531
1.74262
1.45801
1.61852
1.2633
2.07469
1.24245
1.12221
2.14229
1.4018
1.12052
2.20447
1.82563
1.95763
1.59824
1.42796
1.76371
1.74098
1.82233
2.79744
1.11208
1.45957
1.72412
1.10253
1.3967
1.40343
1.17572
2.27886
1.6894
1.80241
2.27439
1.61746
1.13557
1.18387
1.68283
2.35714
1.36812
2.08565
1.20626
1.382
1.96845
1.12435
