1.00624
1.00557
1.0018
1.007
1.00385
1.0031
1.00188
1.0039
1.00371
1.00732
1.02338
1.00793
1.00321
1.00549
1.00223
1.00562
1.0014
1.00823
1.00428
1.00686
1.0073
1.00709
1.00733
1.0038
1.00785
1.00189
1.00388
1.00713
1.01543
1.00168
1.02425
1.00293
1.01586
1.00816
1.00083
1.00857
1.00141
1.01206
1.00586
1.01911
1.00468
1.00335
1.00401
1.00151
1.0079
1.01022
1.01069
1.00117
1.00778
1.00613
1.00479
1.00293
1.00683
1.00626
1.00911
1.00649
1.00123
1.00147
1.01482
1.00264
1.00218
1.00387
0.999137
1.00116
1.01289
1.00793
1.00053
1.00091
1.01508
1.00207
1.00264
1.00652
1.00771
1.00351
1.00699
1.01371
1.00323
1.00027
1.00282
1.0042
1.00058
1.00769
1.00208
1.00221
1.01626
1.00562
1.00207
1.00817
1.00772
1.00356
1.00379
1.0029
1.00408
1.00334
1.005
1.00885
1.00951
1.00404
1.00301
1.00384
1.00959
1.00489
1.00428
1.00363
1.00613
1.00042
1.00281
1.00446
1.00525
1.00159
1.00727
1.00737
1.00703
1.00709
1.01315
1.0029
1.00938
1.00654
1.012
1.01862
1.00517
1.00274
1.0036
1.00437
1.00097
1.01151
1.00821
1.0039
1.00857
1.01532
1.00361
1.00237
1.01065
1.00625
1.00277
1.00451
1.01014
1.00153
1.00895
1.00086
1.00271
1.00167
1.00165
1.00188
1.00564
1.00767
1.01149
1.00558
1.00341
1.00164
1.0083
1.00469
1.01722
1.01618
1.04415
1.00341
1.01043
1.00466
1.00501
1.01563
1.00885
1.00375
1.01286
1.00316
1.00358
1.00508
1.00568
1.0077
1.00231
1.00534
1.00608
1.00377
1.0035
1.00144
1.00688
1.00338
1.00297
1.00568
1.01091
1.0018
1.00093
1.00276
1.00157
1.00411
1.00615
1.0029
1.00379
1.00434
1.00511
1.00659
1.00811
1.01377
1.00193
1.00346
1.00301
1.00209
1.00267
1.00729
1.01519
1.00314
1.00299
1.00157
1.00322
1.00116
1.01076
1.01185
1.00761
1.00738
1.00605
1.00298
1.00972
1.00103
1.00876
1.00346
1.00253
1.0028
1.00597
1.00723
1.00745
1.001
1.00309
1.0155
1.01103
1.00961
1.00058
1.01413
1.00569
1.00811
1.00242
1.00081
1.00396
1.01016
1.01653
1.0105
1.00209
1.0123
1.00377
1.004
1.02591
1.00838
1.00404
1.01087
1.00884
1.00205
1.00586
1.00251
1.00341
1.00591
1.00427
1.00158
1.00383
1.00659
1.01302
1.02283
1.00825
1.01384
1.00617
1.02014
1.0057
1.00358
1.03311
1.00266
1.00386
1.00304
1.00681
1.00584
1.0021
1.00067
1.00423
1.00733
1.0044
1.00374
1.00475
1.00229
1.00791
1.01003
1.00758
1.00025
1.00464
1.00249
1.00262
1.01879
1.00602
1.0029
1.00373
1.00394
1.00354
1.00765
1.01008
1.0079
1.00062
1.00471
1.00287
1.00839
1.01156
1.01226
1.00601
1.01602
1.00229
1.01583
1.00605
1.00201
1.01125
1.00494
1.00232
1.00857
1.01737
1.00619
1.00248
1.00246
1.02066
1.01402
1.00097
1.01321
1.0145
1.01462
1.0121
1.00058
1.00517
1.00942
1.01182
1.00103
1.00314
1.00501
1.00295
1.00451
1.00392
1.00786
1.0005
1.00063
1.00443
1.01499
1.00572
1.01605
1.00114
1.00994
1.00451
0.999574
1.0051
1.009
1.00275
1.0084
1.00567
1.00416
1.00715
1.0158
1.00228
1.00715
1.00505
1.0074
1.0046
1.00559
1.00554
1.00263
1.00577
1.00868
1.00298
1.00588
1.01663
1.02216
1.00251
1.00808
1.01161
1.0068
1.00812
1.00578
1.00538
1.00723
1.00135
1.00347
1.00321
1.00325
1.00588
1.01346
1.00342
1.0153
1.01137
1.00147
1.01469
1.01103
1.00255
1.00904
1.00192
1.00442
1.00578
1.00446
1.00406
1.00279
1.00501
1.00295
1.00721
1.0056
1.00869
1.00654
1.00352
1.00219
1.01686
1.00432
1.00201
1.01033
1.00539
1.00317
1.01817
1.0043
1.01486
1.0036
1.00551
1.00685
1.00997
1.00494
1.00222
1.0081
1.01072
1.00209
1.00543
1.00068
1.01187
1.00103
1.00856
1.00503
1.00492
1.00417
1.01154
1.00966
1.023
1.00411
1.00362
1.0072
1.00832
1.00267
1.00428
1.00341
1.00237
1.00421
1.00607
1.00811
1.00899
1.01334
1.00593
1.00631
1.0082
1.00393
1.00164
1.00243
1.00593
1.00212
1.00223
1.00859
1.00219
1.01825
1.01235
1.00684
1.00165
1.01223
1.00019
1.01037
1.0536
1.00312
1.00036
1.00227
1.00771
1.00392
1.00697
1.00839
1.0026
1.00836
1.00016
1.00274
1.01195
1.00296
1.00891
1.00859
1.01387
1.00758
1.01341
1.00478
1.00318
1.01067
1.00264
1.00351
1.00145
1.01676
1.00565
1.00093
1.00323
1.0067
1.00294
1.00763
1.00329
1.00797
1.01168
1.02217
1.00434
1.00855
1.00373
1.0193
1.00132
1.00311
1.0009
1.00858
1.00187
1.00477
1.00103
1.00115
1.00641
1.00529
1.00042
1.00144
1.00572
1.00028
1.01157
1.01337
1.01385
1.00403
1.00518
1.00928
1.00593
1.00898
1.01776
1.01445
1.0076
1.00785
0.998956
1.00756
1.00568
1.0016
1.01249
1.00766
1.0073
1.0056
0.99997
1.00653
1.00993
1.00239
1.00169
1.01132
1.01555
1.00396
1.00208
1.00404
1.00513
1.0051
1.02117
1.00299
1.00822
1.00427
1.00633
1.00527
1.01289
1.01116
1.00499
1.00483
1.0034
1.00866
0.998602
1.0031
1.00395
1.01349
1.01727
1.0125
1.01822
1.00452
1.00402
1.02964
1.00913
1.01185
1.00784
1.0122
1.00067
1.00324
1.00882
1.00634
1.001
1.00569
1.00006
1.00202
1.01364
1.00776
1.01841
1.00555
1.00559
1.00189
1.00327
1.00434
1.00805
0.999779
1.00376
1.00454
1.00322
1.00889
1.00244
1.00616
1.01261
1.0054
1.00328
1.00355
1.00505
1.00429
1.028
1.0075
1.01005
1.00354
1.00361
1.01724
1.00185
1.00662
1.00886
1.00474
1.00906
1.0022
1.00365
1.00643
1.00382
1.00476
1.00796
1.00575
1.0015
1.00623
1.00707
1.00655
1.00181
1.00903
1.00375
1.01143
1.00449
1.00909
1.00301
1.00405
1.0056
1.00425
1.0155
1.00711
1.00582
1.00405
1.01598
1.0043
0.999412
1.01624
1.00484
1.00187
1.00463
1.00738
1.01561
1.00191
1.00811
1.00476
1.01092
1.00462
1.00187
1.00951
1.00652
1.00118
1.00129
1.00441
1.00647
1.00749
1.01233
1.00301
1.00286
1.01113
1.00134
1.00546
1.00813
1.01421
1.00751
1.00562
1.0015
1.00365
1.00883
1.00764
1.00478
1.00244
1.00543
1.00268
1.0102
1.00578
1.00144
1.00169
1.00312
1.00507
1.00584
1.01011
1.00603
1.01981
1.00396
1.0018
1.00325
1.00243
1.00058
1.01878
1.00446
1.00317
1.0095
1.00346
1.02263
0.998707
1.00597
1.00347
1.00973
1.01229
1.00363
1.01107
1.00188
1.00179
1.00254
1.00524
1.0051
1.00675
1.006
1.00965
1.00257
1.0194
1.00148
1.00283
1.0023
1.00563
1.00612
1.00692
1.00206
1.00518
1.00455
1.00508
1.00397
1.00197
1.01289
1.00494
1.00399
1.00412
1.00765
1.02357
1.01273
1.00457
1.00298
1.00238
1.00432
1.01661
1.00628
1.0056
1.01199
1.0043
1.0008
1.00288
1.00488
1.00159
1.00268
1.00585
0.999964
1.01219
1.01149
1.00536
1.01106
1.00766
1.00048
1.01209
1.00776
1.0061
1.00345
1.00066
1.01257
1.0103
1.00093
1.00105
1.01429
1.00292
1.01046
1.01329
1.00007
1.00096
1.01263
1.00569
1.00822
1.00672
1.00562
1.00686
1.00205
0.999652
1.00633
1.00565
1.00526
1.0026
1.01414
1.00879
1.00862
1.0082
1.00103
1.02709
1.00568
1.00316
1.00349
1.01207
1.00559
1.00801
0.999549
1.00269
1.00688
1.00375
1.00155
1.01019
1.0035
1.00799
1.00571
1.0157
1.01024
1.00821
1.00805
1.01614
1.00684
1.0067
1.0077
1.00209
1.00406
1.00966
1.00552
1.00953
1.00415
1.00665
1.00124
1.0114
1.00282
1.00435
1.00767
1.00285
1.00512
1.00225
1.00164
1.00237
1.01863
1.00182
1.00567
1.00291
1.00833
1.01019
1.00615
1.00415
1.01119
1.00556
1.00056
1.00104
1.00125
1.01389
1.00507
1.00311
1.02358
1.01119
1.00545
1.00365
1.026
1.01371
1.01101
1.00454
1.00619
1.00498
1.01795
1.00165
1.00268
1.00718
1.00492
1.01348
1.00432
1.00608
1.00745
1.00226
1.00352
1.00106
1.00641
1.00229
1.00329
1.00373
1.02832
1.00833
1.00845
1.00165
1.00112
1.00181
1.00793
1.00712
1.00299
1.00202
1.00823
1.00287
1.01239
1.01123
1.00238
1.01608
1.00803
1.00611
1.01035
1.00088
1.01969
1.0065
1.00264
1.01967
1.00899
1.00014
1.00502
1.00425
1.00125
1.00312
1.00497
1.0044
1.00741
1.01071
1.00272
1.00372
1.00359
1.01103
1.00674
1.01738
1.00293
1.00411
1.00348
1.00356
1.00531
1.00381
1.02097
1.00278
1.011
1.01033
1.01371
1.00671
1.00147
1.00281
1.00473
1.01128
1.0198
1.01797
1.02334
1.01707
1.01282
1.00384
1.00434
1.00407
1.00363
1.00907
1.00868
1.00071
1.00324
1.01326
1.00227
1.00573
1.01775
1.00615
1.00744
1.01819
1.0116
1.0052
1.00364
1.00048
1.00516
1.01203
1.00138
1.00633
1.00525
1.00955
1.00362
1.00652
1.0126
1.00691
1.00407
1.00068
1.00023
1.00138
1.0019
1.0102
1.00508
1.0127
1.00221
1.00737
1.01029
1.00687
1.00687
1.00907
1.00257
1.00501
1.01028
1.00202
1.00104
1.00953
1.00471
1.00356
1.00304
1.02067
1.01751
1.00363
1.01019
1.01281
1.00405
1.00591
1.00806
1.01308
1.00432
1.00214
1.00514
1.01439
1.00328
1.00378
1.00621
1.01552
1.002
1.00771
1.80811
1.71786
1.60063
1.45085
3.18783
2.98616
3.16344
2.78343
2.80084
2.82566
2.31961
1.76946
1.73104
2.59642
2.07968
1.66831
3.05445
2.88552
1.38241
2.65561
1.97478
1.41884
3.29442
2.11629
3.09305
2.43592
3.02955
1.43366
1.96964
1.76977
3.41333
2.61389
3.18937
1.42153
1.44816
3.20783
2.65818
2.55552
2.49596
1.46279
2.75203
1.3638
1.71528
2.48066
2.09608
1.79038
2.96361
1.64216
2.21398
2.42375
2.30143
1.36354
2.62641
1.54451
2.48716
2.34918
1.13791
1.42053
3.25003
1.64586
1.73944
2.63698
1.65126
1.99858
1.50859
3.01612
2.23494
1.85919
3.22506
2.56572
3.00061
2.90409
1.87623
1.26194
3.11372
2.11908
2.38112
2.14152
2.67272
2.22223
2.32541
3.27938
3.42554
1.35872
3.03982
1.93024
1.92207
1.19342
1.65064
1.93628
2.20749
2.02755
1.10387
2.77113
2.87881
1.44432
2.20326
1.44157
3.1524
2.11137
2.58593
1.52186
1.13394
1.6842
1.42563
3.12106
2.44832
1.33266
2.6964
2.2663
1.44673
1.26552
1.38466
1.58145
2.60961
2.56304
2.264
1.77336
3.05346
2.9446
2.40058
1.51573
2.22098
1.86777
1.56496
2.60221
2.56677
1.15562
1.89166
2.69396
1.19146
1.05737
1.95857
3.54262
2.08735
1.38227
2.86995
1.60775
2.47117
1.7126
2.23168
1.66681
2.14101
2.51296
2.80982
2.70441
3.07711
2.56201
2.19936
1.59481
3.26811
1.30398
1.50835
3.22734
3.28595
3.29123
1.49612
1.3947
2.62291
1.2775
1.83324
1.79322
1.78269
2.7023
2.57433
1.14462
3.02892
2.10837
3.14474
1.34082
1.52724
2.84891
1.61409
2.95854
1.43561
2.56764
3.1304
2.50856
2.60308
2.11507
2.49161
2.83713
2.79652
2.19651
2.31177
2.01898
1.9728
1.92228
2.19661
1.24019
1.4961
2.45715
2.3367
1.061
3.17659
3.03685
2.56219
2.1009
3.15067
1.9984
2.71709
2.88326
2.69626
2.50892
2.80897
3.11995
3.01876
2.9753
2.06228
2.37703
1.8838
2.27461
2.46039
1.67094
1.98206
1.81494
2.72509
2.31341
1.83529
2.72223
2.57528
3.15032
2.68655
3.09319
2.64155
2.57847
3.12761
1.84202
2.09756
2.47577
2.56838
3.07282
2.79077
2.00446
1.33489
2.6521
1.64231
2.46273
3.52081
2.53387
2.37003
2.53364
2.83204
1.65896
1.78528
1.19375
2.10732
1.77261
1.98499
2.58502
1.18597
3.37002
1.42453
2.67608
1.28806
3.37896
3.03858
2.70873
1.58948
1.80273
3.48602
1.28158
2.90892
1.8566
2.38563
3.04122
2.11949
1.36378
3.36102
2.81922
2.08959
2.61702
2.18391
2.77415
1.17737
1.8656
2.59693
2.19009
2.09504
1.97978
1.95175
1.83219
1.73223
2.05283
1.66583
2.20617
1.44834
2.44304
2.9482
2.20581
1.38262
2.25306
2.29254
2.04946
1.82889
3.09969
2.49141
2.82096
1.56647
3.25634
2.46438
2.95791
1.90422
2.28228
3.0741
1.60483
2.96553
1.64308
3.37692
1.56583
3.02659
3.52481
2.90286
2.05962
3.37153
2.30651
2.36235
3.15339
2.23579
2.62769
2.21018
2.19665
2.9384
2.37405
2.01519
2.35981
2.61174
1.81916
1.886
1.22573
2.61303
3.16397
2.57696
3.56748
1.76405
3.15585
3.07581
1.24736
3.11625
2.77499
1.93332
1.96829
2.25314
2.83903
2.26405
1.67243
1.11667
2.21072
2.20512
1.11037
2.54985
3.30843
3.23272
1.05138
1.77142
2.22093
2.67031
1.98402
2.83934
3.10183
2.30374
2.20017
2.77382
2.51036
1.17877
2.00282
1.63249
2.36429
1.69103
2.26741
2.01533
1.93342
1.1023
1.65561
2.07506
2.86817
2.37137
1.8439
2.98137
2.69632
1.09512
3.08225
1.99686
2.12284
1.29343
2.18439
2.24943
2.59111
1.41955
2.19666
2.16248
2.69581
3.06748
1.96573
2.61326
1.42465
3.49552
3.44848
3.06728
2.72072
1.56296
3.41706
3.26024
2.79283
1.77194
2.12205
1.06583
1.28851
2.91988
3.00934
1.30972
1.34391
2.99038
1.97057
2.85266
2.15356
3.05965
2.64861
2.4141
2.14717
3.27411
1.21733
2.07477
2.74432
3.3929
2.54107
2.78327
2.36572
2.34506
2.14695
1.22399
2.75684
1.21519
1.99783
2.01696
1.96211
1.71336
2.47017
2.21912
2.5285
3.27829
2.67634
2.05783
2.51581
1.62277
1.94397
2.25114
2.27679
2.55643
2.28173
1.91454
2.19751
2.14137
2.11246
2.00552
2.60402
3.5075
1.94655
1.71429
1.81218
2.56286
1.42788
1.47045
1.99473
1.21664
2.24725
2.0658
2.72187
3.32087
2.07407
1.43208
3.41338
1.62801
2.20029
2.82371
3.15346
1.11153
2.90182
2.73123
1.52287
1.27827
2.96332
2.52922
2.82423
2.75206
1.15545
2.64075
1.58144
3.05842
2.55524
3.06993
1.16948
1.87961
2.39205
2.58938
2.92664
2.59809
2.19855
1.14769
2.10101
1.68247
1.90895
1.02969
3.02907
2.88746
3.03307
1.11503
3.55104
1.94305
1.31395
1.30921
2.08099
3.20368
2.52698
2.71762
2.83737
2.21981
2.05707
3.66763
1.83611
1.45979
1.35092
1.6722
1.73303
1.9505
1.43126
2.9442
1.87813
2.06863
3.23993
2.8598
2.04468
2.99984
1.06669
1.42909
2.91061
1.89674
1.47995
1.30064
2.56557
2.28225
2.10351
2.81205
3.11435
2.46366
2.97131
1.52131
1.74437
2.50426
2.69445
1.86499
1.2307
2.02643
2.03478
1.15433
1.78757
1.27102
2.60508
2.10309
3.08554
1.15242
1.54283
2.37267
2.49503
2.95341
1.8189
2.11384
3.27704
1.39554
1.78233
2.7017
2.44287
1.76224
1.73562
2.35127
1.81887
2.71587
2.25112
1.95347
3.12717
1.80767
2.72729
2.20804
2.4557
1.27569
1.94325
2.59141
3.3927
3.25169
3.24038
2.64047
3.62049
3.08383
1.7612
2.33898
2.07452
2.76664
2.89726
3.28851
1.83074
3.09064
3.33349
2.83265
3.15858
2.87262
2.17323
3.02226
2.30303
1.96207
1.68503
2.00298
2.34547
2.57538
2.75664
2.6185
2.79813
2.35802
2.20979
1.34901
1.51625
2.27612
1.45246
3.17969
1.7277
2.12336
2.19319
2.61807
1.60021
1.67124
2.4813
3.29441
2.76003
2.51765
1.20008
2.63262
2.14138
1.30683
2.46758
2.20768
2.73871
2.09872
2.81623
2.77781
1.55315
2.236
2.1274
2.00438
1.22623
1.14036
1.33973
2.48881
2.56373
1.30711
1.92795
2.39693
1.27078
1.93593
2.73367
2.95891
1.8364
2.09182
1.99891
2.16487
2.97829
3.21832
2.86932
2.83869
2.13405
2.80449
2.65544
3.13522
1.86045
2.71213
1.8547
1.62954
2.02948
1.67709
3.34667
1.78309
2.3104
1.5456
2.69158
1.4458
3.54507
2.77469
2.4525
2.36119
1.79446
1.26836
3.27058
1.16504
2.46685
2.88391
2.50088
3.75202
2.57135
2.06015
1.88105
2.25288
2.33985
3.15837
2.00011
2.67637
1.22903
2.06169
1.56922
1.87512
2.95004
2.1172
1.15494
1.81106
1.44788
2.46045
1.25873
1.62716
2.12411
2.78935
2.63023
2.88982
1.88363
1.6316
2.49657
1.86531
2.67904
2.42221
1.73288
1.74653
1.72775
1.64635
3.3802
1.25936
2.82054
1.6473
1.71548
1.51537
1.86616
2.93134
1.70282
1.94654
3.12148
2.2105
1.51232
1.2117
1.21668
1.8033
1.5821
1.61342
2.16237
2.95467
2.00946
2.76999
2.9267
2.77171
2.2169
1.91474
1.67992
3.21543
1.59654
1.84012
2.6345
1.73155
2.67076
2.69263
1.50727
2.63964
1.60415
1.2482
1.15164
3.2875
2.79815
2.58463
1.85477
2.53747
2.74498
1.19671
2.21137
2.59985
1.70121
2.42982
1.96823
2.78752
3.29665
1.83089
3.18417
2.09772
3.49219
1.65933
1.71134
1.70671
2.06131
2.70601
2.1692
2.09358
1.24086
2.44371
1.4312
3.01363
2.98501
1.56106
1.45009
1.86512
3.00306
2.79375
1.93565
2.14261
2.52693
1.95227
3.24022
2.83321
1.24635
1.40669
2.15828
1.9317
2.87553
2.37838
1.55653
2.49167
2.24637
2.34261
2.63156
2.56979
2.08421
1.71119
1.4322
2.02542
2.50819
2.04958
1.52892
2.70577
1.85323
1.18355
2.57745
2.42354
2.43313
1.85795
1.39145
1.19509
2.7195
2.16294
3.08943
1.32214
3.1167
3.2296
2.98818
3.13579
2.99126
3.17261
3.16127
1.9757
1.63967
2.44728
2.89597
3.40546
1.28341
2.26586
2.10442
2.45377
3.17153
2.52695
1.21323
2.71735
1.98806
1.92624
2.214
1.52047
1.38656
1.6244
1.73685
3.08897
2.57275
2.64966
2.91059
3.18497
2.22976
2.06479
1.86231
2.12637
3.23633
2.23511
1.19093
2.28238
2.09017
1.70988
2.78328
1.98542
2.07235
2.03551
2.89995
2.79446
1.13637
1.55434
3.11384
3.38065
2.32091
2.55797
2.57036
1.50743
3.18047
1.90975
1.72597
2.76645
3.18909
2.10795
2.10049
2.06254
2.46122
1.15285
2.43568
1.71299
2.47924
1.18811
2.13648
2.43324
2.4653
2.13801
2.64811
2.26028
3.3638
3.00235
1.95614
1.78576
1.88981
1.854
2.0567
3.13393
3.51187
3.41166
1.80373
2.93659
2.61113
1.41096
2.36441
2.67691
2.68041
2.47279
1.26884
2.94475
2.00885
2.45048
2.14086
2.41128
1.64151
2.57858
3.18393
1.62924
2.4483
2.65826
2.01918
1.31952
1.80009
1.08376
2.76304
1.56694
2.14095
1.12512
3.38391
2.58959
1.89845
1.8396
2.04347
1.53473
2.84044
1.79753
2.36595
2.89253
1.60713
1.48395
1.34757
1.20895
1.88296
2.62359
2.70775
2.39159
2.57494
1.41833
1.73585
2.18332
2.28084
1.71249
1.23815
1.79405
2.28328
2.70913
1.42282
2.90532
3.07697
1.10592
2.01463
2.68855
2.25919
2.6992
1.81419
2.32813
3.10298
2.42491
1.34336
1.25491
1.91845
1.52526
1.56497
1.99896
1.9147
2.06425
1.54088
3.33402
3.03523
3.33129
2.99006
2.99948
2.90073
2.33402
1.85666
1.87348
2.79023
2.22119
2.10812
3.36376
3.20786
2.10164
2.84598
2.23581
1.49183
3.38802
2.52425
3.37687
2.99911
3.19577
1.5687
2.30639
2.18649
3.71322
2.75254
3.43586
1.52104
1.63146
3.45924
3.13108
2.83273
2.73447
1.49236
3.54123
1.37667
2.00311
2.85132
2.24406
1.84003
3.49891
1.74332
2.26262
2.53583
2.65668
1.70748
2.78144
1.67844
2.48716
2.59627
1.50143
1.70442
3.35902
2.30939
1.90402
3.08448
1.79829
2.29483
1.69616
3.07771
2.57702
2.08706
3.41275
2.58881
3.3655
3.12217
1.89442
1.27584
3.31429
2.20054
2.49016
2.33346
3.16524
2.35685
2.63104
3.3658
3.74794
1.40335
3.23254
1.97099
1.97783
1.40732
1.68108
2.24568
2.43728
2.4958
1.30961
2.85526
3.15734
1.46632
2.2689
1.50017
3.59532
2.2978
2.65431
1.57648
1.22143
1.75878
1.89289
3.36413
2.57167
1.38437
2.97475
2.59242
1.54001
1.33237
1.47006
1.60155
2.68117
2.95563
2.48146
1.93273
3.1372
2.96261
2.45986
1.75148
2.27676
1.93696
1.85762
2.64293
2.75342
1.37137
1.9674
2.724
1.61539
1.27537
2.11238
3.66536
2.54331
1.83759
3.09603
1.74134
2.71749
2.01666
2.34102
1.89682
2.34578
2.90292
2.90724
2.72021
3.42513
2.90535
2.24997
1.62555
3.59175
1.32879
1.66125
3.49437
3.76355
3.42516
1.69501
1.53927
2.78047
1.38566
1.94765
1.92411
1.92907
2.88373
2.77888
1.17742
3.18512
2.31816
3.54928
1.43286
1.65154
2.92492
1.71438
3.29713
1.66358
2.98836
3.31085
3.13205
2.62903
2.58452
2.94926
2.92659
2.90317
2.49332
2.74247
2.11615
2.25942
1.94615
2.29356
1.45777
1.58959
2.61765
2.6454
1.19812
3.5613
3.56166
3.22586
2.45376
3.21143
2.06849
2.93365
3.44475
3.43397
2.62607
3.07507
3.13844
3.01876
3.4198
2.33018
2.84467
1.90685
2.98026
2.48023
1.74377
2.27973
1.81494
3.05654
2.46768
1.83529
2.97025
2.63784
3.21958
2.68655
3.51415
3.04884
2.62545
3.47167
2.27701
2.3965
3.30925
2.63442
3.40514
2.81765
2.17909
1.40596
2.75709
2.06251
2.4996
3.59612
2.72356
2.64985
2.75871
2.90054
2.2559
1.87119
1.27872
2.26024
1.77261
2.54216
2.96067
1.34487
3.70483
1.42453
2.70379
1.5179
3.47623
3.10712
2.70873
1.87493
1.8999
3.48602
1.4195
3.03318
1.90355
2.52635
3.24914
2.44418
1.99129
3.5166
3.00893
2.16981
3.09679
2.37602
3.04961
1.21434
1.8656
2.63546
2.53274
2.20652
2.08086
2.3392
1.86387
1.84595
2.60498
1.7913
2.55973
1.58959
2.5146
3.03857
2.22991
1.87833
2.50158
2.7703
2.37045
1.8909
3.11271
2.54571
3.11726
1.77279
3.35781
2.6056
3.36909
2.04393
2.70325
3.35242
1.71098
2.96553
1.73675
3.63422
1.64889
3.11636
3.70197
3.2795
2.20638
3.40122
2.42775
2.44289
3.34281
2.40046
3.19093
2.62643
2.29118
3.16399
2.52931
2.18463
2.84984
2.9504
1.84128
1.98093
1.60385
3.06243
3.18935
2.90039
3.62525
1.87983
3.40787
3.27166
1.42699
3.51446
2.81227
2.27047
1.99772
2.36308
3.0455
2.30613
1.73582
1.12221
2.22711
2.31787
1.31582
2.86214
3.49306
3.44871
1.12628
1.85371
2.25393
2.84878
2.54608
2.88024
3.10183
2.56544
2.39075
3.4225
2.72428
1.26015
2.50134
1.91047
2.38497
2.77526
2.3783
2.05063
1.95247
1.19539
1.86221
2.09903
3.05601
2.42115
2.29883
2.98137
2.7215
1.24484
3.19472
2.09022
2.18545
1.30687
2.55827
2.28921
2.86925
1.42825
2.5073
2.20772
2.80623
3.07678
1.99258
3.10818
1.60247
3.56971
3.55888
3.53058
3.01584
1.99852
3.53284
3.27788
2.9562
1.86615
2.21429
1.11902
1.48441
3.07861
3.38909
1.4733
1.46355
3.58015
2.19688
3.27043
2.26812
3.13848
2.99393
2.54896
2.16791
3.43887
1.44953
2.67701
2.76492
3.48065
2.84493
2.92371
2.41036
2.44564
2.39854
1.37745
3.28257
1.30773
2.31314
2.53035
2.12822
1.86105
2.47017
2.31707
2.66457
3.46579
2.92735
2.11505
2.61517
1.76156
1.99601
2.29925
2.72223
2.7422
2.33242
2.08137
2.44538
2.57553
2.21396
2.09579
3.13287
3.5852
2.14341
1.81607
1.81218
2.96181
1.4688
1.4997
2.20323
1.55226
2.47528
2.31124
3.13498
3.43451
2.36927
1.63754
3.51443
1.76764
2.7661
3.10699
3.35572
1.39957
2.90182
2.9895
1.58101
1.30473
3.1278
2.61498
2.97014
3.03905
1.17794
3.44882
2.25331
3.24535
2.7805
3.21974
1.35376
2.77121
2.50808
3.04853
2.92664
2.71964
2.28815
1.26811
2.41586
1.75987
1.94657
1.10182
3.56727
3.64094
3.25186
1.31186
3.7324
1.98122
1.47466
1.44058
2.18992
3.22449
2.88963
3.08288
2.9242
2.72685
2.14355
3.81469
1.85732
1.89924
1.39199
2.08012
1.7886
2.15549
1.5199
2.9442
2.19273
2.16869
3.42753
3.41349
2.06232
3.08479
1.23537
1.64405
2.91061
2.09265
1.76002
1.64036
3.04796
2.53946
2.2968
3.00943
3.84256
2.88983
3.36617
1.7259
1.89181
2.55959
2.71117
1.97465
1.36137
2.02643
2.30456
1.4907
1.93463
1.35223
2.69765
2.11937
3.15908
1.23422
1.6123
2.52232
2.49503
3.22378
1.88272
2.14167
3.50657
1.89884
1.81547
2.77766
2.72435
1.84886
2.4164
3.03282
2.32257
3.08364
2.29867
2.05432
3.35285
1.98628
2.91383
2.34703
2.69434
1.61531
2.04758
3.19123
3.59523
3.58495
3.56215
3.30496
3.74401
3.13721
2.07969
2.63795
2.24626
3.20354
3.10243
3.36744
1.87793
3.3993
3.44357
2.92266
3.15858
3.72262
2.57784
3.15386
2.5789
1.98927
1.80949
2.14431
2.56352
3.14004
2.90453
2.86151
2.84464
2.67876
2.4603
1.34901
1.53966
2.74653
1.68955
3.6183
1.91365
2.50181
2.21374
2.72579
1.96774
1.95455
2.79554
3.32692
3.20125
2.75807
1.20008
2.65058
2.18199
1.41493
2.66146
2.24791
3.23749
2.54746
2.85071
2.91098
1.6146
2.42298
2.28146
2.01565
1.34639
1.1535
1.46678
2.80781
2.67728
1.40225
2.14476
2.71908
1.31083
2.0782
3.00252
3.19707
1.86332
2.23828
2.10931
2.21892
3.02628
3.39442
2.9737
3.07765
2.5622
2.82491
2.65544
3.4424
1.94076
2.92635
1.98415
1.73139
2.07823
2.12487
3.70266
2.01415
2.79803
1.58038
2.69158
1.6641
3.60745
3.0942
3.55931
2.57631
2.08044
1.46049
3.27058
1.25682
2.82511
2.95217
2.56381
3.79084
3.01038
2.14311
2.36137
2.38217
2.4728
3.66275
2.38112
3.15198
1.40771
2.42593
1.65621
2.17432
3.10604
2.3802
1.20635
2.01546
1.45721
2.57886
1.42095
1.72542
2.41749
3.10667
2.88382
3.19602
2.00671
1.97461
2.55569
2.03266
2.91485
2.71752
1.81812
1.98338
1.77924
1.83293
3.3802
1.29785
3.01184
1.90217
1.82927
1.56203
2.06856
3.18146
1.9791
2.0258
3.62557
2.60372
1.56595
1.37848
1.3182
1.98925
1.64504
1.91045
2.24669
2.95467
2.09127
2.80391
3.23814
3.38518
2.41964
1.91474
1.80612
3.49959
1.809
1.86305
2.75027
2.1177
3.78828
2.82498
1.99689
2.70139
1.88443
1.80933
1.28225
3.625
2.99832
2.63198
1.99336
2.62526
2.8939
1.22759
2.67359
2.65673
1.85815
2.71617
2.01493
2.84713
3.3821
1.89401
3.40869
2.34915
3.52579
1.70794
1.71134
1.86097
2.08139
2.82324
2.1692
2.45237
1.24086
2.53673
1.53323
3.50159
3.10365
1.65469
1.90257
1.92676
3.00306
3.11014
1.98507
2.20271
2.63229
2.15691
3.51334
3.35521
1.24635
1.4377
2.42924
2.09345
2.95198
2.56618
1.59982
2.6612
2.29996
2.46162
2.96628
2.83941
2.14024
1.90214
1.60601
2.05875
2.66303
2.09062
1.63621
2.87094
2.13945
1.26013
2.77345
2.56102
2.67203
1.88508
1.401
1.71635
2.97687
2.71012
3.12825
1.33157
3.44807
3.31868
3.00213
3.20453
3.27188
3.19803
3.16127
2.03146
1.72062
2.90095
3.84707
3.47939
1.34642
2.34987
2.13431
2.86991
3.49906
3.25807
1.41894
3.05439
2.14296
2.03417
2.61353
1.55863
1.50531
1.72191
1.88518
3.08897
2.69234
2.67303
3.15886
3.53736
2.39509
2.09751
1.8734
2.55501
3.35654
2.37758
1.2829
2.40448
2.42014
1.91025
2.9039
2.14136
2.2973
2.18164
3.46657
2.79446
1.29846
2.0087
3.21323
3.44214
2.72901
3.02414
2.90379
1.7107
3.30554
1.95556
1.78911
2.98892
3.30559
3.35872
2.13835
2.10274
2.52168
1.20321
2.43568
1.73585
2.74611
1.20791
2.52781
2.5678
2.48737
2.15339
3.56714
2.33148
3.45396
3.17938
2.06633
2.26516
1.92437
2.13929
2.13068
3.14844
3.788
3.44746
1.82437
2.96163
2.61113
1.43234
2.64149
2.83489
3.02886
2.53057
1.27785
3.08532
2.0486
2.66879
2.17719
2.41943
1.65262
2.82446
3.20911
1.97736
2.70695
2.83228
2.07181
1.35004
2.021
1.31089
3.05995
1.75454
2.85854
1.35388
3.53259
2.73301
1.89845
1.91986
2.11136
1.61694
3.04627
1.84853
3.05007
3.01168
1.66174
1.51769
1.37561
1.39618
1.88296
2.69693
2.80318
3.12452
2.61572
1.53912
1.80935
3.1442
2.65984
1.96349
1.49281
1.79405
2.33585
2.79378
1.55357
3.09289
3.11339
1.42416
2.12832
2.79715
2.43561
2.97138
1.87283
2.67696
3.1166
2.95348
1.48596
1.33903
1.98392
1.79922
1.57708
1.79623
1.66543
1.49915
1.41303
3.11337
2.93839
3.13998
2.73649
2.76728
2.77311
2.31961
1.72205
1.67474
2.55177
2.06575
1.61516
2.85006
2.84356
1.34795
2.61364
1.94224
1.39955
3.28375
2.08387
2.91267
2.36009
2.99663
1.42525
1.94584
1.70213
3.37232
2.57504
3.17822
1.36416
1.41821
3.17661
2.49171
2.50867
2.46885
1.44521
2.71058
1.3638
1.6775
2.4085
2.06987
1.78754
2.71007
1.61812
2.21398
2.39773
2.27544
1.32476
2.60237
1.53334
2.48716
2.32794
1.13362
1.32557
3.25003
1.58122
1.71636
2.58492
1.64234
1.96233
1.49103
2.90539
2.1816
1.82065
3.19497
2.54002
2.95518
2.83264
1.87623
1.2592
3.10285
2.11908
2.3229
2.10088
2.62533
2.2131
2.26665
3.27938
3.36962
1.31834
3.03982
1.89913
1.88592
1.18489
1.65064
1.88628
2.16353
1.93792
1.0926
2.70378
2.87881
1.44432
2.19256
1.4249
3.10709
2.06458
2.58593
1.50991
1.12648
1.6842
1.4014
3.03941
2.40848
1.32341
2.6393
2.14596
1.42675
1.25186
1.33609
1.57475
2.60349
2.52686
2.25103
1.72568
3.00603
2.9446
2.37515
1.49533
2.1921
1.85324
1.46316
2.54985
2.56677
1.14841
1.87868
2.69396
1.17508
1.05797
1.95141
3.49605
2.04166
1.34517
2.81606
1.58595
2.44167
1.70498
2.20626
1.64043
2.10709
2.43426
2.75938
2.70441
3.06206
2.497
2.19661
1.58631
2.96406
1.29064
1.50159
3.183
3.25705
3.2658
1.48639
1.34182
2.60129
1.21041
1.83217
1.76789
1.76969
2.66797
2.55617
1.13445
3.00715
2.0768
3.07381
1.28975
1.50548
2.82429
1.58003
2.94618
1.36866
2.50102
3.11516
2.40167
2.57459
2.0116
2.38677
2.82213
2.75232
2.15095
2.28223
1.94638
1.95497
1.902
2.19661
1.22667
1.48186
2.43575
2.28087
1.04717
3.07666
2.92063
2.52978
2.05296
3.15067
1.98748
2.69807
2.82863
2.60625
2.47823
2.65735
3.10664
3.01876
2.93222
2.03312
2.34201
1.86015
2.21037
2.46039
1.65999
1.95809
1.81494
2.69148
2.29959
1.83529
2.63939
2.55898
3.09355
2.68655
3.06214
2.56791
2.57847
3.0965
1.83285
2.01022
2.39712
2.56838
3.00461
2.79077
1.99017
1.33151
2.61278
1.60488
2.42954
3.52081
2.51599
2.34404
2.43219
2.78056
1.50938
1.7804
1.18877
2.08768
1.77261
1.906
2.49216
1.17455
3.33911
1.42453
2.67608
1.27521
3.37896
3.03858
2.70873
1.56645
1.74481
3.48602
1.26591
2.83851
1.83899
2.37984
2.99118
2.05381
1.31791
3.33832
2.78166
2.06733
2.42827
2.13096
2.69456
1.17202
1.85361
2.57627
2.15118
2.07553
1.96084
1.90467
1.82242
1.70586
2.01298
1.60868
2.05653
1.43026
2.44304
2.94165
2.20581
1.30587
2.22535
2.25228
2.01885
1.76891
3.06651
2.47775
2.73083
1.54994
3.25634
2.4279
2.91022
1.85959
2.24536
2.945
1.59038
2.93701
1.62852
3.3662
1.53901
2.96624
3.46052
2.74377
2.05375
3.37153
2.25935
2.30861
3.01271
2.20155
2.53727
2.17951
2.13432
2.87826
2.31258
1.88556
2.3416
2.57704
1.81916
1.85223
1.17866
2.56838
3.16397
2.50537
3.53775
1.69994
3.06275
3.04179
1.23204
3.05826
2.75983
1.86404
1.96829
2.18281
2.80424
2.22054
1.6609
1.11306
2.21072
2.15564
1.10225
2.46208
3.19026
3.10173
1.0463
1.77142
2.22093
2.6453
1.87642
2.83934
3.10183
2.23205
2.18856
2.66282
2.48573
1.16928
1.9721
1.61055
2.34731
1.56474
2.26741
2.01533
1.92036
1.08622
1.63728
2.0696
2.86817
2.3445
1.73283
2.98137
2.67477
1.08716
2.97837
1.99686
2.10715
1.27897
2.10466
2.21301
2.54055
1.41955
2.0912
2.16248
2.68684
3.06018
1.93096
2.57922
1.40636
3.40985
3.33152
3.01558
2.64732
1.5312
3.38266
3.26024
2.75779
1.75348
2.06131
1.05666
1.27123
2.91988
2.9344
1.24783
1.31591
2.86294
1.90324
2.77128
2.08616
3.03403
2.61752
2.34845
2.12584
3.24861
1.18109
1.94715
2.68575
3.3929
2.53233
2.74758
2.34135
2.34506
2.10729
1.18863
2.69655
1.16898
1.84468
1.97307
1.92374
1.6985
2.47017
2.18365
2.40383
3.23789
2.63837
2.04066
2.47618
1.56962
1.90753
2.25114
2.24529
2.54587
2.28173
1.87765
2.16232
2.08057
2.03944
1.97974
2.50881
3.5075
1.80488
1.67892
1.81218
2.51383
1.40537
1.46561
1.97508
1.17324
2.22279
1.99684
2.68002
3.32087
2.02106
1.41141
3.41338
1.56876
2.18027
2.78443
3.02147
1.10502
2.90182
2.59624
1.48774
1.27397
2.87285
2.49643
2.7193
2.70202
1.15545
2.49433
1.55849
3.01244
2.52485
2.99169
1.14078
1.85286
2.39205
2.5704
2.92664
2.58584
2.16209
1.09693
2.08127
1.64943
1.86236
1.03177
2.81573
2.81498
2.96522
1.09211
3.43727
1.91215
1.25498
1.29323
2.06994
3.20368
2.50681
2.69165
2.80276
2.16979
2.04019
3.66763
1.83611
1.42931
1.3378
1.59469
1.6915
1.91129
1.39654
2.90144
1.84049
2.05123
3.1974
2.77589
2.04468
2.91208
1.06038
1.38228
2.91061
1.88986
1.42868
1.2345
2.45679
2.25308
2.06693
2.72667
3.04664
2.4474
2.88324
1.46742
1.66038
2.50426
2.69445
1.8402
1.20004
2.01534
2.01387
1.14675
1.76166
1.25809
2.60508
2.10309
3.02919
1.14581
1.54283
2.32802
2.49503
2.84229
1.79625
2.11384
3.23371
1.38551
1.77134
2.66496
2.42462
1.72745
1.69781
2.26905
1.76633
2.68096
2.16762
1.91032
3.10166
1.73313
2.69822
2.20804
2.41402
1.24507
1.89278
2.50262
3.1735
3.19356
3.16699
2.53442
3.60192
3.06977
1.74521
2.30595
2.04422
2.72949
2.83719
3.25309
1.80141
3.06375
3.27035
2.83265
3.13017
2.83244
2.11116
2.86906
2.24975
1.96207
1.66264
1.97019
2.33269
2.51807
2.72286
2.58413
2.78722
2.21306
2.17266
1.34126
1.5057
2.23611
1.42001
3.11756
1.66402
2.08831
2.19319
2.57324
1.5709
1.61387
2.37615
3.29441
2.73231
2.48531
1.20008
2.63262
2.10989
1.29022
2.4316
2.15865
2.69521
2.04767
2.74406
2.7536
1.54203
2.18622
2.12343
1.93561
1.21127
1.13577
1.32994
2.41798
2.49348
1.29017
1.89493
2.36406
1.23975
1.91865
2.7099
2.92576
1.8364
2.02039
1.98237
2.16487
2.97829
3.17994
2.85608
2.81704
2.05483
2.80449
2.65544
2.94689
1.83753
2.64728
1.80771
1.57232
1.99537
1.61503
3.27832
1.74579
2.2683
1.5252
2.67518
1.39689
3.52297
2.75137
2.35209
2.34218
1.77613
1.2059
3.27058
1.15303
2.4236
2.84887
2.43829
3.75202
2.44859
2.04377
1.82333
2.22432
2.31347
3.05309
1.95911
2.52619
1.18425
1.97323
1.5558
1.84892
2.84148
2.0574
1.14361
1.78517
1.42186
2.438
1.23585
1.57241
2.06183
2.78935
2.59982
2.84009
1.86977
1.57726
2.48597
1.82823
2.65378
2.40945
1.70685
1.70152
1.71715
1.63483
3.3802
1.25936
2.80058
1.58482
1.65943
1.51537
1.85352
2.87621
1.63488
1.93601
3.0046
2.16729
1.50523
1.16884
1.18725
1.77348
1.55188
1.52863
2.16237
2.95467
1.99639
2.76999
2.89257
2.65629
2.19151
1.90007
1.65783
3.18918
1.58694
1.82931
2.60251
1.67292
2.60646
2.58016
1.49181
2.63964
1.57468
1.21298
1.13601
3.13774
2.76195
2.58463
1.82092
2.53747
2.68902
1.18915
2.14238
2.59985
1.67764
2.37694
1.94477
2.78752
3.16328
1.81758
3.11774
2.0523
3.49219
1.63805
1.71134
1.70088
2.06131
2.67024
2.1692
1.94755
1.24086
2.4215
1.37614
2.9852
2.96388
1.49968
1.43444
1.84952
3.00306
2.59852
1.92519
2.11687
2.51835
1.90119
3.12944
2.76895
1.24289
1.40669
2.13208
1.83647
2.75434
2.28302
1.5478
2.46689
2.20016
2.30838
2.56869
2.52646
2.05483
1.6781
1.39536
2.01278
2.47876
2.011
1.51034
2.64186
1.80259
1.16922
2.50121
2.36517
2.41552
1.85795
1.37293
1.16782
2.6816
2.05646
3.08943
1.32214
3.05857
3.19073
2.98818
3.07744
2.92814
3.17261
3.13867
1.9757
1.62896
2.40898
2.83268
3.40546
1.25865
2.24406
2.10442
2.38937
2.90278
2.50777
1.18677
2.64362
1.92027
1.91396
2.18799
1.50098
1.38656
1.61655
1.69968
3.07212
2.54396
2.64966
2.87452
3.09764
2.19102
2.04944
1.86231
2.04295
3.21053
2.10094
1.18045
2.22516
2.05196
1.68165
2.76182
1.93415
2.06133
1.99191
2.81581
2.79446
1.12572
1.50463
3.07811
3.36763
2.15651
2.52129
2.43684
1.35596
3.15982
1.88101
1.69687
2.60753
3.18909
2.04285
2.10049
2.04933
2.44784
1.14604
2.43568
1.67272
2.4269
1.18811
2.11554
2.41664
2.45084
2.12644
2.57156
2.24507
3.3638
2.98015
1.90375
1.73813
1.88981
1.79151
2.01554
3.1049
3.51187
3.41166
1.79616
2.91745
2.5964
1.41096
2.32951
2.66169
2.54177
2.36293
1.26303
2.92338
1.9862
2.43252
2.124
2.41128
1.64151
2.55964
3.18393
1.59582
2.42005
2.62644
2.01176
1.31952
1.79514
1.06401
2.67129
1.54872
2.11462
1.10521
3.27736
2.53893
1.89845
1.82397
2.00631
1.4918
2.80307
1.79753
2.26451
2.85911
1.59417
1.46304
1.32764
1.18295
1.88296
2.60929
2.70775
2.32901
2.54494
1.39685
1.72527
2.11896
2.25787
1.68887
1.21039
1.79405
2.27735
2.66036
1.38289
2.8438
3.06374
1.10985
1.99713
2.65126
2.25919
2.65827
1.78991
2.30853
3.09188
2.36947
1.32759
1.23993
1.89137
1.46312
1.56497
