1.00268
1.0106
1.00096
1.00224
1.00561
1.0043
1.00309
1.00579
1.00782
1.00977
1.00382
1.01273
1.00585
1.00652
1.00793
1.00378
1.00114
1.00304
1.00257
1.01815
1.00484
1.01071
1.00262
1.00203
1.00489
1.00676
1.0007
1.01011
1.01318
1.00033
1.00868
1.00566
1.00298
1.0053
1.01522
1.00034
1.00163
1.00551
1.00753
1.00238
1.00524
0.999439
1.01264
1.00084
1.00867
1.00952
1.00783
1.00852
1.00765
1.0148
1.00327
1.00117
1.02946
1.01361
1.01314
1.00327
0.99962
1.00143
1.0068
1.00431
1.00491
1.004
1.00339
1.00372
1.00538
1.00339
1.00359
1.00416
1.00335
1.00391
1.00156
1.00975
1.00661
1.00454
1.01309
1.00907
1.002
1.00127
1.00644
1.00244
1.00191
1.01451
1.00485
1.00208
1.0097
1.00177
1.00087
1.00141
1.00781
1.01182
1.00683
1.00926
1.00509
1.00722
1.00722
1.00291
1.00285
1.00814
1.02098
1.00883
1.00004
1.00065
1.01309
1.01106
1.00436
1.00743
1.00762
1.00065
1.0109
1.00367
1.00513
1.00311
1.00107
1.00843
1.01607
1.0041
1.00307
1.00279
1.01102
1.0107
1.01345
1.00229
1.01133
1.00472
1.00582
1.00458
1.00936
1.00494
1.00877
1.00383
1.00515
1.0113
1.00375
1.00378
1.00241
1.00224
1.00982
1.00074
1.0035
1.00123
1.00765
1.00599
1.00395
1.00536
1.0057
1.0127
1.0156
1.00212
1.00643
1.00131
1.00164
1.00165
1.0102
1.00723
1.00004
1.01513
1.00914
1.00019
1.00763
1.00375
1.00872
1.01101
1.01008
1.00819
1.00596
1.00211
1.00249
1.00399
1.01099
1.00629
1.00404
1.00889
1.02128
1.0049
1.00678
1.00524
1.00709
1.00678
1.01025
1.00499
1.00674
1.00145
1.00714
1.00553
1.00446
1.02053
1.01731
1.00035
1.00834
1.00692
1.00058
1.00843
1.00384
1.00362
1.01147
1.00455
1.0077
1.00766
1.00158
1.00266
1.00683
1.0186
1.00121
1.00314
1.00634
1.0078
1.01373
1.00267
1.00364
1.00393
1.00854
1.00873
1.01419
1.00163
1.00281
1.00461
1.00052
1.00244
1.00005
1.00086
1.00258
1.00795
1.01788
1.0176
1.00419
1.01233
1.00605
1.00613
0.998983
1.01884
1.0167
1.0084
1.00364
1.00178
1.0002
1.00449
1.00136
1.00955
1.00302
1.00119
1.02559
1.00101
1.0074
1.00509
1.00623
1.0034
1.01241
1.00206
1.00462
1.00276
1.01686
1.00703
1.00222
1.01012
1.01384
1.00985
1.00459
1.00203
1.00429
1.00715
1.00382
1.00893
1.01769
1.00245
1.00364
1.01309
1.0035
1.0087
1.00874
1.00673
1.00392
1.00064
1.01168
1.00717
1.02175
1.00181
1.01236
1.0064
1.00412
1.01006
1.00404
1.01857
1.00315
1.00014
1.00238
1.01317
1.01038
1.00129
0.999342
1.00135
1.02748
1.01472
1.00289
1.00441
1.00252
1.0063
1.00586
1.01731
1.00613
1.00963
1.00175
1.01081
1.00803
1.01696
1.00622
1.01068
1.00298
1.00413
1.00275
1.00355
1.00277
1.00207
1.00276
1.00306
1.00343
1.00498
1.00745
1.00567
1.00827
1.0157
1.00407
1.00585
1.00193
1.00485
1.00532
1.00494
1.00222
1.00482
1.00448
1.0075
1.01957
1.01536
1.008
1.00504
1.00277
1.00504
0.999052
1.00786
1.00383
1.0008
1.01464
1.00887
1.0047
1.00773
1.01135
1.03653
1.00856
1.00809
1.01303
1.00546
1.0019
1.00823
1.00289
1.00326
1.007
1.00612
1.00146
1.01345
1.00538
1.009
1.0064
1.00397
1.00753
1.00349
1.01481
1.01428
1.00884
1.00136
1.00474
1.00436
1.00102
1.01125
1.00435
1.00905
1.01651
1.00777
1.00721
1.00141
1.00744
1.01164
1.00558
1.00837
1.00338
1.00394
1.00097
1.00701
1.01087
1.00697
1.00325
1.00205
1.00156
1.00485
1.00336
1.02084
1.00223
1.00687
1.00399
1.00253
1.00851
1.00851
1.00045
1.01531
1.0125
1.02405
1.00901
1.00694
1.00245
1.00316
1.00315
1.00776
1.00648
1.00452
1.00177
1.00375
1.01094
1.01403
1.01104
1.00286
1.003
1.00458
1.00979
1.00198
1.00753
1.00665
1.01179
1.01031
1.00964
1.00197
1.0054
1.00747
1.00181
1.00484
1.00336
1.00077
1.00257
1.00422
1.0017
1.00115
1.00344
1.00412
1.00705
1.00566
1.00915
1.0054
1.01713
1.01799
1.00219
1.008
1.01317
1.00102
1.00851
1.00062
1.00481
1.00665
1.00883
1.00469
1.01671
1.00707
1.0101
1.00506
1.00444
1.00175
1.00409
1.00207
1.00305
1.00771
1.00572
1.00842
1.00975
1.00253
1.02082
1.0104
1.00716
1.00631
1.00245
0.998875
1.00177
1.00266
1.01216
1.01268
1.01447
1.00174
1.00243
1.0052
1.00269
1.00158
1.00972
1.00597
1.00749
1.00478
1.01817
1.01579
1.00422
1.01798
1.00102
1.00322
1.00391
1.00535
1.00498
1.00114
1.00445
1.00135
1.00189
1.01053
1.00145
1.0181
1.0027
1.01004
1.01125
1.0041
1.00377
1.01876
1.001
1.01226
1.00786
1.0061
1.00638
1.00788
1.00477
1.00206
1.01518
1.01427
1.00723
1.00297
1.03542
1.00388
1.00438
1.01626
1.00395
1.00406
1.00787
1.00514
1.0043
1.00733
1.00862
1.0117
1.00777
1.00146
1.00977
1.00513
1.00342
1.00441
1.022
1.00626
1.01775
1.00167
1.00908
1.01205
1.00703
1.00183
1.01052
1.00504
1.01027
1.00346
1.00544
1.00523
1.00076
1.00463
1.00276
1.00199
1.01017
1.01042
1.01425
1.00264
1.00373
1.0076
1.00548
1.00518
1.0084
1.00053
1.00128
1.00873
1.00398
1.00249
1.00339
1.00873
1.00167
1.00378
1.00753
1.00209
1.00508
1.00665
1.00087
1.00399
1.01471
1.00795
1.01381
1.00793
1.00057
1.00144
1.02193
1.00546
1.00785
1.00092
1.0018
1.0025
1.01564
1.00624
1.01079
1.0033
1.00965
1.00227
1.01463
1.00151
1.00199
1.02566
1.01367
1.00583
1.00168
1.00604
1.00724
1.00391
1.00542
1.0081
1.00529
1.00181
1.01163
1.01023
1.00693
1.00244
1.00158
1.01
1.0037
1.00179
1.00579
1.00686
1.00156
1.00115
1.00271
1.00514
1.0127
1.00568
1.00405
1.00569
1.01355
1.00532
1.00221
1.01625
1.00582
1.01808
1.00569
1.00438
1.02492
1.00519
1.00606
1.0059
1.01308
1.00559
1.0054
1.01021
1.00354
1.00182
1.00344
1.00916
1.00531
1.02392
1.01276
1.00267
1.00947
1.00652
1.01518
1.00433
1.00363
1.00814
1.00383
1.01762
0.999611
1.00328
1.01664
1.0019
1.00531
1.00421
1.00271
1.00247
1.00238
1.00686
1.00053
1.00699
1.00777
1.00852
1.0042
1.00285
1.00274
1.00027
1.01557
1.01589
1.00867
1.01253
1.00624
1.00529
1.00772
1.00283
1.01065
1.00585
1.00887
0.999972
1.01418
1.00871
1.00142
1.01115
1.0146
1.01325
1.01809
1.00262
1.00065
1.00434
1.00287
1.00427
1.00306
1.01654
1.00693
1.01605
1.00413
1.00562
1.0072
1.0098
1.00265
1.01022
1.00512
0.998987
1.01376
1.0027
1.00672
1.0049
1.0015
1.00153
1.00877
1.00423
1.00221
1.01103
1.00539
1.00495
1.00709
1.00213
1.0068
1.00036
1.00255
1.01549
1.00374
1.00215
1.00614
1.02649
1.00785
1.008
1.00025
1.00559
1.0035
1.0019
1.00984
1.00129
1.00196
1.00322
1.00271
1.00497
1.01359
1.00575
1.01638
1.00337
1.00321
1.00446
1.00626
1.00761
1.0059
1.00403
1.00695
1.00999
1.00507
1.01083
1.00511
1.0111
1.0057
1.00689
1.00513
1.00612
1.00771
1.00436
1.00221
1.00745
1.00343
1.00452
1.01459
1.00578
1.00602
1.01251
1.00042
1.00345
1.0063
1.00463
1.0008
1.01121
1.01389
1.00201
1.00042
1.01318
1.00386
1.00232
1.00909
1.01719
1.00486
1.00144
1.00392
1.01509
1.00203
1.00184
1.00943
1.00295
1.01816
1.00589
1.00366
1.01748
1.00645
1.00686
1.00647
1.00581
1.01289
1.00339
1.00666
1.00426
1.00391
1.01035
1.00626
1.00494
1.01125
1.0249
1.00758
1.00377
1.00954
1.00508
1.00241
1.00449
1.0172
1.00117
1.01239
1.00686
1.00461
1.01165
1.00697
1.0085
1.01019
1.00295
1.00304
1.0065
1.00251
1.00265
1.00926
1.00249
1.00536
1.00209
1.01562
1.00881
1.01544
1.00888
1.00461
1.00472
1.01968
1.00659
1.0019
1.00718
1.01203
1.00411
1.01053
1.00675
1.00355
1.00546
1.00665
1.00187
1.01516
1.00412
1.00831
1.00636
1.0017
1.00408
0.999665
1.00167
1.00481
1.00183
1.00418
1.00421
1.00719
1.00389
1.00563
1.01194
1.01097
1.00874
1.00176
1.00831
1.00443
0.999783
1.00254
1.0052
1.00427
1.00469
1.0017
1.00514
1.00378
1.02117
1.02387
1.01363
1.00237
1.02737
1.00311
1.00291
1.00277
1.01933
1.00129
1.0092
1.01029
1.00563
1.00239
1.0096
1.01243
1.01645
1.00925
1.01065
1.00977
1.00385
1.01006
1.00713
1.00251
1.00907
1.0345
1.0062
1.00479
1.01839
1.00844
1.01155
1.00901
1.00402
1.01369
1.00442
1.02393
1.00535
1.00305
1.00398
1.01035
1.00207
1.00848
1.00786
1.0054
1.00924
1.00294
1.00708
1.0163
1.01702
1.00255
1.00755
1.01261
1.00562
1.00589
1.00125
1.00687
1.00069
1.00976
1.00807
1.00161
1.00271
1.01256
1.0042
1.0021
1.00099
1.00148
1.00303
1.00321
1.00112
1.01527
1.00408
1.0026
1.01118
1.00405
1.00279
1.01196
1.01912
1.02296
1.00249
1.01453
1.00109
1.00717
1.02018
1.00117
1.00858
1.00915
1.00431
1.00879
1.00607
1.00498
1.00241
1.0097
1.00459
1.00526
1.00085
1.01549
1.00211
1.0098
1.00553
1.00639
1.00593
1.00557
1.01668
1.00205
1.00371
3.25155
2.63395
2.00429
3.32335
2.53219
1.1441
1.85429
2.0927
2.78974
1.6334
2.89924
2.77468
1.26619
2.52474
1.83499
2.88059
3.15691
2.84567
2.36356
3.58428
1.30736
1.77277
1.2992
2.71587
1.92228
2.1246
1.94168
1.72014
1.90426
1.57005
2.09465
2.5644
2.11309
1.25649
1.84743
1.67096
2.5883
2.01072
1.57076
2.62843
2.86886
2.39236
2.78513
2.69534
2.42158
3.02008
2.15134
1.78852
2.09381
2.20262
1.63432
1.2019
3.37194
2.72729
2.02991
1.20069
2.69052
1.03357
2.47475
2.26004
2.4167
1.7414
2.28173
2.77092
3.19185
1.62207
1.90755
3.02731
2.60944
1.93792
2.49023
2.66177
3.56485
2.63509
1.8693
2.61949
1.841
2.94153
1.13271
2.51144
1.40893
3.3544
2.45771
1.20198
1.85605
2.90608
1.34986
3.04947
2.82485
1.83421
2.89135
1.9322
3.53816
1.15852
2.45375
2.23222
1.40282
3.28272
2.94279
2.2414
1.77911
2.89495
1.71217
1.86058
3.05835
1.6214
2.23539
2.43337
3.03477
3.21144
2.35516
2.05821
2.88515
3.29637
3.19804
2.42154
1.05988
2.22862
1.79059
2.41826
1.79948
1.6704
1.42184
3.03694
2.74077
2.95987
1.51211
1.90137
3.13205
1.86529
3.15757
3.21251
1.1279
2.80995
1.3193
1.25784
2.06616
1.10557
2.50474
1.52244
2.34686
1.69652
3.11724
3.07335
1.95794
3.46919
1.38888
2.13817
1.31424
2.26804
2.8822
2.7003
2.64125
2.7956
1.24316
3.5242
2.23793
2.334
3.18173
1.47458
1.69331
1.27075
2.31858
2.83441
2.44614
2.70987
2.28638
2.36045
3.28845
2.05288
2.85716
2.64405
1.36796
2.4063
2.92119
2.92235
2.38185
1.08708
1.92385
2.97159
2.66596
2.1213
2.56932
1.93198
2.70935
3.62963
2.1807
1.54924
2.99009
2.64358
1.60255
1.8836
2.98351
2.12824
1.63929
3.07199
2.16402
2.02465
1.45881
2.88361
1.72767
3.36942
2.23071
2.37621
3.01359
2.09516
3.06325
1.78517
1.70765
2.59887
2.56115
2.44661
2.79821
2.49271
2.20009
2.56846
1.61738
2.21374
1.34439
2.9617
1.89733
1.80134
2.74231
1.78835
1.66148
3.06778
2.89905
2.28466
1.62201
2.91066
2.31645
3.02256
3.04429
2.02936
2.25085
2.28934
2.25708
2.64921
1.23569
2.03744
3.26827
1.84053
3.11672
3.00463
3.38149
3.12457
2.96206
1.603
2.87864
2.35613
3.20275
2.42397
2.14287
3.16573
2.64606
2.74866
1.41956
1.09762
1.44649
1.20577
1.86472
1.59322
3.02583
1.63365
1.20884
1.26897
1.9656
2.42018
3.33808
2.11283
2.08015
2.90771
1.63191
2.34749
2.86658
1.74972
2.12637
3.28882
2.97191
1.9957
1.46676
2.49471
2.22376
1.61976
3.39263
3.445
1.37851
3.14016
1.54743
1.07618
3.53822
2.7224
1.90495
1.65436
3.01105
1.742
2.86573
3.11637
2.50751
1.91575
1.38047
2.52886
2.36421
2.68857
1.58744
1.39212
2.7503
1.06677
1.21494
1.48683
1.07246
1.44555
2.0273
2.97737
2.57637
2.50727
2.47714
2.39687
1.36362
1.48122
2.61062
1.53632
1.95365
2.62817
2.14836
2.63445
1.27631
1.48178
1.40764
1.35848
3.20348
1.47801
3.08426
2.05465
1.60374
2.37545
1.74475
2.60157
1.37836
1.97133
3.06614
1.28062
2.77788
2.44566
2.89205
3.6923
2.3761
1.31084
1.7823
1.49426
2.43116
1.16823
2.51991
3.20216
2.5398
1.82222
1.24132
2.3114
2.46953
1.48904
2.88926
2.79223
2.76066
1.73537
1.53135
2.82573
2.04039
2.12834
2.66953
3.41612
1.46047
2.72046
1.12709
2.52715
2.55144
1.33517
1.3704
3.4315
1.50795
3.40455
2.42374
2.48985
1.5499
1.73279
3.16578
2.11294
3.02423
1.3281
1.24587
1.77455
3.35553
3.22654
2.77107
1.341
1.26652
3.54902
2.89848
1.9354
1.37214
1.66063
1.79302
2.70398
2.41118
3.39242
2.97037
1.49455
2.19047
2.17011
1.81433
3.0794
3.29263
2.04192
2.77831
2.98648
1.17809
2.93237
2.78372
1.95935
2.42634
1.63801
2.80237
2.54647
3.2732
1.28749
3.33661
3.32184
2.34489
1.41709
2.72394
2.51399
3.20393
2.22893
1.44343
1.53664
1.09115
1.61148
1.66049
1.35362
2.21157
1.32129
2.6472
1.56637
2.91499
2.24862
2.98906
3.24153
2.99039
2.34828
1.63615
1.18472
2.76981
1.68432
1.68998
2.35387
2.74573
3.27982
2.99682
1.78268
1.86848
2.82657
1.86223
2.54642
1.66374
2.09754
2.97329
2.37763
2.20282
1.97164
3.46398
1.49717
2.21491
3.22711
2.24127
2.12415
2.0367
2.53677
1.16007
2.48512
2.22154
1.56924
3.03299
1.26673
2.30268
2.56585
1.6491
2.40126
2.78277
2.07676
1.97536
2.51823
2.95627
2.74797
3.24395
3.45014
1.03081
1.97151
2.50655
2.15764
2.24481
2.70332
1.31171
2.29277
2.78812
2.81177
2.44126
2.72937
1.48626
1.93515
3.05522
1.2566
1.7723
1.47339
1.22706
2.16033
2.58891
2.08242
1.7178
3.42059
2.17231
3.06202
2.2825
1.79756
2.88924
2.44509
3.50804
1.87222
3.26017
3.05823
2.78458
2.73678
1.64423
3.18147
2.63912
2.59442
2.67861
1.65404
1.74046
1.89005
2.34377
2.57621
1.17474
1.27303
2.72945
1.66659
3.08357
2.42575
3.04952
2.22769
3.06954
2.26953
1.7953
1.31616
2.90704
3.04634
1.81668
2.2883
1.38141
1.64419
1.67067
3.25788
2.68488
1.93522
3.36116
1.28516
3.04434
1.91087
2.09358
1.24434
2.28226
1.67191
1.69094
2.64053
1.82259
1.23233
1.90122
3.43506
1.47073
2.44956
2.15489
3.5836
2.83027
2.12672
2.15682
1.78694
2.78181
2.40177
3.28641
2.93446
2.05884
1.09609
3.13241
2.66507
2.58038
1.83851
1.53453
3.26584
2.31178
2.34354
1.46296
1.99431
2.94514
1.51234
2.53522
1.86426
2.83408
3.37739
3.19882
2.21631
1.45406
3.29059
2.31838
2.2443
2.13871
2.02714
1.46804
2.24501
3.21806
2.22736
1.84962
1.49172
1.57397
2.48367
1.86083
2.42199
2.31945
1.82267
1.98352
3.30548
2.0258
2.34246
3.12221
1.64073
3.06117
2.4966
3.29823
2.98496
1.57542
1.42107
1.09067
3.51438
2.60333
2.34599
3.36322
2.83547
1.67302
1.8615
2.78272
2.76389
2.21328
2.51918
2.40172
2.81448
2.13557
2.54721
2.38963
2.94019
3.18715
1.39398
1.68714
2.18324
1.39228
1.65544
1.90624
1.55901
1.333
3.46117
1.81086
3.23778
3.52068
2.23926
2.02238
2.17635
1.24964
2.43792
3.23505
2.57472
1.12658
2.34751
1.81512
2.13081
1.35992
1.93214
2.55089
2.29224
3.1401
3.58366
2.69837
3.01436
2.21671
2.18297
2.00428
2.49406
2.79239
1.64555
1.15083
1.91261
2.09771
2.70413
1.55976
1.8859
2.14087
2.90482
3.05064
1.98082
1.39236
1.82393
2.34915
1.13795
2.8719
3.0673
1.63723
3.12844
3.15053
1.09704
2.05443
3.29756
3.53223
1.65822
1.76953
1.39915
2.97955
3.24873
1.57543
2.53715
1.03882
1.339
1.90453
3.34365
1.30697
2.40512
2.0867
2.08851
2.53286
1.5837
2.54586
1.16109
2.82142
3.04204
2.26941
3.07117
1.725
3.41808
3.12119
2.85991
2.22577
1.88009
2.59763
1.95263
2.36593
2.59792
3.06823
2.17196
2.04586
1.74818
3.36854
2.04715
3.05439
3.22056
1.87533
2.08681
1.49843
1.31245
2.16441
1.43167
1.55977
1.38004
1.21367
2.57054
1.48489
2.90817
2.74763
2.33727
1.57576
2.34576
2.29657
2.52559
1.93444
1.10126
2.17653
1.49836
2.73457
1.57249
2.36519
3.44266
2.53392
3.27782
3.2206
1.54033
2.15526
3.01611
3.46882
1.82469
2.42676
2.96573
2.04462
2.22425
3.07715
1.68509
2.6697
2.14272
1.04709
3.14787
2.02581
2.38622
2.08608
2.24957
3.13757
1.96976
3.20164
3.04939
1.62981
1.55193
1.59017
3.16219
2.789
3.22993
3.41741
1.28059
1.29274
1.91242
1.53566
2.24415
1.93184
2.93994
2.07225
2.41655
1.74543
2.52486
1.86448
2.05876
2.81172
2.94176
1.60661
1.43311
2.43055
2.93252
2.58065
1.28173
2.30657
1.56683
2.93106
1.9796
2.0057
3.08492
1.33813
2.42773
2.4612
1.40987
1.4052
2.90593
3.45309
2.75819
2.80179
2.76297
2.81594
2.98393
2.46858
2.96927
1.36
2.53046
1.49005
3.47991
1.69707
1.85511
2.77908
2.3685
2.8976
2.17738
3.00343
2.73807
2.9509
1.30131
1.95694
2.1978
1.57769
1.46354
2.85375
1.61989
1.8808
3.01883
3.07797
3.27522
3.38587
1.94097
3.19068
2.77284
2.59692
1.54979
2.11213
1.94386
1.81648
2.11494
2.91751
1.89901
1.07954
2.80835
3.37419
3.1475
1.54256
3.2952
3.11918
1.05365
1.73444
3.16964
2.92025
2.7257
3.16937
2.53022
2.71994
3.09901
2.91935
3.3351
2.81578
2.99314
2.69923
2.89925
3.45535
2.02412
1.64284
2.3714
3.30392
1.54993
1.33508
2.68801
1.24724
1.64061
2.87555
2.34927
1.53314
2.54726
3.32967
1.57228
2.12653
2.57063
2.77665
1.67416
2.84476
2.83542
1.23817
1.58352
1.42473
2.44097
2.88706
2.30675
3.02246
1.25293
3.29935
3.0032
2.69372
3.13323
1.90165
1.52632
3.18948
2.83104
1.50579
1.75713
3.04675
1.63083
1.65625
3.32468
1.79173
2.35736
3.44284
1.26538
1.53742
2.19264
2.44512
2.19833
3.1433
2.4893
2.47551
2.73372
3.0236
2.89844
3.26566
2.9376
2.08583
2.98503
1.50935
1.29444
2.7604
1.1322
3.17374
2.33635
3.0567
1.39341
2.42051
2.23036
1.65132
2.21539
1.85351
2.67058
3.1875
3.24979
2.45734
2.36588
1.79856
2.06538
1.85313
1.14233
3.74268
2.68248
2.09201
3.78524
2.55705
1.15441
2.11926
2.17012
2.88028
1.70209
3.32617
2.86342
1.37754
2.57317
1.97002
3.14945
3.34237
3.42456
2.46435
3.6064
1.41975
1.94091
1.41763
3.14351
1.97606
2.17069
2.07193
1.85017
2.08276
1.7941
2.20451
2.60253
2.27611
1.36589
1.89095
1.68921
3.50839
2.24479
1.66881
3.30988
3.05923
2.5729
2.80236
3.62349
2.58918
3.16481
2.53744
1.86229
2.32661
2.32034
1.78777
1.5577
3.37194
2.74771
2.09438
1.2886
3.00174
1.08782
2.79001
2.33737
2.90783
1.86014
2.30963
3.23973
3.50366
1.88285
1.9413
3.46088
2.82015
2.35741
2.73715
2.78664
3.76449
2.657
1.91708
2.73594
1.88268
3.27613
1.22899
2.59588
1.51718
3.3544
2.78946
1.33663
2.02262
3.1488
1.4235
3.72894
2.98011
1.91795
3.06103
1.9585
3.73121
1.18626
2.76414
2.37799
1.40282
3.40933
3.02983
2.4111
2.32463
3.04474
1.88984
1.88124
3.39833
1.72496
2.3033
2.6341
3.14294
3.33951
2.77691
2.26765
3.2466
3.52137
3.28031
2.6329
1.14683
2.37998
1.89463
2.47853
1.92008
1.72494
1.48393
3.32513
2.90813
3.50501
1.63054
2.20472
3.27551
2.53815
3.38461
3.27829
1.23164
3.25323
1.42711
1.30337
2.23173
1.18941
2.78642
1.7136
2.4158
1.75212
3.37897
3.60785
2.08953
3.51794
1.44384
2.58966
1.51271
2.73922
3.34008
2.88807
2.75626
2.94322
1.26902
3.60016
2.33811
2.59386
3.35058
1.70772
1.90965
1.32948
2.38437
2.83441
2.53659
3.18058
2.47959
2.71169
3.32175
2.12656
3.00846
3.0837
1.4566
2.53974
3.11879
3.23164
2.62552
1.18059
1.95225
3.53368
2.88007
2.32388
2.61212
2.2146
3.21917
3.62963
2.24011
2.02103
3.23378
2.85329
2.57517
1.96445
3.29579
2.16249
1.86181
3.32019
2.44571
2.09044
1.60062
3.10185
2.03812
3.40721
2.51136
2.54356
3.19286
2.22121
3.49668
2.40619
1.86274
2.85719
2.69218
2.69098
2.8454
2.97891
2.56312
3.27871
1.63618
2.3358
1.43482
3.2561
2.00626
1.82819
2.87603
1.80918
1.7753
3.17133
2.9521
2.80201
2.26523
2.91066
2.34018
3.42734
3.62038
2.5295
2.38574
2.48602
2.39709
3.17751
1.41246
2.45634
3.26827
1.96498
3.61844
3.21531
3.43472
3.37425
3.01036
1.88145
3.41892
2.47906
3.28052
2.86244
2.41909
3.3406
2.6893
3.02854
1.45197
1.31004
1.58025
1.36289
2.41058
1.67333
3.05422
1.75768
1.36009
1.29288
1.9656
2.42018
3.59785
2.45863
2.47022
3.27524
1.65614
2.40316
2.86658
1.93966
2.1473
3.38182
3.03457
2.09701
1.48743
2.58805
2.61895
1.78535
3.774
3.46578
1.43437
3.41974
1.82771
1.07618
3.628
2.78049
1.94669
1.94365
3.17181
1.86397
3.28401
3.11637
2.61499
1.97913
1.836
2.73295
2.66605
2.82068
1.73135
1.47633
2.95364
1.20025
1.51309
1.53564
1.26817
1.59696
2.18171
3.29228
2.68474
2.69435
2.55383
2.57723
1.42579
1.51907
2.79529
1.72944
2.07212
3.04821
2.29945
2.80292
1.53752
1.72335
1.53989
1.46433
3.2938
1.49613
3.12905
2.05465
1.60374
2.51246
1.85076
2.65374
1.42883
2.0588
3.1308
1.29755
2.96675
2.654
3.07127
3.88779
2.68852
1.32701
1.83097
1.56041
2.63564
1.23265
3.34445
3.26864
2.58011
2.13669
1.58344
2.40815
2.59595
1.63665
2.95401
3.22359
3.45802
1.78583
1.59521
3.10292
2.17861
2.26681
2.76374
3.6289
1.61484
2.72046
1.52054
2.56771
2.55144
1.35979
1.48234
3.81239
1.73923
3.53937
2.44254
2.51203
1.58452
1.7853
3.77147
2.2474
3.07127
1.40472
1.2625
1.79074
3.45713
3.54846
3.14993
1.46778
1.52563
3.72619
3.16262
2.27553
1.45126
1.85409
1.82132
2.70398
2.41118
3.39242
3.12179
1.56526
2.40078
2.83745
1.86142
3.32877
3.40111
2.28262
3.02055
3.25758
1.32822
3.12541
2.78372
2.47364
3.20158
1.75903
2.80237
3.3715
3.36144
1.36981
3.41955
3.4426
2.61517
1.424
2.86979
2.61405
3.58509
2.50621
1.51518
1.59185
1.49355
1.94979
1.74956
1.79911
2.49956
1.43954
2.87662
1.84019
2.91499
2.4369
3.06425
3.24153
3.41008
2.4259
2.22386
1.28604
2.80448
2.00226
1.71595
2.35387
2.89308
3.43997
2.99682
1.82548
1.93522
3.23787
1.91078
3.27425
2.26564
2.24701
3.20978
2.74733
2.21743
1.98297
3.49573
1.68213
2.23859
3.32527
2.48605
2.21895
2.11029
3.00051
1.24232
2.6512
2.24845
1.67154
3.03299
1.33952
2.61033
2.81244
1.69621
3.33784
2.80534
2.18957
2.1456
2.55825
3.22803
2.80278
3.32342
3.51061
1.10036
2.04139
2.79339
2.41
2.31667
3.0116
1.71262
2.55294
3.14767
2.86087
2.91088
2.76408
2.08204
2.06276
3.37438
1.38107
1.97225
1.59914
1.24769
2.22671
3.01781
2.16881
1.84528
3.67332
2.26751
3.21868
2.38101
1.85665
3.04222
2.59425
3.65398
1.93596
3.43661
3.19766
3.11499
3.403
2.15068
3.21605
2.69934
2.76401
2.75287
1.67721
2.14807
2.03661
2.50169
2.86474
1.24836
1.32723
2.76679
1.8891
3.21027
2.55697
3.19374
2.37239
3.43959
2.39699
2.16796
1.34537
3.1099
3.13148
1.86387
2.3411
1.75078
1.75997
1.87655
3.64104
2.90332
1.94316
3.49643
1.867
3.47222
1.92486
2.21404
1.42634
2.69117
2.04327
2.13929
2.78605
1.94277
1.5358
2.1372
3.75477
1.56082
2.70649
2.19781
3.74338
3.15489
2.22322
2.31089
1.89612
2.81263
2.48933
3.44535
2.97562
2.28095
1.2294
3.23623
2.80704
2.82196
1.9581
1.58673
3.37486
2.31178
2.42027
1.78638
2.01708
3.30819
1.56387
2.56011
1.87944
3.65874
3.60057
3.47239
2.42718
1.60863
3.37848
2.62463
2.66829
2.2352
2.09264
1.74341
3.20807
3.48752
2.40015
1.99191
1.7112
1.7702
2.68029
1.88762
2.91707
2.35926
2.12801
2.06299
3.41582
2.10839
2.46348
3.21917
1.74213
3.77265
2.65883
3.38275
3.27572
1.62918
1.60472
1.17357
3.65905
2.67644
2.6549
3.4497
2.94165
1.69078
1.97827
2.8724
2.97164
2.39793
3.09098
2.5224
3.36373
2.21952
2.78916
2.55869
3.05574
3.37465
1.52304
1.77013
2.22906
1.4332
1.88396
2.21856
1.72392
1.40557
3.50977
1.85801
3.68446
3.56032
2.27638
2.23908
2.28261
1.24964
2.54245
3.31178
2.74979
1.4093
2.46937
1.98203
2.16338
1.55228
1.98934
2.64347
2.59088
3.19966
3.70476
2.87384
3.14147
2.9474
2.38282
2.43752
2.96021
3.06143
1.70339
1.21254
2.02701
2.18639
2.78995
1.68519
1.96998
2.3536
2.96644
3.19313
2.22142
1.81778
1.97584
2.41128
1.30639
2.9625
3.18536
1.69822
3.2382
3.44712
1.29728
2.08597
3.52213
3.72528
1.69051
1.95426
1.79946
3.10284
3.50249
1.81315
2.79526
1.07788
1.59296
1.9641
3.6127
1.5611
2.47863
2.26129
2.22374
2.57441
1.60257
2.57363
1.29138
3.19261
3.43127
2.30527
3.30531
1.87246
3.51923
3.16476
3.06888
2.34248
1.94919
2.66616
2.01275
2.43076
3.04209
3.39184
2.4223
2.10036
1.89995
3.48767
2.17512
3.07717
3.34888
1.96405
2.11922
1.69168
1.35658
2.19852
1.5744
1.63436
1.68106
1.222
2.59777
1.76956
3.16737
2.78591
2.41804
1.87521
2.4998
2.51789
2.5914
1.96031
1.17658
2.29956
1.60513
2.73457
1.59989
2.61892
3.48619
3.28763
3.49836
3.58921
1.74438
2.36588
3.30274
3.51836
2.17296
2.62228
3.07243
2.16283
2.33533
3.55572
1.77829
2.69662
2.32264
1.19967
3.1837
2.02581
3.07634
2.17209
2.32535
3.19557
2.24212
3.30161
3.17586
1.71457
1.63282
1.75323
3.2416
2.81807
3.57037
3.5093
1.56185
1.30875
2.05337
1.59114
2.2638
2.09129
2.98005
2.17803
3.2625
1.78004
2.75675
2.51452
2.11485
2.81172
3.39396
1.63938
1.54126
2.63359
3.01338
2.58065
1.2953
2.36023
1.81379
3.46454
2.13455
2.02742
3.25995
1.5428
2.77193
2.57778
1.57247
1.42696
3.12345
3.60734
2.85639
3.48526
3.50484
2.81594
3.18604
2.72059
3.16397
1.39475
2.59409
1.51409
3.69372
1.9974
1.94045
3.15165
3.58131
2.8976
2.2676
3.42455
2.93432
3.30022
1.65908
2.57545
2.568
1.84895
1.7961
3.31863
1.6452
1.8808
3.35908
3.33097
3.49018
3.52013
2.24255
3.54053
2.80477
2.99197
1.69425
2.19918
1.9703
1.88643
2.41941
3.31961
1.90865
1.2616
2.86084
3.59509
3.31513
1.90399
3.35684
3.30005
1.26109
1.81178
3.19178
3.11321
2.7257
3.29337
2.76663
3.30908
3.09901
3.02404
3.3351
2.92657
3.10191
2.77314
3.10759
3.715
2.15346
1.72658
2.57954
3.36395
1.63147
1.37849
2.71022
1.32525
1.69158
3.00687
2.54152
1.53314
2.83856
3.32967
1.60719
2.20559
3.06049
2.97246
1.8311
2.94563
3.10528
1.33725
1.59859
1.50358
2.77451
3.03809
2.39815
3.40467
1.41145
3.34806
3.46056
2.94898
3.3155
1.93158
1.64619
3.5653
3.51316
2.00348
1.93384
3.13743
1.80981
1.82522
3.7771
2.24208
2.66671
3.72034
1.62551
1.86658
2.37208
2.65083
2.19833
3.32561
2.60302
3.15197
2.73372
3.0236
3.05425
3.41054
2.96903
2.27558
3.20932
1.56829
1.33296
2.81705
1.3321
3.35489
2.51271
3.30941
1.53761
2.50651
2.23859
1.75427
3.27283
1.87908
2.78375
3.47786
3.35181
2.65443
2.51232
1.86389
2.09538
2.02749
1.17861
3.06271
2.63395
1.99115
3.25237
2.52552
1.1441
1.81758
2.08688
2.70416
1.59828
2.82259
2.74526
1.25996
2.49608
1.81616
2.85867
3.12778
2.79755
2.31083
3.58428
1.27501
1.76154
1.25808
2.63703
1.91878
2.1246
1.90398
1.66722
1.83792
1.52981
2.08005
2.55179
2.06754
1.23754
1.81251
1.65348
2.55166
1.98072
1.565
2.5824
2.77768
2.37952
2.77187
2.57241
2.3204
3.01452
2.13406
1.72927
2.03325
2.18345
1.62207
1.14921
3.33921
2.71075
2.01504
1.15863
2.5743
1.03228
2.37251
2.23236
2.39085
1.71167
2.28173
2.73777
3.13138
1.54961
1.89167
2.96956
2.59131
1.86364
2.45488
2.63974
3.49535
2.61393
1.8693
2.61949
1.841
2.91986
1.11264
2.50448
1.38069
3.3544
2.39791
1.1758
1.83242
2.86581
1.33172
2.8951
2.79044
1.8178
2.84268
1.9322
3.37807
1.15336
2.39248
2.18403
1.40282
3.2657
2.92142
2.2158
1.66565
2.85718
1.64169
1.85235
3.00489
1.59919
2.21981
2.38917
3.01824
3.15681
2.32925
2.04362
2.7952
3.26455
3.04251
2.39131
1.05676
2.20285
1.79059
2.41826
1.79217
1.599
1.40324
2.97915
2.69491
2.9002
1.50751
1.77555
3.13205
2.02042
3.13155
3.19193
1.11562
2.77993
1.28255
1.24187
2.05265
1.09562
2.47898
1.42954
2.34362
1.68289
2.97368
2.88767
1.94104
3.4022
1.38225
2.11225
1.23575
2.23131
2.81701
2.68329
2.59603
2.7956
1.21956
3.5242
2.2223
2.27611
3.06559
1.43762
1.66884
1.25464
2.30466
2.81478
2.44614
2.39572
2.19512
2.31954
3.28845
2.05288
2.81558
2.50187
1.33471
2.37749
2.91283
2.85722
2.36926
1.0594
1.92385
2.91158
2.57357
2.10113
2.55424
1.91425
2.67676
3.62963
2.13958
1.53133
2.93339
2.52113
1.58204
1.87578
2.95867
2.12824
1.62924
2.95623
2.15146
1.95508
1.42781
2.77847
1.61246
3.36942
2.201
2.32978
2.96677
2.09516
2.88826
1.7551
1.63989
2.5193
2.53398
2.36041
2.79821
2.44136
2.18014
2.4756
1.61398
2.18429
1.26758
2.7422
1.7914
1.80134
2.72749
1.78835
1.60523
3.03613
2.89905
2.20202
1.55247
2.89035
2.31645
2.96309
2.98193
1.95072
2.19826
2.27016
2.20085
2.58091
1.19013
1.97206
3.26827
1.82469
3.04879
3.00146
3.38149
2.89888
2.93971
1.48759
2.78187
2.25657
3.18203
2.40287
2.10142
3.16573
2.60834
2.71809
1.41414
1.0936
1.40933
1.18631
1.8452
1.57954
3.02583
1.61919
1.20163
1.26897
1.9656
2.39277
3.24757
2.07452
2.00903
2.78783
1.63191
2.34749
2.86658
1.71543
2.11203
3.28882
2.96518
1.97877
1.44662
2.48639
2.18424
1.60027
3.25318
3.445
1.37851
3.04093
1.51771
1.07072
3.53822
2.7224
1.90495
1.63599
2.98717
1.68033
2.81045
3.11637
2.47821
1.91405
1.34294
2.52886
2.26578
2.66044
1.5276
1.36536
2.71848
1.04185
1.19496
1.46452
1.07221
1.42179
1.96864
2.89128
2.57637
2.4802
2.47714
2.33672
1.36362
1.47466
2.4935
1.52725
1.87426
2.55295
2.11502
2.60127
1.25256
1.46218
1.37977
1.31495
3.20348
1.46095
3.07615
2.05465
1.60374
2.3617
1.69094
2.59308
1.36832
1.97133
3.06614
1.28062
2.69726
2.38703
2.8545
3.6215
2.37406
1.31084
1.70966
1.48263
2.38336
1.14854
2.45458
3.1682
2.5398
1.7907
1.17368
2.30247
2.42929
1.43881
2.85238
2.70874
2.63887
1.68666
1.51748
2.65822
2.02332
2.1133
2.6395
3.34745
1.36341
2.70082
1.12063
2.52715
2.55144
1.33517
1.36727
3.36908
1.48931
3.40455
2.42374
2.48985
1.53433
1.73279
3.1044
2.06962
3.02423
1.28285
1.24235
1.70749
3.35553
3.1003
2.67232
1.33338
1.22874
3.50147
2.85223
1.91375
1.3607
1.64772
1.79302
2.70398
2.41118
3.39242
2.95523
1.4859
2.16364
2.11215
1.80256
3.07716
3.27643
1.96324
2.73785
2.90402
1.15618
2.87874
2.78372
1.89525
2.40793
1.61769
2.77007
2.51609
3.26155
1.25765
3.29828
3.27837
2.3189
1.41113
2.72394
2.48907
3.16676
2.18781
1.43726
1.53205
1.08992
1.58292
1.60844
1.31334
2.10637
1.31092
2.62595
1.50213
2.91499
2.23479
2.94485
3.24153
2.91967
2.34828
1.61733
1.16415
2.76981
1.65567
1.65551
2.32018
2.74573
3.13643
2.99682
1.76958
1.81647
2.69569
1.85251
2.51669
1.80541
2.06264
2.94411
2.3318
2.19406
1.96076
3.46398
1.44011
2.21491
3.22711
2.2094
2.10423
2.01593
2.4171
1.14355
2.35053
2.22154
1.54653
3.03299
1.23748
2.21715
2.55367
1.63962
2.38225
2.78277
2.07676
1.89029
2.45843
2.89773
2.70132
3.24395
3.45014
1.02327
1.92019
2.47892
2.13539
2.23267
2.63671
1.26493
2.26491
2.75804
2.7851
2.31634
2.68837
1.46866
1.90419
3.03834
1.22841
1.75171
1.44377
1.21897
2.15449
2.47379
2.05153
1.70265
3.32608
2.14993
3.02749
2.20019
1.78626
2.8661
2.41271
3.41107
1.83467
3.23698
3.03468
2.75439
2.682
1.61072
3.18147
2.62171
2.57239
2.64088
1.63459
1.71562
1.88097
2.26978
2.53238
1.16516
1.25897
2.72945
1.65421
3.08357
2.37234
2.97938
2.20293
3.02644
2.23279
1.78431
1.31013
2.79543
2.9933
1.78413
2.27777
1.30763
1.59077
1.57546
3.01019
2.67193
1.92008
3.36116
1.24073
2.98967
1.91087
2.03337
1.22552
2.26019
1.65688
1.64482
2.59224
1.80866
1.20192
1.88374
3.41254
1.47073
2.40878
2.15489
3.53544
2.78815
2.12672
2.15391
1.7729
2.78181
2.39437
3.27154
2.9112
2.02246
1.08782
3.13241
2.64733
2.53832
1.69981
1.51636
3.2017
2.31178
2.28257
1.44739
1.99431
2.90776
1.49424
2.51827
1.80221
2.74624
3.37739
3.14493
2.17402
1.43386
3.23202
2.26323
2.19422
2.10622
2.0119
1.41778
2.18726
3.16363
2.21267
1.83206
1.47324
1.54961
2.42475
1.83868
2.31719
2.31945
1.7763
1.97063
3.29436
2.00482
2.3277
3.12221
1.61641
2.90626
2.46897
3.23157
2.96544
1.55699
1.41495
1.08138
3.47516
2.584
2.3109
3.32116
2.81586
1.66859
1.76454
2.78272
2.73697
2.17263
2.47414
2.32264
2.77145
2.12387
2.49603
2.379
2.9282
3.18715
1.35742
1.66956
2.16502
1.37617
1.60259
1.86368
1.5181
1.31644
3.46117
1.77278
3.11004
3.49306
2.2314
2.01574
2.12372
1.24237
2.39431
3.16903
2.52465
1.12123
2.27364
1.79266
2.13081
1.34077
1.91458
2.54498
2.22611
3.1401
3.49876
2.65457
2.98782
2.37365
2.13592
1.94877
2.43355
2.72915
1.61117
1.14046
1.9088
2.03133
2.68206
1.53929
1.87391
2.12069
2.90482
2.95455
1.9604
1.29922
1.77183
2.34915
1.12118
2.85373
3.0673
1.63723
3.07412
3.10133
1.08483
2.05443
3.11407
3.43062
1.65822
1.7415
1.38235
2.97955
3.10372
1.53351
2.5146
1.03882
1.31438
1.89186
3.2869
1.27639
2.38559
1.98474
2.01662
2.53286
1.5837
2.52285
1.13214
2.78744
3.01956
2.23576
3.01651
1.71106
3.41808
3.1079
2.79926
2.2043
1.86717
2.58309
1.87761
2.33918
2.59792
3.00109
2.13347
2.03888
1.73154
3.36854
2.03228
3.05439
3.11758
1.82797
2.08681
1.47025
1.26597
2.16441
1.40171
1.50808
1.34657
1.21367
2.57054
1.44424
2.88999
2.72653
2.33727
1.51942
2.33086
2.20787
2.52559
1.93185
1.09876
2.16076
1.45515
2.73457
1.57249
2.3386
3.40253
2.35373
3.23751
3.17013
1.52224
2.12232
2.99033
3.46882
1.81023
2.4138
2.96573
2.03283
2.16839
3.0157
1.68509
2.6697
2.09192
1.04432
3.14787
2.02581
2.26765
2.07165
2.23912
3.13757
1.94888
3.18687
3.03563
1.5699
1.54036
1.56183
3.15251
2.789
3.18709
3.36407
1.23879
1.27496
1.89932
1.52432
2.24415
1.8992
2.93994
2.02962
2.33516
1.74107
2.50814
1.83042
2.05876
2.78396
2.90639
1.60661
1.42032
2.34139
2.89789
2.5603
1.2764
2.30657
1.51806
2.88207
1.90248
2.0057
3.0544
1.30287
2.39003
2.4612
1.39791
1.40253
2.81037
3.45309
2.7201
2.77363
2.68575
2.81594
2.91306
2.4542
2.94589
1.35515
2.49263
1.48615
3.45161
1.67418
1.85016
2.69263
2.30705
2.8976
2.15018
2.93144
2.699
2.89097
1.28684
1.89201
2.15732
1.5389
1.35735
2.67579
1.61989
1.8808
2.97476
3.04787
3.12237
3.34128
1.91399
3.14323
2.77284
2.51008
1.41444
2.07254
1.91059
1.79721
2.08413
2.86054
1.89901
1.06623
2.80835
3.26175
3.08216
1.48894
3.2952
3.08825
1.04988
1.7138
3.16964
2.7932
2.7257
3.16937
2.50326
2.67805
3.09901
2.89289
3.3351
2.80199
2.9189
2.65074
2.8631
3.3291
1.99026
1.63203
2.3581
3.30392
1.53562
1.32713
2.68801
1.23257
1.62174
2.87555
2.3087
1.53314
2.45312
3.32967
1.5362
2.1071
2.42673
2.73143
1.60773
2.84476
2.8027
1.22752
1.57501
1.41619
2.37749
2.79717
2.30675
2.97784
1.23539
3.28323
2.90154
2.68023
3.12705
1.90165
1.50941
3.12218
2.8079
1.36324
1.72219
3.02464
1.58796
1.64461
3.22517
1.73307
2.33607
3.35914
1.24578
1.49436
2.16671
2.43316
2.19833
3.08345
2.48492
2.45156
2.73372
3.0236
2.88172
3.26566
2.9376
2.03033
2.92933
1.4941
1.29444
2.7604
1.12163
3.1675
2.23617
2.96975
1.3774
2.42051
2.22293
1.62001
2.13166
1.85351
2.63544
3.12236
3.18194
2.43817
2.34256
1.77544
2.06104
1.74433
1.1273
