0.977724
1.16201
1.0273
0.810518
1.11828
1.13742
0.887403
1.17397
0.714205
0.867691
1.09624
1.22343
1.29503
0.605418
1.10444
0.884631
0.927966
0.897824
1.38732
1.06117
0.812892
1.0483
1.02954
0.729712
1.12881
1.03172
1.03132
1.18277
0.871858
0.960878
0.749733
1.15897
1.09679
0.954593
1.14135
0.737292
0.824607
0.846316
1.07726
0.933517
0.762875
1.0614
0.870173
0.905659
1.21689
0.91018
1.27064
0.953864
1.18444
0.852349
0.924596
1.38481
0.87464
1.14975
0.934408
1.00024
1.26086
0.761589
1.01327
1.35639
1.02345
1.05532
1.1752
0.831406
1.1689
1.05158
1.28769
1.29444
1.29034
0.933462
1.14971
0.952774
1.03383
0.903387
0.84747
1.13758
1.05298
1.27941
1.12136
1.11082
1.33923
1.12436
0.98523
1.04026
0.906634
0.841711
1.29282
0.640623
1.15791
0.859508
1.05468
1.12887
0.74358
1.07558
1.16915
0.725054
1.36299
0.822129
0.883482
0.888022
1.12237
0.965889
1.0936
0.987046
1.15993
1.1311
0.977482
1.0864
1.37399
1.29587
1.08555
0.907962
1.12995
0.962308
1.02363
0.683875
0.948978
1.05035
1.07498
0.955059
0.936048
0.843921
1.44628
0.844703
1.32323
0.851799
0.944248
1.20642
0.777197
0.895611
1.20038
1.00292
0.76719
0.870786
0.772119
0.989938
0.992323
1.40129
1.06812
1.24731
0.954125
1.01993
0.809663
0.904648
0.958246
1.05548
1.20468
0.848483
0.75634
1.3021
1.32994
1.14041
0.961499
1.34259
0.993786
0.920707
1.16186
1.02529
1.02781
1.19408
1.19636
0.964667
1.02876
1.10951
1.20875
1.45228
1.10189
0.705378
1.28877
0.952718
0.924291
1.28511
1.06865
0.894851
1.10344
0.793545
0.853159
0.820463
1.176
0.786298
0.798518
1.37449
1.27895
0.96874
1.34902
1.16306
1.09692
1.04833
0.927632
1.07436
0.999048
0.937697
0.90512
0.916037
0.832822
1.17092
0.950038
0.813916
0.778025
0.766959
0.80687
0.834861
0.878182
1.17669
1.01897
1.18135
1.34316
0.852969
1.05313
0.922145
0.677522
0.991355
0.669777
0.77153
0.924268
0.789347
0.84532
0.890521
1.5288
0.94066
0.872328
1.13789
1.1441
1.31168
0.796825
0.925193
1.21999
1.03839
1.06317
1.06484
0.950459
1.24519
0.924029
1.02346
1.10702
0.911869
1.18187
0.822364
1.38067
1.22727
0.938946
0.776577
0.894778
0.873622
1.08344
0.970625
1.09454
1.23885
1.18888
1.2151
0.742495
0.977241
0.909903
0.816267
1.04864
1.18935
1.00623
1.28347
0.92907
0.878445
1.12526
0.84406
0.937284
0.89553
0.998688
1.12987
1.00577
0.813097
0.904677
0.902404
1.15992
0.788124
0.698686
0.877658
1.31804
0.740733
0.9214
0.985082
0.864926
0.874536
0.865564
0.810869
1.05659
0.775529
1.0533
0.863625
1.1126
1.26194
0.999846
0.944458
1.29281
1.02191
1.09994
0.940599
0.896403
1.21588
0.81843
1.17334
1.50002
0.99156
0.853673
0.832411
0.971765
0.943768
0.940864
1.01915
0.818155
1.30323
0.877936
1.37223
0.995549
0.880794
1.41874
0.896906
0.606204
0.976273
0.945223
0.972017
0.931071
1.36003
1.07256
0.94099
1.11276
1.33174
0.95605
1.22229
1.05567
0.762989
1.14096
1.13047
1.35845
0.773502
1.13638
1.03512
0.812313
0.974407
0.704241
0.835776
1.06052
0.806535
1.10118
1.10093
1.01429
1.17955
1.31132
0.973537
0.758117
1.27607
0.990411
1.00932
0.92009
0.820278
0.958473
0.934974
1.13932
1.30491
0.945204
1.04096
0.842979
0.805893
0.779355
0.98981
1.17295
1.30995
1.26641
0.855525
1.12438
0.857924
1.10604
1.13657
0.888814
0.845913
1.03115
0.806868
0.921565
0.908134
1.12443
0.943398
0.954219
0.846308
0.769278
1.02198
1.01941
1.13552
0.904878
0.892199
1.07521
0.912339
1.07154
0.968374
1.33339
1.06209
0.936464
1.29205
1.02611
1.59368
0.979866
0.912262
0.949781
0.824199
0.925799
1.14805
1.21869
1.05689
1.05056
1.0809
1.128
1.39133
1.1162
0.91869
1.13436
0.957988
1.02281
1.23498
1.22114
1.20876
0.90231
1.14072
0.909773
1.05141
0.896415
1.0906
1.05897
0.941765
0.783772
0.791069
1.00017
0.893555
1.11
0.89607
0.854566
0.882288
1.23711
1.04619
0.910096
1.04902
1.08889
1.01784
0.855833
1.38039
0.747715
1.12911
1.18114
1.14099
1.04364
1.03214
1.23039
1.18232
0.965552
1.0528
0.811434
1.03455
1.07641
0.93922
1.11362
0.825503
0.820469
0.669114
0.803643
0.754109
1.16915
1.16116
1.18575
1.19816
1.48514
1.05313
1.0044
1.67518
0.749363
0.735036
1.05866
0.900364
0.942984
1.30404
1.00608
0.773711
1.31594
0.808303
0.777368
1.11708
0.951693
1.05396
1.15183
0.878354
0.733986
1.04914
1.0918
0.908111
0.912597
1.10606
0.97666
1.08447
1.02298
0.931987
1.46689
0.99461
1.29388
0.666766
1.09845
0.923287
1.11986
0.977614
1.62296
1.38268
1.19212
0.994229
0.801474
0.977321
0.963369
0.918038
1.21062
1.01732
0.934746
0.727695
1.09293
1.00008
1.10478
1.10284
0.707033
0.798415
0.898295
0.991256
1.03629
0.948761
0.90004
1.04755
1.12588
0.859614
1.07523
1.30828
1.05134
0.967421
0.932794
1.0884
0.883146
0.894363
0.695324
0.879051
1.08084
1.11431
1.08074
1.08185
1.17814
0.778583
1.11191
0.978004
1.25968
1.21659
1.11772
0.985927
0.941221
0.824546
1.0732
0.906613
0.977832
1.26579
0.9623
0.782591
0.800756
1.23957
1.15865
0.848053
1.09807
1.1164
1.06593
1.37441
0.864306
1.17921
1.20028
1.04096
1.1498
0.687226
0.958995
0.881059
1.09517
1.13171
0.90399
0.987027
1.05859
1.46494
0.737295
1.20233
1.23188
1.1939
1.18048
1.33231
1.35941
1.20498
1.60806
1.20795
0.939505
0.81245
0.949495
0.950115
1.30565
1.08635
0.892246
1.20189
1.04293
0.94021
1.30976
1.11035
1.15025
1.09087
0.934814
0.901534
0.916081
1.4838
1.36637
0.944504
1.13135
1.10336
0.88479
0.981645
1.3168
1.31199
0.97626
1.02385
0.721089
1.21329
1.16429
1.15272
1.29101
0.934864
1.24962
0.88185
0.977681
1.12205
0.934927
0.983069
0.952013
0.833148
1.08147
0.717456
0.815135
0.831818
1.06413
0.909294
0.774794
1.16493
0.766437
0.925223
0.896855
1.14829
0.966446
0.976668
1.34232
1.05268
0.96764
0.892387
0.77959
0.991204
0.983516
0.939032
0.790366
1.15024
1.02138
0.877268
0.901203
1.34916
0.80291
0.979621
1.12237
0.722468
0.966696
1.05918
0.733411
1.0177
1.03901
0.962486
0.982878
0.912743
0.810731
0.788817
1.17691
1.0287
1.36488
0.755006
1.05043
0.734651
0.816447
1.05824
1.04263
0.88838
0.882961
1.0742
1.03134
0.909117
1.12699
1.02493
1.31242
0.786018
1.19911
1.0407
0.802377
1.62372
0.585913
1.03721
1.17084
0.996041
1.07329
0.9173
1.11524
1.2287
1.0221
1.06099
1.11154
0.988743
0.941296
0.982328
1.05908
0.848819
1.23331
0.802534
1.20292
1.09976
1.07581
0.905834
1.36669
1.38304
1.20473
0.993709
0.81682
0.824147
0.950418
0.960035
0.959977
1.12928
0.978267
1.303
0.683476
0.863445
1.16734
1.01693
1.1659
0.962522
0.617358
1.21702
1.19499
1.06779
1.031
1.11437
0.91235
1.30155
0.736973
1.22671
0.904235
1.18045
0.999248
1.00412
1.38039
0.86321
1.174
1.36865
1.04078
1.06821
1.14217
1.02035
0.888096
1.07539
0.997837
1.27188
0.914304
0.832368
1.22778
1.07064
0.891019
0.804836
0.8706
0.938494
1.50939
0.862706
0.708668
1.11924
0.982327
1.36287
1.00535
1.44271
0.704557
0.806251
0.938487
0.975189
1.14384
0.954777
0.836801
0.977959
0.94992
0.961309
1.01513
0.590937
1.13761
0.961713
1.05231
0.834169
1.0027
1.17456
0.891199
1.01909
0.954511
0.927951
1.00801
0.958985
1.03957
0.782737
0.803674
1.25546
0.888022
1.28964
1.0303
1.09241
1.07913
0.80907
1.03433
0.818286
0.992015
1.14277
1.16982
0.899999
0.988366
0.839257
1.21058
0.941347
0.965123
0.964621
0.981388
1.03011
0.756954
0.713065
0.964101
1.06196
0.976344
0.926589
1.13577
1.00012
1.00594
1.22635
1.03287
0.944191
0.983693
1.05479
0.999591
0.927971
0.94347
1.1013
1.0317
1.00394
0.905345
1.02343
0.920986
1.09448
0.91502
0.886044
1.32802
0.794059
0.997583
0.939226
1.22444
0.88196
1.02333
0.843898
0.998655
0.886456
1.01856
0.986444
0.9418
1.13577
0.862546
1.27072
0.95943
1.0525
1.2919
0.734431
1.26069
0.594674
0.904443
0.94591
0.820369
1.23661
1.322
1.31309
1.12797
1.32948
1.02464
0.95585
1.04245
0.848139
1.05922
1.18012
0.870093
1.12441
1.40436
1.55969
1.09572
0.903026
1.24096
0.870797
0.724515
1.0065
0.985087
1.05367
1.08006
1.02633
1.02307
1.15011
0.794456
1.09223
0.8564
1.12916
0.84841
0.942425
1.07577
0.838949
0.957105
1.13874
1.00442
1.10889
0.810314
1.13232
0.97458
1.37862
0.695585
0.835186
1.09054
0.978424
1.38155
1.0917
0.856817
0.977522
0.908125
1.44953
1.2199
0.985546
0.94412
1.25501
0.834831
1.23457
1.06147
1.05634
0.991404
1.37388
0.828337
0.941901
1.27336
1.05801
1.19376
1.08148
0.686107
1.02858
0.798823
0.75248
1.07122
1.09912
1.13768
1.03532
0.832486
0.741771
1.04681
0.965334
1.2006
0.919678
0.969896
1.22369
1.17969
0.809834
1.19547
1.11059
0.928549
1.09955
1.26191
0.927737
0.902949
1.36803
0.772538
1.03521
1.14792
0.816149
0.842685
1.07334
0.949928
1.28316
1.07275
0.856056
1.01978
1.19783
1.17931
1.01155
0.795903
1.2451
0.82208
0.792991
1.51405
1.48065
1.05089
0.973964
1.17993
1.11581
1.43042
0.807758
1.08969
0.990126
0.97771
1.16195
1.0273
0.810514
1.11824
1.13738
0.887385
1.17388
0.717516
0.86766
1.09623
1.22341
1.29499
0.605412
1.10471
0.8846
0.927349
0.897803
1.38811
1.06111
0.812748
1.04827
1.02948
0.729678
1.12882
1.03172
1.03127
1.18273
0.871789
0.960811
0.749716
1.15861
1.09705
0.954585
1.14131
0.737292
0.824604
0.846263
1.07723
0.933491
0.762844
1.06509
0.870629
0.90709
1.21685
0.910154
1.27058
0.953846
1.18369
0.852317
0.924576
1.38478
0.874604
1.14972
0.93437
1.00026
1.26658
0.761589
1.01327
1.35635
1.02346
1.0553
1.1772
0.831377
1.16888
1.05153
1.28769
1.29439
1.2903
0.933447
1.14968
0.952749
1.03382
0.903364
0.84753
1.13748
1.05295
1.27935
1.12136
1.11079
1.33872
1.12461
0.985192
1.04023
0.906634
0.84107
1.29278
0.640526
1.15788
0.85951
1.05861
1.1288
0.743573
1.07552
1.1691
0.725041
1.36208
0.822106
0.883421
0.888003
1.12233
0.969751
1.09357
0.987019
1.15987
1.13165
0.977464
1.08633
1.37391
1.29583
1.08555
0.907906
1.1299
0.962284
1.02361
0.683862
0.949518
1.05025
1.07494
0.955901
0.936031
0.843908
1.44576
0.844703
1.32323
0.85178
0.944235
1.20637
0.776303
0.89543
1.20036
1.00286
0.767188
0.870756
0.772111
0.987617
0.991369
1.40125
1.06804
1.24724
0.954093
1.01988
0.809652
0.904609
0.95821
1.05544
1.20456
0.848447
0.756258
1.30197
1.32983
1.14036
0.961496
1.34259
0.993841
0.920687
1.16178
1.02529
1.02779
1.19402
1.19668
0.964633
1.02873
1.10949
1.2087
1.45228
1.10182
0.70538
1.28868
0.952701
0.924202
1.28271
1.06865
0.894821
1.10339
0.793533
0.853126
0.820464
1.17223
0.786297
0.79848
1.37448
1.27886
0.968676
1.34943
1.16304
1.09688
1.04832
0.927531
1.07386
0.999012
0.937684
0.904687
0.916026
0.832814
1.17088
0.950021
0.813895
0.778016
0.766954
0.806844
0.834201
0.878151
1.17654
1.01891
1.18134
1.34271
0.852941
1.0531
0.922111
0.67752
0.991333
0.669762
0.775945
0.924276
0.789354
0.844917
0.890503
1.52876
0.939035
0.872675
1.13784
1.14405
1.31166
0.796707
0.929152
1.21999
1.03838
1.06352
1.06482
0.950142
1.24516
0.924034
1.02343
1.10702
0.911928
1.18194
0.822346
1.38062
1.22725
0.938891
0.776552
0.894751
0.873593
1.08336
0.970588
1.09445
1.23878
1.1888
1.21521
0.742491
0.977176
0.909916
0.820279
1.04855
1.1887
1.00621
1.28341
0.929032
0.878426
1.12521
0.843985
0.937242
0.89553
0.998655
1.12982
1.0057
0.813066
0.904654
0.902401
1.1641
0.793643
0.698648
0.877643
1.31793
0.740694
0.921397
0.985068
0.864918
0.874526
0.865545
0.810861
1.05654
0.770525
1.05326
0.863583
1.1126
1.26191
0.999775
0.944427
1.29271
1.02187
1.09989
0.940572
0.896345
1.21582
0.818398
1.17329
1.50018
0.991519
0.853654
0.832384
0.971715
0.94374
0.939877
1.01914
0.818146
1.30265
0.877899
1.37216
0.995482
0.88077
1.41868
0.896875
0.606204
0.976246
0.945225
0.971994
0.931081
1.35999
1.0725
0.94097
1.11491
1.33171
0.956006
1.22222
1.05533
0.762145
1.14093
1.13047
1.35841
0.773436
1.13778
1.03508
0.812313
0.974363
0.704241
0.835759
1.06051
0.806498
1.10111
1.1009
1.01427
1.17955
1.31131
0.973509
0.758105
1.27601
0.990356
1.00927
0.920026
0.820268
0.958431
0.934973
1.13931
1.30487
0.945158
1.0409
0.84295
0.805851
0.77935
0.989778
1.1729
1.30993
1.26635
0.855494
1.12431
0.857898
1.10601
1.13649
0.888785
0.845896
1.0311
0.803037
0.92104
0.908134
1.12442
0.943391
0.954186
0.84631
0.769273
1.02198
1.01936
1.13547
0.904875
0.89216
1.07583
0.912316
1.07152
0.968346
1.33333
1.06207
0.936454
1.29196
1.02605
1.59367
0.979476
0.91222
0.949723
0.824186
0.925803
1.14797
1.21865
1.05624
1.05048
1.08086
1.12801
1.39128
1.11618
0.918655
1.13428
0.957989
1.02286
1.23499
1.22075
1.21004
0.9023
1.1407
0.909739
1.05135
0.896411
1.09052
1.05898
0.94176
0.783771
0.79108
1.00013
0.89346
1.10929
0.89565
0.85456
0.882272
1.23708
1.04613
0.910073
1.04899
1.08888
1.01784
0.85582
1.38035
0.747702
1.12906
1.1811
1.14097
1.0436
1.03209
1.23037
1.18228
0.965522
1.05277
0.811413
1.03452
1.07639
0.94389
1.1136
0.825477
0.820416
0.669078
0.804012
0.754108
1.16909
1.16111
1.18507
1.20369
1.4851
1.05283
1.00436
1.67515
0.749318
0.734979
1.05865
0.900352
0.942972
1.30401
1.00571
0.773683
1.31588
0.80825
0.777346
1.11703
0.95161
1.05853
1.15122
0.878298
0.733964
1.04912
1.09175
0.908125
0.912628
1.11071
0.976621
1.08436
1.02294
0.931992
1.4668
0.994551
1.29386
0.666733
1.09838
0.923287
1.11978
0.977576
1.62287
1.38213
1.19209
0.996004
0.801454
0.977267
0.963341
0.918012
1.21061
1.01701
0.934714
0.72836
1.0929
1.00004
1.10362
1.1028
0.707024
0.798406
0.898269
0.991228
1.03624
0.948709
0.900024
1.0475
1.12581
0.864478
1.07513
1.30826
1.05131
0.967361
0.932889
1.08793
0.883145
0.894345
0.695299
0.879019
1.08079
1.11429
1.08071
1.08185
1.17806
0.778563
1.11188
0.978006
1.25965
1.21654
1.11765
0.985925
0.941241
0.824524
1.07319
0.90662
0.977841
1.26578
0.962306
0.782588
0.800734
1.23953
1.15906
0.84804
1.09802
1.11639
1.06594
1.37435
0.864298
1.17917
1.2002
1.04032
1.14979
0.687226
0.958978
0.881049
1.09517
1.13166
0.904002
0.98701
1.05854
1.46425
0.737235
1.20231
1.23186
1.19388
1.1804
1.33223
1.35932
1.20495
1.608
1.20745
0.939492
0.81308
0.949475
0.950087
1.30565
1.08635
0.892179
1.20185
1.04288
0.940191
1.30974
1.10958
1.1498
1.09083
0.934763
0.902257
0.916031
1.4838
1.36627
0.944493
1.13295
1.10335
0.884719
0.981556
1.31674
1.31191
0.976238
1.02394
0.721032
1.21327
1.16423
1.15269
1.28997
0.934829
1.24938
0.88181
0.977676
1.12202
0.934917
0.982989
0.951968
0.833207
1.08143
0.717446
0.815127
0.832007
1.06409
0.909305
0.774757
1.16488
0.765819
0.92523
0.897108
1.14741
0.965926
0.976623
1.34226
1.05268
0.960824
0.892318
0.779551
0.991181
0.9835
0.939003
0.78969
1.15023
1.02137
0.877233
0.901203
1.34912
0.808013
0.979581
1.12236
0.722436
0.966679
1.05916
0.733396
1.01895
1.03899
0.960885
0.982831
0.91269
0.810732
0.788857
1.17682
1.0287
1.37
0.754978
1.04999
0.734604
0.816426
1.05822
1.04262
0.888335
0.883181
1.07411
1.03127
0.909079
1.12692
1.02489
1.31241
0.786008
1.19909
1.04068
0.802363
1.62365
0.585904
1.03719
1.17079
0.99598
1.07293
0.91725
1.11521
1.22864
1.02204
1.06099
1.1114
0.989853
0.941293
0.981932
1.05905
0.849006
1.23327
0.80254
1.20325
1.09974
1.07577
0.905804
1.36401
1.38305
1.20469
0.99332
0.816791
0.824098
0.950409
0.959985
0.958604
1.12924
0.978227
1.30297
0.683457
0.863418
1.16727
1.01647
1.1653
0.962495
0.617315
1.217
1.19497
1.05995
1.03097
1.11431
0.912348
1.30152
0.736521
1.22669
0.904209
1.18041
0.998769
1.00424
1.38027
0.863182
1.17393
1.36826
1.04072
1.06816
1.14211
1.02034
0.888075
1.07688
0.997813
1.27187
0.913644
0.832877
1.22771
1.07062
0.891161
0.804785
0.870547
0.938486
1.50935
0.862677
0.708655
1.1192
0.982266
1.36287
1.00533
1.44169
0.704527
0.805056
0.938466
0.975155
1.14385
0.954769
0.836787
0.977915
0.949853
0.961282
1.01509
0.590924
1.13684
0.961695
1.05225
0.834166
0.999064
1.17456
0.894924
1.01905
0.954457
0.927908
1.00797
0.962789
1.03905
0.782741
0.803811
1.25452
0.888056
1.28962
1.03026
1.09237
1.07911
0.809026
1.03429
0.818265
0.991972
1.14275
1.16973
0.899931
0.98835
0.839253
1.21046
0.941331
0.965104
0.964578
0.981395
1.03008
0.756928
0.713052
0.964062
1.06195
0.976317
0.926559
1.1357
1.00009
1.00594
1.2263
1.03285
0.944144
0.983673
1.05473
0.999566
0.927925
0.943463
1.10123
1.03168
1.00394
0.905307
1.0237
0.920904
1.09446
0.914985
0.886002
1.32806
0.794035
0.997558
0.939344
1.22442
0.881928
1.02586
0.843869
0.998612
0.88644
1.01853
0.985492
0.941706
1.13574
0.86253
1.27064
0.959363
1.05246
1.29187
0.734407
1.26062
0.594668
0.904429
0.945987
0.82035
1.23745
1.32196
1.31298
1.12792
1.32946
1.02462
0.955796
1.04242
0.848113
1.05915
1.18009
0.87082
1.12529
1.40417
1.55956
1.09564
0.903271
1.24093
0.870773
0.718515
1.00649
0.985035
1.05367
1.08002
1.02631
1.02307
1.15005
0.794444
1.09222
0.85646
1.12914
0.848408
0.942413
1.07573
0.838939
0.957072
1.1387
1.00442
1.10888
0.810243
1.13279
0.974547
1.37859
0.695613
0.835167
1.09084
0.978413
1.38147
1.09163
0.856796
0.9775
0.908066
1.44838
1.21985
0.985541
0.944115
1.25494
0.834397
1.23456
1.06143
1.06033
0.988984
1.37381
0.828339
0.941911
1.27456
1.05798
1.19374
1.08146
0.686107
1.02856
0.798813
0.752474
1.07121
1.09908
1.13765
1.03494
0.832464
0.740761
1.04672
0.965261
1.20059
0.91986
0.969868
1.22362
1.1797
0.809822
1.1949
1.11004
0.928516
1.09953
1.26189
0.927737
0.902946
1.36799
0.772512
1.0352
1.14782
0.816137
0.842675
1.07334
0.949918
1.28314
1.07467
0.855991
1.01976
1.19724
1.17929
1.01144
0.793669
1.24507
0.822068
0.792957
1.51883
1.48062
1.05122
0.973941
1.17989
1.11434
1.43037
0.807705
1.08962
0.990093
1.80456
1.63521
1.82274
1.373
1.94927
1.80235
1.35852
1.86185
1.26441
1.51422
1.85497
1.84768
2.05784
1.10627
1.63022
1.4961
1.54829
1.58357
2.34364
1.72906
1.35019
1.72443
1.61077
1.32865
1.95445
1.72398
1.69663
1.86769
1.55093
1.45588
1.18977
1.83617
1.70732
1.61608
1.8705
1.53882
1.41347
1.42384
1.76423
1.49082
1.17824
1.74744
1.56677
1.60728
1.90952
1.5545
1.99226
1.71146
1.74993
1.52505
1.56587
2.1257
1.49868
1.98594
1.52829
1.63221
1.87162
1.47804
1.7937
2.1191
1.95802
1.66803
1.97085
1.32981
1.91182
1.87074
2.22011
2.04623
1.94044
1.66849
1.94464
1.33106
1.60273
1.63029
1.37038
1.60869
1.56029
2.07907
1.8059
1.85865
2.27771
1.64061
1.55209
1.59734
1.80329
1.38296
2.2544
1.13532
1.83137
1.42205
1.5354
1.65632
1.27573
1.82256
1.88372
1.3418
1.97604
1.39333
1.33553
1.41867
1.8749
1.45638
1.71227
1.56955
1.74675
1.74905
1.59024
1.72029
2.05521
2.07216
1.60106
1.48696
1.84978
1.65204
1.69308
1.2882
1.80289
1.57378
1.93114
1.43519
1.55024
1.42227
2.19372
1.49868
2.21488
1.46201
1.48583
1.79872
1.41743
1.48639
2.08613
1.52676
1.29161
1.43453
1.41615
1.71172
1.42596
2.13449
1.70975
1.87198
1.58033
1.69158
1.47927
1.49342
1.56889
1.66513
1.71811
1.47073
1.35101
2.10148
1.92376
1.84844
1.68686
2.03043
1.61115
1.67816
1.82699
1.97078
1.56916
1.92218
1.83369
1.61648
1.6417
1.77065
1.89064
2.12099
1.77043
1.20798
1.98406
1.56758
1.38999
1.92796
1.63811
1.51581
1.59103
1.36939
1.3308
1.4837
1.80384
1.47595
1.20034
2.129
2.14314
1.53672
2.08475
1.83931
1.79471
1.67124
1.49912
1.69037
1.48709
1.45472
1.49805
1.49328
1.45046
1.83456
1.62524
1.36951
1.26069
1.23813
1.46996
1.49551
1.56899
1.82117
1.6188
1.64899
2.19585
1.58092
1.54206
1.82028
1.28852
1.60794
1.28374
1.32165
1.57812
1.43348
1.32679
1.56563
2.18199
1.69956
1.38333
1.77113
1.77495
2.11667
1.54457
1.46849
2.0312
1.65752
1.77784
1.80779
1.66845
2.03314
1.78904
1.82952
1.75992
1.71585
1.84032
1.43708
2.17441
2.04423
1.47025
1.50419
1.5226
1.61019
1.616
1.62741
1.73233
1.97247
1.86014
1.84064
1.23023
1.46041
1.50911
1.37261
1.70945
1.94932
1.5803
1.95668
1.37149
1.4274
1.80375
1.41601
1.58729
1.53749
1.72052
1.62149
1.64829
1.30883
1.44671
1.48666
1.76784
1.55688
1.30866
1.42812
2.05962
1.42064
1.51065
1.62755
1.83947
1.41114
1.4395
1.3774
1.78426
1.29851
1.54329
1.49479
1.87628
2.07289
1.59814
1.60892
2.06803
1.6135
1.81377
1.65168
1.44234
1.9631
1.3251
2.04253
2.45101
1.5327
1.37956
1.34645
1.52439
1.45861
1.69851
1.65367
1.47061
1.91937
1.42418
2.33808
1.56862
1.48821
2.07779
1.67659
1.42403
1.45413
1.57734
1.53306
1.70951
2.23083
1.66713
1.43723
1.85851
2.27616
1.4443
2.01681
1.9388
1.24961
1.69153
1.84521
2.13641
1.28904
1.80522
1.75174
1.76822
1.47017
1.33
1.70228
1.72076
1.39954
1.92169
1.6755
1.84341
2.0977
2.20406
1.50378
1.45452
1.93475
1.80655
1.5373
1.32198
1.29698
1.56621
1.58766
1.74748
1.91793
1.55983
1.69157
1.41598
1.29374
1.35618
1.62239
1.96648
1.82032
2.08693
1.48005
1.91238
1.55111
1.62704
1.87225
1.57399
1.42208
1.79524
1.32359
1.51788
1.68054
1.90204
1.57904
1.47021
1.50373
1.28939
1.67289
1.77513
1.83952
1.58283
1.46089
1.71276
1.51572
1.89028
1.55
2.01588
1.5282
1.52627
1.89857
1.55701
2.52739
1.55222
1.43909
1.47261
1.40322
1.69828
1.75794
1.79489
1.63363
1.64675
1.60963
1.91361
2.17104
1.8586
1.55186
1.6463
1.59857
1.72605
1.94397
2.02106
1.93098
1.45613
1.80141
1.42707
1.66277
1.43045
1.61812
1.74436
1.70557
1.43301
1.40429
1.52413
1.43403
1.86318
1.47377
1.44494
1.4409
1.86684
1.5979
1.55216
1.6847
1.83584
1.73335
1.54059
2.40026
1.39864
1.68761
1.88522
1.9303
1.72417
1.58658
1.93759
1.78308
1.59187
1.83846
1.33359
1.57422
1.83711
1.48591
1.67933
1.64641
1.46085
1.28455
1.51717
1.20922
1.63434
1.78194
1.71042
1.87991
2.4586
1.63365
1.81412
2.63207
1.18971
1.28532
1.67638
1.54804
1.60672
2.47429
1.58055
1.16922
2.18238
1.40458
1.33573
1.6642
1.59139
1.75392
1.81871
1.48763
1.11339
1.93503
1.72226
1.37877
1.36544
1.73943
1.56821
1.71689
1.78567
1.59935
2.13624
1.69958
1.97728
1.19176
1.89883
1.53157
1.85855
1.49317
2.45096
2.18055
1.90162
1.48763
1.28857
1.4915
1.46063
1.59078
2.00572
1.61142
1.58046
1.30338
1.78427
1.50417
1.6725
1.92706
1.28502
1.4559
1.39109
1.72096
1.647
1.51288
1.42111
1.82337
1.68332
1.37762
1.75665
2.44908
1.68516
1.5411
1.52274
1.72544
1.50486
1.55643
1.25446
1.41129
1.62587
1.6884
1.68611
1.98739
1.83381
1.31977
1.71523
1.75288
2.12777
2.00832
1.74749
1.82166
1.67295
1.42582
1.59829
1.71605
1.50439
2.16688
1.6972
1.32035
1.1947
2.20827
1.73886
1.56808
1.67661
1.80599
1.61547
2.18153
1.46658
2.03751
1.91801
1.79806
1.99594
1.19492
1.67971
1.52213
1.73175
1.92546
1.59069
1.6101
1.77687
2.32939
1.18114
2.02811
1.92356
1.87857
2.11457
2.16984
2.17744
2.06808
2.30393
1.83288
1.63578
1.17965
1.56498
1.57172
2.12868
2.01136
1.49341
1.92029
1.78771
1.54316
1.91776
1.72933
1.67125
1.63541
1.3075
1.35686
1.50963
2.38111
1.93119
1.71647
1.74262
1.81677
1.45535
1.55317
2.14218
2.26499
1.54281
1.65847
1.15245
1.95609
1.72286
1.84175
2.06479
1.51581
1.83745
1.37379
1.65913
1.69599
1.58323
1.48754
1.53481
1.40157
1.64209
1.30073
1.22292
1.34581
1.63167
1.53606
1.22351
1.73897
1.38453
1.59997
1.57808
2.06581
1.6265
1.48284
2.08614
1.88287
1.8329
1.60858
1.24641
1.54977
1.56915
1.66182
1.29053
1.99172
1.57785
1.37001
1.64752
2.11368
1.43214
1.57207
1.72783
1.17312
1.83292
1.94921
1.31029
1.73511
1.71808
1.63125
1.56183
1.42964
1.42751
1.56382
1.85844
1.93842
2.34686
1.40835
1.65017
1.26282
1.33157
1.80433
1.64558
1.47725
1.54941
1.71864
1.60539
1.50021
1.78768
1.64698
2.06202
1.333
1.96422
1.65464
1.3474
2.3679
1.11844
1.53568
1.74901
1.49575
1.83356
1.58128
1.7522
1.90914
1.69999
1.58103
1.77481
1.47751
1.65686
1.50579
1.63173
1.43898
1.89775
1.45388
1.77735
1.87504
1.8798
1.44957
2.21004
2.25202
1.80985
1.65192
1.39105
1.3365
1.42652
1.68626
1.62177
1.89145
1.56612
2.05121
1.20277
1.39394
2.01957
1.68278
1.8914
1.78107
1.09738
2.09597
1.98844
1.74454
1.62485
1.6726
1.77283
1.88863
1.24811
2.07006
1.69112
2.02604
1.57153
1.48247
2.02016
1.28284
1.79935
2.09041
1.61557
1.78041
1.88352
1.60866
1.42097
1.69036
1.62112
2.10583
1.41629
1.29249
2.13016
1.69227
1.46808
1.27224
1.43186
1.57126
2.14394
1.3949
1.23784
1.83117
1.50872
2.44197
1.66855
2.26326
1.30954
1.4339
1.52343
1.58047
1.75242
1.64896
1.5515
1.47172
1.33816
1.64276
1.68648
1.00766
1.85244
1.61863
1.75106
1.41211
1.62604
2.0677
1.42142
1.59214
1.70548
1.4695
1.63945
1.51909
1.67334
1.39139
1.48499
2.0421
1.4231
2.1977
1.82405
1.8457
1.75817
1.31419
1.66375
1.62794
1.48037
1.79164
1.8907
1.47152
1.757
1.53174
2.10462
1.65176
1.6754
1.46159
1.65767
1.65391
1.19273
1.10762
1.53905
1.734
1.60211
1.53919
1.68058
1.63873
1.47468
2.03864
1.70849
1.7532
1.54537
1.73092
1.84288
1.43933
1.56112
1.68623
1.69374
1.66741
1.61307
1.58254
1.52891
1.88905
1.32342
1.57217
2.37963
1.25754
1.61903
1.55929
2.01349
1.47143
1.79979
1.69832
1.52767
1.49856
1.55515
1.66675
1.52202
1.74735
1.47039
2.03945
1.51686
1.8004
1.91677
1.27807
1.98752
1.1819
1.51733
1.68899
1.45196
1.90434
2.07122
1.88905
1.69994
2.13892
1.71748
1.3939
1.80124
1.56404
1.77648
1.70421
1.33975
1.84393
2.02922
2.36876
1.71008
1.47028
2.31062
1.4281
1.29271
1.77748
1.68328
2.01282
1.91441
1.57376
1.69568
1.70871
1.49515
1.77115
1.41007
1.78642
1.43658
1.69539
1.9062
1.45111
1.59549
1.96628
1.66869
1.72911
1.44576
1.64653
1.63147
2.35818
1.32365
1.47959
1.68445
1.48526
2.26843
1.88086
1.67818
1.45788
1.51213
2.13778
1.94721
1.7737
1.67243
1.96353
1.45602
2.0245
1.66261
1.57399
1.53836
2.02156
1.35213
1.71518
1.89402
1.78036
1.777
1.68672
1.22314
1.64801
1.40337
1.45607
1.81419
1.53292
1.89389
1.51482
1.45511
1.32537
1.56842
1.48462
2.02993
1.68845
1.55835
1.80859
2.02125
1.33425
2.00485
1.82961
1.57188
1.94867
1.94165
1.59417
1.50551
2.09307
1.41236
1.93902
1.79053
1.32421
1.50191
1.6895
1.74579
1.9452
1.63275
1.54343
1.60376
1.75565
1.7245
1.4688
1.48288
1.90382
1.34351
1.38388
2.04323
2.20392
1.65775
1.46223
1.85449
1.85192
2.34943
1.27499
1.69454
1.51325
1.80456
1.63521
1.82274
1.373
1.94927
1.80235
1.35852
1.86185
1.26441
1.51422
1.85497
1.84768
2.05784
1.10627
1.63022
1.4961
1.54829
1.58357
2.34364
1.72906
1.35019
1.72443
1.61077
1.32865
1.95445
1.72398
1.69663
1.86769
1.55093
1.45588
1.18977
1.83617
1.70732
1.61608
1.8705
1.53882
1.41347
1.42384
1.76423
1.49082
1.17824
1.74744
1.56677
1.60728
1.90952
1.5545
1.99226
1.71146
1.74993
1.52505
1.56587
2.1257
1.49868
1.98594
1.52829
1.63221
1.87162
1.47804
1.7937
2.1191
1.95802
1.66803
1.97085
1.32981
1.91182
1.87074
2.22011
2.04623
1.94044
1.66849
1.94464
1.33106
1.60273
1.63029
1.37038
1.60869
1.56029
2.07907
1.8059
1.85865
2.27771
1.64061
1.55209
1.59734
1.80329
1.38296
2.2544
1.13532
1.83137
1.42205
1.5354
1.65632
1.27573
1.82256
1.88372
1.3418
1.97604
1.39333
1.33553
1.41867
1.8749
1.45638
1.71227
1.56955
1.74675
1.74905
1.59024
1.72029
2.05521
2.07216
1.60106
1.48696
1.84978
1.65204
1.69308
1.2882
1.80289
1.57378
1.93114
1.43519
1.55024
1.42227
2.19372
1.49868
2.21488
1.46201
1.48583
1.79872
1.41743
1.48639
2.08613
1.52676
1.29161
1.43453
1.41615
1.71172
1.42596
2.13449
1.70975
1.87198
1.58033
1.69158
1.47927
1.49342
1.56889
1.66513
1.71811
1.47073
1.35101
2.10148
1.92376
1.84844
1.68686
2.03043
1.61115
1.67816
1.82699
1.97078
1.56916
1.92218
1.83369
1.61648
1.6417
1.77065
1.89064
2.12099
1.77043
1.20798
1.98406
1.56758
1.38999
1.92796
1.63811
1.51581
1.59103
1.36939
1.3308
1.4837
1.80384
1.47595
1.20034
2.129
2.14314
1.53672
2.08475
1.83931
1.79471
1.67124
1.49912
1.69037
1.48709
1.45472
1.49805
1.49328
1.45046
1.83456
1.62524
1.36951
1.26069
1.23813
1.46996
1.49551
1.56899
1.82117
1.6188
1.64899
2.19585
1.58092
1.54206
1.82028
1.28852
1.60794
1.28374
1.32165
1.57812
1.43348
1.32679
1.56563
2.18199
1.69956
1.38333
1.77113
1.77495
2.11667
1.54457
1.46849
2.0312
1.65752
1.77784
1.80779
1.66845
2.03314
1.78904
1.82952
1.75992
1.71585
1.84032
1.43708
2.17441
2.04423
1.47025
1.50419
1.5226
1.61019
1.616
1.62741
1.73233
1.97247
1.86014
1.84064
1.23023
1.46041
1.50911
1.37261
1.70945
1.94932
1.5803
1.95668
1.37149
1.4274
1.80375
1.41601
1.58729
1.53749
1.72052
1.62149
1.64829
1.30883
1.44671
1.48666
1.76784
1.55688
1.30866
1.42812
2.05962
1.42064
1.51065
1.62755
1.83947
1.41114
1.4395
1.3774
1.78426
1.29851
1.54329
1.49479
1.87628
2.07289
1.59814
1.60892
2.06803
1.6135
1.81377
1.65168
1.44234
1.9631
1.3251
2.04253
2.45101
1.5327
1.37956
1.34645
1.52439
1.45861
1.69851
1.65367
1.47061
1.91937
1.42418
2.33808
1.56862
1.48821
2.07779
1.67659
1.42403
1.45413
1.57734
1.53306
1.70951
2.23083
1.66713
1.43723
1.85851
2.27616
1.4443
2.01681
1.9388
1.24961
1.69153
1.84521
2.13641
1.28904
1.80522
1.75174
1.76822
1.47017
1.33
1.70228
1.72076
1.39954
1.92169
1.6755
1.84341
2.0977
2.20406
1.50378
1.45452
1.93475
1.80655
1.5373
1.32198
1.29698
1.56621
1.58766
1.74748
1.91793
1.55983
1.69157
1.41598
1.29374
1.35618
1.62239
1.96648
1.82032
2.08693
1.48005
1.91238
1.55111
1.62704
1.87225
1.57399
1.42208
1.79524
1.32359
1.51788
1.68054
1.90204
1.57904
1.47021
1.50373
1.28939
1.67289
1.77513
1.83952
1.58283
1.46089
1.71276
1.51572
1.89028
1.55
2.01588
1.5282
1.52627
1.89857
1.55701
2.52739
1.55222
1.43909
1.47261
1.40322
1.69828
1.75794
1.79489
1.63363
1.64675
1.60963
1.91361
2.17104
1.8586
1.55186
1.6463
1.59857
1.72605
1.94397
2.02106
1.93098
1.45613
1.80141
1.42707
1.66277
1.43045
1.61812
1.74436
1.70557
1.43301
1.40429
1.52413
1.43403
1.86318
1.47377
1.44494
1.4409
1.86684
1.5979
1.55216
1.6847
1.83584
1.73335
1.54059
2.40026
1.39864
1.68761
1.88522
1.9303
1.72417
1.58658
1.93759
1.78308
1.59187
1.83846
1.33359
1.57422
1.83711
1.48591
1.67933
1.64641
1.46085
1.28455
1.51717
1.20922
1.63434
1.78194
1.71042
1.87991
2.4586
1.63365
1.81412
2.63207
1.18971
1.28532
1.67638
1.54804
1.60672
2.47429
1.58055
1.16922
2.18238
1.40458
1.33573
1.6642
1.59139
1.75392
1.81871
1.48763
1.11339
1.93503
1.72226
1.37877
1.36544
1.73943
1.56821
1.71689
1.78567
1.59935
2.13624
1.69958
1.97728
1.19176
1.89883
1.53157
1.85855
1.49317
2.45096
2.18055
1.90162
1.48763
1.28857
1.4915
1.46063
1.59078
2.00572
1.61142
1.58046
1.30338
1.78427
1.50417
1.6725
1.92706
1.28502
1.4559
1.39109
1.72096
1.647
1.51288
1.42111
1.82337
1.68332
1.37762
1.75665
2.44908
1.68516
1.5411
1.52274
1.72544
1.50486
1.55643
1.25446
1.41129
1.62587
1.6884
1.68611
1.98739
1.83381
1.31977
1.71523
1.75288
2.12777
2.00832
1.74749
1.82166
1.67295
1.42582
1.59829
1.71605
1.50439
2.16688
1.6972
1.32035
1.1947
2.20827
1.73886
1.56808
1.67661
1.80599
1.61547
2.18153
1.46658
2.03751
1.91801
1.79806
1.99594
1.19492
1.67971
1.52213
1.73175
1.92546
1.59069
1.6101
1.77687
2.32939
1.18114
2.02811
1.92356
1.87857
2.11457
2.16984
2.17744
2.06808
2.30393
1.83288
1.63578
1.17965
1.56498
1.57172
2.12868
2.01136
1.49341
1.92029
1.78771
1.54316
1.91776
1.72933
1.67125
1.63541
1.3075
1.35686
1.50963
2.38111
1.93119
1.71647
1.74262
1.81677
1.45535
1.55317
2.14218
2.26499
1.54281
1.65847
1.15245
1.95609
1.72286
1.84175
2.06479
1.51581
1.83745
1.37379
1.65913
1.69599
1.58323
1.48754
1.53481
1.40157
1.64209
1.30073
1.22292
1.34581
1.63167
1.53606
1.22351
1.73897
1.38453
1.59997
1.57808
2.06581
1.6265
1.48284
2.08614
1.88287
1.8329
1.60858
1.24641
1.54977
1.56915
1.66182
1.29053
1.99172
1.57785
1.37001
1.64752
2.11368
1.43214
1.57207
1.72783
1.17312
1.83292
1.94921
1.31029
1.73511
1.71808
1.63125
1.56183
1.42964
1.42751
1.56382
1.85844
1.93842
2.34686
1.40835
1.65017
1.26282
1.33157
1.80433
1.64558
1.47725
1.54941
1.71864
1.60539
1.50021
1.78768
1.64698
2.06202
1.333
1.96422
1.65464
1.3474
2.3679
1.11844
1.53568
1.74901
1.49575
1.83356
1.58128
1.7522
1.90914
1.69999
1.58103
1.77481
1.47751
1.65686
1.50579
1.63173
1.43898
1.89775
1.45388
1.77735
1.87504
1.8798
1.44957
2.21004
2.25202
1.80985
1.65192
1.39105
1.3365
1.42652
1.68626
1.62177
1.89145
1.56612
2.05121
1.20277
1.39394
2.01957
1.68278
1.8914
1.78107
1.09738
2.09597
1.98844
1.74454
1.62485
1.6726
1.77283
1.88863
1.24811
2.07006
1.69112
2.02604
1.57153
1.48247
2.02016
1.28284
1.79935
2.09041
1.61557
1.78041
1.88352
1.60866
1.42097
1.69036
1.62112
2.10583
1.41629
1.29249
2.13016
1.69227
1.46808
1.27224
1.43186
1.57126
2.14394
1.3949
1.23784
1.83117
1.50872
2.44197
1.66855
2.26326
1.30954
1.4339
1.52343
1.58047
1.75242
1.64896
1.5515
1.47172
1.33816
1.64276
1.68648
1.00766
1.85244
1.61863
1.75106
1.41211
1.62604
2.0677
1.42142
1.59214
1.70548
1.4695
1.63945
1.51909
1.67334
1.39139
1.48499
2.0421
1.4231
2.1977
1.82405
1.8457
1.75817
1.31419
1.66375
1.62794
1.48037
1.79164
1.8907
1.47152
1.757
1.53174
2.10462
1.65176
1.6754
1.46159
1.65767
1.65391
1.19273
1.10762
1.53905
1.734
1.60211
1.53919
1.68058
1.63873
1.47468
2.03864
1.70849
1.7532
1.54537
1.73092
1.84288
1.43933
1.56112
1.68623
1.69374
1.66741
1.61307
1.58254
1.52891
1.88905
1.32342
1.57217
2.37963
1.25754
1.61903
1.55929
2.01349
1.47143
1.79979
1.69832
1.52767
1.49856
1.55515
1.66675
1.52202
1.74735
1.47039
2.03945
1.51686
1.8004
1.91677
1.27807
1.98752
1.1819
1.51733
1.68899
1.45196
1.90434
2.07122
1.88905
1.69994
2.13892
1.71748
1.3939
1.80124
1.56404
1.77648
1.70421
1.33975
1.84393
2.02922
2.36876
1.71008
1.47028
2.31062
1.4281
1.29271
1.77748
1.68328
2.01282
1.91441
1.57376
1.69568
1.70871
1.49515
1.77115
1.41007
1.78642
1.43658
1.69539
1.9062
1.45111
1.59549
1.96628
1.66869
1.72911
1.44576
1.64653
1.63147
2.35818
1.32365
1.47959
1.68445
1.48526
2.26843
1.88086
1.67818
1.45788
1.51213
2.13778
1.94721
1.7737
1.67243
1.96353
1.45602
2.0245
1.66261
1.57399
1.53836
2.02156
1.35213
1.71518
1.89402
1.78036
1.777
1.68672
1.22314
1.64801
1.40337
1.45607
1.81419
1.53292
1.89389
1.51482
1.45511
1.32537
1.56842
1.48462
2.02993
1.68845
1.55835
1.80859
2.02125
1.33425
2.00485
1.82961
1.57188
1.94867
1.94165
1.59417
1.50551
2.09307
1.41236
1.93902
1.79053
1.32421
1.50191
1.6895
1.74579
1.9452
1.63275
1.54343
1.60376
1.75565
1.7245
1.4688
1.48288
1.90382
1.34351
1.38388
2.04323
2.20392
1.65775
1.46223
1.85449
1.85192
2.34943
1.27499
1.69454
1.51325
