1.01329
1.00525
1.00156
1.00758
1.00277
1.00538
1.00845
1.00245
1.00137
1.0066
1.00972
1.0024
1.00597
1.00303
1.00553
1.00393
1.00093
1.00809
1.01338
1.00302
1.00589
1.00138
1.01471
1.00856
1.00575
1.00251
1.00632
1.00426
1.01094
1.00372
0.999882
1.01707
1.00453
1.00534
1.01172
1.00234
1.00688
1.00457
1.00848
1.00946
1.01338
1.01442
1.00142
1.0094
1.00138
1.00647
1.00703
1.00176
1.02044
1.00831
1.01364
1.00402
1.00064
1.01245
1.00709
1.00735
1.0028
1.0053
1.00796
1.00173
1.00801
1.01281
1.00874
1.00355
1.01009
1.00589
1.00737
1.00989
1.00308
1.01754
1.01898
1.00821
1.00353
1.00209
1.00634
1.00263
1.00611
1.00226
1.00491
1.00415
1.01017
1.00244
1.01049
1.0007
1.00584
1.00112
1.0105
1.00215
1.00058
1.00388
1.00553
1.00245
1.01063
1.00039
1.00174
1.01366
1.00489
1.00433
1.00257
1.00625
1.00686
1.02756
1.00187
1.00251
1.00201
1.00917
1.00815
1.00318
1.00282
1.01827
1.00612
1.00268
1.01693
1.00274
1.00253
1.0094
1.01592
1.00156
1.00531
1.00494
1.00232
1.02144
1.00692
1.00253
1.00214
1.00856
1.00183
1.00487
1.00177
1.00823
1.00853
1.00808
1.00263
1.00779
0.999429
1.0074
1.01754
1.0002
1.00829
1.00538
1.00172
1.0436
1.00036
1.02282
1.00801
1.00403
1.00721
1.00271
1.00397
1.01565
1.01146
1.00042
1.00392
1.01911
1.00488
1.00776
1.00001
1.00074
1.00405
1.00257
1.01138
1.00381
1.00444
1.02459
1.00763
1.0136
1.00886
1.00457
1.00242
1.00241
1.00519
1.00055
1.00377
1.00523
1.00427
1.00727
1.01443
1.00626
1.0011
1.01769
1.0026
1.00353
1.00288
1.00483
1.01667
1.00975
1.00537
1.00203
1.00407
1.022
1.01143
1.00029
1.00403
1.00603
1.01622
1.00313
1.00328
1.00274
1.00166
1.01284
1.00785
1.00825
1.00011
1.00563
1.00233
1.0048
1.00216
1.01505
1.00169
1.00773
1.00739
1.00446
1.00003
1.00574
1.00648
1.00636
1.00666
1.00399
1.00328
1.01191
1.034
1.00907
1.01519
1.00397
1.02365
1.02521
1.01274
1.01051
1.00229
1.00424
1.00225
1.00177
1.025
1.00383
1.00384
1.00457
1.01046
1.01134
1.00593
1.00217
1.0028
1.00257
1.005
1.00182
1.00606
1.00084
1.00972
1.00264
1.00289
1.0042
0.999932
1.00691
1.00507
1.00334
1.00181
1.01084
1.00316
1.00286
1.00313
1.00641
1.00768
1.01062
1.0043
1.00331
1.00428
1.0035
1.01034
1.00522
1.01554
1.01148
1.01169
1.00713
1.00589
1.00228
1.00236
1.00666
1.01026
1.00659
1.00492
1.00088
1.01311
1.00403
1.00324
1.00509
1.00337
1.00245
1.0051
1.00903
1.004
1.01811
1.00832
1.0134
1.00189
1.0028
1.00698
1.01131
1.00318
1.00765
0.99954
1.00302
1.00961
1.01964
1.00333
1.00362
1.01965
1.00202
1.01424
1.00336
1.00244
1.0086
0.999007
1.01065
1.00832
1.00474
1.00225
1.00636
1.00385
1.00451
1.00218
1.00197
1.00515
1.00413
1.00089
1.00737
1.00804
1.0012
1.00242
1.01431
1.00615
1.00544
1.00426
1.00385
1.00842
1.00559
1.0065
1.00257
1.00561
1.01298
1.0036
1.00215
1.0047
1.01023
1.00267
1.01269
1.01632
1.00305
1.00309
1.01675
1.00674
1.00175
1.00127
1.00701
1.01159
1.01365
1.00437
1.01591
1.00132
1.00259
1.00018
1.01452
1.00586
1.01793
1.00489
1.00348
1.00791
1.00753
1.00543
1.00463
1.00516
1.02709
1.00268
1.00481
1.00562
1.00184
1.00297
1.01132
1.00668
1.00884
1.0066
1.00597
1.00074
1.02236
1.00145
1.00246
0.999437
1.00606
1.00197
1.00101
1.00825
0.998516
1.00422
1.01265
1.00442
1.00656
1.01342
1.00267
1.00308
1.00282
1.0114
1.0054
1.00433
1.01069
1.0095
0.997564
1.00244
1.01628
1.01017
1.01042
1.00277
1.00436
1.01529
1.01225
1.00402
1.00745
1.01597
1.00894
1.00687
1.01007
1.00144
1.00137
1.0069
1.00702
1.00439
1.00013
1.00283
1.01269
1.01467
1.00776
1.00317
1.03898
1.01474
1.00672
1.00161
1.00367
1.00665
1.00016
1.00677
1.00773
1.00494
1.02361
1.014
1.00983
1.00198
1.00855
1.01453
1.00168
1.00718
1.00781
1.00026
1.00856
1.00554
1.00352
1.00992
1.00103
1.00945
1.00424
1.01398
1.00794
1.01985
1.01105
1.00968
1.01001
1.00562
1.0054
1.00968
1.00244
1.01546
1.00506
1.00356
1.00217
1.01158
1.01436
1.00829
1.01908
1.01071
1.00006
1.00565
1.02207
1.01349
1.00377
1.00205
1.00443
1.00373
1.01247
1.0165
1.00368
1.01399
1.00202
0.999835
1.00056
1.00675
1.00412
1.00594
1.00583
1.00247
1.01178
1.00454
1.00619
1.01057
0.999824
1.00127
1.00468
1.00133
1.01108
1.00502
1.00632
1.01243
1.00389
1.00127
1.00529
1.00962
1.0116
1.00658
1.00551
1.00202
1.0042
1.00689
1.00523
1.00142
1.00213
1.00309
1.00583
1.00115
1.00172
1.01653
1.00404
1.00063
1.00371
1.00627
1.00543
1.00141
1.00417
1.00071
1.00212
1.00406
1.00313
1.01124
1.00156
1.00847
1.01296
1.00486
1.00386
1.00574
1.01212
1.0015
1.00744
1.00386
1.00349
1.00401
1.00705
1.00706
1.00678
1.00331
1.00631
1.01533
1.00671
1.00774
1.01173
1.00143
1.00553
1.00067
1.00298
1.00585
1.00285
1.00312
1.00408
1.02398
1.0039
1.00518
1.00951
1.00376
1.00279
0.999412
1.00028
1.00754
1.00454
1.01519
1.00047
1.00525
1.00272
1.00238
0.999009
1.00205
1.00167
1.00381
1.00534
1.00821
1.00493
1.00554
1.0018
1.00334
1.00142
1.00286
1.00452
1.008
1.0047
1.0072
1.00168
1.01456
1.01109
1.00452
1.00304
1.00271
1.00966
1.00266
1.00681
1.00202
1.00524
0.998734
1.00265
1.01357
1.00335
1.00432
1.00349
1.00141
1.00772
1.00379
1.00621
1.0032
1.00854
1.00142
1.00722
1.00615
1.00756
1.00547
1.01558
1.01083
1.01997
1.00617
0.999695
1.00223
1.00561
1.0072
1.00431
1.00591
1.00508
1.00202
1.00316
1.00515
1.0027
1.00685
1.00322
1.00694
1.00422
1.00389
1.00337
1.0029
1.01813
1.0097
1.00194
1.00336
1.0027
1.00447
1.00534
1.00472
1.0029
1.00554
1.01635
1.00318
1.01656
1.00864
1.00904
1.00632
1.00895
1.00468
1.00521
1.00457
1.00301
1.01321
1.00103
1.00543
1.01926
1.0078
1.00419
1.00481
1.00271
1.00167
1.00235
1.00682
1.00361
1.00022
1.00788
1.01035
1.00184
1.00441
1.00783
1.00396
1.00971
1.00399
1.00592
1.00554
1.00414
1.01186
1.00561
1.00551
1.00737
1.00158
1.00067
1.00548
1.0031
1.00551
1.0044
1.00586
1.01992
1.0104
1.00142
1.00423
1.01747
1.03455
1.007
1.00614
1.00706
1.00311
1.02989
1.01036
1.00614
1.01096
1.00245
1.02014
1.00033
1.00468
1.0098
1.00762
1.00024
1.00494
1.01786
1.02655
1.00582
1.00981
1.01668
1.02152
1.00625
1.00158
1.01285
1.00485
1.00435
1.00286
1.00295
1.00399
1.0251
1.00275
1.00676
1.02922
1.00187
1.00379
1.00796
1.02117
0.99934
1.00357
1.00105
1.00621
1.00803
1.00358
1.00183
1.00462
1.00754
1.00084
1.00307
1.00901
1.00782
1.00537
1.02789
1.0064
1.00445
1.00508
1.00548
1.00347
1.0077
1.00165
1.01157
1.00252
1.00123
1.0145
1.00319
1.00113
1.00575
1.00339
1.01282
1.00619
1.00963
1.00503
1.01319
1.00364
1.00847
1.0071
1.00307
1.00794
1.00305
1.0007
1.00202
1.01013
1.00398
1.00466
1.00291
1.00717
1.00491
1.00468
1.00063
1.01781
1.00263
1.01346
1.00238
1.00096
1.00977
1.0082
1.00627
1.01196
1.00644
1.00278
1.00116
1.00231
1.00847
1.0148
1.02331
1.00783
0.997963
1.00324
1.00309
1.00213
1.00274
1.01843
1.0086
1.00851
1.00165
1.004
1.01831
1.01307
1.00199
1.00155
1.00169
0.999219
1.02968
1.00093
1.00072
1.01109
1.00185
1.00333
1.00179
1.00181
1.01573
1.00228
1.0022
1.0136
0.999042
1.01045
1.00129
1.00482
1.00381
1.00383
1.00805
1.00563
1.00678
1.00752
1.00733
1.00204
1.01435
1.00631
1.00548
1.01396
1.006
1.00705
1.00234
1.00186
1.00183
1.02565
1.0049
1.01581
1.00276
1.00124
1.0013
1.00106
1.00615
1.00564
1.00359
1.00229
1.01188
1.00587
1.00018
1.01954
1.0006
1.01445
1.00639
1.0011
1.01242
1.017
1.00639
1.00124
1.00734
1.00424
1.00033
1.00256
1.00125
1.00281
1.00864
1.00677
1.0049
1.00501
1.00397
1.00784
1.01674
1.01421
1.00321
1.00928
1.00328
1.00374
1.01032
1.00401
1.00052
1.00122
1.01276
1.00734
1.00607
1.00313
1.00589
1.00411
1.01754
1.00775
1.00504
1.00651
1.00333
1.00446
1.00011
1.00891
1.00461
1.01702
1.00889
1.00341
1.00142
1.02416
1.0087
1.01673
1.00728
1.00188
1.01568
1.00512
1.00555
1.00062
1.00307
0.997984
1.00014
1.01535
0.998433
1.00479
1.00398
1.00561
1.00317
1.0078
0.99986
1.02828
1.00481
1.0082
1.00087
1.00178
1.01146
1.01776
1.00355
1.00982
1.01336
1.01808
1.00421
1.00987
1.01034
1.0038
1.00994
1.00519
1.00295
1.01469
1.01445
1.00904
0.99978
1.00259
1.01648
1.00823
1.00215
1.00446
1.00859
1.0047
1.01749
1.0051
1.003
1.00714
1.00148
1.00237
0.999903
1.01489
1.01106
1.03884
1.00497
1.00789
1.00383
1.00989
1.00195
1.00341
1.00331
1.00587
1.00251
1.01367
1.00171
1.00116
1.00173
1.00093
1.00196
0.999871
1.00577
1.00071
1.00576
1.00422
1.00061
1.00127
1.0076
1.00186
1.00249
1.00424
1.00245
1.00315
1.002
1.00239
1.00292
1.00454
1.00019
1.00491
1.00016
1.00144
0.998245
1.00472
1.00219
1.00506
1.00279
1.00433
1.00235
1.00197
1.01056
1.00137
1.00488
1.0156
1.00359
1.00239
1.00297
1.00458
1.00837
1.00877
1.0066
1.00205
1.00754
0.999846
1.00307
1.0043
1.00684
1.02059
0.999751
1.01462
1.00057
1.00003
1.00906
1.01157
1.0073
1.00527
1.00496
1.00135
1.0016
1.00124
1.00926
1.00919
1.00284
1.00952
1.00459
1.00026
0.999824
1.00311
1.00529
1.01647
1.00686
1.00225
0.999359
1.00101
1.00371
1.00301
1.00263
1.0035
1.00048
1.00503
1.00069
1.00937
1.00204
1.00112
0.999378
1.0113
1.00174
1.0003
1.00097
1.00287
1.00352
1.00667
1.00116
1.00223
1.0101
1.00285
1.00426
1.00281
1.00303
1.00069
1.02163
0.999683
1.00015
1.00164
1.00735
1.00323
1.00389
1.00507
1.00758
1.00097
1.00554
1.01425
1.00153
1.00166
1.00411
1.00814
1.00013
1.00477
1.00668
1.00181
1.00898
1.00334
1.00237
0.999443
1.00196
1.00023
1.00225
0.999447
1.00019
1.00075
1.00157
1.00203
1.00802
0.999724
1.00585
1.00702
1.00333
1.00415
1.00164
1.00135
1.04203
0.999904
1.01952
1.00175
0.999814
1.00104
1.00068
0.998281
1.00288
1.01277
1.00053
1.00503
1.01677
1.00633
1.00514
0.999841
1.00028
1.00855
1.00274
1.00792
1.00388
1.00826
1.01561
1.0021
1.01159
1.01083
1.00446
1.00287
1.00093
0.998829
1.00239
1.00332
1.00087
1.00014
1.00227
1.0147
1.00531
0.998977
1.01094
1.00003
1.0031
1.00315
1.00179
1.01544
0.999922
1.00238
1.00288
1.00438
1.02179
1.01138
1.0013
1.00401
1.00506
1.01284
1.00395
1.00171
1.00049
1.00228
1.01002
1.00959
1.00592
1.0008
1.0067
0.999895
1.00365
1.00043
1.01085
1.00035
1.00004
1.00653
1.00101
1.0008
1.00302
1.00347
1.00519
1.00484
1.0034
1.00077
1.00861
1.02822
1.00637
1.01256
1.00188
1.01611
1.02915
1.00149
1.00583
1.00191
0.999405
1.00257
1.00367
1.01512
0.998308
1.00441
1.00432
1.00001
1.0107
1.00489
1.00094
1.0014
1.00033
1.00264
1.00416
1.00472
1.00061
1.00084
0.999876
1.00029
1.00438
1.00059
1.00491
1.00206
1.00327
1.00319
1.00819
1.0027
1.00107
1.00032
1.00068
1.00308
1.00548
1.00478
1.00399
1.00253
1.00085
1.00051
1.00501
1.01251
1.00772
1.00781
1.00484
1.00719
1.00086
1.00131
1.00585
1.00445
1.00797
1.00084
1.00021
1.01247
0.999932
1.00366
1.00477
1.00016
0.999259
1.00202
1.00532
1.00096
1.01852
1.0114
1.00503
1.00111
1.00456
1.00031
1.00797
1.00333
1.00432
0.999817
1.0019
1.00399
1.0127
1.00226
1.00271
1.01727
1.00298
1.01208
1.00144
1.00019
1.00641
0.998323
0.999963
1.00148
1.00122
1.00497
1.00273
1.00118
1.00587
1.00091
0.999891
1.0057
1.00279
1.00061
1.00368
1.00233
1.00132
1.00037
1.01042
1.00339
0.999427
1.00059
1.00061
1.00364
1.00208
1.00569
1.00145
1.00026
1.01151
1.00264
1.00229
1.00157
1.0011
1.00248
1.00596
1.0095
0.999979
1.00209
1.01423
1.00364
0.998696
1.00245
1.00826
1.01576
1.01116
1.00549
1.01507
1.00302
1.0034
1.00011
1.01354
1.00137
1.00901
1.00382
1.00066
1.00384
1.00409
0.998966
1.0039
1.00537
1.02591
1.00023
1.00533
1.00566
1.00265
1.00112
1.00377
1.00053
1.00544
1.00217
1.0024
1.00007
1.02291
0.99983
0.999989
1.00176
1.00051
1.00278
1.00008
1.00813
1.0015
1.00479
1.00201
1.00402
1.003
1.00811
1.00043
1.0016
1.00273
1.0101
1.0007
1.00391
1.00466
1.00045
0.999414
1.00299
1.00946
1.00138
1.00163
1.00634
1.00368
1.01348
1.00045
1.00599
1.00117
1.01258
1.00684
0.999877
1.00474
1.0033
1.00126
1.00636
1.00547
1.00177
1.00035
1.00287
1.00113
1.00363
1.00396
1.00087
1.02679
1.00387
1.00085
1.0011
1.00118
1.00718
1.00028
1.00022
1.00689
1.00149
1.02011
1.01245
1.00002
1.00297
1.01192
1.01005
1.00288
1.0042
1.0009
1.00024
1.00545
1.00118
1.00703
1.00044
1.00203
1.00743
1.0014
1.01451
1.01151
1.01932
1.00765
1.00682
1.00143
0.999456
1.00744
1.00906
0.999257
1.01724
1.0004
1.0018
1.001
0.999864
1.0076
1.00342
1.01169
1.00317
1.00096
1.00398
1.02353
1.0074
0.999747
1.00394
1.00365
1.00212
1.00036
1.0154
1.00151
1.00253
1.00137
0.999299
1.00074
1.00129
0.999943
1.00012
1.0019
1.00131
1.01275
1.00309
1.0002
1.01032
0.999172
1.0007
1.00112
1.00109
1.00892
0.99946
1.00179
1.00088
1.00443
1.00051
1.00466
1.00928
1.00831
1.00061
1.00463
1.00148
1.00538
1.00343
1.00271
0.999753
1.00117
1.00323
1.00324
1.00076
0.999825
1.01731
1.00429
1.00022
1.00229
1.00143
1.00289
1.00196
1.00533
0.999524
1.00219
1.00131
1.00352
1.00329
1.0005
1.00182
1.01377
1.00331
1.00283
1.00167
1.00229
1.00185
1.00753
1.00157
1.00354
1.00502
1.00182
1.00822
1.00163
1.00156
1.00087
1.01287
0.998547
1.00566
1.00468
1.00114
1.00443
1.00069
1.00387
0.998904
1.00349
1.00291
1.00394
1.00524
1.00279
1.00261
1.00825
1.00077
1.00358
1.00011
1.00023
1.00544
1.00677
1.01555
0.998579
1.00647
1.00129
1.00188
0.998608
1.00016
1.00084
1.00391
1.0037
1.0002
1.00026
1.00453
0.999589
1.00263
1.00172
1.00389
1.00042
1.00582
1.00384
1.00186
1.00096
1.00487
1.0092
1.00545
1.00341
1.0004
1.00223
1.00244
1.00276
1.0023
1.0069
0.998641
1.00079
1.01197
1.00206
1.00102
1.0021
1.00103
1.0008
1.00203
1.00751
1.00377
1.0041
1.0027
1.00513
1.00226
1.00104
1.00053
1.01779
1.00081
1.00484
1.00506
0.999688
1.00032
0.99994
1.00663
1.00135
0.999476
1.00204
1.00053
1.00007
1.00429
1.00042
1.00859
1.00203
1.00467
1.0014
1.00099
1.00231
1.00038
1.00816
1.00037
1.00139
1.00071
1.00039
0.999407
1.00222
1.00123
1.00131
1.00119
1.01257
1.00083
1.01233
1.00098
1.00401
1.00535
1.00831
1.00079
1.0011
1.00209
1.00035
1.01194
1.00053
1.00469
1.01117
1.00519
1.00022
1.00237
1.00141
1.00062
1.00102
1.00216
1.00129
0.999943
1.00335
1.00027
1.001
1
1.0053
1.00966
1.00673
1.00383
1.00246
1.0047
1.00318
1.01262
1.0046
1.00191
1.00378
1.00184
1.00146
1.00396
1.00493
1.00513
1.00079
1.00555
1.01159
1.01217
1.00134
1.00163
1.01466
1.03274
1.01623
1.00734
1.004
1.00045
1.01592
1.01023
1.00854
1.00098
1.00265
1.0083
1.00199
1.00394
1.00464
1.00549
1.00195
1.00211
1.01306
1.02172
1.00078
1.01146
1.01882
1.01884
1.00471
1.00127
1.01306
1.001
1.00342
1.00236
1.00147
1.00437
1.01887
0.999968
1.00195
1.00951
1.00135
1.00346
1.00849
1.01919
1.00012
1.00192
0.999143
1.00708
1.01121
1.00197
1.00213
1.0002
0.99965
1.00185
1.00231
1.01038
1.00469
1.00403
1.01737
1.00272
1.00016
1.00118
1.00009
0.999245
1.00146
1.00251
1.00911
1.00126
1.00229
1.01245
1.00255
1.00164
1.00058
1.00217
1.0023
1.00361
1.00281
1.00194
1.01281
1.00319
1.01078
1.00233
1.00055
1.00049
1.00147
0.99936
1.00218
1.00875
1.00256
1.00145
1.00379
1.00816
1.00272
1.00709
0.999779
1.01783
0.999022
1.01349
1.00114
1.0003
1.00412
1.00724
1.00477
1.00827
1.00229
1.00131
1.00024
1.00365
0.999932
1.01101
1.0238
0.999213
1.00997
1.00066
1.0018
1.00211
1.00117
1.0158
1.00602
1.00224
1.00112
1.00059
1.01882
1.01417
1.00094
1.00131
1.00233
1.00056
1.0268
1.0001
1.00076
1.00974
1.00141
1.00057
1.00301
1.00082
1.01238
1.00085
1.00337
1.00211
0.999351
1.00731
1.00041
1.00564
1.00049
1.00324
1.00338
1.00048
1.00605
1.00576
1.00543
1.00204
1.01107
0.999146
1.00024
1.01333
1.00077
1.00784
1.00379
1.00143
1.0037
1.01026
1.00177
1.01479
1.00402
0.998671
1.00005
0.99894
1.00381
1.00257
1.0031
1.00054
1.00281
1.00559
1.00047
1.01812
1.00137
1.00545
1.00404
1.00108
1.01304
1.00561
0.99932
1.00286
1.00283
1.00497
0.999434
1.00183
1.00129
1.00172
1.00007
1.0049
1.00653
1.00016
1.00286
1.00653
1.01317
1.01439
1.00185
1.00393
1.00036
1.00182
1.00034
1.00006
0.999891
1.00138
1.0072
1.00335
1.00037
1.00288
1.00308
1.00291
1.00319
1.00599
1.00286
1.00321
1.00217
1.00997
1.00093
1.0026
1.00107
1.02037
1.00479
1.00411
1.00172
1.02526
1.00484
1.00578
1.00229
0.999324
1.01351
1.00595
1.00208
0.999721
1.00093
0.998045
1.00136
1.01211
1.00113
0.998633
1.00375
1.00288
1.00182
1.00194
0.999311
1.02375
1.00291
1.00044
0.998935
1.00147
1.01145
1.01397
1.00443
1.00432
1.00288
1.01603
1.00498
1.01078
0.998829
1.00105
1.00642
1.0017
1.00176
1.00025
1.01229
1.00256
1.00122
1.00186
1.01129
1.00711
1.00025
1.00175
1.00628
1.00479
1.01967
1.00642
1.00596
1.00616
1.00046
0.999009
1.00357
1.00433
1.00768
1.04243
1.00022
1.00303
1.00463
1.00459
1.00277
1.00375
1.00042
1.00552
1.00026
1.00836
1.00098
1.00111
1.0011
1.0122
1.01235
1.01198
1.01539
1.00506
1.01296
1.01291
1.00571
1.0122
1.02091
1.00694
1.00594
1.01181
1.01312
1.01054
1.01297
1.01955
1.01188
1.05584
1.01764
1.01851
1.00632
1.01447
1.01787
1.03271
1.01345
1.01843
1.01919
1.01732
1.01329
1.00908
1.02543
1.01026
1.0099
1.03932
1.0179
1.02123
1.0109
1.0161
1.021
1.0451
1.02782
1.0187
1.02653
1.0118
1.01317
1.03533
1.01976
1.03538
1.01847
1.01986
1.00839
1.00988
1.02418
1.02468
1.02187
1.01768
1.03278
1.00912
1.01182
1.00845
1.02995
1.05389
1.02459
1.02221
1.02023
1.00916
1.01282
1.01311
1.01702
1.03267
1.0367
1.02829
1.00824
1.01448
1.00798
1.01801
1.01731
1.01756
1.00144
1.01754
1.02548
1.02087
1.00964
1.01532
1.00558
1.04176
1.01179
1.00671
1.02024
1.0329
1.0236
1.01115
1.01148
1.01725
1.02222
1.01375
1.02192
1.0204
1.01924
1.02234
1.05766
1.01692
1.01371
1.01212
1.01917
1.02007
1.01718
1.02518
1.02664
1.00781
1.02871
1.02948
1.01103
1.01305
1.02145
1.02648
1.02008
1.02262
1.02265
1.01007
1.02277
1.0156
1.03706
1.01194
1.0177
1.0036
1.02237
1.0097
1.0142
1.01842
1.01171
1.01653
1.01121
1.00399
1.02348
1.01923
1.01195
1.02031
1.00331
1.00947
1.0468
1.00841
1.06262
1.00992
1.0219
1.0099
1.0178
1.01235
1.00849
1.02595
1.00966
1.02183
1.02466
1.01659
1.01642
1.01259
1.01999
1.02597
1.02373
1.02097
1.04457
1.02992
1.02483
1.03645
1.02438
1.01966
1.0192
1.01135
1.01375
1.00837
1.02225
1.01152
1.02292
1.00581
1.01386
1.02374
1.01838
1.01205
1.01885
1.01612
1.02599
1.02206
1.02065
1.02421
1.01543
1.02136
1.01602
1.01198
1.05467
1.02071
1.02102
1.013
1.00896
1.02403
1.01038
1.01213
1.01657
1.00782
1.04411
1.02709
1.01648
1.01543
1.02136
1.00778
1.00931
1.00566
1.04993
1.01881
1.01872
1.02128
1.02332
1.01734
1.01287
1.00977
1.03095
1.01555
1.0195
1.00886
1.0173
1.05068
1.02146
1.04104
1.02388
1.02754
1.03803
1.02625
1.01725
1.02629
1.01977
1.0093
1.02154
1.04618
1.01455
1.01244
1.021
1.00827
1.01702
1.01949
1.02243
1.0087
1.0254
1.01735
1.01007
1.02928
1.0078
1.01109
1.00958
1.02133
1.01501
1.01206
1.01325
1.01335
1.04503
1.0179
1.02707
1.01162
1.01425
1.00452
1.01513
1.01358
1.01064
1.0167
1.01224
1.01382
1.01628
1.01015
1.02902
1.02692
1.01658
1.02632
1.02442
1.03927
1.01342
1.01957
1.01607
1.01487
1.02293
1.00393
1.01768
1.0185
1.01352
1.01592
1.03031
1.01239
1.01323
1.00316
1.01215
1.01664
1.02956
1.03197
1.03053
1.0092
1.01597
1.01515
1.02099
1.01193
1.01553
1.01764
1.00785
1.01978
1.0191
1.02407
1.01085
1.02778
1.02007
1.01922
1.01455
1.00686
1.02273
1.01449
1.01422
1.0217
1.02558
1.02093
1.01374
1.0132
1.0168
1.01124
1.00869
1.01242
1.01069
1.00961
1.01555
1.03336
1.00597
1.0159
1.03399
1.01925
1.01335
1.01906
1.01249
1.0126
1.01595
1.02157
1.01142
1.01272
1.01948
1.00888
1.02961
1.01212
1.01544
1.01514
1.01689
1.02595
1.00642
1.01044
1.03045
1.02151
1.01138
1.04475
1.02016
1.02573
1.0301
1.01237
1.03451
1.02146
1.02152
1.01476
1.03036
1.00695
1.01795
1.01252
1.01453
1.01406
1.0141
1.01322
1.01748
1.01212
1.03478
1.01404
1.01978
1.01891
1.02222
1.01219
1.05595
1.02814
1.03016
1.01522
1.00985
1.00471
1.04216
1.01331
1.01943
1.02469
1.00863
1.01876
1.00659
1.02166
1.03357
1.01544
1.01847
1.03032
1.01729
1.03603
1.01672
1.01775
1.02009
1.01712
1.00682
1.01462
1.02153
1.00694
1.00949
1.02887
1.01698
1.01179
1.01925
1.02131
1.02139
1.0398
1.00543
1.02251
1.01764
1.02783
1.01898
1.00922
1.01782
1.02139
1.01484
1.01789
1.01599
1.02089
1.00411
1.01759
1.01142
1.03668
1.02266
1.01444
1.03417
1.02033
1.01782
1.0189
1.01419
1.01864
1.02043
1.00701
1.01742
1.0152
1.03993
1.02138
1.00944
1.01045
1.02141
1.02509
1.01106
1.02754
1.03356
1.0084
1.0187
1.00565
1.02305
1.00751
1.01461
1.02824
1.00778
1.0259
1.03619
1.0317
1.01728
1.01284
1.01398
1.01964
1.01668
1.01779
1.00713
1.03493
1.0109
1.01328
1.01022
1.01122
1.05088
1.01926
1.02606
1.01174
1.01377
1.0199
1.03037
1.03628
1.00788
1.02011
1.01947
1.00755
1.01141
1.03257
1.00887
1.00829
1.0149
1.01084
1.00482
1.01793
1.01083
1.0094
1.00853
1.02168
1.02782
1.01539
1.02053
1.0392
1.00604
1.01304
1.01477
1.0035
1.01905
1.01684
1.01534
1.00329
1.01908
1.0193
1.04125
1.02255
1.02097
1.01704
1.01413
1.02535
1.01297
1.02404
1.03348
1.01233
1.00943
1.02863
1.01484
1.01375
1.01017
1.04657
1.02362
1.02088
1.01625
1.01098
1.02238
1.01461
1.02531
1.00368
1.00902
1.01979
1.01153
1.01737
1.00659
1.01136
1.02126
1.0136
1.01999
1.01678
1.03367
1.0137
1.02085
1.01016
1.01587
1.02066
1.02014
1.02932
1.01183
1.01709
1.01138
1.03214
1.01156
1.03189
1.0133
1.01392
1.02337
1.01045
1.0189
1.02252
1.01737
1.03006
1.02357
1.05307
1.01165
1.00842
1.01778
1.00953
1.01884
1.01033
1.01525
1.02469
1.0301
1.03117
1.01381
1.02216
1.01637
1.00833
1.00931
1.02065
1.01592
1.02463
1.0245
1.0147
1.01165
1.01367
1.01442
1.01419
1.01685
1.02325
1.01749
1.0166
1.0119
1.01933
1.00713
1.01987
1.02052
1.01566
1.01201
1.01649
1.00525
1.01416
1.01306
1.01666
1.02901
1.02007
1.01091
1.03407
1.00839
1.02127
1.02122
1.01559
1.01112
1.02149
1.02107
1.0162
1.01404
1.01967
1.01684
1.01326
1.02047
1.01495
1.05794
1.01787
1.01744
1.01133
1.0125
1.01579
1.0127
1.01954
1.02079
1.02312
1.02052
1.01334
1.0071
1.01168
1.01028
1.02242
1.00854
1.03044
1.00762
1.01231
1.01321
1.01525
1.02356
1.00683
1.01153
1.00822
1.01136
1.01194
1.02027
1.01389
1.01394
1.0136
1.03935
1.01847
1.03111
1.01024
1.03138
1.02411
1.02816
1.017
1.01738
1.0231
1.00605
1.03116
1.01166
1.01098
1.03464
1.0248
1.01185
1.0132
1.01463
1.01333
1.01352
1.02039
1.01464
1.00738
1.02015
1.01016
1.00918
1.0074
1.02451
1.02098
1.01682
1.02551
1.0334
1.01984
1.0106
1.02488
1.04435
1.01528
1.01609
1.01042
1.01084
1.01533
1.0249
1.01492
1.01719
1.03744
1.02102
1.0253
1.01891
1.01239
1.02308
1.04261
1.05021
1.01896
1.01538
1.01247
1.02165
1.0207
1.02143
1.02247
1.00927
1.03035
1.00839
1.02582
1.01955
1.0237
1.02072
1.01239
1.02385
1.04702
1.01002
1.03065
1.03469
1.04745
1.0158
1.01782
1.02729
1.02042
1.01917
1.02057
1.01902
1.02234
1.02702
1.00892
1.00511
1.04016
1.0068
1.02124
1.01545
1.03474
1.01153
1.02027
1.01028
1.01846
1.03447
1.02394
1.00898
1.01249
1.01283
1.01418
1.01308
1.02362
1.00992
1.02056
1.02066
1.02568
1.01627
1.00924
1.00773
1.01194
1.01226
1.01644
1.0243
1.01926
1.02457
1.03162
1.01099
1.01606
1.03149
1.00586
1.01945
1.02447
1.02595
1.02885
1.03713
1.01911
1.0441
1.02159
1.00868
1.00644
1.01499
1.0199
1.01506
1.02329
1.0181
1.01196
1.02253
1.03242
1.02497
1.01747
1.02066
1.04764
1.00825
1.02394
1.01044
1.00582
1.02335
1.01322
1.02096
1.01442
1.02817
1.00962
1.02195
1.01609
1.01276
1.04123
1.03651
1.01014
1.02607
1.01679
1.02155
1.01042
1.01495
1.02248
1.02807
1.01233
1.02326
1.0117
1.03975
1.02756
1.01361
1.01108
1.00453
1.00914
1.04769
1.00965
1.01244
1.02469
1.04181
1.01164
1.01273
1.0101
1.02909
1.00567
1.00779
1.01889
1.00799
1.01869
1.0097
1.01721
1.00632
1.00809
1.01083
1.01171
1.02052
1.01806
1.0249
1.00809
1.02275
1.01016
1.02071
1.05503
1.02237
1.01987
1.00993
1.03281
1.02089
1.02748
1.01654
1.02524
1.0329
1.01526
1.00582
1.01847
1.01352
1.00839
1.0548
1.01098
1.01585
1.02661
1.0082
1.02699
1.01414
1.03127
1.02841
1.00642
1.0219
1.02546
1.01478
1.01243
1.00691
1.0194
1.00781
1.0126
1.01154
1.01139
1.01706
1.01161
1.02745
1.00919
1.01767
1.02198
1.02498
1.02828
1.0191
1.00965
1.01068
1.01294
1.00702
1.0121
1.01678
1.02062
1.02829
1.00951
1.01323
1.00905
1.0181
1.01664
1.01907
1.02661
1.01363
1.03383
1.00977
1.02083
1.01538
1.00853
1.01294
1.04381
1.017
1.02315
1.02128
1.03612
1.01676
1.01351
1.01286
1.01022
1.02274
1.01777
1.01048
1.01072
1.01794
1.00939
1.01407
1.01752
1.01574
1.01292
1.0267
1.02203
1.00725
1.02904
1.00679
1.03712
1.00899
1.01713
1.02001
1.02318
1.022
1.02307
1.03836
1.0167
1.01021
1.02606
1.02579
1.02319
1.01321
1.00947
1.02368
1.0164
1.03835
1.0431
1.02446
1.01146
1.03358
1.0099
1.0259
1.01799
1.01343
1.01577
1.02438
1.04989
1.04041
1.01422
1.04493
1.02377
1.01054
1.00696
1.01181
1.04579
1.01644
1.05347
1.01239
1.01355
1.02097
1.02156
1.01783
1.01635
1.00599
1.01963
1.01199
1.06099
1.0238
1.01036
1.02672
2.11117
1.0825
1.72231
2.16562
2.2923
2.47795
1.45326
1.55772
1.94007
1.53772
1.39214
1.94766
1.07154
1.25202
1.49826
1.05345
1.39153
1.6346
1.54521
1.21479
1.25258
1.69337
1.59372
1.07945
2.0706
1.09216
1.94948
1.62995
1.85827
1.36053
1.20712
2.35134
2.37613
1.34151
2.37544
1.96334
1.52135
1.71755
2.00987
1.73733
1.74055
1.42224
1.33394
2.04983
1.5199
1.21335
2.04657
1.40692
2.54885
1.59297
2.03586
2.47488
1.73497
2.12
2.25773
2.05919
1.17817
1.15605
1.2481
1.73174
1.98137
2.30008
1.60406
2.09408
1.78922
2.38828
1.87128
1.77254
2.54331
2.04715
2.29185
2.1564
1.62658
1.53221
1.12081
1.5299
1.10172
1.34573
1.71483
1.33144
2.07704
1.90011
2.22372
1.50246
1.10466
1.80576
2.02263
1.94946
1.53467
1.79439
1.86486
1.78304
1.73008
1.84322
2.36297
2.14725
1.45507
1.16446
1.8867
2.15329
1.70452
2.72151
1.09411
1.52587
1.4329
1.18345
2.77247
1.37705
1.60522
1.8858
1.06453
1.34671
1.74325
1.28928
1.12399
1.49582
2.01836
1.77272
2.48587
1.79052
2.01899
2.17156
1.62944
2.05006
1.20589
1.35082
1.51227
1.91863
1.16124
1.71631
1.53406
1.33287
1.47484
2.02464
2.0349
2.18436
2.1688
1.05673
1.42345
1.3884
2.06776
2.19924
1.59358
2.11221
1.91008
1.31003
1.05575
2.33704
1.44281
1.66012
2.54179
1.52908
1.44113
2.4208
1.9805
1.274
1.16608
1.24093
1.52527
1.35752
1.27797
2.01525
2.12089
2.41201
1.80866
1.92854
2.19127
1.40484
1.29966
1.36981
1.36018
1.63493
1.25759
1.03245
1.16817
1.96265
1.99588
1.70473
1.24914
1.73619
1.50764
1.32395
1.49323
2.10667
2.53992
1.26864
1.19238
1.22804
2.47628
1.79352
1.75788
1.11943
1.02999
1.93343
1.84876
1.39579
1.15692
1.55555
1.7011
2.39298
1.53398
1.7374
1.47552
1.76761
1.96214
1.49856
1.48962
1.88529
1.24956
1.78351
1.22615
1.33469
1.60199
1.40877
2.21539
1.6253
2.14482
1.3045
1.73651
1.74328
2.02205
1.63184
2.28926
1.13248
2.20418
2.38506
1.12347
2.18666
2.14013
1.11508
1.54763
1.38795
2.2878
1.19395
2.12749
1.58965
1.19116
2.15441
1.0905
2.39166
1.57802
1.15374
1.13426
1.40103
1.03552
1.83409
1.13095
1.58834
1.42826
1.29558
1.22391
1.19775
2.33209
2.04105
1.21623
1.43556
2.10199
1.72616
2.0655
1.52869
1.13812
2.23776
1.80237
2.35534
1.18397
1.06332
1.09214
1.94216
1.92145
2.0203
1.10407
1.25332
1.69839
1.04961
1.13812
2.12381
1.26286
1.85922
1.60794
1.46646
1.62371
1.02243
1.78968
2.62019
2.02477
1.27184
2.14068
2.06089
2.12508
2.29612
2.29692
1.25688
1.84815
1.53908
1.29548
1.64267
1.93154
2.18729
1.12147
1.44126
1.11906
2.07176
1.58983
1.49255
1.78847
1.58887
1.78445
1.79536
1.16969
1.80375
1.26144
1.08934
1.97105
1.14897
1.45385
1.42677
2.0969
2.38647
1.45713
1.35324
1.39561
1.17423
1.14914
2.01507
1.12289
1.80971
1.5903
2.41395
1.69987
1.64546
1.59688
1.47645
1.28011
1.24162
2.17587
1.14151
2.05248
1.66759
2.55075
1.20354
1.51558
1.15744
1.09888
1.89364
1.6598
1.72277
1.63664
1.96612
1.54122
1.09427
1.79119
2.21249
2.36116
2.0632
1.52506
2.01932
1.33742
1.94732
1.05811
2.29035
2.40008
2.17381
1.41175
1.12055
1.35206
1.64285
1.37143
1.19209
2.27822
2.21169
1.24761
1.03558
1.96775
1.96753
1.45018
1.42635
2.20826
1.15191
2.0957
1.736
1.27783
1.61356
1.67586
1.56647
1.19436
1.5623
1.34651
1.24707
1.52626
1.58719
1.91509
1.46401
2.05163
1.6
2.08356
1.09953
1.69792
2.08427
1.83949
1.19398
1.23201
1.84063
1.09798
1.09663
1.33337
2.00879
1.1423
1.1631
1.42665
1.71345
2.72616
1.11235
1.46277
1.37675
1.74282
1.84075
1.43823
2.00379
2.20447
2.06871
1.05592
1.69819
1.09115
1.86486
1.19319
1.74035
1.55795
1.42944
2.14821
2.21737
1.63673
1.79776
1.749
1.36529
1.59393
1.43243
2.60779
1.77627
1.28924
2.01596
1.91888
1.15898
1.7192
1.94885
1.3813
1.17094
1.72114
1.9897
1.10266
1.99307
2.38986
1.17401
1.10985
2.37681
1.67016
1.20864
2.15387
1.37446
2.05204
1.77923
1.2486
1.48346
1.52471
2.10582
1.9376
1.58897
2.00103
1.68625
1.93049
2.09529
1.73251
2.10018
1.10848
2.64711
1.86288
1.99482
1.31243
2.12404
2.41547
1.06115
1.85073
1.31418
1.79995
1.76679
1.63392
1.70235
2.27251
1.03743
1.1708
1.23185
1.362
1.79017
1.43623
2.2442
1.09376
1.91188
1.63776
2.10673
1.92784
1.51895
2.1478
2.0667
1.11057
1.91911
1.33344
1.73564
1.92659
1.32922
1.55335
1.1576
1.87011
1.94707
1.48661
1.83468
1.56244
1.77003
1.79488
1.68477
1.11118
1.44035
1.75238
1.3302
2.01362
1.45872
2.35021
1.77843
2.26032
1.21327
2.13141
1.61929
1.39663
1.08919
1.62351
1.94316
1.97889
2.22281
2.04464
1.30718
1.30502
2.45038
2.03568
1.68922
1.23948
1.44911
2.37832
1.8109
1.76543
2.09771
2.21178
1.34085
1.12227
2.12029
1.13677
1.09746
1.80297
1.15665
1.64591
1.67036
1.31044
1.64171
1.49895
1.5021
2.08473
1.14662
2.39596
1.82944
2.20944
1.52353
1.6603
2.27914
1.7481
1.37811
1.58784
1.51546
1.17554
1.78721
1.85471
1.21293
1.26919
1.71301
1.95512
1.27087
1.05472
2.32398
1.85702
1.81233
1.3951
1.70066
1.54301
2.20793
1.24549
1.63703
1.1741
1.55627
2.45843
1.35434
2.04947
1.92868
2.20598
2.0159
1.55572
1.64565
1.40119
2.59376
2.03855
1.46396
2.0917
1.72766
1.49271
1.408
2.11903
1.1998
2.24548
1.13747
1.68624
2.18915
1.70725
1.59151
1.23916
1.46821
1.57957
1.83826
1.51987
1.1039
1.08127
1.398
1.82217
1.11694
1.54378
1.21608
2.11348
1.46699
1.45616
1.77565
1.61371
1.17362
1.21248
1.40809
2.13148
1.38463
1.24633
1.49129
2.14676
1.55575
2.00055
2.52771
1.9493
2.1563
1.13247
1.19672
1.18771
1.42754
1.17916
1.90652
1.88815
2.16032
2.022
2.22045
1.06858
1.77322
1.79731
1.49615
2.18146
1.79487
1.55276
1.21052
1.81267
1.84286
1.56888
1.28951
2.02218
2.50294
1.32377
1.72864
1.06648
1.01894
2.109
1.21533
1.82366
1.99825
1.13905
2.18128
1.39813
1.2319
1.82156
2.04877
1.45144
1.65042
1.57587
1.23136
1.77333
1.95121
2.17645
2.19342
2.12545
1.10255
1.44097
1.11894
1.53208
1.11754
2.09043
1.67161
1.85394
1.73946
1.80181
2.1945
2.02494
1.35783
2.44049
2.44225
1.20014
1.73483
1.85469
2.24666
1.72082
2.051
1.42206
1.79844
1.62999
1.08104
1.9327
1.2058
1.94702
1.34563
1.12527
2.2065
2.5696
1.44941
1.78212
2.11614
2.15115
1.23416
2.0308
1.99965
1.42118
1.87069
1.55206
1.58554
1.18777
2.44964
1.45096
2.41339
2.32038
2.5948
1.85997
1.64537
2.17147
1.06659
2.14984
1.10247
1.49052
2.14966
2.18867
1.15193
1.30767
1.06288
2.18542
2.14793
1.28995
1.9487
2.07809
2.01287
1.78561
1.8969
1.61992
1.16325
1.2022
1.3119
1.67063
1.91639
1.81791
1.08455
2.20235
2.08972
1.18113
1.15434
1.02698
1.43283
1.98266
1.30402
2.63026
1.92988
2.53044
1.62692
1.18628
1.15375
1.69447
1.30272
1.4383
1.24288
2.01519
1.77281
1.11032
1.62869
1.19404
1.62755
2.13927
1.65899
2.24324
1.18964
2.08433
1.03031
1.10191
1.88269
1.88704
1.83474
1.99659
2.23279
1.19676
1.57104
1.9599
1.56444
1.59084
2.70742
1.23885
1.16068
1.80107
1.14302
1.80861
1.18177
2.54889
2.41245
2.02214
1.30581
1.15198
1.97587
1.81568
1.70768
1.86057
1.13819
1.35391
2.20148
1.11685
1.83533
1.86805
1.22118
1.94373
1.83167
1.90463
2.20278
1.53065
1.53124
1.42137
1.11156
2.11658
1.05381
1.45567
1.47731
1.92602
1.5452
1.35616
2.06622
1.95538
2.18135
1.42588
2.06205
1.17421
1.31541
2.0344
2.02411
1.85609
1.612
1.23286
1.33626
1.36746
1.89439
2.51775
2.02163
1.18501
1.55987
1.05476
1.38301
1.90195
1.81936
1.17436
1.74954
2.19337
1.15802
2.17281
1.06105
2.32814
1.16053
1.05057
2.20048
1.81693
1.13113
1.52902
1.21752
1.1553
1.55147
2.10855
1.17629
1.08403
2.02466
2.49263
1.15685
1.10863
2.09794
2.16437
2.30315
2.09885
1.47059
1.53151
1.50103
1.72019
2.38115
1.14358
1.36383
1.51424
1.59018
2.13431
1.65642
1.23214
1.49011
1.1454
2.33181
1.49628
1.93524
1.94474
1.14749
1.49353
1.34802
2.19293
1.80939
2.58966
1.56015
1.11077
1.1763
2.17412
2.35889
1.72474
1.72341
1.06736
2.42297
1.84137
1.62909
1.17276
1.54243
1.49322
1.11528
2.70096
1.43949
1.12406
1.5025
1.54426
1.98821
1.42005
1.20151
2.43123
1.10829
1.07931
1.41402
1.03455
2.0451
1.77764
1.0551
1.68321
1.52034
2.21889
2.04707
1.75261
1.1987
1.70182
1.15897
1.91709
2.05127
1.34097
2.14063
2.108
1.65449
1.3155
2.3934
1.93335
1.06163
1.49709
1.73916
1.17863
2.1589
1.53054
2.01317
1.13011
1.16117
1.24622
1.49819
2.26519
1.53131
1.56637
1.09478
1.09566
2.20895
2.70511
1.44741
1.53181
1.37292
1.0998
1.43611
1.30249
2.13619
1.61197
2.05075
