0.677126
1.15769
0.775835
1.05134
0.747747
1.07401
1.22067
1.21159
0.905764
1.50415
0.958379
0.741414
1.10913
1.13812
1.22592
1.12861
0.696517
1.07937
1.17796
0.767014
1.25098
1.16206
1.1383
0.915749
0.881602
1.21871
1.20418
0.984759
0.748616
1.02912
1.20764
0.789666
0.91749
1.04991
1.10044
0.951078
0.999333
1.14289
0.810006
0.97556
0.917432
0.936057
0.796873
0.989817
0.751162
1.00338
0.915493
1.00328
0.881195
0.733674
1.01762
1.0301
0.840575
1.18936
1.10845
1.07589
0.853612
1.05618
0.914607
0.826643
1.25967
1.37596
1.17438
1.34646
1.01726
1.00937
0.930633
0.990945
0.981819
0.809539
0.944671
0.923474
0.854174
1.19009
1.07664
0.918112
1.10236
0.781514
1.27287
0.954378
0.760412
0.89842
0.91274
0.958105
1.1458
0.910533
1.06452
1.06017
1.22853
1.10347
0.975514
1.08888
0.921496
1.05216
0.813261
0.705606
0.846108
0.834235
1.13114
1.15716
0.809811
0.945259
0.943461
1.11189
1.0386
0.946971
0.77956
1.02411
0.91999
1.11956
1.09353
0.861667
0.99809
1.20392
1.0247
1.1019
0.922952
1.2786
1.18286
0.986282
1.23996
1.22909
0.962521
0.999765
1.11168
0.602854
1.12711
1.0196
1.17418
0.922636
0.948439
0.96611
1.05506
1.3923
1.14781
0.837273
1.43476
0.982471
0.760412
1.10732
1.18098
0.798694
1.1664
1.30271
0.843778
1.19181
1.20058
0.8026
1.0633
0.939814
1.00425
1.3919
1.11703
0.975034
1.12407
1.81548
1.11595
0.852693
0.872572
1.04201
0.902385
0.844011
0.944609
1.01164
0.922207
1.10863
1.07787
0.987513
0.993134
1.35288
0.935454
1.27553
1.18932
0.902939
1.09026
0.999048
0.903162
0.988484
1.10423
1.12924
1.29811
1.0065
1.13375
1.021
1.21589
1.32695
1.05257
0.739094
1.26234
0.881182
1.07455
0.911425
1.30237
1.25476
0.863877
1.29055
0.983134
1.31411
1.34174
0.850922
1.00481
1.2727
1.09003
0.976666
1.00296
0.81457
1.17093
1.27233
1.33192
0.942495
0.976968
1.04633
1.01897
1.07796
0.792966
0.923836
0.751557
1.34185
1.02695
1.3261
0.831581
1.45376
1.29809
0.828823
1.12293
0.963641
1.22057
1.13765
1.28773
1.3126
1.24933
1.10987
0.952962
0.87115
1.01516
1.16244
1.18716
0.926616
0.963386
1.13824
1.16476
1.06983
0.774672
0.925464
1.13422
0.976354
1.05153
0.882754
1.14235
0.926021
0.708345
1.12001
1.0798
0.672312
1.09501
1.09965
1.11383
1.2104
1.17533
1.11684
0.849871
0.782985
0.972632
1.18546
0.747717
1.16253
0.945797
1.08903
1.04356
1.04565
1.33064
1.00831
0.925048
0.890619
1.18468
0.817917
0.942602
1.19796
1.07443
1.34392
0.685658
1.2889
1.18516
1.24907
1.16001
0.879457
1.06958
0.871368
0.843127
0.875226
0.701358
1.1102
1.2004
1.12367
1.539
1.02292
0.843619
0.85029
0.948712
0.685491
0.978295
0.684291
0.69984
1.35426
0.853562
1.1064
1.1804
0.836095
1.09654
0.776477
1.0865
0.99219
1.11125
0.884455
1.04779
1.19289
0.98807
1.05487
1.15066
0.92122
0.916499
1.11945
1.02904
1.00215
1.15416
0.938583
1.02883
1.27385
0.914758
0.888967
0.951304
0.896846
1.02178
0.964981
0.945112
0.90206
0.964151
1.14805
1.12156
0.720629
1.04546
1.02271
0.898084
1.07392
0.983282
1.0979
0.933765
0.886986
1.24503
1.04144
0.752293
1.34836
1.09853
1.08983
0.964743
0.862531
0.965029
1.06306
0.945572
1.07396
1.14071
1.12508
0.88484
1.18641
0.732168
0.9539
1.23139
1.36534
0.940015
1.04338
0.82413
1.33768
1.04414
1.27187
0.97438
0.834832
1.02913
0.868848
0.926955
0.708006
0.943168
1.13649
1.39878
0.837012
1.20526
0.923941
0.759853
1.07141
1.00674
1.09217
0.841342
0.88398
0.990085
1.28284
1.04563
0.845536
0.969935
1.10887
1.02131
0.817353
1.14014
1.19284
0.800308
1.05182
1.25771
0.949523
0.85672
1.16081
0.980793
1.07168
0.957655
0.902573
1.06332
0.886733
1.12619
0.85226
1.38204
1.00992
1.06504
1.15112
1.11503
1.14764
1.07319
1.14825
1.15035
1.04761
1.04069
1.00317
0.905707
1.01091
1.02533
0.857649
1.0194
1.05524
0.937922
0.789073
0.926554
1.10672
1.04598
1.0913
0.902732
1.0519
0.87582
0.776423
1.131
0.853701
0.936139
0.830988
0.862616
1.17735
0.734483
1.06052
1.13341
0.914701
0.825401
1.21377
0.840612
1.0717
0.8038
1.38425
1.11209
0.844885
0.997592
0.738298
1.13487
0.902113
1.05228
1.25391
0.878901
0.954535
0.955988
1.08085
0.919077
0.823877
0.896502
1.15334
0.956602
1.13921
0.89257
0.829455
0.747615
1.08013
0.997223
0.930269
1.16806
0.914639
1.47529
0.691972
0.967686
1.15365
0.887121
0.821856
0.842528
0.836044
0.975264
0.884642
1.11879
0.956586
1.30733
1.00393
1.13959
1.01454
1.16684
1.26568
0.809279
1.02738
0.846331
0.802504
1.13872
1.26791
0.849177
0.927653
0.675381
0.867316
0.864382
0.974553
1.15477
1.2412
0.61311
1.07153
1.42742
0.894877
0.78706
0.807437
0.98758
1.13087
1.1295
1.05523
1.11213
0.860919
1.05226
0.688299
0.958225
1.00439
1.02683
0.974906
1.08645
1.02292
0.89474
1.02348
0.758363
0.96776
0.978509
0.956254
0.947906
1.08112
0.969108
1.50721
1.06063
0.758421
0.908149
1.43375
0.838776
0.916916
1.04023
1.07424
1.18311
0.990784
0.741088
0.913276
1.1271
0.913034
0.699035
0.835169
0.961081
1.08529
0.960608
0.981144
0.994796
0.918402
0.999792
1.10307
1.13645
0.902509
1.01234
1.24635
0.936919
1.26518
1.19727
0.954993
0.975348
1.05103
1.13895
0.853507
1.23282
0.921748
0.726097
1.1693
0.818108
1.08395
0.981758
1.16142
1.22256
0.920932
0.972789
1.15715
1.05204
0.861435
0.793712
1.02703
0.848892
1.02181
0.839315
1.25177
1.26422
0.97143
0.889441
1.18033
0.989763
0.92979
1.30742
1.22667
0.894069
0.765127
0.991031
1.00532
0.81962
1.1894
1.12509
0.755897
0.992287
1.11581
1.01714
1.17634
0.95867
1.15713
1.18158
0.821656
0.997236
0.976039
1.27142
1.18496
1.08266
1.10363
1.02572
0.749444
1.11755
1.07166
1.0881
0.776298
0.961428
0.748513
1.15745
0.946905
0.799738
1.10336
1.30693
1.07186
0.987801
1.10821
0.980619
1.16209
0.931899
1.31611
1.03591
1.29605
1.29132
1.25699
0.954229
0.985209
1.20305
1.04479
1.56875
1.01024
0.975914
0.891024
1.13329
0.997933
0.96764
1.07351
0.925778
0.689392
1.11955
1.4253
0.892732
1.07441
1.06454
0.956517
0.849943
1.17586
0.876669
1.25537
0.59085
1.12431
0.77371
0.833733
1.13986
1.07987
0.691367
0.997294
1.08913
0.947995
0.813399
0.984198
1.01387
0.936054
0.895176
1.07144
0.83125
0.926701
1.09783
1.05623
0.885071
1.15607
0.97193
1.25468
1.03221
1.21101
1.00406
1.03302
1.0704
0.825856
0.859668
0.950133
0.851147
1.12633
1.01515
0.886253
1.45162
0.887742
0.76239
1.02974
0.854113
1.06387
0.970391
0.904531
1.31772
0.983366
1.02762
0.664347
1.17796
0.906413
0.950157
1.02074
0.99416
0.747416
1.00732
0.940099
1.08015
1.30974
0.832207
1.2653
1.25993
0.938523
0.769915
1.01301
1.03119
1.01835
0.905421
0.907695
0.844525
0.739176
1.16867
0.996466
0.845023
0.918155
0.934603
0.870868
1.09964
0.976989
1.20817
0.871888
1.16708
1.031
0.867684
1.00204
0.833985
1.03525
0.916489
1.00543
1.23588
1.26709
1.02645
1.0428
0.930407
1.65297
0.762252
0.978564
0.927514
0.823358
1.1749
1.27266
1.11776
1.22102
1.07693
1.43478
1.25484
1.1394
0.913239
1.1034
0.817942
1.64635
1.1614
0.890897
1.13185
1.16582
0.988275
1.1213
1.10007
0.92205
0.848812
0.68058
1.14683
0.980811
0.892815
1.13863
0.929109
0.852608
1.25211
1.06351
1.45886
1.2785
1.17443
1.23102
0.896001
0.814711
1.03236
0.978952
1.04694
1.12791
1.02781
1.24098
1.07649
0.984158
0.811997
1.00887
0.823031
1.30716
0.970876
1.04277
0.957927
0.820904
1.04869
1.01685
1.38215
1.07946
1.27752
0.896336
0.838601
1.08055
1.07019
0.971784
0.980548
1.10717
1.0191
0.868792
1.13983
1.1751
1.14308
0.91415
1.00204
1.06682
0.771831
0.910531
0.863432
0.982294
1.21827
0.863049
0.907766
1.02608
0.855914
0.907043
1.01358
0.926295
1.18851
0.941768
0.780319
1.42445
1.36879
1.15839
0.935881
1.00463
1.18224
1.07811
1.0589
0.791619
1.17542
0.950983
0.978157
0.939703
1.03482
1.06835
1.32239
0.799578
0.785154
1.29955
0.75199
1.22943
0.952646
0.874817
1.02424
1.03528
0.842608
0.982455
1.19705
1.00694
1.04314
0.939685
0.750819
1.0207
1.33481
0.893877
1.08283
1.19486
1.14545
1.00352
0.947198
0.950638
0.984687
1.05238
0.795774
0.93657
0.988841
1.05217
1.10959
1.20877
1.13967
1.12549
0.928792
0.839447
0.850208
1.36093
0.986017
1.46526
1.13161
0.833032
0.769411
0.889104
0.993826
0.648884
0.967927
1.07216
1.02723
0.863048
1.01261
1.24833
0.917582
0.925031
0.96583
1.19419
1.02122
1.075
0.706256
0.875526
1.30625
1.04375
1.08272
0.917319
1.22499
1.01129
0.921552
1.0858
0.88233
1.00094
1.07212
1.20034
1.07624
1.14196
0.889151
1.08669
1.09776
0.945184
1.03044
0.777562
0.987291
1.04565
0.788401
0.807704
1.12715
1.03428
1.04387
0.845029
0.996523
0.893251
1.1015
1.09471
1.35218
0.792604
1.08424
1.37735
1.09133
1.23614
0.961302
0.918358
0.778355
0.869532
0.751058
0.7653
0.864237
1.20391
1.14411
0.931441
0.980976
1.21347
1.04739
0.786503
1.04872
1.14359
0.920296
0.901045
0.677086
1.15669
0.775825
1.05134
0.747711
1.07396
1.22062
1.21144
0.905727
1.50182
0.95836
0.741429
1.10816
1.13808
1.22589
1.12856
0.696496
1.07936
1.17792
0.766967
1.24958
1.16202
1.13971
0.915109
0.884133
1.21859
1.20415
0.984719
0.738702
1.02868
1.20754
0.789702
0.917489
1.0499
1.10043
0.951033
0.999316
1.14288
0.80996
0.978608
0.920905
0.936037
0.79578
0.986517
0.751148
1.00331
0.92043
1.00705
0.881145
0.733668
1.01761
1.03008
0.8402
1.18934
1.10922
1.07582
0.853613
1.05616
0.914562
0.820412
1.25967
1.3758
1.17423
1.34641
1.0172
1.00492
0.930625
0.990893
0.981799
0.810597
0.944629
0.923885
0.854152
1.18998
1.07663
0.918098
1.1023
0.781488
1.2728
0.954331
0.760405
0.898391
0.912714
0.95809
1.14573
0.910477
1.06448
1.06017
1.22849
1.10345
0.97549
1.08961
0.921462
1.0521
0.813256
0.705621
0.846192
0.834166
1.13111
1.15705
0.809793
0.945245
0.942777
1.11176
1.03854
0.946933
0.783105
1.02408
0.919975
1.11948
1.09345
0.861623
0.995483
1.20386
1.02463
1.10177
0.922911
1.27854
1.18281
0.986222
1.23782
1.229
0.962468
0.999725
1.11207
0.602827
1.12709
1.01952
1.17409
0.922594
0.948409
0.966116
1.05501
1.39219
1.14779
0.837267
1.43473
0.982423
0.760385
1.10725
1.18046
0.798698
1.16632
1.30252
0.843759
1.19178
1.20056
0.802579
1.06325
0.939814
1.0042
1.39182
1.117
0.975003
1.124
1.81623
1.1159
0.85297
0.872569
1.04199
0.902356
0.844012
0.944564
1.01159
0.922158
1.10867
1.07782
0.987481
0.993109
1.35218
0.935483
1.27454
1.1886
0.902855
1.09028
0.998854
0.902401
0.988467
1.10422
1.12919
1.29809
1.00662
1.13375
1.02098
1.21575
1.32814
1.05254
0.739063
1.26227
0.881157
1.07452
0.911402
1.30232
1.25471
0.863842
1.29049
0.983412
1.31405
1.3416
0.850906
1.00374
1.27235
1.08994
0.976607
1.00712
0.81454
1.17087
1.2723
1.3319
0.947542
0.98209
1.04653
1.01891
1.07794
0.79294
0.92379
0.751534
1.34114
1.02691
1.32611
0.831606
1.45361
1.2986
0.828496
1.12291
0.963625
1.22054
1.13759
1.28768
1.31268
1.24932
1.10986
0.95312
0.871127
1.01516
1.16243
1.18712
0.92616
0.962938
1.13821
1.16468
1.07515
0.774604
0.925059
1.1342
0.976337
1.05149
0.882709
1.14391
0.925978
0.708329
1.12042
1.07975
0.672309
1.09495
1.0996
1.11374
1.21037
1.17526
1.11678
0.849849
0.782934
0.977565
1.18548
0.747678
1.16244
0.94536
1.089
1.04351
1.04562
1.32995
1.00825
0.925007
0.89061
1.18409
0.817896
0.942567
1.19747
1.0744
1.34351
0.685608
1.28882
1.18516
1.24899
1.16001
0.879437
1.0695
0.871323
0.843122
0.875193
0.70132
1.11016
1.20036
1.12885
1.53886
1.02283
0.843569
0.850344
0.948661
0.685462
0.978294
0.684273
0.69984
1.35469
0.853536
1.10638
1.18034
0.835868
1.09647
0.776474
1.08647
0.992164
1.11124
0.884395
1.04815
1.19287
0.98679
1.05484
1.15058
0.921213
0.916486
1.11943
1.02906
1.00208
1.15414
0.938514
1.02878
1.2738
0.914745
0.88895
0.951269
0.896818
1.02176
0.964942
0.945074
0.902052
0.964129
1.14867
1.12149
0.72061
1.04546
1.02266
0.898073
1.07391
0.983286
1.09793
0.933682
0.886953
1.24503
1.04135
0.752269
1.35101
1.09848
1.08978
0.964719
0.862509
0.964197
1.06302
0.945508
1.07054
1.1407
1.12502
0.884819
1.18537
0.731824
0.953914
1.23138
1.36444
0.939976
1.04334
0.824127
1.33767
1.04365
1.27177
0.974042
0.83481
1.03196
0.868849
0.926939
0.707984
0.943135
1.13648
1.39869
0.836968
1.20517
0.923888
0.759852
1.07134
1.00674
1.09215
0.841335
0.885123
0.990051
1.28275
1.04559
0.845501
0.969919
1.10884
1.02128
0.817268
1.1401
1.18766
0.800298
1.05218
1.2577
0.950638
0.856663
1.16079
0.980105
1.07166
0.957645
0.902553
1.06331
0.88654
1.12617
0.852236
1.382
1.00989
1.07015
1.15104
1.115
1.14857
1.07314
1.14819
1.15026
1.04757
1.04068
1.00334
0.90568
1.01089
1.02461
0.857817
1.01912
1.06047
0.938384
0.789075
0.926523
1.10662
1.04599
1.09126
0.902719
1.05187
0.875794
0.776392
1.13092
0.853691
0.93608
0.830937
0.86258
1.17742
0.734468
1.06049
1.13339
0.914957
0.825241
1.21316
0.840612
1.07165
0.803778
1.38423
1.11205
0.844838
0.99755
0.738274
1.13483
0.902068
1.05226
1.2538
0.878868
0.959715
0.955963
1.08083
0.919003
0.823833
0.896482
1.15331
0.956572
1.13918
0.892552
0.829435
0.747581
1.08004
0.997167
0.930263
1.16794
0.914207
1.47516
0.691937
0.967655
1.15362
0.887072
0.821861
0.84248
0.835983
0.975742
0.884639
1.12013
0.954243
1.3077
1.0039
1.13957
1.01737
1.16603
1.26563
0.809263
1.02733
0.846298
0.802485
1.13867
1.26785
0.849164
0.926884
0.675348
0.867296
0.864367
0.974517
1.15473
1.24107
0.613097
1.07151
1.42734
0.894848
0.787047
0.807393
0.987607
1.13083
1.12945
1.05516
1.11155
0.860649
1.05222
0.688268
0.958223
1.00433
1.02681
0.976592
1.0864
1.02287
0.8947
1.02345
0.74866
0.967771
0.978439
0.956204
0.94786
1.08109
0.969268
1.50712
1.06058
0.758398
0.908125
1.43372
0.838744
0.916907
1.04019
1.07425
1.18303
0.99074
0.738694
0.913258
1.12705
0.913024
0.699018
0.835165
0.961047
1.08536
0.960568
0.981137
0.994794
0.917825
0.999775
1.10244
1.13643
0.902494
1.01256
1.24631
0.936889
1.26517
1.19665
0.956046
0.975299
1.05094
1.13889
0.85351
1.23275
0.921734
0.726044
1.16924
0.818059
1.08393
0.981722
1.16193
1.22248
0.920892
0.97275
1.15706
1.05209
0.861375
0.79374
1.027
0.84888
1.02171
0.839299
1.25174
1.26418
0.971415
0.889409
1.18074
0.989742
0.930409
1.30737
1.22663
0.894053
0.765084
0.990963
1.00534
0.819606
1.1893
1.12509
0.755485
0.992256
1.11572
1.01584
1.1763
0.958656
1.15712
1.1815
0.821644
0.9972
0.97593
1.27139
1.18485
1.08264
1.10361
1.02567
0.749415
1.1178
1.07105
1.08804
0.775969
0.96141
0.748502
1.15741
0.946867
0.799733
1.10328
1.30398
1.07329
0.987768
1.10815
0.980579
1.16199
0.931853
1.31604
1.03595
1.29599
1.29125
1.25856
0.954227
0.985186
1.20304
1.04478
1.56869
1.01018
0.975909
0.891018
1.13323
0.997907
0.967623
1.07348
0.925718
0.692663
1.11949
1.42525
0.892479
1.07377
1.06446
0.956471
0.849924
1.17582
0.876639
1.25493
0.590854
1.12424
0.773702
0.83362
1.14013
1.07983
0.691339
0.997045
1.08891
0.94772
0.813348
0.98878
1.01383
0.936011
0.895148
1.07139
0.830636
0.926672
1.09783
1.05619
0.885048
1.15564
0.971918
1.2546
1.03215
1.21097
1.00402
1.03301
1.07035
0.825802
0.859664
0.948223
0.851125
1.12629
1.01862
0.886224
1.45159
0.887722
0.762333
1.0297
0.85413
1.06384
0.970354
0.904498
1.31762
0.983349
1.02759
0.65868
1.17794
0.906422
0.950102
1.02072
0.994145
0.746453
1.00727
0.939716
1.08012
1.3097
0.83219
1.26533
1.26427
0.938487
0.769273
1.01299
1.03114
1.01834
0.905421
0.908696
0.842785
0.739161
1.16865
1.00068
0.845027
0.919617
0.934566
0.870783
1.0996
0.976976
1.20813
0.871825
1.16707
1.03093
0.867636
1.00201
0.833965
1.03524
0.916467
1.00556
1.23709
1.26718
1.02637
1.04272
0.930375
1.65293
0.762233
0.978526
0.927499
0.823341
1.17487
1.27267
1.11771
1.22002
1.07678
1.43472
1.25477
1.13936
0.913209
1.10335
0.817914
1.64632
1.15821
0.890874
1.13075
1.1658
0.988271
1.12126
1.10001
0.922013
0.848774
0.68057
1.1471
0.980787
0.892747
1.13862
0.929093
0.853635
1.25208
1.0679
1.45889
1.27843
1.17443
1.23103
0.895988
0.814668
1.03232
0.980559
1.04689
1.12782
1.02779
1.24091
1.0764
0.984144
0.81197
1.00885
0.823008
1.30713
0.97081
1.04272
0.957867
0.820892
1.04867
1.02149
1.38204
1.07939
1.27881
0.896287
0.840579
1.08042
1.07019
0.971763
0.980126
1.10518
1.01904
0.868716
1.14475
1.17508
1.14304
0.914149
1.00197
1.06674
0.771822
0.910066
0.863422
0.982314
1.21822
0.862969
0.90768
1.02603
0.855893
0.907028
1.01353
0.926476
1.18848
0.941749
0.780279
1.4243
1.36873
1.15836
0.935849
1.0035
1.18221
1.07804
1.05832
0.791591
1.1754
0.951101
0.978135
0.939635
1.03479
1.06813
1.32237
0.799557
0.785113
1.29948
0.751964
1.22962
0.952611
0.8748
1.02414
1.03525
0.842604
0.98244
1.19702
1.00692
1.04247
0.939686
0.750807
1.02067
1.33476
0.893838
1.08313
1.19481
1.14658
1.00348
0.94714
0.950625
0.988005
1.05238
0.795732
0.936565
0.988783
1.05136
1.10955
1.20858
1.13959
1.12546
0.928745
0.83944
0.850186
1.36092
0.98596
1.46521
1.13157
0.832322
0.769395
0.889106
0.99382
0.648876
0.967904
1.07135
1.02716
0.863036
1.01772
1.24797
0.917544
0.925027
0.965812
1.19416
1.02115
1.07471
0.706227
0.875494
1.30623
1.04374
1.08269
0.917256
1.22995
1.01128
0.921525
1.08585
0.882307
1.00091
1.07206
1.20065
1.07695
1.14188
0.8891
1.08624
1.09716
0.945145
1.0304
0.777529
0.987232
1.04561
0.788396
0.807694
1.12684
1.03428
1.04376
0.845007
0.997535
0.893004
1.10145
1.09463
1.35214
0.792567
1.08419
1.3769
1.09127
1.23645
0.961282
0.918325
0.778357
0.86952
0.750543
0.765622
0.863616
1.20388
1.14407
0.931397
0.980548
1.21347
1.04735
0.786497
1.04868
1.14151
0.920249
0.901007
1.25263
1.63575
1.36905
1.69504
1.28536
1.76182
1.9693
1.77008
1.65643
2.16917
1.65026
1.27481
1.84949
1.82694
2.01376
1.72371
1.27685
2.03925
1.89045
1.3057
1.93517
1.88448
1.82827
1.51321
1.55175
1.9202
1.78964
1.54058
1.41639
1.68003
1.89895
1.52068
1.65874
1.84633
2.02375
1.65341
1.70863
2.10295
1.31822
1.68633
1.52882
1.44071
1.61924
1.81
1.58973
1.68853
1.70043
1.41579
1.42875
1.48344
1.59042
1.69664
1.34325
1.90879
1.77179
1.82799
1.65516
1.7922
1.47308
1.34152
2.16354
2.18757
1.83715
1.9849
1.59951
1.74916
1.57312
1.61582
1.77689
1.23673
1.52443
1.66431
1.51539
1.7992
1.62997
1.4052
1.83313
1.37865
1.90668
1.51655
1.41902
1.51273
1.59113
1.48104
1.70868
1.65557
1.53172
1.90573
1.92191
1.77197
1.6934
1.58895
1.59152
1.88178
1.44641
1.29154
1.61178
1.49176
1.95397
1.54712
1.39204
1.7523
1.59143
1.90876
1.76971
1.49338
1.38777
1.6746
1.48643
1.76715
1.64826
1.33693
1.60431
1.67957
1.59036
1.70515
1.36095
1.97571
1.90397
1.52114
2.21515
1.98386
1.65538
1.82371
1.70266
1.06469
1.72617
1.58439
1.8144
1.43421
1.524
1.58815
1.60934
2.25901
1.91547
1.43739
2.3591
1.58379
1.45917
1.83804
1.99137
1.46153
1.83655
2.07687
1.42644
2.07701
1.88058
1.4802
1.64015
1.78289
1.70084
1.9687
1.72388
1.55538
1.75047
2.92058
1.91869
1.48059
1.62101
1.61088
1.37395
1.39864
1.61529
1.73894
1.48334
1.82905
1.82585
1.66116
1.50714
2.17191
1.54045
2.19419
1.91766
1.54321
1.75672
1.45799
1.47906
1.65764
1.85996
1.73336
2.09928
1.72879
1.95813
1.7313
1.81789
1.89951
1.58623
1.35601
2.3345
1.42731
1.95004
1.53156
2.00149
1.96698
1.69791
2.15071
1.64036
2.14056
1.97052
1.46081
1.60869
1.88574
1.64199
1.59129
1.52345
1.43058
1.85133
1.84306
2.02057
1.57901
1.60971
1.59809
1.72861
1.68888
1.20848
1.40414
1.3517
2.04845
1.6428
2.16605
1.4637
2.11086
2.01003
1.33518
1.8543
1.64898
1.98612
2.04834
1.94692
2.33765
2.02801
1.77908
1.45966
1.58034
1.80158
2.11993
1.68613
1.80546
1.638
1.81274
1.901
1.76727
1.42179
1.67046
1.87681
1.68493
1.69863
1.39866
1.88928
1.38989
1.2195
2.02195
1.87529
1.19683
1.60373
1.74581
1.80519
1.97805
1.7474
1.87108
1.49931
1.28019
1.59573
1.81024
1.52551
1.78679
1.5601
1.71897
1.63713
1.61373
2.08206
1.65348
1.46607
1.56373
1.90264
1.4335
1.63293
1.9051
1.64953
2.09898
1.23324
1.96095
1.96316
1.94034
1.79434
1.3728
1.51986
1.40285
1.43419
1.58875
1.32271
1.8351
1.97194
1.73141
2.20343
1.60181
1.42097
1.51583
1.43247
1.17547
1.71334
1.17319
1.26631
2.00417
1.42284
1.62697
1.86137
1.44251
1.87576
1.46026
1.71004
1.66071
1.80276
1.42903
1.71432
1.85134
1.58181
1.7745
1.65284
1.67688
1.44805
1.79931
1.80535
1.56725
1.90178
1.49836
1.54736
1.97628
1.48414
1.46927
1.7115
1.5655
1.78557
1.81524
1.55769
1.386
1.62166
1.79614
1.77065
1.27477
1.63492
1.71539
1.76763
1.71941
1.72311
1.95573
1.56265
1.49521
2.0009
1.62033
1.39064
2.10388
1.64013
1.97715
1.62746
1.47909
1.59967
1.73176
1.52295
1.69924
1.73411
1.81756
1.54608
1.82763
1.30595
1.45897
2.00944
2.30198
1.3976
1.66271
1.65632
2.14483
1.67417
2.00378
1.66735
1.57231
1.53882
1.44352
1.67058
1.24666
1.73496
1.84708
2.18363
1.51283
1.88718
1.55241
1.50312
1.8961
1.57903
1.60444
1.49193
1.5028
1.73785
2.22827
1.63516
1.42602
1.69696
1.71132
1.64322
1.40957
1.80016
1.87098
1.4239
1.78018
2.00399
1.49423
1.57248
1.9325
1.56201
1.72344
1.76642
1.40134
1.63
1.51359
1.81793
1.41316
2.35967
1.6136
1.70384
1.81872
1.89925
1.8659
1.73069
1.90922
1.54999
1.831
1.76163
1.66209
1.52493
1.9468
1.65689
1.32768
1.74396
1.69204
1.61927
1.47904
1.5157
1.82388
1.76391
1.76537
1.66688
1.87032
1.5022
1.19699
1.74567
1.58967
1.67017
1.34657
1.30776
1.8758
1.23641
1.80102
1.96363
1.49891
1.35172
1.96545
1.65598
1.80708
1.30713
2.13492
1.70369
1.35156
1.5019
1.33656
1.84525
1.39521
1.71778
1.97251
1.41701
1.67873
1.66817
1.90434
1.50492
1.31462
1.47538
1.7969
1.70907
1.94855
1.66484
1.39685
1.45709
1.69146
1.55696
1.55475
1.92298
1.49319
2.5467
1.21885
1.56664
1.88083
1.45733
1.3547
1.44047
1.43428
1.52763
1.5589
1.91549
1.39305
1.88617
1.66985
1.8094
1.43296
1.75765
2.18284
1.25589
1.55915
1.39645
1.3999
1.85644
2.04034
1.55347
1.47011
1.3041
1.48584
1.49898
1.54046
1.94499
1.95583
1.20358
1.94147
2.11031
1.57556
1.5177
1.2973
1.80813
1.70621
1.7779
1.69499
1.69883
1.41647
1.64829
1.24588
1.66499
1.51836
1.68667
1.60612
1.6129
1.55699
1.61509
1.65686
1.26953
1.70375
1.59735
1.62983
1.5552
1.75118
1.50837
2.50779
1.6315
1.36801
1.91039
2.3362
1.31826
1.4807
1.60641
1.90628
2.0314
1.52207
1.22555
1.49013
1.76014
1.52666
1.31814
1.35729
1.7281
1.80173
1.62908
1.54822
1.87372
1.532
1.66495
1.88575
1.97693
1.49172
1.74162
1.97739
1.66904
1.9386
1.82528
1.59025
1.80355
1.7519
1.68771
1.42247
1.98951
1.53256
1.26169
1.91921
1.35432
1.65038
1.61061
1.8508
1.89013
1.42998
1.51602
1.77583
1.68407
1.28244
1.43802
1.69786
1.64402
1.71958
1.40423
1.81145
2.03202
1.80487
1.44655
2.03662
1.48389
1.46304
1.95248
2.00531
1.51473
1.19973
1.64371
1.74273
1.40362
1.69623
1.93877
1.2697
1.62389
1.6608
1.6092
1.75975
1.66183
2.08492
1.83105
1.52649
1.87568
1.57635
2.12793
1.79146
1.83505
1.98819
1.546
1.30966
1.86719
1.72506
1.87799
1.40635
1.7458
1.40542
1.96885
1.45116
1.43264
1.6711
1.84117
1.92261
1.54427
1.6757
1.63247
1.76484
1.48803
2.13918
1.60866
2.1448
1.99096
1.94677
1.81675
1.6293
2.17914
1.55068
2.563
1.52098
1.50793
1.47935
1.72304
1.6871
1.80184
1.98657
1.50782
1.33832
1.85295
2.15282
1.51863
1.56308
1.62682
1.58257
1.61878
1.7755
1.50122
2.3254
1.15157
1.66921
1.42997
1.44343
1.77529
1.71942
1.33618
1.65756
1.67127
1.65353
1.37447
1.59972
1.62707
1.47446
1.39891
1.7817
1.32923
1.42471
1.84307
1.8913
1.46439
1.69448
1.72475
1.87998
1.74643
2.06219
1.53711
1.82459
1.58161
1.46456
1.47846
1.41975
1.27965
1.81554
1.52943
1.59154
2.45034
1.68684
1.34558
1.60936
1.46843
1.78055
1.49185
1.6313
2.01159
1.69524
1.5479
1.31621
1.95644
1.56096
1.43176
1.56687
1.54349
1.25287
1.6378
1.54425
1.67098
1.93858
1.38909
2.16516
2.18301
1.48668
1.30598
1.83797
1.89364
1.81409
1.60419
1.50061
1.43842
1.34962
1.79635
1.60523
1.42554
1.42555
1.69389
1.48716
1.6856
1.69399
1.96429
1.41593
1.97017
1.75549
1.48385
1.70379
1.45632
1.65455
1.44433
1.8485
2.00303
2.04878
1.63315
1.75607
1.56447
2.88411
1.32535
1.47304
1.58637
1.44641
1.76749
2.03522
1.92534
1.98727
1.54289
2.08578
1.89559
1.82283
1.51051
1.69939
1.26066
2.74789
1.88271
1.6201
1.65824
1.90995
1.73859
1.7761
1.77267
1.43314
1.31572
1.33793
2.03969
1.60834
1.42374
2.00154
1.60553
1.37616
1.82277
1.78105
2.2315
2.01214
1.82031
2.04405
1.6127
1.43475
1.62352
1.55019
1.67478
1.71847
1.60118
1.83831
1.62847
1.47551
1.29211
1.53557
1.37179
2.01658
1.48879
1.63322
1.66848
1.21768
1.71012
1.5939
2.14542
1.77491
1.98089
1.33866
1.45718
1.77173
1.75737
1.50497
1.66128
1.92227
1.75921
1.39383
1.85212
1.98767
1.79508
1.56254
2.02234
1.66159
1.34161
1.36532
1.62707
1.61634
1.98745
1.3271
1.2878
1.93404
1.32415
1.59824
1.64929
1.58644
1.94473
1.43222
1.31128
2.12011
2.02513
1.88205
1.43519
1.48939
1.81058
1.85275
1.73934
1.34437
2.03411
1.58992
1.65139
1.44599
1.77016
1.69774
2.08372
1.45571
1.26074
1.91804
1.35348
2.04143
1.46077
1.63827
1.58703
1.81642
1.41802
1.74592
2.07475
1.68726
1.62655
1.47423
1.33696
1.62341
1.86178
1.49849
1.80261
1.85461
1.7317
1.67119
1.5354
1.60571
1.56425
1.77043
1.54307
1.50907
1.59766
1.77895
1.91527
1.67301
1.76919
1.91248
1.49231
1.37078
1.43307
2.13545
1.55088
2.22611
2.04883
1.35005
1.33007
1.65029
1.67675
1.32193
1.68787
1.7869
1.55271
1.5531
1.70958
1.99232
1.5628
1.5799
1.54971
2.06008
1.95363
1.76636
1.43535
1.56588
2.13011
1.70519
1.86103
1.50391
1.95117
1.60644
1.60936
1.73076
1.50147
1.66838
1.66299
1.74577
1.64865
1.72141
1.41662
2.01499
1.65509
1.51336
1.69701
1.36237
1.48049
1.76061
1.4662
1.35518
1.91669
1.68308
1.74916
1.40037
1.66248
1.54561
1.82433
1.83059
1.79913
1.30375
1.643
2.23526
1.68215
1.90687
1.94902
1.42504
1.39931
1.6783
1.51052
1.23939
1.36049
1.77275
1.86954
1.59006
1.6265
1.83555
1.56568
1.32992
1.60142
1.89692
1.56542
1.41788
1.25263
1.63575
1.36905
1.69504
1.28536
1.76182
1.9693
1.77008
1.65643
2.16917
1.65026
1.27481
1.84949
1.82694
2.01376
1.72371
1.27685
2.03925
1.89045
1.3057
1.93517
1.88448
1.82827
1.51321
1.55175
1.9202
1.78964
1.54058
1.41639
1.68003
1.89895
1.52068
1.65874
1.84633
2.02375
1.65341
1.70863
2.10295
1.31822
1.68633
1.52882
1.44071
1.61924
1.81
1.58973
1.68853
1.70043
1.41579
1.42875
1.48344
1.59042
1.69664
1.34325
1.90879
1.77179
1.82799
1.65516
1.7922
1.47308
1.34152
2.16354
2.18757
1.83715
1.9849
1.59951
1.74916
1.57312
1.61582
1.77689
1.23673
1.52443
1.66431
1.51539
1.7992
1.62997
1.4052
1.83313
1.37865
1.90668
1.51655
1.41902
1.51273
1.59113
1.48104
1.70868
1.65557
1.53172
1.90573
1.92191
1.77197
1.6934
1.58895
1.59152
1.88178
1.44641
1.29154
1.61178
1.49176
1.95397
1.54712
1.39204
1.7523
1.59143
1.90876
1.76971
1.49338
1.38777
1.6746
1.48643
1.76715
1.64826
1.33693
1.60431
1.67957
1.59036
1.70515
1.36095
1.97571
1.90397
1.52114
2.21515
1.98386
1.65538
1.82371
1.70266
1.06469
1.72617
1.58439
1.8144
1.43421
1.524
1.58815
1.60934
2.25901
1.91547
1.43739
2.3591
1.58379
1.45917
1.83804
1.99137
1.46153
1.83655
2.07687
1.42644
2.07701
1.88058
1.4802
1.64015
1.78289
1.70084
1.9687
1.72388
1.55538
1.75047
2.92058
1.91869
1.48059
1.62101
1.61088
1.37395
1.39864
1.61529
1.73894
1.48334
1.82905
1.82585
1.66116
1.50714
2.17191
1.54045
2.19419
1.91766
1.54321
1.75672
1.45799
1.47906
1.65764
1.85996
1.73336
2.09928
1.72879
1.95813
1.7313
1.81789
1.89951
1.58623
1.35601
2.3345
1.42731
1.95004
1.53156
2.00149
1.96698
1.69791
2.15071
1.64036
2.14056
1.97052
1.46081
1.60869
1.88574
1.64199
1.59129
1.52345
1.43058
1.85133
1.84306
2.02057
1.57901
1.60971
1.59809
1.72861
1.68888
1.20848
1.40414
1.3517
2.04845
1.6428
2.16605
1.4637
2.11086
2.01003
1.33518
1.8543
1.64898
1.98612
2.04834
1.94692
2.33765
2.02801
1.77908
1.45966
1.58034
1.80158
2.11993
1.68613
1.80546
1.638
1.81274
1.901
1.76727
1.42179
1.67046
1.87681
1.68493
1.69863
1.39866
1.88928
1.38989
1.2195
2.02195
1.87529
1.19683
1.60373
1.74581
1.80519
1.97805
1.7474
1.87108
1.49931
1.28019
1.59573
1.81024
1.52551
1.78679
1.5601
1.71897
1.63713
1.61373
2.08206
1.65348
1.46607
1.56373
1.90264
1.4335
1.63293
1.9051
1.64953
2.09898
1.23324
1.96095
1.96316
1.94034
1.79434
1.3728
1.51986
1.40285
1.43419
1.58875
1.32271
1.8351
1.97194
1.73141
2.20343
1.60181
1.42097
1.51583
1.43247
1.17547
1.71334
1.17319
1.26631
2.00417
1.42284
1.62697
1.86137
1.44251
1.87576
1.46026
1.71004
1.66071
1.80276
1.42903
1.71432
1.85134
1.58181
1.7745
1.65284
1.67688
1.44805
1.79931
1.80535
1.56725
1.90178
1.49836
1.54736
1.97628
1.48414
1.46927
1.7115
1.5655
1.78557
1.81524
1.55769
1.386
1.62166
1.79614
1.77065
1.27477
1.63492
1.71539
1.76763
1.71941
1.72311
1.95573
1.56265
1.49521
2.0009
1.62033
1.39064
2.10388
1.64013
1.97715
1.62746
1.47909
1.59967
1.73176
1.52295
1.69924
1.73411
1.81756
1.54608
1.82763
1.30595
1.45897
2.00944
2.30198
1.3976
1.66271
1.65632
2.14483
1.67417
2.00378
1.66735
1.57231
1.53882
1.44352
1.67058
1.24666
1.73496
1.84708
2.18363
1.51283
1.88718
1.55241
1.50312
1.8961
1.57903
1.60444
1.49193
1.5028
1.73785
2.22827
1.63516
1.42602
1.69696
1.71132
1.64322
1.40957
1.80016
1.87098
1.4239
1.78018
2.00399
1.49423
1.57248
1.9325
1.56201
1.72344
1.76642
1.40134
1.63
1.51359
1.81793
1.41316
2.35967
1.6136
1.70384
1.81872
1.89925
1.8659
1.73069
1.90922
1.54999
1.831
1.76163
1.66209
1.52493
1.9468
1.65689
1.32768
1.74396
1.69204
1.61927
1.47904
1.5157
1.82388
1.76391
1.76537
1.66688
1.87032
1.5022
1.19699
1.74567
1.58967
1.67017
1.34657
1.30776
1.8758
1.23641
1.80102
1.96363
1.49891
1.35172
1.96545
1.65598
1.80708
1.30713
2.13492
1.70369
1.35156
1.5019
1.33656
1.84525
1.39521
1.71778
1.97251
1.41701
1.67873
1.66817
1.90434
1.50492
1.31462
1.47538
1.7969
1.70907
1.94855
1.66484
1.39685
1.45709
1.69146
1.55696
1.55475
1.92298
1.49319
2.5467
1.21885
1.56664
1.88083
1.45733
1.3547
1.44047
1.43428
1.52763
1.5589
1.91549
1.39305
1.88617
1.66985
1.8094
1.43296
1.75765
2.18284
1.25589
1.55915
1.39645
1.3999
1.85644
2.04034
1.55347
1.47011
1.3041
1.48584
1.49898
1.54046
1.94499
1.95583
1.20358
1.94147
2.11031
1.57556
1.5177
1.2973
1.80813
1.70621
1.7779
1.69499
1.69883
1.41647
1.64829
1.24588
1.66499
1.51836
1.68667
1.60612
1.6129
1.55699
1.61509
1.65686
1.26953
1.70375
1.59735
1.62983
1.5552
1.75118
1.50837
2.50779
1.6315
1.36801
1.91039
2.3362
1.31826
1.4807
1.60641
1.90628
2.0314
1.52207
1.22555
1.49013
1.76014
1.52666
1.31814
1.35729
1.7281
1.80173
1.62908
1.54822
1.87372
1.532
1.66495
1.88575
1.97693
1.49172
1.74162
1.97739
1.66904
1.9386
1.82528
1.59025
1.80355
1.7519
1.68771
1.42247
1.98951
1.53256
1.26169
1.91921
1.35432
1.65038
1.61061
1.8508
1.89013
1.42998
1.51602
1.77583
1.68407
1.28244
1.43802
1.69786
1.64402
1.71958
1.40423
1.81145
2.03202
1.80487
1.44655
2.03662
1.48389
1.46304
1.95248
2.00531
1.51473
1.19973
1.64371
1.74273
1.40362
1.69623
1.93877
1.2697
1.62389
1.6608
1.6092
1.75975
1.66183
2.08492
1.83105
1.52649
1.87568
1.57635
2.12793
1.79146
1.83505
1.98819
1.546
1.30966
1.86719
1.72506
1.87799
1.40635
1.7458
1.40542
1.96885
1.45116
1.43264
1.6711
1.84117
1.92261
1.54427
1.6757
1.63247
1.76484
1.48803
2.13918
1.60866
2.1448
1.99096
1.94677
1.81675
1.6293
2.17914
1.55068
2.563
1.52098
1.50793
1.47935
1.72304
1.6871
1.80184
1.98657
1.50782
1.33832
1.85295
2.15282
1.51863
1.56308
1.62682
1.58257
1.61878
1.7755
1.50122
2.3254
1.15157
1.66921
1.42997
1.44343
1.77529
1.71942
1.33618
1.65756
1.67127
1.65353
1.37447
1.59972
1.62707
1.47446
1.39891
1.7817
1.32923
1.42471
1.84307
1.8913
1.46439
1.69448
1.72475
1.87998
1.74643
2.06219
1.53711
1.82459
1.58161
1.46456
1.47846
1.41975
1.27965
1.81554
1.52943
1.59154
2.45034
1.68684
1.34558
1.60936
1.46843
1.78055
1.49185
1.6313
2.01159
1.69524
1.5479
1.31621
1.95644
1.56096
1.43176
1.56687
1.54349
1.25287
1.6378
1.54425
1.67098
1.93858
1.38909
2.16516
2.18301
1.48668
1.30598
1.83797
1.89364
1.81409
1.60419
1.50061
1.43842
1.34962
1.79635
1.60523
1.42554
1.42555
1.69389
1.48716
1.6856
1.69399
1.96429
1.41593
1.97017
1.75549
1.48385
1.70379
1.45632
1.65455
1.44433
1.8485
2.00303
2.04878
1.63315
1.75607
1.56447
2.88411
1.32535
1.47304
1.58637
1.44641
1.76749
2.03522
1.92534
1.98727
1.54289
2.08578
1.89559
1.82283
1.51051
1.69939
1.26066
2.74789
1.88271
1.6201
1.65824
1.90995
1.73859
1.7761
1.77267
1.43314
1.31572
1.33793
2.03969
1.60834
1.42374
2.00154
1.60553
1.37616
1.82277
1.78105
2.2315
2.01214
1.82031
2.04405
1.6127
1.43475
1.62352
1.55019
1.67478
1.71847
1.60118
1.83831
1.62847
1.47551
1.29211
1.53557
1.37179
2.01658
1.48879
1.63322
1.66848
1.21768
1.71012
1.5939
2.14542
1.77491
1.98089
1.33866
1.45718
1.77173
1.75737
1.50497
1.66128
1.92227
1.75921
1.39383
1.85212
1.98767
1.79508
1.56254
2.02234
1.66159
1.34161
1.36532
1.62707
1.61634
1.98745
1.3271
1.2878
1.93404
1.32415
1.59824
1.64929
1.58644
1.94473
1.43222
1.31128
2.12011
2.02513
1.88205
1.43519
1.48939
1.81058
1.85275
1.73934
1.34437
2.03411
1.58992
1.65139
1.44599
1.77016
1.69774
2.08372
1.45571
1.26074
1.91804
1.35348
2.04143
1.46077
1.63827
1.58703
1.81642
1.41802
1.74592
2.07475
1.68726
1.62655
1.47423
1.33696
1.62341
1.86178
1.49849
1.80261
1.85461
1.7317
1.67119
1.5354
1.60571
1.56425
1.77043
1.54307
1.50907
1.59766
1.77895
1.91527
1.67301
1.76919
1.91248
1.49231
1.37078
1.43307
2.13545
1.55088
2.22611
2.04883
1.35005
1.33007
1.65029
1.67675
1.32193
1.68787
1.7869
1.55271
1.5531
1.70958
1.99232
1.5628
1.5799
1.54971
2.06008
1.95363
1.76636
1.43535
1.56588
2.13011
1.70519
1.86103
1.50391
1.95117
1.60644
1.60936
1.73076
1.50147
1.66838
1.66299
1.74577
1.64865
1.72141
1.41662
2.01499
1.65509
1.51336
1.69701
1.36237
1.48049
1.76061
1.4662
1.35518
1.91669
1.68308
1.74916
1.40037
1.66248
1.54561
1.82433
1.83059
1.79913
1.30375
1.643
2.23526
1.68215
1.90687
1.94902
1.42504
1.39931
1.6783
1.51052
1.23939
1.36049
1.77275
1.86954
1.59006
1.6265
1.83555
1.56568
1.32992
1.60142
1.89692
1.56542
1.41788
