1.0063
1.00383
1.00149
1.00225
1.00965
1.00504
1.00411
1.0105
1.0041
1.00508
1.00471
1.0063
1.01299
0.999735
1.00126
1.01596
1.00297
1.00337
1.01517
1.00186
1.00443
1.01461
1.00481
1.00517
1.00508
1.0094
1.00712
1.00318
1.00856
1.01475
1.00637
1.00421
1.00251
1.0032
1.00601
1.00984
1.01216
1.01892
1.00462
1.0169
1.01815
1.01626
1.00452
1.00304
1.00516
1.00021
1.00845
1.00989
1.00031
1.00475
1.00147
1.00739
1.0007
1.00314
1.00231
1.00584
1.00174
1.00281
1.01451
1.00566
1.01063
1.00592
0.999974
1.01357
0.999394
1.00347
1.01389
1.00427
1.0115
1.00844
1.00059
1.00164
1.01029
1.00449
1.00374
1.00783
1.00999
1.00311
1.00331
1.00206
1.018
1.0033
1.02387
1.003
1.00799
1.00814
1.0081
1.00612
1.00173
1.00879
1.00226
1.00174
1.00195
1.00014
1.10439
1.0015
1.00202
1.01007
1.00388
1.00594
1.00249
1.0163
1.01073
1.0148
1.00093
1.0232
1.00544
1.00829
1.00522
1.01049
1.00181
1.0051
1.00735
1.00736
1.00253
1.00797
1.00205
1.00483
1.0064
1.00806
1.00502
1.00127
1.00375
1.01385
1.00194
1.00871
1.00493
1.00625
1.00333
1.01541
1.00898
1.00201
1.00401
1.01061
1.00706
1.00284
1.0086
1.00821
1.00334
0.999351
1.00598
1.02458
1.00722
1.00192
1.01422
1.00384
1.00458
1.00206
1.00296
1.00634
1.01289
1.00703
1.00705
1.0033
1.0014
1.0006
1.00201
1.0045
1.02154
1.00144
1.00657
1.00922
1.00166
1.01952
1.0036
1.00302
1.00384
1.0095
1.01684
1.03176
1.00617
1.00141
1.00509
1.00322
0.999011
1.00554
1.00139
1.00882
1.00352
1.02106
1.00256
1.01143
1.00385
1.00533
1.00412
1.00382
1.00047
1.00697
1.00416
1.01596
1.00818
1.01358
1.00232
1.02001
1.00073
1.01586
1.00153
0.999574
1.00385
1.00047
1.01136
1.00451
1.00662
1.01377
1.00507
1.00823
1.01349
1.01751
1.01433
1.00407
1.0065
1.00231
1.00346
1.00285
1.0026
1.00246
1.01439
1.00919
1.00673
1.00803
1.00089
1.00747
1.0068
1.00145
1.00088
1.00925
1.00437
1.00498
1.00273
1.00132
1.00424
1.00344
1.00143
0.998709
1.00378
1.00346
1.00169
1.00551
1.01204
1.00162
1.01657
1.0169
1.00583
1.019
1.0021
1.017
1.00448
1.00338
1.00456
1.0022
1.00446
1.00766
1.00131
1.00608
1.00327
1.01107
1.00068
1.00394
1.00772
1.00887
1.01021
1.00162
0.999341
1.01114
1.00691
1.00263
1.00366
1.00387
1.00044
1.0019
1.00024
1.00207
1.00411
1.00495
1.00456
0.999935
1.0059
1.00184
1.0062
1.01416
1.00741
1.00232
1.01164
1.01858
1.00945
1.00275
1.00096
0.999595
1.00034
1.00843
1.00514
1.00503
1.00163
1.01209
1.00865
1.03928
1.00131
1.00592
1.00417
1.00364
1.0021
1.01871
1.00257
1.00468
1.00638
1.00268
1.00049
1.00965
1.00434
1.00535
1.00533
1.0023
1.01503
1.00977
1.00352
1.00209
1.00472
1.00185
1.00488
1.01356
1.00935
1.01244
1.0062
1.01047
1.00428
1.00278
1.00662
1.00432
1.00595
1.01172
1.00118
1.01021
1.00557
1.01034
1.00292
1.00964
1.00445
1.00149
1.00847
1.00438
1.01151
1.0064
1.00388
1.00298
1.02866
1.00493
1.0074
1.00929
1.00798
1.00576
1.02241
1.0103
1.00402
1.00626
1.00723
1.00077
1.00538
1.00353
1.01933
1.00076
1.01387
1.00077
1.00991
1.00117
1.00149
1.00762
1.00592
1.00771
1.00765
1.0429
1.00635
1.01673
1.00061
1.00123
1.01273
1.00743
1.00937
1.02959
1.00274
1.00427
1.00381
1.0012
1.00506
1.01106
1.00656
1.01442
1.01243
1.0028
1.0028
1.01031
1.0007
1.00905
1.00099
1.00736
1.00906
1.00211
1.0036
1.00629
1.00703
1.00292
1.00448
1.00431
1.01145
1.00614
1.00989
1.0054
1.01429
1.00536
1.00383
1.0032
1.02391
1.00598
1.00484
1.00646
1.00369
1.0068
1.00406
1.00283
1.00541
1.00283
1.00502
1.00485
1.00533
1.00185
1.00175
1.00361
1.00424
1.01266
1.02274
1.00749
1.01052
1.00475
1.00353
1.00704
1.0022
1.01511
1.00519
1.02094
1.00487
1.00221
1.00014
1.00722
1.00312
1.0042
1.00896
1.0035
1.00914
1.0009
0.996652
1.00217
1.0087
1.00729
1.00229
1.00789
1.00606
1.00368
1.00253
1.0066
1.00354
1.00822
1.00745
1.01328
1.00435
1.01457
1.00581
1.00072
1.00758
1.00648
1.0016
1.01695
1.01634
1.0054
1.00445
1.00386
1.00678
1.01639
1.00308
1.00542
1
1.00211
1.00589
1.00893
1.01106
1.00024
1.01054
1.01121
1.00793
1.009
1.00169
1.02737
1.00102
1.00732
1.01471
1.00709
1.00531
1.01184
1.01052
1.02226
1.00808
1.0012
1.01057
1.01017
1.0052
1.02103
1.01058
1.00029
1.00115
1.00626
1.00652
1.01522
1.00093
1.00118
1.00459
1.02517
1.01337
1.00551
1.00142
1.00591
1.00163
1.00445
1.00357
1.02203
1.00098
1.01055
1.011
1.00981
1.00385
1.00198
1.0036
1.00414
1.00577
1.0039
1.00713
1.0122
1.00634
1.00129
1.00151
0.999879
1.00194
1.01005
1.01251
1.01609
1.00783
1.00582
1.02577
1.02593
1.00327
1.00391
1.00578
1.00216
1.00741
1.01348
1.0067
1.00453
1.00242
1.01269
1.05407
1.00162
1.00379
1.00511
1.00272
1.00654
1.01763
1.0056
1.00882
1.00964
1.01882
1.00519
1.00248
1.00436
1.00023
1.01159
1.00107
1.00356
1.00049
1.0072
1.00928
1.00183
1.0063
1.00085
1.00558
1.01024
1.00797
1.00229
1.00166
0.999907
1.01013
1.00131
1.00469
0.99975
1.0048
1.00444
1.00152
1.00053
1.00596
1.00007
1.00259
1.00217
1.00095
1.00664
1.00459
1.0038
1.00148
1.00362
1.0035
1.0045
1.00392
1.02129
1.00064
1.00903
1.00485
1.00169
1.00477
1.00464
1.00473
1.00231
1.00926
1.00586
1.00467
1.00489
1.00555
1.00316
1.0098
1.00657
1.01575
1.00645
1.00437
1.00278
1.00716
1.01038
1.01794
1.0035
1.01661
1.00051
1.00675
1.00713
1.00231
1.00171
1.00745
1.01788
1.00715
1.00512
1.00325
1.01926
1.00221
1.00131
1.00056
0.999002
1.00395
1.01667
1.02509
1.00495
1.00419
1.0053
1.00757
1.00533
1.00832
1.00924
1.01738
1.00388
1.00475
1.00288
1.00184
1.00203
1.00333
1.00634
1.00455
0.999543
1.00247
1.0031
1.0249
0.999521
1.01383
1.00321
1.01332
1.00427
0.999658
1.00311
1.01013
1.00732
1.01607
1.00359
1.0059
1.00715
1.00663
1.00302
1.0132
1.00554
1.00839
1.00181
1.00787
1.00881
1.00459
1.01069
1.00537
1.004
1.00968
0.999002
1.0043
1.00413
1.00895
1.00553
1.00322
1.00789
1.00033
1.00495
1.00718
1.04152
1.00663
1.00448
1.00652
1.00026
1.00536
1.00308
1.00407
1.00528
1.00533
1.01413
1.02743
1.00257
1.00053
1.00404
1.00929
1.00499
1.00102
1.00781
1.02122
1.00842
1.00835
1.00722
1.0119
1.00225
1.00475
1.0247
1.00682
1.00362
1.01307
1.00171
1.00176
1.02309
1.00441
1.0004
1.00861
1.0026
1.00961
1.00006
1.0126
1.00776
1.00236
1.00932
1.00878
1.00602
1.00505
1.0003
1.00428
1.00249
1.0021
1.00001
1.00715
1.01
1.00263
1.00992
1.00342
1.00634
1.00377
1.00205
1.00638
1.00436
1.00367
1.00328
1.00051
1.00347
1.00838
1.01633
0.999812
1.00538
1.01877
1.0039
1.00532
1.00445
1.00049
1.00238
1.01255
1.01822
1.00233
1.00016
1.00927
1.01627
1.00546
1.0115
1.01119
1.01083
1.01894
1.01496
1.01752
1.00381
1.00167
1.00645
1.02301
1.00087
1.00129
1.00396
1.01748
0.999773
1.00334
1.01382
1.0122
1.01188
1.00062
1.00168
1.0045
1.00529
1.00498
1.00679
1.00537
1.01851
1.00063
1.01293
1.01089
1.01599
1.01039
1.00868
1.00821
1.00147
1.00402
1.0033
1.00187
1.01024
1.02089
1.00536
1.00355
0.999783
1.01811
1.01895
1.0021
1.00265
1.00042
1.02545
1.00276
1.0057
1.00121
1.00126
1.01388
1.00317
1.00582
1.01361
1.00676
1.00353
1.00749
1.00472
1.00384
1.00196
1.013
1.00298
1.00335
1.01508
1.00347
1.00951
1.01223
1.00474
1.00163
1.00577
1.00285
1.00303
1.00314
1.00456
1.00688
1.00346
1.01656
1.00185
1.0036
1.00296
1.01229
1.00005
1.0017
1.0023
1.0122
1.00467
1.00123
1.0037
1.0045
1.00301
1.00117
1.00344
1.0243
1.00354
1.0068
1.01689
1.00946
1.00517
1.01641
1.00878
1.01345
1.0026
1.00766
1.00446
1.00654
1.00587
1.01922
1.00873
1.00202
1.00557
1.00205
1.00352
1.00241
1.00956
1.02888
1.01397
1.00413
1.00168
1.00756
1.0056
1.01027
1.00254
1.00503
1.00301
1.00249
1.02149
1.00231
1.00392
1.00084
1.00699
1.00057
1.00539
1.00807
1.02567
1.00546
1.0046
1.00633
1.0058
0.999403
1.00895
1.00409
1.00846
1.02516
1.00209
1.00434
1.00446
1.01053
1.00399
1.0031
1.01133
1.0056
1.00103
1.0165
1.00323
1.00698
1.01637
1.00267
1.00432
1.00143
1.00453
1.00222
1.00673
1.0026
1.00214
1.01532
1.01388
1.00956
1.00096
1.00179
1.00434
1.00734
1.00059
1.01451
1.00496
1.00646
1.00445
1.00607
1.00292
1.0023
1.00109
1.0012
1.00217
1.00116
1.00483
1.01161
0.999151
1.00485
1.0118
1.00351
1.01865
1.00177
1.0082
1.01012
1.00551
1.00364
1.01393
1.00878
1.00299
1.00308
1.00363
1.00571
1.01569
1.00352
1.00406
1.00124
1.00514
1.00945
1.00701
2.54723
1.60081
2.50423
2.51579
2.00839
1.19612
2.55682
1.22399
1.15387
2.4979
1.96994
1.17151
2.62622
1.69987
2.18886
2.83113
1.51858
1.94493
3.34177
2.77873
1.22026
2.72991
1.82408
2.28041
2.18991
3.47606
1.25423
2.26238
1.31887
3.15818
2.0616
3.28771
3.20115
1.68084
2.85647
1.88782
2.50959
3.22107
1.23655
3.43462
3.29227
2.94397
3.09405
2.44795
1.56204
2.03774
3.26823
2.80969
2.48455
2.83185
2.54497
1.11163
1.69119
2.80716
1.53376
1.27623
2.53775
1.86329
2.51718
1.84915
3.07351
3.00178
1.74041
3.18576
1.06083
1.87043
2.62068
2.64995
2.91711
3.37916
1.41448
1.99141
1.56227
1.89805
2.08936
2.95734
1.19605
1.70738
2.1797
2.9509
3.47034
1.38765
3.53152
2.46892
3.44679
2.77386
3.04059
2.46834
1.82541
2.81581
2.39563
2.1791
1.97778
1.90967
3.70902
1.73501
3.0007
2.21794
1.83393
2.1472
1.63779
3.06318
1.90825
3.42217
1.75716
2.5496
2.34357
2.46037
2.10061
3.32299
1.70628
1.17909
2.39768
1.59607
1.7253
2.83242
2.38536
1.73307
2.92365
2.5687
3.08324
2.16334
1.55446
3.3416
2.28989
2.71661
1.49363
2.11085
1.95104
1.60102
2.54421
2.17541
1.6743
2.57037
2.86579
2.65046
2.18886
2.33143
2.48675
2.24949
2.11537
3.24528
1.89991
2.26472
2.29996
2.68977
2.39866
2.19855
2.79478
1.9632
1.93056
2.03893
2.54753
1.56322
1.80199
1.90937
1.7503
2.76667
3.36343
2.4108
1.85464
2.05162
1.92342
2.51224
1.78095
1.95555
2.80103
2.39749
3.03228
3.18355
3.20698
1.82105
1.65172
1.59553
1.99528
2.77169
1.30873
2.87978
2.96218
2.25692
2.35725
2.05118
2.58352
1.23585
1.2831
1.92876
1.46049
2.54707
3.11886
3.37312
3.00742
2.50931
2.3488
3.11164
1.92434
2.52304
1.73505
1.82171
2.05915
1.49704
1.91252
2.46115
2.24331
3.62281
2.34205
2.28017
1.24759
3.26214
3.21359
2.18151
2.48299
2.66797
2.66867
1.92392
3.22237
2.20648
3.51037
1.90257
2.82656
2.48265
3.03003
1.82172
2.79391
1.22717
1.7565
3.06721
2.86925
1.82266
2.22854
2.45707
1.51098
1.97757
2.79556
1.64176
2.94891
1.12231
1.38819
3.19125
2.41756
2.04633
3.35929
3.33382
2.34911
3.44326
2.12029
3.22083
2.36454
2.1706
1.72819
1.80128
1.86723
1.49677
3.1466
2.06417
1.60068
3.33713
1.75826
2.43703
2.11036
2.54082
1.60364
3.04013
2.02641
3.11921
2.3757
1.87955
1.12709
2.68974
2.62217
2.92325
1.85021
1.59337
1.94175
1.77095
1.70081
2.70861
1.46249
1.85883
2.4211
3.17684
1.67381
1.42775
2.5096
3.2536
2.51739
3.13489
1.30822
1.76486
2.43243
1.58409
2.6222
2.96303
1.6386
3.37373
1.29828
3.353
1.90143
2.28484
3.05646
2.63177
2.47684
3.28846
2.06806
2.27273
2.05372
1.98467
2.79273
2.21846
1.68786
2.18865
2.63458
2.71772
3.46638
2.86095
1.41132
1.08561
2.31677
2.11377
2.68721
3.41031
2.53285
3.11648
1.78351
3.52729
1.2985
3.22962
2.6802
2.01338
1.66028
1.685
2.05817
2.48379
1.44143
2.34614
1.08359
2.82147
1.71768
2.456
3.13676
1.52107
2.20262
2.55577
3.01378
2.37497
3.26914
2.17761
1.97459
1.93124
2.39376
2.56469
3.17751
3.0473
2.65654
1.2656
2.80468
1.69492
1.28441
2.92213
3.02167
2.12233
2.25612
2.85397
2.57256
2.47133
1.29006
3.20426
2.63218
1.31227
2.66625
3.5233
1.58443
3.62021
2.48363
2.30263
2.93019
2.46566
2.67861
3.29598
1.46297
1.99967
1.43102
2.37093
2.32721
1.74298
2.59696
3.55222
3.19491
2.26806
2.47911
2.58591
2.71793
2.40912
3.12058
2.16637
1.99379
2.27865
3.08436
1.93704
3.08041
2.18524
1.49941
1.75671
2.46783
2.07088
2.94397
2.10909
2.75245
3.12501
2.52646
2.35358
3.52573
2.30826
2.22152
2.37961
1.3792
2.52183
1.37578
2.58409
2.401
1.94918
1.20733
2.22041
2.78017
2.54496
2.03747
2.33263
2.33767
2.4671
3.12907
1.99188
2.70293
1.40424
1.57874
1.70479
2.47146
1.67469
1.40657
2.29111
2.91008
2.44552
2.30731
1.71918
2.65196
2.70471
3.4242
2.35878
2.74627
1.89467
1.80874
1.72316
2.86395
2.16466
1.75886
2.86774
3.11612
1.69188
1.6587
1.22604
1.64483
2.10915
1.81577
1.56975
1.95305
2.86496
1.79548
2.19794
3.1861
2.65906
1.95994
2.74917
3.00156
1.72144
2.7636
3.06907
2.17321
3.25606
3.17526
1.8961
2.28494
1.85784
2.25521
2.09349
2.56109
2.14849
3.63139
1.4091
3.16043
2.13615
2.79484
3.4035
2.14164
2.57822
3.32113
3.44918
2.69501
3.41196
1.81892
3.13319
2.64904
1.59471
3.32926
2.37648
1.29977
2.77901
2.67821
1.40853
2.84325
2.22588
2.39189
3.15568
1.92551
2.31009
1.90669
3.44111
2.97349
3.04083
1.77602
2.8655
2.73698
2.51638
1.46328
3.35284
2.13442
1.66724
2.27259
1.43193
2.31322
2.3792
1.23831
1.7651
2.311
1.76969
2.31097
3.07814
3.28897
2.13314
1.06333
1.92055
1.98063
2.44459
1.47569
2.59572
2.88253
2.00136
2.59686
3.15861
2.76533
1.7034
1.48392
1.28827
2.64497
1.92662
1.40778
1.20123
1.73579
2.76265
3.70066
1.55696
3.06131
1.94735
1.69062
1.56909
2.91176
1.54904
2.31717
1.66493
3.30825
2.15954
1.89838
2.46152
1.1768
2.09475
3.09283
2.73175
2.57977
2.10332
1.46227
1.3931
2.63302
1.15179
1.90417
2.82113
2.56539
2.29447
1.07918
1.24803
2.4018
2.27129
2.73365
2.35269
2.26665
2.22633
1.97197
1.97624
1.98897
1.97304
1.8367
1.91883
1.95008
1.58945
2.64969
1.94925
2.60338
3.18606
1.24858
1.91634
1.77124
3.28763
1.81766
1.84023
2.16235
1.87648
2.90162
2.79217
2.81643
1.71227
2.47034
3.19332
3.2741
3.01676
2.57922
2.85438
2.63136
2.70145
3.02185
3.15032
2.4488
1.505
1.55323
1.55481
2.96377
1.74198
3.37349
1.68654
3.05256
2.74735
2.97969
3.03126
2.92901
3.31375
3.07875
3.1646
2.89602
3.32394
2.25469
2.16408
1.59332
1.94852
2.1179
3.65622
2.78049
2.98596
1.9026
1.53497
3.06572
2.42352
1.9833
2.57755
2.98735
1.40335
1.83102
3.25864
1.76204
1.81422
2.85115
2.87729
3.41849
1.85161
2.70164
1.64338
3.21781
2.17933
2.99325
3.44771
3.04589
1.67102
1.1792
2.82995
2.51612
2.49285
2.95888
2.16234
1.42219
3.45457
1.73245
3.34135
3.11133
1.61048
1.8108
2.69517
2.585
2.99417
2.62758
1.2975
1.67351
1.53869
1.19682
1.21859
3.30543
2.24593
3.39696
1.6403
3.15417
2.49007
1.21951
2.25884
1.59904
3.45792
2.71364
2.52679
2.82302
1.98972
2.76216
1.88961
3.11792
2.60631
1.40332
3.20784
3.04418
2.32559
1.89992
3.15646
2.9962
1.63629
2.34898
1.67657
3.51141
3.35688
2.90063
3.22665
2.41592
2.50298
1.46894
3.68248
2.22298
1.89584
1.31272
2.57654
1.44944
3.51698
2.72775
1.77667
1.53013
2.55696
1.47137
1.50997
2.58707
3.02382
1.58779
1.75238
2.7445
3.13742
1.83557
1.89787
2.81334
2.31557
1.63877
2.90042
1.69519
2.24883
1.73801
3.17049
1.90853
1.24794
1.47125
2.30992
2.45924
1.77143
2.92193
2.56786
2.22716
2.90927
2.37885
2.79119
2.26796
3.11473
3.32807
2.78465
2.7476
1.12142
1.36233
2.019
3.12157
3.35393
2.86335
1.95689
2.20039
3.21373
2.81126
2.64313
2.06655
2.29609
3.34777
3.38021
3.33751
2.02403
1.43941
2.22961
3.07665
3.00093
1.45296
2.31476
3.34829
1.20075
3.01181
3.29
2.9287
2.63824
2.16247
1.68095
1.62044
2.37527
2.81717
2.21267
1.89641
3.39989
2.39893
2.0676
2.73429
3.15128
2.03349
2.9416
2.23468
2.49389
2.65745
2.70263
2.13181
2.88221
3.60571
1.25156
1.40587
1.943
3.14895
3.00335
1.90968
2.39231
1.62267
2.75255
1.87506
2.93397
2.06495
1.78214
2.00642
2.44399
1.67387
3.13603
2.36383
1.99091
2.98458
2.57948
2.0929
1.36746
2.67343
1.96674
2.93106
2.44326
1.15591
1.3029
3.07053
3.02833
1.37497
1.29516
1.82508
2.10483
2.20123
1.78275
2.8868
1.87028
3.01109
1.83252
2.47975
2.42775
2.07271
2.28875
1.22783
1.4627
1.89972
1.29394
1.71309
2.78409
1.19
1.93018
3.05014
1.4896
3.46251
1.74629
1.93188
2.8626
2.03187
1.7762
2.63875
2.63914
1.82402
1.1873
1.473
2.91052
1.18841
2.48256
2.9346
3.36628
2.54632
1.63347
1.35268
1.27245
2.62937
2.19151
3.59302
2.15844
1.28528
1.20706
1.34157
2.56724
3.18692
3.14789
2.07298
1.91253
1.21382
3.40947
3.14025
2.48299
1.43273
1.47687
1.77546
2.17672
2.61422
3.55732
1.50341
2.51504
2.97199
2.11045
1.35386
1.54892
1.94673
2.45902
3.33125
2.85155
1.20104
2.88903
2.8504
2.39482
3.23747
2.84125
1.11606
1.80061
3.23997
2.65723
1.31439
2.88492
1.74338
1.60175
2.72051
3.06153
2.90026
2.03541
1.38827
1.79206
2.77286
2.67669
2.54653
2.88067
1.68843
1.7434
1.46115
1.34509
2.85254
2.2696
3.1272
3.0858
2.24104
2.25586
1.27123
2.62574
1.8989
1.70769
1.85575
2.3077
2.88041
2.33658
2.46424
3.68778
1.94833
3.40164
2.69842
1.87271
2.56889
1.4497
3.26707
3.50532
2.16552
2.15656
1.7633
1.38638
2.25503
3.25872
2.25273
1.48
1.79228
2.124
1.30678
2.60745
2.75246
1.61168
3.00517
2.66464
2.14355
1.20961
2.66674
1.34177
1.21515
2.61872
2.02967
1.18977
2.72559
2.15628
2.28135
2.89126
1.86756
2.2797
3.38169
3.26482
1.38244
2.74822
1.82408
2.42109
2.85761
3.64414
1.2609
2.35245
1.48731
3.22133
2.16713
3.68108
3.31037
1.78033
3.21465
2.12056
2.57691
3.30545
1.41983
3.73243
3.47904
3.03639
3.33946
3.06758
1.70337
2.30786
3.50711
2.85873
2.97382
3.4523
2.72749
1.20011
1.85425
3.16657
1.74279
1.57147
2.70884
1.90721
2.51718
1.88491
3.20895
3.02308
2.00472
3.21253
1.13534
1.97482
2.69022
3.06612
3.11657
3.68219
1.49099
2.02612
1.68347
2.28311
2.49481
3.20641
1.20307
1.74296
2.50684
3.16666
3.62441
1.55484
3.53152
2.77351
3.60065
2.96109
3.31978
2.48681
1.91116
2.93102
2.57252
2.5234
2.08569
2.31889
3.95397
1.84172
3.48811
2.34681
1.89916
2.36544
1.76047
3.19054
2.07624
3.54864
2.03758
2.6115
2.42753
2.53881
2.23383
3.54626
1.87744
1.31126
2.39768
1.59607
2.06754
2.87122
2.56538
1.78479
3.03797
2.5687
3.31527
2.28607
1.66832
3.3416
2.39303
3.16311
1.50717
2.28867
2.08343
1.6973
2.59816
2.23845
1.76915
2.61034
2.9397
2.97686
2.31807
2.3725
2.83726
2.60705
2.22783
3.24528
2.1977
2.79436
2.50671
3.08208
2.54485
2.26279
3.0993
2.24464
1.98493
2.16132
2.73012
1.5852
1.97648
2.06189
1.90856
3.04893
3.44145
2.7508
2.20852
2.18539
2.07854
2.52555
1.89183
1.99224
2.94846
2.52232
3.05355
3.22894
3.30895
1.90097
1.69673
1.76364
2.38303
3.01016
1.4336
2.94997
3.32675
2.3431
2.75734
2.13552
2.82021
1.31598
1.35343
1.94503
1.66216
2.6918
3.48357
3.46832
3.23378
2.64475
2.44633
3.19017
2.35266
2.58704
1.8465
2.20038
2.31666
1.69873
1.9439
2.75295
2.24331
3.67697
2.573
2.49902
1.30297
3.33353
3.26381
2.35912
2.54133
2.89989
2.84531
1.95237
3.56242
2.55091
3.56447
1.95156
3.12965
2.58942
3.35246
1.90494
2.98979
1.26365
2.26917
3.06721
3.11539
1.88798
2.47176
2.55943
1.54804
2.02264
3.03377
2.02598
3.23038
1.13054
1.40828
3.48662
2.49706
2.46225
3.46516
3.41945
2.56152
3.57563
2.2278
3.32982
2.36454
2.27923
2.17339
1.92769
2.01998
1.68451
3.55309
2.08922
1.65914
3.38383
1.85328
2.89224
2.33667
2.57589
1.63679
3.36382
2.32199
3.48287
2.47343
1.94983
1.20687
3.15256
3.2392
3.28156
2.04047
1.83145
2.07936
1.77095
1.92811
2.97028
1.5427
2.40463
2.5574
3.22183
1.67381
1.47217
2.59406
3.73483
2.56255
3.29417
1.42359
2.23771
2.96382
1.67157
3.23543
3.24617
2.12495
3.46639
1.29828
3.37973
1.96684
2.28484
3.22812
3.15947
3.023
3.42015
2.15648
2.63718
2.09912
2.13846
3.12467
2.43352
1.78359
2.31764
2.75367
3.05045
3.60128
2.94341
1.43154
1.10637
2.63927
2.24223
2.91163
3.55114
2.60321
3.21637
1.94087
3.58791
1.32168
3.5849
2.81362
2.26479
1.81679
1.70378
2.31453
2.53821
1.54817
2.42666
1.28686
3.11678
1.90586
2.70728
3.17509
1.66143
2.41338
2.63765
3.28851
2.42974
3.41443
2.27459
2.06653
2.04555
2.59323
2.97033
3.22871
3.33295
3.22889
1.38146
2.88591
2.05594
1.36205
3.47838
3.12538
2.32448
2.68285
2.96446
2.64183
2.92856
1.62366
3.22109
2.72548
1.68042
2.81208
3.86353
1.79733
3.66594
2.55067
3.06156
3.0909
2.57411
2.8087
3.356
1.5793
2.03986
1.46146
2.93227
2.36266
1.82399
2.7093
3.67408
3.303
2.52281
2.62138
2.58591
3.03658
2.79404
3.40629
2.19698
2.07279
2.40324
3.19917
2.16922
3.13646
2.37973
1.55719
1.85502
2.54457
2.38047
3.06559
2.13303
2.79948
3.47103
2.91711
2.82119
3.61951
2.30826
2.25341
2.45242
1.48676
2.52183
1.41673
3.15926
2.71706
1.96117
1.32239
2.56547
2.99711
2.64002
2.13958
2.4038
2.37863
2.55189
3.24564
2.04456
2.72494
1.56339
1.70184
1.94037
2.93679
1.86826
1.60431
2.40745
3.18195
2.54991
2.51606
1.89566
3.11887
2.90975
3.45983
2.76809
2.83466
2.01195
1.97962
1.86685
3.07926
2.21432
2.04271
3.24548
3.45776
1.94002
1.6587
1.30365
1.74921
2.38065
2.21985
1.64862
1.99907
2.94524
1.84642
2.54175
3.40466
2.69262
1.99603
2.8801
3.13558
1.74483
2.85951
3.16954
2.23058
3.43863
3.34897
2.04766
2.6708
1.85784
2.3117
2.29963
2.59277
2.33686
3.6803
1.50714
3.69681
2.20848
2.92386
3.4618
2.95206
2.64843
3.43202
3.64037
3.4932
3.45326
1.97263
3.30641
2.77683
1.62845
3.74671
2.37648
1.53957
2.82139
2.69932
1.45183
3.27796
2.31581
2.46799
3.24375
2.14332
2.50093
1.98944
3.56809
3.04914
3.39823
1.92287
3.19464
2.76394
2.53311
1.58148
3.43522
2.16797
1.67639
2.40838
1.49439
2.48202
2.46112
1.4791
1.87269
2.36502
1.87838
2.41329
3.15945
3.56157
2.39572
1.08989
2.0272
2.01617
2.48743
1.7104
2.65977
3.06745
2.10451
2.66568
3.21661
2.98807
1.76458
1.60141
1.49324
2.81574
1.93679
1.53256
1.33209
1.79506
2.81867
3.86265
1.58411
3.24108
2.27254
1.79511
1.66179
2.95936
1.64076
2.84806
1.67242
3.39536
2.34687
1.95256
2.79758
1.26701
2.15369
3.25606
2.85076
2.73683
2.24596
1.56476
1.68904
2.84843
1.27638
2.02618
2.8552
2.62732
2.76385
1.16411
1.42087
2.61719
2.58908
3.49511
2.69294
2.31223
2.69639
2.04358
2.05537
2.09588
2.32711
1.92996
1.95834
1.99474
1.65901
2.82923
1.99927
3.2241
3.36526
1.29277
1.91634
1.89437
3.28763
2.02082
1.87461
2.47087
2.11417
3.12201
3.23271
2.99485
1.8646
2.55212
3.40603
3.59343
3.4491
2.70857
3.13981
2.67344
2.81384
3.09573
3.35
2.50615
1.56266
1.68412
1.57447
3.05702
1.93614
3.45683
1.90627
3.39377
2.97972
3.16883
3.30363
3.17552
3.4091
3.41091
3.31969
2.98785
3.63657
2.34308
2.26822
1.79519
2.07897
2.13439
3.65622
2.84211
3.28729
1.97708
1.54905
3.52131
2.63361
2.09065
2.67661
3.02122
1.49958
1.84238
3.39821
1.77441
1.84565
3.24553
2.99211
3.69957
2.01216
3.03757
1.97913
3.24535
2.54778
2.99325
3.7096
3.08732
1.6883
1.29073
3.2594
2.59431
2.52239
3.01973
2.41579
1.51254
3.5045
1.75122
3.69097
3.31596
1.66496
1.93946
3.17129
2.64413
3.26146
2.8348
1.46889
1.73355
1.56635
1.23998
1.26848
3.40393
2.40877
3.52219
1.90942
3.3734
2.71805
1.28595
2.64465
1.61751
3.45792
2.95822
2.75271
3.1016
2.16801
2.86933
1.94465
3.39576
2.71439
1.52078
3.23916
3.14928
2.53311
2.09658
3.32011
3.27883
1.67656
2.78109
1.71309
3.51141
3.60628
2.95379
3.51077
2.49553
2.85004
1.6524
3.7179
2.23842
1.99904
1.32233
2.88668
1.64954
3.77493
2.90797
1.7881
1.55182
3.13347
1.54869
1.58623
2.58707
3.13558
1.63783
1.85503
2.85208
3.51187
1.87689
2.06161
3.15273
2.59811
1.84406
3.03941
1.75017
2.44968
1.75827
3.21149
2.00365
1.30118
1.74545
2.55077
2.49633
1.81758
3.14188
2.62737
2.34085
3.31037
2.41548
2.85325
2.50309
3.21082
3.54293
2.89012
3.09419
1.25773
1.58499
2.49719
3.42076
3.48216
3.09814
2.12636
2.28297
3.21373
3.02117
2.73488
2.16915
2.44389
3.34777
3.40796
3.42388
2.0927
1.49784
2.41811
3.14004
3.41054
1.67093
3.04442
3.46146
1.3033
3.68632
3.49011
2.95294
2.65463
2.25207
1.71127
1.81067
2.54585
2.92235
2.25293
2.14282
3.58734
2.6179
2.22463
2.73429
3.23149
2.03349
3.11869
2.40118
2.524
2.81616
3.25028
2.45207
2.98285
3.71684
1.37119
1.4931
2.43952
3.24438
3.06219
2.33051
2.51797
1.77269
2.80964
1.91753
3.03177
2.0803
1.86767
2.08025
2.66713
1.71297
3.18894
2.39672
2.1896
3.702
2.98615
2.29429
1.52634
2.75668
1.98397
3.24093
2.5122
1.17901
1.31734
3.13747
3.26514
1.55713
1.30372
2.27538
2.27136
2.2935
1.8273
3.00396
1.9489
3.13988
2.18859
2.66335
2.65989
2.19177
2.83293
1.23352
1.56453
1.9239
1.33781
1.76235
2.97441
1.37454
2.163
3.4049
1.54481
3.64881
1.79823
1.94625
3.03452
2.14512
1.86329
2.75218
2.86041
1.82402
1.24668
1.50345
3.08495
1.37827
2.61479
2.9346
3.64968
2.69959
1.75075
1.39854
1.28469
2.85791
2.24039
3.62631
2.33762
1.30078
1.46118
1.46002
2.832
3.38254
3.72176
2.18934
1.99822
1.4031
3.58948
3.58107
2.63657
1.89707
1.52599
1.78976
2.20373
2.65923
3.58967
1.64351
2.85233
3.34684
2.11045
1.66524
1.55854
1.99098
2.54536
3.47566
2.9478
1.23704
3.15413
2.87386
2.57173
3.50735
2.87535
1.33811
1.83073
3.31458
2.85267
1.41498
3.00482
1.75421
1.65271
3.16108
3.44085
3.27558
2.20731
1.61197
1.96505
2.88029
2.9616
2.62771
2.9531
1.80613
1.9323
1.51724
1.39218
3.15926
2.39476
3.55143
3.42476
2.3076
2.82668
1.41608
3.58239
2.00867
1.80084
1.89626
2.32248
2.95138
2.74812
2.51008
3.80253
2.35351
3.4927
3.02598
2.112
2.61342
1.48369
3.35975
3.72575
2.18983
2.25412
1.90454
1.64617
2.42557
3.35246
2.30002
1.65749
1.95321
2.28296
1.41708
2.84389
2.48902
1.60081
2.39969
2.46728
1.93967
1.19612
2.4852
1.19784
1.14964
2.38752
1.96994
1.16332
2.56992
1.55748
2.15224
2.83113
1.49971
1.89343
3.21733
2.75252
1.18775
2.72991
1.82408
2.28041
2.1495
3.47606
1.25423
2.2502
1.27286
3.13802
2.04896
3.14493
3.16777
1.60534
2.82045
1.86742
2.50528
3.20471
1.21839
3.26484
3.16144
2.90314
2.8721
2.33608
1.5286
2.02027
3.13156
2.74899
2.45313
2.78723
2.49335
1.09453
1.64966
2.72254
1.48029
1.2485
2.44823
1.86329
2.50055
1.80641
3.07351
2.98993
1.67861
3.16492
1.04537
1.77208
2.52116
2.59585
2.90445
3.30796
1.40314
1.99141
1.52278
1.86007
2.00288
2.91677
1.19605
1.64616
2.13834
2.91112
3.44508
1.37828
3.53152
2.4364
3.30897
2.71437
2.99347
2.43688
1.79779
2.70164
2.36643
2.06247
1.97778
1.7957
3.70902
1.70875
2.93326
2.17337
1.81066
2.12562
1.5223
3.04764
1.87632
3.35699
1.73271
2.53258
2.32908
2.46037
2.06533
3.18824
1.67649
1.16282
2.39768
1.59607
1.64896
2.83242
2.36123
1.70813
2.92365
2.5687
3.03716
2.15119
1.53904
3.31303
2.21072
2.55361
1.49363
2.09751
1.93091
1.59223
2.49834
2.15483
1.63581
2.57037
2.81223
2.63176
2.10483
2.33143
2.29111
2.19963
2.09384
3.24528
1.8851
2.23291
2.25932
2.62363
2.37542
2.17729
2.71112
1.92278
1.93056
2.02129
2.49482
1.56322
1.75671
1.88816
1.7503
2.76667
3.36343
2.17999
1.80697
2.02485
1.88206
2.51224
1.75968
1.94952
2.75775
2.34692
3.03228
3.15943
3.16074
1.76422
1.65172
1.56721
1.95183
2.54868
1.2835
2.76377
2.9285
2.23425
2.23453
2.00527
2.54684
1.22172
1.27303
1.92876
1.39749
2.51605
3.01512
3.30644
2.89105
2.41539
2.31416
3.11164
1.88936
2.52304
1.72592
1.77743
2.04149
1.42456
1.90431
2.40876
2.21821
3.62281
2.24758
2.14115
1.23924
3.26214
3.21359
2.17072
2.48299
2.56221
2.65584
1.92392
3.16418
2.02875
3.46631
1.88345
2.78709
2.48265
2.97509
1.81724
2.69205
1.22717
1.65538
3.0545
2.81451
1.81105
2.17126
2.4446
1.48401
1.94752
2.72291
1.46103
2.87955
1.12231
1.38819
3.15581
2.41756
2.02719
3.34025
3.30896
2.30923
3.37633
2.09123
3.18878
2.35652
2.15964
1.71078
1.7636
1.82672
1.46033
3.09999
2.03508
1.59479
3.32624
1.69224
2.38177
2.0892
2.52994
1.59429
2.97271
1.95537
3.09132
2.32734
1.87955
1.11546
2.62634
2.5537
2.88454
1.82348
1.52984
1.93239
1.75425
1.67471
2.63317
1.43229
1.73857
2.40049
3.17684
1.67381
1.42775
2.49317
3.18636
2.51739
3.07221
1.27928
1.57464
2.34564
1.5732
2.57338
2.93418
1.59696
3.37373
1.29828
3.353
1.85632
2.28484
3.02507
2.50059
2.42347
3.28846
2.03212
2.23966
2.05372
1.87452
2.77521
2.18777
1.67342
2.17739
2.62898
2.67324
3.46638
2.82416
1.36064
1.07647
2.2671
2.10512
2.67557
3.36237
2.50063
3.09321
1.75577
3.51223
1.28156
3.11485
2.6469
1.92893
1.62466
1.64846
2.02722
2.48379
1.33427
2.34614
1.08512
2.77269
1.64982
2.41693
3.13676
1.51433
2.18702
2.53307
2.9573
2.37497
3.25076
2.13877
1.96102
1.89616
2.37339
2.54275
3.17751
3.0473
2.60993
1.22283
2.80468
1.60685
1.24398
2.85784
3.00416
2.09533
2.23457
2.79505
2.57256
2.45424
1.278
3.20426
2.58534
1.2896
2.59833
3.46924
1.54753
3.62021
2.44731
2.23652
2.89599
2.41916
2.67861
3.27333
1.44934
1.93442
1.4239
2.32833
2.30537
1.74298
2.59696
3.53104
3.18108
2.24097
2.45468
2.57563
2.62494
2.36144
3.07006
2.16637
1.93114
2.26199
3.04036
1.85308
3.05496
2.15006
1.49941
1.70854
2.45467
2.02594
2.94397
2.05682
2.75245
3.09658
2.46472
2.33358
3.50669
2.29636
2.22152
2.36476
1.3473
2.52183
1.36151
2.54499
2.37952
1.96117
1.1992
2.21074
2.78017
2.503
2.01623
2.31655
2.27974
2.36932
3.12907
1.99188
2.70293
1.38365
1.55517
1.61515
2.46421
1.65636
1.39042
2.26965
2.79601
2.40504
2.29586
1.70088
2.62102
2.62224
3.4242
2.30601
2.72223
1.86098
1.79616
1.68502
2.86395
2.16466
1.71089
2.81573
3.04152
1.60262
1.6587
1.21381
1.6269
2.07016
1.78686
1.55856
1.94284
2.86496
1.7264
2.13903
3.15069
2.65906
1.95037
2.74917
2.93314
1.72144
2.73548
3.04181
2.17321
3.19005
3.11828
1.793
2.23893
1.84466
2.25521
2.05344
2.56109
2.13243
3.6055
1.37608
3.03785
2.09274
2.76019
3.4035
2.09913
2.57822
3.20934
3.41662
2.61563
3.41196
1.79689
3.11391
2.60826
1.59471
3.19572
2.37648
1.28041
2.74227
2.67821
1.40853
2.79007
2.1546
2.29128
3.06352
1.85935
2.22486
1.86983
3.35248
2.94014
2.91342
1.74032
2.81583
2.73698
2.51638
1.43357
3.35284
2.10019
1.66724
2.24589
1.41374
2.2574
2.32316
1.21905
1.72802
2.27687
1.7501
2.2952
3.07814
3.17954
2.07954
1.06333
1.89024
1.98063
2.44459
1.44326
2.57788
2.84345
2.00136
2.59686
3.15861
2.65448
1.69202
1.45883
1.27316
2.61487
1.92662
1.39399
1.15657
1.70978
2.73663
3.70066
1.53314
3.02587
1.92475
1.67721
1.55097
2.91176
1.53379
2.25642
1.65758
3.28515
2.09887
1.88536
2.42927
1.16195
2.09475
3.06294
2.711
2.56639
2.02091
1.44524
1.36423
2.61518
1.14002
1.81272
2.82113
2.51872
2.24722
1.0645
1.23003
2.38851
2.24639
2.69732
2.31093
2.26665
2.16744
1.96514
1.94242
1.95268
1.92542
1.82524
1.91883
1.93367
1.57467
2.6108
1.94925
2.5557
3.16148
1.23927
1.91634
1.76069
3.28763
1.76707
1.84023
2.08586
1.79993
2.87279
2.67239
2.72822
1.68534
2.47034
2.98735
3.20132
2.96849
2.49511
2.79284
2.61551
2.66735
3.02185
3.13709
2.36797
1.49001
1.53244
1.51035
2.96377
1.70886
3.36448
1.68654
2.96702
2.73342
2.93548
3.01195
2.79777
3.16706
3.00379
3.14609
2.84304
3.32394
2.21013
2.1416
1.55768
1.90672
2.10754
3.65622
2.78049
2.94891
1.88211
1.53497
3.00183
2.33976
1.95651
2.56485
2.96554
1.37174
1.83102
3.22495
1.76204
1.80227
2.78317
2.87729
3.37297
1.83013
2.61686
1.58386
3.19307
2.00981
2.99325
3.41391
3.04589
1.66443
1.16901
2.78679
2.51612
2.49285
2.95888
2.03306
1.36769
3.45457
1.73245
3.32307
3.01884
1.56055
1.76718
2.58119
2.57464
2.94836
2.59327
1.25937
1.67351
1.52712
1.19682
1.20022
3.28327
2.23066
3.29823
1.60725
3.11096
2.45677
1.19176
2.15359
1.59904
3.43139
2.66884
2.47954
2.79935
1.90374
2.68887
1.84243
3.09718
2.59114
1.37744
3.20784
3.04418
2.30281
1.86642
3.07111
2.91813
1.6147
2.30075
1.67657
3.4712
3.33391
2.90063
3.17462
2.36725
2.44259
1.45396
3.68248
2.22298
1.87904
1.31272
2.55028
1.41279
3.48395
2.56266
1.74581
1.53013
2.4642
1.46617
1.49835
2.58707
3.01317
1.57207
1.72184
2.7445
2.99006
1.8284
1.83951
2.75345
2.25397
1.5562
2.88953
1.69519
2.23253
1.69876
3.15643
1.89147
1.24562
1.44487
2.26851
2.43677
1.75766
2.88076
2.55373
2.20332
2.84106
2.33586
2.79119
2.22477
3.11473
3.30447
2.76367
2.71724
1.08548
1.33153
1.95951
3.0589
3.16301
2.82263
1.88491
2.14698
3.21373
2.69661
2.64313
2.04615
2.22484
3.32327
3.38021
3.33751
2.02403
1.41928
2.18945
3.07665
2.94734
1.42566
2.26125
3.34829
1.16455
2.92317
3.29
2.9287
2.63824
2.12039
1.68095
1.605
2.37527
2.78292
2.21267
1.87637
3.31943
2.38165
2.03257
2.69929
3.15128
2.03349
2.87191
2.2257
2.48817
2.61493
2.39128
1.94308
2.88221
3.60571
1.23145
1.38296
1.9077
3.14895
2.98388
1.82593
2.3571
1.61579
2.75255
1.85857
2.86554
2.00205
1.74979
1.997
2.40905
1.66531
3.11843
2.36383
1.94866
2.8697
2.48042
2.06008
1.33892
2.67343
1.96674
2.88502
2.44326
1.13102
1.3029
3.03995
2.90933
1.34844
1.29516
1.75277
2.07138
2.18487
1.7664
2.8868
1.85924
3.01109
1.81019
2.47116
2.3744
2.03043
2.25624
1.22207
1.44957
1.89972
1.29394
1.70505
2.7671
1.12367
1.91677
3.02698
1.46583
3.44278
1.72897
1.93188
2.80957
2.02877
1.74612
2.61678
2.58741
1.82402
1.18474
1.45816
2.8116
1.15553
2.44382
2.9346
3.29507
2.50083
1.61101
1.30456
1.26542
2.56939
2.19151
3.59302
2.13289
1.28528
1.15981
1.3312
2.5557
3.17467
3.07243
2.05036
1.88089
1.19369
3.37972
3.08726
2.45342
1.39019
1.45228
1.77546
2.17672
2.61422
3.5402
1.47171
2.4232
2.87372
2.11045
1.32138
1.54892
1.94673
2.45902
3.28372
2.83379
1.20104
2.85938
2.8504
2.32819
3.08046
2.84125
1.11223
1.80061
3.23997
2.59636
1.30171
2.86637
1.69861
1.5821
2.67187
3.0014
2.84162
1.99682
1.36149
1.77224
2.7573
2.65006
2.52458
2.87081
1.65951
1.71811
1.46115
1.30891
2.7519
2.24676
3.05575
3.02378
2.24104
2.209
1.24091
2.5587
1.85815
1.70769
1.84649
2.29252
2.81967
2.28201
2.41697
3.66146
1.91353
3.40164
2.64301
1.78675
2.56889
1.43224
3.26227
3.46712
2.13439
2.14738
1.71977
1.36006
2.19841
3.12634
2.25273
1.4425
1.73293
2.07453
1.29797
2.58743
