1.01119
1.00154
1.0125
1.00787
1.00497
1.00066
1.00336
1.01073
1.0089
1.01125
1.01749
1.00084
1.0065
0.99896
1.00585
1.00567
1.00992
1.01092
1.00941
1.00621
1.00289
1.00213
1.01377
1.00238
1.00499
1.00344
1.00707
1.0015
1.0057
1.00501
1.00266
1.00549
1.00316
1.00069
1.0009
1.00581
1.00848
1.0066
1.01025
1.01675
1.00746
1.01073
1.00382
1.00491
1.03532
1.00591
1.00943
1.00896
1.00251
1.01065
1.00608
1.00383
1.00431
1.00731
1.00389
1.00243
1.00269
1.01647
1.01962
1.00342
1.02049
1.00585
1.01482
1.01385
1.00256
1.006
1.00649
1.01231
1.01447
1.00049
1.00206
1.01295
1.04559
1.00468
1.00568
1.00295
1.00942
1.01289
1.0099
1.00203
1.00845
1.00795
1.00313
1.00579
1.00551
1.00306
0.998634
1.0054
1.00102
1.00372
1.0006
1.00448
1.00382
1.00245
1.00513
1.00992
1.01922
1.00959
1.01212
1.02269
1.00319
1.00741
1.00672
1.0124
1.01881
1.01625
1.01125
1.00261
1.0021
1.0118
1.00478
1.00899
1.00307
0.999972
1.00536
1.00102
1.00337
1.00781
1.00523
1.00919
1.00143
1.00441
1.00094
1.00104
1.00615
1.01151
1.01612
1.01057
1.00504
1.00441
1.00485
0.99991
1.01142
1.00341
1.0042
1.00251
1.00557
1.0094
1.00077
1.00255
1.00452
1.00072
1.02768
1.00318
1.00394
1.00445
1.00199
1.00517
1.00683
1.0098
1.00786
1.00258
1.01351
1.00468
1.0144
1.00411
1.00058
1.0153
1.00025
1.01808
1.00401
1.0002
1.00713
1.01907
1.01337
1.0019
1.0138
1.00832
1.00398
1.00369
1.00862
1.01985
1.00662
1.0198
1.0038
1.00875
1.00844
1.01351
1.00017
1.02544
1.00233
1.0085
1.00904
1.00379
1.00417
1.00225
1.01323
1.00307
1.00296
0.999545
1.01082
1.02772
1.0019
1.02115
1.00026
1.00164
1.00432
1.00459
1.00732
1.00258
1.00975
1.00475
1.00479
1.00955
1.00584
0.999046
1.00565
1.01014
1.02311
1.01639
1.00302
1.02441
1.00748
1.00824
1.00247
1.00209
1.00969
1.00643
1.00646
1.00541
1.00848
1.00074
1.00385
1.02224
1.01205
1.0016
1.00835
1.00726
1.00907
1.00996
1.00243
1.0012
1.0023
1.00261
1.01151
1.00951
1.00397
1.00819
1.02512
1.01351
1.03672
1.015
1.00171
1.00792
1.00545
1.00628
1.00449
1.00146
1.00048
1.00422
1.00171
1.00963
1.00221
1.00126
1.00692
1.00376
1.01512
1.0059
1.0039
1.012
1.00975
1.00483
1.00582
1.0026
1.00414
1.001
1.01837
1.00225
1.01402
1.00709
1.00057
1.03153
1.00602
1.01763
1.00178
1.01206
1.00275
1.00205
1.01156
1.01374
1.00186
1.01071
1.01333
1.00408
1.00388
1.00022
1.01043
1.00229
1.00278
1.00286
1.00381
1.00529
1.00226
1.02899
1.01284
1.02588
1.01007
1.00271
1.00641
1.00369
1.00746
1.00235
1.00716
1.00497
1.00918
1.00803
1.00184
1.00643
1.02312
1.02516
1.00353
1.00382
1.0173
1.00269
1.00796
1.00635
1.00809
1.00398
1.00134
1.00847
1.01027
1.00115
1.032
1.00059
1.00687
1.00017
1.00235
1.00825
1.03069
1.01651
1.00424
1.00631
1.01395
1.00989
1.01198
1.00279
1.00245
1.00324
1.00219
0.999673
1.00504
1.01789
1.00406
1.00737
1.0079
1.00301
1.01673
1.00121
1.0109
1.00741
1.00077
1.00702
1.00383
1.01102
1.00497
1.00266
1.00424
1.02266
1.00449
1.00397
1.00057
1.00752
1.00866
1.01215
1.00316
1.01687
0.997483
1.013
1.01154
1.00332
1.00438
1.00324
1.00801
1.00874
1.00415
1.00847
1.01894
1.00117
1.0047
1.00294
1.00671
1.00309
1.00111
1.00599
1.00094
1.00617
1.00277
1.00813
1.00358
1.00247
1.00227
1.00234
1.00464
1.00503
1.00324
1.00338
1.01624
1.00324
1.01899
1.00254
0.999784
1.00538
1.05393
1.00654
1.00401
1.00178
1.0031
1.01136
1.00692
1.00576
0.997317
1.0089
1.00859
1.00208
1.01125
1.00247
1.00643
1.00464
1.01444
1.02104
1.00149
1.00664
1.00381
1.00417
1.00427
1.00922
1.00305
1.03464
1.00489
1.00709
1.00451
1.00378
1.00046
1.00572
1.00585
1.00788
1.00278
1.00401
1.00211
1.0086
1.00416
1.00485
1.0028
1.01962
1.0333
1.00696
1.00664
1.00497
1.00687
1.01175
1.00257
1.0028
1.00085
1.01164
1.01114
1.01548
1.00103
1.00443
1.00097
1.00625
1.02099
0.99926
1.01013
1.002
1.00511
1.00355
1.02236
1.00322
1.00744
1.02668
1.01201
1.0052
1.00153
1.02619
1.00075
1.00876
1.0022
1.00359
1.00229
1.00821
1.00489
1.01134
1.0029
1.00206
1.00006
1.01108
1.00774
1.00192
1.0033
1.01211
1.00211
1.00704
1.003
0.999771
1.00096
1.00153
1.00227
1.00127
1.00132
1.00508
1.01619
1.00519
1.00566
1.00239
1.00356
1.01334
1.00592
1.00196
1.01813
1.00074
1.00045
1.00967
1.01027
1.00568
1.01482
1.00916
1.00287
1.02408
1.01061
1.00376
1.0014
1.00197
1.00347
1.00149
1.00419
1.00115
1.00725
1.02743
1.00607
1.00514
1.00666
1.00554
1.00441
1.02364
1.00359
1.01106
1.01136
1.00666
1.00435
1.00304
1.00713
1.00243
1.00084
1.00116
1.00001
1.00657
1.00544
1.00861
1.00283
1.00261
1.00817
0.999815
1.02907
1.003
1.00248
1.00128
1.0003
1.01381
1.0049
1.00283
1.01473
1.00473
1.01001
1.03096
1.00329
1.0032
1.02828
1.0057
1.02475
1.00424
1.00506
1.00299
1.02256
1.00655
1.011
1.0072
1.00697
1.00958
1.0038
1.00485
1.00945
1.01095
1.00431
1.00021
1.00663
1.00404
1.00497
1.00625
1.0012
1.00577
1.0004
1.00374
1.01311
1.00162
1.02671
1.00017
1.01156
1.00713
1.00335
0.99987
1.00197
1.00391
1.01127
1.00389
1.0034
1.00305
1.01423
1.00683
1.00532
1.00207
1.00251
1.01269
1.01208
1.00355
1.01005
1.00156
1.00634
1.0027
1.00595
1.00211
1.00191
0.999224
1.01669
1.00649
1.01705
1.00628
1.00641
1.01606
1.00474
1.01744
1.00701
1.00757
1.00313
1.00242
1.00358
1.00598
1.00631
1.00964
1.00823
1.00649
1.00218
1.00408
1.00271
1.00164
1.00219
1.00784
1.0073
1.00872
1.0024
1.00264
1.00349
1.00198
1.01986
1.00063
1.00136
1.01024
1.00625
1.00323
1.00395
1.00134
1.02641
1.02379
1.00327
1.00053
1.00416
1.00286
0.999226
1.00188
1.01778
1.00757
1.01019
1.00142
1.00309
1.00524
1.00188
1.0047
1.00124
1.00803
1.00433
1.00224
1.0646
1.00257
1.00757
0.998668
1.02319
1.00209
1.01076
1.01576
1.0154
1.00268
1.00437
1.00156
1.01447
1.00344
1.0053
1.0054
1.00443
1.00215
1.00849
1.01198
1.00682
1.00666
1.02423
1.0038
0.999229
1.01648
1.00255
1.01322
1.01314
1.0148
1.00249
1.00164
1.00967
1.00164
1.00342
1.00427
1.00416
1.0212
1.0036
1.00357
1.00564
1.00053
1.00184
1.00308
1.00553
1.00611
1.01371
1.01449
1.01016
1.01935
1.00654
1.00444
1.00985
1.0036
1.01961
1.00115
1.002
1.00182
1.01633
1.00798
1.01001
1.00574
1.00288
1.00179
1.00547
1.00174
1.0045
1.00389
1.00629
1.0075
1.00448
1.00405
1.00846
1.00638
0.998382
1.00662
1.00369
1.00295
1.0002
1.0009
1.00129
1.01081
1.00701
1.00573
1.00099
1.00987
1.00598
1.01334
1.01175
1.00748
1.01156
1.00079
1.00371
1.01595
1.00202
1.006
1.00094
1.00267
1.00512
1.0055
1.00771
1.00322
1.0006
1.0008
1.00939
0.999472
1.0163
1.01232
1.00596
1.00318
1.00018
1.01199
1.0051
1.00838
1.00369
1.00361
1.00386
1.00983
1.01681
1.00222
1.00751
1.00056
1.00294
0.999309
1.00294
1.02095
1.00481
1.00691
1.00563
1.00393
1.00323
0.998465
1.002
1.01369
1.04607
0.999767
1.00571
1.00267
1.00416
1.00749
1.00338
1.01155
1.00521
1.01405
1.00505
1.00722
1.02343
0.999893
1.0089
1.0117
1.00388
1.00036
0.999768
1.00123
1.00094
1.00395
1.01014
1.04359
1.00749
1.00243
1.0054
1.00569
1.00986
1.00187
1.00393
1.00921
1.0089
1.0021
1.00578
1.00351
1.00258
1.00507
1.00466
1.00943
1.00341
1.00447
1.00002
1.01552
1.00263
0.999014
0.999482
1.00465
1.00516
1.00962
1.00079
1.00263
1.00599
1.00355
1.00515
1.00447
1.00575
1.01799
0.999398
1.00422
1.00551
1.0033
1.02331
1.00977
0.999411
1.01174
1.00298
1.00599
1.01414
1.00158
1.00041
1.00264
1.00741
1.00604
1.00198
1.01302
1.0037
1.00744
1.00855
1.01048
1.01442
1.00373
1.00514
1.00367
1.0012
1.01373
1.01274
1.0057
1.00542
1.02018
1.01939
1.00424
1.00252
1.00747
1.00915
1.0164
1.00444
1.00793
1.03679
1.01208
1.00805
1.00805
1.02155
1.00569
1.00962
1.0064
1.00187
1.00181
0.999887
1.00466
1.00519
1.01058
1.00401
1.01654
1.0233
1.01612
1.00479
1.00366
1.02093
1.00121
1.0017
1.00455
1.01097
1.00203
1.01431
1.00639
1.0135
1.00496
1.00759
1.0054
1.01131
1.00298
1.00931
1.00733
1.01909
1.00194
1.00777
1.00781
1.00128
1.01237
1.01227
1.00762
1.00235
1.00667
1.00213
1.00987
1.00297
1.0031
1.00484
1.00363
1.00496
1.0138
1.00641
1.00137
1.00295
1.00128
1.01623
1.01615
1.01182
1.00255
1.00341
1.00354
1.01224
1.00231
1.0113
1.00659
1.00911
1.05004
1.00646
1.00096
1.00579
1.01353
1.00308
1.01454
1.00216
1.00115
1.00345
1.00318
1.01242
1.0079
1.00486
1.0048
1.00425
1.00609
1.00841
1.00248
2.92588
2.61046
1.79415
1.67264
1.05787
2.44917
1.64843
2.48606
2.16826
2.53846
3.49583
2.72538
2.28119
1.68241
2.06866
2.32043
3.32174
3.16154
2.46211
1.84305
1.79035
2.39847
2.67911
3.07153
2.54742
2.38183
2.4945
2.25651
2.86434
1.40332
3.06904
2.34986
2.8909
1.04517
3.12204
2.8133
1.63206
3.02029
2.63974
3.05781
2.71539
2.60692
2.60374
1.36869
2.98911
1.85671
3.00284
2.94971
1.56353
1.45846
3.19403
1.78731
2.87789
1.43558
1.97194
2.04154
2.09387
2.94204
3.32588
1.28728
3.38451
2.31626
3.61967
2.62955
2.44394
1.26947
2.45731
1.52291
2.71353
2.53746
1.53426
3.40971
3.23951
1.51278
1.99335
1.77163
2.5494
1.77739
2.88937
1.91345
2.36636
1.94558
2.77686
2.36068
1.90473
2.6987
1.33827
2.23252
2.4977
1.37718
1.91827
2.11394
1.2852
2.27927
1.88981
2.92445
2.58785
1.33313
2.21622
2.71335
1.69116
2.27833
2.21159
2.47926
3.38498
2.76105
3.25607
2.07779
3.20882
2.84541
1.2624
2.3074
2.42074
1.40936
2.08428
1.90981
3.23512
1.53948
2.07841
2.62969
1.74555
2.53392
2.88288
1.5368
1.92532
2.09213
2.67211
3.31257
2.77597
2.06081
1.89737
2.78821
2.42463
1.15804
1.37241
1.88599
2.98237
2.70264
2.85559
2.35524
2.47859
1.31832
3.4317
1.90041
1.93055
2.5462
2.02876
2.11973
2.06985
2.83745
2.11584
2.59811
3.13827
2.96925
1.38821
1.7278
1.45415
2.99707
2.60848
2.31422
2.41715
2.47402
3.22202
3.38716
2.29364
1.92333
2.8405
1.28547
2.78159
1.69042
2.91853
3.47103
2.17315
3.27988
1.59581
3.49467
2.46961
2.63883
1.24382
3.27588
2.23262
2.14571
1.97113
1.89155
2.88384
2.55451
2.32711
2.61852
2.89829
1.35202
3.02848
3.50771
2.49828
3.45927
2.307
2.22792
3.0144
1.90059
1.83549
1.09134
1.88245
1.20499
2.78156
2.208
2.63
2.23203
2.17307
2.46509
3.51939
3.41588
2.69584
2.46529
2.00242
2.94877
1.62596
1.9809
3.02259
3.06597
2.9129
2.00502
2.20553
2.05927
3.19705
3.34055
2.40805
1.35986
2.5614
2.63096
2.78468
2.64815
2.90323
1.5973
1.75309
2.44287
2.65334
2.21948
2.8745
2.37543
3.15762
1.8539
3.54375
3.15531
2.17505
3.05526
2.07764
3.21099
1.33977
1.89408
2.24823
1.94635
2.17811
1.27315
2.40113
2.51368
2.92754
3.23714
2.92867
2.29989
2.29145
3.24624
2.32793
2.33929
2.95383
2.39073
2.38763
2.76935
3.01766
2.5666
3.58629
2.3592
1.75599
3.20706
2.80884
3.28837
3.02026
3.13537
2.01568
2.89647
3.22728
2.75811
1.4943
1.82921
3.11226
1.52985
1.83684
2.23949
3.22056
2.79271
2.55602
1.75962
3.08987
2.01045
1.2239
3.36397
2.83516
2.99081
3.13305
1.61522
1.99986
2.73897
2.38373
1.66839
2.82959
1.70929
2.66818
2.48605
1.50068
1.58957
3.45972
3.30322
2.50084
1.92142
2.69044
2.05898
2.81374
2.28977
2.20128
1.91312
2.04381
3.25761
2.17369
2.43545
3.19151
1.60174
1.43779
1.53033
1.75658
1.4734
3.2077
3.36334
2.59203
1.94374
3.29164
3.2965
2.35636
1.4522
2.82576
2.01436
1.4835
2.14598
1.63098
3.15681
3.20616
2.12682
2.27552
1.54442
1.24921
2.24521
3.00083
2.92862
1.73374
2.77808
2.59041
3.02938
1.09113
2.00126
2.17004
3.22943
2.75169
1.94416
2.50858
2.97965
3.02726
2.36412
2.21131
2.7713
1.86313
1.76647
2.09682
2.52862
2.99032
1.98428
2.95948
2.12635
3.10118
2.97616
3.28617
1.46132
2.10804
1.57933
1.84754
1.15618
2.22653
2.57464
1.53167
2.44041
2.10253
2.42944
2.86611
1.60709
1.54208
3.37204
2.46786
2.88434
2.80805
2.40396
3.51634
1.19955
3.20126
1.65225
2.04284
1.55001
3.34505
2.53551
3.03949
1.87488
1.52991
2.54312
1.93146
1.35703
1.65978
2.75466
1.61287
2.63758
2.89678
1.89948
2.29422
1.84185
2.79973
3.10259
2.09417
1.52163
2.21975
3.20776
2.53311
1.28556
2.3945
3.53875
2.55486
2.57966
1.41829
2.20591
1.6698
3.23872
2.55594
1.75992
1.95793
1.80861
1.60971
3.20902
2.68594
2.41683
1.05917
3.41168
3.1693
2.01426
1.96339
2.41071
1.13023
2.39036
1.28961
1.85396
2.70972
2.9312
2.04735
2.80379
1.79186
2.96871
2.64288
1.85685
3.17981
2.10989
3.2193
1.43237
2.79312
2.4452
2.90903
2.70022
2.7743
3.37641
3.15348
2.8457
2.79343
3.19268
1.75931
1.68604
1.99591
1.67905
1.98334
3.04637
1.30633
1.76889
2.49528
1.51955
1.64209
3.25274
2.25149
1.44084
1.31696
2.61913
1.99918
2.21969
1.899
2.4607
2.15111
2.33401
2.20386
2.65801
2.05866
1.88484
2.90055
1.95896
2.7099
1.5626
2.21605
3.05129
1.54855
1.8546
3.17678
2.01874
3.16547
2.26737
2.24323
3.25066
3.02177
2.78704
1.52909
3.39315
1.49402
1.58701
2.09899
2.41845
1.79076
2.25016
3.08213
1.85608
2.09066
3.63946
1.50517
2.70785
1.52761
2.09742
1.99396
3.55361
3.45172
1.62673
1.71423
2.14365
1.28337
2.50227
2.3393
1.82023
1.70307
1.71641
2.19818
2.26204
2.54188
2.76553
1.97947
2.46652
1.90844
1.18191
3.28754
2.94869
2.8653
2.96185
2.25373
3.03098
1.80554
3.33092
2.06131
2.14921
3.12538
3.10589
1.07297
1.43199
3.34619
2.84868
3.44306
1.80434
2.95428
2.20532
3.26692
1.60451
2.2804
2.03459
2.4408
2.03757
2.22851
2.99768
2.93936
1.61598
1.86992
2.11529
2.41285
3.19517
1.70292
1.73121
2.90182
2.20109
1.77057
1.95877
2.67761
1.56399
2.99735
1.96706
2.70251
1.62647
3.13199
2.04237
2.90507
1.8222
2.2724
1.47053
1.76106
1.9336
2.66381
2.16266
3.38776
1.71458
1.27608
3.13101
2.89035
2.11449
2.67142
2.3045
1.66405
1.27274
2.64954
1.60392
1.95398
1.89895
3.4997
2.72278
2.79594
2.90593
2.26984
3.13498
2.12225
3.25306
3.35309
2.93922
1.44891
2.13655
2.94878
3.1521
2.06569
1.6077
2.86791
1.82623
3.21578
2.17643
1.17932
2.1006
2.32522
1.79991
1.40418
2.01062
2.82258
2.5157
3.07495
2.6091
3.3803
1.82802
2.20683
2.27062
3.1028
2.04763
1.86045
1.626
3.09081
3.16024
2.7095
1.74389
2.13753
1.8584
2.5444
1.38088
2.69586
3.56107
2.57262
2.09918
2.95369
2.58034
1.94567
1.89191
1.88167
2.79694
2.5306
1.55287
3.73497
2.00651
2.32031
1.42507
3.41154
2.14249
3.18673
3.23738
3.24056
2.7099
1.30686
2.49414
2.58949
1.91258
1.39374
2.7727
1.51803
1.23547
3.1743
2.3412
2.8746
3.35282
2.77686
1.76993
1.88473
2.83225
2.53744
2.63609
2.23235
1.64137
2.09359
2.68117
1.8534
2.37547
2.32687
1.39194
2.34822
3.34697
2.25177
2.1851
2.2938
1.48771
3.18539
1.63692
2.05307
1.13026
3.36984
2.5778
2.92625
2.67657
3.0455
1.64929
2.77693
1.52358
2.99459
2.37068
1.36944
1.76752
1.43135
1.76999
2.35472
2.35105
1.80608
1.30232
1.86655
2.7691
2.92516
1.68357
2.56059
2.75016
1.53534
2.57923
2.02783
2.40656
1.0891
1.46882
2.46595
2.41617
2.66057
1.24665
1.61782
3.37429
3.3777
2.94398
1.83622
1.40415
2.15231
2.98677
3.28449
2.3695
3.28707
2.19642
2.15731
2.5652
2.57061
2.46547
1.2903
2.1185
2.36341
2.61624
2.23537
2.92801
1.80401
1.03328
2.21608
1.93618
3.22829
2.55328
1.73678
2.69482
1.79276
2.78122
1.92857
2.42202
2.62635
1.75788
2.58225
2.64059
2.92133
2.37874
2.10138
2.61674
2.1458
2.45677
1.6079
2.824
3.2477
2.02474
2.75327
2.95306
1.63271
1.33561
2.02237
2.74191
3.7101
1.83569
2.81168
2.3196
2.76027
2.51522
1.69832
2.5026
2.46127
2.9264
1.53707
2.51863
2.68352
1.14423
2.90788
2.95093
1.55684
2.29561
1.34711
1.92867
1.97194
1.63433
3.0448
3.46363
2.6561
1.86829
3.40341
2.994
3.09534
2.42964
2.72655
1.75108
2.4539
1.59022
3.10911
1.15893
1.86704
2.48688
1.45163
3.10525
2.67997
2.36806
1.86158
2.35138
2.25063
1.86953
1.7343
2.8435
1.12814
3.07163
1.56739
1.89425
2.02321
2.32894
1.85688
2.59394
1.58731
3.45215
1.69201
2.32335
3.40935
2.03523
3.30103
1.36362
2.53033
3.20174
2.86108
1.61098
2.08398
1.11791
2.06787
3.06688
2.1345
2.28208
1.99443
2.67325
2.86739
2.91377
2.55576
3.4783
1.88627
2.0512
1.8463
1.60939
1.59088
2.71524
3.15365
2.19848
2.66373
2.80938
2.99253
1.42201
1.78061
1.70589
3.49447
3.20211
1.43116
2.15731
3.53792
2.44007
3.04541
2.52222
2.31274
2.41317
1.61079
1.36526
2.61379
3.49369
2.0813
1.68834
3.00942
2.98818
3.12629
2.02169
3.4616
2.94661
1.62589
1.37746
2.70769
2.51625
2.2546
2.68304
2.75615
1.98616
2.92881
1.99804
2.31683
1.97046
3.3439
2.08607
2.22708
1.60339
2.38342
3.37309
2.89002
1.42667
2.67204
2.48632
2.72042
3.12886
2.90266
2.03044
2.88341
2.50189
1.47137
2.99915
1.2908
1.70968
1.44889
1.8039
3.07631
2.33769
2.55712
1.48192
2.25248
1.43849
2.48637
3.07412
2.69323
1.43881
1.61115
2.88432
3.09799
2.92542
2.39487
2.22119
2.42539
3.50489
1.25489
2.57923
2.07223
3.33247
2.28592
3.09621
2.45118
2.77383
3.45142
1.32501
2.98682
2.95193
2.04198
2.31298
2.29091
1.98134
2.56555
1.29817
2.99776
2.93136
1.82036
1.71433
1.20959
2.87993
1.78601
2.80323
2.21991
2.71429
3.6113
3.12774
2.29836
1.77961
2.22045
2.35567
3.55122
3.18757
2.58174
2.01309
2.13974
2.56698
2.80212
3.3684
2.80794
2.53177
2.54705
2.60176
2.88984
1.58443
3.67279
2.5207
2.99442
1.10417
3.378
3.33453
1.72406
3.19792
2.7381
3.1135
2.94235
2.69934
2.66328
1.49111
3.08479
1.85671
3.22939
3.00066
1.58977
1.48401
3.57894
1.80098
3.52818
1.47159
2.14908
2.23259
2.41983
3.05101
3.3798
1.51564
3.38451
2.47296
3.72379
2.72524
2.58319
1.50939
2.60223
1.52291
2.96503
3.5067
1.67236
3.51856
3.35987
1.53096
2.07417
1.99389
2.56596
1.89211
2.92191
2.00151
2.41152
2.04709
3.0375
2.38942
1.9386
2.86212
1.46034
2.25678
2.60962
1.56174
2.09955
2.28366
1.33749
2.3459
1.97381
3.18015
2.69279
1.36313
2.32399
2.79648
1.81656
2.33944
2.36166
2.50869
3.38498
2.92474
3.40355
2.2305
3.63185
2.89232
1.36914
2.40085
3.28908
1.42809
2.46801
2.13857
3.4307
1.54727
2.40501
2.72616
1.79405
2.5958
3.32954
1.62447
2.40956
2.182
2.6979
3.36632
3.19604
2.21605
2.02366
2.92098
2.4942
1.1991
1.49114
1.96997
3.21737
2.76992
3.38435
2.51951
2.86729
1.64461
3.4317
2.01408
2.25359
2.78396
2.21157
2.1796
2.14213
2.99488
2.17746
2.83791
3.20226
3.22667
1.43661
1.88368
1.6177
3.08071
2.91767
2.33633
2.72891
2.69339
3.64354
3.55489
2.40202
2.53535
2.92603
1.31715
2.86261
2.00662
2.9705
3.53865
2.19916
3.29747
1.66418
3.51015
2.52135
2.68351
1.26625
3.3928
2.30305
2.20348
2.15129
2.02057
3.13889
2.7819
2.42418
2.86032
3.50232
1.44807
3.16358
3.50771
2.7969
3.54168
2.4827
2.41182
3.36767
1.9299
1.8599
1.30303
1.99664
1.22639
2.96398
2.39793
3.1137
2.6831
2.46838
2.57211
3.86559
3.53734
2.82673
2.52837
2.12297
3.04157
1.68273
2.32305
3.19441
3.25171
3.17364
2.1086
2.36417
2.18098
3.27712
3.34055
2.42241
1.45196
2.6584
2.65114
3.06417
2.64815
3.07327
2.16718
1.97909
2.7307
2.82257
2.23522
3.26273
2.70917
3.15762
1.89586
3.65356
3.50906
2.33176
3.32284
2.1523
3.53554
1.75139
2.13991
2.66159
2.22875
2.2935
1.34268
2.52439
2.72522
3.17516
3.50976
2.95483
2.29989
2.35154
3.36352
2.34855
2.33929
3.04957
2.67113
2.57136
3.23266
3.01766
3.25701
3.70849
2.45616
1.90595
3.24485
3.213
3.42136
3.30382
3.26859
2.33844
3.24098
3.2816
2.82947
1.67681
1.86339
3.18876
1.64943
1.91041
2.46539
3.27588
3.00336
2.6627
1.91416
3.31464
2.20048
1.42599
3.57596
3.03917
3.02694
3.23038
1.61522
2.0169
3.41929
2.49406
1.68266
2.91068
1.74171
2.74332
2.63435
1.52596
1.59832
3.56276
3.33367
2.58009
1.92142
2.81028
2.57695
3.00121
2.39588
2.20128
1.95908
2.65964
3.31438
2.31564
2.79695
3.21908
1.62152
1.49598
1.66883
1.80499
1.52141
3.25053
3.55887
2.74026
2.03215
3.51829
3.2965
2.35636
1.71409
3.64521
2.10533
1.58301
2.33029
1.65884
3.19952
3.49029
2.14048
2.27552
1.60216
1.45531
2.40075
3.11787
2.98128
2.03032
2.8911
2.64471
3.2638
1.19531
2.14943
2.1902
3.28596
2.77649
1.99
2.59101
3.31254
3.21049
2.4402
2.76158
2.81347
2.0609
1.80067
2.19476
2.91147
3.2031
2.14492
3.04588
2.12635
3.43039
3.02824
3.36978
1.65666
2.14396
1.61454
2.13359
1.22885
2.49859
2.62034
1.76328
2.47826
2.2271
2.6556
2.99868
1.61395
1.54208
3.7947
2.80943
3.36484
2.95098
2.51085
3.51634
1.22095
3.2323
1.67503
2.41577
1.66375
3.89314
2.7127
3.44426
2.14373
1.84988
2.60816
2.02719
1.43375
2.26413
2.81475
1.67857
2.89646
2.95165
2.30517
2.375
1.98481
2.89481
3.10259
2.27854
1.52163
2.52391
3.68087
2.62851
1.31805
2.53413
3.57991
2.8184
2.59947
1.46597
2.25832
1.70771
3.6101
2.7091
1.84681
2.17207
1.98811
1.63829
3.32221
2.81483
2.46735
1.22616
3.49897
3.28173
2.09032
2.09294
2.67471
1.27442
2.48565
1.51351
2.17825
3.03851
2.99927
2.13501
2.83069
2.2215
3.12557
2.99961
1.91117
3.20877
2.3002
3.35426
1.64202
3.62317
2.50278
3.06932
2.81513
3.22327
3.48627
3.27239
3.16219
2.98307
3.30785
1.82114
1.75718
2.11143
1.72741
2.2624
3.10312
1.45914
1.84726
2.71813
1.59436
1.97481
3.33463
2.4618
1.61728
1.38048
2.66398
2.16714
2.36385
1.93036
2.63586
2.40823
2.61431
2.36121
2.89171
2.58408
1.92533
2.90055
2.1854
3.0925
1.83136
2.3723
3.05129
1.71755
2.07126
3.45655
2.29626
3.3617
2.36853
2.31104
3.30381
3.17009
2.78704
1.65439
3.42296
1.50478
1.75751
2.18946
2.64877
1.86985
2.54091
3.46361
1.97056
2.24302
3.63946
1.76368
2.95372
1.53637
2.15645
2.15126
3.55361
3.73402
1.68867
1.71423
2.34741
1.36189
2.62198
2.45362
1.82023
2.02236
1.78655
2.64878
2.29554
2.59421
2.80872
2.00903
2.67722
1.92325
1.27195
3.31582
3.10707
3.24549
2.99693
2.57489
3.12112
1.97577
3.4476
2.07778
2.38174
3.28297
3.10589
1.27337
1.47126
3.44259
3.06171
3.52269
2.0216
3.24128
2.40847
3.34703
1.66093
2.48765
2.10426
2.55064
2.11333
2.39766
3.08216
3.5313
1.72094
2.17078
2.25411
2.49608
3.55263
1.71906
1.81394
3.51657
2.20109
2.14276
2.08033
2.67761
1.58138
3.15531
2.29202
2.80777
1.65492
3.41455
2.35727
3.14431
2.18668
2.51003
1.51703
1.77116
2.21196
2.69096
2.22523
3.54156
1.79176
1.47096
3.17326
3.0175
2.44468
2.83643
2.70813
1.82174
1.41103
2.78629
1.64228
2.00955
2.06068
3.62456
2.82767
2.82469
3.11756
2.32171
3.21021
2.17424
3.25306
3.51835
3.61416
1.51913
2.56999
3.04082
3.33512
2.16779
1.7016
2.97449
2.01536
3.71493
2.24436
1.18961
2.25393
3.05367
2.17864
1.46517
2.10553
3.29626
2.77646
3.39673
2.83436
3.51231
2.28464
2.52012
2.49438
3.25835
2.04763
1.9198
1.7556
3.12949
3.16024
2.81439
1.85529
2.3566
2.33012
2.63884
1.41592
2.7894
3.69549
2.60524
2.18477
3.37415
2.65962
2.21248
1.98094
1.95454
2.92624
2.61713
1.72552
3.80509
2.26589
2.3548
1.80708
3.50522
2.56736
3.2601
3.49762
3.38277
2.91176
1.4551
2.5997
2.74841
1.96205
1.44811
2.89004
1.53555
1.31499
3.65516
2.41364
3.06673
3.59993
2.92173
2.21615
2.04926
2.91864
2.65728
2.76007
2.23235
1.87095
2.11166
3.01559
1.9544
2.50717
2.47455
1.40016
2.67738
3.54278
2.34905
2.8497
2.38178
1.57978
3.68808
1.85522
2.12886
1.2246
3.45824
2.66741
3.0492
2.7473
3.41253
1.86074
2.85296
1.55499
3.01574
2.60744
1.36944
1.93681
1.50258
1.87646
2.49359
2.62255
2.03087
1.35084
1.90229
2.95143
3.20707
1.7968
2.63612
2.82888
1.66057
2.6239
2.05204
2.45553
1.41525
1.71213
2.74718
2.60316
3.05714
1.47859
1.62631
3.44529
3.54923
3.09844
1.87285
1.42971
2.19177
3.11799
3.41197
2.41126
3.54713
2.37784
2.28275
2.61743
3.07762
2.59402
1.29823
2.27724
2.50452
2.65553
2.29723
3.12101
1.80401
1.09221
2.26472
2.03373
3.22829
2.57777
1.98309
3.25056
2.00696
3.13975
2.27441
2.42202
3.118
2.26995
2.92085
3.50361
3.10977
2.42985
2.13411
2.95955
2.25619
2.6405
1.6638
2.84062
3.53132
2.16154
2.80793
3.25429
2.12416
1.66051
2.02237
2.84475
3.83074
2.01779
2.87144
2.65805
3.10411
2.51522
1.7834
2.90732
2.80043
3.03407
1.89623
2.54033
2.71254
1.2909
2.99088
2.99964
1.59899
2.67345
1.40569
2.16271
2.16391
1.72881
3.3279
3.51229
2.6561
1.91026
3.81541
3.17897
3.17056
2.55048
2.96325
1.84182
2.5404
1.59022
3.19331
1.20383
2.01054
2.5876
1.45163
3.40436
2.93758
2.53435
2.02181
2.39708
2.38155
2.02076
2.07867
2.97434
1.21528
3.16987
1.86837
2.02416
2.21536
2.393
1.96814
2.72795
1.83427
3.49985
1.84888
2.43028
3.59634
2.42446
3.41156
1.39822
3.00582
3.3211
3.43534
1.63562
2.31636
1.41695
2.29558
3.24748
2.19314
2.4538
2.24625
2.7875
2.96224
3.07247
2.65559
3.62615
1.88627
2.48272
1.9183
1.78929
1.60719
2.85093
3.18462
2.19848
2.7086
2.83215
3.04568
1.43619
1.87513
1.73112
3.6911
3.40388
1.53856
2.37431
3.84631
2.48268
3.04541
2.77495
2.33627
2.88865
1.65493
1.42492
2.75743
3.81078
2.21776
1.73059
3.36069
3.13678
3.34082
2.30764
3.54252
2.94661
1.90273
1.80525
2.78356
2.59764
2.32759
2.82086
2.90613
2.08216
3.04314
2.08618
2.42812
2.10926
3.53892
2.20188
2.25543
1.63643
2.42776
3.67004
2.91595
1.42667
2.87016
2.55396
2.89901
3.16802
3.00281
2.04579
3.36918
2.95025
1.48862
3.42533
1.36466
1.73071
1.45849
2.15768
3.27886
2.39074
2.60196
1.60888
2.43139
1.58375
2.68738
3.26594
2.75754
1.51748
1.80428
3.38956
3.21252
3.18234
2.4119
2.22119
2.52238
3.78416
1.4496
2.8457
2.14254
3.42904
2.42172
3.30226
2.65731
3.08661
3.68986
1.52529
3.06078
3.21005
2.1897
2.54077
2.72696
2.04781
2.62668
1.37685
2.89379
2.58389
1.79415
1.65193
1.05716
2.43482
1.61496
2.37977
2.16826
2.48848
3.49583
2.64422
2.28119
1.66104
2.05764
2.30067
3.29794
3.16154
2.46211
1.77423
1.74958
2.38459
2.67911
3.006
2.48156
2.35531
2.4945
2.21286
2.75925
1.37227
2.92074
2.27286
2.79102
1.03404
3.09923
2.69606
1.62635
2.98703
2.63974
3.05781
2.64715
2.60692
2.5735
1.35136
2.97176
1.85671
2.97671
2.94971
1.55737
1.4489
3.15219
1.72481
2.71317
1.41875
1.93768
2.01483
2.02392
2.91782
3.32588
1.25198
3.38451
2.2377
3.57369
2.58535
2.43655
1.24527
2.41914
1.52291
2.64568
2.48974
1.49107
3.37506
3.08279
1.51278
1.96772
1.74969
2.5494
1.75198
2.88937
1.91345
2.36636
1.91121
2.72381
2.36068
1.89667
2.64341
1.31845
2.23252
2.46778
1.36155
1.87282
2.0619
1.2852
2.25599
1.88981
2.83746
2.58785
1.2953
2.21622
2.65402
1.6793
2.26389
2.19275
2.45366
3.38498
2.76105
3.23405
2.0353
3.07653
2.71058
1.23495
2.28997
2.36586
1.40936
2.03676
1.78149
3.22823
1.533
2.04327
2.62969
1.72926
2.4635
2.6596
1.49397
1.89805
2.04203
2.67211
3.28606
2.64464
2.03306
1.86544
2.69552
2.42463
1.14728
1.36065
1.88599
2.93389
2.65395
2.8173
2.30582
2.39589
1.2895
3.40451
1.85685
1.89481
2.49556
1.93611
2.10345
2.04481
2.83745
2.10404
2.5731
3.13827
2.9348
1.31682
1.67167
1.43773
2.99707
2.49619
2.28366
2.38247
2.38128
3.06482
3.30613
2.2644
1.88051
2.74012
1.28547
2.76408
1.64263
2.91853
3.47103
2.17315
3.26531
1.5644
3.49467
2.46961
2.63883
1.23216
3.27588
2.22197
2.14571
1.9482
1.76876
2.83632
2.5282
2.32711
2.56872
2.7649
1.33562
3.02848
3.47893
2.42844
3.42357
2.22483
2.18142
2.99347
1.90059
1.82692
1.0787
1.86879
1.20499
2.78156
2.17088
2.55837
2.21278
2.16112
2.46509
3.46861
3.41588
2.68551
2.46529
1.92804
2.93235
1.62596
1.90423
2.98723
3.04188
2.842
1.99284
2.18032
2.04197
3.14046
3.30371
2.40805
1.35034
2.5614
2.63096
2.77061
2.64815
2.87811
1.52891
1.7204
2.39663
2.65334
2.21948
2.79628
2.33049
3.15762
1.8539
3.54375
3.06157
2.15502
3.02937
2.0608
2.94529
1.2466
1.85153
2.19926
1.93193
2.16562
1.26556
2.39107
2.35772
2.85646
3.23181
2.92867
2.28571
2.29145
3.13069
2.32793
2.33929
2.93484
2.3346
2.34503
2.71853
2.97048
2.43451
3.57752
2.33354
1.70118
3.20706
2.75358
3.26809
2.89505
3.10859
1.99775
2.86504
3.22728
2.6404
1.4777
1.82185
3.11226
1.50766
1.82578
2.21018
3.13683
2.72064
2.5302
1.73085
3.02102
1.98504
1.20347
3.32473
2.76718
2.99081
3.08854
1.61522
1.99986
2.69309
2.36518
1.66839
2.82959
1.70929
2.631
2.48605
1.49239
1.58322
3.45972
3.30322
2.45952
1.91292
2.69044
2.03889
2.80138
2.25439
2.18841
1.88045
1.94892
3.25761
2.11781
2.35726
3.19151
1.60174
1.43145
1.50054
1.73277
1.45263
3.2077
3.3271
2.49512
1.91873
3.25233
3.2965
2.34159
1.43956
2.61838
1.97063
1.47663
2.12652
1.62451
3.15681
3.1377
2.10484
2.27552
1.52723
1.19767
2.21398
2.98188
2.92862
1.65801
2.76182
2.57843
2.96295
1.06243
1.98288
2.17004
3.22943
2.61195
1.94416
2.50858
2.9151
2.94
2.36412
2.12197
2.76007
1.84664
1.75914
2.08594
2.44861
2.84553
1.94156
2.94213
2.12635
3.03903
2.92226
3.24179
1.44469
2.10037
1.56968
1.78974
1.12296
2.13754
2.57464
1.51056
2.44041
2.10253
2.40199
2.81684
1.60709
1.54208
3.29123
2.41301
2.82161
2.76261
2.37294
3.51634
1.19955
3.17535
1.65225
1.85026
1.53717
3.25609
2.48184
3.01767
1.73327
1.51788
2.5315
1.90938
1.29436
1.64529
2.74345
1.59041
2.5838
2.8795
1.86663
2.26813
1.7531
2.79973
3.10259
2.04589
1.52163
2.14102
3.05958
2.51218
1.27938
2.32866
3.53875
2.47248
2.53562
1.40334
2.17022
1.61377
3.14741
2.43775
1.75327
1.93624
1.79853
1.59523
3.17906
2.67683
2.29748
1.05673
3.41168
3.1693
1.94387
1.92774
2.35384
1.11872
2.38456
1.26766
1.82915
2.69183
2.7715
2.03486
2.80379
1.7234
2.92887
2.60388
1.8394
3.17981
2.05891
3.17477
1.41198
2.72214
2.4452
2.89344
2.68702
2.7271
3.37641
3.1278
2.8035
2.76134
3.19268
1.71742
1.67581
1.9768
1.66825
1.97015
3.04637
1.26697
1.76889
2.39992
1.5065
1.5384
3.23451
2.15643
1.39614
1.25795
2.60878
1.96524
2.18779
1.899
2.39918
2.13234
2.31527
2.18408
2.64274
1.99976
1.88484
2.88609
1.93162
2.66781
1.50987
2.19035
3.03142
1.50715
1.8295
3.12243
1.98754
3.11088
2.25328
2.24323
3.14862
3.02177
2.78704
1.49853
3.39315
1.47843
1.52541
2.08079
2.38431
1.73193
2.23194
3.03276
1.75653
2.09066
3.63946
1.47488
2.64544
1.52761
2.08932
1.98466
3.55361
3.44574
1.61674
1.71423
2.10857
1.27526
2.4921
2.3308
1.82023
1.69179
1.6961
2.12591
2.26204
2.52275
2.76553
1.95492
2.44463
1.89533
1.15668
3.28754
2.91878
2.80629
2.92672
2.15111
3.03098
1.7262
3.28115
2.06131
2.13291
3.12538
3.10589
1.07311
1.41562
3.34619
2.77879
3.44306
1.76958
2.87919
2.19538
3.26692
1.60451
2.25665
2.03459
2.40434
1.97901
2.16604
2.96273
2.87887
1.59524
1.81804
2.081
2.34717
3.12768
1.65555
1.73121
2.80327
2.20109
1.73052
1.93962
2.64436
1.51004
2.99735
1.86977
2.69257
1.62647
3.07176
2.0238
2.88673
1.77251
2.2556
1.47053
1.76106
1.87618
2.66381
2.15436
3.35752
1.70221
1.26448
3.13101
2.89035
2.07454
2.65776
2.25095
1.65456
1.25536
2.57865
1.5974
1.93352
1.89647
3.38457
2.64974
2.79594
2.80475
2.26984
3.09799
2.11107
3.25306
3.29738
2.88076
1.42268
2.10463
2.93946
3.00762
2.00929
1.59453
2.82337
1.82623
3.10997
2.17643
1.17932
2.06584
2.26906
1.80855
1.38983
2.01062
2.78931
2.34995
3.02369
2.55558
3.3803
1.70552
2.17981
2.26584
3.06877
1.94189
1.83902
1.56559
3.05779
3.13884
2.66851
1.73642
2.11322
1.80897
2.49497
1.38088
2.66274
3.53655
2.56119
2.07476
2.91744
2.53271
1.89808
1.86968
1.85184
2.7807
2.49511
1.52605
3.71025
1.92075
2.31016
1.3765
3.41154
1.97062
3.17249
3.17385
3.24056
2.66094
1.28468
2.47942
2.56363
1.90985
1.36512
2.74613
1.51485
1.22029
3.14507
2.33672
2.765
3.3236
2.74786
1.75344
1.83341
2.83225
2.53744
2.62848
2.23235
1.63584
2.04785
2.61784
1.84236
2.34623
2.29236
1.38556
2.33178
3.30737
2.21493
2.06188
2.28385
1.47367
3.12613
1.58498
2.02305
1.10063
3.30501
2.5778
2.89655
2.67657
3.01688
1.59865
2.77693
1.52358
2.99459
2.34341
1.35884
1.71816
1.36374
1.73503
2.28203
2.33721
1.76823
1.29536
1.86655
2.72392
2.89805
1.66755
2.56059
2.75016
1.51856
2.57923
1.99655
2.39324
1.08563
1.44994
2.37799
2.3706
2.62529
1.2348
1.61782
3.34946
3.32493
2.92567
1.83622
1.40094
2.09863
2.93387
3.28449
2.33446
3.1447
2.16501
2.11847
2.54824
2.51048
2.44037
1.28293
2.04189
2.3103
2.58296
2.16274
2.88881
1.78402
1.03328
2.21608
1.89319
3.22829
2.55328
1.72252
2.58435
1.75584
2.61482
1.91563
2.40338
2.39946
1.69193
2.49982
2.56734
2.9104
2.37099
2.0622
2.54336
2.12911
2.41905
1.57345
2.824
3.16084
2.00532
2.64585
2.88215
1.6057
1.3041
2.01164
2.74191
3.7101
1.77291
2.75655
2.26488
2.70821
2.51522
1.65744
2.4019
2.43075
2.85127
1.50567
2.50241
2.5775
1.11722
2.90788
2.95093
1.55086
2.25816
1.306
1.84368
1.87542
1.61048
3.03051
3.46363
2.6561
1.86829
3.2507
2.84471
3.02984
2.37115
2.68809
1.7289
2.4539
1.59022
3.04012
1.13681
1.83157
2.47418
1.45163
3.04651
2.62479
2.34761
1.82658
2.33438
2.25063
1.853
1.69436
2.77897
1.1068
3.03258
1.48499
1.88912
1.99756
2.31343
1.81911
2.55242
1.57079
3.39331
1.65331
2.32335
3.34333
1.98165
3.20322
1.35622
2.47349
3.14879
2.81981
1.60763
2.01035
1.10729
2.04654
3.06688
2.08795
2.25141
1.94544
2.67325
2.83545
2.8871
2.53294
3.4783
1.87615
1.9943
1.8463
1.57695
1.59088
2.71524
3.15365
2.18874
2.66373
2.79273
2.97154
1.41566
1.762
1.69689
3.46287
3.1754
1.40031
2.12667
3.51371
2.40398
3.04541
2.50623
2.31274
2.3641
1.59871
1.36526
2.52048
3.4021
1.93806
1.68465
2.98539
2.95212
3.10039
2.01153
3.4616
2.91998
1.60527
1.35243
2.67991
2.45401
2.24183
2.63292
2.6779
1.92631
2.92881
1.98134
2.30449
1.93508
3.3077
1.94814
2.15157
1.60339
2.38342
3.29348
2.89002
1.42667
2.62805
2.42597
2.69083
3.12886
2.90266
2.03044
2.84788
2.44314
1.44237
2.98104
1.27708
1.70105
1.44889
1.79305
3.05153
2.33769
2.49136
1.47165
2.22147
1.40902
2.46007
3.06809
2.6843
1.41762
1.58411
2.8586
3.02176
2.88646
2.39487
2.22119
2.41162
3.45188
1.23276
2.5448
2.04601
3.30477
2.2034
3.0622
2.34191
2.702
3.4387
1.31466
2.86835
2.85386
2.01677
2.19964
2.26816
1.98134
2.56555
1.29298
