1.00538
1.00321
1.0041
1.01033
1.00325
1.00903
1.00022
1.02361
1.01354
1.00527
1.00348
1.00732
1.0275
1.02467
1.00966
1.00747
1.01439
1.00715
1.00501
1.01691
1.00411
1.01337
1.00312
1.0198
1.0008
1.00926
1.01845
1.01473
1.00444
1.00645
1.01291
1.00224
1.00407
1.00021
1.00873
1.0096
1.00249
1.00341
1.02428
1.00453
1.0057
1.00323
1.00833
1.00591
1.00564
1.00247
1.0172
1.00183
1.00207
1.02148
1.01108
1.02152
1.00435
1.01538
1.00617
1.01312
1.00468
1.00548
1
1.00972
1.00379
1.0092
1.01218
1.0008
1.00672
1.0085
0.999037
1.00488
1.01152
1.00777
1.01453
1.00409
1.00549
1.00697
1.01793
1.00184
1.00207
1.01072
1.01866
1.00195
1.00003
1.01059
1.00169
1.0096
1.0042
1.00187
1.00204
1.00083
1.01126
1.00306
1.01581
1.00426
1.01631
1.00701
1.00091
1.00539
1.00355
1.00782
1.01027
1.01369
1.0087
1.02018
1.00471
1.00348
1.0262
1.00582
1.0058
1.00273
1.01212
1.00325
1.00051
1.00234
1.00169
1.02285
1.00681
0.999017
1.02674
1.00028
1.00108
1.0097
1.00237
1.01057
1.00212
1.01052
1.00589
1.00183
1.00263
0.999079
1.0012
1.00351
1.0058
1.01052
1.00568
1.00471
1.00107
1.00376
1.00189
1.00592
0.999781
1.00805
0.999682
1.02829
1.00128
1.00434
1.00289
1.00302
1.02121
1.00529
1.01869
1.00142
1.03089
1.00605
1.00907
1.00766
1.00387
1.00083
1.00867
1.001
0.998808
1.0061
1.00261
1.00113
1.00003
1.00425
1.02422
1.00295
1.01513
1.00014
1.0059
1.00213
1.00459
1.00201
1.00463
1.00215
1.003
1.00468
1.00353
1.00779
1.00418
1.01031
1.01913
0.999888
1.00407
1.00448
1.00332
1.00463
1.00461
1.00214
1.00329
1.01514
1.04914
1.01384
1.01007
1.00584
1.00876
1.00541
1.00384
0.998659
1.01131
1.00437
1.00516
1.00251
1.02875
1.0162
1.01465
1.00398
1.00564
1.0086
1.0107
1.00453
1.00207
1.00118
1.00899
1.01778
1.01534
1.00541
1.00425
1.00683
1.0028
1.00475
1.00709
1.01472
1.01653
1.0065
0.999439
1.00548
1.00189
1.00203
1.01683
1.00255
1.00532
1.00184
1.00746
1.00361
1.01242
1.01693
1.0076
1.00699
1.00393
1.00341
1.00732
0.997965
1.00818
1.0018
1.0039
1.00467
1.00509
1.00618
1.00887
1.00241
1.00608
1.01508
1.00668
1.00357
1.01508
1.00459
1.00944
1.00328
1.00436
1.01066
1.00161
1.01142
1.00195
1.00568
1.00677
1.00565
1.00062
1.02569
1.0209
1.00783
1.00494
1.025
1.00293
1.00062
1.00365
1.00543
1.01036
1.00692
1.02571
1.02737
1.01936
1.00173
0.999318
1.00226
1.01073
1.01694
1.01517
0.998959
1.00544
1.00746
1.01224
0.999978
1.02115
1.00873
1.00697
0.999028
1.01112
1.00256
1.03369
1.00057
1.00506
1.00207
1.00197
1.00619
1.00639
1.00109
1.00083
1.01487
1.00181
1.00122
1.00296
1.01571
1.00712
1.00634
1.00154
1.00041
1.00552
1.00424
1.01283
1.00518
1.0155
1.01974
1.00488
1.01443
1.00459
1.00406
1.01172
1.00428
1.0029
1.0044
1.00602
1.00724
1.00853
1.00164
1.00379
1.00015
0.999776
1.0003
1.01065
1.00916
1.00488
1.00277
1.01692
1.00348
1.00334
1.00329
1.00157
1.00017
1.005
1.02958
1.00618
1.00282
1.00709
0.996631
1.00263
1.00198
1.00425
1.008
1.00637
1.00058
1.00214
1.00241
1.00441
1.0111
1.00203
1.00377
1.0027
1.00216
1.00299
1.00358
1.01415
1.00228
1.00521
1.0103
1.00086
1.00541
1.01085
1.00653
1.00232
1.01472
1.00233
1.00425
1.00407
1.00486
1.00631
0.999014
1.01187
1.0009
1.01046
1.00066
1.00411
1.00372
1.00188
1.00545
1.01164
1.00246
1.00306
1.00486
1.00945
1.00733
1.00986
1.01733
1.00704
1.0216
1.00361
0.999428
1.0007
1.00514
1.00697
1.02053
1.00608
1.01101
1.00881
1.00877
1.01242
1.00262
1.00736
1.00318
1.01061
1.00775
1.00687
1.01859
1.01514
1.00358
1.02291
1.00674
1.00147
1.00204
1.01628
0.999571
1.00195
1.01042
1.01174
1.00284
1.00431
1.0054
1.01174
1.00167
1.00291
1.0056
1.00814
1.00596
1.0066
1.00748
1.00753
1.00544
1.00121
1.00244
1.0121
1.0259
1.01967
1.00729
1.00683
1.00018
1.00537
1.00234
1.01243
1.00333
1.00139
1.01016
1.0145
1.00239
1.00739
1.00877
1.01776
1.0043
1.00428
1.00807
1.03904
1.00369
1.01124
1.00401
1.00095
1.0108
1.00809
1.00073
1.00478
1.00163
1.004
1.00239
1.00801
1.02026
1.01235
1
1.00716
1.00102
1.01048
1.00683
1.00769
1.00504
1.00535
1.0019
1.0056
1.04106
1.00679
1.00669
1.00036
1.0004
1.0041
1.00407
1.0028
1.00328
1.00442
1.00641
1.01739
1.00706
1.01055
1.0108
1.00261
1.00143
1.00229
1.00419
1.01145
1.00701
1.00905
1.02347
1.00176
1.00137
1.00287
1.00399
1.00404
0.998592
1.00862
1.00701
1.00688
1.0026
1.02623
1.00187
1.01382
1.00314
1.0019
1.00474
1.00214
1.00312
1.00817
1.01341
1.00166
1.01861
0.999208
1.00612
1.00528
1.01232
1.00324
1.00139
0.9991
1.01753
1.00139
1.00561
1.00295
1.01071
1.00152
1.00566
1.01624
1.00483
1.0012
1.02556
1.00293
1.00069
1.01065
1.00906
1.00406
0.998572
1.00235
1.00619
1.00893
1.00377
1.00709
1.0014
1.01205
1.00516
1.00372
1.00311
1.00045
1.00296
1.0055
1.00776
1.00835
1.00191
1.01221
1.00259
1.00875
1.00837
1.00482
1.00122
1.00524
1.00331
1.01091
1.00275
1.04386
1.02464
1.00416
0.999772
1.00354
1.00521
1.01476
1.00802
1.02381
1.01646
1.01484
0.998294
1.00614
1.01707
1.00272
1.00015
1.00297
1.00238
1.00528
1.01783
1.00607
1.00267
1.00672
1.00228
1.01173
1.00646
1.0011
1.00324
1.02379
1.00132
1.00265
1.00071
1.0145
1.00398
1.00018
1.01231
0.999908
1.0048
1.00817
1.01537
1.00317
1.00273
1.00399
1.00638
1.00318
1.00657
1.00395
1.00915
1.00867
0.999571
1.01074
1.00668
1.00643
1.00428
1.00347
1.00036
1.00031
1.00382
1.0022
1.01143
1.0044
1.09845
1.00731
1.01421
1.00238
1.00268
1.004
1.00657
1.0022
1.00857
1.00134
1.00292
1.02891
1.01268
1.00788
1.01561
1.00704
1.01048
1.00465
1.00372
1.01106
1.0025
1.00737
1.00621
1.00453
1.00408
1.00032
1.00864
1.00287
1.00233
1.00267
1.00266
1.00859
1.01637
1.0132
1.01332
1.00663
1.00093
1.01154
1.00235
1.0146
1.00972
0.999102
1.00031
1.00465
1.00821
1.00307
1.00432
1.0049
1.01165
1.01191
1.00278
1.00239
1.00022
1.00759
1.00257
1.01222
1.00482
1.00012
1.00243
1.00386
1.0025
1.00198
1.01522
1.00469
1.01277
1.01022
1.0418
1.00046
1.00292
1.01335
1.00579
1.02268
1.02961
1.00562
1.00886
1.00101
1.00652
1.00532
1.00565
1.01416
0.999668
1.0095
1.02056
0.999978
1.01508
1.00175
1.00049
1.0169
1.0038
1.00115
1.00541
1.01383
1.02463
1.00701
1.02457
1.00964
1.00162
1.00368
1.00908
1.00411
1.00642
1.01282
1.001
1.00215
1.0022
1.00167
1.00234
1.00879
1.00455
0.999969
1.01134
1.02362
1.00548
1.00438
1.0124
1.00437
1.00493
1.00714
1.01118
1.00176
1.0003
1.00362
1.01185
0.998515
1.0046
1.0018
1.00546
1.00674
1.00402
1.01019
1.01984
1.00054
1.04462
1.01449
1.00135
1.01482
1.00662
1.00426
1.00146
1.0143
1.00604
1.00903
1.00979
1.00493
1.00576
1.00751
1.01605
1.00409
1.00527
0.999155
1.01164
1.00525
1.00619
1.0098
1.00982
1.02466
1.01259
1.01539
1.00674
1.00098
1.0079
1.01129
1.00733
0.99858
1.00548
1.00597
1.00165
1.00104
1.00553
1.00542
1.00322
1.00101
1.00625
1.00439
1.00576
1.00604
1.00766
1.00297
1.01857
1.00209
1.00272
1.00817
1.00302
0.998446
1.01488
1.01888
1.0052
1.01377
1.00192
1.00254
0.999812
1.00266
1.00072
1.00786
1.0108
1.00455
1.00183
1.00785
1.01271
1.0155
0.999152
1.00557
0.999823
1.00291
1.00816
1.00387
1.00181
0.997186
1.00662
1.00247
1.00588
1.0175
1.0123
1.01025
1.00238
1.00679
1.0073
1.00348
1.00742
1.00497
1.03412
1.00744
1.01234
1.00487
1.00063
1.00731
1.00315
1.01161
1.00391
1.00088
1.0142
1.02003
1.004
1.00069
1.00331
1.00717
1.01177
1.00794
1.00301
1.03582
1.00428
1.00543
1.00695
1.02844
1.00034
1.011
1.01749
1.0008
1.02458
1.00901
1.00619
1.00816
1.00785
1.01332
1.00015
1.00487
1.00509
1.01669
1.01052
1.02854
1.00263
1.00034
1.00528
1.00384
1.01155
1.00644
1.00398
1.00424
1.0027
1.00268
1.01395
1.00642
1.01107
1.03112
1.00264
1.00764
1.00659
1.00084
1.00152
1.00633
1.00191
1.00901
1.00637
1.01646
1.01922
1.00755
0.998513
1.00347
1.00011
1.00618
1.00841
1.00399
1.01416
1.00205
1.00188
1.00157
1.00522
1.0085
1.00648
1.00318
1.01141
1.01714
1.0029
1.0016
1.00847
1.00245
1.01434
1.00101
1.00937
1.00456
1.01191
1.01789
1.00114
1.00727
1.00836
1.01555
1.0025
1.00743
1.00825
1.00648
1.01444
1.00662
1.00812
1.0029
1.00989
1.01291
1.00614
1.00236
1.00442
1.00434
1.00102
1.00834
1.02423
1.00432
1.00266
1.00245
1.00718
1.00175
1.00083
1.00275
1.00622
1.00456
1.01025
1.00761
1.0234
1.03215
1.00691
1.00638
1.0013
1.01628
1.00471
2.35551
1.65109
1.9634
3.09431
2.71874
2.90206
2.16747
3.2013
3.42593
2.07535
1.97163
2.02511
3.38759
3.35484
3.18539
1.9859
2.26219
2.39742
3.43171
2.76575
1.4611
3.45418
1.70497
2.83811
1.97646
2.38667
2.90747
2.72147
1.97809
1.68514
2.14988
1.77057
2.31461
3.09039
2.8861
3.31651
1.7859
1.41494
3.33286
1.5359
2.42939
2.16823
2.37418
1.8045
1.35171
3.09779
2.83922
3.50629
1.65548
2.60118
2.7937
3.43297
1.25767
3.11383
2.3503
1.92226
2.17438
3.38137
1.59782
2.96285
3.23001
1.39757
1.57537
2.5374
2.93892
1.47439
1.92165
1.35836
2.23823
1.43336
2.07788
2.63824
1.68165
2.54998
3.13363
1.70631
1.77202
3.03155
3.22427
2.11266
2.76943
1.58369
1.41591
1.69383
1.96215
1.63417
2.11254
1.79633
2.61746
2.52086
2.60442
3.07074
1.11534
2.53502
1.42301
2.33585
3.02213
2.51259
3.15465
3.12142
1.98237
3.2334
1.88469
2.03491
3.36105
1.9815
2.13206
2.16893
2.38357
1.55555
2.14976
3.37161
2.35499
3.06635
3.16973
1.61968
3.00925
2.19082
2.61109
2.84079
2.2488
3.18721
2.26457
2.7495
3.24504
2.80688
1.2612
1.82147
1.94365
1.50254
2.21654
2.13826
2.16315
2.20326
2.04533
1.98404
1.57049
1.19127
1.56435
2.74497
1.78261
3.3299
2.76085
2.3756
1.78628
1.599
2.59387
2.4953
3.28133
1.15573
2.70651
2.01255
3.37938
1.89027
2.13459
1.43608
3.28638
1.32841
1.6663
1.55842
2.41018
2.35656
1.38336
1.14161
2.84141
1.25311
3.32223
2.51236
3.07637
1.83762
2.11091
2.43778
3.35724
1.25617
1.54375
3.00713
2.79897
1.41239
1.28062
2.89001
3.401
1.22181
2.91845
2.28213
1.19872
2.87702
2.75793
2.54151
2.02818
2.72965
3.24972
2.82903
1.37472
2.36899
2.3713
1.56206
1.89937
1.91333
2.93686
2.20102
1.22979
2.5024
3.11163
3.33862
3.09651
2.64042
2.34825
2.66571
2.16766
2.33818
3.02703
2.10913
2.60422
3.05169
3.19579
2.39501
2.75249
2.85831
1.99498
1.45668
2.44889
2.95112
3.07039
3.08866
1.79881
1.72124
2.22357
2.41677
3.23778
1.38682
2.06927
2.55449
1.81798
2.04401
2.29375
3.47713
1.61373
2.76623
2.99634
2.46316
2.00628
1.3995
3.31965
2.40283
3.01654
1.81994
1.57821
1.55749
2.04134
2.60904
2.68469
3.26955
2.75718
2.17176
3.01411
2.32537
1.62944
2.10934
2.09114
2.0248
1.19828
2.19306
2.00573
2.84135
2.80744
1.74024
1.4162
3.44463
2.81958
2.29347
3.07021
3.06309
2.45954
2.18896
1.97158
2.60781
2.27217
2.36742
2.77686
3.19371
3.47729
1.82074
1.16177
1.54451
3.00393
1.79906
2.97698
1.94409
2.89441
3.32668
2.70219
2.34354
3.19659
2.77724
1.63474
1.77109
3.0316
1.81902
3.60737
2.4598
1.10655
2.11633
1.58176
1.90345
1.17386
2.42085
1.77341
3.1002
1.22611
2.70219
2.19767
3.59055
1.20365
2.38235
1.80808
1.95016
3.14787
2.17062
2.71224
3.17739
2.27147
3.31617
3.22329
3.45737
1.72941
1.41971
2.00979
2.14502
1.54265
3.35547
2.52888
1.8567
2.68022
2.06729
1.1549
2.09222
2.45461
1.2414
2.83958
2.60303
3.17977
2.80958
3.09039
2.77441
1.16495
2.57185
2.76726
2.7518
2.5736
3.13565
2.87055
1.92679
3.05324
1.80066
2.52031
2.71993
1.57849
2.57696
2.97348
1.58159
2.34294
2.76599
1.19902
3.21117
2.24886
1.64332
1.84731
1.82227
2.08558
2.26271
3.45233
1.72519
2.00742
2.45208
2.5423
2.96458
2.466
2.86594
2.36127
2.23461
2.29622
2.07062
3.25653
1.55245
2.16329
1.92816
3.48594
1.79815
1.84534
1.71881
2.57145
1.92356
2.33817
1.51664
3.46188
2.83891
1.81565
2.84333
2.34103
2.32634
1.69688
2.83372
1.64493
3.30215
2.63437
2.48531
2.74124
2.28852
2.92322
3.04105
1.51076
2.23817
2.12215
1.38149
2.66976
2.08593
2.86665
1.5884
3.19681
2.45108
2.44049
3.37363
2.86151
1.17256
3.51209
2.31906
2.78264
2.00343
2.72326
1.80474
1.49105
1.88283
1.54342
1.88038
3.23006
1.29045
2.31238
1.36537
1.2251
1.26694
1.644
3.32278
3.03955
3.29246
2.54147
2.34704
1.87074
2.8767
2.59283
3.30355
3.55712
2.87049
2.12439
1.08643
1.42508
2.14126
2.86417
1.2985
2.72683
3.25705
3.39644
1.61816
3.09431
3.14568
3.20277
1.60718
1.91049
2.92345
3.44043
2.24061
3.45686
2.27881
1.8807
3.37638
2.19969
2.03539
1.46481
2.95101
2.32756
2.37533
2.35669
3.39147
2.95152
1.19613
3.0924
2.43039
1.93971
3.01982
3.17068
1.44114
2.9647
1.95252
1.86796
3.40491
2.88132
1.04881
1.79327
2.02528
1.76445
2.63185
1.59535
1.95488
1.27586
3.01784
3.70297
2.45593
3.15353
2.34267
2.73099
2.19889
2.4515
2.60872
2.60825
2.81431
2.99984
2.60992
1.75785
2.18971
3.39455
2.19323
2.15009
1.22223
2.9967
2.33443
2.08875
1.35799
3.46429
2.48114
3.23538
1.7411
2.11246
3.00397
2.01676
1.7993
2.96621
3.47391
2.07494
2.88727
1.73609
1.42824
2.87506
2.4176
1.67638
1.78769
1.35395
2.44697
2.81091
2.50357
2.01063
2.59438
1.55418
3.30425
3.22459
2.03192
2.6915
3.37499
2.5471
2.99407
3.01525
3.19084
2.14965
1.48543
1.23067
2.35009
2.55488
1.61982
2.60575
1.38779
2.38805
1.91262
2.83799
3.03916
1.51174
2.81471
2.07706
2.0866
2.64696
2.97529
3.10453
1.43531
2.18761
2.36135
3.11057
2.05507
3.06761
2.42221
3.2979
1.78617
3.54183
3.05058
2.07511
2.39463
3.2669
2.92894
2.84528
3.04879
2.63754
2.86325
1.67819
1.94533
2.85738
3.31247
1.06525
2.53392
2.70122
2.36061
1.63243
3.39446
3.10926
2.95579
2.93972
1.4154
2.98211
3.47346
2.02745
1.90302
2.90051
1.83678
2.18871
1.59715
3.42827
1.07838
1.54194
2.10761
1.48379
2.6378
2.3423
3.07385
3.0418
1.52488
2.78411
2.1263
2.90155
2.41126
3.14932
3.26242
2.42099
2.08254
2.69962
2.30343
1.97847
1.21655
2.59207
1.38582
2.07278
2.13749
2.43174
2.39024
2.24898
3.70658
2.88064
3.01097
3.2875
2.55291
1.94036
1.2299
2.90484
2.47225
2.4497
2.44271
2.99487
3.01273
2.77671
3.27362
2.43561
2.08234
2.52367
3.2745
2.54473
1.88122
3.07617
2.63142
2.43195
1.56427
2.09523
2.58568
2.69012
1.20738
1.54489
1.33301
2.53058
2.43879
3.08212
2.4308
3.37999
2.90598
1.99758
1.5599
2.84703
2.05462
2.32234
1.56871
2.29371
2.42657
1.13297
1.94983
2.15636
2.8345
2.69627
1.28517
2.50472
2.56026
2.41017
1.11548
2.98735
2.14615
1.87463
1.41563
2.31198
2.24924
1.27371
3.38558
2.09283
3.27629
2.06793
3.27596
1.78912
2.20785
3.08791
1.97377
2.98783
2.38302
3.25994
2.74744
1.56029
1.39229
1.9541
2.24261
3.09364
1.52502
1.43183
2.64919
2.31655
3.24306
1.24396
2.50547
2.53825
1.44604
2.20298
1.95195
2.86497
3.05484
1.72387
3.06254
2.291
2.43847
1.59051
2.94234
2.70349
3.08907
3.19407
1.33745
1.35161
3.30574
1.13334
2.09939
2.70446
1.42251
1.59952
2.31665
3.43854
2.35365
1.56881
2.90346
1.89114
2.04657
3.21166
2.49685
3.16349
1.53936
1.91146
2.86123
2.07069
2.86162
1.96443
1.51994
3.26006
2.84417
3.28905
2.9552
2.61683
3.5815
3.14205
2.23239
2.80908
2.09759
2.74845
1.83679
3.48239
2.15844
2.17169
3.19332
2.34248
2.57926
1.32527
2.39986
1.26942
2.66638
1.97566
3.13673
2.23668
1.39479
3.16115
3.22694
3.09513
2.36762
3.03717
2.62791
2.95211
2.96521
2.8711
2.18515
1.54468
2.32543
1.95892
2.00938
2.56238
2.68481
1.37588
1.31025
2.47112
2.17709
1.92752
1.98103
2.14481
2.874
2.20165
3.51591
2.29933
2.28201
2.04275
2.17914
1.82386
3.31815
3.0579
2.06266
3.14783
2.66878
2.74388
1.67408
2.47596
1.37934
2.3207
1.69043
2.61336
1.81836
1.68594
2.57652
2.78794
1.48913
2.87539
1.93528
1.32941
3.17681
2.29431
1.15292
1.77832
1.74598
1.048
1.52985
2.89673
3.61309
1.79027
3.22717
2.4446
2.72445
1.24079
2.52515
2.44424
3.60737
2.18453
2.93406
1.46238
2.03965
3.2259
1.82516
3.01229
1.38273
1.65471
3.3781
3.1002
1.43636
2.2386
1.41039
2.38044
3.19816
1.50441
3.13736
3.3992
2.81992
2.12031
1.51262
3.48272
1.47788
2.11688
1.72754
2.1062
3.15081
2.2226
3.33718
1.56899
2.21962
3.02965
1.812
1.50978
1.71332
2.88925
2.68329
3.31711
2.41608
2.16595
1.77446
1.76599
2.66895
1.92902
2.10903
1.26554
2.06664
2.2538
3.43249
1.94719
3.27037
3.39989
2.72641
2.88112
2.38072
2.91842
2.51971
2.50213
1.65339
2.72222
1.81993
2.64617
3.42055
1.52323
1.84961
2.04691
2.77099
3.13918
2.93511
2.91277
2.99174
2.78345
1.85048
1.42583
1.88469
2.86971
2.3523
2.85348
2.57938
2.76246
2.16027
2.84851
2.58702
1.61593
3.32307
2.16964
3.30987
2.2879
3.24026
3.1692
1.86546
2.59946
2.86004
2.58562
2.19466
2.87999
3.27038
2.44486
1.85876
1.51954
2.86351
2.40809
3.10716
3.0887
1.63282
1.95028
2.00338
2.01614
1.18093
1.56094
3.18235
2.34995
2.02383
1.87881
2.54185
2.14663
2.56376
2.90923
2.50372
1.63838
1.98026
2.19736
3.11916
3.00523
2.51339
1.4056
1.73598
3.34731
1.71306
2.40795
1.7084
2.08758
3.28815
2.79467
3.23413
2.50034
3.27063
3.64527
2.3865
2.1525
2.1941
3.42505
3.41698
3.45896
2.01619
2.3835
2.46822
3.62945
2.85254
1.66811
3.58314
1.83827
2.97169
2.01906
2.49806
3.12121
2.84063
2.10874
1.76992
2.1596
1.78379
2.368
3.31377
2.94206
3.37584
1.84581
1.55499
3.33286
1.64664
2.68476
2.42399
2.45023
2.02947
1.49818
3.38976
2.88561
3.75842
1.7687
2.75209
2.85895
3.4756
1.31162
3.11383
2.38953
1.94894
2.25017
3.41749
1.67179
3.10162
3.61356
1.55634
1.6769
2.58672
3.12306
1.6629
2.04588
1.38203
2.27349
1.59452
2.27415
2.70619
1.70562
2.72108
3.30837
1.81736
1.81788
3.08575
3.22427
2.318
2.99471
1.61634
1.66652
1.72863
1.97726
1.71228
2.20936
1.88183
2.742
2.96897
2.69571
3.43869
1.34163
2.58348
1.46298
2.39587
3.41024
2.69714
3.41679
3.4463
2.03357
3.27552
2.10936
2.39029
3.45201
2.16428
2.16806
2.25634
2.39504
1.57267
2.3071
3.73388
2.74087
3.11088
3.46288
1.68171
3.08639
2.59686
2.82493
2.91636
2.34262
3.46896
2.43447
2.94505
3.37998
3.15301
1.41949
2.02921
2.06253
1.53213
2.29204
2.19333
2.21901
2.25548
2.14093
2.21822
1.60378
1.35095
1.64191
2.92189
1.8641
3.47667
2.91039
2.74405
1.78628
1.65669
2.73428
2.66055
3.31982
1.19636
2.73269
2.04761
3.53415
1.95624
2.22962
1.45368
3.34641
1.42788
2.06072
1.78113
2.60691
2.64751
1.51105
1.26316
2.99873
1.37547
3.36191
2.66335
3.52985
1.93187
2.13156
2.67417
3.65046
1.37329
1.74858
3.22167
3.09275
1.53018
1.31001
3.15578
3.42495
1.26452
3.19464
2.43069
1.21162
2.94017
3.09438
2.65181
2.23386
2.76986
3.32317
2.9055
1.45228
2.47634
2.40559
1.73416
2.05787
2.00469
3.03966
2.44853
1.30049
2.7534
3.149
3.36991
3.4828
3.17894
2.40945
2.7687
2.24032
2.38434
3.38481
2.27155
2.64169
3.22473
3.19579
2.48577
2.8804
3.31721
2.06957
1.48782
2.51294
3.07163
3.12717
3.33591
1.8598
1.90964
2.44148
2.55378
3.23778
1.43745
2.20665
3.27328
1.89918
2.0555
2.3819
3.65549
1.6388
3.11473
3.56891
2.54729
2.03162
1.69336
3.56093
2.48111
3.22479
1.88509
1.64166
1.86892
2.16668
2.83509
2.89116
3.42261
2.9249
2.54885
3.18827
2.35265
1.72749
2.18628
2.2165
2.06018
1.216
2.31729
2.27343
3.38302
3.12966
1.85896
1.54982
3.53395
2.87538
2.36345
3.1651
3.10131
2.54025
2.39874
2.18227
2.65135
2.46561
2.38918
2.80089
3.56178
3.58302
2.09737
1.25555
1.77644
3.05833
1.91132
3.1576
1.96347
3.10359
3.63905
2.78221
2.61469
3.30535
2.89991
1.79788
2.11093
3.12107
2.1926
3.68348
2.62576
1.18211
2.27511
2.05516
1.96555
1.36964
2.79998
1.87461
3.18113
1.2908
2.94718
2.57678
3.63452
1.37981
2.47007
1.87368
2.04872
3.2414
2.22994
2.78986
3.44955
2.27147
3.43127
3.32874
3.45737
1.75736
1.46837
2.07052
2.41211
1.63401
3.43986
2.59733
1.96707
2.75135
2.28944
1.22613
2.30111
2.63835
1.26051
2.9474
2.68663
3.31619
3.13687
3.16745
2.94954
1.20306
3.16741
3.2724
3.03273
2.59581
3.27912
2.92301
2.04355
3.22225
1.85937
2.61998
3.05984
1.68241
2.60354
3.20919
1.60387
2.39957
2.89029
1.21295
3.43615
2.36568
1.73229
1.92764
1.88348
2.31865
2.35781
3.53095
1.73498
2.18513
2.49521
2.57618
3.27013
2.74534
3.25719
2.71981
2.38008
2.73706
2.21095
3.48639
1.68483
2.24899
2.03999
3.59169
1.8755
2.00622
1.84636
2.76861
2.1867
2.41733
1.60205
3.6497
3.01813
2.06982
3.18256
2.44359
2.40969
1.72169
2.8549
1.719
3.51711
2.78392
2.53394
3.34008
2.54383
2.94765
3.27884
1.62185
2.26712
2.20277
1.41049
2.75967
2.20991
3.10668
1.74606
3.41936
2.50619
2.52133
3.44029
3.08341
1.25526
3.5616
2.55579
3.0683
2.18165
2.79421
2.09851
1.58874
1.97999
1.64265
2.24324
3.35318
1.35652
2.73007
1.55074
1.23638
1.39302
1.66711
3.59272
3.19583
3.48181
2.70788
2.40517
2.02557
3.10563
2.69963
3.3417
3.72762
3.06998
2.18396
1.28475
1.44474
2.30918
2.91483
1.32003
3.38968
3.47533
3.46733
1.76863
3.16177
3.50228
3.56237
1.72569
2.06857
3.22601
3.5442
2.29623
3.45686
2.34231
1.97916
3.6467
2.45129
2.33554
1.52648
3.25108
2.51605
2.46342
2.39044
3.46864
3.20074
1.24759
3.30877
2.62553
2.05873
3.16709
3.51747
1.49079
3.32884
2.3544
2.01896
3.49891
3.25776
1.16368
1.82012
2.31644
1.8173
2.84059
1.66368
2.14105
1.27586
3.35099
3.70297
2.51127
3.30565
2.46379
2.99852
2.26967
2.70704
2.77558
2.72907
2.95122
3.31085
2.65388
1.86024
2.80926
3.71573
2.2201
2.35624
1.29632
3.09352
2.3922
2.19987
1.45495
3.49562
2.7345
3.23538
1.75783
2.52678
3.05759
2.05486
1.97381
3.19525
3.54721
2.11278
2.9495
1.83775
1.58139
2.89205
2.59489
1.71153
1.98828
1.48826
3.05867
2.8622
2.68075
2.07222
2.70108
1.77014
3.33497
3.36592
2.05114
3.01262
3.46617
2.6051
3.44947
3.13859
3.29427
2.52401
1.61957
1.25444
2.49915
2.72822
1.63008
2.71186
1.45594
2.58339
1.94012
3.07131
3.13114
1.80787
3.35702
2.41782
2.18243
2.68736
3.38952
3.20784
1.60276
2.24414
2.47435
3.19379
2.27488
3.09648
2.53999
3.42451
2.08026
3.69039
3.16849
2.26096
2.60008
3.7145
3.04712
3.00184
3.26523
2.73401
3.08621
1.727
2.30976
2.89621
3.37898
1.20819
2.98556
3.37472
2.70595
1.86808
3.39446
3.44032
3.17459
3.05632
1.60356
3.46002
3.6118
2.06286
2.18087
2.95446
1.87832
2.41412
1.69278
3.59201
1.24508
1.60849
2.13553
1.82226
2.91158
2.37815
3.1705
3.2537
1.56989
3.16079
2.18226
3.10985
2.53998
3.26321
3.277
2.50184
2.33262
2.76748
2.41949
2.45468
1.40174
2.72813
1.4594
2.31596
2.26985
2.67477
2.40938
2.32432
3.83863
3.19853
3.13048
3.6481
2.72372
2.14908
1.26608
3.55195
2.6869
2.60736
2.60827
3.03005
3.10626
2.9457
3.27362
2.47549
2.12544
2.89098
3.39956
2.69708
1.90079
3.199
2.70092
2.69815
1.66974
2.34492
2.66028
2.95774
1.23824
1.61526
1.41454
2.61784
2.51181
3.26615
2.48116
3.75461
3.6719
2.15217
1.72692
2.87509
2.2131
2.72538
1.79754
2.32977
2.46951
1.26318
2.04454
2.19132
2.94557
2.78994
1.33159
2.99375
2.94665
2.64171
1.13184
3.08384
2.26829
2.04673
1.4382
2.38734
2.45885
1.47876
3.4511
2.39587
3.32736
2.16616
3.60502
1.83542
2.35667
3.25149
2.06668
3.02614
2.4405
3.71166
2.94734
1.62397
1.46367
2.01561
2.30021
3.20245
1.60559
1.45955
2.67792
2.62965
3.38086
1.32168
2.85899
2.68429
1.49555
2.28527
2.22726
2.9908
3.18904
1.81934
3.19736
2.35263
3.00074
1.65097
3.05575
2.891
3.41853
3.37455
1.40024
1.42064
3.3937
1.14961
2.12075
2.75134
1.85331
1.83147
2.34072
3.74041
2.4903
1.73213
3.11001
1.91204
2.20137
3.53237
2.5469
3.46613
1.61354
2.04971
3.03301
2.38597
3.04541
2.05057
1.56321
3.72935
3.20817
3.52613
3.17905
3.42923
3.5815
3.23514
2.39598
2.80908
2.27325
2.90524
1.87629
3.61297
2.28813
2.19394
3.44853
2.56687
2.89351
1.49248
2.39986
1.29565
2.69736
2.00135
3.24361
2.25535
1.46643
3.37366
3.51713
3.09513
2.4305
3.26461
2.74546
3.27224
3.01029
3.0224
2.27781
1.5896
2.78225
2.06453
2.11544
3.04642
2.99478
1.40973
1.36539
2.74511
2.39375
1.94363
2.10715
2.38855
3.24619
2.46516
3.70434
2.37536
2.47845
2.48022
2.32983
2.06574
3.56494
3.19013
2.23482
3.45512
3.08716
2.9412
1.78139
2.58187
1.45539
2.52814
1.80234
2.73442
1.85362
1.87515
2.61651
2.78794
1.57021
3.08181
2.04096
1.35515
3.51334
2.32734
1.29204
1.97418
1.92136
1.16559
1.63189
2.9602
3.71957
1.82739
3.56996
2.55862
2.8381
1.32696
2.57339
2.7803
3.65272
2.23573
3.08439
1.78061
2.21323
3.49914
1.88698
3.17146
1.43648
1.752
3.52571
3.14445
1.43636
2.56264
1.62389
2.41769
3.27483
1.64126
3.56413
3.53235
3.09342
2.23375
1.57691
3.50793
1.53818
2.18995
1.86899
2.40538
3.34576
2.44991
3.54946
1.63328
2.23794
3.34204
2.01252
1.53672
1.71332
2.88925
2.81377
3.3752
2.52053
2.61934
1.85311
1.98015
2.79344
1.97177
2.35257
1.33159
2.52526
2.38359
3.62595
1.97654
3.39978
3.51995
2.85021
2.90396
2.40892
3.47101
2.64885
2.61877
1.6962
3.08667
1.89892
2.67297
3.53752
1.65524
1.89378
2.23242
3.00157
3.35866
3.08456
3.07691
3.24829
3.00397
1.96917
1.57352
1.99104
2.9191
2.48383
3.19846
2.60859
2.78376
2.62794
2.89761
2.73916
1.68075
3.39374
2.406
3.3852
2.39785
3.38318
3.23218
1.88282
2.67956
3.03855
2.6785
2.41206
3.19495
3.46485
2.49367
1.87292
1.61401
3.07496
2.55417
3.27461
3.20142
1.72902
1.97705
2.03422
2.0244
1.2263
1.57867
3.23217
2.50057
2.06926
1.92631
2.58926
2.52321
3.50724
3.5083
2.61748
1.72304
2.09486
2.19736
3.79012
3.0514
2.72638
1.46454
1.76859
3.55076
1.72697
2.25283
1.63982
1.95115
3.07178
2.70822
2.86983
2.13534
3.17881
3.40927
2.02327
1.93353
2.00315
3.38759
3.35484
3.16076
1.9859
2.26219
2.3344
3.38431
2.76575
1.43246
3.43925
1.69764
2.83811
1.97646
2.35145
2.85206
2.72147
1.94122
1.67826
2.14988
1.76289
2.27342
2.99478
2.85093
3.28878
1.69193
1.32429
3.33286
1.52795
2.39725
2.14348
2.37418
1.7915
1.33679
3.06458
2.83922
3.47135
1.62035
2.60118
2.7937
3.43297
1.24833
3.06214
2.32321
1.92226
2.17438
3.38137
1.55579
2.96285
3.10023
1.37977
1.52862
2.51975
2.92262
1.45756
1.88879
1.35836
2.23823
1.41028
2.03254
2.62151
1.6788
2.54181
3.13363
1.69183
1.76088
3.03155
3.22427
2.07879
2.65878
1.58369
1.35908
1.64815
1.93906
1.61404
2.08672
1.74416
2.60413
2.49245
2.56595
3.03353
1.10241
2.53502
1.41395
2.29918
3.02213
2.45067
3.07538
3.06174
1.89789
3.18407
1.86743
2.00666
3.36105
1.94361
2.06308
2.16893
2.38357
1.52897
2.12883
3.32205
2.3052
2.87342
3.07248
1.5642
3.00925
2.10306
2.58715
2.80376
2.20297
3.16416
2.21651
2.68762
3.21627
2.69758
1.23435
1.78771
1.92518
1.49377
2.20489
2.13826
2.12207
2.20326
2.01871
1.95995
1.55173
1.10994
1.5566
2.74497
1.76592
3.24997
2.74176
2.31871
1.78628
1.57714
2.59387
2.35572
3.28133
1.12609
2.68678
2.01255
3.34681
1.87615
2.03823
1.43608
3.25809
1.27843
1.6278
1.54149
2.3859
2.29322
1.32223
1.13126
2.84141
1.23499
3.32223
2.42743
3.01907
1.83103
2.11091
2.38159
3.30825
1.23394
1.50898
2.80321
2.77047
1.38958
1.25119
2.88009
3.37761
1.21547
2.8799
2.2623
1.13406
2.80565
2.71727
2.51884
2.00319
2.71295
3.24972
2.82903
1.34485
2.34728
2.33783
1.55054
1.85888
1.88637
2.83534
2.19239
1.20776
2.42614
3.06216
3.3143
3.07258
2.50344
2.34825
2.66571
2.16766
2.33097
2.99963
2.09743
2.59423
3.05169
3.19579
2.33744
2.72275
2.77391
1.99498
1.45296
2.42555
2.85412
3.04983
3.0619
1.79881
1.67865
2.18132
2.4115
3.23778
1.37453
2.06248
2.45411
1.80042
2.04401
2.29375
3.47713
1.61373
2.73625
2.92851
2.40315
2.00628
1.36861
3.29131
2.38405
2.88763
1.81693
1.56496
1.53201
1.98416
2.58342
2.66859
3.1823
2.66988
2.06447
2.82505
2.28726
1.61847
2.10934
2.07731
2.0248
1.15739
2.17156
1.9987
2.7777
2.7923
1.72152
1.30219
3.42399
2.81958
2.25413
3.05723
3.06309
2.41392
2.14425
1.93756
2.5931
2.2638
2.36742
2.75773
3.17522
3.47729
1.77788
1.12549
1.50825
3.00393
1.74027
2.97698
1.8679
2.86022
3.30458
2.69048
2.23353
3.16244
2.66424
1.55263
1.71646
2.90121
1.77029
3.60737
2.38104
1.10304
2.08747
1.55705
1.8946
1.13299
2.35529
1.75333
3.1002
1.19122
2.65942
2.053
3.59055
1.19719
2.35941
1.77721
1.93717
3.12639
2.12511
2.69006
3.0878
2.25014
3.12514
3.16652
3.45737
1.72027
1.39422
2.00979
2.13656
1.49384
3.30789
2.5083
1.75963
2.65274
2.03826
1.14777
2.05846
2.42978
1.2414
2.83958
2.57986
3.15974
2.73185
3.09039
2.75259
1.117
2.51171
2.71731
2.71805
2.56266
3.13565
2.76023
1.90711
3.0121
1.79481
2.45561
2.65112
1.55892
2.57696
2.74833
1.58159
2.34294
2.71325
1.19902
3.18232
2.2346
1.62352
1.82422
1.81532
2.08062
2.25174
3.45233
1.72519
1.91932
2.45208
2.38363
2.90808
2.39824
2.82091
2.34373
2.1905
2.21856
1.98434
3.23777
1.4811
2.16329
1.92816
3.48594
1.79514
1.82182
1.6863
2.45361
1.86213
2.33817
1.49459
3.43392
2.82186
1.79619
2.79247
2.33083
2.31309
1.68324
2.83372
1.64056
3.14991
2.51839
2.45069
2.69856
2.26475
2.84883
3.02426
1.45549
2.15918
2.12215
1.35938
2.61632
2.0726
2.8575
1.52558
3.15985
2.42858
2.4335
3.36019
2.84451
1.13767
3.49747
2.17522
2.58152
1.95284
2.59191
1.73032
1.48055
1.84846
1.50627
1.82633
3.21563
1.24355
2.22235
1.33993
1.21615
1.25553
1.61418
3.30324
2.99886
3.25329
2.48868
2.33921
1.84009
2.83862
2.59283
3.27557
3.52533
2.84535
2.11168
1.07178
1.42114
2.12157
2.86417
1.2985
2.68832
3.18645
3.39644
1.57404
3.08195
3.09523
3.15388
1.60718
1.84832
2.90601
3.44043
2.24061
3.43399
2.27146
1.86526
3.36585
2.19969
1.99999
1.43842
2.9247
2.28543
2.35878
2.35669
3.39147
2.91999
1.19238
3.07321
2.21643
1.9287
3.00965
3.12312
1.42264
2.91666
1.91639
1.78774
3.40491
2.85925
1.0447
1.78435
1.9615
1.74364
2.58721
1.54612
1.91378
1.27586
2.96808
3.70297
2.42029
3.05504
2.29972
2.69691
2.18184
2.43223
2.5604
2.60825
2.70797
2.9618
2.60992
1.7408
2.14636
3.29998
2.18691
2.10788
1.21174
2.9967
2.32341
2.06564
1.32929
3.46429
2.44227
3.23538
1.67543
2.06344
2.96761
1.99654
1.77114
2.94412
3.41641
2.02197
2.81892
1.70468
1.39885
2.86743
2.4176
1.67638
1.75602
1.3321
2.43449
2.77946
2.44824
2.01063
2.57816
1.54708
3.29812
3.22459
2.03192
2.6319
3.37499
2.54239
2.84576
2.98452
3.16276
2.0654
1.4309
1.23067
2.32523
2.40531
1.61982
2.56757
1.37794
2.38805
1.91262
2.78365
2.95973
1.45906
2.79436
2.01494
2.0866
2.64696
2.87794
3.05734
1.39535
2.18761
2.32767
3.03549
2.02896
3.06761
2.34707
3.21694
1.76234
3.41065
3.00636
2.05709
2.37641
3.23155
2.90227
2.84528
3.02256
2.61237
2.83985
1.66145
1.89506
2.85738
3.31247
1.06371
2.47449
2.64306
2.32982
1.5872
3.39446
3.07013
2.88472
2.91921
1.36391
2.89132
3.47346
2.02745
1.86078
2.90051
1.80208
2.16585
1.56039
3.42174
1.06584
1.54194
2.10761
1.4061
2.58384
2.3423
3.0588
3.02402
1.52488
2.73382
2.09953
2.75414
2.40499
3.08115
3.26242
2.38133
2.04583
2.67432
2.2679
1.94271
1.18409
2.57556
1.34278
2.02004
2.12838
2.3394
2.30523
2.22685
3.70658
2.84333
3.01097
3.25129
2.5166
1.86803
1.2299
2.8411
2.41179
2.40888
2.42314
2.88172
2.936
2.77671
3.24764
2.40284
2.07427
2.48416
3.25862
2.54473
1.88122
3.03769
2.61338
2.39322
1.54074
2.06588
2.56246
2.68663
1.20738
1.5408
1.32653
2.51714
2.43879
3.08212
2.4308
3.19961
2.76883
1.98558
1.48752
2.84703
2.04423
2.20623
1.52406
2.25727
2.40869
1.11941
1.90891
2.13557
2.8345
2.69627
1.28517
2.47227
2.52812
2.38773
1.10996
2.95971
2.12136
1.79523
1.41018
2.28382
2.21113
1.19701
3.38558
2.07189
3.20171
2.06793
3.20744
1.73713
2.16572
3.04371
1.90983
2.98783
2.38302
3.20114
2.58145
1.54866
1.38598
1.9541
2.19472
3.06435
1.5117
1.41194
2.64919
2.29299
3.21852
1.18779
2.45841
2.51714
1.43205
2.16908
1.90622
2.83444
3.05484
1.69825
3.06254
2.21238
2.32454
1.57279
2.9042
2.61886
3.01557
3.17794
1.33745
1.33908
3.28863
1.13334
2.09939
2.6661
1.39367
1.57677
2.31665
3.37698
2.34141
1.4699
2.88112
1.88416
1.97021
3.18506
2.49685
3.08624
1.53098
1.89055
2.83367
2.0564
2.85105
1.94541
1.51039
3.24827
2.8245
3.2554
2.91184
2.56021
3.5815
3.14205
2.20208
2.80908
2.06609
2.73654
1.83679
3.34335
2.1189
2.15804
3.07545
2.3078
2.56454
1.31734
2.39986
1.24691
2.63679
1.94336
3.10857
2.22469
1.38562
3.09934
3.18493
3.09513
2.36762
2.95871
2.54579
2.9056
2.94944
2.85719
2.17365
1.53865
2.26229
1.93164
1.98806
2.50894
2.62158
1.33465
1.27862
2.4375
2.16261
1.92752
1.93914
2.14481
2.81304
2.1772
3.47957
2.24086
2.23445
1.9725
2.14495
1.79342
3.29663
3.0579
2.03298
3.14783
2.62106
2.73646
1.63097
2.46164
1.36272
2.22588
1.69043
2.55142
1.81513
1.67029
2.57652
2.78794
1.4584
2.80513
1.8432
1.32389
3.07615
2.29431
1.13666
1.72985
1.72462
1.04263
1.50743
2.89673
3.42942
1.78656
3.18535
2.41304
2.69798
1.22667
2.52515
2.41829
3.51308
2.18453
2.8801
1.44494
1.90033
3.19836
1.82
3.01229
1.36691
1.65471
3.3781
3.1002
1.43636
2.22026
1.35509
2.36838
3.19816
1.47012
3.03719
3.37605
2.81992
2.00256
1.51262
3.45591
1.4576
2.11688
1.71573
2.0608
3.12823
2.18861
3.33718
1.55168
2.21962
2.95312
1.67318
1.50978
1.71332
2.88925
2.66152
3.31711
2.33665
2.13094
1.74871
1.75456
2.66895
1.9125
2.07964
1.25354
1.96798
2.14329
3.43249
1.93126
3.20951
3.39989
2.71873
2.88112
2.36526
2.74646
2.41425
2.46028
1.62698
2.68434
1.81511
2.64617
3.40104
1.46809
1.84084
1.99051
2.74087
3.09383
2.93511
2.88749
2.93838
2.7415
1.81045
1.39053
1.84754
2.8184
2.32628
2.82717
2.57938
2.76246
2.12652
2.81263
2.56729
1.57013
3.32307
2.15009
3.30987
2.2879
3.24026
3.15231
1.81145
2.59946
2.75368
2.57389
2.14796
2.8468
3.24231
2.44486
1.8133
1.50498
2.79504
2.36911
3.06285
3.0887
1.56653
1.90203
2.00338
2.01614
1.18093
1.56094
3.18235
2.27554
2.02383
1.84535
2.51642
2.11855
2.54814
2.81115
2.43182
1.63838
1.95272
2.19736
3.03635
3.00523
2.49109
1.39905
1.73598
3.29286
1.71306
