1.00538
1.00661
1.03245
1.00667
1.0133
1.00004
0.999361
1.00331
0.999547
1.00259
1.0038
1.001
1.01049
1.0091
0.997951
1.00908
1.00439
1.01789
1.00974
1.00191
1.00563
1.00245
1.00845
1.03148
1.00115
1.00102
1.00361
1.0096
1.00617
1.00568
1.01655
1.01064
1.01741
1.00517
1.00977
1.00515
1.00339
1.00088
1.0042
1.01089
1.00182
1.00184
1.00168
1.00477
1.00849
1.01394
1.01268
1.0084
1.04036
1.00138
1.01329
1.00719
1.00557
1.01342
1.0028
1.00345
1.00829
1.00182
1.0048
1.00857
1.00323
1.00939
1.00545
1.00837
1.00449
1.01126
1.01992
1.00115
1.00485
1.00897
1.01498
1.01115
1.01144
1.01819
1.01285
1.0033
1.00447
1.00359
1.00509
1.00117
1.02277
1.00547
1.00091
1.00091
1.00823
1.00259
1.00852
1.0168
1.01439
1.00274
1.00118
1.00028
1.05214
1.00641
1.00686
1.01015
1.00537
1.00684
1.00969
1.00228
1.00989
1.0011
1.00223
1.01003
1.00914
1.0158
1.00136
1.01113
0.999729
1.00042
1.01314
1.00732
1.00284
1.00572
1.00418
1.00415
1.00492
1.00652
1.00717
1.00162
1.03221
1.02243
1.02071
1.00908
1.00496
1.00149
1.01842
1.00232
1.003
1.00303
1.00572
1.01714
1.00674
1.01019
1.01317
1.01332
1.00366
1.00079
1.01017
1.01336
0.998956
1.00256
1.0019
1.00531
1.0023
1.00392
1.00462
1.01429
1.00541
1.00272
1.01294
1.006
1.00567
0.99971
1.00343
1.00215
1.00094
1.01578
1.01638
1.00214
1.02012
1.01353
1.00898
1.02021
1.00138
1.00473
1.00051
1.00413
1.00346
1.00768
1.01629
1.00371
1.00444
1.00493
1.01663
1.01003
1.00542
1.00054
1.00321
1.00451
1.00628
1.00747
1.01445
1.01482
1.00676
1.00315
1.01492
1.00809
1.00295
1.02122
1.0049
1.01031
1.02425
1.01877
1.00557
1.00438
1.01155
1.0058
1.00181
1.01456
1.0044
1.02715
1.01647
1.00375
1.00487
0.999988
1.00288
1.0191
1.01335
1.00433
1.00987
0.999633
1.00349
1.02609
1.00434
1.00744
1.0128
1.00596
1.00708
1.00358
1.00606
1.00157
1.00022
1.00856
1.00231
1.00242
1.00509
1.0064
1.01112
1.00698
1.00629
1.00608
1.01989
1.00563
1.03232
1.00963
1.00435
0.999321
1.0077
1.02685
1.00214
1.0015
1.00329
0.999551
1.00244
1.00411
1.00547
1.00247
1.009
1.03291
1.00136
1.01016
1.01474
1.01246
1.0007
1.01029
1.00086
1.00273
1.00854
1.00284
1.00415
1.00684
1.00569
1.00132
1.00537
1.02188
1.00272
1.00382
1.00034
1.00663
1.01609
1.01088
1.00234
1.00695
1.01515
1.02443
1.00467
1.00452
1.00294
1.00302
0.998873
1.0182
1.00224
1.00531
1.00895
1.0009
1.02877
0.999551
1.00154
1.00411
1.00739
1.01143
1.00465
1.00787
1.0023
1.00368
1.00135
1.00751
1.00664
1.0134
1.01721
1.00381
1.00874
1.01669
1.00228
1.00151
1.00145
1.01899
1.01074
1.00457
1.01621
1.00552
1.00125
1.00657
1.00409
1.01955
1.00056
1.00402
1.00105
1.00555
0.999853
1.02212
1.00563
1.01002
1.00455
1.00105
1.01224
1.00779
1.00201
1.01503
1.01538
1.01018
1.01482
1.0126
1.00871
1.00265
1.01591
1.0047
1.00791
1.0054
1.00606
1.01181
0.99976
1.00423
0.999524
1.00308
1.00293
1.0203
1.00378
1.01344
1.00183
1.00752
1.00126
1.00125
1.00801
1.01416
1.00335
1.00236
1.00385
1.00039
1.00409
1.00528
1.00597
1.00325
1.00371
1.00616
1.00314
1.01678
1.00234
1.00602
1.01132
1.00882
1.0029
1.00264
1.00321
1.00475
1.01419
1.01015
1.0007
1.00676
1.00654
1.012
1.0132
1.01352
1.00772
1.0003
1.01009
1.01109
1.00738
1.00357
1.00265
1.0069
1.00756
1.00958
1.01539
1.00401
1.01501
1.0142
1.01285
1.00606
1.01303
1.00582
1.00041
1.00204
1.00265
1.00787
1.00186
1.00018
0.999671
1.01012
1.00537
1.00498
1.00738
1.01974
1.0062
1.00579
1.00216
1.00289
1.01212
1.00458
1.01467
1.00306
1.01378
0.997242
1.01642
1.0126
1.0114
1.00357
1.00477
1.03943
1.01338
1.00838
1.00253
1.0056
1.00538
1.0036
1.00935
1.01721
1.00375
1.00421
1.00188
1.01143
1.002
1.00526
1.00141
0.999693
1.01649
0.999389
1.01105
1.00103
1.00706
1.01946
1.00737
1.00291
1.00244
1.00307
1.00256
1.00403
1.00657
1.01687
1.00623
1.008
0.998442
1.00447
1.00569
1.00527
0.999888
1.0061
1.00328
1.00665
1.00006
1.00759
1.00346
1.00777
1.00525
1.0021
1.00252
1.00407
1.00266
1.00174
1.0035
1.00407
1.00129
1.0006
1.00642
1.00333
1.00227
1.0165
1.01054
1.00348
1.00777
1.00058
1.01434
1.00234
1.01677
1.01118
1.00555
1.02245
1.00627
1.00758
1.00327
1.00143
1.00112
1.00447
1.02469
1.00398
1.01542
1.00886
1.02817
1.00217
1.00892
1.00885
1.00127
1.01655
1.02612
1.00198
0.999581
1.01261
1.00666
1.01764
1.0026
1.00582
1.00173
1.008
1.01869
0.999367
1.01014
1.02025
1.01955
1.00121
1.01389
1.01102
1.00248
1.00859
1.0106
1.00225
1.02034
1.01679
1.00889
1.00839
1.00334
1.00617
1.00556
1.00437
1.00594
1.01005
1.00249
1.00438
1.00366
1.00023
1.01107
1.00205
1.00959
1.00651
1.00104
1.00473
1.00728
1.02002
1.0047
1.00125
1.01783
0.998282
1.00714
1.01073
1.01082
1.0081
0.999387
1.00224
1.01336
1.00671
1.00322
1.00425
1.00773
1.00805
1.01099
1.00781
1.01508
1.00351
1.02341
1.0057
1.00264
1.00528
1.02373
1.00036
1.00953
1.02804
1.00305
1.00093
0.999772
1.01317
1.01237
1.01196
1.00525
1.06487
1.00214
1.0038
1.0014
1.01597
0.999878
1.00658
1.00669
1.00847
1.00081
1.01256
1.01196
1.00334
1.00606
1.00341
1.00795
1.00909
1.00628
1.00301
1.00884
1.00116
1.00245
1.00893
1.01198
1.00618
1.00957
1.01028
1.01149
1.02679
1.0397
1.00573
1.00143
1.00474
1.00318
1.0143
1.00311
1.00262
1.00221
1.00845
1.00914
1.01136
1.00748
1.00101
1.00337
1.03862
1.00561
1.01392
1.00477
1.0038
1.00341
1.02319
1.02135
1.0112
1.01402
1.00807
1.00458
1.00344
1.00252
1.00565
0.999744
1.00026
1.00229
1.00672
1.00431
1.01855
1.01752
1.01339
1.00763
1.00301
0.999698
0.999909
1.00181
1.00279
1.02284
1.0013
1.01062
1.01265
1.00208
1.00126
1.02225
1.00555
1.00431
1.00254
1.00403
1.00169
1.00334
1.01303
1.01303
1.00693
1.00967
1.00777
1.00237
1.00502
1.03179
1.01304
1.01377
1.01186
1.01184
1.00744
1.00359
1.0003
1.00776
1.00899
1.008
1.03011
1.00813
1.00796
1.01681
1.00504
1.00523
1.01113
1.00889
1.00677
0.999183
1.00393
1.00491
1.00079
1.00689
1.0159
1.02654
1.00363
1.00556
1.00527
1.00398
1.01359
1.00121
1.00369
1.00308
1.00825
1.00497
1.00199
1.00358
1.00991
1.01112
1.00529
1.00302
1.0023
1.00458
1.02048
1.01948
1.01187
1.00615
1.00075
1.01995
1.00173
1.01737
1.00175
1.03024
1.00398
1.00422
1.02662
1.00097
1.0147
1.02135
1.00704
1.00722
1.03287
1.01935
1.00122
1.00709
1.02134
1.01177
1.00172
1.01253
1.00257
1.00964
1.04664
1.00142
1.00307
1.00441
1.00487
1.01557
1.00599
1.00066
1.00017
1.00485
1.00561
1.00539
1.01106
1.00231
1.0394
1.03255
1.00073
1.0015
1.00573
1.00452
1.00027
1.00799
1.00814
1.00043
1.00346
1.00087
1.0023
1.00165
1.00218
1.00385
1.00197
1.00812
1.00339
1.00234
1.00039
1.00498
1.00284
1.00494
1.0105
1.00628
1.00408
1.00561
1.0032
1.02134
1.00592
1.01619
1.00047
1.00434
1.00424
1.00847
1.00247
1.01123
1.00286
1.01072
1.00718
1.00381
1.00638
1.01324
1.00152
1.01908
1.00301
1.01214
1.00104
1.00322
1.01154
1.00624
1.01662
1.00667
1.00717
1.0101
1.00487
1.00354
1.00283
1.00082
1.00825
1.00282
1.00393
1.00132
1.00388
1.0014
1.02197
1.00125
1.02043
1.00132
0.99902
1.00427
1.0075
1.00841
1.00641
1.00288
1.00458
1.00868
1.01039
1.01013
1.02007
1.02156
1.00026
1.00774
1.00293
1.00374
1.01215
1.00835
1.00197
1.01605
1.01163
0.996418
1.01755
1.00983
1.01012
1.00485
1.01085
1.00692
1.00122
1.01753
1.01406
1.00903
1.00001
1.00084
1.00587
1.00089
1.00824
1.02303
1.01468
1.00214
1.00748
1.01541
1.0344
1.01558
1.00364
1.00432
1.00222
1.00041
1.02053
1.00159
1.00531
1.02846
1.00246
1.03624
1.00726
1.0116
1.00184
1.03626
0.998074
0.998084
1.00231
1.0029
1.01148
1.02227
1.00469
0.998176
1.01635
1.00094
1.00295
1.01275
1.0022
1.00984
1.0179
1.0059
1.00463
1.01002
1.01339
1.01165
1.00305
1.0116
1.01464
1.00346
1.00116
1.00449
1.02839
1.00195
1.00256
1.00041
1.00455
1.00317
1.01222
1.01691
1.00216
1.00559
1.00683
1.01221
1.00022
1.00287
1.00304
1.00086
1.03475
1.00534
1.01513
1.00823
1.00594
1.00658
1.00558
1.00447
1.00225
1.00169
1.00372
1.0226
1.00544
1.00382
1.0113
1.0024
1.02131
1.0076
1.00104
1.01537
1.01676
1.00242
1.00849
1.00174
0.99984
1.01089
1.00522
1.00081
1.00959
0.999393
1.00787
1.00175
1.02452
1.00059
1.00239
1.00835
1.00089
1.00831
1.00989
1.01169
0.999276
1.0035
1.01835
1.0048
1.00198
1.00234
1.01103
1.01407
1.00815
1.00199
1.00678
1.00603
1.01475
1.01675
1.00317
1.01134
1.00402
0.999662
1.00554
1.03035
1.0043
1.01395
1.00301
0.998813
1.00034
0.99942
1.00058
1.0031
0.999632
1.00354
1.00304
0.997607
0.9999
1.00633
1.01423
1.00783
1.00039
1.0054
0.999756
1.00176
1.0226
1.002
1.00087
1.00016
1.00934
1.00753
1.00173
1.01924
1.00469
1.01366
1.00481
1.00744
1.00653
1.0037
1.00036
1.00742
1.0117
1.00449
1.00054
1.00186
0.999981
1.00679
1.01268
1.00809
1.00788
1.03792
1.00004
1.01313
1.00576
1.00828
1.01211
1.00133
1.00131
1.00774
0.999025
1.00226
1.00252
1.00584
1.00546
1.00287
1.00467
1.00189
1.01208
1.01612
0.999555
1.00296
1.00739
1.01826
1.00746
1.01021
1.01673
1.00501
1.00317
0.999653
1.0009
1.00524
1.00038
1.02039
1.00768
1.00124
1.0021
1.00704
1.00152
1.00146
1.01793
1.01544
0.998081
1.00003
1.00073
1.04719
0.999659
1.00093
1.01199
1.00447
1.00731
1.01048
1.00002
1.01282
1.00187
1.0029
1.00373
1.01005
1.01163
0.999407
1.00948
1.00025
1.00084
1.01042
1.00677
1.00279
1.00355
1.00376
1.00239
1.00086
1.0062
1.00355
1.00177
1.02621
1.02083
1.01382
1.00067
1.00791
0.999826
1.01943
1.00188
0.997821
1.00451
1.00616
1.01479
1.00882
1.00424
1.01206
1.0112
1.00474
1.00025
1.00667
1.01129
0.998819
1.00471
1.00151
1.00684
1.0028
1.0003
1.00777
1.01015
1.00536
1.00046
1.01274
1.00172
1.00213
1.00075
1.00415
1.00041
1.00173
1.01064
1.01724
1.00098
1.01454
1.00947
1.00518
1.01586
1.00156
1.00333
1.00029
0.999532
1.00487
1.00122
1.0148
1.00376
1.00529
1.00474
1.01663
1.00615
1.00279
0.99995
1.00339
1.00065
1.00454
1.00531
1.01604
1.00904
1.00122
0.999564
1.01436
1.00612
1.00564
1.01923
1.00631
1.01052
1.02118
1.00688
1.0054
1.00296
1.01362
1.00046
0.999419
1.01382
1.00429
1.02919
1.01649
1.00187
1.00562
1.00128
1.00213
1.02415
1.01182
1.00403
1.01123
0.999412
1.00151
1.02718
1.00527
1.00879
1.00935
1.00385
1.0042
1.00651
1.00505
1.00418
0.99987
1.00425
1.00115
0.999197
1.00161
1.00296
1.00883
1.00786
1.00594
1.00611
1.01873
1.00317
1.03272
1.01022
1.00199
1.00006
1.00877
1.02204
1.00034
0.999243
1.00266
0.999287
1.00334
1.00167
1.00623
1.00215
1.00575
1.02493
1.0018
1.00646
1.01586
1.01321
0.998222
1.01142
0.999937
1.00212
1.00067
0.999957
1.00242
1.00412
1.00254
1.00034
1.0037
1.01261
1.00477
1.00613
1.00047
1.00764
1.01696
1.00993
1.00197
1.00735
1.01022
1.01959
1.00293
1.00233
0.999867
1.00165
1.00051
1.00754
1.00168
1.00363
1.00331
1.00057
1.02051
1.00181
1.00043
1.00131
1.01125
1.01743
1.00727
0.999944
0.999448
1.00384
1.00194
1.00109
1.00517
1.00985
1.01982
1.00303
1.00406
1.01811
0.999613
1.00009
0.999594
1.01364
1.00606
1.00394
1.00409
1.00266
1.00221
1.00738
1.00241
1.0181
1.00001
1.00336
0.998515
1.00588
0.999796
1.02309
1.00008
1.0135
1.00044
1.00128
1.00852
1.00741
1.00121
1.01302
1.01219
1.01
1.01429
1.00804
1.0049
1.00526
1.02121
1.0027
1.00753
1.00613
1.0022
1.01127
1.00222
1.00383
0.999576
1.00206
1.00392
1.00531
1.00324
1.00757
1.00088
1.00417
1.00086
1.00223
1.0075
1.01223
1.00465
1.00234
1.00419
0.999593
1.00186
1.00403
1.00694
1.00075
0.998029
1.00246
1.00117
1.01571
1.00083
1.0027
1.00718
1.00621
1.0017
1.00468
1.00181
1.0015
1.01182
1.00379
1.00007
1.00093
1.00024
1.00638
1.01289
1.00867
1.00819
1.00659
1.01175
1.01709
1.00213
1.00067
1.00498
1.00858
1.00793
1.00468
1.00888
1.00499
1.00947
1.00715
1.01135
1.00059
1.00381
0.997881
1.00049
1.00128
1.00093
1.00647
1.00077
1.00195
1.00133
1.00254
1.00092
1.00528
1.00675
1.01116
1.00802
1.00839
0.999812
1.00321
1.01173
1.00468
1.01429
1.00241
1.00381
0.998699
1.01327
1.01397
1.00842
0.999236
0.999932
1.02232
1.01405
1.0052
1.00222
1.00296
1.00339
1.00488
1.00396
1.01884
1.00931
1.00339
1.00209
1.01031
1.00178
1.00638
0.999792
1.00199
1.00195
0.999974
1.0103
1.00039
1.00302
1.01414
1.00274
0.999376
1.00053
1.00008
1.00209
1.00089
1.00262
1.01522
1.00336
1.01058
0.99849
1.0048
1.00291
1.00631
1.00092
1.00409
1.00046
1.0042
1.00216
1.00682
1.00351
1.00234
1.00676
0.999585
1.00314
1.00229
1.00222
1.00127
1.00085
1.00412
0.99916
1.00171
1.00496
1.00041
1.00185
1.01094
1.0039
1.00388
1.00936
0.996811
1.01436
1.00455
1.01868
1.00812
1.0059
1.01873
1.00362
1.00314
1.00209
1.00133
1.00602
1.00064
1.01811
1.0036
1.01261
1.00671
1.02192
1.00085
1.01256
1.0039
0.997488
1.00808
1.02552
1.00021
0.998748
1.01259
1.00218
1.01401
1.00098
1.00473
1.00381
1.00375
1.01816
1.0013
1.01036
1.00957
1.02063
0.999631
1.01054
1.01139
1.00162
0.99986
1.00627
1.00281
1.01831
1.01261
1.00673
1.00635
1.00552
1.00352
1.00036
0.999927
0.999557
1.0039
1.00087
1.00254
1.00635
1.00176
1.01296
0.999462
1.00616
1.00161
1.00818
0.998436
1.004
1.01536
0.999527
1.0009
1.01662
0.999892
1.00583
1.00095
1.01545
1.0084
1.00014
1.00174
1.01376
1.00045
0.999632
1.00282
1.00741
1.01065
1.00548
1.01203
1.00812
1.00096
1.02167
1.00461
1.0023
0.999762
1.02266
1.00165
1.01094
1.02063
1.00368
1.00213
1.0005
1.00931
1.00723
1.00785
1.00398
1.05309
1.00006
0.999556
1.00039
1.01636
0.999389
1.00887
1.00452
1.00004
1.00192
1.00908
1.00722
1.00453
1.00161
1.00196
1.00143
1.004
1.0016
1.00164
1.00488
1.00107
1.00439
1.00622
1.01232
1.00715
1.00064
1.01051
1.00285
1.01185
1.04335
1.00543
1.0005
1.0034
1.00465
1.01206
1.00328
1.00126
1.00286
1.01122
1.00535
1.00493
1.00458
1.00066
1.00215
1.0404
0.999184
1.01224
1.00263
0.998902
1.00107
1.02069
1.0169
1.00451
1.01479
1.00359
1.00292
1.00051
0.999752
1.00401
0.999041
1.00411
1.00203
1.00478
1.00597
1.01856
1.01291
1.01208
1.00656
1.00076
1.00134
1.00027
1.01283
0.999817
1.0197
0.999492
1.00515
1.0056
0.999129
1.00503
1.00572
1.0051
1.00435
0.999833
1.00008
1.00237
1.00145
1.01119
1.01291
1.00889
0.99938
1.00303
1.00254
1.00516
1.01457
0.999362
1.00787
1.01229
1.01284
1.00161
1.00213
1.00066
1.00792
1.00583
1.00828
1.02805
1.0059
1.00587
1.01418
1.00368
1.00531
1.00577
1.00478
1.00259
0.999053
1.00663
1.00301
1.00065
1.00765
1.01744
1.02612
1.00191
1.00467
1.00537
1.00232
1.01158
1.00049
1.00047
1.00041
1.0006
1.00204
1.00001
1.00325
1.00627
1.01218
1.00225
0.998111
1.00023
1.00196
1.02523
1.01858
1.00763
1.00634
1.00059
1.02167
1.00399
1.01007
1.00196
1.0306
1.00033
0.999573
1.02395
1.00045
1.01158
1.01467
1.0022
1.00493
1.02292
1.02027
1.00011
1.00502
1.01301
1.01177
1.00152
1.00995
1.00419
1.01204
1.03336
1.00144
1.00256
0.998381
1.00427
1.01471
1.00946
1.00029
0.99793
1.0044
1.00398
1.00279
1.00972
1.00465
1.04156
1.03279
1.00296
1.00507
1.00536
1.00305
1.00295
1.00385
1.00194
1.00033
1.00126
0.999381
1.00474
0.999598
1.00275
1.00027
1.00018
1.00142
1.00228
1.00535
0.998834
1.00718
1.00325
1.0033
1.00873
1.00528
1.00312
1.00327
1.00372
1.02444
1.00447
1.01653
1.00297
1.00304
1.00274
1.00601
1.00327
1.00866
1.00326
1.01069
1.00769
1.00395
1.00436
1.01543
1.00331
1.01703
1.00157
1.0101
1.00156
1.00125
1.0121
1.0009
1.01563
1.00174
1.00299
1.00849
0.99971
0.998576
1.00126
1.00176
1.00625
0.999361
1.00369
0.999963
1.00367
0.99999
1.01948
1.00195
1.01918
1.0002
0.997142
0.999686
1.00189
1.00442
1.00396
1.00443
0.999386
1.01276
1.00406
1.0083
1.01436
1.0181
0.999982
1.00788
1.00269
0.999548
1.01604
0.999704
1.00039
1.01318
1.00802
0.996264
1.00882
1.00952
1.00968
0.998903
1.00034
1.00481
0.999471
1.01836
1.01414
1.00598
0.99905
0.999288
1.00676
1.0001
1.00491
1.02578
1.01298
0.999733
1.00506
1.01249
1.04594
1.01328
1.00157
1.00033
1.00052
1.00175
1.01432
1.00043
1.00438
1.03017
1.00509
1.03617
1.00446
1.00372
1.00175
1.03314
0.996772
0.997508
1.00011
1.00251
1.01452
1.02163
1.0003
0.998359
1.01219
1.00072
0.999988
1.01477
1.00048
1.01061
1.00276
1.00216
1.00203
1.00564
1.01095
1.01076
1.00312
1.00606
1.0117
1.00178
1.00291
1.00061
1.02794
1.0016
1.00411
1.00009
1.00344
1.00481
1.00097
1.01702
1.00066
1.00177
1.00874
1.0115
0.999387
1.00078
1.00209
0.997785
1.03543
1.00461
1.00614
1.00512
0.999534
1.00489
1.00277
1.00061
1.00157
1.00265
1.00271
1.02599
1.00194
1.00901
1.01174
1.00617
1.01783
1.00709
0.999871
1.0186
1.00636
1.00267
1.00147
1.0019
1.00259
1.00851
1.00165
1.00213
1.00245
0.999414
1.00543
1.00154
1.0266
1.00015
1.00057
1.0063
0.998015
1.00465
1.00902
1.00233
1.00006
1.00326
1.01686
1.00577
0.997929
1.00232
1.01249
1.00069
1.00345
1.00245
1.00691
1.00619
1.01596
1.00608
1.00475
1.00384
1.00454
1.01725
1.01697
1.03795
1.02349
1.02917
1.00943
1.0114
1.01922
1.01105
1.01498
1.01727
1.01846
1.01521
1.0141
1.00732
1.03855
1.02067
1.02476
1.01852
1.02157
1.0137
1.01919
1.0224
1.05224
1.01289
1.01792
1.01013
1.01961
1.0144
1.02045
1.04174
1.00941
1.02088
1.02869
1.01899
1.00853
1.02103
1.00789
1.01301
1.02194
1.00996
1.00967
1.01558
1.0086
1.02369
1.02583
1.01864
1.02179
1.06013
1.00734
1.03897
1.01451
1.02376
1.02314
1.01255
1.02688
1.02105
1.00908
1.01593
1.01705
1.02424
1.01378
1.01081
1.02002
1.01198
1.03066
1.04334
1.02142
1.02079
1.01658
1.03308
1.01863
1.01958
1.02156
1.01514
1.03058
1.011
1.01653
1.02178
1.01217
1.02959
1.03487
1.0073
1.02421
1.01639
1.00949
1.0267
1.02472
1.02208
1.01207
1.01176
1.00958
1.05915
1.0162
1.01756
1.02152
1.02056
1.03076
1.01674
1.01518
1.0416
1.01543
1.01206
1.04235
1.02692
1.01911
1.00627
1.01812
1.00908
1.00633
1.02532
1.01903
1.02858
1.00709
1.02428
1.01355
1.01603
1.0172
1.01965
1.013
1.03354
1.03115
1.02694
1.00881
1.02911
1.01878
1.02992
1.01088
1.01023
1.02176
1.022
1.02961
1.02791
1.03893
1.0391
1.02139
1.01717
1.01058
1.01063
1.02671
1.01373
1.0126
1.01708
1.01892
1.0233
1.00994
1.03954
1.02326
1.02135
1.01577
1.02581
1.0149
1.02348
1.01682
1.02539
1.01413
1.01052
1.01887
1.02696
1.01553
1.02869
1.0149
1.01389
1.03021
1.01569
1.01753
1.02099
1.00995
1.02148
1.01346
1.02665
1.01805
1.02301
1.0285
1.03184
1.01533
1.02049
1.01331
1.02079
1.01581
1.01996
1.01271
1.02085
1.02607
1.01927
1.01531
1.02793
1.02367
1.01731
1.03011
1.02046
1.02066
1.03236
1.02122
1.02043
1.0184
1.02739
1.01863
1.01631
1.02465
1.02424
1.04227
1.04664
1.01801
1.01352
1.01581
1.01832
1.04175
1.03225
1.0143
1.02607
1.01779
1.01534
1.03287
1.03571
1.01909
1.01767
1.0241
1.02244
1.03475
1.01592
1.01617
1.00921
1.01913
1.02322
1.00806
1.03722
1.02132
1.01244
1.01255
1.02367
1.01556
1.0454
1.01618
1.0537
1.02353
1.01506
1.00642
1.01613
1.03589
1.00794
1.01204
1.01699
1.01871
1.03348
1.01803
1.02809
1.01763
1.01898
1.05924
1.01257
1.02878
1.02358
1.02382
1.01698
1.02648
1.01192
1.02035
1.01022
1.0116
1.01199
1.01727
1.01132
1.01735
1.02639
1.03529
1.0188
1.0255
1.01051
1.02859
1.0285
1.01971
1.0096
1.01597
1.0217
1.03218
1.02292
1.01989
1.00573
1.01468
1.01113
1.03025
1.01319
1.00958
1.01482
1.01551
1.02807
1.01312
1.00887
1.00658
1.02407
1.02245
1.02476
1.02532
1.01848
1.01911
1.00643
1.0131
1.01677
1.01734
1.03731
1.0145
1.01651
1.03313
1.01261
1.01088
1.02022
1.02973
1.02888
1.01904
1.02979
1.01633
1.01173
1.02245
1.01775
1.03173
1.01287
1.02024
1.02077
1.02497
1.01818
1.03439
1.01967
1.02083
1.01448
1.00759
1.02085
1.01437
1.01154
1.02764
1.0534
1.02217
1.01852
1.02005
1.00736
1.01741
1.03684
1.00963
1.0196
1.01381
1.022
1.02092
1.02096
1.01783
1.02155
1.01959
1.03185
1.01075
1.01018
1.02381
1.02535
1.01234
1.02236
1.01434
1.02234
1.04038
1.01866
1.00759
1.0391
1.01932
1.0294
1.01531
1.0181
1.03597
1.00812
1.01011
1.0125
1.02737
1.00734
1.02007
1.02213
1.01134
1.01066
1.01897
1.01113
1.03101
1.02554
1.01588
1.01113
1.02017
1.00745
1.01555
1.02947
1.01808
1.0582
1.0171
1.02984
1.03019
1.01726
1.01193
1.02313
1.02415
1.02908
1.0194
1.02949
1.02575
1.02138
1.02226
1.02024
1.01585
1.0216
1.0082
1.00716
1.01129
1.01436
1.03454
1.00562
1.00977
1.01125
1.01522
1.01777
1.01337
1.02
1.02062
1.02712
1.02655
1.01022
1.01387
1.01933
1.03162
1.02049
1.01364
1.01641
1.00693
1.02158
1.0203
1.01967
1.01122
1.01608
1.03525
1.0279
1.01465
1.01974
1.00819
1.01473
1.05184
1.01925
1.04057
1.01986
1.02023
1.01088
1.03422
1.01369
1.01022
1.02335
1.01895
1.01201
1.01421
1.03155
1.00984
1.01724
1.02447
1.02758
1.00755
1.01287
1.01422
1.01298
1.03889
1.02302
1.03666
1.0172
1.0297
1.01036
1.0362
1.02018
1.02113
1.01499
1.01602
1.01239
1.01163
1.01478
1.03211
1.01032
1.01926
1.02037
1.0114
1.02997
1.01516
1.0156
1.01384
1.01673
1.02735
1.01017
1.02424
1.02066
1.01849
1.01248
1.01773
1.0214
1.02366
1.01434
1.01598
1.024
1.00928
1.02804
1.02053
1.02162
1.02824
1.01265
1.0133
1.01506
1.0142
1.04651
1.03298
1.02643
1.01761
1.02862
1.01202
1.03248
1.01638
1.0393
1.01843
1.01608
1.01746
1.03771
1.01953
1.01619
1.03378
1.01603
1.02412
1.01682
1.01769
1.02732
1.03316
1.02446
1.02302
1.01631
1.03133
1.03493
1.03468
1.0172
1.0161
1.0113
1.00848
1.01929
1.02254
1.02659
1.02482
1.01362
1.02656
1.02047
1.01516
1.01968
1.01749
1.00899
1.01747
1.02588
1.0157
1.02024
1.01412
1.02054
1.01389
1.02567
1.01033
1.03537
1.01266
1.01907
1.02474
1.02032
1.00832
1.03056
1.01493
1.01726
1.02035
1.02256
1.02253
1.00697
1.02967
1.02155
1.00982
1.00768
1.01754
1.02262
1.01971
1.01957
1.02424
1.01788
1.01425
1.02523
1.02616
1.01984
1.00905
1.03912
1.01321
1.04201
1.04873
1.02809
1.01053
1.01029
1.01944
1.01684
1.02886
1.01238
1.08622
1.00796
1.01848
1.00459
1.02958
1.00754
1.03289
1.02249
1.01287
1.01278
1.01822
1.02694
1.01515
1.01007
1.02042
1.01184
1.01954
1.01086
1.01537
1.04394
1.00376
1.02509
1.02007
1.03121
1.03345
1.0123
1.01634
1.01063
1.06111
1.06196
1.0134
1.00946
1.00931
1.01708
1.01999
1.01749
1.01502
1.02145
1.02903
1.01339
1.02974
1.02119
1.00491
1.01035
1.06796
1.0106
1.03772
1.0192
1.01052
1.00736
1.03753
1.02372
1.02492
1.02658
1.00798
1.01728
1.01153
1.00793
1.02137
1.01868
1.00874
1.01554
1.01895
1.02723
1.03874
1.02402
1.01622
1.04592
1.01586
1.01039
1.00663
1.02399
1.01096
1.03401
1.00654
1.01444
1.01451
1.01408
1.0111
1.01667
1.02179
1.01325
1.02531
1.02193
1.00868
1.01367
1.0218
1.02556
1.03384
1.02267
1.01911
1.02403
1.03604
1.02434
1.03966
1.01742
1.02269
1.02814
1.00986
1.01632
1.01366
1.01504
1.01442
1.01938
1.03457
1.01937
1.01399
1.02168
1.01651
1.02025
1.02547
1.01462
1.02035
1.01193
1.01338
1.01588
1.01427
1.01672
1.02646
1.05213
1.01937
1.0208
1.02459
1.01969
1.01682
1.01594
1.00904
1.01652
1.01505
1.02105
1.01082
1.0294
1.01565
1.02448
1.01408
1.02095
1.00759
1.01571
1.0291
1.03038
1.02845
1.01344
1.0149
1.04765
1.01711
1.02739
1.01328
1.04259
1.01444
1.0121
1.04233
1.01733
1.03849
1.02022
1.01108
1.01309
1.05466
1.03461
1.01291
1.02578
1.02677
1.0229
1.01407
1.03457
1.03322
1.02755
1.05028
1.01635
1.02567
1.0124
1.01434
1.03525
1.02489
1.00796
1.00565
1.01409
1.0175
1.01502
1.01952
1.01729
1.06095
1.04797
1.01103
1.01136
1.01771
1.00817
1.0206
1.01539
1.01616
1.01134
1.02011
1.00699
1.01955
1.02013
1.01565
1.01514
1.01771
1.02043
1.01258
1.02677
1.01289
1.01603
1.03065
1.01865
1.0225
1.01526
1.01431
1.01536
1.01208
1.03748
1.02302
1.02621
1.01268
1.02663
1.01802
1.01177
1.01653
1.02713
1.02672
1.02971
1.01915
1.02134
1.01672
1.02728
1.00955
1.02326
1.01397
1.01817
1.01068
1.02086
1.02163
1.00772
1.03953
1.01658
1.01699
1.02512
1.01837
1.01562
1.02642
1.01037
1.01368
1.02675
1.01753
1.02595
1.02698
1.00956
1.04503
1.01327
1.03591
1.0106
1.0151
1.01539
1.01965
1.02443
1.0136
1.03375
1.01931
1.03224
1.01399
1.02125
1.02823
1.03218
1.011
1.01594
1.02402
1.00828
1.0319
1.01328
1.01301
1.03117
1.0247
1.01402
1.00993
1.02109
1.01853
1.01368
1.02592
1.0307
1.00904
1.04031
1.02265
1.04402
1.03129
1.00876
1.02069
1.01991
1.03283
1.03415
1.02448
1.00567
1.01428
1.02066
1.08129
1.01972
1.01198
1.0197
1.00598
1.00645
1.02295
1.01466
1.01777
1.04825
1.00782
1.04841
1.01277
1.01614
1.01236
1.04235
1.01618
1.01088
1.0113
1.01679
1.02442
1.04569
1.01216
1.00696
1.02806
1.01198
1.0173
1.05015
1.00826
1.02986
1.03293
1.01038
1.01823
1.02995
1.02406
1.02296
1.01838
1.02074
1.03301
1.01152
1.01645
1.01258
1.03902
1.01066
1.01285
1.00679
1.03153
1.02722
1.01998
1.0276
1.01539
1.01807
1.02085
1.02329
1.00538
1.02905
1.01541
1.00967
1.04129
1.02237
1.01768
1.0237
1.00905
1.02377
1.02851
1.02129
1.01522
1.01285
1.01205
1.04123
1.01598
1.01338
1.02812
1.02702
1.03369
1.01799
1.01452
1.04495
1.02826
1.01979
1.02571
1.01337
1.00959
1.01978
1.00954
1.0171
1.01925
1.00273
1.01743
1.02485
1.04613
1.00885
1.00641
1.0218
1.02161
1.02345
1.02791
1.01139
1.01695
1.00985
1.02918
1.01413
1.01242
1.02332
1.03577
1.01432
1.01122
1.0262
1.02305
1.01369
1.03039
1.01962
1.01324
1.0139
1.01964
1.12361
1.83136
2.57122
1.45717
2.30093
1.6413
1.42121
1.42948
1.526
1.73103
1.88934
1.30429
1.78654
1.99903
1.04905
2.10212
1.20162
1.431
1.09064
1.11267
1.78045
1.50342
1.09295
2.24387
2.21075
1.83864
1.97113
2.36935
1.90463
2.02025
2.21124
1.66656
1.68333
1.71047
1.76111
2.21225
1.36696
1.69086
1.58614
2.25985
1.71208
1.37129
1.58647
1.92203
1.05572
2.14429
2.24475
1.68321
1.96427
1.0858
2.42975
1.12843
1.14648
1.93205
2.19565
1.08838
1.7029
1.41218
1.18368
1.45007
1.75922
2.40966
1.24643
1.468
1.65489
1.9808
2.21508
1.29197
1.87631
1.92562
1.85111
1.65048
1.62461
2.05508
1.29593
1.61274
1.13366
1.89646
1.49538
1.33559
1.98698
1.88371
1.69345
1.5279
1.97647
1.75559
1.38362
2.52574
1.92085
1.39916
1.02983
1.32027
2.39237
1.12777
2.2294
1.81223
1.97478
2.01694
1.52311
1.94854
1.85513
1.5498
1.20523
2.30391
2.08875
2.29191
1.35887
1.86619
1.09103
1.29724
1.81795
1.93461
1.99734
1.99418
2.11662
1.78157
1.79222
1.42584
1.56094
1.63746
2.25966
2.64279
2.38057
1.48415
1.3484
1.53561
2.59942
1.34986
1.13599
1.39898
1.80748
2.39992
2.06805
1.78525
2.41606
1.85779
1.89272
1.06912
2.31796
2.36595
1.17682
2.34172
1.51412
1.55687
1.32297
1.16104
1.54662
1.62267
2.03926
1.8352
2.06386
2.04038
1.83043
1.35343
1.14929
1.44894
1.31973
2.07528
2.45824
1.49489
2.01002
2.21233
1.57304
1.75947
1.05493
1.04575
1.31442
1.12334
1.90371
1.54417
2.17722
1.60282
1.88064
1.77532
2.17114
2.06272
1.3856
1.10998
1.9932
1.83846
1.54955
2.30192
1.72076
2.20159
1.81676
1.27291
1.65807
1.37991
1.265
2.47451
1.7875
1.8744
2.06071
2.25344
2.03364
1.82352
1.24267
1.09521
1.08944
1.66644
2.01789
2.33187
2.05058
2.13639
1.35491
1.178
1.65109
2.557
1.98404
1.52159
2.31505
1.53112
1.11713
2.37829
1.05105
1.66965
1.77101
1.25231
1.22916
1.25962
1.89326
1.05164
1.0262
1.52785
1.98542
1.227
2.09725
1.15632
2.52021
2.07071
1.87052
1.98145
2.17778
1.28234
2.78169
1.94156
1.04364
1.08741
1.37355
2.04871
1.19058
1.0762
1.33546
1.1517
1.36456
1.64221
2.26996
2.18575
1.70019
2.43469
1.98444
1.94206
2.56017
1.97282
1.11847
1.84082
1.4402
1.60878
1.08772
1.31301
2.05924
1.41723
1.31922
1.83008
1.08811
1.92318
1.32181
1.82715
1.33689
1.8217
2.19287
1.36362
1.58032
2.12703
1.92486
2.36809
1.61106
1.98932
1.92956
1.47818
1.82485
2.1019
2.0051
2.68686
2.21753
1.70676
2.0784
1.16758
2.17161
1.4635
1.14179
2.02808
1.48702
1.56345
1.21348
1.15704
1.9864
1.10111
1.41848
1.75345
1.86333
1.08222
1.59843
1.49895
1.16508
1.66562
1.29104
2.47487
1.6124
1.46483
1.78886
1.89608
1.07205
2.01295
1.71193
1.85048
1.5134
1.33948
1.50954
1.42118
1.75844
2.12918
1.36108
2.01283
1.10337
1.3995
2.19447
2.16821
1.4765
2.20467
2.03927
2.38183
2.38302
1.7173
1.66697
1.09053
1.90972
1.30528
2.36392
1.77512
1.30272
1.33126
1.34737
1.66954
1.55567
1.99298
1.38054
1.77117
1.69288
1.60644
1.47683
1.34375
1.15228
1.2248
1.71863
1.83157
1.73368
1.70403
1.36449
1.65944
1.47744
1.53843
1.83076
1.56319
1.10898
2.52834
1.19462
1.82924
1.22479
1.59061
1.57425
1.21053
1.20355
1.10833
1.58363
1.53709
1.78588
2.14468
1.56682
1.22673
1.12275
1.81843
2.38161
2.32974
1.2705
1.19957
1.75055
2.17657
1.82147
1.34772
1.04965
1.9957
1.11481
1.94137
1.81362
1.81236
1.51916
2.45637
1.81513
1.87657
1.1386
1.14962
1.7276
1.51415
1.47803
1.99823
1.4065
2.08955
1.31694
1.73519
1.44558
1.72884
1.41145
2.44959
2.11571
1.43392
1.04183
1.16133
1.9034
1.28556
2.32938
1.27792
1.83879
1.13031
1.81538
2.39469
1.97542
1.36982
1.33755
2.05275
1.74068
1.57935
1.15089
1.50483
1.47765
2.01803
1.55606
2.16545
1.17422
1.55091
1.04986
2.4684
1.04423
2.23597
1.47171
1.18747
1.11964
1.43428
1.725
1.52286
1.72931
1.87361
1.0808
1.25241
1.5285
1.63727
1.69174
1.16301
1.11049
2.34421
1.6103
2.08602
1.12417
2.09911
1.89557
1.37025
1.61524
2.1751
1.96995
1.88932
1.45302
2.13408
1.1802
2.2076
2.1261
1.07662
2.46827
1.34393
2.05794
1.04224
1.07385
2.04944
1.12173
1.4652
1.68522
1.39374
1.73305
2.07718
1.56125
1.70318
1.858
1.414
2.36552
1.4541
2.51209
1.7787
1.49408
2.40494
1.67162
1.82433
1.27847
1.12523
1.52082
1.24728
2.55457
1.73384
2.06855
1.89087
2.12076
1.10145
1.8548
1.8691
1.0914
2.58241
2.28453
2.19284
1.06346
2.05746
1.60771
2.29204
1.34043
1.46921
1.81433
1.31014
2.37448
1.08811
1.80282
2.42907
1.98769
1.22125
1.82125
2.49623
1.61901
1.12724
1.8086
1.56176
1.89595
2.33032
1.67177
2.01378
1.87881
1.70495
1.15254
1.06586
1.09903
1.06246
2.06503
1.09441
1.86727
1.38164
1.83994
1.4763
1.30622
2.175
1.87504
1.14429
1.18456
2.17746
1.13213
1.15422
2.68639
1.10878
2.04761
1.20466
2.20936
1.58137
1.12249
1.15177
2.41095
1.19186
2.00151
1.65599
2.15159
1.68255
1.53188
1.4901
1.81362
1.45074
2.40124
1.52694
1.67009
1.66385
2.24938
1.19658
2.1305
2.54239
1.68054
1.15025
1.97772
2.10433
1.72704
1.72833
1.81528
2.21527
1.16438
1.07132
1.50795
2.40221
1.34406
1.46028
1.15052
2.13603
1.19666
1.78849
1.73271
1.16982
1.08576
1.32048
1.41715
1.6677
1.24362
1.63296
1.7263
1.03133
1.31365
2.392
2.08651
1.41329
1.27755
2.03078
1.80451
1.98999
1.8592
1.51052
1.13131
1.09863
1.05252
2.54325
1.57238
1.3996
1.26985
1.93949
1.81048
1.52667
2.39637
1.82788
1.64483
2.03514
1.11665
1.63362
1.36604
1.72306
1.12171
1.7045
2.41904
1.41206
1.91403
1.97052
1.75606
1.52856
1.79471
1.49159
1.17186
1.33396
1.95536
1.89084
1.5962
2.08798
1.88423
2.23027
1.69845
1.14798
1.27367
1.39162
1.26154
1.11963
2.43292
1.14859
2.10644
1.59444
1.05427
1.3379
2.14088
2.4169
1.78669
1.20164
1.87004
1.47604
1.05584
2.41502
1.80901
2.15611
1.10692
1.93116
1.30495
1.67077
2.30095
1.7316
2.68027
1.61912
2.22148
1.22196
1.12605
1.43545
1.65195
1.58457
2.02657
2.22612
1.97411
1.66178
2.37994
1.0789
1.09467
1.61291
1.40354
2.1757
1.22244
1.64812
2.14949
1.56618
1.83422
1.91557
2.65153
1.54471
1.11414
1.93632
1.26004
2.05729
1.4417
1.19213
1.76209
1.30123
1.58142
1.65877
1.31493
1.92007
2.23056
1.81977
1.13711
1.2289
1.51279
2.2376
1.80098
1.94266
2.14879
1.48674
2.42738
1.89254
1.71974
1.22583
2.59201
1.17418
1.35402
2.36723
1.95996
2.25742
2.12755
1.70885
1.22854
1.92019
2.23562
1.48056
1.54039
2.10627
1.85356
1.02963
2.03647
1.86915
1.62783
2.07696
1.10298
1.42296
1.10376
2.21867
2.1047
2.21918
2.09388
1.21634
1.0233
2.49219
2.67052
1.71524
1.97848
2.31811
2.54131
1.26676
1.20912
1.66243
1.20105
1.4473
1.4242
1.33537
1.07316
1.17034
1.22662
1.14214
1.28066
1.9025
1.20384
1.4018
1.29126
2.05816
1.55757
1.12472
1.46559
1.57081
1.20742
2.34927
1.6454
1.8395
1.25162
1.43227
2.48905
1.5845
2.1134
1.39316
1.24021
1.30191
2.61238
1.7079
2.06691
2.07837
1.80787
1.62075
2.05751
1.93254
2.1848
1.85378
1.94266
1.08413
2.58319
1.45618
1.2238
2.07877
1.18187
2.39612
1.50496
1.38191
1.26306
1.62899
1.19926
1.84244
1.94438
1.61965
1.58626
1.71406
1.59801
2.08889
1.42436
2.29823
2.06401
2.3469
1.68371
1.15807
1.44215
1.89835
1.43365
2.15957
1.46504
1.14779
2.08115
1.83415
1.5676
1.63545
2.06049
1.46059
2.03809
1.16546
1.83142
1.89081
1.85055
1.21956
2.20146
1.77522
1.38405
1.94021
1.52347
2.10906
1.43064
1.24316
2.11298
1.15388
1.89685
2.13765
2.05391
1.13441
1.25394
1.72425
1.86064
1.4124
2.40535
2.00514
1.31442
1.24814
2.38167
2.5261
2.25668
2.24201
1.53002
1.36537
1.53566
2.11659
1.57073
1.43018
2.21326
1.16034
2.65711
1.94753
2.66358
1.69837
2.30895
1.11989
1.18532
1.10275
1.30284
2.19405
2.29393
1.76455
1.19785
2.0542
1.55667
1.0976
1.71097
2.13071
1.71002
1.25972
1.85194
1.92306
1.58421
2.26148
2.03946
1.70715
1.70985
2.07711
1.33721
1.2319
1.84066
2.2606
1.66575
1.83767
1.49359
1.07948
1.86128
1.38764
2.18612
1.95707
1.31433
1.8061
2.36937
1.58623
1.16285
1.3369
1.18339
2.12831
1.6066
2.18963
1.62989
1.433
2.62412
2.41121
1.85494
1.65758
1.61318
1.62737
1.91651
2.08085
1.77942
2.00727
1.98415
2.42187
2.08527
1.1655
2.40083
1.80345
1.49562
1.24189
1.61728
1.06005
1.55572
1.42558
1.21363
2.0824
1.13191
1.76277
1.08243
2.67465
1.15556
1.69135
1.39923
1.24162
1.81007
1.98159
1.18765
1.05087
1.96267
2.41535
2.4756
1.36442
1.32068
2.11558
1.1382
1.624
1.50768
2.18268
1.99206
1.95138
1.85644
1.11118
1.46693
1.65804
