1.01016
1.01813
1.00745
1.00279
1.01648
1.01262
1.00101
1.00523
1.00463
1.01245
1.0544
1.01554
1.01619
1.00481
1.00127
1.00141
1.00471
1.00649
1.00537
1.03257
1.00638
1.01556
0.998755
1.00702
1.00793
1.02696
1.00202
1.00479
1.00844
1.00172
1.0009
1.01078
1.00006
1.00307
1.00613
1.02168
1.01306
1.00382
1.00438
1.00276
1.01932
1.00355
1.00083
1.02525
1.01136
1.00679
1.00103
1.00186
1.00454
1.00397
1.00236
1.00611
1.00025
1.00773
1.00267
1.00123
1.00163
1.00614
1.00534
1.0123
1.01317
1.00624
1.00272
1.00608
1.00405
1.00484
1.01493
1.00157
1.00706
1.01096
1.00201
1.00145
1.00308
1.00599
1.01415
1.00409
1.0241
1.00504
1.00218
1.01549
1.00705
1.00892
1.00169
1.01136
1.01084
1.00676
1.00756
1.00481
1.00199
1.00915
1.00706
1.00266
1.00779
1.00251
0.99989
1.00355
1.00883
1.01048
1.00218
1.00317
1.00785
1.00419
1.00078
1.00245
1.00776
1.00399
1.00121
1.00292
1.02426
1.03043
1.03452
1.00306
1.00129
0.999945
1.00231
1.01199
1.03715
1.01117
1.00231
1.01097
1.00844
1.00279
1.03257
1.02137
1.00231
1.0033
1.01221
1.0063
1.00235
1.00315
1.0087
1.01408
1.00617
1.01075
1.01887
1.01914
1.04172
1.00506
1.00066
1.00027
1.00686
1.00391
1.00582
0.998115
1.0049
1.00007
1.00347
1.00933
1.0002
1.01237
1.00236
1.00408
1.01409
1.00566
1.00314
1.00338
1.00538
1.01013
1.01079
1.02329
1.00899
1.02692
1.00317
1.00387
1.00361
1.00627
1.00071
1.00235
1.00789
1.00402
1.01132
1.00106
1.00111
1.00322
1.00054
1.01553
1.0029
0.999142
1.01748
1.00452
1.01166
1.00122
1.00373
1.00661
1.0068
1.00251
1.00533
1.00182
1.02728
1.00852
1.00584
1.00372
1.00825
1.00788
1.00811
1.01126
1.02823
1.00113
1.00004
1.00357
1.00227
1.0009
1.00962
1.00707
1.00854
1.00637
1.00419
0.999309
1.00834
1.01111
1.00954
1.00298
1.01897
1.00569
1.00287
1.00397
1.00579
1.00523
1.00528
1.00304
0.99961
1.00684
1.00453
1.02035
1.00067
1.00586
1.00645
1.0017
1.01381
1.00171
1.02151
1.02554
1.00411
1.00988
1.01146
1.00545
1.00778
1.01366
1.00375
1.00148
1.01804
1.00278
1.00252
1.0131
1.00303
1.0139
1.01343
1.00343
1.00654
1.00015
1.00152
1.0063
1.03038
1.00027
1.02074
1.00158
1.00742
1.00533
1.00422
1.00281
1.00575
1.00209
1.015
1.00593
1.00228
1.00928
1.01761
1.01511
1.00048
1.00564
1.00004
1.0091
1.00217
1.00977
1.00392
1.00475
1.01103
1.03608
1.00224
1.00211
1.00489
1.03764
1.015
1.02085
1.00099
1.00684
1.00569
1.00746
1.00393
1.00215
1.03157
1.00465
1.01779
1.00234
1.07164
1.00486
1.00136
1.01007
1.00256
1.00357
1.00535
1.00772
1.00169
1.00551
1.00792
1.00742
1.01204
1.00527
1.01378
1.00239
1.01018
0.998499
1.02679
1.01277
0.998547
1.00431
1.00891
1.00219
1.01074
1.00605
1.00292
1.0024
0.998422
1.01107
1.00133
1.00289
1.00411
1.001
1.00329
1.017
1.00921
1.00165
1.01842
1.00688
1.00325
1.00009
1.00246
1.00455
1.00529
0.997049
1.00807
1.00527
1.00045
1.01048
1.00236
1.00554
0.999399
1.00139
0.999185
1.0013
1.00249
1.00178
1.00114
1.01022
1.00966
1.0042
1.0176
1.00722
1.00117
1.03381
1.0034
1.0185
1.01656
1.00606
1.00951
1.01143
1.00174
1.00082
1.0073
1.01586
1.00898
1.00318
1.00473
1.00362
1.01168
1.01091
1.01564
1.03061
1.00108
1.00085
1.0324
1.01219
1.0066
1.00266
1.01044
1.00117
1.00687
1.00869
1.00949
1.00706
1.00297
1.00595
1.00506
1.00545
1.00646
1.00239
1.00882
1.00772
1.02002
1.00715
1.00471
1.01556
1.0197
1.02002
1.01243
1.00901
1.01884
1.00549
1.00144
1.00577
1.02056
1.01093
1.00303
1.01785
1.00673
1.00186
1.00844
1.01012
1.00486
1.01067
1.01481
1.0063
1.00086
1.0035
1.00499
1.00854
1.00598
1.01826
1.00079
1.00675
1.00468
1.01961
1.01333
1.0041
1.02522
1.00095
1.00006
1.00929
1.01346
1.03682
1.00361
1.00365
1.01513
1.01659
1.01905
1.00111
1.00444
1.02063
1.01062
1.00395
1.01255
1.00536
1.00173
0.999292
1.00204
1.01052
1.01762
1.0119
1.00557
1.00894
1.0014
1.00793
1.0077
1.0102
1.01194
1.01331
1.00629
1.0015
1.00387
1.00877
1.00378
1.01118
1.00771
1.00734
1.00692
1.00062
1.00448
1.00052
1.00431
1.01731
0.999891
1.00089
1.00283
1.0139
1.00392
1.00514
1.01378
1.00844
1.00505
1.00527
1.00584
1.007
1.00615
1.0072
1.0143
1.00583
1.00296
1.00117
1.00138
1.00215
1.0024
1.01021
1.00052
1.0032
0.998923
1.00149
1.01109
1.00277
1.0006
1.00041
1.00166
1.00436
1.00195
1.01025
1.02247
1.00332
0.999655
1.022
1.00307
1.00176
1.04506
1.0143
1.01547
1.01005
1.01296
1.01165
1.00051
1.00191
1.00273
1.01288
1.00473
1.00637
1.00719
1.00188
1.01648
0.999678
1.00636
1.00413
1.00783
1.007
1.00991
1.00535
1.00318
1.00013
1.02275
1.00607
0.99913
1.01339
1.01338
1.00861
1.00665
1.0318
1.01169
1.02745
1.00865
1.00155
1.00273
1.00486
1.03622
1.01721
1.00423
1.00015
1.00958
1.00275
1.02099
1.00254
1.00142
1.00198
1.00627
1.0082
1.0443
1.01176
1.0054
0.999717
1.01807
1.00787
1.00741
1.0094
1.00612
1.00122
1.00271
1.03313
1.01351
1.00502
1.00831
1.00827
1.00848
1.002
1.00115
1.00364
1.00878
1.00441
1.00114
1.00807
1.00143
1.00551
1.0036
1.02326
1.00393
1.01317
1.00592
1.00835
1.00544
1.00684
1.00295
1.01554
1.00341
1.01022
1.0025
1.00348
1.00746
1.02431
1.00239
1.00585
1.00772
1.00361
0.999318
1.00212
1.00578
0.999988
1.0058
0.999568
1.00648
1.00138
1.0482
1.01652
1.00559
1.01299
1.00235
1.02985
1.00031
1.00546
1.00458
1.00636
1.00177
1.0181
1.01113
1.00184
1.00021
1.00961
1.02044
0.9987
1.00458
1.00379
1.00473
1.00291
1.01633
1.00994
1.01418
1.00623
1.01371
1.00009
1.00338
1.03409
1.01728
1.00994
1.00055
1.0091
1.00075
1.00276
0.999334
1.00293
1.00193
1.0047
1.00135
1.00507
1.02022
1.00423
1.01385
1.01219
1.02524
1.00416
0.999854
1.0021
1.02263
1.00733
1.00067
1.0053
1.0048
1.022
1.01425
1.00854
1.01692
1.00378
1.00562
1.00415
1.05842
1.02966
1.01191
1.00525
1.00936
1.01056
1.01135
1.00833
0.999941
1.00345
1.00886
1.00147
1.00877
1.00568
1.01505
1.00936
1.00847
1.01021
1.00529
1.01319
1.00638
1.0056
1.00569
1.00849
1.0172
0.997806
1.00296
1.00137
0.999245
1.00592
1.00549
1.01446
0.999318
1.00231
1.0117
1.00836
1.01532
1.00795
1.00138
1.01063
1.01388
1.01288
1.01082
1.01136
1.00007
1.00862
1.00382
1.01193
1.00909
1.00002
1.00565
1.00595
1.00814
1.00308
1.0049
1.00947
1.00173
1.00531
1.01258
1.00292
1.0129
1.00395
1.00558
1.00623
1.00093
1.00617
1.01133
1.01912
1.00351
1.00202
0.999793
1.01238
0.999633
1.01263
1.00519
1.00772
1.00764
1.03742
1.00038
1.00203
1.0054
1.02255
1.01197
1.00056
1.00388
1.00387
1.00813
1.0044
1.0071
1.00466
1.00731
1.02563
1.00671
1.00849
1.00246
1.00292
1.00631
1.00449
1.00912
1.00443
1.00318
1.00461
1.00709
1.00525
1.00533
1.00301
1.01883
1.00064
1.00616
1.00344
1.002
1.01142
1.00866
1.00082
1.00167
1.01747
1.00461
1.00936
1.00964
1.00507
1.0103
1.00158
0.999099
1.00375
1.00119
1.00337
1.01596
1.00211
1.00451
1.02076
1.00299
1.0028
1.00512
1.0029
1.0077
1.00707
1.00233
1.00919
1.00066
1.01252
1.00634
1.01435
1.0246
1.00345
1.00354
1.0017
0.998922
1.00912
1.02273
1.00836
1.0153
1.00189
1.00406
1.01733
1.013
1.03101
1.00469
1.00413
1.01852
1.00593
1.00315
1.00969
1.00507
0.999599
1.00215
1.00727
1.00603
1.01435
1.01174
1.00148
1.02436
1.00358
0.998235
1.00134
1.00309
1.00019
1.00404
1.00359
1.00853
1.01064
1.0037
1.00627
1.00578
1.01047
1.00483
1.02353
1.00301
1.00167
1.00392
1.00845
1.00011
1.00032
1.00514
1.01218
1.00278
0.998864
1.01103
1.0013
1.00494
1.01034
1.01026
1.00506
1.00565
1.03146
1.00756
0.999888
1.0009
1.00663
1.02315
1.00169
1.00432
1.00152
0.999674
1.00084
1.00376
1.0071
0.99995
1.00036
1.01893
1.00286
1.00369
1.0022
0.99959
1.01177
1.00234
1.02473
1.00724
1.05314
1.03304
1.00823
1.01334
1.00288
1.0058
1.01013
1.00565
1.00029
1.02033
1.01543
1.00509
1.01261
1.00985
1.00517
1.00738
1.00111
1.00076
1.00122
1.00172
1.01005
1.0036
1.00199
1.01246
1.00581
1.05082
1.02032
1.00799
1.00523
1.01528
1.01366
1.00948
0.998558
1.00873
1.00235
1.00349
1.01072
1.00158
1.00815
1.00132
1.00275
1.01071
1.00619
1.01261
1.00282
1.00651
1.0135
0.999471
1.00603
1.00113
0.999614
1.00998
1.00119
1.01055
1.00366
1.00075
1.03689
1.00289
1.00735
1.00481
1.00879
1.01311
1.01335
1.00183
1.0034
1.00603
1.00664
1.01303
1.00769
1.00321
1.00659
1.00873
1.01623
1.00058
1.00505
1.02681
1.01722
1.00541
1.00332
1.01794
1.03017
1.01336
1.00646
1.0024
0.998959
1.00231
1.01102
2.28601
3.59278
2.62211
2.67842
3.37479
3.20541
1.96169
2.33209
2.57654
2.21968
3.49082
2.53913
3.45064
1.97572
1.56111
1.71506
1.97705
3.0045
2.8368
3.47373
2.83297
2.42412
1.8784
2.47593
3.17615
3.5085
2.90737
1.98982
1.66717
2.40199
1.85475
2.31596
1.36987
1.87682
2.42359
3.46627
3.241
1.72198
1.70984
2.29783
3.53639
2.19661
2.19249
3.43808
2.70729
1.70177
2.46642
2.36379
1.50698
1.56018
2.11356
1.66531
1.86651
2.42977
2.40705
2.43247
2.26849
2.50704
2.53356
3.07582
2.49952
3.0504
1.93224
2.51269
1.74472
1.50586
3.42597
1.54716
2.78168
3.0438
1.99442
2.03178
1.64852
2.68235
2.36997
2.03185
3.32027
2.01812
2.34177
2.70059
2.32582
2.26117
3.16367
3.1665
3.03071
1.85567
2.56612
1.77773
3.16973
2.0745
2.83784
1.76587
1.73296
2.04551
1.80972
2.14259
1.94409
2.90877
1.64504
2.52855
2.81925
1.33192
1.83197
3.04347
2.74851
1.58423
1.36044
2.49685
3.55399
2.92203
3.34365
2.94974
2.47962
2.50995
1.14394
2.98635
3.47494
2.40426
1.94605
3.03012
2.40071
2.3533
3.44619
3.00148
1.62812
2.77588
3.58107
1.32889
2.55346
1.1997
2.64797
2.71659
2.70317
2.06372
2.87767
3.07118
3.54583
3.09282
2.22478
1.58609
2.39231
2.30095
2.46673
2.00114
1.73617
2.53111
2.06035
2.61417
2.61448
2.74429
2.26562
2.09556
3.07996
1.14597
2.07969
1.5253
1.47571
2.23982
2.72799
3.14265
3.25055
2.87989
2.09511
1.3403
2.73802
2.35688
1.66241
1.5788
1.861
1.95142
2.85337
2.19999
1.96872
1.96877
1.50503
3.16971
1.60958
1.55244
3.01474
2.7497
2.9619
2.38583
3.26307
1.95052
2.68258
1.57538
1.51374
1.8201
3.21896
3.39097
2.69179
1.79915
2.98323
2.47887
2.22055
2.79933
2.69809
2.4722
1.63157
2.23822
2.22284
2.65478
3.1479
2.45466
2.72901
3.10379
1.91719
2.09136
2.32827
3.02483
2.61955
1.49572
3.02662
2.64968
2.86254
2.21359
2.10946
2.90391
1.94948
2.41802
2.15423
2.77504
1.49736
2.87359
1.96903
2.12925
3.1048
2.39139
3.07366
2.68739
3.08565
3.36724
2.63157
2.06346
2.8597
2.11792
2.30719
3.01572
3.24291
1.85312
3.55962
2.88417
2.02664
2.76425
2.08966
2.72285
2.3408
1.4544
2.67219
2.43614
2.91299
2.86561
3.57105
1.87432
3.02456
2.76372
2.55573
1.41241
2.53512
1.63705
1.45453
1.45617
3.34271
2.21358
1.24183
2.98792
2.82401
3.30828
1.77453
2.24765
1.60268
2.70161
2.31193
3.11718
2.43424
2.29696
2.05493
3.54873
1.52412
1.40516
2.06187
3.2985
3.13213
3.36926
1.74636
2.10795
2.30025
2.80424
1.38642
1.48921
2.81664
2.66898
3.17055
1.5893
3.46839
2.4994
1.64772
1.81736
2.05754
2.77261
2.77713
2.09673
2.68975
2.41083
2.86244
2.1602
2.6004
3.1239
2.16555
2.38535
1.8208
1.5496
3.28606
2.92804
1.59693
2.64183
2.80702
1.61175
2.47666
2.40816
1.43098
2.64067
2.04189
2.11176
2.24905
2.01043
2.99242
2.30125
2.79216
3.33978
2.93383
1.6113
3.54038
1.43333
2.96009
1.60165
1.18273
2.16527
2.48014
1.48333
1.43506
2.34781
1.59781
3.01986
1.55462
2.41751
2.59893
1.0729
1.28771
1.13103
2.6206
2.91381
2.05059
2.90882
3.26486
1.92343
2.84374
2.27555
1.73719
3.40417
2.28549
3.33441
3.20822
2.90987
1.87641
3.21414
1.55172
1.97342
1.65477
3.30311
3.27256
3.16808
1.67911
2.43266
2.00958
1.95522
2.68128
3.31276
2.20234
1.45365
3.02095
2.37882
2.08244
3.12412
2.23234
1.88842
2.84191
2.71788
2.49175
2.38751
1.18056
2.93899
2.49706
2.90138
2.3881
2.05048
1.18956
2.65634
2.79062
3.0676
2.34216
2.86492
2.75114
2.60183
2.45323
2.5426
3.15402
1.52039
1.56525
2.09665
3.3194
2.27577
2.26941
2.97489
2.49762
1.66298
3.37332
2.71577
1.21247
1.7363
2.73927
2.28255
2.83503
1.29374
1.55798
2.17946
2.05992
2.62438
2.41131
2.21767
2.78629
3.07016
3.31572
2.75367
3.64309
1.97444
2.4558
2.83038
1.7658
3.32266
3.05998
1.93016
3.16399
3.17703
2.8162
1.75593
3.16114
3.34141
2.93525
3.35315
3.186
1.89871
2.77181
1.59431
1.69892
2.81003
3.33415
2.12939
2.19556
2.90825
1.45259
2.79543
2.08485
2.76799
3.60407
3.35278
2.322
2.4016
2.17931
2.44305
2.45748
3.25808
2.54091
3.05222
2.12775
2.32738
2.34797
1.86234
2.62999
3.07431
2.23012
2.03267
1.12579
2.59443
2.98486
3.36714
2.7742
1.74036
2.62028
1.87498
2.03579
2.62704
3.18049
2.5372
2.41349
2.74157
1.64643
1.50711
2.30891
1.51906
1.98562
2.87779
2.14611
1.65126
2.06142
3.00684
1.41029
1.36235
2.02719
2.75256
2.0781
2.28491
1.84401
3.34113
3.00265
1.42439
1.32347
3.09942
2.42991
2.01925
3.41487
2.68251
2.60001
2.85952
2.70481
3.176
1.55931
2.6043
2.69896
3.20594
2.85314
2.65391
1.70131
2.79433
2.75375
1.61255
3.04526
1.23334
2.43066
1.46231
2.9087
2.66026
3.07809
1.91489
2.97739
2.59219
1.23376
1.65306
2.48952
1.62343
3.25647
3.12108
2.53174
3.53465
1.73715
2.79386
1.83512
3.08485
3.47054
3.46105
2.3192
1.34309
2.28353
1.75782
3.37693
1.68615
2.75671
1.69447
1.37144
3.02244
3.62995
1.94744
1.74792
1.76661
3.08501
1.62868
1.98245
2.2173
2.24865
2.84337
1.94307
3.27446
3.51022
2.2592
2.67606
2.78985
2.28534
2.45213
1.81679
1.70614
2.40763
2.31527
3.01204
2.46048
2.24124
2.35866
2.31705
2.68568
1.92801
2.50819
1.23639
2.65895
1.57771
3.0833
1.94103
2.40115
2.60727
2.83979
2.04557
1.30306
2.28801
3.13086
2.51677
3.00657
2.89657
2.01303
2.04881
2.0697
1.59462
1.75109
1.95976
2.32384
2.68894
1.71318
3.504
1.79097
2.36138
3.10313
1.49462
2.65191
1.94622
2.36116
1.28455
3.16447
1.73546
3.04309
2.935
2.04947
1.97717
2.25221
2.94245
1.34044
2.49312
1.1915
2.52316
2.31293
3.38572
3.13319
3.20816
2.33412
3.3033
2.39688
1.61101
3.27613
2.47956
2.83557
2.84568
2.09361
1.29475
2.83473
1.41826
1.76909
1.59652
3.12263
1.89864
3.13128
2.87072
2.95247
2.29441
3.20332
3.08027
1.91051
1.46692
2.03084
3.04968
2.49337
2.13656
1.38079
2.00893
2.69733
3.00013
3.34797
2.90516
3.14776
1.90571
1.34373
3.42271
3.4326
3.08146
3.09119
1.4905
2.73201
2.90607
2.28783
2.81227
1.79145
2.46059
1.70707
2.87334
3.25169
2.71215
2.45001
1.95536
2.67869
2.38489
1.61667
2.69557
1.71232
1.86207
3.13117
3.22947
1.99106
1.81931
1.70656
1.5722
1.83164
2.49627
2.91114
1.52129
2.1286
2.22414
2.83246
3.20579
1.28849
1.17331
2.54603
2.99131
2.46911
2.98849
3.23499
1.57641
2.25377
1.26966
1.85042
2.63576
2.19497
1.45323
2.13367
2.44921
2.80277
2.46383
1.86436
1.82118
2.58452
3.15047
2.11508
3.19469
2.44762
2.20456
2.30596
1.66411
1.88723
2.81398
2.9872
2.395
1.54895
2.04263
3.30125
1.60582
3.19083
2.65149
3.36892
2.40273
3.5245
2.41028
2.42143
2.37394
3.31753
3.29996
2.8253
2.88767
1.89064
2.67913
2.0121
1.44575
1.75884
3.40986
3.46368
2.52191
2.54405
1.6569
1.20848
2.83451
1.98968
1.44474
2.70704
2.51253
1.6023
2.83352
1.4294
2.94884
2.56133
2.98311
1.88754
2.37109
2.90504
2.87275
2.81968
2.35339
2.46843
2.20599
2.9934
1.83681
2.93805
2.3425
2.85567
3.01191
1.39306
2.45582
2.11398
1.86442
2.62235
3.03304
1.59619
2.64309
3.50373
2.64413
2.01369
2.42242
2.72086
1.3747
2.72314
2.04086
2.46658
1.80885
2.80723
2.25285
2.57229
3.34885
2.76994
2.34897
2.83051
2.19073
3.02636
2.6034
1.871
3.52909
1.42205
2.95352
3.00152
3.02281
3.21079
2.17666
1.60395
2.89817
1.83817
1.65308
2.46393
2.04956
1.54026
1.0529
1.87364
1.33574
3.40092
2.94484
1.15226
3.15924
2.47162
1.2825
2.52325
2.17479
2.52294
2.67079
1.35888
1.62772
1.66928
2.27921
3.20632
1.46445
2.33512
2.11935
2.7327
1.96799
2.27129
2.97452
2.94082
1.77108
2.7386
1.90061
1.44512
1.94416
1.85219
2.25326
1.90949
1.67772
3.01467
3.09083
2.74113
1.74272
3.47744
2.96567
1.54944
2.17386
1.71929
3.58347
1.968
3.05392
2.57312
1.64788
1.81631
2.70294
2.2104
2.87984
2.80769
3.39685
2.63342
2.78255
2.01534
1.53501
3.30363
2.64054
3.34644
2.38159
3.34947
3.3229
1.7996
2.69118
3.12391
1.58816
1.50769
2.09115
2.54758
3.42295
2.92372
2.08697
3.2638
2.62896
1.94803
1.67986
2.31021
1.20722
1.77321
1.52775
2.79024
2.55117
2.21512
3.12987
1.75182
2.63682
3.39239
1.98369
3.09934
3.21801
3.08374
2.37327
2.03055
2.53765
1.7541
1.85169
2.93797
1.39137
1.76943
1.72053
3.17684
3.22599
1.54247
2.6111
1.89656
2.39487
2.2114
1.77047
2.40184
1.3841
2.00252
2.83971
2.42332
3.48072
1.71735
1.84946
3.2363
2.55996
2.90861
2.79335
2.13499
3.10076
3.36255
1.04412
2.30272
1.43546
2.45576
2.86253
2.62388
2.4659
2.9129
2.33695
3.2356
1.44893
2.11531
3.48187
2.61866
1.78907
2.88289
3.3536
3.20784
3.17097
1.82547
2.55639
1.81855
2.13457
2.45658
2.39478
3.69585
2.70416
2.84232
3.54884
3.63023
1.97573
2.73787
2.69731
2.38947
3.66875
2.5944
3.72496
2.05332
1.64893
1.83807
2.1015
3.26636
3.24247
3.61211
2.9803
2.48514
2.14394
2.47593
3.24088
3.65409
3.20507
2.06732
1.68069
2.59272
2.05622
2.31596
1.5522
2.00612
2.5695
3.54059
3.51503
1.83163
1.90446
2.43837
3.585
2.23504
2.27758
3.47183
2.79105
1.9409
2.67803
2.57933
1.52019
1.57156
2.2306
1.70089
2.038
2.46893
2.76782
2.64015
2.33019
2.73514
2.81942
3.12087
2.52664
3.63499
1.95098
2.56822
1.74472
1.63328
3.57925
1.56391
3.13915
3.12429
2.12418
2.08367
1.70407
3.03884
2.47013
2.15821
3.3995
2.10234
2.48691
2.8179
2.43648
2.44882
3.37621
3.24626
3.10025
1.92646
2.65969
1.81834
3.34118
2.18026
2.87747
1.81643
1.74885
2.06758
1.88759
2.26009
1.9806
3.38171
1.70862
2.59018
2.83437
1.35798
2.00294
3.32779
2.96408
1.59862
1.42882
2.58801
3.88391
2.99652
3.43983
3.10012
2.72752
2.79417
1.21416
3.19828
3.55557
2.52461
2.34108
3.19937
2.52293
2.50823
3.63689
3.04231
1.65542
3.02677
3.66593
1.34203
2.74657
1.32854
3.00747
2.71659
2.95698
2.09276
2.9402
3.11547
3.83051
3.1799
2.76538
1.83531
2.43563
2.40629
2.64199
2.05591
1.95671
2.94578
2.47989
2.85105
3.0564
2.81999
2.41281
2.20638
3.12884
1.24777
2.21804
1.63255
1.52315
2.45284
2.83675
3.19577
3.45069
2.91678
2.2259
1.35812
2.89758
2.46706
1.85189
1.6259
1.94015
2.09114
3.07448
2.29735
2.24015
2.10008
1.77962
3.23613
1.76685
1.62203
3.1017
3.22144
3.08183
2.52297
3.64181
2.03562
2.73791
1.78829
1.67913
2.14168
3.34181
3.46031
2.84391
1.9234
3.17393
2.53744
2.27988
2.9226
2.69809
2.81187
1.80664
2.65892
2.34249
2.82077
3.37483
2.48985
2.83473
3.31143
2.04271
2.63857
2.42228
3.09763
2.74912
1.55398
3.12566
2.64968
3.17947
2.58596
2.16249
3.0288
1.97511
2.43823
2.61522
3.39798
1.52659
2.97106
2.06205
2.18343
3.31854
2.56462
3.32211
2.87203
3.22408
3.58591
2.839
2.06346
2.93792
2.18602
2.45659
3.07885
3.42798
2.0597
3.59853
3.39442
2.08693
2.76425
2.21835
2.85373
2.40805
1.72733
3.02956
2.68996
3.11021
3.10192
3.61253
2.09911
3.11198
3.0321
3.08177
1.41241
2.69367
1.66935
1.56896
1.60062
3.50027
2.28807
1.37733
3.10086
2.82401
3.36904
1.92887
2.36798
1.79572
2.8603
2.53627
3.22147
2.45635
2.54998
2.09312
3.58191
1.52412
1.566
2.15774
3.43022
3.30665
3.42532
1.90853
2.28527
2.77094
2.84098
1.46884
1.50419
2.90533
2.82289
3.22763
1.71788
3.66221
2.8163
1.83586
1.92821
2.17298
3.08242
3.26093
2.1615
2.89503
2.45996
3.2668
2.19043
2.68275
3.34273
2.18181
2.5148
1.8208
1.61015
3.32144
3.00104
1.62325
2.79309
2.92555
1.77046
2.5563
2.47509
1.66876
2.81143
2.1549
2.1278
2.3253
2.01043
3.40245
2.51
3.11888
3.37206
3.08077
1.65828
3.65103
1.53317
3.19103
1.63827
1.21637
2.27587
2.51707
1.64073
1.51839
2.44336
1.85595
3.07723
1.57547
2.49465
2.98371
1.19341
1.40379
1.34219
2.84683
3.30567
2.28465
3.10482
3.33086
2.1514
2.95328
2.30891
1.78244
3.50988
2.39141
3.65258
3.33529
3.10191
1.93379
3.48396
1.95825
2.05302
1.70942
3.53215
3.60342
3.34631
1.82265
2.50752
2.32555
2.10785
2.70014
3.31276
2.37803
1.62037
3.15135
2.48817
2.17796
3.2808
2.39986
2.16389
3.0597
3.05042
2.61397
2.58474
1.27852
3.1937
3.05748
2.94352
2.48204
2.4824
1.30669
2.87102
2.80734
3.16072
2.54001
2.9095
2.81986
2.60183
2.45323
2.55438
3.2031
1.536
1.62033
2.82362
3.35704
2.38359
2.40489
3.1145
2.57202
1.82355
3.49268
2.79635
1.25688
1.94912
2.86784
2.4271
3.45078
1.39043
1.7384
2.37672
2.1248
2.67724
2.64939
2.23379
2.98419
3.10742
3.44913
2.89055
3.64309
2.2861
2.7407
3.03347
1.96132
3.37195
3.30821
2.14706
3.3274
3.36332
3.04498
1.8413
3.49962
3.46436
3.02389
3.57203
3.20617
1.91265
3.66301
1.82199
1.73597
3.03033
3.39733
2.18867
2.44101
3.1181
1.61707
2.99078
2.1927
2.80059
3.70065
3.45124
2.42171
2.50924
2.38447
2.50375
2.55781
3.44167
2.7836
3.11194
2.17516
2.58505
2.4089
1.96691
2.83552
3.40244
2.34859
2.03267
1.17622
2.68471
3.25445
3.60104
2.85595
1.78917
2.78517
1.9218
2.39736
2.6646
3.32316
2.68003
2.48455
3.01659
1.75055
1.58053
2.48017
1.79709
2.28607
2.9773
2.34649
1.71131
2.25465
3.25218
1.49749
1.41298
2.11055
2.96191
2.12866
2.83366
1.90038
3.46569
3.1001
1.57605
1.41013
3.27277
2.53358
2.04987
3.60306
2.75795
2.67853
2.9125
2.77279
3.3562
1.61217
2.91298
3.18034
3.49732
3.21238
2.8885
1.76586
3.3185
2.77547
1.87145
3.14255
1.29059
2.46893
1.51865
3.04473
2.82939
3.28384
2.0824
2.97739
2.66693
1.45059
1.68484
2.53764
1.70441
3.65495
3.1983
2.60873
3.74325
1.9394
3.31756
2.26254
3.15986
3.73335
3.54699
2.40447
1.3776
2.34307
1.91295
3.50463
1.68615
2.84105
1.76674
1.552
3.36398
3.79305
2.03966
1.87149
2.03445
3.11059
1.69645
2.02133
2.33031
2.43265
3.03148
2.13896
3.31744
3.51022
2.51557
2.73388
2.83189
2.40329
2.63371
1.81679
1.73728
2.5251
2.59287
3.2957
2.51813
2.3675
2.38568
2.60142
2.7066
1.96327
2.56561
1.24623
2.73921
1.83004
3.48128
2.06843
2.41328
3.0857
3.14166
2.17323
1.30306
2.39286
3.16538
2.90541
3.06431
3.00412
2.23907
2.42399
2.22648
1.79804
2.00524
2.06078
2.50934
3.00144
1.97202
3.5929
1.90542
2.41781
3.21947
1.67852
2.70375
2.04275
2.41343
1.35085
3.28401
1.84905
3.11364
2.97021
2.30989
2.00352
2.31201
3.08654
1.46056
2.68253
1.25454
2.67658
2.3855
3.47502
3.21665
3.26359
2.4587
3.36563
2.96183
1.77313
3.45481
2.47956
2.94899
3.2789
2.17243
1.31724
3.04318
1.45412
1.88273
1.71956
3.34937
2.03277
3.28646
2.8974
3.06208
2.38114
3.3034
3.23129
1.93316
1.59972
2.30356
3.11168
2.49337
2.2386
1.44662
2.40572
2.74664
3.09998
3.37933
2.96443
3.37124
2.02845
1.44719
3.58152
3.45202
3.19614
3.19867
1.52156
2.85845
2.98911
2.45131
3.22278
1.83568
2.58924
1.79824
2.92962
3.5418
2.74279
2.71414
2.17042
2.80441
2.42185
1.69653
2.81793
1.7551
2.0396
3.3528
3.29242
2.05667
1.86838
1.80832
1.61498
1.95703
2.85275
2.9632
1.64556
2.26932
2.37914
3.03654
3.29774
1.34149
1.22494
2.54603
3.08281
2.56113
3.46901
3.31078
1.59995
2.31786
1.30765
1.94732
2.65567
2.46007
1.48536
2.23024
2.69783
3.04633
2.63208
1.93736
1.91905
2.75695
3.15047
2.18046
3.59295
2.66872
2.22354
2.44296
1.72371
1.89662
3.1201
3.13254
2.43024
1.57869
2.2564
3.50001
1.67306
3.30771
2.80288
3.56566
2.47473
3.61208
2.70235
2.62246
2.55124
3.31753
3.3654
3.02951
3.09701
2.02645
2.75721
2.23716
1.46314
1.85121
3.62
3.56579
2.82396
2.54405
1.70967
1.25533
3.15386
2.02159
1.48402
2.88826
2.71321
1.80626
3.12414
1.45492
3.23685
2.86777
3.09523
2.09001
2.47628
3.10229
3.24938
2.92044
2.39101
2.94824
2.32833
3.08945
2.0916
3.26065
2.37157
3.2082
3.26581
1.40779
2.61727
2.50662
1.92822
2.65805
3.07055
1.72548
2.99142
3.50373
3.25146
2.18495
2.55416
2.85215
1.483
2.82818
2.06255
2.66662
2.10629
3.03438
2.28196
2.59006
3.34885
3.06653
2.49943
3.24342
2.32719
3.12974
2.6351
2.07979
3.69778
1.45035
3.13206
3.05272
3.23296
3.2856
2.27916
1.64433
2.96141
1.83817
1.94122
2.71833
2.04956
1.58419
1.16201
1.90327
1.34887
3.49029
3.03705
1.24331
3.26366
2.7019
1.65281
3.14942
2.28939
2.5976
2.91725
1.3793
1.69451
1.89311
2.32166
3.35011
1.67165
2.50424
2.20006
2.84434
2.13151
2.34773
3.22138
3.11538
1.80905
3.46497
1.98026
1.48985
2.04872
2.17078
2.40405
2.00151
1.90198
3.19029
3.12436
2.87972
1.77061
3.60795
2.96567
1.61486
2.24345
1.78828
3.73367
1.99433
3.63521
2.96177
1.81702
2.09371
3.2024
2.23944
2.92087
2.90121
3.39685
2.80313
2.89329
2.29662
1.54645
3.42399
2.89903
3.45088
2.46984
3.37677
3.36532
1.88194
2.73428
3.29399
1.58816
1.54876
2.57985
2.61095
3.5446
2.96613
2.18573
3.5632
2.87967
2.01147
1.75312
2.57225
1.29169
1.8187
1.62039
2.93048
2.77301
2.3466
3.24832
1.89516
2.66808
3.46421
2.07882
3.15209
3.32945
3.08374
2.47949
2.06845
2.79351
1.94716
2.25554
3.01846
1.4126
1.87491
1.77602
3.35831
3.27365
1.59188
2.63092
1.98365
2.43445
2.23659
1.84789
2.49827
1.39974
2.13721
2.87605
2.66911
3.77228
1.96897
1.88793
3.27473
2.86079
3.0795
3.13099
2.19012
3.31626
3.481
1.12449
2.31557
1.5614
2.56513
2.93111
2.74438
2.70831
3.19884
2.33695
3.37956
1.45834
2.21048
3.48187
2.70003
1.80474
3.40017
3.3536
3.29666
3.24835
1.95945
2.80976
1.93967
2.28017
2.54964
2.28601
3.59278
2.5712
2.63856
3.35519
3.12911
1.95494
2.28742
2.47449
2.21968
3.45106
2.52776
3.42159
1.9314
1.53829
1.68876
1.88295
2.95382
2.66267
3.47373
2.83297
2.42412
1.8433
2.47593
3.16684
3.4341
2.80003
1.97817
1.66717
2.38386
1.81158
2.31596
1.24305
1.86035
2.42359
3.46627
3.241
1.69685
1.67383
2.28388
3.40524
2.18385
2.16425
3.43808
2.70729
1.68756
2.43869
2.31565
1.50698
1.56018
2.09508
1.65102
1.83101
2.38121
2.30445
2.40277
2.2347
2.45058
2.50579
2.93642
2.49952
2.77377
1.93224
2.51269
1.73773
1.48796
3.36115
1.54103
2.74036
2.89841
1.98312
2.02214
1.60764
2.65064
2.33277
2.0055
3.32027
2.00301
2.3313
2.70059
2.32582
2.22175
3.14043
3.14344
3.03071
1.83526
2.54085
1.77773
3.0155
2.06426
2.83784
1.75587
1.66835
1.97127
1.79946
2.09819
1.88299
2.78987
1.60991
2.51649
2.81925
1.32687
1.78814
3.01629
2.68197
1.58423
1.34955
2.48152
3.4859
2.82406
3.32407
2.90306
2.45248
2.46869
1.13462
2.94459
3.47494
2.39416
1.84534
2.92725
2.37804
2.32499
3.32927
3.00148
1.61304
2.68555
3.4265
1.32889
2.45404
1.1997
2.61374
2.71659
2.64987
2.05288
2.83192
3.07118
3.48049
3.04763
2.19013
1.5568
2.36999
2.23486
2.4459
1.99302
1.7043
2.49126
1.97277
2.58409
2.47889
2.74429
2.24961
2.06806
3.06555
1.12623
2.06086
1.50503
1.46735
2.22364
2.72799
3.14265
3.19749
2.87989
2.05808
1.32523
2.71426
2.35688
1.64403
1.5788
1.81152
1.93785
2.83943
2.1432
1.90654
1.92076
1.47619
3.15166
1.57695
1.55244
3.01474
2.70043
2.94075
2.34092
3.18076
1.90645
2.66481
1.54743
1.47732
1.764
3.21896
3.34966
2.6632
1.75776
2.89259
2.47887
2.22055
2.76803
2.57498
2.42157
1.60525
2.17778
2.20184
2.62714
3.11854
2.45466
2.66001
3.07166
1.90154
2.01389
2.26938
3.00045
2.50204
1.46891
3.01102
2.64968
2.81514
2.17091
2.08834
2.84446
1.93818
2.39111
2.09431
2.68686
1.49736
2.85942
1.88953
2.09294
3.02605
2.35875
3.07366
2.68014
3.06818
3.23594
2.6141
2.06346
2.8597
2.08329
2.29657
3.01572
3.21326
1.79928
3.53109
2.82088
2.02664
2.76425
2.07657
2.72285
2.31856
1.43248
2.63698
2.40881
2.86004
2.80522
3.37958
1.86414
3.02456
2.73654
2.50478
1.41241
2.49813
1.62193
1.4408
1.4358
3.34271
2.21358
1.2196
2.92644
2.82401
3.30828
1.74477
2.20382
1.53925
2.67684
2.28146
3.03191
2.40694
2.2765
2.05493
3.54873
1.52412
1.37927
2.05306
3.27436
3.0971
3.33401
1.67718
2.09671
2.26136
2.80424
1.37817
1.48921
2.81664
2.63122
3.12775
1.57839
3.42857
2.45694
1.63135
1.75672
2.01575
2.72483
2.72355
2.09071
2.64843
2.38111
2.73483
2.15031
2.59131
3.1061
2.16555
2.35249
1.8208
1.5496
3.26423
2.86876
1.58957
2.60715
2.80702
1.58613
2.46131
2.40816
1.393
2.61166
1.94043
2.11176
2.22074
2.01043
2.86528
2.28317
2.72426
3.33978
2.83998
1.6113
3.54038
1.40357
2.82229
1.60165
1.18273
2.15044
2.43558
1.45124
1.42382
2.2789
1.51877
2.96024
1.55148
2.40647
2.5343
1.06437
1.2645
1.12371
2.55774
2.87429
2.02911
2.88983
3.21938
1.90188
2.77531
2.27555
1.70213
3.38676
2.24978
3.28048
3.20822
2.75286
1.86885
3.13008
1.51359
1.94392
1.65477
3.24982
3.21821
3.13781
1.66237
2.43266
1.9784
1.94623
2.68128
3.31276
2.16291
1.43999
2.98401
2.37882
2.04019
3.12412
2.18093
1.83889
2.78462
2.65282
2.46661
2.36362
1.15162
2.82743
2.41981
2.90138
2.3881
1.9796
1.17615
2.61067
2.79062
3.03238
2.29699
2.83778
2.75114
2.60183
2.45323
2.5426
3.15402
1.515
1.54562
2.04571
3.3194
2.25283
2.24137
2.97489
2.48584
1.6439
3.31732
2.66053
1.20162
1.70932
2.73927
2.23704
2.76001
1.28458
1.53584
2.17298
2.04626
2.62438
2.3901
2.2052
2.75291
3.07016
3.31572
2.72815
3.64309
1.91679
2.32118
2.73281
1.73742
3.29831
3.01657
1.89378
3.13214
3.14798
2.75808
1.75593
3.1384
3.34141
2.90226
3.1382
3.15485
1.89871
2.71413
1.5595
1.69892
2.73132
3.33415
2.12939
2.16545
2.84471
1.4103
2.7519
2.08485
2.56591
3.60407
3.27398
2.322
2.37794
2.1679
2.44305
2.44659
3.20606
2.48879
2.96293
2.11241
2.28074
2.34797
1.83514
2.55397
2.99921
2.21233
2.01749
1.09631
2.58034
2.93991
3.23297
2.68018
1.70319
2.54344
1.87498
2.00526
2.59687
3.14169
2.5372
2.34878
2.6459
1.61252
1.49338
2.24116
1.45533
1.94574
2.82352
2.04268
1.63703
2.06142
2.93341
1.402
1.35243
2.01425
2.7255
2.0781
2.2563
1.80794
3.2802
2.98711
1.40436
1.31318
3.0695
2.42991
2.01925
3.39332
2.68251
2.59417
2.85952
2.68712
3.12418
1.5442
2.57775
2.58223
3.12111
2.78576
2.55586
1.70131
2.73098
2.73545
1.58649
2.91655
1.21547
2.40841
1.43269
2.86968
2.63179
3.07063
1.90102
2.95452
2.5514
1.21088
1.65306
2.48952
1.61745
3.23558
3.12108
2.52154
3.53465
1.7184
2.68306
1.77283
3.03403
3.44373
3.46105
2.28524
1.32252
2.28353
1.73383
3.32169
1.68615
2.73338
1.69447
1.32468
3.0128
3.62995
1.93583
1.72452
1.73271
3.08501
1.6143
1.98245
2.2173
2.24174
2.74541
1.91455
3.27446
3.51022
2.22188
2.59797
2.78985
2.26479
2.37537
1.81679
1.68409
2.35628
2.25882
2.96176
2.46048
2.13873
2.35866
2.21839
2.68568
1.91984
2.39962
1.19137
2.65895
1.56133
3.02177
1.91358
2.38887
2.47666
2.79321
2.04557
1.29685
2.23461
3.13086
2.49018
2.90687
2.86552
1.99959
2.0286
1.97709
1.54131
1.71963
1.94042
2.29427
2.62171
1.7044
3.48352
1.7576
2.36138
3.10313
1.47121
2.65191
1.85284
2.34187
1.27598
3.14366
1.68935
3.04309
2.935
2.03957
1.97717
2.25221
2.91356
1.32551
2.42757
1.17637
2.50804
2.30155
3.31369
3.13319
3.15388
2.27988
3.23947
2.24289
1.55037
3.27613
2.46362
2.81169
2.7279
2.05739
1.27617
2.79166
1.40875
1.75612
1.56722
3.03415
1.88176
3.06941
2.87072
2.87276
2.29441
3.20332
3.08027
1.91051
1.42275
1.96069
3.02663
2.49337
2.11341
1.37029
1.946
2.69733
3.00013
3.33142
2.90516
3.11202
1.85314
1.28854
3.42271
3.4326
3.06877
3.07914
1.4905
2.73201
2.90607
2.27579
2.58769
1.79145
2.40034
1.66138
2.87334
3.17789
2.71215
2.42158
1.93861
2.66261
2.38489
1.61667
2.68033
1.70514
1.84881
3.06645
3.22947
1.98052
1.8022
1.69472
1.56105
1.8117
2.46361
2.91114
1.48194
2.08358
2.16155
2.77973
3.18572
1.26505
1.1607
2.54603
2.94136
2.46911
2.96694
3.12366
1.57641
2.2137
1.26966
1.79325
2.63576
2.16436
1.42814
2.09706
2.38378
2.76204
2.42247
1.84185
1.79606
2.52942
3.15047
2.0571
3.17824
2.37622
2.18105
2.27431
1.62034
1.87996
2.73979
2.91602
2.36443
1.54895
2.01081
3.26644
1.58467
3.19083
2.62502
3.31004
2.369
3.5245
2.34578
2.30647
2.34771
3.31753
3.29996
2.78187
2.88767
1.87311
2.65988
1.88152
1.43964
1.69289
3.33873
3.44776
2.48364
2.54405
1.64631
1.20023
2.79177
1.98968
1.44474
2.62306
2.44181
1.56242
2.78144
1.41436
2.93204
2.46139
2.92451
1.86467
2.33581
2.88314
2.78315
2.81968
2.35339
2.42425
2.1925
2.9934
1.81272
2.92461
2.32363
2.77835
2.97185
1.39306
2.36673
2.03341
1.84561
2.62235
3.03304
1.57052
2.63932
3.50373
2.54089
1.97065
2.32742
2.66903
1.3186
2.71245
2.04086
2.46658
1.77679
2.77598
2.25285
2.57229
3.34885
2.61937
2.33098
2.77637
2.06624
2.99699
2.58926
1.85347
3.50263
1.42205
2.78171
3.00152
2.97249
3.21079
2.17666
1.60395
2.89817
1.82668
1.63464
2.40776
2.04956
1.54026
1.04745
1.86355
1.33574
3.3528
2.9307
1.0884
3.08544
2.44236
1.24626
2.4105
2.16448
2.50769
2.5791
1.32728
1.61467
1.63437
2.19572
3.06655
1.38593
2.30237
2.07904
2.7327
1.89116
2.26205
2.94824
2.90953
1.77108
2.65099
1.88807
1.43893
1.94416
1.78719
2.21939
1.8564
1.64478
2.96634
3.0401
2.70925
1.74272
3.44065
2.96567
1.5074
2.13708
1.70841
3.56606
1.95243
3.00659
2.52297
1.60221
1.80042
2.65087
2.2104
2.83335
2.75424
3.39685
2.56805
2.76417
1.98245
1.53501
3.27338
2.63163
3.33115
2.38159
3.34947
3.19959
1.79267
2.69118
3.06572
1.58816
1.49918
2.01581
2.52292
3.35999
2.90401
2.05953
3.18993
2.60885
1.93664
1.66165
2.24226
1.18936
1.7394
1.49192
2.79024
2.50062
2.16547
3.11448
1.70548
2.63682
3.39239
1.97067
3.06548
3.17804
3.08374
2.37327
2.03055
2.51267
1.70851
1.80593
2.92192
1.38498
1.7529
1.67898
3.11603
3.22599
1.52845
2.6111
1.82133
2.39487
2.20257
1.72877
2.38169
1.3841
1.94634
2.83971
2.35803
3.41121
1.69497
1.81568
3.2363
2.49873
2.90861
2.76789
2.11722
3.10076
3.34815
1.04412
2.30272
1.35675
2.37555
2.83763
2.57421
2.38701
2.86415
2.33695
3.19124
1.43303
2.08426
3.48187
2.61145
1.78907
2.81414
3.3536
3.11615
3.04266
1.80448
2.39996
1.76197
2.05017
2.38155
