1.01699
1.00709
1.004
0.998537
1.00659
1.00496
1.0228
1.0285
1.01048
1.00539
0.999807
1.00264
1.00125
1.00615
1.00878
1.00268
1.00937
1.00423
1.00718
1.0407
1.00433
0.998926
1.00233
1.00588
1.00403
1.00928
1.00418
1.0134
0.997697
1.0173
1.00379
1.0005
1.00357
1.00051
1.00515
1.0012
1.00993
1.00932
1.00282
1.00766
1.00373
1.003
1.00627
1.00279
1.00338
1.0022
1.00475
1.0259
1.00053
1.00597
1.00049
1.01039
1.01236
1.00168
0.998754
1.0078
1.02188
1.02195
1.03006
1.01189
1.00159
1.05337
1.00336
1.00073
1.02062
1.02055
1.00939
1.01726
1.00909
0.998304
1.00104
1.001
1.00113
0.999348
1.00111
1.00637
1.00059
1.00741
1.00594
1.00288
1.00983
1.00033
0.999264
0.999821
1.00188
1.00388
1.00322
1.00087
0.999269
1.01837
1.00277
1.00894
1.00704
1.02263
1.011
1.00533
1.00626
1.01159
1.00204
1.01749
1.0055
1.00589
1.00135
1.00531
1.00702
1.00669
1.00829
1.00421
1.00264
1.00502
0.999395
1.00245
1.00618
1.00723
1.02177
1.00501
1.00011
1.00832
1.00717
1.00142
1.002
1.00746
1.00234
1.00593
1.00043
1.0049
1.0123
1.01133
1.00144
1.00339
1.00393
1.03186
1.00309
1.00179
1.02319
1.01034
1.00707
1.00885
1.03176
1.00219
1.00719
1.0019
1.03622
1.0043
1.00942
1.0078
1.00911
1.03086
1.00402
1.00109
1.00195
1.0135
1.00378
1.00585
1.0152
1.00381
1.00347
1.01149
1.0306
1.00174
1.00931
1.00271
1.01451
1.00263
1.0009
1.00385
1.00053
1.00674
1.02297
1.00565
1.0023
1.00676
1.00138
1.00219
1.03353
1.00647
1.01308
1.0056
1.00186
1.0032
1.0157
1.01196
1.0197
1.00864
1.00282
1.00331
1.02759
1.01476
1.01144
0.999449
1.01488
1.00652
1.01497
1.01421
1.01064
1.01684
1.00247
1.03709
1.00882
1.01511
1.00315
1.00986
1.00673
1.01988
1.01839
1.02565
1.00062
1.00809
0.999591
1.02037
1.0009
1.02719
1.01981
1.00796
1.00767
1.01792
1.01429
1.00059
1.00302
1.00333
1.00229
1.01608
1.00039
1.03763
1.00414
1.00631
1.00147
1.02142
1.00684
1.01925
1.00074
1.00732
1.00203
1.01243
1.00031
1.00094
1.00478
1.01192
1.01252
1.03036
1.00495
1.00154
1.00003
1.01041
1.00135
1.00783
1.00773
1.00971
1.02159
1.01512
1.0102
1.0078
1.00029
1.00899
0.999947
0.996592
1.02017
1.00213
1.00403
1.00521
1.00312
1.005
1.00155
1.00581
1.00872
1.02948
1.01003
1.00997
1.00442
1.00362
1.00241
1.00414
1.00534
1.00747
1.00846
1.00607
1.00696
1.00285
1.00198
1.00638
1.02582
1.01384
0.999573
1.01002
1.0136
1.01113
1.01106
0.999859
1.00191
1.00231
1.00044
1.00495
1.00399
1.00344
1.02829
1.0037
1.00301
1.00865
1.00434
1.05422
1.02209
1.00214
1.001
1.00873
1.00431
1.01427
1.00891
1.00879
0.999975
1.00342
1.01285
1.00163
1.01021
1.00625
1.00594
1.00662
1.00203
1.00217
1.00317
1.00682
1.00392
1.00399
1.00189
1.01254
1.02133
1.00924
1.01229
1.03339
1.0223
1.02972
1.00151
1.00525
1.00998
1.00332
1.00002
1.00709
1.00256
1.01098
1.00767
1.00361
1.00915
1.01488
1.01246
1.00101
1.00123
1.00903
1.0034
1.00905
1.00266
1.00353
1.00143
1.00023
1.00477
1.01006
1.00935
1.00215
1.00393
1.00852
1.00128
1.00061
1.00589
1.02112
1.00144
1.00564
1.00428
1.01658
1.03509
1.0084
1.0213
1.00725
1.05035
1.00249
1.00023
1.00526
1.00273
1.00832
1.0012
1.00417
1.00213
0.997951
1.00549
0.99813
1.02271
1.0103
1.0141
1.00233
1.00733
1.00531
1.00702
1.00872
1.00558
1.02474
1.00283
1.01218
1.00198
1.02982
1.0018
1.00126
1.00845
1.00157
1.00423
1.00795
1.00109
1.00685
1.00433
1.00442
1.00006
1.01171
1.03835
1.01856
1.00981
1.00737
1.03319
1.00058
0.998424
1.00044
1.0192
1.01
1.00651
1.01208
1.01948
1.00446
0.996843
1.00258
1.0187
1.00394
1.03579
1.01263
0.999045
1.00822
1.00539
1.00464
1.00017
1.01542
1.00678
1.01197
1.06589
1.01127
1.01832
0.99951
1.00864
1.00317
1.0057
1.00446
1.00596
1.00908
1.01995
1.00497
1.01942
1.01076
1.00252
1.00338
1.00132
1.02523
1.00743
1.00417
1.00555
1.00277
1.00719
1.00147
1.00246
1.01346
1.01635
1.0054
1.00202
1.00142
1.00365
1.00092
1.02288
0.99926
1.00075
1.00519
0.999509
1.00872
1.00181
1.0015
1.01043
1.00174
1.01832
1.01124
1.00025
1.00532
1.00669
1.00823
1.01167
1.01389
1.00967
1.00491
1.01342
1.02393
1.00373
1.00796
1.0137
1.01474
1.0205
1.01393
0.999426
1.01354
1.00406
0.999271
1.01329
1.00914
1.00297
1.01603
1.00278
1.00504
1.00862
1.00207
1.01803
1.00748
1.00713
1.00361
1.00618
1.00926
1.01176
1.00264
1.00624
1.00837
1.01279
1.0067
0.999094
1.00454
1.007
1.00345
1.02082
1.00808
1.00598
1.00483
1.01016
1.03671
1.00287
1.00724
1.00245
1.00318
1.00465
0.999847
1.00668
1.00164
1.01244
1.00034
1.0076
1.0326
1.00325
1.00304
1.0155
1.01052
1.02267
1.00163
1.0042
0.99963
1.0015
1.00653
1.00098
1.0077
1.01706
1.00504
0.999971
1.01059
1.01014
1.00176
1.00444
1.00291
1.00305
1.01648
1.00708
1.01814
1.00127
1.00908
1.00456
1.00629
1.01523
1.01525
1.00108
1.00063
0.999647
1.00098
1.007
1.0033
1.01387
1.00081
1.00771
1.00115
1.01545
1.00951
1.00193
0.99924
0.999936
1.00691
1.00376
1.00239
1.00743
1.00632
1.00687
1.0123
1.01919
1.00248
1.00807
1.00602
1.02198
1.00772
1.00334
1.00434
1.00324
1.00319
1.00248
1.04628
1.00627
1.02173
1.01048
1.00258
1.01488
1.02001
1.02924
1.00341
1.00498
1.00644
1.01185
1.00807
1.00409
1.01498
1.00212
1.00153
1.00639
1.0133
1.01649
1.01018
1.01438
1.00465
1.00963
1.00767
1.0087
1.00219
1.01235
1.00624
1.00268
1.00336
1.02904
1.0008
1.00764
1.01679
1.02135
1.05709
1.0341
0.999643
1.00799
1.0129
1.01523
1.00544
1.00061
1.00367
1.03349
1.0088
1.04567
1.00375
1.00429
1.00215
1.00389
1.00056
1.01149
1.01153
1.01045
1.0035
1.01109
1.02326
1.00498
1.00093
1.0057
1.00231
1.00743
1.00085
1.0279
1.00098
1.00153
1.02291
1.01318
1.00002
1.00994
1.00735
1.02442
1.00793
0.997012
1.01871
1.02384
1.02431
1.016
1.01228
1.00443
1.00322
1.01602
1.02197
1.00867
1.00657
1.00133
1.00607
1.00055
0.999934
1.00479
1.00279
1.01191
1.00084
1.00078
0.999936
1.00134
1.00483
1.00529
1.0074
1.00905
1.00517
1.0025
1.00472
1.04431
1.01629
1.00412
1.00778
1.00563
1.00339
1.03284
1.01263
1.00913
1.00011
1.0115
1.00054
1.00637
1.00755
1.00298
1.01087
1.02333
1.00914
1.00254
1.0113
1.01347
1.00603
1.00222
1.00227
1.0001
1.01061
1.00099
1.00236
1.01647
1.00281
1.01792
1.00246
0.997871
1.00381
1.00074
1.02307
1.0032
1.0035
1.00953
1.00788
0.99958
1.00298
1.00051
1.02378
1.01566
1.01438
1.00533
1.00504
1.01296
1.00082
1.00361
1.00035
1.00086
1.01493
1.00107
1.03004
1.02021
1.01021
1.03246
1.00227
1.00374
1.01568
1.00478
1.02186
1.00593
1.00292
1.00231
1.00185
1.00237
1.01126
0.999505
1.02997
1.00161
1.00297
1.00545
1.00104
1.01111
1.00405
1.00305
1.01348
1.00151
1.00394
1.02636
0.999803
1.0068
1.00473
1.00237
0.998576
1.00694
1.01131
1.00852
1.00169
1.01685
1.00376
0.998886
1.00278
1.00302
1.00309
1.00566
1.00312
1.00649
1.00788
1.01138
1.00738
1.01016
1.02139
1.00637
1.02883
1.01167
1.00946
1.00015
1.0023
1.02479
1.01159
1.0334
1.00019
1.01304
1.00093
1.01989
1.01389
1.00295
1.00686
1.00167
1.00828
1.00274
1.00204
1.00406
1.00259
1.0103
1.01756
1.00908
1.01632
1.00307
1.01516
1.00333
1.00687
1.00702
0.998903
1.00377
1.01562
1.00066
1.02101
1.02479
1.00364
1.00112
1.00644
1.0029
1.00362
1.01184
1.00689
1.00586
1.0107
1.01242
1.00178
1.00329
1.00947
1.00413
1.00691
1.01019
1.00334
1.00005
1.0033
1.0091
1.01453
0.999434
1.00081
1.00283
1.00007
0.999766
1.00535
1.00615
1.00332
1.00296
1.0026
1.01243
1.00468
1.00302
1.00312
1.00055
1.00488
1.00467
1.00739
1.01302
1.00275
1.00679
1.03194
0.99844
1.01215
1.00617
1.00905
1.00385
1.02392
1.03741
1.00152
1.00797
1.00744
1.00559
1.01996
1.03895
1.012
1.00735
1.00448
1.0049
1.01858
1.0002
1.00753
1.02418
1.00348
1.02944
1.00452
1.00907
1.02017
1.00097
1.00786
1.00527
1.00387
1.00825
1.00926
1.00328
1.00619
1.00061
1.00332
1.00073
1.00156
1.0146
1.00939
1.0057
1.00298
1.00458
1.00072
1.00381
0.9998
1.00566
1.00037
1.00836
1.02592
1.00846
1.01595
1.00955
1.00011
1.00489
0.999049
0.999882
1.00262
1.01375
1.03821
1.03767
1.00894
1.00438
1.00156
1.00206
1.0126
1.00106
1.00374
1.00166
0.996015
1.003
1.01139
1.00993
1.01602
1.00239
1.0058
1.00125
1.00333
1.00751
0.997887
1.00467
1.00444
1.00647
1.00645
1.00085
1.00713
1.00119
1.00669
1.00542
1.03153
0.999843
1.02392
0.998598
1.00403
1.02984
1.04356
0.999425
1.00362
1.016
1.00462
1.02515
1.00227
1.01339
1.00745
3.14871
2.1251
1.76593
1.86244
3.42184
2.19533
3.11201
3.17653
2.45152
1.57935
1.91702
2.32029
2.48342
2.48379
2.81844
2.27108
2.57098
1.89175
2.055
3.27348
1.52924
2.42578
2.12409
1.38972
2.62415
3.2333
2.62071
3.28292
1.97226
2.91044
1.95628
2.64131
3.26406
1.37403
2.99034
2.38446
3.31334
2.08557
1.49505
2.14104
1.81002
1.90361
1.27274
2.26633
2.1302
2.59221
2.13966
3.40174
1.54742
2.08711
1.78501
2.45231
2.34395
1.42755
1.87606
3.0685
3.22289
3.1037
3.43129
2.63958
1.52683
3.57517
2.37303
2.23245
3.44297
3.25797
2.79912
2.91634
3.09625
1.57646
2.25259
2.73983
1.31115
1.16751
2.58089
2.65787
2.06835
2.95716
2.41677
2.76974
3.33639
1.81626
2.64716
1.75839
1.60735
2.20946
2.91746
2.04638
2.16654
2.50946
2.49652
3.19051
2.20263
3.44869
3.24477
1.8121
1.90346
3.03232
2.91849
2.93993
3.15185
1.8013
2.5344
2.55366
2.54588
1.96497
2.01746
2.76516
1.76303
2.54529
2.03972
2.95289
2.20268
1.18754
2.39523
1.20934
1.90181
2.3121
1.64454
1.83662
2.06069
2.27456
2.2194
2.82024
2.2041
2.3994
2.81796
2.07051
2.51718
2.86252
1.74549
3.23247
1.07148
1.73643
3.43643
2.65734
1.64211
2.98137
3.45971
2.43239
2.81621
2.65978
3.41796
3.05806
2.10493
2.89714
3.20116
3.18411
1.6211
2.57018
2.51699
2.86627
2.40451
1.809
2.97624
2.19093
3.10332
3.36804
3.07045
2.03947
2.77124
1.79011
2.82668
2.00276
2.1185
3.17905
1.41991
3.33322
3.62267
2.70902
2.66946
2.11879
1.54749
2.34612
3.30663
2.82169
2.35633
2.54336
1.85687
2.80752
2.40993
2.51372
2.82916
2.65297
1.48593
1.67419
3.3948
3.2261
2.92691
1.5902
1.87667
2.45082
3.0516
2.61072
2.98493
2.77693
2.27301
2.58802
2.87757
3.23161
1.25593
3.43225
1.31135
2.87068
3.15235
3.29907
2.664
2.55353
2.387
2.38005
1.57402
3.35779
3.40957
1.91998
3.27337
2.92582
3.28496
3.06809
1.65615
3.14891
1.58054
2.94054
1.5289
3.40656
1.62705
3.14931
2.82054
3.3994
2.59501
3.41645
2.17461
2.654
2.86177
2.68094
1.98391
1.99499
2.32769
3.06237
2.29117
3.14381
3.25491
2.91677
2.30411
2.93043
2.5583
3.15875
2.77302
2.90608
2.90011
2.71693
3.05293
2.50514
2.26619
2.26523
1.85298
1.26074
3.48794
1.56137
2.47996
1.47517
2.33112
2.93154
2.63172
3.02458
3.05994
3.41027
1.30134
2.65712
1.23268
2.81636
2.13336
2.4454
3.0422
3.13789
2.93483
1.94655
2.97514
2.62707
2.39933
2.52258
3.32096
2.23036
1.66474
2.8107
2.54561
2.49115
1.663
2.67655
3.05026
1.531
1.46085
2.53749
1.98809
2.16364
2.68406
2.15338
3.012
2.70874
2.2804
3.27584
3.29108
1.84972
1.52321
2.93593
3.1979
3.45415
3.19173
3.02081
2.23173
2.16284
2.82447
2.04973
3.1183
1.89994
2.06652
1.67633
2.42935
2.10643
3.04001
1.23577
2.06591
2.19069
2.89287
2.75145
3.41832
1.48758
2.59118
3.15569
3.27236
3.12969
1.80492
2.51099
2.84311
1.54517
1.7825
2.74808
1.68187
2.8366
3.07814
3.42343
2.95801
3.29389
3.0787
2.24106
2.6394
2.4868
2.18117
2.98882
2.04409
1.62719
1.88102
2.64041
1.67277
2.7523
2.49715
1.58979
2.03571
2.83919
1.28154
2.29201
1.69973
2.67922
2.38493
2.10131
2.06526
3.047
3.48874
1.956
2.99906
2.06518
3.42836
2.26808
2.27395
2.11691
1.80352
2.27816
3.08186
2.17257
2.87226
1.31841
1.45769
2.1604
2.99987
2.84005
3.38412
1.89323
2.14769
2.52442
2.75574
2.88498
2.08128
3.33341
2.8633
1.98486
2.70023
3.19123
1.4218
1.29373
2.87624
1.39056
2.68747
2.75313
2.70675
2.65212
2.54318
1.29976
1.65146
2.41147
3.4294
3.52077
2.73975
2.11469
3.08985
3.00399
2.03872
2.41467
2.9759
2.6828
2.5571
3.09408
3.34782
2.67132
1.53127
2.9193
2.74842
3.19547
3.24508
2.6011
1.69859
3.15071
3.30789
2.12981
1.29521
3.11253
2.0935
2.99799
3.5168
2.19887
3.19877
1.94566
2.62985
2.28448
1.06234
2.15487
2.53408
3.04827
2.91186
2.03576
3.31155
2.41624
2.14239
1.91597
2.09307
3.26844
3.29435
2.11355
2.16212
2.07767
2.92323
1.71053
3.00585
3.07594
3.18849
2.98694
2.39889
1.03248
2.53939
2.02417
2.85528
2.07026
1.13755
2.87882
2.13173
2.61455
1.68642
1.94059
2.93115
2.13151
3.04645
2.49437
1.97946
3.25222
1.71583
2.83402
2.91616
2.92587
3.07873
1.69808
2.41485
3.18935
1.43819
3.00033
2.87642
2.86444
3.63838
2.86796
1.74944
2.98768
1.30632
1.5705
2.68374
2.3918
1.82582
3.03032
1.69169
2.22075
2.87505
1.9139
2.77751
1.73471
2.56445
3.29549
1.64772
2.64498
3.22911
1.43056
3.15227
2.93123
3.01203
2.60033
1.23416
1.95081
3.12311
2.7093
3.12986
2.63666
1.52561
2.60595
3.1773
3.19898
2.89946
1.81556
2.25554
1.66056
2.06926
1.45442
2.42525
2.6044
3.14071
1.77255
3.09267
3.40484
2.45574
1.9699
2.96904
2.4694
3.13331
2.55981
2.08283
1.84367
1.98387
2.14225
1.92437
1.9491
2.99362
2.75955
2.70384
2.60385
2.304
1.95075
1.65662
1.67912
2.21848
2.60424
2.65494
3.11381
1.98099
2.70392
1.88293
2.62632
3.01279
2.71087
1.64174
1.97964
1.77271
1.40312
1.63809
2.83421
2.64502
2.82651
1.97265
2.26136
2.52942
2.89934
1.69231
2.58273
2.48052
2.3457
2.12837
2.30417
2.52879
2.63437
3.26191
3.31101
2.91857
1.08309
2.3316
1.6793
3.17371
1.77369
2.28504
2.58713
1.73842
1.8415
1.99245
2.98308
3.03312
3.3535
2.3694
1.86678
2.57325
3.23595
3.34963
2.41288
2.82075
1.61206
2.85704
3.19585
2.81938
2.46816
2.35482
2.54998
3.39145
3.29139
3.06944
1.95133
3.21854
2.49257
1.55004
3.2231
1.97915
1.64046
2.85779
3.28112
2.08962
2.56732
3.26834
1.63745
2.16934
3.27707
3.08563
3.75366
3.03742
2.65841
2.52289
2.6808
3.37846
1.31736
1.80177
1.52659
3.14121
2.34219
3.2839
2.19413
1.85382
3.31309
2.75513
1.54668
2.93452
3.02044
2.34421
2.95312
2.28804
2.82314
2.07682
2.38272
2.03124
1.85221
2.62088
2.97906
3.17523
2.67359
1.72451
3.02195
2.82991
1.73944
2.57517
2.32407
3.288
2.24342
1.88636
3.28506
3.37489
3.47783
2.96931
2.52329
1.4958
1.63231
2.67054
2.98981
2.92773
2.47421
2.08439
2.07806
1.97345
2.81075
2.54396
2.69097
2.60191
2.28182
1.4446
2.02944
2.15576
2.41417
1.27302
2.97151
2.6011
2.61861
1.43985
2.41441
2.9901
2.8868
2.78986
3.23075
1.9027
1.83526
3.25932
2.52406
2.38798
2.00865
2.16359
2.02484
2.37188
2.58894
1.90062
1.27867
3.28125
2.59831
2.73487
3.33245
2.4888
1.6304
2.0218
2.79667
2.59469
1.26044
2.65319
2.26533
3.48157
2.34457
2.99292
1.26281
2.04714
2.23667
1.86386
2.99265
2.45348
2.44922
2.95052
2.42335
1.61359
1.68662
1.90312
3.24199
3.44728
3.00485
1.99154
2.18541
2.45613
2.699
2.53744
2.69191
2.23496
3.39452
1.26769
3.28341
2.98151
2.71432
2.9603
1.83224
1.70354
2.77203
1.20746
3.24942
1.99817
3.13099
2.59541
2.09377
1.61172
2.70315
1.87225
3.59271
1.9173
1.82464
1.97225
2.34715
2.05071
2.91707
2.25438
2.50449
1.25748
3.01953
3.02728
2.07839
2.1169
2.95376
1.32084
2.19668
3.18507
2.83988
3.28231
2.45274
2.88979
1.89105
2.76559
2.13638
2.26744
1.51447
2.6344
2.21384
2.45598
1.81105
1.96602
3.33169
3.10748
3.42514
2.24567
2.68226
2.13967
2.55957
1.99027
1.28022
3.14931
2.18858
3.13267
1.23854
3.13849
1.76705
3.09997
2.53051
3.21911
1.78745
1.35067
2.66704
2.79989
2.92819
1.50059
1.98731
2.99505
2.64463
3.2129
3.13865
1.56511
2.7051
2.78824
2.71587
2.78614
1.62513
2.13406
3.08017
1.44672
2.82842
2.94935
1.92844
2.05747
2.74051
2.03508
2.7929
2.47498
3.13913
1.71883
2.8262
2.22688
1.0579
1.6616
2.62576
1.82496
2.67907
2.71497
2.88007
2.47968
2.39205
2.45411
2.74786
1.61754
2.37388
2.26809
2.72664
1.49157
2.01407
2.60441
1.38338
2.47771
2.59304
2.50306
2.0821
2.00652
2.2299
2.34452
1.48132
2.23469
3.24101
3.10294
2.12948
1.94436
3.2062
2.03627
3.28863
2.79569
2.27653
3.09751
2.69274
3.60462
2.85908
1.74235
2.7937
2.35121
3.58857
3.18435
3.00715
1.55691
2.69802
2.68486
2.73357
1.87397
1.70097
3.08997
2.02756
3.47822
2.18405
2.18326
3.28877
2.84007
2.69658
1.92012
3.15667
1.93783
2.75933
2.76193
2.77812
2.09746
2.98285
2.12518
1.30558
3.10129
2.17675
1.45176
1.64317
2.32763
2.37012
1.93523
2.3622
2.95021
2.73161
2.88521
3.31801
2.90815
2.5986
2.17918
1.75906
2.20813
2.53061
2.61584
1.90888
2.83063
3.40388
3.27061
3.45292
2.61256
1.50542
2.63548
3.09844
2.4291
1.80815
2.01376
1.58791
1.56852
3.15593
1.67631
3.23043
2.24783
1.07573
2.82457
3.04079
2.8334
1.97836
2.22803
2.08182
1.68442
2.17137
2.09583
2.73848
1.37513
2.08761
2.82164
3.1329
1.5752
3.27938
1.52907
1.67171
3.5955
3.63026
2.28341
2.23425
2.80528
2.7208
3.26787
2.05497
2.59719
3.12389
3.21571
2.24373
2.009
1.9988
3.50497
2.23988
3.14955
3.27867
2.50135
1.70012
2.24676
2.46202
2.51344
2.61234
3.04174
2.77498
2.57098
1.96422
2.11782
3.56873
1.58248
2.59322
2.26177
1.43623
2.69472
3.35999
2.72076
3.33917
2.10332
2.95967
2.00739
3.17072
3.40679
1.52234
3.37435
2.65323
3.60667
2.16788
1.60903
2.22487
1.92767
1.9423
1.3176
2.68488
2.49902
2.74465
2.13966
3.42873
1.70157
2.12427
1.94672
2.53423
2.42587
1.55992
1.90231
3.24905
3.22289
3.17049
3.47125
2.66476
1.54321
3.7259
2.66583
2.36068
3.50391
3.33648
2.84655
2.98207
3.26701
1.65703
2.53806
2.91052
1.33095
1.30951
2.93529
2.71562
2.11622
3.09728
2.53517
3.19925
3.59247
2.16829
3.10952
1.82892
1.92149
2.41017
3.3203
2.23908
2.35576
2.50946
3.04865
3.29249
2.25348
3.5029
3.28273
2.03523
2.11865
3.13754
3.10541
2.96979
3.32032
1.93941
2.67333
2.66715
2.62519
2.03365
2.01746
3.16334
1.83276
2.58851
2.59077
3.39064
2.29054
1.18754
2.39523
1.37768
2.05963
2.46103
1.71971
1.97006
2.39988
2.37321
2.33027
2.88878
2.29074
2.49611
2.86821
2.08646
2.71082
3.08323
1.82785
3.33093
1.10651
2.1196
3.46935
2.70163
1.6855
3.06084
3.50401
2.66965
2.90516
2.85688
3.44424
3.34514
2.11729
2.92955
3.38517
3.31076
1.65371
2.7249
2.85052
2.86627
2.58182
1.87564
3.02619
2.26995
3.29078
3.57074
3.07045
2.05161
2.82253
1.81441
2.87997
2.06469
2.15763
3.3728
1.42838
3.55732
3.68421
2.78289
3.17614
2.25724
1.76857
2.37087
3.36652
2.94687
2.39579
2.71352
1.95453
2.95723
2.50382
2.58377
2.88875
2.72257
1.54002
1.75899
3.46526
3.53434
3.1557
1.63611
1.8904
2.69917
3.19393
2.69451
3.12568
2.80211
2.34469
2.61422
2.93153
3.31021
1.28616
3.58213
1.38187
2.92466
3.54547
3.362
3.26467
2.6764
2.66123
2.42007
1.62009
3.66416
3.52146
1.96386
3.35366
3.03851
3.41145
3.33786
1.70174
3.41118
1.62982
3.00081
1.56356
3.65172
1.66712
3.39703
2.93378
3.42813
2.81805
3.57338
2.2447
2.97582
3.0334
2.72134
2.12667
2.08239
2.32769
3.17852
2.39431
3.35549
3.30131
3.01344
2.6801
3.03144
2.6433
3.46063
2.86291
2.99115
2.97518
2.76693
3.24286
2.61777
2.60996
2.39567
1.95996
1.45573
3.51895
1.75411
2.75411
1.51174
2.45791
3.06112
2.73331
3.2355
3.07953
3.46119
1.32177
2.71922
1.32176
2.94555
2.26435
2.52166
3.19974
3.48754
2.97207
1.98505
3.04512
2.70035
2.50758
2.59648
3.38899
2.38246
1.83852
2.85936
2.58499
2.52987
1.73047
2.9659
3.21802
1.55228
1.51347
2.64327
2.19055
2.2664
2.7418
2.29954
3.28037
2.82098
2.36883
3.3617
3.47524
2.08535
1.56911
3.00022
3.44872
3.45415
3.27356
3.18019
2.33503
2.30103
2.93526
2.09238
3.19234
2.00813
2.11687
1.84351
2.59093
2.19757
3.32846
1.24987
2.25611
2.31566
3.19709
2.98709
3.56086
1.52326
2.74926
3.21035
3.29279
3.16757
1.98535
2.63955
2.87129
1.59195
1.81602
2.95817
1.74763
2.91283
3.28498
3.56097
3.10482
3.38492
3.17562
2.29567
3.0636
2.66147
2.2562
3.28878
2.13678
1.67342
2.05748
2.96097
1.71939
2.85974
2.61132
1.59998
2.08307
3.05541
1.31212
2.49579
1.71953
2.73717
2.57548
2.21858
2.22368
3.15125
3.54698
2.03727
3.18537
2.12766
3.54565
2.32358
2.61496
2.17767
1.85996
2.42453
3.28938
2.22096
3.03117
1.40747
1.55173
2.32975
3.08358
3.04101
3.63673
1.98323
2.24071
2.60296
2.8867
2.96138
2.28157
3.54239
3.27012
2.00847
3.29505
3.28027
1.43645
1.72976
3.00482
1.51787
3.02762
2.87702
2.84023
2.74634
2.75178
1.39066
1.90883
2.52001
3.46935
3.70064
2.77667
2.20497
3.20378
3.37924
2.09316
2.70005
3.11476
2.87002
2.59994
3.34021
3.44138
2.72384
1.6298
3.34867
2.84974
3.45503
3.24508
2.64288
1.80934
3.47814
3.47167
2.18208
1.4599
3.19635
2.2049
3.09171
3.66619
2.34463
3.19877
2.00251
2.79414
2.69737
1.17748
2.26924
2.61466
3.60195
2.98297
2.05309
3.3385
2.54783
2.31423
1.94583
2.18262
3.29748
3.55071
2.14653
2.50046
2.23618
3.09981
1.7743
3.0991
3.38745
3.23362
3.05175
2.54823
1.14591
2.71552
3.11789
2.96277
2.31027
1.28298
2.95749
2.32837
2.94091
1.75242
2.06636
2.94995
2.2129
3.06359
2.5555
2.12674
3.4316
1.82902
2.99122
3.0536
3.02603
3.32833
1.77127
2.56596
3.26352
1.62421
3.10955
2.93297
2.9192
3.69976
2.9564
1.80486
3.08185
1.33633
1.6267
2.87926
2.44369
1.83711
3.12892
1.74277
2.43939
3.05827
1.95316
2.79806
1.88544
2.79041
3.47681
1.76419
2.64498
3.39597
1.57667
3.4507
2.98451
3.07282
2.90977
1.27438
2.00311
3.46393
3.39831
3.54334
2.76433
1.67141
2.66682
3.31647
3.22465
3.13862
1.85643
2.47987
1.88803
2.11133
1.49623
2.59375
2.81923
3.25992
1.85795
3.34119
3.40484
2.52147
2.00477
2.96904
2.5663
3.21796
2.72098
2.2036
1.8655
2.08897
2.23809
2.34377
1.96138
3.07854
3.00462
2.88574
2.64673
2.32285
2.0786
1.69185
1.75532
2.25428
2.62523
3.09634
3.29576
2.03624
2.78531
1.9965
2.7533
3.0795
2.74936
1.72561
2.10081
1.79558
1.70002
1.69956
2.90598
2.72716
2.91682
2.00104
2.37791
2.54748
3.28839
1.74487
2.93309
2.97378
2.70755
2.42648
2.40757
2.6283
2.73714
3.49793
3.3909
3.04886
1.10006
2.41543
1.74488
3.27211
1.82695
2.30915
2.62732
1.85052
1.85651
2.05551
3.00605
3.2308
3.39631
2.40057
2.01822
2.63123
3.42334
3.45353
2.54597
2.91255
1.67017
3.08433
3.55742
2.90572
2.58378
2.8487
3.07774
3.60396
3.36076
3.15823
2.07109
3.311
2.63011
1.57831
3.41043
2.11412
1.69598
2.95609
3.6149
2.15612
2.96572
3.36711
1.91829
2.18675
3.41554
3.14089
3.90252
3.14698
2.9233
2.63491
2.83506
3.44802
1.37188
1.86992
1.54726
3.17455
2.53266
3.38124
2.27728
1.90333
3.64793
3.08173
1.61484
3.32455
3.21539
2.42316
3.23603
2.32575
2.85204
2.27379
2.80185
2.14966
1.88332
2.67398
3.31439
3.26941
2.85318
1.8
3.04054
2.93353
2.09437
2.59311
2.65053
3.37711
2.24342
2.05131
3.48766
3.45622
3.47783
2.96931
2.59335
1.60325
1.85597
2.79778
3.03118
3.4678
2.64747
2.28616
2.13806
2.04789
2.94364
2.66908
2.91596
2.64476
2.48058
1.67013
2.12468
2.24438
2.64945
1.39863
2.99216
2.68603
2.80085
1.63955
2.48073
3.04365
2.94921
3.21833
3.24473
1.98184
2.22228
3.28705
2.5569
2.40301
2.08961
2.19792
2.33262
2.4347
2.71821
2.02866
1.51931
3.31519
2.70085
2.89257
3.39935
2.4888
1.70022
2.16188
3.08263
2.92358
1.35348
2.89116
2.45695
3.71852
2.51905
3.1341
1.40743
2.06219
2.30635
1.95754
3.08483
2.7268
2.63132
3.02328
2.5249
1.80856
1.68662
2.08403
3.55131
3.58384
3.15251
2.01517
2.53661
2.63067
2.91482
2.63085
2.88363
2.35631
3.49867
1.38798
3.28341
3.05724
2.84023
3.03757
1.89453
1.82439
2.81228
1.30878
3.24942
2.14205
3.25873
2.76386
2.45329
1.73719
2.7931
2.00319
3.66867
2.52493
1.95153
2.10504
2.48135
2.1139
3.21146
2.37288
2.50449
1.36361
3.15715
3.22309
2.37325
2.17211
2.9993
1.41685
2.5929
3.44305
3.0366
3.53635
2.6867
3.03175
1.93832
2.88116
2.13638
2.36099
1.57211
2.91569
2.37777
2.77304
1.96127
2.14447
3.46804
3.40979
3.57527
2.77303
2.75507
2.18966
2.68498
2.02309
1.44132
3.14931
2.18858
3.1682
1.39324
3.28731
1.84836
3.2276
2.62203
3.53753
1.83568
1.39256
2.8044
3.32329
3.46046
1.52821
2.1218
3.5403
2.73253
3.47135
3.32564
1.57562
2.75938
2.91524
2.99429
2.95599
1.82619
2.29045
3.1708
1.49776
2.94099
3.0421
2.14382
2.29971
2.78292
2.07156
3.04317
2.48977
3.35242
1.8807
2.91195
2.22688
1.10279
1.8785
2.71638
1.88008
2.96556
3.22123
3.05385
2.62704
2.58827
2.53677
2.7764
1.82779
2.70622
2.3636
3.11161
1.71753
2.19305
2.62858
1.4192
2.62794
2.95483
2.58949
2.17898
2.04632
2.40116
2.43161
1.53213
2.38882
3.56369
3.19407
2.3972
1.97491
3.27591
2.09866
3.3394
3.02289
2.34489
3.75873
2.72511
3.73842
3.2654
1.78069
2.90329
2.45975
3.62019
3.74994
3.04223
1.77186
3.11947
2.82562
2.85356
2.00913
1.83745
3.08997
2.21712
3.72414
2.23685
2.22017
3.35299
3.34023
2.78786
1.97089
3.58012
1.95759
2.84105
3.18609
2.91732
2.33861
3.09866
2.23423
1.41732
3.15496
2.26103
1.45176
1.89254
2.38834
2.6234
2.03792
2.83838
2.96377
2.98357
2.90837
3.63032
2.96468
2.72693
2.20581
1.88186
2.27035
2.58354
2.63493
2.04134
2.83063
3.45024
3.34892
3.72076
2.6687
1.62627
2.7039
3.2246
2.69933
1.80815
2.12576
1.66227
1.59634
3.47835
1.71706
3.25942
2.40437
1.14687
3.10977
3.60861
2.98361
2.06687
2.40388
2.15028
1.70678
2.35213
2.12981
3.35896
1.40221
2.2413
2.99336
3.23437
1.60954
3.45244
1.70636
1.71184
3.66775
3.75387
2.73501
2.30022
2.82626
3.09458
3.30156
2.20689
2.64048
3.3132
3.14002
2.10312
1.74941
1.84121
3.37177
2.16606
3.11201
3.14091
2.45152
1.54988
1.85016
2.28235
2.457
2.4147
2.79338
2.23069
2.55492
1.86125
2.00113
3.27348
1.52201
2.42578
2.08514
1.38708
2.62415
3.15514
2.53166
3.07419
1.85759
2.91044
1.93853
2.56645
3.12624
1.34612
2.92324
2.30349
3.29125
2.08557
1.47578
2.11728
1.79124
1.90361
1.24891
2.22055
2.06704
2.48929
2.12533
3.40174
1.53131
2.06369
1.74677
2.39587
2.34395
1.32592
1.82361
3.02612
3.19313
3.1037
3.43129
2.63958
1.51561
3.57517
2.32954
2.21052
3.39827
3.18891
2.79912
2.91634
3.06073
1.56383
2.23114
2.62452
1.3007
1.14767
2.52893
2.65787
2.01696
2.92136
2.37866
2.75096
3.11091
1.80286
2.59266
1.71451
1.58982
2.17889
2.87288
1.89288
2.03527
2.50946
2.42738
3.09845
2.1935
3.44869
3.24477
1.71166
1.85862
3.03232
2.88846
2.89096
3.06897
1.78872
2.51714
2.52869
2.54588
1.96497
2.01746
2.71336
1.72922
2.54529
1.88248
2.93085
2.18193
1.18754
2.39523
1.17224
1.87807
2.29137
1.6248
1.77324
2.03844
2.23361
2.1771
2.69892
2.17442
2.33029
2.81796
2.03937
2.40591
2.82459
1.71165
3.21029
1.0615
1.65805
3.43643
2.65734
1.61291
2.86996
3.29662
2.40454
2.78303
2.6233
3.41796
2.98914
2.10493
2.89714
3.1351
3.16407
1.61371
2.52933
2.45825
2.86627
2.33856
1.80378
2.97624
2.14599
3.08932
3.25716
3.07045
2.02848
2.77124
1.78018
2.82668
1.93979
2.03852
3.11097
1.41991
3.31299
3.48027
2.69397
2.62716
2.06897
1.50993
2.33632
3.30663
2.82169
2.34378
2.54336
1.82543
2.71902
2.40993
2.51372
2.82916
2.63899
1.48265
1.64152
3.364
3.19033
2.89376
1.58217
1.87667
2.43616
3.0516
2.61072
2.92138
2.77693
2.27301
2.54819
2.86316
3.08536
1.22263
3.29263
1.30372
2.76717
3.07012
3.27656
2.59566
2.54431
2.29258
2.36755
1.56532
3.13469
3.40957
1.82799
3.27337
2.92582
3.26591
3.02179
1.586
3.09473
1.56762
2.94054
1.51823
3.37555
1.58764
3.13333
2.82054
3.3994
2.57217
3.2993
2.11143
2.63805
2.79236
2.68094
1.96606
1.9207
2.32769
2.98157
2.24962
3.12438
3.22721
2.89197
2.27196
2.93043
2.5583
3.15875
2.73298
2.90608
2.90011
2.71693
3.0433
2.49472
2.23476
2.22718
1.82864
1.23571
3.46236
1.5331
2.44918
1.47517
2.30142
2.87568
2.61527
2.994
3.05994
3.41027
1.2722
2.62059
1.20603
2.75517
2.11089
2.4454
3.00939
3.01905
2.93483
1.94655
2.88189
2.59026
2.33118
2.45502
3.26981
2.21736
1.6294
2.71742
2.54561
2.49115
1.60735
2.66952
3.01585
1.531
1.46085
2.49024
1.92581
2.14421
2.65276
2.14613
2.99156
2.70874
2.2804
3.25476
3.2437
1.8348
1.52321
2.93593
3.03948
3.45415
3.19173
2.96399
2.16499
2.13187
2.7528
2.02102
3.07821
1.87743
2.0508
1.65566
2.36729
2.10643
3.01758
1.22561
2.03769
2.13154
2.80601
2.705
3.3487
1.44549
2.5629
3.15569
3.27236
3.12969
1.78942
2.49219
2.77552
1.52086
1.7825
2.71358
1.68187
2.82769
2.99247
3.3561
2.91942
3.09883
3.0787
2.22254
2.59232
2.43076
2.10471
2.92539
1.98173
1.60293
1.87433
2.60363
1.67277
2.73612
2.49715
1.58979
1.9475
2.74264
1.28154
2.17373
1.68954
2.6445
2.2358
2.02611
1.90823
3.047
3.34831
1.93322
2.99906
2.06518
3.34819
2.18781
2.22996
2.10717
1.76095
2.2486
3.07106
2.09868
2.84954
1.30768
1.43562
2.14431
2.85934
2.79752
3.33537
1.81626
2.12368
2.52442
2.74149
2.79114
2.04399
3.29208
2.78521
1.91764
2.58345
3.19123
1.40403
1.25357
2.80509
1.3675
2.58959
2.6629
2.64812
2.63821
2.51011
1.27511
1.61814
2.40259
3.41102
3.52077
2.67797
2.1078
3.08985
2.93473
2.0283
2.31657
2.96264
2.57107
2.54205
3.0797
3.34782
2.6544
1.49624
2.86858
2.74842
3.14302
3.24508
2.53699
1.66701
3.11051
3.1697
2.12035
1.27417
3.0059
2.06834
2.97803
3.5168
2.19887
3.19877
1.86493
2.62396
2.17182
1.05513
2.14424
2.53408
3.00765
2.89675
2.03576
3.31155
2.3881
2.11563
1.90142
2.05032
3.26844
3.14458
2.05216
2.13906
2.00798
2.90754
1.7009
2.9104
2.98993
2.96496
2.94147
2.29582
1.03248
2.4988
1.93878
2.78441
1.95114
1.12469
2.78272
2.12688
2.55651
1.68051
1.88667
2.91673
2.10469
3.04645
2.48405
1.93492
3.14442
1.71583
2.81808
2.91616
2.9097
3.03174
1.68628
2.3328
3.18935
1.41383
2.98214
2.87642
2.86444
3.63838
2.86796
1.70388
2.98768
1.28725
1.5414
2.64133
2.3918
1.82582
3.00689
1.66354
2.15815
2.79478
1.9139
2.77751
1.69669
2.54056
3.2011
1.64446
2.62396
3.22911
1.40828
3.1122
2.92137
2.99362
2.5784
1.22317
1.91628
3.07553
2.6036
3.09436
2.61858
1.50748
2.60595
3.06522
3.19898
2.82599
1.81556
2.25154
1.57926
2.01492
1.43539
2.36633
2.58288
3.14071
1.73044
3.03034
3.40484
2.35596
1.9699
2.96904
2.4694
3.00733
2.44657
1.99094
1.81706
1.9469
2.13257
1.76099
1.94039
2.99362
2.74716
2.6904
2.60385
2.29281
1.94726
1.64963
1.64218
2.20649
2.58751
2.63013
3.02763
1.98099
2.70392
1.84774
2.60708
3.01279
2.68088
1.63283
1.88899
1.77271
1.39271
1.61589
2.82
2.57355
2.77729
1.97265
2.24272
2.52942
2.80416
1.69231
2.46081
2.40492
2.32102
2.11148
2.30417
2.4393
2.61841
3.24518
3.31101
2.91857
1.08309
2.31527
1.6793
3.11869
1.77369
2.28504
2.51506
1.71881
1.83105
1.93487
2.98308
3.00596
3.3535
2.2433
1.84816
2.57325
3.2236
3.32004
2.38963
2.82075
1.58023
2.73485
3.15377
2.80684
2.41337
2.32226
2.46922
3.32683
3.29139
2.92186
1.92514
3.16295
2.46234
1.50296
3.17291
1.94769
1.64046
2.80041
3.21624
2.08962
2.40738
3.26834
1.60042
2.16934
3.27707
3.06187
3.59141
3.01991
2.60357
2.52289
2.6808
3.2747
1.31736
1.76402
1.51945
3.14121
2.31664
3.2839
2.19413
1.8472
3.27891
2.69314
1.53287
2.88813
3.02044
2.34421
2.81747
2.28804
2.77774
2.05519
2.2744
2.02627
1.83638
2.60783
2.94794
3.17523
2.63879
1.68209
2.98726
2.75551
1.70607
2.57517
2.61024
3.288
2.24342
1.84977
3.21626
3.37489
3.47783
2.94978
2.52329
1.45062
1.58797
2.67054
2.98981
2.92773
2.44068
2.07132
2.07806
1.96867
2.72695
2.49188
2.66905
2.60191
2.24508
1.42939
1.97247
2.12228
2.33418
1.24389
2.938
2.57074
2.56651
1.39261
2.40131
2.9901
2.8868
2.73252
3.23075
1.89347
1.80148
3.19812
2.46959
2.38798
1.99329
2.16359
1.99468
2.37188
2.56375
1.80533
1.26674
3.28125
2.59831
2.70412
3.31486
2.4888
1.60983
2.00697
2.72656
2.50327
1.23657
2.41216
2.2064
3.40294
2.31941
2.92903
1.23947
2.02358
2.23667
1.85409
2.9634
2.42304
2.39702
2.80366
2.38651
1.55184
1.68662
1.89231
3.15676
3.39778
3.00485
1.99154
2.15406
2.43451
2.63818
2.53388
2.62415
2.22541
3.39452
1.2233
3.28341
2.96708
2.6984
2.9603
1.83224
1.68084
2.77203
1.1899
3.2248
1.99112
3.11233
2.49662
2.02444
1.55161
2.67515
1.86405
3.57432
1.90835
1.80059
1.91368
2.30225
2.01158
2.83476
2.18617
2.50449
1.21459
3.00208
2.99449
1.97419
2.10529
2.95376
1.30495
2.14878
3.15127
2.83988
3.04615
2.4289
2.88979
1.86466
2.73358
2.13638
2.21971
1.49181
2.61054
2.17723
2.40402
1.7839
1.89911
3.29826
3.00647
3.40787
2.19791
2.68226
2.13967
2.54225
1.96116
1.25415
3.12057
2.09148
3.13267
1.20316
3.12986
1.76705
3.00165
2.53051
3.19405
1.774
1.30971
2.65553
2.73372
2.83069
1.50059
1.96353
2.92127
2.64463
3.17625
3.09501
1.55362
2.7051
2.69544
2.68678
2.72975
1.60855
2.10432
3.08017
1.41673
2.82842
2.86122
1.89022
2.00209
2.69855
2.03508
2.74752
2.47498
3.0686
1.66819
2.81601
2.21057
1.04948
1.6006
2.62576
1.81585
2.64838
2.6682
2.81621
2.37876
2.3666
2.43933
2.74786
1.59926
2.3403
2.24715
2.6824
1.45174
1.96105
2.60441
1.37241
2.46665
2.48497
2.42071
2.04584
1.96054
2.14032
2.32603
1.43307
2.18021
3.22002
3.05484
2.06682
1.94436
3.18362
1.97915
3.20828
2.77185
2.25328
2.92995
2.66404
3.58118
2.80735
1.74235
2.6669
2.35121
3.58857
3.16898
2.96776
1.47805
2.65464
2.65807
2.72038
1.85868
1.67208
3.08997
1.95124
3.47822
2.18405
2.18326
3.28877
2.67923
2.68329
1.88161
3.11896
1.93783
2.75553
2.71589
2.75251
2.0437
2.95523
2.03785
1.25142
3.10129
2.17675
1.45176
1.6226
2.31844
2.35331
1.91226
2.29622
2.95021
2.72433
2.88521
3.25656
2.90815
2.57379
2.17918
1.73365
2.20813
2.53061
2.57088
1.8775
2.83063
3.38577
3.27061
3.43742
2.58993
1.49498
2.59752
3.09844
2.34824
1.80815
1.96817
1.56308
1.56852
3.12953
1.66461
3.21258
2.21135
1.06954
2.77762
2.90796
2.8334
1.9366
2.18104
2.08182
1.68442
2.13292
2.08758
2.71679
1.35468
2.06326
2.79535
3.06824
1.53201
3.23137
1.51342
1.64767
3.57987
3.60253
2.24012
2.22669
2.80528
2.70565
3.26787
2.02292
2.59719
3.12389
