1.02474
1.00177
1.00109
1.00988
1.0039
1.03663
1.03751
1.01188
1.0079
1.00076
0.999391
1.00871
1.00363
1.00246
1.01237
1.02675
1.00652
1.0178
1.01164
1.00637
1.01775
1.01409
1.02975
1.01022
0.998593
1.00109
1.01792
1.03808
1.00756
1.00122
1.0087
1.00026
1.02459
1.02474
1.01438
1.01475
1.01258
1.00643
1.02379
1.00085
1.00654
1.00712
1.00094
1.02521
1.01122
1.01475
1.00866
1.01332
1.00566
1.01331
1.00543
1.00811
1.01772
1.00271
1.00221
1.01734
1.01314
1.0025
1.00698
1.01342
1.0047
1.02272
1.00591
1.00331
1.00893
1.00189
1.00135
1.00356
1.01494
1.00107
1.00463
1.00555
1.01517
1.0072
1.00966
1.00345
1.05742
1.0131
1.00507
1.01617
1.02397
1.00732
1.00375
1.00398
1.0006
1.00555
1.00035
1.0086
1.00872
1.01861
1.01496
1.00943
1.00463
1.00858
1.02051
1.01934
1.00283
1.00206
0.998127
1.01403
1.00189
1.02347
1.00207
1.00119
1.00159
1.00719
1.01962
1.00508
1.00502
1.00054
1.00816
1.00355
1.00792
1.01822
1.00144
1.00098
1.0001
1.01196
1.00055
1.00673
1.00539
1.00487
1.00217
1.00372
1.0083
1.00281
1.00425
1.037
1.01178
1.00952
1.00645
1.01207
1.00195
1.00324
1.00389
1.00167
1.01652
1.01235
1.00101
1.01812
1.02152
1.02787
1.00314
1.00117
1.00166
1.00696
1.00463
1.01244
1.0033
1.00588
1.0014
1.02642
1.01326
1.07585
1.01236
1.00065
0.99982
1.00485
1.01311
1.02422
1.0026
1.00355
1.01104
1.00646
1.00364
1.01239
1.00148
1.02554
1.00737
1.0077
1.00812
1.00474
1.01519
1.00563
1.02438
1.00376
1.00847
1.00315
1.0043
1.0009
1.00513
1.01378
1.04142
1.01129
1.00139
1.00656
1.00701
1.00647
1.01701
1.00481
1.02135
1.00326
1.00456
0.999177
1.0176
1.00505
1.00151
1.00021
1.00166
1.00093
1.02134
1.01507
1.00591
1.00729
1.01492
1.00525
1.00427
1.00099
1.00251
1.00464
1.00811
1.00297
1.00116
1.00105
1.0005
1.00309
1.00196
1.03114
1.02057
1.00618
1.00293
1.00928
1.00715
1.01603
1.01291
1.01478
1.00479
1.00126
1.02703
1.01143
1.00421
0.999128
1.01164
1.00625
1.00334
1.00917
1.00778
1.02244
1.02297
1.01552
1.0099
1.00131
1.0101
1.00054
1.0262
1.0036
1.01041
1.00193
1.00257
1.01067
1.0358
0.999756
1.01315
1.00967
1.00305
1.00661
1.00174
1.00845
1.00253
1.00604
1.00329
1.00177
1.00166
1.01238
1.00225
1.00501
1.00449
1.00153
1.00043
1.0091
1.01348
1.00561
1.0044
1.00543
1.0181
1.00146
1.00766
1.00669
1.00233
1.01784
1.00124
1.00251
1.01021
1.00372
1.02294
1.02511
1.01287
1.00287
1.0012
1.00468
1.01141
1.01477
1.00334
1.00347
1.01786
1.03256
1.02522
1.00495
0.996557
1.01748
1.00165
1.00967
1.0043
1.00551
1.01195
1.03654
1.0062
1.00115
1.00187
1.01922
1.01043
1.0013
1.00701
0.999315
1.00528
1.00454
1.00923
1.01684
1.00388
1.02248
1.00334
1.00261
0.99973
1.00181
1.0096
1.00214
1.00934
1.00108
1.00776
1.00193
1.0033
1.00216
0.998967
1.01625
1.00197
1.02182
1.00471
1.01153
1.02681
1.00506
1.0212
1.00604
1.00874
1.00502
0.999124
1.00536
1.00186
1.00326
1.00008
1.06078
1.02176
1.00181
1.01151
1.00313
1.01178
1.00796
1.00185
1.00462
1.00126
1.0133
1.02443
1.00548
1.00429
1.0057
1.0024
1.00489
1.00568
1.00014
1.02589
1.01377
1.01744
1.0063
1.00779
1.00094
1.02216
1.01188
1.00022
1.00231
1.00061
1.02465
1.005
1.00516
1.00931
1.00788
1.00267
1.0107
1.01783
1.00402
1.01948
0.998278
1.00364
1.01291
0.999299
1.00169
1.02079
1.00282
1.00082
1.00103
1.00802
0.997611
1.00321
1.00008
1.00652
1.01782
1.02406
0.998056
1.00119
1.00348
1.01601
1.00295
1.01732
1.00483
1.01209
1.01794
1.02458
1.00366
1.00027
1.00378
1.00603
1.00232
1.01349
1.00996
1.01414
1.02635
1.02487
1.00849
1.00731
1.00307
1.02313
1.00385
1.0051
1.00368
1.01278
1.0013
1.01514
1.00119
1.02422
1.01272
1.0085
1.00053
1.00769
1.01067
0.998501
1.00287
1.00351
1.00301
1.00072
1.011
0.998814
1.00483
1.02571
1.00584
1.0038
1.00511
1.00676
1.0019
1.0118
1.00215
1.00778
1.00213
1.00568
1.00057
1.00813
1.01378
0.999894
1.00408
1.00605
1.02864
1.02273
1.01081
1.0038
1.00427
1.00772
1.03139
1.00222
1.00121
1.01368
1.00751
1.00456
1.02916
1.00349
1.00364
1.01342
1.00843
1.00462
1.00152
1.00515
1.00375
1.0104
1.02494
1.01572
1.01959
1.011
1.02661
1.01358
1.0021
1.00495
1.00896
1.00534
1.01413
1.0046
1.00699
1.02828
1.00194
1.00641
1.00931
1.00111
1.00451
1.01302
1.01691
1.00416
1.01655
1.01735
1.0038
1.00101
1.00256
1.01927
1.00332
1.00372
1.00083
1.00349
1.00289
1.00557
1.0017
1.00471
1.00479
1.00279
1.00741
1.01374
1.01159
0.999339
1.01496
1.00368
1.0209
1.00303
1.00155
1.0067
1.00987
1.00991
1.01025
1.00597
1.01348
1.00432
1.00297
1.00116
1.00351
1.00348
1.00798
1.00101
1.01566
1.0062
1.00117
1.00618
1.01062
1.02006
1.01199
1.00698
1.00641
1.00167
1.01957
1.01884
1.00562
1.00443
1.00952
1.0034
1.00887
1.01475
1.00352
0.999557
1.00308
1.01272
1.00279
1.00126
1.00796
1.01065
1.00427
1.02275
1.00161
1.01269
1.00244
1.00173
1.00596
1.00227
1.011
1.0021
1.02234
1.01627
1.00006
1.01368
1.00615
1.00215
1.01189
1.00647
1.00294
1.00567
1.02955
1.0012
1.00351
1.00637
1.00471
1.01559
1.00386
1.00898
1.01281
1.00304
1.00238
1.00283
1.0019
1.04753
1.0011
1.00791
1.02849
1.00762
1.00489
1.01003
1.00335
1.00645
1.00496
1.00235
1.00202
1.0128
1.00659
1.00438
1.00139
1.01334
1.00919
1.01468
1.02535
1.01177
1.01139
1.00404
1.00225
1.00101
1.00073
1.01736
1.01448
1.00594
1.01605
1.02648
1.00256
1.01771
1.01045
1.06077
1.00418
1.00662
1.01304
1.00223
1.0291
1.03615
1.00332
1.00547
1.019
1.00292
1.01347
1.00612
1.0035
1.01825
1.01211
1.00758
1.00569
1.01142
1.00549
1.0029
0.999953
1.00545
1.00551
1.00982
1.00137
1.00332
1.00761
1.00332
1.00396
1.00731
1.00003
1.00601
1.00283
1.01855
1.00968
1.02415
1.00022
1.00687
1.00247
1.00636
1.0081
1.02715
1.00149
1.00367
1.00036
1.0004
1.00072
1.01357
1.00736
1.00605
1.01348
1.01677
0.999075
1.00582
1.01304
1.00935
1.00528
1.00667
1.01834
0.999372
0.998435
1.01117
1.00447
1.02283
1.01205
1.00915
1.00434
1.01109
1.02319
1.01188
1.01756
1.00183
1.00307
1.0095
1.00312
1.01343
1.00311
1.01162
1.00059
1.00603
1.01758
1.02
0.999165
1.00141
1.00148
1.01011
1.02355
1.01475
1.00002
1.02179
1.0134
1.01294
1.01098
1.00002
1.00453
1.01454
1.01184
1.0185
1.00508
0.998648
0.998365
1.0028
0.999397
1.00969
1.00734
1.00328
1.00077
1.00144
1.00373
1.01069
1.00294
1.02932
1.00434
1.01246
1.01772
1.00985
1.01107
1.02156
1.01503
1.01006
1.00403
1.00405
1.00265
1.01065
1.00652
1.02045
1.00439
1.01746
1.00876
0.998889
1.01903
1.01453
1.00173
1.02465
0.99927
1.00691
1.00844
1.00585
1.0147
1.01499
1.01317
1.05556
1.02036
1.02038
1.00126
1.01586
0.999963
1.00536
1.01292
1.00569
1.00259
1.00294
1.00159
1.00086
1.02249
1.00306
1.0016
1.00142
1.00306
1.00288
1.01162
1.00076
1.01162
1.0046
1.00327
1.00047
1.02101
0.99817
1.00371
1.0158
1.00658
1.01491
1.01277
1.00063
0.99778
1.00175
1.00784
1.00182
1.01982
1.01781
1.00232
1.00035
1.00127
1.00759
1.00859
1.01991
1.02769
1.00068
1.00223
1.00374
1.00004
1.01452
1.00356
1.00407
1.00175
1.02087
1.00251
1.00693
1.01155
1.00344
1.02279
1.00589
1.00253
1.00308
1.00559
1.02482
1.01479
1.01263
1.00931
1.01048
1.04135
0.998272
1.015
1.01315
1.00605
1.01314
1.00814
1.00718
1.02197
1.00438
1.00797
1.01715
1.01766
1.00404
1.00092
1.01307
1.0042
1.01009
1.00361
1.00404
1.00918
1.01616
1.0178
1.01574
1.00505
1.0018
1.00351
1.00579
1.022
1.00485
1.00068
1.00848
1.00642
1.02465
1.0227
0.998836
1.01692
1.01392
1.01814
1.00196
1.00259
1.023
1.00165
1.01063
1.00213
1.00715
1.01402
1.00586
1.00172
1.0029
1.00498
1.00633
1.00646
1.00953
1.00632
1.0022
1.01084
1.00643
1.01806
1.00506
1.00622
1.0026
1.01781
1.00148
1.01458
0.999907
1.00937
1.01384
1.00844
1.00839
1.01039
1.00281
1.00558
1.01114
1.01997
1.00439
1.00317
1.00838
1.00391
1.00355
1.01578
1.02562
1.00852
1.01966
1.00394
1.00306
1.00993
1.01108
1.00082
1.00607
1.00435
1.00575
1.02981
1.00106
1.00527
1.01043
1.01071
1.00743
1.01057
1.00309
1.02367
1.00781
1.01013
0.999097
1.00727
1.00253
1.00392
1.00217
1.03796
1.00206
1.00326
1.00341
1.00394
1.03752
1.00611
1.02337
1.00843
1.00511
1.0054
1.00266
0.998927
1.00503
1.01644
1.02043
1.0052
1.01042
1.00228
1.00197
1.00104
1.011
1.00499
1.0129
0.999813
1.00132
1.00608
1.00564
1.0206
1.01634
1.01093
1.00407
1.00367
1.00057
1.00385
1.00969
1.01033
1.0036
1.01116
1.02378
0.999339
1.00627
1.01069
0.999567
1.03062
1.03465
1.00936
1.00904
1.00181
0.999165
1.00865
0.9991
1.001
1.01452
1.02369
1.0085
1.01835
1.01552
1.00764
1.00819
1.00394
1.03012
1.00504
0.999347
1.00187
1.01635
1.03579
1.0011
0.997767
1.00077
1.00075
1.02383
1.02373
1.01475
1.01245
1.01024
1.00409
1.02098
0.999876
1.00018
1.00565
1.00085
1.01981
1.01523
1.01386
1.00004
1.01433
1.00362
1.01493
1.00102
1.00385
1.01811
1.00409
1.01059
1.01743
1.00626
1.00161
1.00474
1.01672
1.00274
1.02588
0.999932
1.0055
1.00727
1.00049
1.00073
1.00221
1.01359
1.00144
1.00521
1.00801
1.00978
1.00043
1.00543
1.00386
1.05011
1.00351
1.00147
1.01426
1.02122
1.00585
1.0041
1.00509
1.00212
1.00794
0.999557
1.00772
1.01136
1.01824
1.01219
1.01385
1.00989
1.00043
1.02044
1.02049
1.0028
0.999541
0.999778
1.01017
0.998004
1.01269
1.00384
1.00084
1.00065
1.00978
1.01922
1.0038
1.00379
1.00487
1.00998
1.00448
1.00213
1.01717
1.00287
0.998167
1.00153
1.01245
1.00071
1.01055
0.998207
1.0059
1.00084
1.00426
1.00636
1.00178
0.998591
1.01251
1.01579
1.00749
1.00824
1.01035
1.00484
0.999636
1.00263
1.00242
1.01682
1.0142
1.00181
1.02162
1.01104
1.02353
1.00406
1.00031
1.00144
1.00485
1.0023
1.01178
1.00541
1.00495
1.01071
1.02448
1.01234
1.04089
1.00755
1.00001
1.00207
1.00377
1.01278
1.02111
1.00015
1.00556
1.00909
1.00596
1.00048
1.00848
1.00247
1.02284
1.00551
1.00255
1.00439
1.00236
1.01678
1.00678
1.00171
0.999886
1.00524
1.00182
1.00213
1.00251
1.00071
1.00585
1.03324
1.01027
0.998312
1.00797
1.00574
1.00645
1.01957
1.00226
1.01627
1.00378
0.999932
0.999678
1.0044
1.00221
1.00113
1.00086
1.00231
0.99786
1.01237
1.01673
1.00616
1.00853
1.0157
1.00419
0.999735
1.00041
1.00169
1.00128
1.00088
1.00191
1.00129
0.999318
1.00066
1.00316
1.00014
1.0316
1.02303
1.00645
1.00193
1.00757
1.01057
1.01871
1.01722
1.0078
1.00779
1.00063
1.01737
1.00651
1.00353
0.997187
1.00995
1.00051
1.00199
1.00964
1.00211
1.01644
1.02334
1.01266
1.00018
0.999866
1.00401
1.00232
1.01852
1.00537
1.00705
0.999995
1.00424
1.01251
1.03222
1.00111
1.01292
1.00677
1.00414
1.00291
0.998948
1.00698
1.00263
1.00762
1.00423
1.00105
0.999689
1.00745
1.00022
1.00215
1.0003
1.00408
0.998012
1.00095
1.00963
1.00537
1.00128
1.00581
1.01731
1.00361
1.00128
1.00086
1.0029
1.01706
1.00139
1.00064
1.01132
1.01225
1.02136
1.0277
1.00883
1.00053
1.00339
1.0038
1.01204
1.01169
0.999945
1.00553
1.00761
1.03066
1.02336
1.00557
0.99731
1.01441
1.00071
1.00185
1.00041
1.00021
1.01416
1.03593
1.00656
1.00021
1.00542
1.01413
1.00901
1.00078
1.00836
1.00009
1.00527
1.00012
1.00717
1.01815
1.0009
1.02505
0.997894
1.00164
0.999555
1.00072
1.00742
1.00218
1.00897
1.00811
1.00255
1.00256
1.00237
1.00273
0.998472
1.01689
1.00127
1.02306
1.0013
1.00387
1.02615
1.0037
1.02662
1.00797
1.00391
1.00112
0.998771
1.00188
1.00043
1.00163
1.00017
1.056
1.02269
1.00214
1.00931
1.00535
1.00931
1.0041
1.00465
1.00034
1.00518
1.01022
1.01668
0.998966
1.00276
1.00642
1.0029
1.00614
1.00635
1.00195
1.02361
1.0113
1.01056
1.00465
1.0082
1.00154
1.02097
1.01331
1.00017
1.00185
0.999532
1.0202
1.00045
1.00103
1.00722
1.00316
1.00491
1.00838
1.00352
1.00149
1.0132
0.999114
1.00205
1.01451
1.00179
1.00022
1.01857
1.00392
1.00345
1.00141
1.0074
0.998436
1.00277
0.998717
1.01015
1.01476
1.02788
0.99635
0.999446
1.0022
1.00977
1.00327
1.01246
1.00863
1.01523
1.01565
1.03338
1.00353
0.999467
1.00588
1.00529
1.00619
1.01386
1.00616
1.01452
1.02731
1.02086
1.00704
1.00818
1.00051
1.02322
1.00021
1.00278
1.00608
1.00727
1.00125
1.01598
1.00213
1.02251
1.01081
1.00024
1.0041
1.00563
1.00268
1.00114
1.00331
1.00215
1.00218
1.00144
1.01214
1.00303
1.00559
1.02691
1.00448
0.998959
1.0031
1.00689
1.00089
1.01786
1.00681
1.00675
1.00184
1.00612
1.00247
1.00833
1.01617
1.00808
1.00579
1.00578
1.02512
1.02425
1.01518
1.00193
1.00569
1.00739
1.02271
1.00487
1.00098
1.01554
1.00614
1.00261
1.0331
1.00536
1.00409
1.01445
1.00315
1.00612
1.00179
0.99993
1.00172
1.00577
1.02133
1.01821
1.01657
1.0134
1.02484
1.01262
1.00253
1.00615
1.00902
0.996615
1.0112
1.00139
1.0074
1.02694
1.00322
1.00641
1.00883
0.999382
1.00558
1.01585
1.01595
1.00638
1.01633
1.01766
1.00157
1.00188
0.999496
1.01125
1.00142
0.9987
1.00088
0.999632
0.999907
1.00152
1.00093
1.00248
1.00158
1.00069
1.00723
1.00813
1.01492
1.00033
1.01677
1.00434
1.02296
0.999449
0.998981
1.00506
1.01114
1.00478
1.00655
1.00732
1.01697
1.00058
1.0011
1.00201
1.00808
1.00465
1.00844
1.00269
1.01483
1.0026
0.998519
1.00455
1.00958
1.01483
1.01033
1.00627
1.0088
1.00094
1.01868
1.01726
0.999672
1.00652
1.01018
1.00273
1.00706
1.01415
1.00016
1.00224
1.00254
1.00816
1.00729
1.00178
1.00762
1.00978
1.00609
1.02326
1.00264
1.01226
1.00356
1.00142
1.00439
0.999819
1.01168
1.00263
1.02432
1.01327
1.00199
1.01147
1.00087
1.00134
1.01185
1.00488
1.00355
1.00497
1.03268
1.00187
1.00551
1.00858
1.00424
1.01137
1.00257
1.00762
1.01581
1.00384
1.00079
1.00006
1.00244
1.0312
1.00491
1.00878
1.02574
1.00591
1.00704
1.01017
1.00179
1.00521
1.00734
0.999963
1.00691
1.01407
1.00443
1.0006
1.00317
1.0093
1.00804
1.01629
1.02037
1.00938
1.00502
1.00621
1.00119
1.00192
1.00001
1.01358
1.01167
1.00316
1.01501
1.01919
1.00587
1.01779
1.01286
1.02779
1.00359
1.00253
1.00976
1.00015
1.02086
1.03895
1.00054
1.0037
1.01845
1.00166
1.01511
1.00416
1.00062
1.02097
1.01444
1.00264
1.00792
1.01316
1.00624
1.00405
1.00277
1.0016
1.00277
1.0094
1.00222
1.00047
1.00918
1.00411
0.9997
1.01617
1.00271
1.00511
1.00217
1.02133
1.00724
1.02476
1.00445
1.0082
1.00078
1.00187
1.00608
1.02789
0.996926
1.00005
1.00342
0.9996
1.00152
1.01284
1.00657
1.0017
1.01297
1.00484
1.00034
1.0073
1.01178
1.00697
1.00206
1.002
1.01264
1.00373
0.995618
1.00945
1.00035
1.02271
1.01165
1.00395
1.0041
1.01125
1.02711
1.01014
1.01793
1.00047
1.00077
1.00111
1.00243
1.01098
1.00251
1.01092
1.00032
1.00187
1.01706
1.01695
0.99889
0.999674
0.998061
1.00466
1.02467
1.01413
1.00353
1.0181
1.01756
1.00947
1.01195
1
1.00499
1.0167
1.01144
1.01308
0.999359
1.00013
1.00116
1.00252
0.999941
1.00568
1.00345
1.00265
0.999293
1.00113
1.00065
1.01214
1.00027
1.03257
1.00264
1.00957
1.01938
1.00712
1.01176
1.01543
1.0159
1.01047
1.00379
0.999941
1.00408
1.0111
1.00485
1.02097
1.00634
1.019
1.0096
1.00041
1.01752
1.00588
1.00352
1.0261
0.998745
1.00715
1.01149
1.00546
1.01489
1.00839
1.00837
1.02307
1.01677
1.02189
1.00374
1.01273
0.999967
1.00101
1.01743
1.00631
0.999853
0.997784
1.00332
1.00344
1.01599
0.998691
1.00161
1.00116
1.00636
1.00431
1.0116
1.00369
1.01176
1.00388
1.00298
1.00085
1.02
1.00403
1.00236
1.01504
1.01013
1.01818
1.01012
1.0015
0.997123
0.99917
1.00154
1.00164
1.02049
1.01774
1.00367
0.999474
1.0016
1.00433
1.00754
1.02389
1.02958
0.999196
1.0076
1.00346
1.0017
1.01871
0.998486
1.00061
0.999601
1.01992
1.00005
1.00828
1.00663
1.00204
1.01865
1.00225
1.00293
1.0005
1.00274
1.02453
1.0188
1.01498
1.00551
1.00982
1.0292
0.995859
1.01598
1.01221
1.00459
1.01442
1.00376
1.00401
1.02013
1.0016
1.00842
1.01654
1.01802
1.00376
1.00035
1.01531
1.0034
1.01477
1.00399
1.00216
1.0027
1.01817
1.01806
1.01269
1.00429
1.00148
1.00511
1.00558
1.01633
1.00145
1.00182
1.00742
1.00281
1.01955
1.0283
0.999144
1.0068
1.01088
1.01884
1.00165
1.00159
1.01906
1.00177
1.00331
0.999176
1.01012
1.01278
1.0051
0.998926
1.00032
1.00532
1.00304
1.00529
1.00756
1.0006
0.999883
1.00762
1.00718
1.01031
1.00192
1.00801
1.00089
1.01996
0.99967
1.01162
1.00141
1.01084
1.01354
1.00357
1.00972
1.00687
1.00337
1.00353
1.01193
1.02149
1.00133
1.0003
1.00613
1.00186
1.00477
1.01806
1.02062
1.00643
1.02016
1.00013
1.00456
1.00485
1.00795
1.00168
1.00301
1.00383
1.00508
1.03038
0.999479
1.00053
1.01014
1.01157
1.00609
1.00517
1.00482
1.02562
1.00369
1.00565
1.00042
1.00236
0.999138
1.00238
1.00228
1.03083
1.00116
1.00242
1.00446
1.00114
1.02707
1.01322
1.02414
1.00561
1.00595
0.997364
1.00087
0.998923
1.0048
1.00834
1.01922
1.00962
1.00692
1.00113
0.999682
1.00076
1.01208
1.00987
1.01296
1.00058
1.00014
1.01066
1.00068
1.02076
1.0032
1.00903
0.996273
1.00517
1.00181
1.00611
1.00817
1.01313
1.00036
1.01119
1.04579
1.00954
1.01882
1.03223
1.01076
1.05125
1.06091
1.02838
1.01793
1.01197
1.01653
1.03352
1.01102
1.01306
1.02991
1.03861
1.03676
1.03808
1.03024
1.01767
1.01289
1.01544
1.03917
1.02709
1.01818
1.01059
1.04366
1.04328
1.01415
1.02497
1.01771
1.01189
1.03554
1.05256
1.03665
1.01987
1.02578
1.01624
1.02991
1.01732
1.01118
1.01427
1.01485
1.04205
1.02308
1.03211
1.00187
1.03293
1.0138
1.03223
1.01253
1.0171
1.02845
1.02067
1.02718
1.03504
1.02659
1.02407
1.01968
1.0218
1.01447
1.04772
1.01175
1.026
1.02219
1.00883
1.01002
1.01575
1.02368
1.01899
1.02176
1.02496
1.03356
1.01106
1.01311
1.01706
1.08101
1.01347
1.01462
1.02425
1.03354
1.03824
1.02172
1.01157
1.02804
1.03462
1.01679
1.03397
1.02494
1.0232
1.02002
1.03582
1.02463
1.0242
1.0341
1.03014
1.02149
1.01092
1.00981
1.02527
1.01769
1.03942
1.01454
1.01373
1.01448
1.01724
1.02939
1.01599
1.01815
1.03619
1.02179
1.01731
1.04212
1.02197
1.03004
1.0174
1.01185
1.03125
1.01578
1.02405
1.01131
1.04264
1.01255
1.01628
1.02117
1.01039
1.02957
1.03154
1.02384
1.03295
1.0153
1.02712
1.02434
1.01013
1.01266
1.00863
1.0248
1.02941
1.01494
1.03167
1.02277
1.03946
1.01492
1.01713
1.01288
1.01294
1.02152
1.02476
1.01823
1.01584
1.02193
1.03829
1.02056
1.05323
1.01591
1.01307
1.01745
1.01051
1.0211
1.0295
1.00884
1.01261
1.02324
1.01708
1.01039
1.02552
1.01959
1.03154
1.03415
1.02391
1.01759
1.03078
1.02273
1.01325
1.00981
1.02135
1.01892
1.01194
1.00754
1.00869
1.01394
1.01934
1.05028
1.01588
1.01554
1.0129
1.02119
1.02289
1.03403
1.02221
1.04993
1.01295
1.00827
1.03717
1.04758
1.02378
1.01627
1.01484
1.01417
1.01219
1.01652
1.03256
1.01944
1.01899
1.02862
1.03152
1.01864
1.0196
1.01547
1.0103
1.03615
1.01072
1.0126
1.01836
1.01153
1.02894
1.00614
1.04263
1.03138
1.01541
1.02917
1.0297
1.01902
1.03726
1.0387
1.02176
1.01876
1.00666
1.02394
1.02894
1.0313
1.01415
1.01668
1.01067
1.0234
1.02094
1.01768
1.03212
1.03101
1.02466
1.01164
1.01933
1.01149
1.02213
1.03264
1.03104
1.02139
1.01656
1.02034
1.02428
1.07215
1.01953
1.02197
1.02071
1.02179
1.03168
1.00769
1.02575
1.01833
1.0177
1.01646
1.00921
1.02512
1.02138
1.014
1.02185
1.01622
1.0148
1.00357
1.01235
1.01674
1.02377
1.01295
1.01909
1.03374
1.01237
1.0087
1.02254
1.0142
1.03146
1.00883
1.01223
1.02591
1.02714
1.0337
1.03613
1.02808
1.01306
1.02119
1.01567
1.01975
1.0187
1.00508
1.01708
1.01788
1.03998
1.04189
1.01082
1.00831
1.033
1.01308
1.01695
1.01022
1.01911
1.02801
1.04901
1.02289
1.01158
1.03022
1.02156
1.0137
1.01464
1.01856
1.01784
1.02675
1.01648
1.0369
1.03587
1.01285
1.03918
1.00787
1.01779
1.01356
1.02146
1.01412
1.01716
1.01922
1.02237
1.0112
1.01178
1.01267
1.01289
1.01022
1.02025
1.015
1.04526
1.02716
1.01422
1.0336
1.01105
1.03653
1.01531
1.01855
1.01251
1.01401
1.02191
1.02039
1.0204
1.0127
1.07776
1.03356
1.01842
1.01785
1.01363
1.01763
1.01325
1.0224
1.04529
1.01555
1.01572
1.02743
1.01426
1.01704
1.02125
1.01097
1.01463
1.01463
1.01412
1.03177
1.02774
1.03365
1.02485
1.0186
1.02421
1.02623
1.02928
1.01129
1.0171
1.01061
1.0292
1.00796
1.01493
1.02848
1.02399
1.03337
1.02928
1.02985
1.00988
1.02247
1.01559
1.02688
1.03003
1.01159
1.01323
1.03581
1.01504
1.01194
1.01367
1.01211
1.00722
1.01766
1.00913
1.03285
1.02772
1.05051
1.01637
1.01499
1.00437
1.03172
1.01262
1.03586
1.02463
1.02767
1.03112
1.04653
1.0126
1.01104
1.01919
1.01167
1.01642
1.03709
1.04474
1.0416
1.04151
1.02805
1.02022
1.02192
1.00854
1.03695
1.00703
1.01709
1.03269
1.03073
1.02528
1.01809
1.00878
1.02522
1.0319
1.01231
1.03073
1.01043
1.02793
1.00547
1.01248
1.03999
1.02168
1.03828
1.0246
1.00759
1.01406
1.04497
1.0158
1.0204
1.01493
1.01367
1.01098
1.0355
1.02271
1.02029
1.01857
1.01557
1.01777
1.01419
1.03339
1.01286
1.02304
1.01844
1.03829
1.03377
1.03493
1.01183
1.01923
1.01907
1.04441
1.02774
1.01159
1.03124
1.01524
1.01123
1.0466
1.00981
1.01888
1.02684
1.016
1.01129
1.01015
1.01769
1.0198
1.01503
1.03299
1.03875
1.03108
1.03009
1.04857
1.02357
1.01311
1.01917
1.03482
1.00926
1.01914
1.01485
1.02691
1.0366
1.02002
1.01629
1.031
1.01037
1.02271
1.03002
1.02532
1.02441
1.03004
1.0521
1.02152
1.02235
1.01526
1.05083
1.0182
1.01624
1.01833
1.01052
1.01581
1.01526
1.01482
1.02832
1.011
1.02265
1.01699
1.01817
1.02132
1.0079
1.02873
1.02651
1.04402
1.0171
1.0295
1.01637
1.02072
1.01625
1.02093
1.02764
1.02404
1.01375
1.01645
1.01739
1.02223
1.01394
1.01645
1.01159
1.02535
1.01903
1.02825
1.01289
1.01693
1.03161
1.0188
1.01316
1.0157
1.0142
1.04111
1.01918
1.01012
1.02564
1.03885
1.03016
1.02147
1.02621
1.00567
1.02536
1.01983
1.02057
1.01957
1.01864
1.01627
1.02462
1.02504
1.03772
1.01979
1.02609
1.03892
1.017
1.01349
1.009
1.01858
1.01671
1.04929
1.03734
1.01637
1.01541
1.01523
1.0126
1.0248
1.02326
1.02594
1.0231
1.04716
1.01108
1.01106
1.02269
1.00986
1.03397
1.01127
1.02284
1.02915
1.02484
1.02873
1.02366
1.0178
1.05887
1.03724
1.02924
1.03285
1.02192
1.01795
1.02724
1.01726
1.02344
1.02025
1.01463
1.01393
1.04809
1.02652
1.01014
1.01858
1.02261
1.0159
1.02299
1.03212
1.01757
1.01843
1.02998
1.01771
1.02002
1.02588
1.03196
1.0226
1.02469
1.0317
1.02419
1.02073
1.02691
1.02159
1.06801
1.01971
1.02253
1.05082
1.01783
1.03076
1.05153
1.00824
1.02761
1.03409
1.0242
1.02643
1.02352
1.01541
1.0309
1.03274
1.01985
1.02037
1.02083
1.03398
1.01305
1.02696
1.0068
1.01745
1.02496
1.01055
1.0186
1.0213
1.02428
1.01431
1.03569
1.01246
1.01586
1.01604
1.03614
1.02747
1.03285
1.02749
1.01674
1.01833
1.01013
1.03291
1.03938
1.02225
1.01511
1.00882
1.02949
1.00622
1.02223
1.01603
1.01692
1.02041
1.04884
1.01228
1.01013
1.02975
1.01803
1.01235
1.01138
1.02008
1.03082
1.01659
1.02158
1.013
1.02787
1.02461
1.01915
1.01216
1.01683
1.03926
1.02072
1.02869
1.00854
1.01599
1.01105
1.02821
1.03085
1.01293
1.02062
1.01592
1.02223
1.02411
1.02564
1.02139
1.01913
1.01336
1.0192
1.03648
1.0254
1.01391
1.03466
1.04094
1.01833
1.02602
1.01209
1.02315
1.02873
1.01993
1.02446
1.00603
1.01185
1.02628
1.01334
1.01694
1.01923
1.01764
1.00845
1.01932
1.00897
1.01717
1.02958
1.01412
1.05154
1.00677
1.01625
1.02991
1.01606
1.01994
1.02353
1.03671
1.02369
1.01153
1.02345
1.01829
1.02598
1.01064
1.03557
1.02155
1.02807
1.025
1.01057
1.0232
1.02414
1.0177
1.05797
1.01058
1.02264
1.02309
1.02614
1.0233
1.02114
1.01868
1.05848
1.03442
1.04957
1.01105
1.02958
1.01385
1.01672
1.0277
1.02042
1.0139
1.02128
1.01085
1.01353
1.02185
1.008
1.00622
1.03081
1.02417
1.01821
1.03653
1.01286
1.01785
1.01127
1.01205
1.01607
1.03343
1.01572
1.02349
1.03677
1.03368
1.03192
1.01316
1.01695
1.01034
1.00949
1.01633
1.015
1.03331
1.03138
1.01181
1.00996
1.00887
1.02918
1.04272
1.04366
1.05416
1.01442
1.01822
1.01646
1.02139
1.03803
1.01075
1.01907
1.01554
1.0271
1.01365
1.02931
1.01762
1.01691
1.04603
1.01391
1.02035
1.02833
1.01039
1.04063
1.03798
1.02497
1.02335
1.03097
1.04396
1.01569
1.01907
1.02463
1.02873
1.02542
1.03002
1.01868
1.03948
1.02197
1.01725
1.02687
1.03974
1.02161
1.01989
1.04239
1.01245
1.03966
1.01503
1.01919
1.01969
1.02551
1.03054
1.02663
1.01496
1.01294
1.01033
1.01371
1.02731
1.01489
1.01812
1.0203
1.01493
1.02556
1.05268
1.01753
1.0263
1.02203
1.03929
1.00919
1.00891
1.02293
1.03116
1.04128
1.00897
1.04264
1.02498
1.0221
1.01036
1.01603
1.02534
1.01784
1.01933
1.02709
1.0161
1.0107
1.02969
1.01175
1.01413
1.00918
1.02951
1.01262
1.02793
1.01424
1.02452
1.01289
1.04447
1.03237
1.01363
1.0202
1.024
1.01324
1.03768
1.04273
1.04412
1.01216
1.01037
1.01791
1.00922
1.00919
1.05431
1.02796
1.01862
1.02823
1.0156
1.01441
1.01302
1.0269
1.01452
1.02789
1.02634
1.0247
1.03901
1.00468
1.0206
1.02424
1.0215
1.03042
1.02553
1.02302
1.03453
1.01173
1.01559
1.00478
1.01223
1.0133
1.01963
1.01495
1.04742
1.00692
1.01706
1.01405
1.01734
1.05188
1.02637
1.04391
1.02142
1.02113
1.00901
1.01709
1.02672
1.0223
1.02701
1.03748
1.01551
1.01917
1.01418
1.02645
1.01208
1.03186
1.02949
1.03253
1.01367
1.01106
1.01766
1.01626
1.03381
1.014
1.02657
1.01717
1.0284
1.01723
1.03454
1.01947
1.02716
1.01182
1.02476
2.46882
1.21021
1.60193
1.85176
1.33645
2.08805
2.42142
1.70836
1.97996
1.80953
1.27918
1.4126
1.08368
1.84793
1.68781
2.20861
1.67167
2.38266
1.71365
1.86351
2.12821
1.3594
2.50384
1.79601
1.10824
1.50888
1.70111
1.80776
1.13531
1.17647
1.10944
1.32346
2.23312
2.29641
1.72048
2.02599
1.96479
2.29787
1.73153
1.68133
1.36188
1.24798
1.43957
2.33722
2.0677
1.91928
1.61703
1.78847
1.58206
1.96659
1.12918
1.76747
2.12795
1.08563
1.64268
1.54195
1.58285
1.62836
2.17468
2.38745
1.05527
2.03774
1.22845
1.53263
2.14816
1.07873
1.99539
1.70986
2.41336
1.3352
1.60131
1.82487
1.74903
1.87126
1.48698
1.11152
2.34191
1.06046
1.0458
2.09623
2.07708
1.79187
1.48675
2.09086
1.38201
2.24401
1.1483
1.54733
1.70339
2.06066
1.58202
1.60127
1.68723
2.03573
2.25671
2.25372
1.2215
1.1598
1.08403
1.95124
1.43758
2.19538
1.04857
1.22364
1.15391
2.04649
1.84912
1.93529
2.02222
1.47591
1.13138
1.59855
1.3533
2.53265
1.77452
1.70094
1.8355
2.43756
1.12133
1.3525
1.07532
1.65152
1.65073
1.99101
1.10954
1.92377
1.60905
2.3822
2.0974
1.69519
1.80398
1.95112
2.40794
1.2232
1.77297
1.25595
1.62126
2.14159
1.14166
2.11188
1.72356
2.38335
1.0963
1.61955
1.21595
1.35644
1.92401
1.77151
2.11157
1.3276
1.26864
2.46064
1.58807
1.88957
2.03758
1.76061
1.39024
1.06337
1.88328
2.15614
1.05543
2.0775
1.97052
1.67033
1.62707
1.56043
1.3237
2.21477
2.23672
1.86498
1.21318
1.22327
2.1349
1.51119
2.32799
1.11366
1.62851
1.97319
2.30092
1.87598
1.27949
1.87195
2.56152
1.90978
1.40642
1.94197
1.37245
2.1519
1.98624
1.69265
2.36865
1.8025
1.81576
1.68201
2.17517
1.68549
1.83295
1.55694
1.12891
1.05138
2.23756
2.29898
1.59989
1.77732
2.1716
1.34117
1.35671
1.6129
1.48669
1.58595
1.77972
1.36103
1.63983
1.10763
1.60141
1.54193
1.29781
2.27979
2.04484
2.05976
1.54759
1.67223
1.95326
1.96125
2.41981
1.9146
2.33331
1.75661
2.42079
1.41216
2.38629
1.20215
1.6678
1.18972
1.28605
1.74977
1.27409
2.07299
2.65243
1.16612
1.88217
1.20148
1.62899
1.29304
2.08427
1.55112
1.96826
1.14867
1.65657
2.00935
2.73875
1.29597
1.75851
1.69612
1.8017
2.30158
1.75475
1.77901
1.27267
1.65082
1.06984
1.75455
1.13338
1.91565
1.07798
1.81523
1.46951
1.74901
1.24514
2.20977
1.75418
1.90584
1.70237
1.83768
2.05854
1.47756
1.36618
1.48101
1.13424
2.08742
1.99786
1.15656
2.54367
1.47115
1.57034
2.3215
2.01014
1.2576
1.4926
1.04118
2.57962
1.46347
1.98129
1.92137
1.81397
2.84001
1.90553
1.58714
1.38931
2.29854
1.5208
1.60985
1.51453
1.19875
2.14316
2.38201
1.4208
1.07566
1.39508
1.66536
1.70934
1.99581
2.12007
1.13833
1.62193
1.56281
1.87932
1.9498
1.65286
1.97926
1.07166
1.75814
1.11508
1.76567
2.37355
1.19695
1.5686
1.08482
1.90272
1.45932
1.65897
1.61331
1.19532
2.69101
1.30481
2.27601
1.54793
1.70507
2.37017
1.43759
1.82452
1.55884
2.11354
1.63972
1.34047
1.15427
1.36757
1.29525
1.22783
2.36352
1.98068
1.61727
2.0261
1.13488
1.35292
2.34124
1.46332
1.5326
1.45542
2.16482
2.28342
1.31575
1.44624
1.95298
1.54553
1.40306
1.99369
1.39304
2.07072
2.22013
1.82961
1.26688
2.04407
1.11875
1.99842
1.92234
2.22002
1.70694
1.07575
2.08875
1.05375
1.14965
1.15467
1.11038
1.68396
2.07549
1.90776
1.46354
1.86954
1.0704
1.66772
1.97502
2.12694
1.34645
1.98716
1.96832
1.18288
1.58428
1.829
1.12719
1.79807
1.58481
1.3326
1.96462
2.41063
1.11211
1.22978
1.23725
1.92796
2.11132
2.10135
2.28589
2.14262
1.84379
2.68223
2.47121
1.88235
1.36941
1.95422
1.59842
1.70426
1.73163
1.82745
2.27025
2.26652
1.13524
2.10371
1.11074
1.86805
1.6272
1.31898
1.73609
1.37517
1.63428
2.63612
1.72538
2.30023
1.66821
1.12567
1.63469
2.00214
1.76437
1.31079
1.61808
1.50092
1.41568
1.48868
2.09465
1.13042
1.89114
2.67326
1.4804
1.89028
1.05301
1.82456
1.46763
2.11805
2.29765
1.82011
1.3096
1.25923
1.5272
1.50011
2.20303
1.11102
1.93124
1.62278
2.24267
2.27465
1.27794
1.42243
1.57693
1.84736
2.35409
1.31691
2.11877
1.8584
1.71337
1.89134
2.26824
1.90846
1.08689
2.20386
1.24944
1.62311
1.14231
1.05153
2.53249
1.39422
1.76185
2.39162
2.07243
2.04873
1.93901
2.06156
1.80459
1.62867
2.13437
1.18848
1.95785
2.33649
1.20493
2.30987
1.19314
1.76858
1.49165
1.37965
1.6042
2.45454
2.26884
2.07463
2.33076
2.21703
1.06859
2.013
1.06796
1.31549
1.62548
1.18313
1.40408
1.37846
1.65431
1.81103
1.34629
1.71625
1.77109
1.63216
1.43393
1.71586
2.06726
1.73916
2.2568
1.6736
2.34295
1.24865
1.38496
1.75392
1.7489
1.55407
1.78871
1.96129
2.11852
1.97965
1.14758
1.89282
1.32775
1.27113
1.71456
1.0984
1.97667
1.67835
1.09105
1.7635
2.51926
2.38682
2.01488
2.49083
2.06749
1.16148
1.84145
2.41963
1.23915
1.98969
1.82884
1.36068
1.57389
2.19999
1.58361
1.34688
1.43738
2.01646
2.01486
1.5009
1.71855
1.76719
1.10981
2.12733
1.60055
2.78327
1.3925
1.54467
1.4482
1.58261
1.76848
1.79811
2.13132
2.41838
1.11668
2.15852
1.57695
1.3048
2.12823
1.88536
1.67391
1.94659
2.4724
1.33267
2.04744
1.36159
2.05122
1.53334
1.62456
1.89534
2.21747
1.80701
1.9506
1.54679
1.93609
2.66201
1.97171
2.21097
2.03969
2.00506
1.14839
1.76863
2.11943
1.67615
2.20183
1.30219
1.14762
2.03451
2.47532
1.3323
1.93982
1.73689
1.84917
1.57012
2.09436
2.11411
2.04937
1.62493
1.23071
1.53499
1.73715
1.48872
1.95559
1.41193
2.09992
2.56061
1.67186
1.98938
2.20021
2.15365
1.16834
1.86798
1.82475
1.09157
1.97713
2.28076
2.00105
1.99576
2.17541
1.22868
1.93285
1.96576
1.56116
1.96372
1.76997
1.51205
1.66503
1.32184
1.91874
2.2591
1.50972
1.81206
1.09724
1.71878
1.09852
1.33825
1.78413
1.05433
1.72122
1.73643
1.05711
1.27118
1.14533
2.16134
2.11866
2.26926
1.0442
2.3615
1.45131
1.41749
1.24457
2.3102
1.12115
1.23739
1.0121
1.22095
1.36269
1.65742
1.85465
1.50693
1.43144
1.92327
1.10171
2.05786
1.70167
1.75743
2.28451
1.06421
2.08598
1.46114
1.50257
1.58843
1.28898
1.81317
1.85129
2.06279
1.3914
1.91903
1.86327
1.91063
2.33396
1.1365
1.53677
1.10014
1.07955
1.67517
1.08936
2.02134
1.83172
1.65723
1.87017
1.87687
1.23262
1.69644
1.17749
1.13388
2.35724
1.84618
1.4416
1.89518
2.26987
1.74383
2.08445
1.12353
1.09017
2.52726
1.90353
2.3635
1.78108
1.18473
1.08407
2.40888
1.6803
1.489
1.04717
1.29443
1.70702
1.57869
1.21008
1.67075
1.63681
1.95757
1.64854
2.09013
2.21483
1.75406
2.446
2.22519
1.43566
1.71582
2.26305
1.39224
1.04785
1.93702
2.18473
1.88514
1.96179
2.10093
1.67487
1.13435
1.99962
1.63337
1.53237
2.15917
1.46194
1.27839
1.73146
2.02653
2.21603
2.21178
2.21202
2.46194
2.44239
2.05501
1.47349
1.64298
1.05435
1.43005
1.89251
1.92604
1.83982
1.27676
1.11965
1.39198
2.36147
1.84101
2.1466
1.07837
1.59375
2.03744
2.34417
1.86661
1.70076
1.55855
1.41028
1.89846
1.52373
1.11857
1.49683
2.15236
1.60421
2.46529
1.99583
1.0913
1.46305
1.04926
1.86295
1.49522
2.46307
2.12038
1.33059
1.76756
1.07794
1.41282
1.32595
2.39566
1.97702
1.84286
1.78783
1.46533
1.37301
1.9757
1.44167
1.94841
1.19475
2.46745
1.14556
2.37836
1.65707
1.60261
2.30498
1.31204
1.48924
1.69719
1.24942
2.17738
2.02086
2.24804
1.7732
2.20542
2.11097
1.07775
2.01796
1.73499
1.20422
2.30603
1.56364
1.63236
1.96146
1.94974
1.09976
2.02031
2.19238
1.68891
1.11393
2.12887
1.65481
2.26448
2.02601
1.13013
2.19381
1.98627
2.23199
2.10848
1.97276
1.56813
1.64636
1.10196
2.34753
1.80076
1.21895
1.48372
1.06057
2.33791
2.44571
1.53031
1.6676
1.37314
2.16352
1.47706
1.72408
2.11955
1.28299
1.79655
1.09642
1.66453
2.02627
2.39685
1.38046
1.59824
1.54182
1.77494
1.17328
1.70664
1.31094
1.33389
2.1605
1.68141
2.20508
1.52472
1.39479
1.15312
2.17652
1.26045
1.86613
1.55062
2.08466
2.08713
1.10116
2.1263
1.60127
1.81233
1.30937
1.98581
2.3642
1.73234
1.69518
1.5441
1.06727
1.97973
1.87779
2.06293
1.70126
2.60589
1.99278
1.5506
1.87616
2.03224
1.11015
1.08684
2.03057
1.50618
2.41102
1.32363
1.82534
1.61266
2.74085
2.41016
2.36746
1.1224
2.23748
1.88005
1.4062
1.10622
1.81479
1.78126
1.28114
1.74502
1.94164
1.24875
1.69689
1.8708
1.07814
2.61163
1.33449
2.52603
1.6157
1.69834
1.39413
1.7533
1.14765
1.47122
2.5937
1.89932
1.87784
1.77131
1.67312
1.22082
1.55363
2.56226
1.44571
2.0486
1.45146
1.37125
1.69463
1.10249
2.16713
1.08366
1.69423
1.07613
1.98654
1.89872
1.94009
1.38882
2.18607
1.33222
1.8132
