1.01847
1.00219
1.00965
1.00469
0.999704
1.0013
1.0173
1.00474
1.0229
1.00183
1.03393
1.03852
1.00546
1.0119
1.01169
1.01064
1.00765
1.00446
1.01442
1.01028
1.00752
1.00632
1.04707
1.00178
1.0427
1.01798
1.00422
1.00708
1.01902
1.01776
1.00259
1.03156
1.00414
1.0126
1.01349
1.00139
1.01798
1.03062
1.01753
1.01554
1.00773
1.00058
1.01331
1.01241
1.00753
1.00234
1.00116
1.00419
1.00189
1.00074
1.01269
1.00412
1.0047
1.00555
1.00275
1.00123
1.00115
1.00082
1.00312
1.00507
1.01509
1.00253
1.00603
1.06981
1.00204
1.00588
1.00004
1.01186
1.04514
1.01555
1.00161
1.01117
1.00031
1.03735
1.00253
1.00361
1.00515
1.00568
1.00091
1.00466
1.032
1.0042
1.05443
1.01332
1.0356
1.0089
1.00338
1.01001
0.998463
1.00748
1.00188
1.00752
1.05131
1.00287
1.00118
1.00666
1.0006
1.02702
1.0103
1.00415
1.01722
0.999302
1.00571
1.00071
1.00666
1.00476
1.01287
1.0021
1.00832
1.01249
1.0077
1.00164
1.02174
1.00268
1.00523
1.00497
1.01688
1.01326
1.00457
1.02904
1.0029
1.01475
1.00473
1.02249
0.998061
1.00114
1.01623
1.01096
0.999691
1.00586
1.00762
1.00202
1.00165
1.01141
1.00518
1.01709
1.02035
1.02935
1.00096
1.01064
1.03793
1.00206
1.00792
1.01996
1.00591
1.00773
1.00951
0.997644
1.01445
1.00543
1.04537
1.00289
1.00117
0.999727
1.01867
1.01391
1.00732
1.03062
1.02148
1.02848
1.04444
1.00322
1.00765
1.00864
1.00989
1.01156
1.01418
1.03262
1.00191
1.00413
1.0055
1.00342
1.00743
1.00489
1.00895
1.01727
1.00566
1.03466
1.00185
1.01443
0.998032
1.02998
1.00031
1.0018
1.00693
1.02824
1.00245
1.00405
1.00094
1.01575
1.01003
1.00996
1.00187
1.0006
1.0048
1.00648
1.00175
1.00699
1.01388
1.00037
1.01862
1.00501
1.00534
1.00231
1.01165
1.00498
1.03432
1.01492
1.01999
1.01062
1.00992
1.03236
1.00368
1.02314
1.00656
1.00458
1.0029
1.00803
1.00293
1.02754
1.00763
1.00317
0.999883
0.997671
1.00043
1.00225
1.01704
1.03076
0.998806
1.03227
1.00487
1.01401
1.01455
1.02748
1.02007
1.01908
1.00537
1.01471
1.01193
1.00611
1.00208
0.999518
1.00489
1.00365
1.00277
1.01642
1.00637
1.00181
1.02518
1.01475
1.00988
1.00749
0.998122
1.00744
1.00281
1.00476
1.0268
1.00153
1.01277
1.00165
1.01797
1.00637
1.00278
1.00399
1.016
1.01199
1.00596
1.00003
1.01903
1.00141
1.00532
1.01135
1.00702
1.02069
1.03488
1.00703
1.02295
1.00724
1.006
1.01067
1.01247
1.00135
1.01888
1.01094
1.0054
1.01195
1.00563
1.01796
1.00733
1.028
1.01331
1.05667
1.00496
1.00398
1.00578
1.00226
1.00546
1.01148
1.00513
1.00793
1.00971
1.00174
1.00768
1.00596
1.00465
1.01633
1.00048
1.00829
1.00113
1.02509
1.01535
0.997903
1.00445
1.01845
1.00732
1.00478
1.01823
1.00241
1.00885
1.00403
1.00133
1.02289
1.00211
1.00562
1.02759
1.00856
1.02869
1.01419
1.01607
1.0054
1.0082
1.00297
1.0132
1.00065
1.05251
1.00767
1.01038
1.00127
1.00352
1.01811
1.00885
1.00091
1.00082
1.00382
1.00371
1.00605
1.0007
0.998373
1.01836
1.01644
1.00418
1.00061
1.00106
1.01438
0.999471
1.03044
1.03135
1.0032
1.00726
1.01507
1.0102
1.00665
1.00849
1.0206
1.00221
1.00007
1.02873
1.00113
1.00214
1.01601
1.00522
1.03895
1.0007
1.00431
1.00564
1.00349
1.00366
1.01129
1.00288
1.00314
1.0062
1.05485
1.01346
1.00158
0.999662
1.01556
1.01066
1.03022
1.00115
1.01742
1.00161
1.00146
1.00405
1.00768
1.00944
1.01095
1.01217
0.998692
1.01574
1.00178
1.01035
1.01032
1.00395
1.00512
1.00739
1.00757
1.00258
1.00794
1.0156
0.999437
1.00831
1.00983
1.01407
1.00166
1.00994
1.01647
1.00543
0.998442
1.00348
1.00632
1.00514
1.00324
1.03322
1.017
1.00365
1.00196
1.00379
1.00266
1.00428
0.999317
1.02631
1.00087
1.01115
1.009
1.00017
1.00707
1.00532
1.01086
1.0161
1.01312
1.01015
1.00347
1.01408
1.0264
1.02299
1.00423
1.00071
1.02169
1.01217
1.00322
1.00434
1.01248
1.02209
1.00386
0.998747
1.00579
1.00843
1.01241
1.00161
1.01064
1.00443
1.00222
1.00493
1.00706
1.02153
1.01368
0.999595
1.03028
1.0096
1.00617
1.00989
1.0037
1.01106
1.00743
1.02541
1.00718
1.01339
1.00461
1.00753
1.00325
1.01178
1.00742
1.00382
1.00036
1.00267
1.06323
1.00672
1.00246
1.01816
1.00501
0.998876
0.999302
1.00088
1.0045
1.01651
0.999332
1.00263
1.0104
0.999702
1.00888
1.00205
1.00118
1.00138
1.01489
1.00273
1.00222
1.00902
1.00743
1.01646
1.01384
1.00353
1.00272
1.01856
1.00158
1.00868
1.00711
1.00164
1.01049
1.00602
1.00598
1.00486
1.01453
1.00781
1.00353
1.01067
1.00376
1.00919
1.01286
1.02771
1.01513
1.00046
1.01068
1.01584
0.999716
1.00771
0.998164
1.00667
1.00616
1.01413
1.01541
1.00854
1.0149
1.00168
1.00365
1.00839
1.05045
1.00021
1.00955
1.01074
1.01293
1.00035
1.00457
1.00568
0.999773
1.00124
1.00206
1.00224
1.00055
1.02303
1.00773
1.00279
1.00727
1.00687
0.999581
1.00639
1.00325
0.999721
1.01868
1.006
0.999592
1.02875
1.01204
1.00413
1.00298
1.01065
1.001
1.00464
1.00262
1.01258
1.01245
1.01089
1.00226
1.00096
1.00202
1.02177
1.00797
1.00952
1.00034
1.02518
1.02434
1.01094
1.0153
1.01454
1.01348
1.01657
1.04957
1.00291
1.02366
1.01967
1.01838
1.00388
1.00405
1.00337
1.01348
1.00062
1.00967
1.01122
1.01401
1.00286
1.00859
0.99772
1.00331
1.00437
1.01391
1.02427
1.00846
1.01038
1.01705
1.00254
1.00398
1.03872
1.00548
0.999528
1.00033
1.00334
1.00829
1.01056
1.00716
1.00851
1.00849
0.999879
1.00404
1.01586
1.00112
1.00536
1.00114
1.00963
1.01316
1.00992
1.00927
1.01169
1.0019
1.00773
1.00551
1.00257
1.00494
1.002
1.01874
1.00167
1.00118
1.00169
1.00675
1.01037
1.00365
1.00892
1.00621
0.999647
1.00184
0.997351
1.03232
1.00727
1.01333
1.00891
0.999837
1.00084
1.02001
1.00151
1.01084
1.01331
1.03545
1.01453
1.00346
1.00263
1.00168
1.00276
1.00438
1.00238
1.00428
1.00983
1.00613
1.0057
1.01342
1.00002
1.00681
1.01194
1.00552
1.00549
1.0056
1.00644
1.00199
1.01606
1.01813
1.01412
1.04073
1.01492
1.00527
1.00485
1.0064
1.00252
1.02118
1.00082
1.00881
1.0041
0.997652
1.00151
1.0236
1.01076
1.00429
1.00369
1.02644
1.00594
0.999152
1.00134
1.03121
1.01642
1.00289
1.00236
1.00486
1.04401
1.01579
1.00827
1.00159
1.00102
1.01243
1.00194
1.00405
1.01306
1.0158
1.01781
1.02446
1.01074
1.01239
1.00313
0.999913
1.00965
1.00524
1.04321
1.02857
1.00809
1.00078
1.00136
1.01797
1.01011
1.00488
1.00273
1.02973
1.01202
1.00802
1.00487
0.99891
1.00824
1.00384
1.00382
1.00013
0.999723
1.00384
1.02669
1.00766
1.00027
1.01252
1.00976
1.0057
1.01349
1.00157
1.00704
1.00389
1.00323
1.00342
1.01329
1.01371
1.00648
1.00471
1.00674
0.999006
1.00077
1.02194
1.01813
1.01291
1.00865
1.00921
1.03369
1.05444
0.999922
0.999883
1.00029
1.00722
1.02687
1.01411
1.00439
1.00186
1.02244
1.01002
1.0111
1.00889
1.00257
1.01822
1.00356
1.02076
1.01316
1.01129
0.999361
1.01526
1.00514
1.01465
1.01159
1.01147
1.0143
1.00216
1.00564
1.00989
1.0223
1.00327
0.999602
1.00466
1.00257
1.00379
1.00882
1.00264
1.01752
1.00554
1.00565
1.0139
1.01508
1.00418
1.00159
1.00871
1.0188
1.01983
1.00824
1.00901
1.0066
1.01826
1.01242
1.00218
1.00216
1.00245
1.0045
1.00071
1.01399
1.0144
1.00454
1.00345
1.00555
1.0172
1.00449
1.00271
1.00346
1.04346
1.00451
1.00068
1.0123
1.00199
1.00343
1.00753
1.00483
1.00251
1.00881
1.00804
1.00652
1.01537
1.01464
0.999496
1.00567
1.00093
1.00077
1.00264
1.00112
1.00364
1.00554
1.01052
1.0239
1.0042
1.00115
1.01354
1.00187
1.00022
0.998872
1.00795
1.01883
1.00499
1.00131
1.02023
1.02999
1.00014
0.998755
1.00271
1.00113
1.02001
1.01835
1.00944
1.02054
1.00891
1.00085
1.004
1.00398
1.00425
1.00283
1.0066
1.01234
1.00391
1.00057
1.00134
1.0203
1.01216
1.00541
1.01096
1.00339
1.0004
1.01373
1.00947
1.02189
1.00425
1.02527
1.00649
1.00056
1.00355
1.00884
1.00052
1.00436
1.00182
0.995916
1.00774
1.00199
1.02215
1.02917
1.00245
1.00766
1.00281
1.0089
1.02906
1.00231
1.012
1.00126
1.01283
1.00894
1.00605
1.01476
1.00405
1.02364
1.00024
1.00177
1.01319
1.00042
1.05235
1.02089
1.00598
1.01174
1.0106
1.00057
1.00049
1.00319
1.0074
1.01704
1.00758
1.01548
1.00279
1.00528
1.00483
1.01171
1.03112
1.00262
1.00155
1.00437
1.01356
1.00135
1.00525
1.00895
1.01937
1.00336
1.01901
0.998577
1.00354
1.01421
1.01098
1.00048
1.00026
1.00542
1.00319
1.00349
1.00121
1.01037
1.00434
1.00748
1.00275
1.02523
1.00897
1.00865
1.00701
1.01499
0.999912
1.01111
1.01088
1.00194
1.01113
1.0046
1.02067
1.0013
1.00344
1.01441
1.01805
2.98351
1.32278
2.0185
2.68443
1.07807
1.35132
3.29293
2.35171
3.2414
2.15395
3.55279
3.47408
2.68883
2.50252
2.33264
2.44171
3.44466
3.1514
2.40212
2.65025
2.79386
1.4932
3.37546
1.76823
3.32275
3.49394
3.04348
2.52605
3.07917
3.11805
2.04774
2.92797
2.08559
3.06855
2.57266
2.30969
2.67229
2.99966
3.38737
2.98851
1.413
1.94099
2.60823
3.20157
2.92406
1.61159
1.73383
2.00827
1.68525
1.92364
3.27246
1.75437
2.9798
2.02146
2.90708
2.66493
1.37827
2.44513
1.6102
3.07069
3.00082
1.243
2.55806
3.42235
1.98358
2.79815
1.85142
2.97246
3.38161
2.83237
2.93087
2.72816
2.66945
3.37908
1.84099
1.90404
2.18946
2.52145
2.16689
2.17871
3.53403
1.5483
3.50497
2.50539
3.62137
2.14806
1.41018
1.96252
1.89004
2.83696
2.42318
2.2574
3.38222
1.82335
1.52725
2.56205
1.71437
3.33332
2.4291
2.22031
2.7001
1.9645
2.51222
1.93095
2.50689
2.31606
2.31933
1.74547
1.84945
2.50173
2.75139
1.73266
3.33393
1.12547
1.4709
2.25638
2.25866
3.21952
2.49693
3.41066
2.97676
3.12372
2.54483
3.30998
1.51097
2.95256
2.86064
2.43725
1.77378
2.59141
2.44584
2.15659
1.98763
2.9894
2.58336
3.05427
3.42574
3.20937
2.08119
2.58463
3.65083
1.99749
2.89772
3.09478
1.45967
2.52217
3.37042
1.59155
2.77775
2.23813
3.42505
2.80475
2.33832
2.09751
2.72855
2.71482
3.09191
3.15677
3.10268
2.69908
3.11823
1.46208
2.5894
1.72654
2.77425
3.01919
2.56688
2.98028
2.75798
2.78475
2.6916
2.42806
2.87466
2.47478
3.23046
3.42159
2.18911
3.28766
1.63575
2.3608
1.49899
2.87055
2.0444
2.07788
2.83917
3.42522
1.54126
2.19631
1.71066
2.84323
2.74875
2.37654
1.48238
2.23843
2.36086
2.70835
2.82782
2.19998
2.56545
1.61182
2.5847
1.57638
2.73317
2.73309
2.97251
2.4284
3.5033
2.25666
3.2576
3.6507
2.14507
2.95213
3.0306
3.06783
2.68175
2.11187
2.70988
2.53043
2.27634
3.19634
2.881
2.49375
1.5286
1.63902
1.62067
2.26616
2.67706
3.34194
1.74251
3.20692
3.10518
2.90303
2.57212
3.01705
3.17813
2.61324
2.86008
2.66694
3.20933
2.02417
2.08393
2.08898
2.32907
2.8647
2.26722
2.38919
2.78256
2.52844
2.78011
2.94829
2.38812
2.85113
1.55099
2.84466
2.19746
2.84192
2.61408
1.41728
2.86735
2.73088
2.99331
2.48466
1.87751
1.75909
2.76677
3.01584
1.513
1.9087
2.93607
1.22638
2.21
2.7084
1.87399
2.7145
3.57346
2.91241
3.36361
2.73314
1.71407
2.77422
2.82329
2.01569
2.89304
2.50305
1.74083
2.98871
2.19385
2.68003
2.93751
3.23467
2.39075
3.56302
2.11601
1.29184
1.09453
1.56489
2.36655
2.60551
2.86738
3.24567
2.33972
1.94385
2.53033
1.64443
1.38832
3.05215
2.04406
2.51634
2.49981
3.34224
2.63672
1.73737
2.29123
3.01582
1.41991
1.56011
3.15787
2.2643
2.37285
2.53823
2.8053
3.5544
2.96767
3.22221
3.27668
2.56389
3.16152
2.76454
3.2116
1.86149
1.4359
2.57167
2.93214
2.02204
3.52202
2.37
2.79429
2.68363
1.92429
2.56078
2.0599
3.37137
1.3505
1.54631
3.4166
1.93393
2.01545
1.25372
2.70729
2.54965
1.30599
1.77379
1.84014
3.24476
2.02237
3.38164
3.50186
2.03055
2.70876
2.70484
3.13622
2.26253
1.61563
3.00012
2.25065
1.68987
2.72546
2.91065
2.1863
3.1281
3.30486
3.56648
2.47996
1.67153
2.50207
2.23709
2.59651
2.4824
2.18839
1.96782
2.39855
3.41579
3.15062
1.9225
2.10801
2.63073
3.01308
2.88101
1.84668
3.4378
3.04554
2.72034
2.64444
2.76164
2.50861
2.60722
2.65357
1.26521
2.97427
2.24102
2.29045
3.59902
1.80622
2.23127
2.556
2.75421
2.27028
2.74604
2.66167
1.3608
2.52111
1.69769
2.4102
2.32574
2.34537
3.08974
2.29377
1.52664
2.36265
2.53683
2.38636
2.17236
2.86085
3.07528
2.71011
2.3794
2.81648
1.8747
2.94173
1.62354
2.2597
1.90473
2.87416
2.76862
1.85112
2.28205
2.20839
3.26957
2.47311
3.03212
1.90573
2.27339
3.32365
3.22526
3.48372
2.59534
1.93004
3.31745
2.41295
2.09687
1.30462
2.59728
2.58797
2.34996
1.94669
2.40756
2.91385
1.62095
1.68815
2.26834
2.34082
2.52063
2.99475
2.33837
3.42987
3.00789
2.87744
3.02733
2.43691
2.36097
1.52817
3.23573
2.99902
2.85161
3.1912
3.27723
3.00283
1.59378
2.08956
1.60653
2.13511
2.41575
2.35612
1.72534
2.53396
3.28615
1.30592
3.17497
2.75898
3.15856
1.41098
2.23306
2.47038
1.71761
3.17363
1.83543
2.1055
2.15039
1.34984
3.34645
1.34018
1.57733
1.19253
2.48873
1.5946
2.49781
2.80699
3.14653
2.66275
2.76272
3.13446
1.96134
3.0455
1.0506
3.17632
3.12482
2.26158
2.95311
2.96607
3.46104
2.63174
2.63396
2.19098
2.12058
2.13117
2.07214
3.07386
2.89296
2.65619
3.19586
1.60517
2.30197
3.1513
1.80373
1.97054
1.79425
2.34256
2.50809
2.95695
3.53459
2.66316
2.7644
1.21157
1.63157
2.29247
3.54798
1.71675
1.74885
2.81679
3.35904
2.47535
2.32922
2.84117
2.58232
2.07815
1.82967
1.50864
2.45723
2.71903
2.18472
1.92361
1.26566
3.28713
2.16674
2.30385
2.59489
1.79798
2.63098
2.51647
2.36514
3.35655
2.08
1.25882
2.73545
3.09487
2.41809
3.21753
1.51545
2.88441
3.16771
3.29055
2.10842
2.36739
1.29331
2.87568
3.28133
2.3176
2.47656
2.68712
3.45324
2.61062
3.31647
2.67374
3.46255
2.69622
3.66343
1.40754
3.03339
2.99457
2.97968
2.49596
3.0389
1.25214
2.13871
2.08733
2.6325
3.25493
2.8862
1.73309
3.22493
1.89425
1.98257
2.483
3.2917
3.08973
2.94296
2.7031
3.22908
1.1486
2.17225
3.29992
2.76853
1.99189
2.66221
3.21798
1.85461
2.34868
2.55601
2.00716
1.64697
2.16914
2.15909
2.92677
1.45924
2.9435
2.61215
2.67744
2.92618
1.28511
2.33546
2.703
2.79857
1.7831
1.58484
1.40039
1.63536
1.56657
3.28999
1.81887
2.78862
2.51313
2.53295
3.17026
2.66056
2.4317
1.73116
2.19844
1.97015
1.52235
3.70782
2.27633
2.21313
2.99044
2.20888
2.07775
3.14546
1.13317
2.78155
2.61357
3.077
2.36686
1.37896
1.50942
3.10375
2.07207
2.23622
2.15075
2.74515
1.84527
2.78822
2.13381
2.71741
1.79093
2.30782
2.18111
3.20453
2.86492
2.18782
1.8601
2.8435
3.16233
2.93206
2.63478
3.13008
3.40737
2.75109
1.31665
3.14193
1.99599
3.55751
1.38602
1.93092
2.05252
1.78915
2.42092
3.05561
2.75624
2.23366
2.3258
2.37074
3.19938
2.4213
1.98739
3.59891
3.12863
3.13782
2.64237
2.22278
3.40025
3.02512
2.20381
1.86443
1.15566
2.84987
2.51522
2.30961
2.14601
2.90874
3.19933
2.91802
2.15671
2.24854
1.8139
1.85651
2.25845
1.78153
3.38168
2.64088
2.42332
2.88566
1.79213
3.10681
1.7272
1.85403
2.54465
2.86096
3.21338
2.05671
2.63225
1.06721
2.29409
2.92224
2.35407
1.85471
1.78792
2.51906
3.29329
2.93915
2.63853
2.73252
1.64261
2.56401
3.09574
1.81254
2.1274
1.76434
1.92174
1.22419
3.0938
2.47344
2.5229
3.15552
2.61476
2.33643
2.59229
2.98936
3.14231
3.03817
3.38858
3.17145
3.57193
3.58152
2.62722
2.17687
1.99133
2.64876
2.95329
2.49308
2.46461
1.71759
3.23408
2.93868
3.05345
2.75656
2.63794
2.88253
2.30096
3.40607
3.10124
2.32798
2.22206
2.93041
2.36514
2.59901
1.64168
2.71463
3.07334
1.08912
2.0587
2.4993
2.69998
2.5444
2.73584
2.45297
1.88594
2.4667
2.19708
2.49868
2.77831
3.26199
2.81157
2.89093
2.7915
2.28997
1.68636
1.69526
2.65163
2.57263
2.53091
1.89666
2.55184
2.59812
2.35455
1.22323
1.95442
2.20828
1.54062
2.55462
3.13885
3.10032
2.28359
3.28345
3.22173
2.26263
2.03127
1.7774
3.26954
3.11043
1.81122
2.07473
2.86007
2.50149
1.68728
1.51712
2.63411
1.98531
2.38077
2.33151
3.30836
2.48701
2.49852
2.22743
2.34873
2.56786
2.31194
2.32587
1.73719
2.15602
2.74539
2.70541
3.09517
2.87871
1.9075
2.16126
2.70165
1.72393
1.69486
2.54641
3.29185
1.57738
1.35681
3.36305
3.48219
1.99828
1.75439
3.21498
2.31186
3.39023
2.82867
2.15622
2.87885
3.08705
2.79307
2.31975
2.56527
1.91021
1.92561
2.69573
2.90764
2.3937
2.12405
1.75207
2.85119
1.88258
1.99503
2.66015
1.63941
2.20173
2.97911
3.32882
3.42658
3.00772
3.65529
2.25728
2.17299
3.17406
2.89328
1.44946
2.05232
2.52909
1.82998
2.60751
1.55517
3.08711
3.32936
2.39436
3.41607
1.73204
2.34203
3.23643
1.7835
2.89919
2.647
2.48985
3.22255
2.58851
2.99993
1.93894
3.00393
1.64723
1.47267
2.34559
1.78014
3.3853
3.36989
1.10383
2.56588
1.57877
1.54576
1.78605
2.06307
1.97494
3.2137
1.57182
3.06671
1.41768
3.46592
2.74135
3.1113
3.32903
1.78035
1.521
2.3425
2.70698
1.84532
2.70576
1.91562
3.27913
2.73032
3.16071
2.44864
2.15601
2.90551
2.88747
2.31908
2.80627
2.77557
1.89264
1.36134
3.00096
2.87451
2.68701
1.82863
2.36035
3.36683
2.63737
2.62854
1.17125
2.43577
2.20842
2.60172
2.15713
1.71238
2.81868
1.92567
3.22937
1.7117
2.2674
3.15961
3.47542
3.12091
1.3372
2.06132
3.07188
1.14443
1.39587
3.55323
2.45368
3.33509
2.39347
3.60771
3.52697
2.75469
2.51779
2.37419
2.5761
3.56612
3.25271
2.46248
2.77164
3.03879
1.54066
3.37546
1.78379
3.35908
3.53471
3.28244
2.64537
3.07917
3.27926
2.57204
2.96302
2.22671
3.15866
2.63523
2.54903
2.69155
2.99966
3.57591
3.05569
1.45323
2.02292
2.67032
3.33044
3.1952
1.64207
1.78166
2.12473
1.72558
2.00246
3.39937
1.78897
3.20091
2.16837
3.45392
2.88776
1.4268
2.54934
1.75921
3.49247
3.0653
1.32628
2.7596
3.71852
2.57449
2.8842
1.89145
3.09618
3.52977
2.94992
3.51346
3.20546
3.02058
3.45506
1.91122
1.93995
2.21871
2.6995
2.32175
2.48263
3.58453
1.5554
3.59981
2.50539
3.62137
2.23967
1.55807
1.97811
2.08756
3.0557
2.59805
2.42545
3.49294
1.86985
1.57778
2.71343
1.74126
3.50369
2.50839
2.27228
2.7662
2.12405
2.69851
2.03296
2.57533
2.46636
2.45024
1.93455
1.95686
2.542
2.79412
1.92702
3.46171
1.13718
1.50249
2.31677
2.36307
3.30899
2.66706
3.65571
3.11175
3.47385
2.61404
3.38529
1.65514
3.21215
3.02528
2.4629
1.82257
2.72226
2.46662
2.29353
2.06884
3.16022
2.81231
3.09105
3.53898
3.20937
2.1071
2.69353
3.68115
2.13576
2.9726
3.16306
1.47933
2.58248
3.4603
1.89188
2.81271
2.35539
3.63631
3.23355
2.45481
2.26646
2.7763
2.81789
3.31097
3.72674
3.15324
2.78149
3.2001
1.59251
2.5894
1.88714
2.87303
3.04246
2.65889
3.0602
3.28856
2.92895
3.01381
2.55067
3.06255
2.61169
3.31197
3.45827
2.47224
3.58774
1.76973
2.46468
1.65214
2.87055
2.15157
2.34489
2.97914
3.49038
1.78145
2.55858
1.8519
2.95584
2.74875
2.57858
1.66503
2.5274
2.6784
3.06617
2.90164
2.19998
2.56545
1.79234
2.69954
1.6711
3.0084
2.87396
3.00992
2.46801
3.55192
2.25666
3.30851
3.70847
2.21294
3.05158
3.3208
3.14481
2.77367
2.18486
2.89765
2.62057
2.47925
3.40503
3.0672
2.691
1.60448
1.68244
1.7114
2.3179
2.73307
3.70908
1.82098
3.23629
3.27049
2.93301
2.628
3.07401
3.32161
2.6279
3.24948
2.75104
3.25251
2.03768
2.26026
2.15529
2.52044
2.9645
2.52548
2.42024
2.91983
2.68193
2.92182
3.07322
2.4717
2.94113
1.75648
2.97483
2.55351
2.9222
2.64383
1.41728
2.91054
3.03865
3.15217
2.54021
2.05246
1.81317
2.83603
3.1619
1.57072
2.09986
2.99965
1.29833
2.24496
2.76739
1.90397
2.80684
3.70184
2.97322
3.4737
2.82646
1.80168
2.99674
2.84318
2.1498
2.9289
2.52307
1.80169
3.10532
2.29245
2.75903
3.05005
3.36596
2.61149
3.75458
2.18052
1.3125
1.19199
1.66831
2.48161
2.62897
3.06816
3.47008
2.44472
1.99736
2.77485
1.81284
1.4048
3.55004
2.27114
2.61596
2.90596
3.53907
2.74119
1.777
2.44239
3.11508
1.45276
1.5799
3.15787
2.44857
2.41752
2.87988
2.97298
3.5544
3.25238
3.469
3.35154
2.56389
3.25652
2.89478
3.29622
1.97243
1.53397
2.73711
3.0167
2.06174
3.54972
2.4281
2.79429
2.8641
1.98221
2.69067
2.15657
3.49696
1.43525
1.54631
3.70079
1.96257
2.08168
1.30641
2.8467
2.64186
1.377
2.03977
1.95917
3.57547
2.19098
3.57989
3.57117
2.45472
2.86605
2.72248
3.50496
2.42746
1.66279
3.07521
2.2942
1.85548
2.77263
3.05294
2.1863
3.1968
3.63055
3.62653
2.94283
1.80241
2.61343
2.371
2.69091
2.52711
2.46445
2.20654
2.49329
3.51449
3.25198
2.08481
2.18789
2.68742
3.07535
2.96509
2.13361
3.4378
3.52059
3.03294
2.70936
2.85307
2.53572
2.60722
2.70686
1.44467
3.11383
2.38733
2.41299
3.75484
1.83208
2.26073
2.60648
2.88387
2.51725
2.78159
2.67822
1.43456
2.61638
1.74257
2.45361
2.42331
2.39924
3.11434
2.33665
1.84956
2.48272
2.70957
2.45491
2.48097
2.96089
3.14675
3.132
2.45074
3.05893
1.90441
3.28854
1.79295
2.30533
2.06139
2.9676
2.76862
1.93935
2.33377
2.31618
3.38878
2.54455
3.14336
1.94281
2.41621
3.37617
3.24924
3.49952
2.70091
2.1327
3.55241
2.51648
2.17498
1.43672
2.59728
2.69668
2.50384
2.11727
2.5009
3.22239
1.92534
1.74759
2.33933
2.42793
2.7925
3.57605
2.36276
3.49936
3.1579
3.24026
3.04858
2.46136
2.42723
1.6175
3.4195
3.38543
2.85161
3.42144
3.40069
3.00283
1.72886
2.19297
1.63782
2.24126
2.65493
2.51297
1.78591
2.72726
3.36992
1.46016
3.47087
2.75898
3.37582
1.5002
2.39265
3.00035
1.74666
3.20084
1.86691
2.36604
2.15039
1.41228
3.44202
1.41475
1.70283
1.31275
2.7098
1.76367
2.61942
2.85336
3.56055
2.67826
2.87411
3.40245
2.00872
3.12533
1.11966
3.48183
3.34437
2.34875
3.17548
3.44697
3.59837
2.83539
2.76075
2.24607
2.32934
2.38605
2.13367
3.16459
2.97932
2.71216
3.29717
1.62563
2.40369
3.22026
1.96395
2.1122
2.08812
2.41803
2.60528
3.05932
3.58399
2.79476
2.85821
1.24094
1.73883
2.34355
3.62303
1.75378
1.78933
2.96773
3.60475
3.04643
2.59914
3.10171
2.93171
2.1147
2.13679
1.59772
2.68355
2.76266
2.26757
2.1066
1.3263
3.45095
2.33292
2.4578
2.90517
1.95915
2.68182
2.78227
2.66577
3.53535
2.11541
1.29008
3.09589
3.23283
2.64007
3.26953
1.59065
3.25057
3.38224
3.50896
2.3108
2.57574
1.4406
2.89472
3.37075
2.50248
2.75143
2.82426
3.57829
2.63255
3.45759
2.75896
3.64973
2.78657
3.69636
1.48874
3.16338
3.08109
3.04183
2.61668
3.25696
1.28305
2.25528
2.32688
2.73297
3.38683
3.02384
1.89253
3.32342
2.139
2.1768
2.77328
3.4269
3.39516
3.06735
2.74822
3.26109
1.1989
2.6269
3.34045
3.05145
2.06938
2.83967
3.39868
1.97436
2.52691
2.85707
2.05029
1.66366
2.30248
2.24765
2.9734
1.51553
2.98735
2.69333
2.75876
2.98356
1.3128
2.37827
2.75107
2.93265
2.007
1.64303
1.94392
1.72848
1.74162
3.42519
2.07631
3.05871
3.10559
2.63629
3.38428
2.93129
2.61167
1.77321
2.32736
2.10951
1.63763
3.82329
2.33682
2.28975
3.15785
2.58965
2.10409
3.18225
1.13951
2.869
2.67621
3.16767
2.46922
1.46106
1.55241
3.23701
2.19417
2.38927
2.30387
2.96343
1.88791
2.92391
2.17865
2.84326
2.04946
2.43376
2.26562
3.53709
3.20477
2.25341
1.90502
3.11446
3.22075
3.09927
2.6912
3.17915
3.65974
2.96836
1.38912
3.34636
2.02152
3.58333
1.43693
1.97371
2.20922
1.95877
2.57515
3.05561
2.96317
2.37035
2.40307
2.44446
3.59967
2.67376
2.05254
3.63293
3.24275
3.49675
2.74817
2.27211
3.70721
3.18948
2.26638
1.98289
1.20614
2.959
2.68132
2.51104
2.38358
3.01657
3.43099
3.04538
2.1728
2.30474
2.09582
1.93342
2.44281
1.85801
3.78232
2.77248
2.51214
2.98526
1.85511
3.19658
1.83013
1.91561
2.78666
3.03969
3.48589
2.22222
2.72785
1.11126
2.33628
3.16031
2.4292
1.88125
1.80444
2.60814
3.56301
3.11525
2.69097
2.78854
1.68141
2.67412
3.26274
1.94764
2.2074
2.18207
1.99304
1.31713
3.22916
2.53927
2.66733
3.4434
2.77409
2.48024
2.85735
3.30133
3.16171
3.1064
3.61592
3.22341
3.6912
3.68019
2.85607
2.35381
2.01433
2.73196
3.00901
2.55359
2.6376
1.94089
3.30682
3.16024
3.05345
2.86509
3.13158
2.91062
2.36199
3.51148
3.12623
2.37592
2.50473
3.07723
2.47721
2.67684
1.68696
2.73961
3.28329
1.08912
2.13103
2.52008
2.73488
2.65544
2.95532
2.60545
1.88594
2.69243
2.4392
2.88385
2.8239
3.44649
3.34011
3.04578
2.87207
2.33367
1.78388
1.71461
2.73389
2.637
2.59933
2.23049
2.66505
2.64335
2.49096
1.30833
2.20944
2.49514
1.56001
2.71861
3.37344
3.10032
2.32677
3.45201
3.68935
2.42887
2.12135
1.87407
3.4509
3.25795
2.00159
2.17224
3.04606
2.58351
1.70223
1.58821
2.98432
2.03254
2.5047
2.36715
3.42525
2.60726
2.51423
2.40018
2.45263
2.95102
2.54904
2.47529
1.80794
2.32413
3.21349
2.77344
3.09517
3.04495
2.02417
2.17936
2.8448
1.91246
1.82667
2.57899
3.42766
1.68935
1.51018
3.43976
3.59871
2.26221
1.86484
3.47252
2.36177
3.45223
2.82867
2.16958
3.00956
3.18482
3.31213
2.50164
2.6402
2.02359
1.99062
2.73282
2.96155
2.48222
2.22596
1.85689
2.92888
1.89526
2.08007
2.85725
1.76209
2.36677
3.03476
3.52722
3.50388
3.33623
3.69474
2.32691
2.28936
3.49039
2.9637
1.49359
2.10282
2.64139
2.06583
2.67097
1.83462
3.26304
3.4579
2.52428
3.54507
1.7878
2.4362
3.34195
1.86117
2.92366
2.91546
2.53565
3.5171
2.84396
3.15727
2.04062
3.11943
1.77282
1.92867
2.37221
1.80294
3.64019
3.61677
1.16032
2.58762
1.68685
1.76726
1.78605
2.19765
1.97494
3.26301
1.5976
3.12764
1.56192
3.67273
2.91697
3.16177
3.44269
1.8106
1.58873
2.51975
2.81935
2.14761
2.84091
2.03501
3.41678
2.96361
3.27031
2.67603
2.28557
2.98381
3.00486
2.612
3.25496
3.0611
1.92513
1.55825
3.30663
2.94948
2.95947
1.88472
2.47741
3.40392
2.84707
2.72759
1.20653
2.43577
2.36459
2.67739
2.27037
1.82905
2.81868
1.95221
3.54829
1.74943
2.75146
3.24383
3.49935
2.98351
1.32278
2.0185
2.66753
1.06557
1.32701
3.27683
2.35171
3.2414
2.09853
3.31932
3.47408
2.6765
2.50252
2.33264
2.41935
3.37773
3.1325
2.40212
2.63316
2.56648
1.47908
3.35257
1.76823
3.2147
3.46295
3.03346
2.49225
3.07917
3.08599
1.97147
2.92797
2.01888
3.06855
2.55755
2.25661
2.67229
2.99966
3.38737
2.95322
1.40068
1.93011
2.57858
3.13102
2.89994
1.61159
1.73383
1.97823
1.67081
1.86177
3.24088
1.74642
2.96511
1.99645
2.87396
2.60182
1.36767
2.42404
1.58953
2.98246
3.00082
1.23745
2.54265
3.39325
1.93188
2.77762
1.84261
2.93725
3.34613
2.81671
2.89323
2.66861
2.60497
3.36078
1.7712
1.90404
2.18946
2.48616
2.13613
2.13887
3.39406
1.5429
3.48046
2.50539
3.62137
2.14806
1.37899
1.94994
1.83316
2.79282
2.37649
2.25097
3.38222
1.80923
1.51502
2.51365
1.70645
3.33332
2.4291
2.22031
2.7001
1.92576
2.47803
1.89338
2.49317
2.22856
2.27384
1.7181
1.79117
2.43166
2.75139
1.69499
3.33393
1.12547
1.45739
2.25638
2.18402
3.09034
2.45539
3.38748
2.90867
3.06791
2.53518
3.30998
1.4855
2.86895
2.81867
2.37864
1.77378
2.48194
2.43236
2.12028
1.97652
2.94335
2.555
2.96403
3.42574
3.20937
2.07146
2.46467
3.62352
1.98034
2.82663
3.09478
1.45967
2.4058
3.29421
1.55937
2.77775
2.21245
3.35386
2.75862
2.32887
2.06293
2.72855
2.71482
3.06626
3.0759
3.08335
2.68354
3.11823
1.43443
2.5894
1.71454
2.77425
3.01919
2.56688
2.94984
2.67783
2.6832
2.64972
2.3142
2.82882
2.31966
3.23046
3.40443
2.15597
3.26362
1.59931
2.29896
1.49291
2.87055
2.03064
1.98311
2.78187
3.40452
1.51947
2.18139
1.64488
2.84323
2.74875
2.33243
1.45861
2.18856
2.27795
2.66573
2.79294
2.19998
2.54781
1.60191
2.5847
1.54275
2.69705
2.68462
2.86647
2.41378
3.48293
2.25666
3.2309
3.64121
2.09721
2.93291
3.00373
3.01335
2.65106
2.09205
2.67399
2.52351
2.19253
3.10867
2.85239
2.45691
1.52443
1.62436
1.6077
2.26616
2.66583
3.28923
1.7166
3.20692
2.95442
2.82909
2.49822
2.99867
3.11061
2.61324
2.83763
2.66694
3.20933
1.97847
2.03531
2.03582
2.27682
2.80912
2.22857
2.37753
2.72077
2.4066
2.78011
2.94829
2.35279
2.73951
1.51382
2.83586
2.08971
2.84192
2.61408
1.41055
2.81457
2.72622
2.94829
2.47485
1.85197
1.72801
2.76677
2.96606
1.49957
1.877
2.9067
1.21113
2.1872
2.69421
1.87399
2.7145
3.52572
2.85064
3.30809
2.69563
1.69603
2.68274
2.74584
1.99795
2.87457
2.46091
1.71759
2.97659
2.17676
2.62504
2.86521
3.23467
2.33011
3.46097
2.11601
1.29184
1.08915
1.54961
2.3472
2.60551
2.84975
3.2123
2.33972
1.93071
2.42299
1.64443
1.38832
3.01514
2.0279
2.50935
2.45138
3.32638
2.59713
1.73737
2.28318
2.99664
1.41991
1.52713
3.15787
2.2258
2.37285
2.48892
2.67775
3.53183
2.95916
3.18298
3.27668
2.56389
3.09001
2.76454
3.18737
1.83936
1.36929
2.52276
2.93214
2.0152
3.52202
2.37
2.7738
2.55172
1.91696
2.49177
2.0599
3.30102
1.33562
1.54631
3.35682
1.93393
2.01545
1.25372
2.70729
2.53565
1.27413
1.67386
1.80733
3.11563
1.8758
3.38164
3.48022
1.97408
2.65442
2.63339
3.06981
2.22822
1.61563
2.98124
2.2264
1.67821
2.72546
2.89171
2.17365
3.09786
3.2462
3.50067
2.33507
1.64355
2.4251
2.20946
2.58669
2.4824
2.13095
1.92809
2.30552
3.41579
3.15062
1.90728
2.10801
2.55535
3.01308
2.88101
1.82971
3.4378
2.99684
2.58283
2.61474
2.76164
2.39738
2.60722
2.6406
1.2295
2.90891
2.20644
2.29045
3.56464
1.78823
2.23127
2.46374
2.73908
2.23517
2.73777
2.62853
1.33213
2.48917
1.68195
2.4102
2.32574
2.33176
3.06648
2.28066
1.49678
2.36265
2.49675
2.31028
2.12716
2.82054
2.99072
2.66919
2.35534
2.77872
1.87054
2.91337
1.60428
2.21833
1.84298
2.87416
2.76862
1.78033
2.28205
2.1947
3.17751
2.41855
3.03212
1.89592
2.1979
3.24108
3.22526
3.46105
2.55185
1.90151
3.2534
2.38547
2.09687
1.2716
2.57789
2.58797
2.31961
1.92248
2.40756
2.87958
1.57597
1.68815
2.19852
2.33467
2.43041
2.94295
2.25865
3.42987
2.99629
2.8561
3.01015
2.43691
2.34699
1.48822
3.21886
2.96492
2.83628
3.07156
3.22438
3.00283
1.57868
2.08956
1.60653
2.08805
2.36688
2.33447
1.72534
2.48764
3.22319
1.26009
3.12092
2.75898
3.09742
1.39886
2.1442
2.41113
1.71761
3.17363
1.78451
2.08909
2.15039
1.32496
3.34645
1.27883
1.55122
1.17522
2.45674
1.54318
2.46296
2.80699
3.09336
2.66275
2.75023
3.0959
1.92471
2.9249
1.04763
3.10264
2.997
2.22129
2.93568
2.94684
3.43632
2.56222
2.63396
2.19098
2.09465
2.06057
2.07214
3.04551
2.8665
2.60658
3.19586
1.60517
2.30197
3.12073
1.77331
1.96508
1.77202
2.33212
2.47195
2.85026
3.42636
2.62811
2.72547
1.19885
1.61979
2.29247
3.44588
1.70408
1.74885
2.68531
3.30963
2.41799
2.20251
2.78564
2.54234
2.07815
1.77234
1.48393
2.42512
2.71903
2.12346
1.8423
1.25721
3.27128
2.12593
2.29222
2.55259
1.76491
2.63098
2.47614
2.31749
3.25567
2.08
1.24116
2.6483
3.02091
2.29409
3.17556
1.50996
2.85391
3.15476
3.26596
1.99239
2.33668
1.18005
2.87568
3.26468
2.29021
2.29095
2.68712
3.41892
2.61062
3.2552
2.67374
3.29273
2.69622
3.66343
1.3837
3.03339
2.99457
2.97968
2.46073
2.89987
1.2413
2.13291
2.00123
2.62334
3.20226
2.86299
1.7213
3.22493
1.86627
1.96127
2.44999
3.23872
2.98264
2.88917
2.69442
3.22908
1.13709
2.09183
3.27935
2.7115
1.97253
2.60668
3.19403
1.85461
2.34868
2.47997
2.00716
1.64697
2.13528
2.14596
2.92677
1.44907
2.92788
2.59602
2.67744
2.92618
1.27986
2.31987
2.6869
2.77601
1.6786
1.577
1.35522
1.62512
1.5378
3.28999
1.79028
2.74769
2.38717
2.53295
3.11458
2.62098
2.41396
1.71573
2.18509
1.89341
1.50622
3.68871
2.26468
2.21313
2.9495
2.16353
2.07775
3.14546
1.13317
2.78155
2.5187
3.077
2.33986
1.32974
1.50942
3.09722
2.07207
2.17547
2.08701
2.68862
1.82905
2.76443
2.04792
2.68101
1.76769
2.29487
2.18111
3.16597
2.81424
2.14071
1.84771
2.70557
3.06078
2.93206
2.63478
3.13008
3.28499
2.70979
1.26196
3.12801
1.99599
3.5236
1.37918
1.91309
2.0109
1.75369
2.34154
2.90474
2.72768
2.17626
2.26036
2.37074
3.14645
2.34381
1.9443
3.59891
3.09498
3.04296
2.60751
2.22278
3.27788
2.97437
2.18815
1.81589
1.15072
2.80125
2.43304
2.26974
2.12088
2.90874
3.14211
2.91802
2.15671
2.23053
1.76805
1.81148
2.25304
1.72438
3.34782
2.61463
2.40645
2.85026
1.7387
3.10681
1.7272
1.83196
2.52756
2.74402
3.14991
2.04533
2.61698
1.04907
2.29409
2.9136
2.2699
1.84365
1.77837
2.49555
3.19742
2.92456
2.58602
2.66656
1.6272
2.56401
3.03276
1.76637
2.1274
1.73926
1.88058
1.2137
3.0938
2.43741
2.488
3.10632
2.61476
2.33643
2.5825
2.91134
3.14231
3.03817
3.28057
3.17145
3.57193
3.58152
2.50306
2.14416
1.91395
2.64876
2.95329
2.49308
2.40287
1.63419
3.23408
2.86844
3.05345
2.73541
2.49219
2.88253
2.30096
3.32046
3.07893
2.29196
2.19119
2.93041
2.33536
2.54086
1.62411
2.71463
3.07334
1.08309
2.0587
2.42078
2.59679
2.53172
2.65577
2.36803
1.79557
2.44456
2.18264
2.42874
2.69463
3.19819
2.79547
2.8325
2.7915
2.28997
1.64024
1.68513
2.63615
2.57263
2.51917
1.88583
2.53606
2.59812
2.35455
1.19518
1.88312
2.18121
1.51532
2.52006
3.10677
3.10032
2.23437
3.15002
3.08164
2.21407
2.00343
1.7774
3.23049
3.11043
1.67126
2.02075
2.86007
2.50149
1.68728
1.49802
2.55632
1.94816
2.26472
2.33151
3.28167
2.48701
2.49852
2.02679
2.31423
2.52957
2.30148
2.28073
1.70512
2.13421
2.69777
2.6033
3.07009
2.79701
1.85301
2.16126
2.68786
1.70469
1.64413
2.54641
3.26751
1.54739
1.34577
3.36305
3.48219
1.90604
1.74592
3.17344
2.29711
3.35352
2.80978
2.15622
2.87885
3.07231
2.76277
2.30746
2.52826
1.8868
1.89687
2.69573
2.90764
2.34667
2.10502
1.73441
2.83426
1.88258
1.9854
2.66015
1.60603
2.13514
2.94402
3.28769
3.42658
2.8428
3.65529
2.24361
2.12815
3.04938
2.89328
1.43926
2.05232
2.49996
1.79155
2.59239
1.5186
3.05648
3.32936
2.35647
3.39227
1.73204
2.33019
3.2183
1.7835
2.87913
2.62394
2.46712
3.17542
2.52543
2.99993
1.91568
2.95413
1.62466
1.40813
2.34559
1.78014
3.24931
3.32237
1.10077
2.56588
1.54637
1.48862
1.69538
2.05808
1.97494
3.2137
1.54894
3.04853
1.37695
3.43172
2.66461
3.1113
3.32903
1.78035
1.48016
2.23435
2.65308
1.77192
2.64546
1.91562
3.27913
2.69722
3.16071
2.34269
2.15601
2.79303
2.88747
2.30782
2.60516
2.74402
1.87827
1.33675
2.94929
2.87451
2.65735
1.82152
2.36035
3.36683
2.62718
2.60757
1.16776
2.43577
2.19236
2.51802
2.15713
1.69561
2.81868
1.91413
3.15156
1.7117
2.19103
3.15961
3.47542
