1.00484
1.00726
1.00383
1.00946
1.01127
1.0081
1.00071
1.00358
1.01569
1.00047
1.01034
1.01175
1.00571
1.01019
1.0084
1.00305
1.00787
1.00475
1.0065
1.01014
1.00187
1.00425
1.00139
1.0026
1.01167
1.00811
1.00269
1.03634
1.00229
1.00091
1.01539
1.00144
1.0124
1.00523
1.00533
1.00884
1.00849
1.00747
1.00135
1.01863
1.0022
1.0042
1.00431
1.01137
1.00312
1.00238
1.00126
1.00381
1.00341
1.00346
1.01782
1.005
1.00195
1.00296
1.00239
1.00405
1.00193
1.01504
1.00314
1.01252
1.00993
1.00409
1.00471
1.00454
1.00182
1.00329
1.00102
1.00126
1.00785
1.01058
1.02086
1.00645
1.00073
1.01676
1.00231
1.00312
1.00498
1.00009
1.00564
1.0023
1.00335
1.00148
1.00667
1.00118
1.00669
1.00968
1.01291
1.00455
1.00995
1.00185
1.00264
1.02197
1.01283
1.00971
1.00377
1.00222
1.02744
1.00305
1.00036
1.00324
1.00386
1.02198
1.00613
1.00303
1.00678
1.00398
1.00738
1.01392
1.00114
1.01201
1.00106
1.00612
1.00999
1.01345
1.00252
1.01741
1.01278
1.01308
1.00319
1.00828
1.01745
1.01566
1.0003
1.00433
1.0331
1.01122
1.00182
1.00603
1.01019
1.00278
1.00389
1.00393
1.0002
1.0049
1.00838
1.00318
1.01176
1.00573
1.02386
1.00287
1.00065
1.01199
1.01227
1.00677
1.00085
1.00476
1.00231
1.00198
1.00258
1.00848
1.00405
1.00417
1.00328
1.02722
1.0035
1.02612
1.00093
1.01984
1.00496
1.00641
1.0059
1.00853
1.01384
1.02106
1.00908
1.00893
1.00457
1.00094
1.001
1.00731
1.01138
1.00666
1.00259
1.01155
1.0025
1.01209
1.02288
1.00869
1.00318
1.00309
1.00283
1.00496
1.00507
1.00474
1.00562
1.00057
1.00813
1.02929
1.00272
1.00157
1.00476
1.02299
1.01367
1.00607
1.0074
1.00366
1.00545
1.01011
1.00147
1.0061
1.00061
1.00009
1.00394
1.00091
1.00816
1.01085
1.00438
1.01742
1.00875
1.00787
1.01069
1.00248
1.01637
1.00163
1.00114
1.00294
1.00745
1.00514
1.00158
1.00359
1.00396
1.01012
1.00233
1.00394
1.01279
1.00143
1.01474
1.00585
1.0135
1.00924
1.00763
1.00108
1.01197
1.01566
1.00158
1.00777
1.00266
1.00304
1.00492
1.004
1.00209
1.00696
1.00414
1.00988
1.00623
1.01903
1.00876
1.00916
1.00115
1.00872
1.00765
1.01938
1.01157
1.00466
1.00364
1.00398
1.01334
1.01481
1.01113
1.002
1.01221
1.0061
1.00488
1.01183
1.00144
1.02032
1.01561
1.00164
1.00593
1.00205
1.00447
1.00737
1.00478
1.01186
1.02533
1.00383
1.0003
1.00308
1.00618
1.00958
1.00661
1.00626
1.01604
1.00259
1.00328
1.00091
1.00832
1.02636
1.00403
1.02241
1.00321
1.00656
1.00648
1.00474
1.01891
1.00394
1.01358
1.00252
1.00393
1.00489
1.00141
1.02802
1.00494
1.00346
1.0018
1.00535
1.00939
1.00603
1.00153
1.00763
1.0112
1.00433
1.00326
1.00838
1.0094
1.02124
1.00628
1.00616
1.00105
1.00305
1.00818
1.0026
1.00281
1.01485
1.00103
1.00736
1.00533
1.0041
1.00648
1.00289
1.01719
1.00338
1.00449
1.0041
1.02484
1.01835
1.02649
1.01096
1.01579
1.00307
1.00615
1.00979
1.00556
1.00098
1.01187
1.01904
1.00378
1.00805
1.00203
1.00117
1.00165
1.00327
1.00773
1.00031
1.00363
1.00135
1.00818
1.00452
1.00294
1.01012
1.00464
1.00627
1.00248
1.01048
1.00392
1.00463
1.00355
1.00804
1.00189
1.00798
1.00829
1.00288
1.01292
1.00136
1.01329
1.01608
1.00494
1.00825
1.00066
1.01626
1.00562
1.00439
1.01169
1.00804
1.00157
1.01794
1.0026
1.00404
1.00244
1.01046
1.003
1.00563
1.00346
1.00715
1.00961
1.0013
1.01244
1.0108
1.01432
1.0223
1.00578
1.00126
1.00068
1.00933
1.0029
1.00432
1.00814
1.0187
1.0035
1.00564
1.00466
1.00329
1.00466
1.00167
1.00265
1.00468
1.00882
1.00306
1.0122
1.00465
1.00101
1.00685
1.00255
1.00121
1.00241
1.00816
1.01044
1.01493
1.00456
1.00261
1.004
1.00583
1.00825
1.02013
1.01791
1.00714
1.00773
1.00304
1.0013
1.00068
1.00241
1.01121
1.00495
1.00394
1.00389
1.00164
1.00612
1.00107
1.00537
1.00153
1.0083
1.00384
1.00085
1.01868
1.04497
1.00145
1.01461
1.00883
1.01246
1.00708
1.00343
1.00906
1.01103
1.00416
1.00756
1.00152
1.00859
1.00299
1.00164
1.00384
1.00145
1.00102
1.02256
1.01386
1.00157
1.00613
1.01613
1.00828
1.00063
1.00463
1.00737
1.00088
1.01922
1.00379
1.01276
1.00195
1.00297
1.0268
1.00219
1.0083
1.00621
1.00042
1.00276
1.01039
1.00386
1.00797
1.0088
1.01615
1.01155
1.01548
1.00562
1.01081
1.00433
1.01065
1.00253
1.01714
1.00349
1.00317
1.00449
1.00108
1.00572
1.00785
1.00254
1.01509
1.00055
1.00378
1.00904
1.00667
1.00143
1.00182
1.00445
1.00437
1.00287
1.02444
1.01183
1.00502
1.00589
1.01197
1.00361
1.00834
1.00104
1.00646
1.00211
1.00056
1.00348
1.0054
1.00497
1.02059
1.00499
1.01534
1.0027
1.00103
1.00176
1.00411
1.00681
1.00097
1.01289
1.00249
1.00829
1.00415
1.00113
1.00634
1.01022
1.00147
1.00091
1.00425
1.00558
1.00254
1.01184
1.00043
1.00272
1.00846
1.00095
1.00068
1.00079
1.00298
1.01364
1.00036
1.0123
1.00099
1.01982
1.00987
1.00232
1.00526
1.00382
1.00184
1.00145
1.00368
1.00652
1.00133
1.0013
1.00253
1.01259
1.01249
1.00786
1.00345
1.00307
1.00137
1.0088
1.00147
1.00833
1.00095
1.02333
1.00474
1.01822
1.01933
1.00242
1.01569
1.00174
1.00712
1.0179
1.01405
1.00585
1.00132
1.00158
1.00461
1.02111
1.00632
1.00381
1.00244
1.00296
1.00332
1.00573
1.00798
1.00631
1.00412
1.00662
1.00287
1.00129
1.00166
1.00587
1.00618
1.01624
1.00038
1.00265
1.00179
1.0195
1.00512
1.00284
1.00614
1.00231
1.00218
1.00515
1.00623
1.00268
1.00736
1.00979
1.02765
1.00543
1.00056
1.0017
1.00183
1.00541
1.0073
1.00473
1.00896
1.00718
1.00833
1.00242
1.00763
1.00212
1.00118
1.00127
1.00453
1.00666
1.00451
1.00149
1.00633
1.00504
1.00604
1.00951
1.00099
1.00507
1.00548
1.0004
1.00514
1.02817
1.00227
1.00075
1.00196
1.00603
1.00907
1.00184
1.00738
1.00205
1.00306
1.00106
1.00245
1.00498
1.02085
1.01577
1.00507
1.00207
1.00831
1.00773
1.00633
1.01055
1.03468
1.00214
1.01054
1.00554
1.00055
1.00901
1.00062
1.00635
1.00592
1.00417
1.01209
1.00735
1.00721
1.01835
1.00225
1.00114
1.00425
1.01297
1.01778
1.00231
1.0051
1.00338
1.0015
1.00431
1.00681
1.00525
1.00352
1.00873
1.00248
1.01138
1.00125
1.00977
1.00067
1.00146
1.00087
1.01176
1.00101
1.00457
1.00246
1.00225
1.00879
1.01141
1.0021
1.00537
1.00384
1.00434
1.00201
1.0053
1.00335
1.01108
1.00209
1.02159
1.00634
1.00873
1.01167
1.00357
1.00713
1.01035
1.01065
1.00075
1.00159
1.00186
1.00455
1.00742
1.00332
1.0029
1.00782
1.00795
1.02604
1.00452
1.00923
1.016
1.02189
1.00056
1.00039
1.00838
1.00184
1.00664
1.02172
1.00479
1.01804
1.0055
1.00873
1.00152
1.00695
1.00223
1.00105
1.01415
1.01425
1.0076
1.00368
1.01086
1.00505
1.01198
1.00204
1.00515
1.01225
1.00202
1.00878
1.00826
1.00223
1.00414
1.00184
1.0098
1.01321
1.00425
1.00962
1.00234
1.01288
1.00159
1.01035
1.00478
1.001
1.00392
1.00405
1.00974
1.02418
1.00722
1.00508
1.00292
1.00128
1.0031
1.00298
1.00051
1.02378
1.01222
1.00373
1.00217
1.00375
1.00723
1.00773
1.01048
1.00102
1.01352
1.00515
1.00294
1.00342
1.00641
1.00369
1.00461
1.00134
1.0115
1.0096
1.01873
1.01491
1.00812
1.00905
1.01311
1.00364
1.00112
1.01276
1.00834
1.01684
1.00583
1.00275
1.00027
1.00482
1.00662
1.00269
1.00303
1.00325
1.01729
1.00894
1.00191
1.00545
1.00314
1.00495
1.00235
1.01771
1.00129
1.00933
1.00174
1.01822
1.00128
1.00689
1.00514
1.00206
1.00081
1.00377
1.00074
1.00538
1.00835
1.00713
1.01427
1.001
1.00209
1.01405
1.00735
1.01265
1.01861
1.00474
1.00053
1.0097
1.00709
1.00227
1.00368
1.00175
1.00184
1.00256
1.00201
1.01612
1.00927
1.00511
1.00893
1.01314
1.0035
1.00188
1.00409
1.00502
1.00079
1.00159
1.00358
1.00385
1.00262
1.00791
1.0025
1.00524
1.01101
1.00536
1.00697
1.01359
1.00161
1.01402
1.00472
1.01346
1.00053
1.00262
1.01831
1.00793
1.00436
1.00425
1.00727
1.0048
1.01198
1.00293
1.00144
1.00608
1.00827
1.00384
1.00702
1.00184
1.00726
1.00288
1.001
1.00084
1.0129
1.012
1.00706
1.00672
1.01334
1.01042
1.00095
1.00382
1.01671
1.01063
1.00811
1.0134
1.01493
1.00455
1.00577
1.0081
1.00653
1.0057
1.00256
1.00138
1.00951
1.00365
1.00777
1.00542
1.00438
1.00405
1.00162
1.013
1.00344
1.00232
1.00119
1.00069
1.00442
1.02255
1.00368
1.01033
1.00346
1.00272
1.00092
1.00819
1.0038
1.0015
1.00322
1.00717
1.00264
1.0092
1.00267
1.01074
1.01616
1.00036
1.00163
1.00369
1.00709
1.01264
1.00112
1.0084
1.00278
1.00642
1.00157
1.00959
1.00341
1.00311
1.00797
1.0033
1.0087
1.00142
1.00888
1.01058
1.76395
1.86484
1.62548
1.82701
2.61457
1.86648
3.41536
1.03459
1.57549
1.4012
2.17893
1.33509
1.70001
2.68699
2.64343
2.70566
1.27436
2.29009
1.03523
1.43425
1.11701
1.74725
1.51733
3.0855
1.23738
1.45322
1.4974
1.28146
1.81655
1.19397
2.18789
1.28596
2.38368
2.76452
2.10852
2.22246
1.82153
1.16873
1.76909
1.32282
1.46776
2.14835
1.34036
2.13364
2.40015
1.14917
1.07359
2.10195
2.09446
2.665
1.54613
1.93638
1.76588
1.20648
1.83113
2.41062
1.50699
1.10669
1.86393
1.40581
2.79108
2.11828
1.20197
1.0651
1.68207
2.20573
1.11291
1.59112
2.17256
1.92124
1.35386
1.8603
1.21539
1.22082
1.25279
1.87452
2.25181
1.77238
1.32229
2.68424
1.06896
1.71333
3.19159
2.36315
1.40601
1.5916
3.19366
1.36537
1.31993
1.10504
1.60711
2.01342
2.48177
1.92988
3.05083
2.12666
1.2656
1.49758
1.62489
1.14464
1.255
1.13518
1.15211
1.35944
2.11566
2.08184
1.38889
1.7629
2.67246
2.20224
1.46093
2.61984
2.24426
1.1919
1.07107
2.36291
1.21867
1.81164
1.77503
1.88908
1.03472
1.49496
2.29329
1.96811
2.11088
1.95287
2.46044
1.19799
2.22577
2.00892
2.56765
1.08831
3.56393
1.18039
1.14475
1.41925
1.20576
1.53471
1.68862
1.12118
1.18202
1.5532
1.36827
1.23704
1.94693
1.10853
1.75952
1.28458
1.87506
1.63512
1.95074
1.15118
1.21701
1.14236
1.3552
2.90016
3.04315
1.66279
2.14988
1.66334
1.33157
1.10104
3.24742
2.16138
2.04332
2.03164
1.3395
1.4839
1.0347
1.99312
2.17256
3.00795
1.57678
1.1612
2.8549
3.05412
1.9477
1.76643
1.66917
1.12586
1.46192
1.33785
1.41743
1.43718
1.44554
1.55014
1.22912
1.47665
2.8222
2.5605
1.20987
1.07282
1.90991
1.08454
2.02693
1.18629
1.59647
2.63455
2.34441
2.713
1.70589
3.15096
1.68454
1.12488
2.65751
1.07902
2.34216
2.44994
2.5805
1.80193
1.70814
1.32562
1.39184
1.04085
2.67943
1.27774
1.90478
2.21316
2.01844
1.08986
1.63745
1.70086
2.49197
1.77982
1.54669
2.8071
1.42362
2.12906
1.79001
2.41331
2.71406
2.09868
2.97689
1.56193
1.16185
1.56435
2.32612
1.29202
1.553
2.28045
1.8132
2.62514
1.46539
2.58884
1.12658
2.14361
1.68598
1.45032
1.09267
1.47622
1.92858
2.24863
1.29172
2.24361
1.33976
1.51251
2.86936
1.0362
1.64509
1.7786
2.84985
1.59425
1.05058
1.52061
1.16879
2.80083
1.27852
3.10217
2.10323
1.37303
1.22953
1.12882
1.62525
2.88484
2.43475
2.13822
2.39395
1.66222
1.07658
2.564
1.60002
1.07254
3.40449
1.5026
3.10264
1.70251
1.93765
1.90082
1.23387
1.1254
1.22408
2.50922
1.16383
1.56691
1.03727
1.03654
1.95972
2.73114
1.28366
2.47149
2.50353
3.48289
2.91474
1.16969
1.06198
1.22793
1.52105
1.74509
1.02917
1.4712
2.80411
1.01424
1.9628
1.28961
1.37342
1.15022
1.71522
1.67343
2.56522
2.51824
1.63568
1.61643
1.51255
1.35057
1.23415
1.65506
2.12006
2.11135
1.02284
1.1629
2.99929
1.24096
1.11091
1.70425
1.87641
1.25049
1.85616
2.46183
1.55016
1.17132
2.32531
1.76592
1.21184
1.94921
1.26524
1.06917
1.74106
2.47162
2.04054
1.19973
1.72582
1.79466
1.58541
1.62327
1.76796
1.22397
1.67362
1.57992
2.57136
1.03791
1.36208
1.36204
2.32645
1.37154
2.15217
1.27297
1.34068
1.38786
1.27319
1.14176
1.73979
2.03769
1.98994
1.32298
1.0775
2.16334
1.14071
3.43373
1.36598
1.40485
1.87962
1.04845
1.57726
1.14312
1.17278
2.09317
2.47893
1.23542
2.26563
1.83281
1.30909
2.92584
2.30255
2.5131
2.42156
1.57721
1.09731
2.04497
1.06862
2.61637
2.85479
1.76827
2.04714
1.76119
1.08615
1.04137
2.81131
1.84854
1.07817
1.12402
2.58957
1.31873
2.05632
1.92016
1.81171
1.99215
1.74847
1.28956
1.22948
1.1432
2.32176
1.38264
2.12423
1.50921
2.05511
1.56009
2.46591
1.07812
1.1462
1.3713
1.74609
2.58325
2.25481
2.20263
1.05887
2.43638
2.05737
2.00684
1.09562
1.82232
1.87469
2.64779
2.23102
1.07952
2.08401
1.05249
1.04837
2.08455
1.71581
1.77343
1.84003
1.03455
1.88901
1.18432
3.57215
1.15638
1.47477
1.05533
1.67355
1.54692
1.44551
1.74614
1.78635
1.63609
2.34376
1.21979
1.24919
1.95143
1.70256
1.27319
1.27324
1.02128
2.87283
2.77869
2.16616
2.04064
1.55602
1.50141
3.46671
1.03091
2.63179
1.8747
3.30694
1.11604
2.01617
2.7559
1.84322
2.25047
2.04229
2.07515
1.1982
1.73785
1.50251
1.14711
2.57235
1.99903
2.2782
2.25394
1.45337
1.91347
1.78373
2.80122
2.56899
2.27344
1.0223
1.32635
1.48581
2.07429
1.32562
1.56589
2.34445
1.19102
1.4665
2.69791
1.15547
3.71454
1.1091
1.13993
1.7174
1.65968
1.77935
2.38941
1.27679
2.53306
2.74673
1.42536
2.71606
1.63553
1.03704
1.40358
2.22264
2.10408
1.57497
1.22546
1.01644
1.94994
2.90446
1.10983
1.38522
1.30204
3.18518
2.95113
1.02315
1.46949
1.13923
1.40912
1.03038
2.54073
1.71315
1.17555
1.08957
1.07129
2.82132
2.17305
1.10611
1.02416
2.78924
1.71179
1.39345
1.82689
1.90409
1.16849
2.93101
1.78187
3.47157
3.6939
1.27073
1.89366
1.04952
1.60026
1.94966
1.6788
2.45318
1.24745
1.82664
1.54094
2.14611
1.30263
1.4781
1.07145
1.00158
3.20578
1.59619
1.98829
2.22687
1.84267
1.03781
1.40398
1.8518
1.45036
1.12254
2.75655
1.19086
2.42173
1.25894
2.95026
1.11349
1.08914
1.93969
2.04117
2.83719
1.16662
1.92538
2.05194
1.02972
1.16172
1.36827
2.45613
1.99507
1.79929
2.70836
1.71668
1.98983
1.60817
1.51396
1.76055
1.78081
2.31677
2.01663
1.81879
1.14393
1.51854
1.21734
1.2434
1.73601
1.39924
1.92376
1.23517
3.12974
1.48238
1.92545
1.40742
1.52742
1.57006
2.59928
1.14455
1.26457
2.89068
1.57622
2.36701
1.04326
1.80581
1.14807
3.1721
1.1668
1.38586
1.14453
1.78462
1.15652
2.62518
1.76926
1.04137
2.21221
2.96193
1.66913
3.52242
1.54841
2.30877
2.66618
1.51691
1.07682
1.48053
2.79792
1.287
2.19481
1.92508
1.81518
1.9765
1.62459
1.03483
1.7719
2.24111
2.13101
1.53681
1.05697
1.85797
2.0061
1.26045
1.40734
2.59534
2.90644
2.05326
1.5044
1.22291
1.00919
1.57162
3.06691
1.6099
3.16262
2.20018
1.50919
1.29014
2.23358
1.96514
2.1571
1.80105
2.01633
1.19658
1.62441
1.17534
2.67162
1.63045
1.38906
1.97861
1.96502
2.23785
2.88346
1.47107
1.79194
1.42288
2.29289
1.34872
1.26445
2.5884
1.59455
2.10248
2.36501
3.19829
3.14992
3.11745
1.60356
1.93652
1.87116
2.99165
1.38975
1.56511
1.47579
1.7244
2.92769
1.13062
2.1168
1.1759
1.16494
1.08358
2.79219
1.06708
2.21035
1.04114
2.08805
1.2071
1.55095
1.49585
1.40125
1.97535
1.89534
2.4916
1.05178
1.00725
1.99418
2.40018
1.46065
2.82339
1.67685
3.48838
2.89731
2.38616
2.07893
1.35296
1.55455
1.18032
1.02349
1.12899
1.12159
3.47976
1.1717
1.80045
1.91384
1.77393
2.98918
1.06458
1.19486
1.58115
2.0132
1.60488
1.94078
1.19838
1.12258
1.65435
1.14895
1.40015
1.80994
1.14453
2.5541
1.58886
3.54017
2.41168
1.12746
1.09186
1.05942
1.76252
1.03263
1.94452
1.07298
2.79658
1.88192
1.28203
1.60579
1.48896
1.57089
2.3228
1.28386
3.29586
1.3264
1.14941
1.96433
1.09906
1.08501
1.49119
1.14777
1.02228
2.80886
1.78501
2.22724
2.13824
1.53235
2.7272
1.8719
1.49254
1.30725
1.27781
2.1116
1.26517
2.36483
1.3548
2.2584
2.97568
1.62189
1.41569
1.16191
2.70325
2.1034
1.0873
1.42766
1.04816
1.54408
1.66102
1.0491
2.29691
1.09132
1.79493
2.10393
3.12193
1.73112
2.12806
1.09437
2.6697
1.08107
2.05746
1.68023
1.94914
2.37057
2.18087
1.87923
2.56797
1.41321
1.36729
1.21509
1.25085
1.26655
1.23108
1.1171
2.2032
2.43153
3.37792
1.65978
1.37509
3.25496
2.54636
1.55074
1.73278
1.59735
1.45422
2.08779
1.6828
1.303
1.83309
1.27334
1.06895
1.29873
2.69857
1.0955
1.51245
2.11788
1.72713
1.02344
2.01887
2.39549
1.20531
1.35592
1.66485
1.71348
1.07594
2.97648
3.37493
1.07639
1.08362
2.6124
1.71867
1.53315
1.07203
2.20405
2.03468
1.75627
1.53381
1.90979
1.92718
1.10505
1.16754
2.19602
2.08224
1.04522
1.21387
1.10719
1.12136
1.6646
1.69653
3.0548
1.19892
1.91833
2.88374
2.26189
1.43544
1.34943
2.58217
2.50975
2.50923
1.63736
3.0794
2.82215
1.7928
1.49603
1.55205
1.48259
2.14669
3.30152
2.12386
2.24653
2.11956
2.01088
1.62717
2.58915
1.79828
1.08707
1.14141
1.27648
2.32303
1.53988
2.10733
3.27153
1.87865
3.2592
1.08376
1.23912
2.06083
1.28763
1.77489
1.69917
1.889
2.42876
2.69639
1.47091
2.40866
2.55906
3.13642
1.91587
1.26323
1.94627
1.30347
1.18228
3.40941
1.22158
1.66958
2.03219
1.50074
2.7232
2.46731
1.03745
2.7081
2.55338
2.28599
1.43571
1.15777
2.21588
1.90928
1.18488
2.07291
1.75937
2.1033
3.0068
1.17311
1.93694
1.47583
1.06275
1.1035
3.2208
1.99955
1.92702
1.81239
2.21906
1.10935
2.19186
2.66523
1.69803
1.95105
3.3458
2.14937
3.68482
1.52307
2.03645
2.44502
2.23935
1.36127
1.89369
3.03495
3.3572
3.04288
1.45561
2.86986
1.35351
1.67596
1.64884
2.14263
1.8422
3.65927
1.45355
1.75503
2.28021
1.31274
1.96794
2.86348
2.87123
2.07007
2.52217
2.90823
2.53865
2.36702
2.40369
2.00174
2.371
1.41093
1.66109
2.50004
1.38358
2.40908
2.97228
1.68083
1.89555
2.82864
2.25284
3.28068
1.63119
3.48852
2.24102
1.58679
1.8835
2.71608
2.01795
2.10634
2.40481
1.93441
2.87792
2.16196
1.24793
1.21313
3.01715
2.42935
2.0709
3.82768
3.60216
2.04224
1.45882
2.11363
1.44326
1.62929
1.97593
2.8457
2.52096
3.34797
2.55445
2.93602
1.46195
1.90686
3.28844
2.61123
1.68127
1.73778
3.48066
1.88352
1.84446
1.71922
1.96216
2.05618
2.58368
2.35809
3.39216
2.37122
1.31821
1.53783
2.07809
1.80856
1.62596
1.32118
1.16208
1.52251
2.57157
2.25086
1.59313
1.77852
3.76957
3.17009
2.71088
3.55242
2.52597
1.31767
1.78
2.79548
1.2542
2.46092
1.95016
3.17139
1.26839
1.92056
2.33254
2.07982
2.18633
2.00626
2.8973
2.1773
2.38813
2.46461
3.1986
1.61874
3.94867
1.18039
1.34253
1.90715
1.65678
1.53471
2.27445
1.6538
1.62898
1.72567
1.51386
2.17082
2.02668
1.17213
3.01788
2.1203
2.33963
1.71106
2.67011
1.2553
1.39882
2.47592
2.2707
3.08797
3.76317
1.89639
2.3633
1.68959
1.53608
1.2913
3.26888
2.52702
2.27976
2.29878
1.96079
2.89583
1.38983
2.16416
2.25405
3.36919
1.84934
1.52055
3.30489
3.05412
2.53603
2.07259
2.02772
1.47504
1.65978
1.38807
1.687
1.63525
1.60183
1.84522
1.22912
1.77506
3.80265
3.47325
1.5483
1.2481
2.1829
1.21576
2.57285
1.9169
1.6021
3.28376
3.25828
3.0017
3.37532
3.84257
2.17935
1.25369
2.97834
1.24208
2.68165
2.59722
2.79842
3.32925
2.69928
1.93239
1.8474
1.60173
3.3286
1.70079
2.1703
2.47453
3.72308
1.45824
1.75095
2.3456
2.92111
2.52552
2.1056
2.90818
1.79604
2.51904
2.05227
2.82885
3.36995
2.41108
3.05396
1.79376
1.70655
1.90473
3.50547
1.68509
1.78254
2.7251
3.12136
2.83511
2.02138
2.71617
1.52764
2.26322
2.44716
1.53991
1.67806
1.51987
2.17722
2.89124
1.90709
2.42992
1.34757
1.55636
2.9875
1.2544
1.65892
1.89948
3.32698
2.51961
1.21568
2.426
2.98152
3.26331
1.99664
3.15073
2.83989
1.37565
1.50528
2.21464
2.00195
3.22739
2.46893
3.17932
3.43091
2.55554
1.68407
3.14369
2.76908
1.6508
3.51575
3.56533
3.54649
2.12617
3.17596
2.45925
1.99299
1.27362
1.84114
3.62202
1.84558
1.9726
1.16882
1.31399
2.43768
3.59504
1.87214
2.54556
2.92841
3.92502
3.55662
1.34902
1.53636
1.93393
2.07163
2.38331
1.26426
1.98693
3.26612
1.09008
2.32335
1.74746
1.68372
1.30157
3.67898
1.84193
3.37694
3.2584
1.8882
1.93325
1.63856
1.47157
2.15014
3.43603
2.71418
2.89194
1.23048
1.5919
3.132
1.62447
1.28452
1.73935
2.45488
1.60875
2.03726
2.889
1.82274
1.39428
2.80292
2.13216
3.34127
2.04189
1.69596
1.25978
1.8478
2.79739
2.4366
3.20601
2.28754
2.26366
1.6189
3.50279
2.75301
2.30259
1.79064
1.57992
2.64824
1.25005
2.08514
1.52657
2.3425
1.72343
2.41403
1.66131
1.58291
1.39824
2.79158
1.32068
2.2469
3.0897
2.05735
1.8898
1.49226
2.38377
1.22152
3.46706
2.05679
1.65224
2.73835
1.22185
1.67853
1.52644
2.25882
2.3083
3.47462
1.4162
3.669
1.8981
1.9721
3.23167
3.09829
3.67842
3.04658
2.0181
1.55362
2.06157
1.24795
2.78147
3.39384
1.8236
3.39783
2.00257
1.33193
1.17327
2.98585
2.1724
1.24181
1.58454
2.65427
2.04219
2.14702
2.39671
1.98285
2.81395
2.63419
2.78178
1.32678
1.67482
3.24724
2.27609
2.36426
1.85307
2.11608
3.13926
3.12185
1.17731
2.16438
2.82595
2.01155
3.06565
3.3677
3.06313
1.1265
3.54519
2.24473
3.16371
1.32146
2.61625
2.53382
2.78266
2.88688
1.39368
2.22445
1.26726
1.2146
2.1127
3.49303
1.85129
2.16542
1.51256
3.56448
1.5712
3.87631
1.91266
1.62415
1.39716
1.77788
1.60402
1.56126
2.16325
2.11427
2.12296
2.84771
2.18903
1.56413
2.55956
2.7641
1.58812
1.40258
1.35676
3.42567
3.12301
2.60782
2.10051
1.67742
1.69185
3.86983
1.03305
3.22815
2.36026
3.37921
1.39409
2.74531
3.48384
2.46782
2.3681
2.76476
2.77846
1.34485
2.38247
1.81818
1.53601
2.57235
2.48184
3.07603
2.30443
1.50413
2.86698
2.57211
3.25567
3.27975
2.58749
1.20063
1.65924
1.83003
2.31263
1.50654
2.15601
2.45425
1.24169
1.73086
2.73804
1.61125
3.77435
1.22076
1.72905
3.1712
1.84312
1.78106
2.7517
1.6334
2.74213
2.79175
1.58105
2.8635
2.21753
1.2125
2.70578
2.93391
2.25921
2.68813
2.74292
1.19973
2.31954
3.64417
1.17416
1.77577
2.1325
3.38234
3.53681
1.12106
2.17726
2.46884
1.81037
1.16289
3.65802
1.76423
1.31193
1.6261
1.37685
3.25138
3.03933
1.85699
1.17384
3.04967
2.0318
1.50708
1.98496
1.99935
1.44539
2.99682
2.05585
3.59178
3.7126
1.86693
2.04794
1.13485
2.00366
2.73755
3.27884
3.53432
1.73794
2.44537
2.38364
2.58845
1.3334
1.77774
1.32609
1.09107
3.25598
1.899
2.39427
2.54091
3.45291
1.18446
3.19653
1.95755
1.87477
1.32582
3.21527
1.33472
3.26204
1.53599
3.22631
1.52987
1.28833
1.97448
2.7636
3.26683
1.27015
3.23849
2.86787
1.17642
1.78698
1.63209
2.63203
2.66998
3.56001
3.31569
2.31223
1.98983
1.66905
1.86074
2.82043
2.02776
2.7251
2.92098
1.96243
1.68589
1.62103
1.27332
1.26637
1.87151
1.48475
2.90884
1.81135
3.54485
1.65744
2.45021
1.49117
2.99409
1.77639
3.66739
1.46283
1.67594
2.95691
1.7975
3.70644
1.40604
1.888
1.48071
3.24717
1.79689
1.4602
1.27302
1.80674
1.7631
3.50787
2.19566
1.48404
2.56352
3.80276
1.71084
3.7001
2.3423
2.56114
3.60217
1.65002
1.1587
2.63285
2.99984
1.49466
2.63795
2.43247
1.83464
1.98697
2.59957
1.20784
2.08433
2.64919
3.85965
1.70781
1.10482
2.4897
2.62404
3.09903
1.69588
2.91788
2.95193
2.40816
2.28928
1.38549
1.06976
2.34736
3.28167
1.91705
3.34115
2.33782
1.94237
3.00276
2.65783
2.07903
2.75298
2.31565
3.04253
1.3551
1.75651
1.94514
3.15844
2.91356
1.82086
2.81867
2.11991
2.4059
3.46746
1.96439
1.99277
2.49227
3.38315
1.62904
1.38354
2.64296
1.70288
2.27334
2.91014
3.31856
3.38866
3.88857
2.60391
2.09201
2.03753
3.35589
1.42025
1.67218
1.72734
2.93693
3.32765
1.56808
3.62616
1.39346
1.28624
1.6309
3.58252
1.2283
2.44928
1.35411
2.96524
1.22456
2.29748
1.55005
1.54842
2.165
1.93366
3.31028
1.24275
1.07868
3.24794
3.65589
1.53713
2.91997
2.78889
3.59015
3.12808
2.63824
2.43333
2.48701
1.73198
1.34718
1.68607
2.98451
1.24842
3.64448
1.4956
2.22359
2.12954
1.80377
3.28312
1.25665
2.60235
1.61722
2.57338
2.69364
2.09761
1.4734
1.46635
2.04328
1.30308
1.69006
2.04936
1.46336
2.61121
2.05878
3.87432
2.83355
1.64051
1.99508
1.27191
2.48189
1.28162
2.64258
1.40092
2.79658
2.02336
2.09616
2.65446
1.5221
1.65671
2.60857
1.93801
3.49164
1.46153
1.60002
3.06914
1.35496
1.51901
2.42732
1.36003
1.19779
3.42233
1.94583
2.37593
3.4531
1.90739
2.80549
1.96137
1.49512
1.43466
2.28376
3.05955
1.90284
2.43613
1.83357
2.68843
3.5719
1.77802
1.79191
1.42441
3.43277
2.14758
1.41267
2.07405
1.10651
1.64791
2.5443
1.49673
2.3338
1.44624
1.83703
3.13753
3.2122
3.40346
2.21806
1.21835
2.98915
1.35749
2.83423
1.68849
2.67976
3.68766
3.26785
2.04072
2.56797
1.79046
1.40212
2.09309
1.36659
1.38129
1.35334
2.03296
3.15272
2.82888
3.78412
1.81244
1.74893
3.79374
2.70796
1.81957
3.1398
2.23349
2.03835
2.89926
2.3693
1.93944
1.91026
1.2806
1.84556
1.29873
3.08702
1.21582
1.70817
2.72068
2.92246
1.2092
2.01887
3.45905
1.48901
2.29498
1.91796
2.25927
1.27288
3.21615
3.52522
1.56597
1.44566
3.33809
1.95679
1.60659
1.40186
2.6824
2.03468
1.77047
2.21486
2.19197
2.13924
1.1255
1.31339
2.63828
2.1547
1.36155
1.5437
2.48654
2.12964
1.96512
1.83216
3.39558
1.24764
2.28151
3.64108
2.53021
1.50966
1.63987
3.02678
2.63111
3.41885
1.77921
3.62765
3.02526
1.96987
1.68325
2.06368
2.69309
2.31688
3.45998
2.51095
2.33806
2.51724
2.0874
1.69853
3.15854
1.86535
1.3222
1.56523
1.43025
2.80705
1.65743
2.26726
3.44239
2.62847
3.63016
1.19311
1.59666
2.18471
1.52649
1.90417
1.74317
2.69822
2.66052
3.06043
2.00004
3.04721
3.59606
3.78382
1.96177
1.62604
2.62864
2.03902
1.75081
3.68073
1.44668
2.16347
2.77771
2.48404
2.89658
2.90732
1.43328
2.84323
2.97595
2.80529
2.023
1.25941
3.4741
2.01803
1.6845
2.36346
2.41742
2.84584
3.26466
1.74887
3.1446
1.56508
1.52894
1.75985
3.2208
2.23151
2.07384
2.2316
2.68111
1.16096
1.65676
2.25703
1.61163
1.8255
2.58438
1.85916
3.40215
1.45505
1.59485
1.64372
2.13626
1.3346
1.67302
2.67044
2.66136
2.68728
1.27315
2.28755
1.03004
1.43216
1.25669
1.95646
1.46145
3.01664
1.20399
1.44843
1.48382
1.27016
1.8121
1.13677
2.48361
1.46366
2.36862
2.73537
2.10619
2.15145
1.87219
1.16215
1.74101
1.3071
1.46288
2.38346
1.33976
2.25875
2.35635
1.45066
1.17112
1.99964
2.11133
2.5557
1.53457
3.1509
1.66676
1.19108
1.83113
2.36454
1.47269
1.99435
2.09942
1.41961
2.74998
2.11559
1.19449
1.06404
1.65389
2.10184
1.76111
2.55998
2.62224
1.91427
1.33314
1.85717
1.17798
1.22272
1.22711
1.83857
2.243
1.94611
1.29032
2.68337
1.06272
1.70135
3.17795
2.32351
1.38953
1.58292
3.11151
1.34388
1.34658
1.09251
1.74188
2.01331
2.4521
1.90387
3.19874
2.11943
1.24786
1.44001
1.55784
1.38421
1.19512
1.12651
1.15027
1.32872
2.14179
2.08035
1.37276
1.74741
2.55704
2.18556
1.70314
3.05842
2.24854
1.18558
1.06733
2.45925
1.21368
1.79559
1.75669
2.66819
1.23401
1.5055
2.29329
2.01256
2.07747
1.9515
2.35968
1.43669
2.21397
1.86767
2.53802
1.54245
3.48225
1.18039
1.14044
1.56403
1.19849
1.53471
1.67685
1.14046
1.18589
1.54075
1.3727
1.91001
1.91563
1.08962
1.76167
1.21366
1.75792
1.63328
2.61312
1.13655
1.17526
1.13347
1.19056
2.87321
3.04038
1.70371
2.13015
1.66334
1.46715
1.12567
3.24742
2.133
2.01322
2.01746
1.30736
2.62973
1.03182
1.99128
2.17256
2.912
1.72656
1.15464
2.65428
3.05412
1.88558
1.71963
1.646
1.09422
1.43524
1.2812
1.36339
1.42657
1.4332
1.48361
1.22912
1.44093
2.77249
2.45882
1.18809
1.07282
1.8972
1.08243
1.96957
1.74454
1.5851
2.64444
3.1003
2.56444
1.85648
3.10205
1.679
1.1576
2.64059
1.16281
2.17108
2.43055
2.53237
2.47738
1.83923
1.2558
1.38742
1.04674
2.51248
1.20963
1.87295
2.20046
2.599
1.24169
1.59786
1.69071
2.48525
1.7774
1.61624
2.8058
1.42294
2.33645
1.76183
2.40946
2.69795
2.02861
2.97467
1.55679
1.13041
1.52667
2.58164
1.52208
1.53107
2.15339
1.7906
2.62514
1.46406
2.57277
1.09062
2.12786
1.62817
1.4487
1.10335
1.43807
1.91903
2.21649
1.27428
2.22195
1.33976
1.51251
2.85937
1.1926
1.64367
1.71619
2.71034
1.59083
1.05058
1.65766
1.421
2.88084
1.36555
3.06809
2.08775
1.37303
1.32946
1.81339
1.62057
2.83694
2.42415
2.33209
2.33107
2.37488
1.06169
2.5438
1.5636
1.06403
3.40136
1.71501
3.05115
1.5787
2.93923
1.87904
1.56321
1.17566
1.35342
2.99611
1.18732
1.55487
1.03727
1.03643
1.96362
2.65604
1.3577
2.45958
2.47771
3.28893
2.97208
1.16875
1.06005
1.41668
1.5116
1.84355
1.02825
1.89413
2.60362
1.01177
1.95417
1.27457
1.35266
1.15192
2.85623
1.6384
2.46767
2.49388
1.67604
1.58559
1.5023
1.36577
1.59608
3.17593
2.0689
2.09321
1.02211
1.13401
2.99394
1.47656
1.10968
1.69536
2.03701
1.57143
1.96783
2.36356
1.54666
1.15554
2.27865
1.76148
3.19197
1.93992
1.31175
1.0694
1.7385
2.38678
1.98733
2.49839
1.76464
1.78562
1.58541
1.4972
1.74704
1.7737
1.65145
1.57992
2.56504
1.04108
1.27231
1.29066
2.31344
1.33132
2.12356
1.64058
1.30894
1.37948
2.35196
1.12148
1.55625
2.04029
1.9792
1.31596
1.23018
2.15257
1.12745
3.43373
1.3651
1.39032
2.11491
1.09699
1.47028
1.13535
1.39043
2.06809
2.4275
1.2312
2.2321
1.82737
1.32793
2.92132
2.24449
2.80309
2.83506
1.58376
1.09657
2.04497
1.06632
2.61181
2.84315
1.76132
1.82607
1.73527
1.0795
1.03521
2.78504
1.92984
1.07543
1.12391
2.58957
1.24362
2.03517
1.87534
1.79075
1.93674
1.75038
1.45896
1.20981
1.47089
2.34468
1.38242
2.12423
1.41247
2.03788
1.51731
2.32241
1.07812
1.15535
2.47444
1.8855
2.76412
2.25038
2.99904
1.05887
2.51836
2.05551
2.00684
1.0912
1.79809
1.83137
2.63391
2.151
1.07716
2.08229
1.20003
1.04695
2.08109
1.95461
1.72929
1.91592
1.03818
1.68591
1.18289
3.45435
1.62755
1.47944
1.11894
1.7148
1.49278
1.42481
1.74229
2.0169
1.82992
2.32392
1.20866
1.45302
1.7611
1.70106
1.27005
1.23028
1.02226
2.88974
2.77423
2.12086
2.03193
1.51192
1.50122
3.31982
1.03028
2.45761
1.92619
3.30694
1.11245
2.13758
2.68754
1.8165
2.24339
1.97934
2.1387
1.18658
1.52691
1.50231
1.1451
2.57235
2.28526
2.47236
2.24253
1.45326
2.56207
1.75413
2.7776
2.52856
2.2246
1.02469
1.44932
1.45455
2.06359
1.32323
1.33458
2.32659
1.18492
1.44881
2.66961
1.1245
3.65809
1.10326
1.12202
1.67784
1.60727
1.77935
2.58703
1.25308
2.54211
2.7433
1.40918
2.7128
1.83372
1.11573
2.02466
2.13981
2.06347
1.46946
1.19753
1.01644
1.85108
2.85641
1.09603
1.36468
1.28479
3.10975
2.84649
1.02732
1.4571
1.13707
1.37512
1.03038
2.45574
1.67843
1.17177
1.16417
1.07005
2.79113
2.60426
1.09177
1.02416
2.78421
1.70006
1.37937
1.74209
1.90409
1.1675
2.93101
1.76174
3.44839
3.68064
1.45565
1.87895
1.04872
1.60353
1.85311
1.59534
2.67831
1.31298
1.81086
1.4222
1.96427
1.29295
1.43578
1.06362
1.07538
3.20578
1.57269
1.91683
2.08886
2.47377
1.03721
1.76681
1.80763
1.405
1.17031
2.94189
1.18449
2.31254
1.30093
2.94347
1.10237
1.0816
1.93266
2.01568
2.74468
1.16616
2.04746
2.01918
1.02972
1.39163
1.36229
2.41152
1.95591
2.32681
2.68099
1.65441
1.98983
1.59465
1.51138
2.32525
1.77287
2.28608
2.0671
1.80354
1.36128
1.51541
1.19973
1.23296
1.67982
1.38215
1.8961
1.20251
3.09025
1.44294
1.87007
1.36469
2.63443
1.55897
2.58603
1.14798
1.50192
2.89068
1.4991
2.42687
1.03888
1.799
1.14809
3.16369
1.60069
1.38058
1.14375
1.78355
1.13881
2.58879
1.73769
1.0329
2.31827
3.2839
1.62378
3.50374
1.53325
2.24175
3.20143
1.50456
1.06672
2.27357
2.78405
1.42046
2.15388
1.72216
1.79873
1.96655
2.0998
1.0292
1.90021
2.19817
2.31711
1.52294
1.052
1.80181
1.95697
2.83509
1.34717
2.54261
2.90644
2.03671
1.2819
1.16153
1.03361
1.53468
3.03343
1.81082
3.11878
2.19168
1.47023
1.90758
2.27132
1.95144
2.15595
1.72528
1.98375
1.25243
1.58552
1.1645
2.65287
2.15379
1.34444
2.00934
1.93644
2.23249
2.79649
1.32013
1.77204
1.73379
2.21383
1.41753
1.23804
2.53543
1.59066
2.01411
2.35064
3.14905
3.14992
3.05395
1.73594
1.91701
1.86966
2.72612
1.38636
1.553
1.42015
2.58599
2.90329
1.12634
2.81321
1.28841
1.18152
1.08324
2.75944
1.06419
2.20691
1.03828
2.41434
1.2066
2.14861
1.49585
1.38477
1.95227
1.88914
3.19632
1.06629
1.00572
2.76038
2.36706
1.44132
2.7891
1.60893
3.4821
2.82349
2.38061
2.05105
1.36608
1.61876
1.18003
1.11868
2.01094
1.11891
3.32887
1.20659
2.00601
2.04023
1.77393
2.92692
1.06064
1.18494
1.5675
1.94003
1.56159
1.93095
1.19304
1.11988
1.64227
1.14295
1.39543
1.82508
1.21103
2.54419
1.69452
3.47773
2.45576
1.43953
1.62689
1.06111
1.73659
1.19146
1.86786
1.06082
2.79658
1.84404
1.65606
1.95248
1.48241
1.56675
2.30779
1.77882
3.27543
1.31539
1.51906
1.83494
1.094
1.18015
1.45034
1.10766
1.02173
2.58396
1.74684
2.21048
2.01651
1.47953
2.7272
1.86417
1.49254
1.28965
1.78126
2.07084
1.61711
2.35236
1.60747
2.25646
2.86484
1.594
1.34049
1.1472
2.53256
2.10276
1.08911
1.57033
1.07298
1.53732
2.16121
1.29525
2.28699
1.22838
1.79493
2.24912
3.11799
1.65291
2.11809
1.09347
2.6664
1.1801
1.95609
1.68023
2.22801
2.74754
2.15658
1.86671
2.56797
1.38241
1.36729
1.54895
1.18458
1.23406
1.20177
1.10557
2.38428
2.42989
3.29516
1.62073
1.3537
3.20606
2.54212
1.52424
2.22219
2.00138
1.6164
2.00466
1.63389
1.83056
1.80291
1.27334
1.07305
1.29873
2.65977
1.09405
1.50296
2.01609
1.66005
1.01777
2.01887
3.14762
1.20093
1.47827
1.66025
1.60748
1.16298
2.94793
3.34478
1.24038
1.08078
2.58407
1.73566
1.52731
1.06917
2.13526
2.03468
1.7341
1.65614
1.86294
1.9112
1.10505
1.13955
2.11292
2.04263
1.04821
1.21684
1.09561
1.94894
1.61425
1.63594
3.0511
1.18439
1.91403
2.82697
2.2421
1.41493
1.4514
2.544
2.49509
2.66548
1.62127
3.02837
2.81016
1.70701
1.4106
1.44705
1.64325
2.24677
3.29681
2.09507
2.22746
2.09762
2.00244
1.60652
2.58377
1.78698
1.08269
1.14114
1.247
2.29517
1.53659
2.08207
3.24566
1.83778
3.12854
1.04981
1.25435
2.05587
1.23626
1.74383
1.68329
1.82706
2.3924
2.63442
1.34521
2.23167
3.09489
3.12616
1.8979
1.31381
1.90597
1.26272
1.37722
3.35099
1.18584
1.65619
1.95771
1.45249
2.71328
2.59196
1.38033
2.72652
2.48345
2.26284
1.46587
1.1306
1.97996
1.87739
1.16858
2.07245
1.64769
2.06484
2.92975
1.46504
1.87431
1.44639
1.346
1.31463
3.20937
1.93581
1.86864
1.78105
2.5272
1.10246
