1.00559
1.00501
1.00874
1.0027
1.00815
1.01173
1.00861
1.0027
1.01455
1.00377
1.00376
1.01363
1.01164
1.00123
1.00333
1.01189
1.01057
1.00548
1.01568
1.00689
1.0051
1.01112
1.01935
1.00338
1.00221
1.00528
1.00504
1.0064
1.0029
1.00147
1.00543
1.00582
1.02103
1.0034
1.00453
1.00113
1.01932
1.00484
1.00622
1.02524
1.01514
1.00179
1.00631
1.01043
1.00222
1.00177
1.01741
1.00216
1.00074
1.00326
1.01779
1.00301
1.01568
1.00226
1.00709
1.00422
1.00439
1.00363
1.00418
1.01395
1.00634
1.00048
1.0014
1.00887
1.00114
1.0019
1.00418
1.00057
1.00408
1.00623
1.00363
1.00696
1.00264
1.00365
1.00097
1.00179
1.01631
1.00426
1.02112
1.0136
1.00841
1.00977
1.00944
1.00543
1.01318
1.01077
1.00239
1.00304
1.01054
1.00355
1.01322
1.01309
1.00281
1.00538
1.00603
1.00309
1.0006
1.01451
1.01151
1.00246
1.0046
1.00502
1.00353
1.00089
1.00027
1.00652
1.0125
1.01384
1.01121
1.01495
1.01494
1.00637
1.003
1.00642
1.00359
1.0098
1.00903
1.00199
1.00209
1.01107
1.00204
1.00258
1.00651
1.00515
1.00548
1.00837
1.02062
1.01379
1.00725
1.01031
1.0082
1.00912
1.00285
1.00311
1.01595
1.00365
1.01073
1.00179
1.0005
1.01795
1.00659
1.00128
1.00745
1.0053
1.01117
1.00187
1.01204
1.01261
1.00815
1.0033
1.00512
1.0035
1.00226
1.01044
1.00591
1.00059
1.01873
1.00767
1.01548
1.01237
1.00597
1.00474
1.01041
1.02306
1.0023
1.00138
1.02161
1.02483
1.00077
1.00406
1.01323
1.00213
1.00307
1.01426
1.00551
1.00191
1.00479
1.01191
1.00431
1.00775
1.00267
1.00228
1.00849
1.00769
1.00829
1.004
1.00638
1.00335
1.00145
1.01431
1.0018
1.00224
1.00474
1.00294
1.00311
1.00353
1.00307
1.00855
1.01092
1.01645
1.00304
1.00253
1.00854
1.00985
1.00467
1.01385
1.00375
1.00684
1.01084
1.00023
1.00155
1.00365
1.01446
1.01377
1.00341
1.01386
1.00216
1.00474
1.00638
1.00365
1.00976
1.00408
1.00386
1.00069
1.00077
1.00923
1.01053
1.01681
1.00216
1.00575
1.01406
1.00294
1.00889
1.00349
1.0056
1.00746
1.01432
1.00539
1.00907
1.0167
1.01189
1.00654
1.00174
1.00895
1.01119
1.004
1.01849
1.00049
1.00423
1.002
1.0066
1.00362
1.00059
1.00524
1.01575
1.00258
1.00757
1.00247
1.00375
1.00576
1.01524
1.00148
1.00205
1.00389
1.0072
1.01254
1.00202
1.04182
1.00934
1.01433
1.01489
1.00253
1.00484
1.0079
1.00325
1.00248
1.01452
1.00474
1.01072
1.00132
1.01112
1.0107
1.00229
1.00143
1.00174
1.00149
1.01201
1.00239
1.00815
1.00729
1.00136
1.00457
1.0149
1.00665
1.00416
1.00908
1.00292
1.00507
1.00516
1.01146
1.00811
1.01682
1.00716
1.00743
1.03697
1.01402
1.01267
1.00905
1.00553
1.01435
1.00279
1.00059
1.00194
1.00802
1.01185
1.01114
1.00766
1.00218
1.00786
1.00109
1.00926
1.00189
1.0048
1.01934
1.00241
1.00075
1.00264
1.01473
1.00224
1.01719
1.01793
1.00541
1.00748
1.00239
1.00131
1.00303
1.00486
1.00965
1.00086
1.01717
1.01692
1.00426
1.00164
1.01398
1.01376
1.00136
1.00297
1.00318
1.00792
1.00592
1.00094
1.01913
1.00427
1.00058
1.00322
1.00469
1.00175
1.01137
1.00181
1.01633
1.00702
1.00917
1.01498
1.00225
1.00275
1.01281
1.006
1.00281
1.0011
1.00377
1.00706
1.00714
1.0132
1.00312
1.01218
1.00196
1.01094
1.00659
1.00201
1.00796
1.00759
1.00407
1.00337
1.00863
1.02682
1.00763
1.00096
1.00788
1.00661
1.00031
1.00827
1.01337
1.00559
1.02211
1.002
1.00801
1.01059
1.00502
1.00706
1.00239
1.00616
1.01206
1.00999
1.00497
1.00517
1.00224
1.00816
1.00683
1.0056
1.00515
1.00434
1.01072
1.00452
1.00678
1.00667
1.01342
1.01231
1.00142
1.00382
1.01007
1.01936
1.00825
1.00133
1.02979
1.00138
1.02439
1.00453
1.01604
1.00538
1.01863
1.00251
1.00713
1.0021
1.01223
1.00229
1.0057
1.00598
1.00695
1.00278
1.00067
1.01174
1.00295
1.00467
1.0058
1.00665
1.0055
1.00471
1.00469
1.00321
1.00091
1.0026
1.00948
1.00117
1.00721
1.01197
1.01088
1.01257
1.00752
1.01538
1.00649
1.00074
1.00524
1.00088
1.00853
1.00067
1.0074
1.00484
1.00526
1.01916
1.01327
1.00345
1.0021
1.01111
1.02341
1.01223
1.00435
1.0057
1.00283
1.00551
1.00287
1.00361
1.01712
1.0075
1.00766
1.01353
1.00527
1.01315
1.00146
1.0079
1.00012
1.00198
1.00592
1.00277
1.00227
1.00582
1.00894
1.00923
1.00289
1.00437
1.00152
1.00568
1.003
1.00144
1.00462
1.0028
1.00247
1.02378
1.01079
1.00348
1.01154
1.00514
1.00442
1.01265
1.00442
1.00264
1.00549
1.01361
1.00947
1.01312
1.00752
1.00595
1.00569
1.0126
1.00143
1.01162
1.00223
1.0014
1.01508
1.00576
1.0138
1.00351
1.00513
1.00671
1.00309
1.00433
1.01178
1.00341
1.00289
1.02241
1.00646
1.00951
1.00325
1.00233
1.00699
1.00152
1.00729
1.0036
1.00123
1.00789
1.00688
1.00496
1.00295
1.01597
1.00293
1.00097
1.01418
1.00402
1.00673
1.01277
1.0162
1.00858
1.02287
1.00882
1.00267
1.00764
1.00969
1.01109
1.00598
1.01623
1.00707
1.00682
1.0068
1.0105
1.00627
1.00396
1.01205
1.00841
1.00276
1.00291
1.00191
1.00331
1.00533
1.008
1.00161
1.00132
1.0107
1.01134
1.00494
1.01622
1.00513
1.01461
1.0019
1.00974
1.00857
1.00828
1.01324
1.00588
1.003
1.00662
1.00429
1.00219
1.00353
1.00365
1.01506
1.01081
1.0052
1.00059
1.00887
1.01211
1.00595
1.00288
1.02118
1.00203
1.00553
1.01058
1.00339
1.00139
1.00607
1.01543
1.00396
1.00674
1.00237
1.00039
1.00181
1.00993
1.00131
1.00171
1.00754
1.0124
1.02456
1.0034
1.00592
1.00679
1.00233
1.00582
1.00142
1.00727
1.00601
1.00903
1.00176
1.00172
1.00562
1.00784
1.00222
1.0026
1.00334
1.00471
1.00754
1.00382
1.00474
1.00022
1.01073
1.00823
1.00074
1.00235
1.00752
1.01106
1.00276
1.00931
1.00386
1.00981
1.01112
1.00753
1.00428
1.00553
1.00781
1.01109
1.00931
1.00524
1.00486
1.0031
1.00396
1.00139
1.00164
1.00188
1.00118
1.00191
1.01597
1.00995
1.00726
1.00336
1.00084
1.00472
1.01203
1.01979
1.00786
1.00248
1.00575
1.00094
1.00072
1.00466
1.00164
1.00987
1.00446
1.00269
1.00456
1.00615
1.00885
1.00561
1.0076
1.00384
1.01516
1.0133
1.00612
1.01316
1.00501
1.00719
1.00444
1.00071
1.003
1.00418
1.00691
1.00628
1.00346
1.01666
1.00414
1.01004
1.00766
1.01762
1.01371
1.00488
1.00576
1.00344
1.00267
1.00844
1.01903
1.0028
1.02403
1.01324
1.00189
1.01484
1.00648
1.00569
1.00072
1.00665
1.00473
1.00471
1.00184
1.00033
1.00169
1.00584
1.00346
1.00436
1.00702
1.00683
1.00937
1.00926
1.00638
1.00417
1.0076
1.00193
1.00631
1.00868
1.00406
1.0058
1.00319
1.00265
1.00188
1.00535
1.00641
1.00404
1.00295
1.01376
1.00095
1.00332
1.00828
1.00928
1.01533
1.01306
1.01093
1.002
1.01365
1.01606
1.01934
1.00724
1.00814
1.01703
1.00338
1.00921
1.00726
1.00465
1.01292
1.00979
1.00277
1.00278
1.01008
1.00476
1.00706
1.00373
1.01519
1.0023
1.00281
1.00516
1.00007
1.0027
1.00917
1.00631
1.01078
1.00193
1.00542
1.00226
1.00058
1.00393
1.02273
1.00497
1.01592
1.00991
1.01297
1.00231
1.00315
1.01045
1.00998
1.00106
1.00171
1.00908
1.01907
1.00593
1.00692
1.00314
1.00441
1.00324
1.00061
1.00574
1.01231
1.00606
1.00176
1.02182
1.01861
1.01169
1.02889
1.01327
1.00832
1.01032
1.01044
1.00131
1.00826
1.009
1.00381
1.00759
1.01162
1.02134
1.01069
1.00426
1.00145
1.00823
1.00341
1.00471
1.00116
1.00612
1.00391
1.00497
1.00401
1.00655
1.00206
1.00263
1.01857
1.00489
1.00522
1.00235
1.00282
1.00463
1.00822
1.00314
1.01636
1.00347
1.00058
1.00357
1.00192
1.01899
1.00562
1.09903
1.01553
1.00469
1.00236
1.00266
1.01811
1.00491
1.01106
1.0052
1.01337
1.0006
1.01208
1.00554
1.00494
1.00622
1.00824
1.00479
1.00954
1.02334
1.00204
1.00219
1.01326
1.00055
1.00973
1.01037
1.03305
1.0034
1.00536
1.01131
1.00313
1.0025
1.00238
1.02244
1.01204
1.00314
1.0105
1.00207
1.01072
1.0018
1.00524
1.00586
1.01092
1.00201
1.01025
1.0044
1.00397
1.00152
1.00081
1.00794
1.00901
1.01101
1.00905
1.0042
1.00667
1.00973
1.01934
1.00713
1.00094
1.00211
1.00563
1.00535
1.02218
1.00593
1.00258
1.00322
1.01688
1.00258
1.01672
1.00808
1.00174
1.00509
1.00203
1.0003
1.00681
1.00775
1.00603
1.01848
1.00789
1.0011
1.00195
1.0063
1.0027
1.00044
1.00137
1.0014
1.00669
1.00304
1.00719
1.00351
1.00023
1.00243
1.01153
1.00384
1.00368
1.00059
1.00363
1.00522
1.01283
1.01275
1.0037
1.00976
1.00816
1.02465
1.00246
1.0147
1.00567
1.0023
1.00154
1.00927
1.00486
1.00979
1.0124
1.0013
1.00538
1.00549
1.00407
1.00151
1.00747
1.00759
1.00935
1.00406
1.00162
1.00244
1.00057
1.01783
1.0017
1.00142
1.02072
1.00864
1.00118
1.00379
1.00212
1.00176
1.00272
1.00045
1.0001
1.00098
1.00282
1.00136
1.00333
1.0025
1.00564
1.00042
1.00007
1.00291
1.00537
1.005
1.00481
1.00255
1.00442
1.00178
1.00412
1.00049
1.00078
1.00307
1.00234
1.00216
1.00144
1.00368
1.00102
1.00225
1.00281
1.01001
1.00394
1.00361
1.00133
1.00065
1.00008
1.00152
1.00981
1.00239
1.00117
1.0007
1.00434
1.00035
1.00119
1.00024
1.00116
1.0015
1.00144
1.00375
1.00252
1.00785
1.00148
1.00341
1.00002
1.00036
1.00261
1.00341
1.00596
1.00634
1.00095
1.00177
1.00846
1.00058
1.00337
1.00119
1.0019
1.00069
1.00117
1.00146
1.00068
1.00217
1.00127
1.00033
1.00112
1.00229
1.00078
1.00249
1.00172
1.00446
1.00541
1.00118
1.00035
1.0074
1.00129
1.00054
1.00247
1.00224
1.00377
1.00446
1.00138
1.00181
1.00223
1.00204
1.00259
1.00047
1.00606
1.00134
1.00273
1.00174
1.00252
1.00129
1.00095
1.00017
1.00202
1.00798
1.00287
1.00124
1.00111
1.00005
1.00081
1.00037
1.00478
1.00048
1.00008
1.00596
1.00044
1.00154
1.00991
1.0015
1.00089
1.00169
1.00604
1.00203
1.00366
1.00134
1.0015
1.0001
1.00004
1.00206
1.00007
1.00248
1.00114
1.00241
1.00165
1.00418
1.00089
1.00045
1.00406
1.00504
1.00116
1.00107
1.00161
1.0018
1.0017
1.00235
1.00232
1.00128
1.00074
1.0007
1.00197
1.00149
1.00236
1.00473
1.00306
1.00043
1.00269
1.00054
1.00386
1.00119
1.00077
1.00208
1.00628
1.00066
1.00107
1.00275
1.011
1.00088
1.00041
1.0004
1.0017
1.00307
1.00315
1.0013
1.00006
1.00131
1.00035
1.00055
1.0054
1.00106
1.0012
1.00108
1.00278
1.00276
1.0032
1.0026
1.0005
1.00224
1.00151
1.00471
1.00128
1.00083
1.00142
1.00121
1.00059
1.00079
1.00244
1.00073
1.00002
1.00384
1.00175
1.00179
1.00861
1.0044
1.0108
1.00102
1.00481
1.00158
1.00031
1.0014
1.00267
1.00936
1.00651
1.0008
1.00622
1.00007
1.00233
1.00463
1.00114
1.00098
1.00217
1.00255
1.00028
1.00075
1.00106
1.0014
1.00436
1.00001
1.00218
1.00965
1.00113
1.00653
1.0005
1.00241
1.00028
1.00472
1.00658
1.00453
1.01103
1.00216
1.00062
1.00018
1.00526
1.00062
1.00281
1.00253
1.00042
1.00469
1.00081
1.00514
1.00122
1.00197
1.00183
1.0028
1.001
1.00103
1.00117
1.00097
1.00765
1.00229
1.00134
1.00452
1.00032
1.00109
1.0009
1.00007
1.0054
1.00362
1.00168
1.00826
1.00303
1.00118
1.00149
1.00046
1.00163
1.00222
1.00179
1.00927
1.0017
1.01038
1.00087
1.00391
1.00315
1.00113
1.00012
1.00314
1.00054
1.00198
1.0055
1.00059
1.00328
1.00115
1.00289
1.00062
1.00894
1.00193
1.00066
1.00251
1.00136
1.00156
1.00006
1.00222
1.00791
1.00704
1.00224
1.0066
1.00108
1.00184
1.00213
1.00152
1.0041
1.00047
1.00935
1.00208
1.00047
1.00386
1.00176
1.00245
1.00182
1.00114
1.00083
1.00476
1.00295
1.00177
1.0006
1.00005
1.00333
1.00144
1.00176
1.00378
1.00057
1.00427
1.00235
1.00016
1.00183
1.00128
1.00341
1.00056
1.00284
1.01198
1.00441
1.00059
1.0034
1.00633
1.00069
1.00058
1.00312
1.0012
1.00031
1.00021
1.00021
1.00388
1.00009
1.00217
1.00524
1.00289
1.00318
1.00099
1.00045
1.00562
1.0021
1.00151
1.00105
1.0021
1.0023
1.00347
1.00307
1.00513
1.00387
1.0009
1.00151
1.002
1.00055
1.0008
1.00119
1.01031
1.00664
1.00128
1.00313
1.00134
1.00195
1.00387
1.00435
1.00657
1.00396
1.00038
1.0007
1.00007
1.00088
1.00228
1.00138
1.00112
1.01551
1.00047
1.0082
1.00317
1.00022
1.00484
1.00352
1.00003
1.00384
1.00336
1.00561
1.00008
1.00086
1.00538
1.00206
1.00026
1.00274
1.00054
1.00101
1.00418
1.00168
1.00087
1.00141
1.00042
1.0022
1.00044
1.00372
1.00016
1.00124
1.00125
1.00653
1.00016
1.00666
1.0003
1.00385
1.0311
1.00827
1.00364
1.00441
1.00213
1.01201
1.00129
1.0038
1.00243
1.00047
1.00063
1.00113
1.00113
1.00246
1.00229
1.00273
1.00402
1.00259
1.00324
1.00277
1.00122
1.00307
1.00372
1.00185
1.0011
1.00321
1.00053
1.00245
1.00019
1.00091
1.00095
1.00272
1.00005
1.00236
1.00179
1.00157
1.00852
1.001
1.00293
1.001
1.00661
1.00033
1.00262
1.00185
1.0031
1.01781
1.00073
1.00346
1.00292
1.00234
1.00215
1.00309
1.00247
1.00386
1.00003
1.00469
1.00139
1.00267
1.00031
1.00222
1.00205
1.00076
1.00185
1.00403
1.00313
1.0023
1.00239
1.00279
1.0021
1.00207
1.00368
1.00005
1.00449
1.00095
1.00049
1.00189
1.00178
1.00151
1.01095
1.00054
1.00579
1.00702
1.00744
1.00316
1.00531
1.00497
1.00412
1.0013
1.00648
1.004
1.00379
1.00505
1.00055
1.00224
1.01212
1.00204
1.00138
1.00309
1.00177
1.00817
1.00195
1.00624
1.00101
1.0023
1.00473
1.00236
1.00271
1.00147
1.00181
1.00149
1.00665
1.0008
1.00105
1.00314
1.0015
1.00172
1.00052
1.00867
1.00144
1.00098
1.00178
1.0062
1.0013
1.00124
1.00103
1.0002
1.00152
1.00112
1.0025
1.00136
1.0017
1.00006
1.00312
1.00349
1.00302
1.00187
1.00074
1.00191
1.003
1.00327
1.00103
1.00092
1.00397
1.00679
1.00014
1.00127
1.00145
1.00003
1.00694
1.00432
1.00103
1.00481
1.00328
1.00547
1.00459
1.00073
1.00116
1.00778
1.01438
1.00286
1.0001
1.00044
1.00165
1.00333
1.00621
1.0019
1.00239
1.00042
1.00079
1.0022
1.00134
1.00085
1.00164
1.00007
1.00233
1.00023
1.00897
1.00126
1.00068
1.00127
1.00297
1.00077
1.00231
1.00209
1.00032
1.00145
1.00052
1.00202
1.00064
1.00361
1.0007
1.00168
1.00165
1.00216
1.0002
1.00224
1.00329
1.00076
1.004
1.00148
1.0014
1.0111
1.0039
1.00312
1.00179
1.00229
1.0032
1.00076
1.00866
1.00236
1.00062
1.00273
1.00114
1.0012
1.00161
1.00209
1.00068
1.00201
1.003
1.00285
1.00352
1.00496
1.00028
1.00117
1.00112
1.00053
1.00173
1.0038
1.0014
1.0023
1.00211
1.00279
1.00133
1.00379
1.00012
1.00042
1.00221
1.00345
1.00742
1.00293
1.00529
1.00087
1.0022
1.00208
1.00135
1.00431
1.00262
1.0014
1.0004
1.00436
1.00222
1.00058
1.00221
1.0006
1.00415
1.00048
1.00088
1.00185
1.00291
1.00103
1.00098
1.00085
1.00375
1.00359
1.00094
1.00357
1.00116
1.0018
1.00236
1.00069
1.00037
1.00067
1.00221
1.00166
1.00769
1.00121
1.00917
1.0001
1.00078
1.00169
1.00084
1.00297
1.00194
1.00233
1.00473
1.00005
1.00337
1.00243
1.00155
1.0082
1.0025
1.00062
1.00222
1.00485
1.00033
1.00293
1.00135
1.01619
1.00206
1.00469
1.00414
1.00043
1.00354
1.00309
1.00177
1.00064
1.00072
1.0039
1.00191
1.00216
1.00043
1.00066
1.00532
1.00205
1.00125
1.00054
1.00258
1.00099
1.00115
1.00142
1.00313
1.00104
1.00059
1.00172
1.00327
1.00412
1.00212
1.00133
1.00214
1.00074
1.00525
1.00056
1.00484
1.0013
1.0013
1.00336
1.00053
1.00114
1.00301
1.00163
1.00327
1.00157
1.00075
1.01367
1.00118
1.00081
1.00281
1.00333
1.01041
1.00184
1.00035
1.00161
1.00571
1.00168
1.00119
1.00063
1.00278
1.00157
1.00095
1.00204
1.00173
1.00607
1.00133
1.00154
1.00116
1.00091
1.00041
1.00108
1.00504
1.00582
1.00091
1.00039
1.00333
1.00044
1.00019
1.00466
1.00172
1.00048
1.00614
1.00501
1.00244
1.0012
1.00101
1.00996
1.00059
1.00146
1.00533
1.00356
1.00115
1.00179
1.00125
1.00286
1.00143
1.00275
1.00149
1.00569
1.00358
1.00005
1.00825
1.01861
1.00101
1.00333
1.00123
1.00736
1.00113
1.00146
1.0003
1.00166
1.00304
1.00264
1.00116
1.00851
1.01176
1.00472
1.00427
1.00028
1.00199
1.00308
1.00145
1.00236
1.00563
1.00225
1.00106
1.00436
1.00127
1.00178
1.00022
1.00188
1.00362
1.00269
1.00223
1.00257
1.00602
1.00172
1.00049
1.00709
1.00261
1.00113
1.00219
1.00041
1.00189
1.00388
1.01076
1.00208
1.00234
1.00089
1.00396
1.00022
1.0036
1.00276
1.00029
1.00547
1.00064
1.00736
1.00017
1.00291
1.00272
1.00238
1.00375
1.00232
1.00538
1.00073
1.00957
1.00204
1.00177
1.003
1.00042
1.00498
1.00145
1.00838
1.00119
1.00497
1.00288
1.00198
1.00169
1.00069
1.00119
1.00119
1.00038
1.00771
1.00459
1.00078
1.00108
1.00826
1.00036
1.00065
1.00333
1.00084
1.00062
1.00007
1.00776
1.00851
1.00196
1.00131
1.00145
1.00651
1.00517
1.00065
1.00007
1.00034
1.00013
1.00237
1.00303
1.00584
1.0018
1.00067
1.0002
1.00242
1.00126
1.00049
1.00282
1.0019
1.0013
1.00042
1.00039
1.00438
1.00177
1.00238
1.00131
1.00095
1.00024
1.00012
1.00697
1.00039
1.00049
1.00213
1.00067
1.00574
1.00125
1.00227
1.00312
1.00041
1.00082
1.00434
1.00083
1.0025
1.00047
1.00448
1.00585
1.00347
1.00225
1.00314
1.00074
1.01126
1.00062
1.00031
1.0078
1.00129
1.00198
1.00034
1.00268
1.00221
1.00061
1.00796
1.00056
1.00111
1.00255
1.00022
1.00151
1.00311
1.00273
1.00115
1.0005
1.00017
1.00227
1.00053
1.00463
1.00129
1.00155
1.00024
1.0054
1.00154
1.00677
1.01827
1.00952
1.01417
1.01297
1.01128
1.02084
1.01713
1.01358
1.01616
1.0454
1.02047
1.01835
1.00586
1.03413
1.11239
1.01368
1.09552
1.02417
1.0102
1.05866
1.03797
1.0446
1.01371
1.00256
1.0047
1.0174
1.02502
1.01165
1.01298
1.01847
1.03433
1.05432
1.02705
1.02217
1.02485
1.00865
1.01052
1.00969
1.03637
1.02768
1.02584
1.01891
1.00753
1.02851
1.00773
1.0204
1.00872
1.01843
1.01239
1.00783
1.01242
1.03053
1.04748
1.02532
1.01333
1.01058
1.0212
1.01069
1.02606
1.0188
1.00543
1.02038
1.01164
1.01566
1.01282
1.02185
1.02139
1.04805
1.00812
1.03005
1.00547
1.02974
1.00535
1.0132
1.0116
1.02953
1.0112
1.01619
1.01231
1.00818
1.01669
1.04767
1.02076
1.04755
1.00922
1.01869
1.02773
1.04547
1.03015
1.01685
1.00905
1.00438
1.01293
1.02126
1.02758
1.0291
1.01856
1.00661
1.01878
1.02258
1.0281
1.02015
1.0107
1.00747
1.0056
1.03278
1.01006
1.01028
1.08371
1.00976
1.00733
1.00836
1.01663
1.02691
1.02534
1.01762
1.03598
1.05931
1.03326
1.02527
1.00919
1.04534
1.00741
1.01407
1.01046
1.03341
1.02011
1.02068
1.01633
1.01272
1.00938
1.00702
1.03681
1.0152
1.00974
1.02378
1.01511
1.00645
1.01299
1.03718
1.02862
1.02269
1.01097
1.0293
1.01352
1.0067
1.01794
1.01336
1.00685
1.01144
1.02482
1.01943
1.03044
1.00744
1.02722
1.04534
1.02983
1.01708
1.03507
1.01972
1.00814
1.01161
1.02245
1.03271
1.01432
1.01887
1.0488
1.01629
1.00635
1.02333
1.0083
1.01909
1.03272
1.02798
1.01411
1.01561
1.02936
1.00493
1.03179
1.01279
1.03116
1.01178
1.00687
1.02293
1.06571
1.01838
1.0074
1.03574
1.00375
1.01604
1.00793
1.051
1.01842
1.01141
1.0072
1.02054
1.01497
1.029
1.02846
1.02284
1.01851
1.02516
1.03479
1.01598
1.03649
1.015
1.01259
1.04699
1.01662
1.00837
1.00538
1.04156
1.02119
1.01649
1.01741
1.01224
1.01654
1.02375
1.02249
1.01714
1.02007
1.01262
1.01294
1.00439
1.0102
1.01598
1.01242
1.00884
1.01719
1.0495
1.01999
1.022
1.02083
1.02162
1.00402
1.0121
1.0411
1.02111
1.03059
1.00473
1.0042
1.01327
1.02142
1.02906
1.0183
1.01861
1.00917
1.02896
1.00745
1.00925
1.01602
1.02586
1.01276
1.01917
1.01566
1.02106
1.01885
1.02076
1.02254
1.02112
1.01523
1.00718
1.01393
1.01028
1.01473
1.01313
1.04224
1.0099
1.00415
1.07135
1.01149
1.01483
1.0116
1.04145
1.01249
1.0331
1.01242
1.01765
1.01349
1.01644
1.01336
1.0119
1.01535
1.01639
1.00488
1.0728
1.0099
1.00879
1.02561
1.01719
1.01504
1.02758
1.01608
1.04996
1.0243
1.00477
1.03492
1.01649
1.00267
1.00794
1.00726
1.01504
1.02994
1.04718
1.01305
1.03433
1.0192
1.00877
1.02015
1.01271
1.01929
1.00918
1.01681
1.03945
1.02223
1.01641
1.01508
1.01307
1.01156
1.01609
1.02003
1.03527
1.03871
1.02294
1.00338
1.00617
1.01119
1.0082
1.00764
1.07211
1.00844
1.02679
1.02108
1.03212
1.03087
1.0186
1.01452
1.02927
1.02684
1.02209
1.03073
1.02432
1.01132
1.01558
1.0083
1.0078
1.01146
1.03762
1.00871
1.03226
1.00822
1.05082
1.00729
1.01669
1.02342
1.01269
1.01451
1.01203
1.01532
1.02754
1.01867
1.02197
1.00457
1.02671
1.04014
1.02346
1.01463
1.01597
1.02305
1.01182
1.02847
1.02102
1.00609
1.01329
1.02664
1.03222
1.00996
1.02326
1.02372
1.00521
1.02631
1.03603
1.10841
1.05873
1.02076
1.02065
1.01256
1.0168
1.00722
1.01009
1.04488
1.01676
1.04307
1.0375
1.02704
1.01139
1.02655
1.01072
1.01846
1.00666
1.02233
1.0309
1.03823
1.02148
1.02845
1.08684
1.01762
1.0104
1.01547
1.01646
1.00496
1.01694
1.01037
1.01084
1.00669
1.00726
1.00945
1.00361
1.01186
1.00717
1.00507
1.01207
1.04301
1.01609
1.01976
1.01185
1.00907
1.04875
1.01647
1.01611
1.04194
1.0135
1.0357
1.0185
1.02593
1.00965
1.01375
1.03408
1.0153
1.02421
1.00832
1.031
1.02829
1.00832
1.03094
1.02199
1.01606
1.01959
1.01579
1.0161
1.00833
1.01829
1.07612
1.01614
1.00827
1.05295
1.00595
1.03569
1.03291
1.00513
1.02145
1.01436
1.00851
1.05942
1.03998
1.01905
1.01091
1.01037
1.01032
1.01474
1.01818
1.03477
1.08246
1.01963
1.03013
1.01814
1.01239
1.05196
1.00941
1.02712
1.01865
1.01339
1.03304
1.00685
1.00415
1.00659
1.0321
1.026
1.02531
1.01529
1.01698
1.01864
1.0178
1.02659
1.02536
1.01149
1.02529
1.01488
1.02581
1.03765
1.01241
1.03952
1.04488
1.01284
1.02191
1.01409
1.01496
1.01811
1.01875
1.03201
1.0171
1.02314
1.03574
1.00961
1.02119
1.04947
1.01304
1.07038
1.01192
1.02142
1.03575
1.04712
1.02311
1.03354
1.01596
1.01818
1.02745
1.01445
1.02483
1.01783
1.00841
1.01429
1.02752
1.01317
1.03023
1.01121
1.00726
1.029
1.03602
1.03951
1.03585
1.00535
1.01795
1.0136
1.05046
1.01518
1.01683
1.011
1.02594
1.00825
1.0101
1.02086
1.01244
1.03709
1.038
1.02001
1.01582
1.04018
1.00311
1.00969
1.02048
1.00479
1.00648
1.00916
1.06939
1.01862
1.02517
1.03446
1.01633
1.02412
1.01826
1.01446
1.01613
1.00908
1.01999
1.01414
1.00955
1.01556
1.05207
1.02644
1.01576
1.017
1.01106
1.01585
1.01842
1.04089
1.01156
1.00469
1.01817
1.03011
1.01686
1.08618
1.03505
1.01034
1.00894
1.01632
1.01155
1.02011
1.0073
1.00916
1.01848
1.01989
1.02505
1.04688
1.0329
1.01418
1.01044
1.02299
1.00936
1.01797
1.00519
1.01217
1.00762
1.03047
1.01858
1.02751
1.01171
1.00968
1.01219
1.00806
1.02685
1.00285
1.00472
1.02138
1.02247
1.00993
1.00862
1.00825
1.02499
1.0235
1.01673
1.01557
1.01273
1.03125
1.00397
1.08076
1.02125
1.01154
1.01552
1.02407
1.00791
1.01278
1.02116
1.0448
1.02074
1.02299
1.0102
1.02016
1.01358
1.02709
1.01445
1.01684
1.00765
1.02331
1.03663
1.01461
1.00373
1.01396
1.01941
1.03793
1.01114
1.0106
1.01877
1.06396
1.01447
1.07062
1.01195
1.0095
1.02166
1.02271
1.01857
1.02316
1.01474
1.01639
1.01896
1.01785
1.03471
1.0218
1.02129
1.01029
1.00728
1.01497
1.02029
1.02424
1.01613
1.01931
1.00775
1.01575
1.01499
1.00988
1.01103
1.01296
1.02526
1.01863
1.04596
1.03636
1.01014
1.02186
1.00366
1.0075
1.00663
1.03004
1.0072
1.03448
1.00869
1.01885
1.00933
1.02394
1.01906
1.01645
1.02571
1.01338
1.01606
1.04585
1.0137
1.01904
1.04928
1.00878
1.07778
1.01468
1.02596
1.02897
1.00691
1.0159
1.08145
1.01155
1.06783
1.01947
1.01609
1.03748
1.01818
1.02638
1.01498
1.01233
1.01232
1.02252
1.01573
1.00884
1.00671
1.01865
1.00783
1.0143
1.04487
1.0099
1.04166
1.00709
1.02361
1.03121
1.01333
1.01408
1.01865
1.0126
1.02979
1.00685
1.01248
1.03275
1.01503
1.0268
1.00892
1.01045
1.01355
1.06448
1.01891
1.03398
1.02338
1.00909
1.03422
1.01092
1.02464
1.01463
1.03238
1.00706
1.05922
1.06173
1.04312
1.03221
1.00782
1.01044
1.0287
1.02341
1.03779
1.01851
1.03703
1.03385
1.01341
1.03031
1.01902
1.01796
1.01395
1.02562
1.03587
1.00871
1.01626
1.0108
1.00495
1.06493
1.05655
1.0012
1.02384
1.02137
1.0118
1.01846
1.0139
1.02811
1.04242
1.0487
1.01482
1.01295
1.01072
1.01719
1.03195
1.01708
1.01394
1.03507
1.01494
1.01589
1.06288
1.03056
1.04284
1.02236
1.03389
1.00978
1.01501
1.01482
1.00376
1.03678
1.04515
1.03409
1.03365
1.01997
1.0761
1.0172
1.02193
1.00374
1.02097
1.0216
1.02406
1.03329
1.04399
1.0662
1.00901
1.02611
1.02184
1.01695
1.02158
1.01767
1.01129
1.00763
1.01902
1.0179
1.01222
1.00862
1.02537
1.0141
1.01149
1.00943
1.01535
1.01123
1.02046
1.03698
1.01366
1.00923
1.04385
1.01398
1.02126
1.00911
1.0354
1.00566
1.04625
1.03934
1.03556
1.04037
1.00883
1.01328
1.02897
1.04859
1.02587
1.02383
1.06236
1.01386
1.02852
1.01187
1.01497
1.05238
1.01465
1.02067
1.01558
1.01635
1.00548
1.0315
1.03408
1.00418
1.01788
1.02272
1.00645
1.02218
1.01805
1.03237
1.01623
1.04654
1.02937
1.00437
1.03065
1.01962
1.01373
1.0081
1.01816
1.01631
1.01744
1.01018
1.01617
1.03074
1.02784
1.01307
1.01375
1.01499
1.00485
1.03818
1.01581
1.02407
1.03589
1.03228
1.02257
1.01562
1.01381
1.005
1.01564
1.01927
1.01116
1.04506
1.02733
1.01722
1.00519
1.02019
1.02069
1.02099
1.02713
1.02773
1.0062
1.0066
1.0529
1.00861
1.02013
1.00729
1.01786
1.0138
1.00962
1.0082
1.0096
1.0148
1.01933
1.00718
1.00614
1.01359
1.03573
1.01879
1.03888
1.00442
1.03258
1.01488
1.01424
1.02092
1.01262
1.01835
1.0097
1.037
1.02047
1.01726
1.00587
1.00378
1.01801
1.00698
1.01389
1.03155
1.00351
1.00603
1.02552
1.02004
1.00694
1.01206
1.02774
1.0127
1.00668
1.02457
1.00851
1.0082
1.01572
1.01175
1.00606
1.00652
1.02081
1.0182
1.01383
1.02693
1.02193
1.01053
1.00872
1.0504
1.01134
1.50838
1.21637
1.13201
1.60789
1.52912
2.08797
1.14319
1.8684
1.36002
2.24099
1.34007
1.40005
1.68716
1.602
1.70318
1.17575
1.70897
1.47286
1.85945
2.3482
1.03624
1.76253
1.59915
1.27966
1.69984
1.08855
2.21242
2.23834
1.74996
1.53543
1.94916
1.62341
2.23258
1.12553
1.55283
1.44426
1.29653
1.21837
1.46771
1.47268
1.54411
1.04208
1.04625
1.54625
1.29254
1.77601
1.09149
1.18469
1.33629
1.19786
1.20634
1.20767
1.66788
1.08384
2.07218
2.2256
1.51409
1.21386
1.09723
2.82235
1.07758
1.55844
1.05454
1.84661
2.10536
1.35856
1.55172
1.26004
1.21346
1.32649
1.39426
2.03299
1.16392
2.01688
1.33899
2.79254
2.55522
1.10241
2.21421
1.26155
1.8351
1.62112
1.14211
1.95902
2.29793
2.30721
1.38878
1.2609
2.33889
1.59444
1.37684
2.55308
1.94325
1.03316
2.00864
1.18165
1.23081
1.22985
1.3404
2.00885
2.31003
2.04098
1.23314
1.70471
1.08869
1.26473
1.10504
1.22139
2.43583
1.70021
2.00877
1.17102
1.33176
1.53828
1.75995
1.41341
1.15203
2.23264
2.28922
2.39513
3.25234
1.1363
2.24729
2.17045
1.42014
1.59506
1.79533
2.11432
1.44791
1.23312
1.16186
1.716
1.38065
1.81186
1.75234
1.44501
1.66555
2.08738
1.14416
2.70818
1.34891
2.39095
2.00947
1.01836
2.44975
1.48685
1.17736
2.1672
2.35597
2.3913
1.4849
1.40845
1.11944
1.04651
1.10214
1.41565
1.23963
1.60575
1.25455
1.97158
2.39815
1.66772
1.40419
1.78038
1.11641
1.22259
2.68374
2.38961
1.06182
1.13638
2.60134
1.90385
1.07137
2.79355
2.30476
1.82037
1.34368
1.08282
2.29346
1.03674
1.74962
1.08343
1.18276
2.20818
1.76894
1.04423
1.30671
2.36689
1.85939
1.80519
1.8217
1.68626
1.63552
2.19029
1.21502
2.25198
1.25506
1.39556
1.49457
1.08004
1.50894
1.44901
2.84207
1.9964
1.42814
1.04493
1.89304
1.64611
2.08076
1.67328
1.7149
2.67265
2.1518
1.90458
2.08002
1.48344
1.06211
1.5191
1.84896
1.34452
1.5863
3.2276
1.8783
1.18536
1.12075
1.10389
2.04372
1.08038
1.04853
1.37677
1.98321
1.127
1.65777
1.20833
1.92244
1.1539
2.21491
1.09253
2.27527
2.3762
1.71706
1.78991
1.03214
2.2242
1.5193
2.36463
1.16336
1.0553
2.72282
2.47905
2.43003
1.1605
1.34739
1.39577
1.85307
1.30594
1.614
1.55373
1.18769
1.42568
1.78891
1.00164
1.04271
2.19594
1.61608
1.84565
1.3225
1.17429
1.20767
1.30715
2.41754
1.39914
2.22399
1.26285
1.78973
1.13994
3.04554
1.22727
2.338
1.09531
1.23444
1.19481
1.39662
1.935
1.38975
2.09269
1.6948
1.82028
1.536
1.4634
1.39032
1.82668
1.1971
1.34007
1.50743
2.77997
1.88282
2.54093
1.28874
1.30671
1.97067
1.35334
1.66025
1.98242
1.62873
1.56005
2.12075
1.4089
1.28941
1.53072
1.27862
1.20198
1.16385
1.1225
1.68014
1.41729
1.56679
3.14572
1.48067
2.57862
1.26244
1.99328
1.14388
1.09041
1.66951
1.17949
1.03887
2.6011
1.21632
1.14441
2.5111
1.5174
1.23187
1.29794
2.83029
2.38274
1.71175
1.18426
1.22987
1.81818
1.06024
1.03498
1.1155
1.84311
1.6971
1.32541
2.31557
1.2945
1.12009
1.52087
1.02932
1.86697
1.43895
1.13843
1.56693
1.25809
1.38329
2.29416
1.29868
1.13336
1.04962
1.11262
2.14399
1.71184
2.20295
1.17705
1.48312
1.32495
1.19302
1.73321
1.3978
2.28123
1.96695
1.40141
1.09234
1.7979
1.12812
1.17557
2.22764
1.14727
1.09153
1.87641
2.29642
1.35953
1.86021
1.11289
1.48465
1.6816
1.85861
1.80434
1.85062
2.0462
1.34627
1.88458
1.04279
1.84143
1.71727
1.78831
2.61375
1.60152
1.14048
1.91788
1.13359
1.06118
1.07749
1.30633
1.46988
2.00143
2.28126
1.84482
1.13641
2.2532
1.38453
1.61861
1.35666
1.7771
1.08727
1.6499
2.48376
1.33361
1.23324
1.47662
1.73009
1.96548
2.188
2.65049
1.88076
2.03953
2.94371
2.03233
1.28442
2.26399
1.82799
1.63358
2.46182
1.08276
1.14078
1.21476
1.63571
1.10289
2.2147
1.16597
1.04583
2.12199
1.81776
2.54313
1.25298
1.31383
1.05984
1.14021
1.83228
1.9831
1.07991
2.30954
1.90393
1.12136
2.66454
1.0723
2.92918
1.95874
2.09733
1.16892
1.58043
1.77015
3.12125
1.4326
1.68062
2.39249
2.04948
2.26681
1.30296
1.47279
2.07774
1.74694
1.11691
1.2587
2.21125
1.43527
1.55896
1.55665
1.14104
2.57682
1.21797
1.83761
2.80941
1.37102
1.97001
1.99927
1.09245
2.47959
1.12583
2.48294
1.59439
1.07764
2.21935
1.62414
1.02551
1.76643
1.575
1.46663
1.16601
1.47345
1.55811
2.30223
1.97477
1.17858
1.48175
1.29356
1.31881
1.5179
1.80847
1.88672
1.93532
2.37166
1.58376
1.89696
1.54864
1.63134
1.36579
2.60334
1.28978
2.35377
1.12354
2.20666
1.35208
1.69795
1.60809
1.18016
1.56946
2.02025
1.14543
1.16605
2.3464
1.53209
1.96168
1.27093
1.72446
1.21877
2.33826
2.23304
2.098
1.35699
1.65083
2.19094
1.61415
2.4803
1.89845
1.75437
1.47536
1.13571
2.65896
1.42418
1.91635
1.22209
2.78065
1.09258
2.00237
1.94632
2.22898
1.17936
1.19987
1.41354
1.32239
2.16446
1.20894
1.88231
2.82885
2.5975
1.1753
1.25671
2.70409
1.08154
2.7045
1.06707
1.58532
1.20142
2.13937
1.60197
1.14249
2.69515
1.17406
2.39376
1.2895
2.68802
1.46846
1.57673
2.82032
1.06107
1.96247
1.11949
1.26034
1.48121
1.03144
2.15892
1.25541
1.09048
1.28434
1.10962
1.35182
1.8023
2.11168
1.20945
1.20724
1.32243
2.08551
1.45695
2.24588
2.073
1.4217
1.68864
2.81226
2.07277
1.40683
1.77472
1.06737
1.44897
1.69025
2.30009
2.2922
1.06642
1.25616
2.03657
1.23886
1.17567
2.22988
1.63299
1.16617
2.67815
1.2045
2.91681
1.95862
1.39514
2.48957
2.1147
1.03376
1.261
1.02142
2.05097
1.48967
1.43229
1.12808
2.25072
1.33381
1.09807
1.57833
2.07657
1.57941
1.5308
1.42161
1.07435
2.83748
2.18199
2.02191
1.04676
1.23116
1.74429
1.54387
1.36852
1.8336
1.68149
1.9619
2.18459
1.69489
1.11487
1.79485
1.40793
1.54385
1.19519
1.0831
1.1471
1.13497
1.16862
1.9418
1.66257
1.58149
1.28328
1.74611
1.38978
1.13134
2.04053
1.06602
1.11521
1.83445
1.71084
1.5547
1.1938
1.07907
1.43766
1.06313
1.48325
1.05846
1.74001
1.08384
1.38298
1.46075
2.52994
1.49481
1.83378
1.67801
1.34217
1.0804
1.77536
1.38785
1.10549
1.23625
1.84512
1.15799
1.62601
1.79618
1.0643
1.35449
1.86605
2.09756
1.3593
2.19827
1.80114
1.15329
2.02368
2.24015
1.26543
1.93006
1.23113
1.92329
1.50882
1.13162
1.70901
1.23159
1.10565
2.05539
1.67638
2.6072
2.19977
2.62178
1.11294
1.20958
1.1209
1.57443
1.56229
1.04542
2.66152
1.39973
1.92883
1.6561
1.92504
1.27282
2.35055
1.31535
2.30187
2.72687
1.43606
2.97114
1.84709
2.31871
2.56757
1.67154
1.26716
1.94688
1.51466
1.082
1.58369
2.04225
2.26078
2.08575
1.392
1.97999
1.5199
2.25717
1.10077
1.9858
1.96871
2.6414
1.28643
2.2487
2.42328
1.40869
1.72101
1.46447
1.53073
1.87984
1.47306
2.20947
2.06359
2.22379
1.60419
1.66361
1.1561
1.72329
1.03294
1.66367
1.55964
1.24294
1.30422
2.07667
1.11981
1.29532
1.28657
1.19887
2.07155
1.61174
2.33707
1.43931
1.02835
2.51768
1.44019
1.67112
1.71618
1.60381
1.65659
1.50099
1.20903
1.33096
1.69555
1.60061
1.40785
2.02676
1.2718
1.17886
1.46289
1.72162
1.48163
1.13812
1.80762
1.78333
1.90618
1.26201
1.19175
3.15329
2.75136
1.92
1.41857
2.32002
1.09586
2.3232
1.9611
1.08514
1.03845
1.25081
1.16179
2.12268
2.36014
1.99824
1.44747
1.4594
1.31138
1.08199
1.75674
1.09561
2.26985
1.50566
2.33845
1.25825
2.22248
1.14235
1.28473
1.07719
3.04043
1.9283
1.86319
1.03371
3.00505
1.00536
1.06384
1.75528
1.85061
1.27254
2.18043
1.78296
1.51969
1.17899
1.74543
2.35177
2.01983
1.24842
1.21051
1.05724
1.76312
1.81983
2.52325
2.02179
1.94143
1.20321
1.63645
1.13252
1.4184
1.88067
1.92889
1.06057
1.02525
2.58754
1.14523
1.46111
1.91694
2.35074
1.19696
2.42611
1.33364
1.36553
1.93457
1.48742
2.42847
2.8256
1.50849
1.69053
1.75946
1.97865
1.14772
1.49078
2.52635
1.36813
2.84442
1.33723
1.36402
1.08161
1.48162
2.5166
1.79675
1.30941
1.30326
1.28627
1.13837
1.98502
1.52277
2.36912
1.88849
1.41844
2.15554
2.41802
1.33528
1.10005
1.04319
1.11506
1.12541
1.78639
1.42093
1.33149
1.25261
2.31593
2.46735
1.03053
1.21132
1.15135
1.75404
1.69757
1.39604
1.53605
2.22109
2.68989
1.93648
1.19084
3.04208
1.15175
1.1643
1.88748
1.33566
1.50092
1.36045
1.06182
1.7444
1.99119
2.67032
1.9212
2.12218
1.29613
1.67227
2.4644
1.05289
1.14382
1.20562
2.40693
2.49002
1.68225
1.16608
2.46159
2.56264
1.31192
1.07561
1.12873
1.08192
2.97422
1.08313
1.74895
1.45984
1.95518
1.3743
1.21625
1.50222
1.29816
1.39024
2.74283
1.2662
1.99721
1.98244
1.4746
1.04556
1.99884
1.42949
1.17731
2.53471
2.76528
2.24422
