1.00119
1.0078
1.0065
1.00143
1.01382
1.0149
1.00308
1.00135
1.00233
1.00372
1.0064
1.00499
1.01116
1.00537
1.00756
1.00096
1.00973
1.0162
1.00423
1.00404
1.00283
1.00253
1.00847
1.01418
1.02539
1.01066
1.00083
1.01325
1.0002
1.01791
1.01482
1.01441
1.00455
1.00228
1.00267
1.00537
1.00496
1.01143
1.00073
1.01669
1.00996
1.00386
1.0009
1.0001
1.01119
1.00324
1.00012
1.004
1.0041
1.00063
1.00224
1.00404
1.0057
1.00353
1.01222
1.01484
1.00094
1.00098
1.00801
1.012
1.01562
1.00075
1.00167
1.00342
1.00145
1.00439
1.02432
1.02279
1.00861
1.00263
1.01091
1.00387
1.0063
1.00394
1.00441
1.0062
1.00269
1.00448
1.00763
1.01264
1.01233
1.00642
1.00334
1.00801
1.00413
1.00265
1.01747
1.00437
1.00989
1.018
1.00339
1.0067
1.0029
1.01577
1.00637
1.00726
1.00559
1.00848
1.01072
1.00659
1.01458
1.01989
1.00599
1.00128
1.01779
1.00437
1.00995
1.00542
1.00503
1.00933
1.01086
1.01426
1.01256
1.00226
1.0009
1.00683
1.02045
1.01511
1.00132
1.00067
1.00138
1.00313
1.00212
1.01391
1.00236
1.01083
1.00703
1.00863
1.00559
1.01239
1.00429
1.01266
1.0029
1.00207
1.00376
1.00508
1.01143
1.00467
1.0112
1.00281
1.00662
1.01148
1.01079
1.00245
1.00276
1.02521
1.00648
1.00479
1.01538
1.02541
1.00597
1.00603
1.00424
1.00527
1.00675
1.00415
1.00385
1.01157
1.0107
1.00491
1.00043
1.00541
1.0074
1.03157
1.00865
1.00256
1.00772
1.00607
1.0033
1.01627
1.0209
1.00529
1.00662
1.00719
1.00828
1.00071
1.00991
1.00206
1.00366
1.01592
1.00301
1.0023
1.00709
1.00381
1.01068
1.01641
1.00631
1.00648
1.00167
1.00651
1.00846
1.00276
1.00233
1.00954
1.01819
1.0091
1.01007
1.00275
1.01713
1.00825
1.00799
1.00621
1.00925
1.00332
1.00019
1.00345
1.00274
1.00896
1.01506
1.00201
1.00263
1.00265
1.0043
1.0023
1.01321
1.00985
1.00928
1.00695
1.00803
1.00548
1.01012
1.00748
1.01139
1.00299
1.01411
1.01918
1.00993
1.00398
1.00059
1.02349
1.01165
1.0035
1.01434
1.00326
1.00658
1.00221
1.00394
1.00188
1.01042
1.01859
1.00438
1.01109
1.00461
1.01018
1.00468
1.00885
1.01014
1.0062
1.00545
1.00199
1.00072
1.00453
1.01051
1.01412
1.00574
1.00388
1.00723
1.01003
1.00242
1.00531
1.0049
1.00173
1.01215
1.00466
1.00298
1.00174
1.01047
1.01993
1.00707
1.00709
1.00693
1.00395
1.02819
1.00433
1.00799
1.00656
1.00647
1.00207
1.00076
1.00387
1.00568
1.00616
1.00382
1.01188
1.01267
1.01567
1.00579
1.01388
1.0099
1.01252
1.00571
1.00092
1.01194
1.01442
1.00614
1.00101
1.00764
1.00813
1.0016
1.00616
1.00948
1.00931
1.00562
1.00447
1.00392
1.00498
1.00414
1.0083
1.00362
1.00472
1.00146
1.00194
1.00558
1.00313
1.00451
1.01112
1.00613
1.00468
1.01822
1.00253
1.00644
1.00684
1.01419
1.02875
1.01187
1.0099
1.01098
1.00471
1.00104
1.00859
1.00269
1.00038
1.01026
1.00168
1.00173
1.01401
1.00784
1.00273
1.00534
1.01228
1.0081
1.00305
1.00435
1.00232
1.01154
1.01526
1.00198
1.01234
1.00937
1.00408
1.00818
1.00502
1.00338
1.00511
1.0075
1.00945
1.00755
1.00073
1.01127
1.00695
1.00235
1.00903
1.01418
1.02279
1.00779
1.00997
1.0057
1.00869
1.00509
1.02376
1.00399
1.00435
1.00319
1.00203
1.00757
1.00362
1.00953
1.00496
1.00245
1.00395
1.00449
1.00424
1.01922
1.0044
1.00192
1.01027
1.0079
1.01952
1.01267
1.00589
1.0153
1.00439
1.00292
1.00357
1.00084
1.00312
1.00208
1.00136
1.02481
1.00152
1.00232
1.01486
1.00062
1.01769
1.01251
1.01238
1.01267
1.00348
1.029
1.00219
1.00458
1.01108
1.00197
1.00297
1.00566
1.01081
1.00455
1.00609
1.00396
1.0097
1.00505
1.00285
1.0052
1.00916
1.00188
1.01468
1.00136
1.01116
1.0014
1.00553
1.01203
1.00747
1.00552
1.00284
1.0064
1.01283
1.00183
1.00195
1.01553
1.00679
1.0126
1.00186
1.00111
1.01698
1.01323
1.00498
1.01223
1.01661
1.00324
1.00278
1.03206
1.00105
1.00672
1.00431
1.00328
1.00717
1.00407
1.01167
1.00719
1.0087
1.01807
1.00795
1.00376
1.00787
1.00842
1.00599
1.00647
1.00067
1.00796
1.01363
1.01251
1.00657
1.00552
1.01446
1.0008
1.00564
1.00278
1.00416
1.0018
1.01736
1.00827
1.00186
1.00674
1.00222
1.00518
1.00155
1.00414
1.00024
1.00188
1.00159
1.00513
1.01529
1.01552
1.00697
1.00452
1.01264
1.00541
1.01132
1.01327
1.00456
1.0017
1.00998
1.01248
1.00076
1.00344
1.00308
1.00369
1.00375
1.00203
1.00208
1.00496
1.00237
1.00401
1.00093
1.00321
1.00201
1.01002
1.0091
1.00117
1.00582
1.00099
1.00321
1.00658
1.00414
1.00577
1.01756
1.00324
1.00851
1.00338
1.00264
1.00446
1.0081
1.00257
1.00536
1.01367
1.00472
1.00316
1.01279
1.01286
1.00301
1.00483
1.02662
1.00272
1.01086
1.00746
1.01417
1.00569
1.01156
1.01052
1.00041
1.01538
1.01161
1.00867
1.00858
1.00373
1.0036
1.01636
1.02402
1.01245
1.00163
1.01129
1.0078
1.01839
1.00341
1.00468
1.00826
1.00745
1.00233
1.00821
1.00065
1.00563
1.00656
1.01272
1.00506
1.01258
1.00232
1.01359
1.00319
1.00235
1.00152
1.00241
1.01319
1.00506
1.00268
1.00671
1.01299
1.00415
1.01521
1.00112
1.0183
1.00608
1.00623
1.00129
1.00119
1.00711
1.00307
1.00378
1.00346
1.00254
1.00186
1.00393
1.0036
1.00031
1.00545
1.00716
1.00106
1.00528
1.00942
1.01208
1.00851
1.00421
1.00524
1.00134
1.01491
1.00354
1.01927
1.00142
1.00348
1.0011
1.004
1.01943
1.00119
1.00126
1.00443
1.01251
1.01105
1.0058
1.0109
1.00703
1.00888
1.00436
1.00058
1.00661
1.00654
1.00581
1.00513
1.00303
1.00217
1.00705
1.01018
1.00474
1.00429
1.00155
1.00275
1.01331
1.00359
1.00148
1.00785
1.0064
1.01316
1.00275
1.0059
1.00454
1.00721
1.00838
1.00791
1.00518
1.00181
1.00392
1.00403
1.00546
1.00461
1.00118
1.0045
1.00107
1.01481
1.0024
1.011
1.00509
1.00804
1.00305
1.00371
1.00338
1.01594
1.00328
1.0016
1.01867
1.00151
1.00359
1.00771
1.02088
1.00425
1.00663
1.00693
1.00202
1.00103
1.01019
1.01086
1.0053
1.01381
1.00748
1.01147
1.00221
1.00005
1.01118
1.03072
1.0122
1.00953
1.00571
1.00526
1.00311
1.00645
1.0074
1.00977
1.01161
1.00076
1.00105
1.0149
1.00334
1.00837
1.02242
1.01006
1.01585
1.01309
1.00332
1.00272
1.01366
1.00832
1.01435
1.00333
1.00105
1.0116
1.00436
1.00198
1.00664
1.0287
1.00408
1.00252
1.00868
1.00305
1.00938
1.00514
1.00731
1.00484
1.00535
1.00167
1.00753
1.01086
1.01445
1.00185
1.00336
1.01262
1.00289
1.00541
1.01247
1.00267
1.01307
1.00415
1.01221
1.00767
1.00203
1.00346
1.00583
1.00689
1.00487
1.00147
1.00703
1.01685
1.00365
1.00493
1.00116
1.0095
1.00505
1.01035
1.00022
1.00578
1.00287
1.00529
1.01637
1.00184
1.00553
1.00992
1.00816
1.0084
1.01932
1.00315
1.00153
1.01378
1.00631
1.00542
1.01008
1.00588
1.00657
1.00585
1.01068
1.00564
1.01084
1.01211
1.00559
1.00228
1.00792
1.00993
1.0082
1.01879
1.0003
1.00219
1.00164
1.01004
1.00724
1.00629
1.00451
1.00417
1.0138
1.00556
1.00204
1.007
1.01035
1.0137
1.0046
1.00898
1.01191
1.00197
1.00302
1.01192
1.00353
1.00293
1.00132
1.01345
1.00262
1.00324
1.00363
1.00681
1.00259
1.01051
1.00394
1.00292
1.00577
1.00157
1.00218
1.00281
1.00546
1.00101
1.0048
1.00822
1.0054
1.00506
1.01016
1.01713
1.00375
1.01913
1.00292
1.00265
1.00994
1.00223
1.00539
1.01313
1.01114
1.02652
1.01855
1.00451
1.00628
1.00418
1.02349
1.02253
1.00183
1.00152
1.00474
1.00476
1.00206
1.00447
1.00507
1.0059
1.00229
1.00156
1.00225
1.0074
1.00399
1.00009
1.00426
1.00429
1.00845
1.00232
1.00289
1.00288
1.00914
1.01336
1.00267
1.00264
1.0079
1.00857
1.00541
1.00117
1.00692
1.00566
1.00292
1.00022
1.00314
1.00123
1.00386
1.00654
1.00174
1.00861
1.00064
1.00817
1.02075
1.0029
1.01859
1.00569
1.001
1.00685
1.01263
1.00318
1.00512
1.02432
1.00889
1.02757
1.01545
1.00786
1.00699
1.00832
1.00995
1.00157
1.00554
1.00135
1.00883
1.00933
1.01797
1.00119
1.00497
1.00349
1.01314
1.00284
1.00552
1.00769
1.0076
1.00108
1.00279
1.00188
1.00328
1.01191
1.00629
1.00429
1.01432
1.00257
1.01858
1.00844
1.0047
1.00855
1.00272
1.0038
1.0009
1.025
1.0198
1.00898
1.01891
1.01676
1.00843
1.00077
1.00063
1.00769
1.01305
1.00187
1.00311
1.00224
1.00062
1.00182
1.01693
1.00223
1.01451
1.00654
1.00678
1.00255
1.00703
1.0083
1.00681
1.00204
1.00923
1.00159
1.01308
1.00024
1.00292
1.00208
1.00185
1.00443
1.00055
1.01018
1.00499
1.00061
1.00234
1.00751
1.0053
1.00312
1.01271
1.00847
1.00369
1.00957
1.01123
1.00247
1.0146
1.00274
1.00243
1.0044
1.00374
1.0039
1.00475
1.00615
1.00646
1.00072
1.01418
1.00418
1.17438
2.16189
1.76575
1.30066
1.63606
1.52505
1.92907
1.90251
1.13114
1.26049
2.89734
1.65108
2.85076
3.49912
1.4752
1.92955
1.46072
1.13323
1.71
3.15809
1.09772
1.04391
1.47494
2.53093
1.92956
2.57067
1.61211
3.36215
2.05479
2.0177
1.25357
1.49252
3.09479
3.64458
1.67931
2.5647
1.8185
2.12507
2.12348
3.06586
1.99541
2.27671
2.8548
1.5638
1.20785
1.19734
1.21998
1.18066
1.63089
2.86624
1.49636
2.73912
2.77751
1.90511
1.08559
1.0992
1.69005
2.83021
1.48101
1.68366
2.45398
3.02275
1.14561
2.30726
2.37143
1.53078
2.17124
3.40791
1.62261
1.16254
2.98596
1.40082
1.6483
1.13986
1.45568
1.06581
2.68633
1.72469
1.76147
1.6396
1.42649
1.42281
1.12744
2.73523
2.69338
1.28699
1.3874
2.19141
1.29704
2.14716
1.99322
2.16364
1.96013
1.31328
2.13363
1.41505
1.29091
1.45798
1.86047
2.55377
1.21397
1.92104
2.11247
1.79749
1.83249
1.55552
2.36431
2.14409
2.46149
2.85661
1.47011
1.87235
1.62378
3.56265
1.45133
1.84436
1.77324
2.01599
1.31429
2.43596
1.569
2.67011
2.14568
2.68424
2.29288
1.85795
1.11999
2.38406
1.62044
1.34434
2.67775
1.85478
2.93472
1.3182
2.03372
1.27948
3.66582
2.3829
1.9593
1.18615
1.41849
1.63057
1.47538
1.32137
1.41674
2.00227
1.92013
2.56318
1.48664
1.92957
2.34428
3.10508
1.75464
1.49585
2.64511
2.45609
2.13496
3.14946
2.35225
1.60388
3.48271
2.67972
1.57507
1.63351
2.34236
1.89725
3.02633
1.50127
1.94268
1.22328
2.94117
2.0378
2.5227
2.64844
3.02447
2.36869
2.32833
1.21175
2.95315
2.13023
2.0733
1.84915
1.19509
2.02506
1.84639
2.27556
3.21695
1.63743
2.35237
1.62035
3.14745
2.92152
1.63463
1.98032
2.37487
1.73852
2.70293
1.71215
2.31594
1.36179
1.10482
1.17675
1.27257
1.49663
1.67398
1.09845
1.33403
1.73746
1.58356
1.86727
1.99354
1.46838
2.84486
1.39505
2.67603
1.52074
1.14562
1.09571
2.7512
1.19035
3.12163
2.46054
1.23401
1.44484
1.0951
1.19521
1.41761
2.89878
1.34613
1.37245
2.40524
1.20819
2.81793
2.05573
2.39903
2.02009
2.44366
1.37861
2.76466
2.42107
2.36678
2.10692
1.80086
1.08291
2.0858
1.86639
1.16505
2.16323
2.60842
1.23682
1.22292
1.86452
2.4026
2.11708
2.99541
2.1432
2.64691
1.7409
1.11578
1.04009
1.69911
2.07447
2.61748
1.8341
2.55554
2.17772
2.40822
2.69127
1.17203
1.50851
1.90079
1.31108
2.17915
2.84971
2.86706
1.83708
2.44475
1.6393
2.70195
2.3175
1.74192
2.99295
2.17051
1.3307
2.59409
1.30938
1.68354
1.67103
2.21842
1.86758
1.30496
2.22335
2.77541
2.0653
1.41345
3.18071
1.01388
2.04213
1.83311
1.96403
2.41416
2.70593
2.64444
1.77634
1.65373
2.20822
1.31782
2.17599
1.68116
1.17214
1.92493
2.22973
2.6248
2.23105
3.14259
1.10371
1.19831
3.15109
2.81538
1.62965
2.44488
1.11661
2.07256
2.14297
1.40015
1.19241
1.40869
2.1223
2.69556
2.77654
2.62188
2.56258
2.88138
2.81274
3.17735
1.20598
2.63764
1.13896
2.29682
1.76963
1.60371
3.33055
2.84584
2.08583
2.90804
2.10876
2.03397
1.6829
2.16174
2.49222
1.74384
1.50022
1.10415
2.64083
2.01629
1.21564
1.32667
1.74077
1.4295
2.937
1.69135
2.32852
1.52807
1.52677
1.45012
2.34834
1.15088
2.87863
2.48879
1.54219
1.35371
1.03977
2.97932
2.26148
2.61801
2.67315
1.77886
2.95358
2.31983
1.62811
1.47943
3.61679
1.58683
2.65566
1.48655
1.45698
1.39167
2.24935
1.83837
1.77807
2.92421
1.77932
1.64204
3.08729
1.77066
1.97612
2.02055
1.85718
3.60298
2.0772
1.68494
2.81092
2.01122
2.53411
1.58622
2.06477
2.16535
1.97409
2.12691
2.01479
1.84625
1.37734
1.76809
1.18884
1.79722
2.50805
1.29842
1.282
1.40915
1.4169
1.04464
1.33665
1.23696
2.23356
1.18143
1.33913
1.04314
2.75379
2.60982
2.65521
2.9096
2.26373
2.36708
1.09726
2.37398
1.08438
1.82743
1.27662
1.46165
1.08877
1.80677
1.0875
1.69164
1.4869
1.72703
1.44869
3.06108
3.25534
2.40196
1.0913
1.96742
3.05268
1.32375
3.24498
1.92846
2.72534
2.82449
1.08522
1.38541
2.03634
2.27569
2.4696
3.00723
1.65814
3.04719
2.61691
1.81591
1.20341
1.18159
1.38464
2.70466
1.90847
1.69522
1.80597
1.96264
1.12429
1.66756
1.66044
2.49547
1.06277
1.22224
2.3674
1.19241
1.86363
1.6571
2.19871
2.21419
2.51359
3.09393
2.08433
1.17241
2.77973
2.66179
1.84827
2.71232
2.36186
2.14459
2.9814
1.68307
3.04978
2.01881
2.0344
2.73879
3.11325
1.02826
2.14553
1.01963
2.03291
1.97561
1.6772
2.46217
1.1394
1.89266
1.11902
1.05866
1.34872
1.87729
3.3403
2.49334
1.83023
2.40154
2.14835
1.25144
1.44241
2.65129
2.15257
1.31231
2.56629
1.7387
1.12012
1.11634
1.63367
2.01864
2.72873
2.46739
2.89307
1.57736
2.80882
1.12909
1.33237
3.1446
3.58815
1.5835
1.93412
1.13986
1.12615
2.05397
1.71656
1.65876
1.09516
2.66226
1.98693
1.07398
3.25812
2.33823
2.90872
1.49824
1.40884
1.98392
3.22206
2.53542
2.68126
2.20787
1.21747
2.18073
1.38759
2.48349
1.79959
1.50064
1.14427
2.18361
1.11058
2.25858
3.00727
1.76774
1.66055
1.66027
1.96205
1.97979
1.66576
1.00751
1.78188
1.47103
2.09134
1.29596
1.94182
2.01898
2.23875
2.19776
2.91956
1.9447
1.27749
2.37041
2.08892
1.75178
1.1519
1.83835
1.12177
1.20866
1.487
1.89715
1.60085
2.55781
3.32196
2.36617
1.87592
3.43529
2.4918
3.28641
1.11068
1.71986
2.3522
1.7121
1.91831
2.87826
2.08476
2.79399
2.56987
1.48207
1.30411
2.60515
3.06369
1.16951
3.57089
1.515
1.54263
3.08186
1.39429
2.07165
1.09807
1.84178
1.29966
1.09507
1.23549
1.16916
1.37435
2.99935
1.57513
2.30022
1.32647
2.69072
1.83285
2.84894
1.85881
1.54902
1.61599
2.57615
1.71699
3.00614
1.51532
1.30014
1.34736
2.35756
1.21843
1.36106
1.12037
2.38001
1.61554
2.99111
1.8048
2.0317
1.20942
2.67365
1.76794
3.15971
1.84666
3.07987
1.69883
1.53092
3.09591
2.26196
2.80545
2.93507
2.08335
2.43439
1.21447
1.75933
1.68013
1.87027
2.13864
2.0037
1.74621
1.05468
3.27595
2.83898
2.25454
1.75349
1.51025
2.33044
1.69811
3.00472
1.73283
2.06616
2.56194
2.0801
2.16005
3.12571
2.16501
1.49755
1.214
1.44591
1.13718
3.21267
1.13786
2.9374
2.56827
1.48876
2.22469
1.09609
1.34513
1.41197
1.41889
1.85392
1.4496
2.95288
1.91662
1.61724
1.39143
1.07363
1.21424
1.77246
2.34786
1.80891
2.18751
2.51605
3.03127
1.0952
1.96131
1.6773
1.67771
2.30484
1.84091
2.28479
1.33883
2.90983
2.26557
1.52831
1.31795
2.5186
1.95567
3.35219
2.26413
1.71524
1.82097
1.57426
1.84091
1.21143
2.53501
2.31397
1.71835
1.87334
2.92226
2.99938
2.11191
2.83658
1.28503
1.14515
2.77108
1.04684
1.73403
2.00684
2.92915
2.18795
1.3821
2.07601
1.96753
2.00235
1.04015
1.09915
2.35187
3.39662
3.63378
1.87212
1.90463
1.5522
1.73145
1.44349
1.25307
1.44809
1.35277
2.20183
2.60809
1.43155
2.69556
2.90838
1.35962
2.24836
2.31265
1.39599
1.92645
1.32361
1.69858
2.67973
1.56314
1.00737
1.50299
1.28229
1.92153
2.19015
1.88593
1.51416
1.86822
2.46208
1.10381
1.90502
2.42881
1.69127
2.02945
1.40603
1.64281
1.28634
1.66358
1.13582
3.01557
1.28473
2.76189
1.41262
1.7735
2.20345
2.32878
3.09144
2.4713
1.66019
2.22625
1.21467
1.03618
1.82459
2.20268
2.35726
1.47768
2.97518
3.3975
2.40811
3.19328
2.48182
1.27416
1.87656
1.08237
1.46228
1.48471
2.218
1.23739
2.97754
3.08809
1.14483
1.45226
1.24964
1.87941
2.44972
1.82603
2.05654
1.89845
1.44331
1.66073
3.07654
3.19764
1.07805
1.64458
1.06457
1.18465
1.77653
2.35954
1.30661
1.19318
1.97017
2.58184
2.62089
1.59073
2.55369
2.18347
2.39857
1.38511
1.55778
3.04362
1.17265
1.20898
2.29362
1.47248
1.39168
2.27831
1.63364
2.75438
2.44055
3.04698
1.90195
1.68307
1.86242
1.95933
2.68454
2.49787
1.30691
2.57491
2.42884
2.18903
2.32883
1.51927
2.40463
1.28853
1.63166
1.38691
1.56588
1.97266
1.06392
2.29931
3.37222
1.50132
2.14297
1.8885
2.49559
2.28572
1.70198
2.94739
2.47159
1.54695
1.69824
1.53804
1.82366
1.767
2.59089
2.0275
1.60952
3.32927
1.23439
1.36425
1.88178
1.3436
1.47492
1.35706
1.94653
1.29467
1.84133
1.30439
1.52829
1.33418
1.20193
1.82607
1.3172
1.31856
2.09801
3.1068
1.84772
1.84739
1.18039
2.40063
2.70791
1.36857
2.51703
3.11841
2.75423
2.68056
1.07588
1.66144
3.35586
1.1919
1.76846
1.78249
1.09692
1.99898
2.55378
2.70307
1.08119
1.29986
2.08859
1.67827
2.36705
2.33823
3.49031
1.06215
1.75072
1.10472
2.26737
1.44339
1.77431
2.71715
2.15696
1.95126
1.76078
2.47021
2.47466
2.13241
2.48827
3.20826
2.40827
3.10689
3.49539
1.20035
1.38162
2.93735
1.41667
2.02407
2.33099
1.29884
1.0854
2.69868
2.51355
3.46939
2.14628
2.79466
1.71939
3.10212
1.63565
3.15873
1.92351
2.11283
2.1058
1.85284
2.91542
3.05527
1.38725
2.15287
3.42804
1.94405
2.96485
3.8754
1.85841
3.12193
1.51327
1.38343
2.18401
3.52114
1.67383
1.27923
1.74872
2.8946
1.98724
2.69874
2.70526
3.36215
2.31667
2.0675
1.2919
1.66963
3.19211
3.90025
1.7871
3.30355
2.708
2.59857
2.73562
3.11598
2.01005
2.83696
3.49216
1.63254
1.59535
1.83991
2.68015
2.03333
1.9407
3.3524
1.58623
2.8075
3.21378
2.64842
1.29199
1.29561
2.66836
2.93989
1.59977
1.81949
2.52198
3.27344
1.4318
2.30726
2.86636
2.52442
2.42126
3.53618
1.81702
1.33558
3.5639
1.5856
2.11474
1.72669
3.18279
1.18274
2.89143
2.35385
1.88699
1.95014
1.53642
1.93786
1.23704
3.22868
3.69374
1.47227
1.54755
2.70571
1.33099
2.33522
2.06879
2.22142
2.74273
1.98472
2.44759
1.72918
1.87805
2.26326
2.13362
2.59767
1.29252
3.5535
3.07461
2.74401
2.54195
2.01073
2.62695
2.36827
2.76511
3.9585
1.70794
2.03076
2.1795
3.72457
2.14986
2.51649
2.11281
2.08024
1.32418
3.38078
2.02086
2.70412
2.8765
3.29614
2.59105
1.90151
1.23966
2.50174
1.98436
1.41963
3.48815
2.03402
3.33378
1.91838
3.19732
1.78952
3.66582
2.47809
2.47722
1.54271
1.62048
1.84374
1.49817
2.45507
1.84572
2.13771
2.33949
2.81245
1.5543
2.26986
2.41695
3.44346
1.91154
2.02606
3.23523
2.70294
2.39429
3.23598
3.44364
2.54201
3.84104
3.62754
2.05247
1.63351
2.41044
2.98075
3.2327
1.71342
1.95698
1.38648
3.06755
2.1813
3.79897
2.79931
3.23196
2.41407
2.64122
1.28647
3.44157
2.41174
3.18404
2.04336
1.9841
2.22266
2.05578
2.33435
3.29075
2.22104
2.95426
2.3262
3.56881
3.57618
1.78927
2.20255
2.37487
1.95491
2.8784
1.71215
2.50999
1.51886
1.35195
1.47961
1.62089
1.59982
2.08291
1.73897
1.54465
2.09348
1.72706
2.58055
2.02245
2.06903
3.51698
1.47949
3.26844
1.60692
1.3391
1.43711
2.82752
1.28754
3.14731
3.14423
1.38028
2.21774
1.2467
1.53367
1.61369
3.57574
2.44041
1.54457
2.60804
1.55892
3.01204
3.21189
2.57464
2.0294
3.27909
1.49327
2.77367
3.06201
3.27272
2.2569
2.60043
1.31957
2.45664
2.80501
1.61897
2.22046
2.64577
1.34237
1.88596
2.62172
2.41855
2.71297
3.62182
2.31529
3.10356
2.48627
1.32206
1.23565
2.23928
2.96557
3.0054
1.88228
3.33898
3.1825
2.55244
2.85628
1.3476
1.82322
2.47106
2.00986
2.20606
3.32654
3.60543
1.84511
2.50681
2.01888
3.63854
2.6064
2.15061
3.56365
2.19146
1.60835
2.89599
1.49427
2.13713
1.79721
2.30036
1.88307
1.36044
2.29654
3.08706
2.16179
1.8127
3.31083
1.10171
2.4032
3.20753
2.856
2.64461
3.00942
2.91774
2.63093
2.25213
3.51267
2.18601
2.44912
1.78714
1.28169
2.31711
3.29797
2.97284
2.30791
3.51417
1.29575
1.69511
3.22243
2.9995
1.76688
3.44064
1.4579
2.1104
2.15282
1.52539
1.40019
1.42159
2.25836
3.62099
2.97357
3.17345
3.00474
3.21677
2.94718
3.84024
1.27508
2.81432
1.14726
2.44956
1.83653
2.1578
3.64678
3.09518
3.14882
3.30113
2.10876
2.1701
1.88718
2.99615
2.78751
1.91603
1.60326
1.38066
2.71892
2.14163
1.36438
1.33904
1.82899
2.32127
3.14339
2.28584
2.38208
1.70333
2.03443
1.56971
2.79457
1.54997
3.11389
2.53961
1.55079
1.95836
1.17929
3.697
2.62284
3.06997
2.7515
1.77886
3.08644
3.65841
2.24789
1.66694
3.70678
1.73175
3.10817
1.52954
1.94058
2.11486
2.46714
1.89378
2.21844
2.97283
1.96001
1.92959
3.11354
2.29806
2.86291
2.28867
2.38613
3.60298
2.26832
1.76425
2.99975
3.02217
3.00658
1.95384
2.65186
2.43559
2.58579
2.12691
2.39235
1.89162
1.53845
2.79188
1.56453
2.34832
2.79594
1.54813
1.64214
1.76243
2.19869
1.20001
1.72078
1.24865
3.12742
1.75864
1.45243
1.66044
2.7645
2.64586
2.67276
3.00318
3.17561
2.66128
1.11669
2.4779
1.28138
2.18214
2.31693
1.59285
1.48254
1.98761
1.391
2.0842
1.76356
1.73432
1.7048
3.49722
3.25534
2.72181
1.25905
2.29767
3.33841
1.5215
3.33498
2.01247
3.13228
2.96064
1.20217
1.81577
2.15172
2.35159
3.11042
3.04385
2.22994
3.24018
3.60906
1.95584
2.22555
1.23076
1.45352
2.74507
2.09816
1.79799
2.47239
2.6609
1.40818
2.19199
2.24077
3.37018
1.50266
1.6342
2.65099
1.55661
2.58581
1.67085
3.10166
2.90953
2.93045
3.11578
3.75134
1.72559
3.2406
2.75211
1.93565
2.84512
2.75948
2.45451
3.60203
1.76336
3.53698
2.40683
2.47499
3.07801
3.88877
1.21957
2.4212
1.14783
2.53912
2.01277
2.10801
2.53701
1.41785
2.12675
1.62185
1.27663
1.83922
2.43425
3.56391
2.94903
2.19637
2.56017
2.18158
1.51644
2.28485
3.37829
3.08517
2.0066
2.56629
1.91677
1.58411
1.47909
1.98703
2.68727
2.82171
2.6597
3.18003
1.98132
3.18318
1.2755
1.59508
3.28426
3.9668
2.12476
2.43506
1.23275
1.50249
2.11184
1.8291
1.71591
1.50935
2.71114
2.16467
1.29401
3.44496
2.52646
3.2163
1.52746
1.41318
2.14397
3.24595
3.01426
3.05442
2.26169
1.36357
2.81464
1.50837
3.38363
2.08276
1.69308
1.26162
2.20635
1.50203
2.35747
3.51148
1.86345
1.83832
1.8363
2.15107
2.59962
1.82799
1.04909
2.00587
1.76645
2.17835
1.47701
3.03434
2.20328
2.30857
3.03504
3.42965
2.13788
2.06796
3.6879
2.60127
2.06755
1.81326
2.61218
1.32143
1.58058
1.85743
1.93744
1.93104
3.33856
3.36521
2.48485
2.02178
3.46592
2.74294
3.36874
1.47745
2.17183
2.76339
2.09091
2.35594
2.93232
2.26356
3.04648
3.22203
1.65887
1.32777
3.06503
3.45906
1.44631
3.84725
1.54102
1.5531
3.74036
1.44109
2.29387
1.52337
2.35533
2.39239
1.21743
1.32658
1.33703
3.16321
3.1807
1.88154
2.53002
1.37441
3.07112
2.24638
3.39466
1.94016
1.73266
1.8493
3.45619
2.06874
3.07073
1.64938
2.00432
1.34736
2.40436
1.50716
1.40525
1.35515
2.73453
2.93135
3.01951
1.90314
2.20368
1.28412
3.74561
2.79333
3.64475
2.15457
3.64967
2.12966
2.25159
3.13392
3.19114
3.73934
3.05155
2.65651
2.46178
1.803
1.8562
2.38298
2.2993
2.41205
2.0037
1.75676
1.26156
3.33562
3.58061
2.36331
2.12221
1.71314
3.74008
1.7481
3.05762
2.63781
2.17362
3.8316
2.47088
2.17994
3.13779
2.86916
1.81343
1.33554
2.25034
1.19458
3.44655
1.31336
3.25724
3.88474
1.81437
2.83763
1.36362
2.46054
1.70695
1.4578
2.2224
1.73663
3.34984
2.22861
1.75315
1.74857
1.1969
1.81357
1.89307
2.70916
3.49382
2.27063
2.84049
3.56867
1.37012
2.00721
1.69385
1.74254
2.95714
2.46385
2.65638
2.25817
3.08706
2.45248
1.55166
1.5038
2.8611
2.12328
3.58015
2.53424
2.41444
2.0992
1.87917
2.25119
1.3262
3.64847
3.12379
2.12466
2.61113
3.55261
3.16344
2.52931
3.22571
1.53982
1.20453
3.32839
1.31896
1.99474
2.63598
2.96394
2.69388
1.3905
2.36478
3.23646
2.80226
1.23131
1.2917
2.47551
3.57071
3.6676
1.9836
2.14616
1.59697
1.82085
1.59188
1.54089
1.56069
1.69593
2.2535
2.9535
1.65848
2.77728
3.00467
1.82114
2.3456
2.78723
1.57951
3.19021
2.39754
1.73773
3.20675
1.85243
1.01574
1.93012
1.8823
2.50346
2.45866
1.89327
1.62223
3.0216
2.57456
1.43658
2.9541
2.53811
1.71725
2.47683
1.65868
1.70922
1.63828
1.66358
1.37526
3.30229
1.58516
3.14866
1.434
1.91462
2.6866
3.55667
3.36788
3.12113
2.00532
2.50178
1.37687
1.11958
1.98932
2.9019
2.99659
1.98419
3.17413
3.88463
3.01545
3.4246
3.66497
1.57175
2.30463
1.39842
1.96524
1.63943
2.46813
2.19511
3.30847
3.23021
1.58873
1.84374
1.97966
2.02944
2.62176
1.95485
2.53194
3.1578
1.46427
1.66073
3.27056
3.28805
1.37038
1.8652
1.31161
1.56765
2.73729
3.21056
1.77511
1.58177
2.70868
3.05018
3.00024
1.84961
3.17778
2.94375
2.71618
1.60062
1.58155
3.44862
1.4808
1.45258
3.31698
3.27679
1.42815
2.75391
1.95771
3.02261
2.50805
3.15383
2.37328
2.97746
2.58059
2.11302
3.8092
3.55391
1.42477
2.75596
3.65281
2.77811
2.62533
2.0311
2.55998
1.45484
2.62235
1.43773
2.372
2.34745
1.20194
2.29931
3.53067
1.54921
2.2548
2.09395
3.12784
2.3561
2.19965
3.06899
3.25561
2.27653
1.79616
1.66188
2.09163
2.73248
2.89123
2.27023
1.713
3.67955
1.58968
1.44005
2.5088
2.43009
2.07557
2.6162
1.94653
1.46512
2.38651
1.59891
1.57292
2.20924
1.24517
1.82607
1.47617
2.17843
2.81059
3.2442
2.30503
2.00728
1.24442
2.45236
2.77786
1.69168
3.2421
3.85731
3.25347
2.84187
1.23344
2.83751
3.38029
1.32091
2.0764
2.45234
1.2628
2.13957
3.10032
2.97492
1.29196
1.39455
2.32406
1.76255
3.15728
2.89712
3.66344
1.14852
1.79565
1.48368
3.08649
2.32637
2.88548
3.39101
2.36192
1.95126
1.99147
2.92331
3.05067
2.33121
2.60923
3.2605
3.07163
3.18427
3.57967
1.36471
1.6592
3.8275
1.67135
3.05437
2.91614
1.76697
1.59736
2.72897
3.65573
3.54015
2.18699
2.99236
2.11006
3.2589
1.16689
2.07232
1.71845
1.72424
1.61713
1.48539
2.04329
1.8112
1.12206
1.23949
2.82226
1.57472
2.84756
3.49912
1.43138
1.83467
1.44675
1.12731
1.69456
3.07512
1.34643
1.04214
1.44903
2.45194
1.92924
2.54745
1.59216
3.36215
1.8276
2.01248
1.23817
1.47532
3.07059
3.59359
1.65178
2.4607
1.80623
2.16013
2.07347
3.06586
1.99541
2.21774
2.84205
1.54144
1.20484
1.17547
1.53774
1.16755
1.62044
2.67866
1.47702
2.70174
2.76436
1.9651
1.21115
1.07726
1.72884
2.81175
1.4493
1.67156
2.4345
2.96461
1.145
2.30726
2.32611
1.96773
2.15213
3.40791
1.67129
1.16253
2.90704
1.37688
1.63608
1.12983
1.79011
1.05083
2.62192
1.68058
1.73984
1.62806
1.38303
1.72097
1.12482
2.64115
2.65573
1.27973
1.38014
2.1764
1.29704
2.14006
1.98293
2.14278
1.83082
1.60482
2.12632
1.45467
1.23212
1.60811
1.77058
2.55377
1.1644
1.61818
2.18751
1.66733
1.94474
1.52715
2.33469
2.08434
2.41623
2.66194
1.46404
1.87128
1.59841
3.47274
1.35906
1.79015
1.73746
2.00401
1.31429
2.17423
1.55335
2.66804
2.09396
2.68213
2.22683
1.85441
1.10346
2.36876
1.43426
1.32705
2.6169
1.83148
2.83784
1.27312
1.79892
1.41967
3.66582
2.37675
2.04058
1.38205
1.40965
1.62377
1.47538
1.26474
1.50133
1.98516
1.98941
2.55606
1.48614
2.07577
2.33198
3.09635
1.72859
1.46935
2.61172
2.33764
2.02811
3.14256
2.1367
1.64129
3.34666
2.56519
1.5706
1.63351
2.30825
1.86789
3.00017
1.47316
1.94268
1.2081
2.93058
1.99573
2.89108
2.57735
2.97392
2.33198
2.2835
1.17249
2.95056
2.10446
2.61487
1.82819
1.15649
1.99012
1.83756
2.27034
3.21695
1.62072
2.25535
1.57303
3.09183
2.84283
1.61587
1.97772
2.37487
1.67473
2.69062
1.71215
2.29915
1.30665
1.07238
1.14477
1.21977
1.47186
1.6077
1.09558
1.36987
1.83284
1.56193
1.82604
1.97132
1.40407
2.83007
1.37825
2.82309
1.51904
1.13084
1.08537
2.7512
1.16812
3.12163
2.42369
1.22462
1.43416
1.09201
1.23219
1.41376
2.91556
1.3151
1.36484
2.37666
1.20561
2.802
2.03747
2.31752
2.01633
2.41785
1.35641
2.75851
2.39685
2.2549
2.08043
1.76437
1.07726
2.0073
2.20392
1.38855
2.15309
2.60842
1.20414
1.20842
1.76689
2.41855
2.12997
2.9698
2.13258
2.63541
1.66526
1.10607
1.0388
1.68751
2.01407
2.61256
1.79619
2.42994
2.10299
2.40822
2.64534
1.12331
1.48069
1.82499
1.25052
2.17915
2.78573
2.85255
1.83708
2.43276
1.59094
2.62777
2.22973
1.70609
2.89738
2.17051
1.29848
2.56204
1.29716
1.64399
1.64812
2.20758
1.84723
1.29143
2.19622
2.71176
2.06059
1.38307
3.16318
1.01364
2.0162
2.53313
1.90957
2.3392
2.67089
2.63633
1.77873
1.73519
2.31606
1.289
2.14902
1.63413
1.17045
1.8971
2.11941
2.63204
2.20385
3.11394
1.09979
1.50956
3.15109
2.74493
1.58133
2.25608
1.10368
2.06433
2.13347
1.38895
1.18876
1.40869
2.10964
2.45606
2.76422
2.50881
2.49967
2.8384
2.7594
3.13114
1.19515
2.60304
1.13896
2.28395
1.76963
1.86812
3.29022
2.84127
1.97844
2.99664
2.10876
2.02407
1.62055
2.14732
2.41919
1.66291
1.48255
1.08432
2.63059
2.00886
1.16625
1.32325
1.73481
1.33069
2.937
1.75122
2.32852
1.50801
1.64546
1.41268
2.34021
1.1203
2.84362
2.46883
1.53017
1.33203
1.03602
2.89185
2.21764
2.56606
2.64401
1.77886
2.93841
2.45319
1.58405
1.45557
3.58268
1.58344
2.60336
1.47814
1.35689
1.74805
2.2298
1.83837
1.74026
2.90885
1.77041
1.6195
3.08729
1.7112
1.9442
2.0082
1.80228
3.60298
2.03457
1.67683
2.79252
1.95256
2.48437
1.5033
2.03058
2.11785
1.88884
2.12691
1.99298
1.82679
1.35725
2.04041
1.16554
1.78686
2.42566
1.26956
1.11882
1.38523
1.75439
1.04226
1.32958
1.23459
2.22676
1.16452
1.33331
1.26491
2.7234
2.579
2.65521
2.89787
2.16948
2.34118
1.09406
2.36806
1.07956
1.81354
1.26811
1.44709
1.08253
1.78267
1.07825
1.6453
1.47886
1.72703
1.36798
2.96375
3.25534
2.30098
1.0744
1.94659
2.97374
1.43064
3.23946
1.88531
2.72174
2.81971
1.07826
1.37402
2.00018
2.26895
2.46907
2.97221
1.59395
3.0057
2.56079
1.81457
1.19018
1.17737
1.38376
2.70055
1.89873
1.69139
1.72503
1.76815
1.12179
1.56534
1.58799
2.61406
1.14353
1.20989
2.25585
1.13319
1.76183
1.6571
2.10766
2.16555
2.44949
3.08106
2.36337
1.16991
2.75344
2.64352
1.83644
2.70213
2.35902
2.06191
2.98646
1.67619
3.03758
1.98399
2.02991
2.70838
2.90527
1.02889
2.13063
1.01811
2.00883
1.97561
1.64776
2.4287
1.1394
1.85161
1.11576
1.13926
1.29403
1.82758
3.32469
2.43158
1.74726
2.33426
2.14835
1.20703
1.67574
2.56595
2.12938
1.28117
2.56629
1.72167
1.11217
1.10638
1.5349
1.96963
2.69821
2.41343
2.76565
1.57151
2.79416
1.12581
1.28744
3.11389
3.53011
1.55042
2.13978
1.1227
1.11511
2.03492
1.71432
1.6562
1.0903
2.66226
1.97527
1.15403
3.2049
2.29769
2.81952
1.49824
1.41318
1.96948
3.17369
2.78112
2.63496
2.17635
1.19136
2.03211
1.3557
2.46364
1.75008
1.48042
1.09484
2.17364
1.10045
2.24689
2.8751
1.75175
1.65203
1.63789
1.94347
1.91959
1.64562
1.0071
1.74926
1.45602
2.03117
1.28663
1.73441
1.99584
2.16344
2.40139
2.86404
1.92163
1.26441
2.77572
1.98809
1.72151
1.2348
1.7328
1.101
1.32929
1.39296
1.86972
1.5589
2.52896
3.32196
2.33955
1.859
3.40945
2.44758
3.27832
1.10454
1.66399
2.31358
1.66283
1.89948
2.85865
2.08052
2.73765
2.52019
1.36289
1.2993
2.5445
2.89592
1.1455
3.53736
1.515
1.54263
2.9405
1.39429
2.04219
1.0932
1.73267
1.29158
1.10363
1.22798
1.14421
2.81466
2.91633
1.54753
2.26723
1.31892
2.59891
1.89487
2.78964
1.8323
1.5323
1.60152
2.55905
1.71125
3.00614
1.48566
1.26819
1.34736
2.35332
1.24363
1.35613
1.11745
2.33794
1.41952
2.99111
1.8048
2.01634
1.19796
2.6003
1.72559
3.04601
1.80766
3.01564
1.68477
1.49501
3.08903
2.19877
2.70672
2.91944
2.50376
2.42805
1.18608
1.75823
1.59738
1.83182
2.11631
2.0037
1.74621
1.04946
3.27595
2.57919
2.22666
1.7365
1.54825
2.28731
1.69513
2.99661
2.49494
2.05161
2.38504
2.07078
2.16005
3.12571
2.15208
1.43428
1.19615
1.4892
1.11396
3.16745
1.13593
2.89958
2.84223
1.44474
2.18596
1.09229
1.67564
1.31168
1.41685
1.83937
1.43814
2.91315
1.86175
1.59913
1.34067
1.06307
1.18499
1.75254
2.32172
1.68982
2.18433
2.46233
2.69321
1.0922
1.96131
1.6767
1.67771
2.22321
1.77076
2.26656
1.48475
2.83101
2.24592
1.5256
1.28939
2.50815
1.87368
3.31995
2.20029
1.91788
1.78482
1.41725
1.75479
1.19625
2.45873
2.62328
1.69272
1.84236
2.59514
2.9845
2.081
2.70069
1.22203
1.14047
2.70079
1.04928
1.72618
1.96031
2.92915
2.1801
1.38032
2.03967
1.90344
1.8483
1.07294
1.09392
2.33798
3.37825
3.62755
1.85036
1.90092
1.53277
1.70286
1.43267
1.24279
1.43978
1.3382
2.20109
2.43231
1.41096
2.67372
2.90838
1.34005
2.23388
2.4876
1.37137
1.88949
1.47926
1.67965
2.5194
1.54138
1.00737
1.36462
1.27575
1.95886
2.17019
1.88593
1.50316
1.90087
2.44214
1.09656
1.7417
2.42881
1.6847
2.01168
1.39538
1.62808
1.27569
1.65815
1.08941
2.97515
1.22293
2.68148
1.41262
1.75271
2.15216
2.27502
2.94657
2.43558
1.81583
2.16862
1.18174
1.03097
1.82178
1.99386
2.29755
1.50816
2.93839
3.23883
2.18088
3.17848
2.4413
1.15869
1.84199
1.07983
1.44845
1.45276
2.20772
1.46445
2.9476
3.07264
1.14442
1.44091
1.6375
1.86793
2.42529
1.77288
1.98399
1.86115
1.44017
1.66073
3.07654
3.17219
1.07599
1.5996
1.06182
1.17895
2.46264
2.3378
1.25626
1.2994
1.92353
2.45806
2.51799
1.54934
2.30207
2.04699
2.38361
1.35431
1.55778
3.01361
1.15034
1.33688
2.1845
1.43324
1.38637
2.26386
1.53572
2.71103
2.43052
3.02447
1.87255
1.93894
1.80823
1.93734
2.64034
2.46015
1.30115
2.57095
2.29069
2.13526
2.27759
1.51634
2.36953
1.22867
2.18328
1.37777
1.54963
1.9397
1.05984
2.29931
3.30909
1.49688
2.11823
1.85394
2.43016
2.2748
1.68602
2.92787
2.40211
1.52344
1.68612
1.51605
1.80479
1.58844
2.56031
2.02536
1.56974
3.29106
1.18763
1.32761
1.90998
1.32189
1.45108
1.34472
1.94653
1.2929
1.82772
1.28878
1.48368
1.30061
1.19515
1.82607
1.30452
1.31885
2.00934
3.04004
1.82262
1.82111
1.14853
2.39223
2.70445
1.34755
2.80354
2.88216
2.73359
2.67333
1.06777
1.61793
3.35586
1.17548
1.63684
1.73627
1.08167
1.98973
2.57183
2.66694
1.07492
1.25966
2.05586
1.58871
2.34015
2.49844
3.45076
1.05939
1.74226
1.06273
2.19768
1.55459
1.74573
2.67706
2.14039
1.95126
1.68179
2.40176
2.46555
2.11082
2.4455
3.19615
2.40776
3.0835
3.47651
1.1809
1.33377
2.85637
1.39844
1.99549
2.29714
1.26711
1.14307
2.69868
2.48299
3.40174
2.14098
2.75963
1.6861
3.03845
