1.01184
1.0005
1.00087
1.0004
1.00036
1.00034
1.01855
1.00038
1.0205
1.0281
1.00071
1.00061
1.00029
1.00037
1.00029
1.00159
1.00067
1.00041
1.00339
1.00057
1.00042
1.01393
1.01349
1.00545
1.0003
1.00025
1.00029
1.00032
1.01169
1.01627
1.00036
1.00048
1.00024
1.00032
1.00049
1.00058
1.00031
1.00028
1.0003
1.00036
1.00551
1.00026
1.01184
1.00037
1.01669
1.00037
1.00076
1.00189
1.00033
1.0004
1.00099
1.00041
1.00049
1.01255
1.00318
1.00028
1.02236
1.00041
1.00037
1.00742
1.00419
1.00054
1.00038
1.01053
1.00036
1.00068
1.00044
1.00044
1.00335
1.00029
1.00072
1.00038
1.00068
1.00051
1.00261
1.00048
1.00052
1.00036
1.0003
1.00055
1.00044
1.0003
1.00037
1.00723
1.00029
1.02493
1.00529
1.00061
1.00049
1.00032
1.00023
1.00044
1.00022
1.0154
1.00902
1.00051
1.00112
1.00037
1.0003
1.00048
1.019
1.00175
1.0003
1.00047
1.00323
1.00033
1.00032
1.00052
1.00241
1.00079
1.00038
1.00027
1.01299
1.00097
1.00046
1.0002
1.00029
1.00024
1.00026
1.00031
1.00017
1.00034
1.0455
1.0031
1.00032
1.00421
1.00067
1.00455
1.00261
1.00028
1.00049
1.00043
1.00537
1.00046
1.00035
1.00037
1.00055
1.00028
1.00049
1.01185
1.00037
1.00028
1.00034
1.00031
1.00062
1.00897
1.00041
1.01813
1.00023
1.00046
1.00045
1.00315
1.00199
1.00048
1.00039
1.00034
1.00602
1.00052
1.00035
1.0005
1.00034
1.005
1.00049
1.00663
1.00025
1.00053
1.00179
1.00034
1.01254
1.00026
1.01783
1.00684
1.00039
1.00804
1.00058
1.00049
1.00019
1.00041
1.00037
1.00045
1.00069
1.0005
1.0004
1.00027
1.00037
1.00022
1.0003
1.00043
1.00045
1.00057
1.00947
1.00037
1.00038
1.00044
1.00031
1.00028
1.0004
1.0002
1.0005
1.00204
1.00066
1.00031
1.00039
1.00052
1.00461
1.00034
1.00033
1.00521
1.00553
1.00055
1.01498
1.00118
1.00041
1.00061
1.02778
1.00898
1.00034
1.01245
1.00032
1.00045
1.00036
1.00058
1.00046
1.00584
1.00026
1.00098
1.00028
1.00048
1.01116
1.00138
1.00052
1.00037
1.02605
1.00034
1.01856
1.01148
1.00054
1.00051
1.00645
1.00049
1.00775
1.00055
1.0034
1.00039
1.00034
1.00025
1.00039
1.00065
1.00058
1.02026
1.0003
1.00029
1.00035
1.00034
1.00036
1.00019
1.00032
1.00053
1.00037
1.00058
1.00053
1.00031
1.00026
1.00053
1.00051
1.00034
1.001
1.00027
1.00034
1.00034
1.00034
1.00065
1.00027
1.00328
1.00046
1.01038
1.00342
1.00035
1.00081
1.00054
1.00343
1.01278
1.00048
1.00048
1.00506
1.00031
1.00909
1.00045
1.00042
1.00036
1.00129
1.00041
1.00212
1.01385
1.00044
1.00034
1.00176
1.00045
1.00035
1.00029
1.00771
1.00189
1.00024
1.00178
1.00035
1.00819
1.03268
1.00037
1.00143
1.00831
1.01141
1.00037
1.00369
1.00036
1.0003
1.00051
1.00058
1.00052
1.00026
1.00037
1.00051
1.00179
1.0004
1.00032
1.00027
1.00025
1.00033
1.00044
1.00048
1.00032
1.00022
1.00037
1.0201
1.00049
1.00061
1.00077
1.00033
1.00342
1.0003
1.00036
1.00033
1.00039
1.00041
1.00052
1.00282
1.0007
1.00026
1.00079
1.00021
1.00031
1.00041
1.01478
1.0003
1.00031
1.01122
1.00039
1.01639
1.00659
1.01491
1.00052
1.00608
1.00047
1.00068
1.00344
1.00031
1.00033
1.00059
1.00027
1.01179
1.00051
1.02259
1.00026
1.00047
1.00043
1.00038
1.00886
1.03349
1.00039
1.00066
1.00083
1.00275
1.00066
1.00032
1.0003
1.00173
1.00034
1.00038
1.00031
1.00038
1.00026
1.00029
1.00039
1.00029
1.00226
1.01187
1.00426
1.00033
1.00088
1.00038
1.00218
1.00295
1.00049
1.00362
1.00062
1.00048
1.0006
1.00038
1.00053
1.0004
1.00025
1.0003
1.00025
1.00029
1.00026
1.02069
1.00038
1.00036
1.00039
1.00017
1.00772
1.00048
1.00032
1.00243
1.00472
1.00038
1.00042
1.00036
1.0003
1.00047
1.00726
1.00036
1.00017
1.00042
1.00042
1.00044
1.0004
1.00029
1.00035
1.00039
1.00042
1.00041
1.00021
1.00112
1.00069
1.0005
1.0003
1.00439
1.00208
1.00513
1.00071
1.00031
1.00051
1.00048
1.00027
1.00036
1.00153
1.00049
1.00442
1.00026
1.00054
1.00037
1.00039
1.00045
1.00517
1.00027
1.00039
1.00037
1.02418
1.00039
1.00033
1.00049
1.00135
1.00222
1.00048
1.00051
1.00057
1.00041
1.00038
1.00028
1.00038
1.00091
1.00034
1.00023
1.00178
1.00069
1.00044
1.00488
1.00027
1.00036
1.00024
1.00076
1.00042
1.00057
1.00746
1.00036
1.00042
1.00041
1.00028
1.00055
1.00406
1.00844
1.00608
1.00033
1.00018
1.00049
1.00366
1.0004
1.0002
1.00043
1.00638
1.00037
1.00251
1.00035
1.00093
1.0006
1.0004
1.00055
1.00051
1.00051
1.00033
1.00029
1.00021
1.01942
1.0005
1.00213
1.00017
1.00043
1.00044
1.00035
1.00034
1.00032
1.00043
1.00027
1.00018
1.00042
1.00052
1.00024
1.00034
1.001
1.00036
1.00038
1.00033
1.00396
1.00392
1.00358
1.01566
1.00038
1.00033
1.00078
1.00042
1.00603
1.00027
1.00137
1.00038
1.00031
1.00029
1.01404
1.00211
1.00043
1.00054
1.0004
1.00071
1.00039
1.01363
1.00074
1.00036
1.00029
1.0076
1.00042
1.00078
1.00047
1.00488
1.00063
1.00038
1.00033
1.0003
1.00036
1.00029
1.00033
1.00694
1.00379
1.0006
1.00799
1.00062
1.00024
1.0142
1.00031
1.00028
1.00046
1.00037
1.00037
1.00059
1.00031
1.00339
1.00028
1.00037
1.00039
1.00639
1.00047
1.00042
1.00048
1.00035
1.00039
1.00043
1.00044
1.00093
1.00032
1.00043
1.00052
1.00036
1.00227
1.00421
1.0003
1.01078
1.00028
1.00026
1.00029
1.00042
1.00026
1.00048
1.00088
1.00025
1.00027
1.00359
1.00096
1.00062
1.01071
1.00029
1.0004
1.00054
1.0004
1.00018
1.0004
1.00027
1.00078
1.00058
1.00038
1.00028
1.00687
1.00042
1.00036
1.00045
1.00328
1.00306
1.00024
1.00042
1.00034
1.00043
1.00059
1.00036
1.0003
1.00362
1.0054
1.00042
1.00027
1.00025
1.00051
1.00035
1.0005
1.0004
1.00035
1.00445
1.01146
1.00033
1.00025
1.00031
1.00051
1.00037
1.00038
1.00015
1.00038
1.00736
1.004
1.00904
1.00042
1.00029
1.00043
1.00023
1.00013
1.00445
1.00054
1.00038
1.00049
1.00042
1.00041
1.00311
1.00773
1.00021
1.00043
1.0003
1.00026
1.00045
1.00029
1.00034
1.00438
1.00033
1.00039
1.00037
1.00031
1.00049
1.00026
1.00031
1.00037
1.00028
1.00056
1.00046
1.00074
1.00042
1.00044
1.0003
1.00036
1.00262
1.00032
1.00054
1.00038
1.00042
1.0057
1.00103
1.00411
1.00033
1.00031
1.00046
1.00039
1.00033
1.00413
1.00022
1.00732
1.00046
1.00106
1.00065
1.00025
1.00074
1.00032
1.00029
1.01921
1.0003
1.00029
1.00204
1.00036
1.00022
1.00043
1.00455
1.0003
1.00036
1.00039
1.00056
1.0004
1.00031
1.0028
1.00036
1.00029
1.00037
1.00062
1.02175
1.00052
1.00025
1.01157
1.00048
1.00061
1.00035
1.00609
1.00779
1.00643
1.00044
1.01262
1.00034
1.00039
1.00035
1.00045
1.01796
1.0005
1.00049
1.00204
1.00061
1.00042
1.00028
1.00433
1.00065
1.0003
1.00532
1.00052
1.00047
1.00032
1.00026
1.0213
1.00409
1.00029
1.00452
1.00051
1.00037
1.00032
1.00633
1.00036
1.01477
1.00046
1.00038
1.00031
1.00033
1.00366
1.00033
1.00049
1.00018
1.00033
1.039
1.00035
1.00055
1.00042
1.00052
1.00027
1.00038
1.00042
1.00047
1.00861
1.00048
1.00038
1.0012
1.00044
1.00774
1.00037
1.00045
1.00054
1.00605
1.00026
1.00439
1.00036
1.00038
1.00124
1.00035
1.00039
1.00029
1.00036
1.00655
1.00032
1.00566
1.00068
1.00024
1.00043
1.00027
1.00031
1.00192
1.00028
1.00055
1.00036
1.0002
1.00875
1.00036
1.00046
1.00027
1.00035
1.00038
1.00199
1.00053
1.00041
1.00054
1.00042
1.0004
1.00052
1.00643
1.00025
1.00042
1.00168
1.01165
1.00058
1.00071
1.00036
1.0143
1.00038
1.04007
1.00037
1.00028
1.00029
1.00043
1.00372
1.00028
1.00102
1.00066
1.00133
1.00593
1.0003
1.0003
1.01194
1.0005
1.01107
1.01026
1.00059
1.00033
1.00034
1.0006
1.00035
1.00035
1.00275
1.00039
1.00059
1.00026
1.00815
1.00056
1.00037
1.00047
1.01713
1.00091
1.00033
1.00046
1.00314
1.00042
1.00795
1.00035
1.02226
1.00044
1.00025
1.00033
1.00035
1.00049
1.00057
1.00035
1.00045
1.00058
1.0002
1.00065
1.00029
1.00051
1.00031
1.00057
1.00048
1.00499
1.0006
1.00054
1.00038
1.00059
1.0105
1.01223
1.00379
1.00377
1.00154
1.00042
1.00033
1.00211
1.00035
1.00038
1.00073
1.00026
1.00033
1.00429
1.0069
1.00033
1.00133
1.00024
1.00027
1.00042
1.0008
1.00034
1.00035
1.01446
1.00419
1.00036
1.00389
1.00048
1.00801
1.00034
1.00047
1.00029
1.00468
1.02185
1.00035
1.00283
1.00542
1.00036
1.0006
1.00856
1.00424
1.00029
1.00208
1.00039
1.00026
1.00042
1.01872
1.00025
1.00206
1.00034
1.00079
1.00062
1.0003
1.00045
1.00056
1.00034
1.00034
1.0033
1.00021
1.00042
1.00029
1.00021
1.00033
1.00409
1.00025
1.00043
1.00044
1.0003
1.00067
1.00848
1.00221
1.00038
1.01184
1.00047
1.00087
1.00035
1.00036
1.00028
1.01867
1.00038
1.02129
1.0281
1.00072
1.00058
1.0003
1.00035
1.00028
1.00156
1.00051
1.0004
1.00339
1.00058
1.0004
1.01393
1.01379
1.00545
1.00027
1.00025
1.00026
1.00031
1.01257
1.01627
1.00036
1.00045
1.00024
1.00027
1.0005
1.00058
1.00031
1.00029
1.0003
1.00038
1.00547
1.00025
1.01261
1.00037
1.02275
1.00032
1.00076
1.0019
1.00031
1.0004
1.00092
1.00034
1.00049
1.00369
1.00318
1.00023
1.02235
1.00041
1.00037
1.00849
1.00422
1.00049
1.00038
1.01053
1.00035
1.00068
1.00044
1.00044
1.00337
1.00028
1.00072
1.00038
1.00067
1.00049
1.00261
1.00046
1.00052
1.00032
1.00027
1.00055
1.00044
1.0003
1.00037
1.00723
1.00028
1.02484
1.00525
1.00061
1.00049
1.00027
1.00022
1.00038
1.00022
1.0154
1.00902
1.0005
1.00112
1.00037
1.00029
1.00046
1.02255
1.00175
1.00029
1.00045
1.00321
1.0003
1.00026
1.00048
1.00437
1.00079
1.00034
1.00027
1.01368
1.00097
1.00046
1.00021
1.00028
1.00024
1.00024
1.00032
1.00017
1.00033
1.04578
1.0031
1.0003
1.00421
1.00067
1.00455
1.00259
1.00027
1.00049
1.00043
1.0069
1.00046
1.00034
1.00035
1.00054
1.00028
1.00048
1.01297
1.00033
1.00027
1.00034
1.00029
1.00388
1.00893
1.0004
1.00792
1.00023
1.00046
1.0004
1.00311
1.00199
1.00046
1.0004
1.0003
1.00602
1.00052
1.00033
1.0005
1.00026
1.005
1.00049
1.00663
1.00026
1.00049
1.00178
1.0003
1.01254
1.00027
1.01783
1.00853
1.00023
1.00968
1.00058
1.00045
1.00019
1.00041
1.00036
1.00045
1.00069
1.0005
1.0004
1.00021
1.00035
1.00022
1.00228
1.0004
1.00045
1.00057
1.00944
1.00037
1.00033
1.00044
1.0003
1.00026
1.00038
1.00017
1.00047
1.00204
1.00378
1.00028
1.00039
1.00051
1.00461
1.00034
1.00033
1.00523
1.00918
1.00054
1.01498
1.00115
1.00042
1.00061
1.02776
1.00898
1.00034
1.01438
1.00027
1.00042
1.00031
1.00058
1.00045
1.00584
1.00028
1.00094
1.00026
1.00043
1.01123
1.00137
1.00049
1.00037
1.02605
1.00031
1.01955
1.01148
1.00051
1.00049
1.00645
1.00048
1.00775
1.00054
1.0034
1.00039
1.00034
1.00024
1.00033
1.00065
1.00058
1.02698
1.00027
1.00019
1.00031
1.00034
1.00031
1.00017
1.0003
1.00047
1.00038
1.00058
1.00053
1.0003
1.00027
1.00053
1.00051
1.00029
1.00098
1.00021
1.00034
1.00034
1.00034
1.00058
1.00026
1.00328
1.00042
1.01038
1.00343
1.00035
1.0008
1.00054
1.0041
1.01277
1.00048
1.00047
1.00506
1.00027
1.00909
1.00045
1.00042
1.00036
1.00129
1.00038
1.00558
1.00718
1.00044
1.00034
1.00174
1.00045
1.00035
1.00025
1.00444
1.00189
1.00024
1.00178
1.00035
1.01112
1.03268
1.00036
1.00139
1.00829
1.01142
1.00035
1.00378
1.00034
1.00024
1.00041
1.00056
1.00052
1.00023
1.00033
1.00049
1.0019
1.00041
1.0003
1.00027
1.00023
1.00031
1.00042
1.00046
1.00028
1.00026
1.00034
1.02008
1.00049
1.00039
1.00073
1.00033
1.00342
1.00031
1.00036
1.00033
1.00039
1.00041
1.00051
1.0028
1.00067
1.00026
1.00079
1.00023
1.00034
1.00041
1.0173
1.0003
1.0003
1.0112
1.00038
1.0164
1.00659
1.01491
1.00049
1.00608
1.0003
1.00068
1.00344
1.00023
1.00033
1.00058
1.00025
1.01335
1.00051
1.0163
1.00026
1.00047
1.0004
1.00041
1.00886
1.03349
1.00037
1.00066
1.00083
1.00275
1.00065
1.00031
1.00028
1.00173
1.00031
1.00037
1.00029
1.00035
1.00026
1.00027
1.00039
1.00026
1.00228
1.0188
1.00428
1.00028
1.00088
1.00036
1.00223
1.00296
1.00048
1.00413
1.0006
1.00045
1.0006
1.00039
1.0005
1.00039
1.00024
1.0003
1.00023
1.00029
1.00025
1.02069
1.00039
1.00035
1.00035
1.00019
1.00768
1.00049
1.00029
1.00243
1.0076
1.00038
1.00042
1.00036
1.0003
1.00043
1.00725
1.00036
1.00018
1.0004
1.00535
1.00046
1.0004
1.00028
1.00035
1.00039
1.00042
1.00036
1.00021
1.00112
1.00063
1.0005
1.00029
1.00439
1.00206
1.00513
1.00071
1.00031
1.00052
1.00048
1.00024
1.00032
1.00152
1.00049
1.00442
1.00022
1.00054
1.00036
1.00039
1.00045
1.00512
1.00024
1.00036
1.0004
1.02436
1.00039
1.00033
1.00049
1.00133
1.00222
1.00015
1.00049
1.00057
1.00041
1.00034
1.00022
1.00034
1.0009
1.00032
1.00023
1.00172
1.00069
1.00044
1.01021
1.00024
1.00035
1.00025
1.00068
1.00034
1.00049
1.00742
1.00033
1.00042
1.00041
1.00027
1.00056
1.00406
1.00831
1.00608
1.00031
1.00015
1.00049
1.00366
1.00036
1.00019
1.00043
1.00636
1.00035
1.00247
1.00035
1.00092
1.0005
1.0004
1.00055
1.00051
1.00052
1.00034
1.00029
1.00018
1.01942
1.0005
1.00213
1.0002
1.00035
1.00046
1.00035
1.00033
1.00032
1.00047
1.00025
1.00016
1.00038
1.0005
1.00019
1.00035
1.001
1.00035
1.00031
1.00027
1.00397
1.00389
1.00693
1.01566
1.00035
1.00033
1.00071
1.00042
1.00603
1.0002
1.0013
1.00038
1.00297
1.0003
1.01403
1.00215
1.00043
1.00053
1.00041
1.00071
1.00039
1.02055
1.00074
1.00408
1.00028
1.00773
1.00042
1.00078
1.00044
1.00488
1.00063
1.00038
1.0003
1.0003
1.00036
1.0003
1.00033
1.00701
1.00379
1.0006
1.00799
1.00062
1.00019
1.01418
1.00031
1.00028
1.00044
1.00037
1.00037
1.00058
1.00026
1.00344
1.00026
1.00038
1.00038
1.00639
1.00047
1.00038
1.00048
1.00031
1.00039
1.00038
1.00039
1.00093
1.00028
1.00043
1.0005
1.00028
1.00227
1.0053
1.00416
1.01118
1.00028
1.00026
1.00029
1.00042
1.00026
1.00048
1.00087
1.00025
1.00025
1.00359
1.00096
1.00402
1.01071
1.00029
1.0004
1.00054
1.0004
1.00018
1.0004
1.00024
1.00075
1.00056
1.00033
1.00026
1.00686
1.00043
1.00036
1.00043
1.00328
1.00306
1.00024
1.00042
1.00034
1.00043
1.00059
1.00033
1.00027
1.00485
1.00537
1.00034
1.00019
1.00023
1.00051
1.00035
1.00021
1.00037
1.00407
1.00445
1.01727
1.00033
1.00022
1.00031
1.00051
1.00037
1.00037
1.00016
1.00033
1.00736
1.00399
1.00904
1.00044
1.00029
1.00043
1.00024
1.00013
1.00445
1.00053
1.00034
1.00049
1.00042
1.00038
1.00303
1.00773
1.0002
1.00043
1.00031
1.00026
1.00042
1.0003
1.00035
1.00438
1.00033
1.00039
1.00036
1.00031
1.0005
1.00027
1.0003
1.00037
1.00028
1.00055
1.00046
1.00074
1.00039
1.00044
1.00029
1.00034
1.00262
1.00029
1.00054
1.0003
1.00042
1.00576
1.00102
1.0069
1.00031
1.00031
1.00046
1.00039
1.00031
1.00412
1.00023
1.00732
1.00044
1.001
1.00065
1.00026
1.00038
1.00032
1.00029
1.02562
1.0003
1.00029
1.00716
1.0003
1.00022
1.00041
1.00453
1.0003
1.00036
1.00039
1.00056
1.0004
1.00031
1.0028
1.00029
1.00029
1.00036
1.00062
1.02316
1.00052
1.0002
1.01153
1.00048
1.00061
1.00032
1.00608
1.00778
1.00985
1.00043
1.0157
1.00033
1.00038
1.00031
1.00045
1.01953
1.00048
1.00045
1.00204
1.00061
1.00033
1.00024
1.00431
1.00065
1.00027
1.00531
1.00048
1.00048
1.00031
1.00026
1.01042
1.00406
1.0003
1.00452
1.00048
1.00038
1.00028
1.00671
1.00036
1.01477
1.00046
1.00038
1.00029
1.0003
1.00366
1.00033
1.00049
1.00018
1.00033
1.03977
1.00033
1.00056
1.00039
1.00052
1.00028
1.00035
1.00042
1.00047
1.00857
1.00048
1.00037
1.00119
1.00045
1.00772
1.00036
1.00044
1.00054
1.00606
1.00025
1.00439
1.00034
1.00031
1.00124
1.00035
1.00039
1.00027
1.0003
1.00655
1.0003
1.00577
1.00068
1.00024
1.00043
1.00023
1.00029
1.00237
1.00028
1.00055
1.00034
1.00018
1.00874
1.00034
1.00046
1.00023
1.00033
1.00037
1.00199
1.00053
1.00041
1.00054
1.00042
1.00039
1.00052
1.00644
1.00023
1.00042
1.00166
1.01165
1.00054
1.00071
1.00432
1.01504
1.00033
1.04007
1.00034
1.00025
1.00029
1.0004
1.00372
1.00028
1.00101
1.00066
1.0013
1.00591
1.00027
1.0003
1.01194
1.0005
1.00652
1.01026
1.00059
1.00033
1.0003
1.0006
1.0003
1.00035
1.00275
1.00039
1.00059
1.00027
1.00817
1.00057
1.00037
1.00046
1.01713
1.00091
1.00031
1.00045
1.00923
1.00042
1.00793
1.00036
1.02226
1.00025
1.00025
1.00032
1.00035
1.00047
1.00057
1.00033
1.00043
1.00058
1.00339
1.00064
1.00024
1.00051
1.00028
1.00057
1.00048
1.0006
1.00061
1.00054
1.00038
1.00058
1.01043
1.01329
1.00378
1.00379
1.00154
1.00042
1.00031
1.00211
1.00029
1.00039
1.0007
1.00018
1.00033
1.00426
1.00688
1.00033
1.00132
1.00021
1.00027
1.00043
1.0008
1.00035
1.00035
1.01443
1.00419
1.00035
1.00396
1.00047
1.00801
1.0003
1.00041
1.00018
1.00469
1.02183
1.00035
1.00282
1.00538
1.00036
1.00057
1.00856
1.00428
1.00027
1.00205
1.00038
1.00018
1.0004
1.01398
1.00026
1.00205
1.00031
1.00079
1.00065
1.0003
1.00041
1.00056
1.00036
1.00034
1.0033
1.00022
1.00042
1.00023
1.00022
1.00033
1.00407
1.00024
1.00043
1.00044
1.0003
1.00067
1.00849
1.00221
1.00034
2.58155
1.5563
1.64859
1.54543
1.53607
1.47257
1.69162
1.63811
1.64268
1.97382
1.78719
1.786
1.67194
1.55255
1.43178
1.77866
1.67964
1.65256
1.90382
1.63921
1.65916
2.26454
1.58982
1.81504
1.45182
1.46654
1.49702
1.57665
1.56831
1.85856
1.5622
1.60611
1.57841
1.39114
1.53822
1.8039
1.47115
1.5415
1.51116
1.41931
1.50352
1.38794
1.45478
1.94815
1.8357
1.58563
1.58172
1.78843
1.52009
1.54296
1.39549
1.50846
1.52156
1.57155
1.61452
1.48309
1.86909
1.7746
1.55333
1.47318
1.59414
1.75167
1.65
2.0474
1.5388
1.78214
1.78283
1.70048
2.03643
1.41161
1.70664
1.82316
1.73628
1.72987
1.66978
1.79448
1.57344
1.50865
1.5079
1.71464
1.72851
1.58725
1.61896
1.95751
1.69806
1.64316
1.55784
2.1983
1.35442
1.4667
1.50226
1.44231
1.37701
1.87774
1.62782
1.6638
1.62677
1.75826
1.51391
1.84888
1.77203
1.79724
1.5339
1.69456
1.6717
1.60658
1.41057
1.91012
1.44823
1.66342
1.68853
1.45854
1.56923
1.90844
1.71605
1.3454
1.44228
1.44323
1.4544
1.57364
1.41924
1.593
1.79176
1.56995
1.40558
1.94637
2.03198
1.95904
1.85814
1.48831
1.7963
1.60827
1.67113
1.57126
1.49888
1.56411
1.61206
1.38412
1.86355
1.25474
1.60604
1.52922
1.48608
1.39067
1.48262
1.59328
1.54606
1.62639
1.29946
1.64337
1.67759
1.44301
1.79133
1.60086
1.55882
1.58699
1.7142
1.97953
1.60207
1.65556
1.52111
1.92558
1.82442
1.87951
1.54142
1.62045
1.57218
1.52485
1.68213
1.47142
1.64521
1.44655
1.43382
1.54584
1.85495
1.80882
1.34439
1.56898
1.51343
1.53737
1.78184
1.59605
1.61854
1.39149
1.54813
1.42737
1.25535
1.65315
1.8312
1.95917
1.5778
1.59059
1.50656
1.73367
1.54845
1.50169
1.72868
1.30052
1.69632
1.62051
1.54046
1.39076
1.6305
1.56876
1.66529
1.66204
1.59103
1.55017
1.60143
1.74027
1.78585
1.51913
1.68049
2.06326
2.12376
1.80926
1.60518
1.70906
1.44563
1.62361
1.45822
2.08357
1.79657
1.88605
1.48577
1.92952
1.44999
1.62345
1.79182
1.69111
1.74908
1.74687
1.94516
1.52269
1.74811
1.89798
1.77033
1.63468
1.57939
1.46008
1.78685
1.7392
1.88019
1.59207
1.57606
1.45806
1.5636
1.94893
1.72509
1.97925
1.40161
1.28989
1.49674
1.49579
1.46702
1.40414
1.57975
1.67861
1.67796
1.45439
1.78077
1.46378
1.5438
1.83786
1.674
1.39
1.50981
1.46251
1.68739
1.51098
1.62736
1.47369
1.54776
1.96672
1.62353
1.77371
1.53766
1.7141
2.47851
1.98693
1.39691
1.6852
1.78423
1.61598
1.76723
1.44684
1.48106
1.66986
1.63485
1.51643
1.74262
1.68448
1.48429
1.69136
1.54042
1.70457
1.64054
1.69772
1.72119
1.33506
1.57754
1.72031
1.42809
1.81645
1.88395
1.5238
2.35241
1.59598
1.74597
1.92206
1.65573
1.50797
1.77409
1.62209
1.3652
1.42253
1.9009
1.6411
1.42353
1.49903
1.61206
1.36864
1.62441
1.47479
1.54175
1.37273
1.42151
1.48115
1.73091
1.51844
1.44409
1.61651
1.79415
1.60466
1.55022
1.60949
1.49204
1.69403
1.61655
1.77012
1.41581
1.69604
1.80702
1.79315
1.84085
1.44054
1.5202
1.80307
1.46271
1.65848
1.56544
1.53329
1.53262
1.52326
2.02008
1.67747
1.83232
1.80687
1.67965
1.55662
1.805
1.51652
1.68247
2.19056
1.44803
1.46082
2.04887
1.39781
1.57702
1.64409
1.67205
1.53004
1.81275
1.59838
1.76031
1.70019
2.1282
1.66427
1.53968
1.77834
1.63569
1.58904
1.53422
1.44367
1.76348
1.54631
1.51543
1.43756
1.57224
1.53965
1.46013
1.65822
1.47623
1.45569
2.05524
1.77775
1.49607
1.72573
1.61368
1.51591
1.49187
1.8218
1.9157
1.97622
1.50793
2.0598
1.60563
1.75218
1.63801
1.37361
1.46783
1.30938
1.5906
1.46419
1.87031
1.67638
1.55841
1.58651
1.36376
1.57999
1.81385
1.56751
1.36387
1.51005
1.57546
1.68463
1.65537
1.62811
1.69088
1.89059
1.44152
1.33454
1.85424
1.63904
1.68495
1.59709
1.5112
1.62322
1.44559
1.55304
1.43408
1.3421
1.62066
1.68497
1.62519
1.54058
1.61333
1.85778
1.61205
2.10248
1.58633
1.42577
1.73752
1.46801
1.54869
1.49282
1.8231
1.72809
1.33716
1.65739
1.54122
1.88004
1.64887
1.6594
1.5668
1.41809
1.77374
2.16663
1.43681
1.60871
1.65578
2.19551
1.56296
1.26158
1.59153
1.95847
1.84336
1.64713
1.34081
1.49845
1.63412
1.6486
1.47098
1.45106
1.77735
1.73359
1.64038
1.55027
1.53071
1.40101
1.78564
1.54462
1.52823
1.51739
1.55473
1.65204
1.66647
1.50736
1.56625
1.9197
2.10508
1.63793
1.60465
1.27716
1.84829
1.76679
1.83795
1.2361
1.62165
1.60645
1.62115
1.73291
1.50045
1.73485
1.80831
1.60131
1.79267
1.80356
1.90343
1.559
1.39479
1.38789
1.64933
1.97036
1.54674
1.38206
1.69137
1.61284
1.4817
1.50381
1.39148
1.5092
1.48046
1.33456
1.72325
1.76482
1.26346
1.48693
1.85493
1.56835
1.55702
1.45299
1.4506
1.98718
1.7747
1.79567
1.49413
1.52738
1.39041
1.73128
1.98091
1.35668
1.43725
1.51618
1.37375
1.51378
2.0975
1.75162
1.44641
1.86871
1.62307
1.59331
1.64871
1.85861
2.22653
1.51703
1.48834
1.69436
1.54949
1.72593
1.77016
1.86622
1.7735
1.55206
1.54138
1.61817
1.50828
1.50305
1.58293
1.50231
1.73127
1.71688
1.59589
1.71232
1.33112
1.8134
1.5074
1.49347
1.34859
1.57312
1.56089
1.99038
1.50481
1.55023
1.49375
1.62119
1.54926
1.90078
1.81654
1.60567
1.78434
1.4747
1.82509
1.51351
1.60856
1.38204
1.55566
1.90146
1.62086
1.43055
1.66086
1.55119
1.46366
1.60742
1.55111
1.53379
1.48956
1.56729
1.42715
1.93418
1.70878
1.50198
1.31767
1.61176
1.51465
1.78769
1.82429
1.55074
1.69964
1.73827
1.57882
1.45579
1.6221
1.43494
1.91043
1.99408
1.51103
1.64196
1.58962
1.76288
1.67309
1.71988
1.46703
1.99069
1.43693
1.78149
1.69603
1.6556
1.63516
1.5504
1.42509
1.41667
1.63634
1.3725
1.32503
1.37227
1.55734
1.52954
1.3472
1.53178
1.55433
1.90489
1.90122
1.52921
1.35401
1.50194
1.70651
1.72442
1.53163
1.29288
1.53626
1.75967
1.75486
1.80093
1.82228
1.46677
1.81128
1.40283
1.16648
1.73161
1.70469
1.581
1.71905
1.58977
1.55303
1.38412
1.77978
1.31257
1.65163
1.48428
1.5573
1.40812
1.5086
1.60457
1.68882
1.601
1.75173
1.6475
1.55216
1.82991
1.45352
1.43543
1.59229
1.50157
1.95605
1.54045
1.83873
1.62807
1.76924
1.58961
1.67223
1.80235
1.45055
1.86515
1.54656
1.90471
1.53689
1.50138
1.45068
1.45714
1.46905
1.61784
1.74084
1.52714
1.74048
1.4947
1.79023
1.66493
1.4441
1.8982
1.4328
1.55043
1.77836
1.47976
2.07284
1.60866
1.53877
1.70118
1.70605
1.54076
1.59601
1.52128
1.58215
1.49732
1.68747
1.88366
1.50735
1.66729
1.72298
1.50241
1.48062
1.59778
1.65077
1.81003
1.86787
1.36075
1.788
1.45407
1.95836
1.32124
1.73113
2.21094
1.50504
1.72116
1.53156
1.73806
1.56564
1.6118
1.8619
1.79441
1.5875
1.49482
1.82779
1.99942
1.61091
1.37661
1.542
1.64744
1.43673
1.37573
1.64139
1.81374
1.3922
1.46121
1.68928
1.69527
1.49948
1.71248
1.68527
1.45707
1.63419
1.32493
1.71006
2.27721
1.86686
1.56804
1.49693
1.63608
1.80477
1.72718
1.72273
1.40463
1.54714
2.76586
1.5889
1.68497
1.63651
1.3847
1.5169
1.78478
1.54461
1.77387
1.59844
1.71367
1.81138
1.84125
1.67749
2.05197
1.61184
1.87554
1.5685
1.83653
1.48627
1.70407
1.46563
1.43241
1.37779
1.69804
1.79378
1.49733
1.49182
1.68005
1.58953
1.35646
1.69881
1.35462
1.89917
1.45839
1.5779
1.26731
1.58509
1.62987
1.7899
1.28104
1.78099
1.69822
1.52762
1.4529
1.47891
1.57018
1.84873
1.76299
1.64896
1.65083
1.60803
1.77667
1.79939
1.68683
1.41676
1.53006
1.71046
1.9408
1.74202
1.70722
1.58302
1.59737
1.52497
2.77982
1.52239
1.52454
1.52971
1.51606
1.60622
1.53102
1.57216
1.86679
1.62201
1.9172
1.43552
1.64813
1.84669
1.74106
1.84236
1.87969
1.78662
1.64989
1.5003
1.89189
1.50856
1.54749
1.60135
1.56849
1.97871
1.43657
1.61107
1.98197
1.62198
1.71408
1.70495
1.93938
1.48666
1.73113
1.85671
1.62406
1.55787
1.65095
1.8234
1.3567
1.39978
1.59718
1.6219
1.70522
1.63167
1.70277
1.51725
1.68747
1.41597
1.72289
1.49144
1.81112
1.42871
1.70923
1.76233
1.52756
2.01441
1.84923
1.53598
1.74895
1.51573
1.75403
1.65648
1.52836
1.51703
1.79237
1.64286
2.35807
1.48438
1.59799
1.70897
1.29429
1.64243
1.44615
1.54765
1.45243
1.79253
1.28924
1.60782
1.69659
1.84144
1.62118
1.66049
1.95609
1.91699
1.65527
1.4066
1.64048
2.04096
1.56273
1.52354
1.3859
1.69748
2.23666
1.66907
1.42368
1.58923
1.58062
1.77055
1.51245
1.54898
1.41204
1.56368
1.52422
1.28852
1.48409
1.58628
1.43463
1.86519
1.66758
1.61894
1.51029
1.37816
1.65204
1.58662
1.61085
1.52676
1.46915
1.30966
1.81991
1.43028
1.48146
1.55616
1.67211
1.40064
1.60771
1.79884
1.46985
1.71038
1.75967
1.48332
1.42941
2.58155
1.5563
1.64859
1.54543
1.53607
1.47257
1.69162
1.63811
1.64268
1.97382
1.78719
1.786
1.67194
1.55255
1.43178
1.77866
1.67964
1.65256
1.90382
1.63921
1.65916
2.26454
1.58982
1.81504
1.45182
1.46654
1.49702
1.57665
1.56831
1.85856
1.5622
1.60611
1.57841
1.39114
1.53822
1.8039
1.47115
1.5415
1.51116
1.41931
1.50352
1.38794
1.45478
1.94815
1.8357
1.58563
1.58172
1.78843
1.52009
1.54296
1.39549
1.50846
1.52156
1.57155
1.61452
1.48309
1.86909
1.7746
1.55333
1.47318
1.59414
1.75167
1.65
2.0474
1.5388
1.78214
1.78283
1.70048
2.03643
1.41161
1.70664
1.82316
1.73628
1.72987
1.66978
1.79448
1.57344
1.50865
1.5079
1.71464
1.72851
1.58725
1.61896
1.95751
1.69806
1.64316
1.55784
2.1983
1.35442
1.4667
1.50226
1.44231
1.37701
1.87774
1.62782
1.6638
1.62677
1.75826
1.51391
1.84888
1.77203
1.79724
1.5339
1.69456
1.6717
1.60658
1.41057
1.91012
1.44823
1.66342
1.68853
1.45854
1.56923
1.90844
1.71605
1.3454
1.44228
1.44323
1.4544
1.57364
1.41924
1.593
1.79176
1.56995
1.40558
1.94637
2.03198
1.95904
1.85814
1.48831
1.7963
1.60827
1.67113
1.57126
1.49888
1.56411
1.61206
1.38412
1.86355
1.25474
1.60604
1.52922
1.48608
1.39067
1.48262
1.59328
1.54606
1.62639
1.29946
1.64337
1.67759
1.44301
1.79133
1.60086
1.55882
1.58699
1.7142
1.97953
1.60207
1.65556
1.52111
1.92558
1.82442
1.87951
1.54142
1.62045
1.57218
1.52485
1.68213
1.47142
1.64521
1.44655
1.43382
1.54584
1.85495
1.80882
1.34439
1.56898
1.51343
1.53737
1.78184
1.59605
1.61854
1.39149
1.54813
1.42737
1.25535
1.65315
1.8312
1.95917
1.5778
1.59059
1.50656
1.73367
1.54845
1.50169
1.72868
1.30052
1.69632
1.62051
1.54046
1.39076
1.6305
1.56876
1.66529
1.66204
1.59103
1.55017
1.60143
1.74027
1.78585
1.51913
1.68049
2.06326
2.12376
1.80926
1.60518
1.70906
1.44563
1.62361
1.45822
2.08357
1.79657
1.88605
1.48577
1.92952
1.44999
1.62345
1.79182
1.69111
1.74908
1.74687
1.94516
1.52269
1.74811
1.89798
1.77033
1.63468
1.57939
1.46008
1.78685
1.7392
1.88019
1.59207
1.57606
1.45806
1.5636
1.94893
1.72509
1.97925
1.40161
1.28989
1.49674
1.49579
1.46702
1.40414
1.57975
1.67861
1.67796
1.45439
1.78077
1.46378
1.5438
1.83786
1.674
1.39
1.50981
1.46251
1.68739
1.51098
1.62736
1.47369
1.54776
1.96672
1.62353
1.77371
1.53766
1.7141
2.47851
1.98693
1.39691
1.6852
1.78423
1.61598
1.76723
1.44684
1.48106
1.66986
1.63485
1.51643
1.74262
1.68448
1.48429
1.69136
1.54042
1.70457
1.64054
1.69772
1.72119
1.33506
1.57754
1.72031
1.42809
1.81645
1.88395
1.5238
2.35241
1.59598
1.74597
1.92206
1.65573
1.50797
1.77409
1.62209
1.3652
1.42253
1.9009
1.6411
1.42353
1.49903
1.61206
1.36864
1.62441
1.47479
1.54175
1.37273
1.42151
1.48115
1.73091
1.51844
1.44409
1.61651
1.79415
1.60466
1.55022
1.60949
1.49204
1.69403
1.61655
1.77012
1.41581
1.69604
1.80702
1.79315
1.84085
1.44054
1.5202
1.80307
1.46271
1.65848
1.56544
1.53329
1.53262
1.52326
2.02008
1.67747
1.83232
1.80687
1.67965
1.55662
1.805
1.51652
1.68247
2.19056
1.44803
1.46082
2.04887
1.39781
1.57702
1.64409
1.67205
1.53004
1.81275
1.59838
1.76031
1.70019
2.1282
1.66427
1.53968
1.77834
1.63569
1.58904
1.53422
1.44367
1.76348
1.54631
1.51543
1.43756
1.57224
1.53965
1.46013
1.65822
1.47623
1.45569
2.05524
1.77775
1.49607
1.72573
1.61368
1.51591
1.49187
1.8218
1.9157
1.97622
1.50793
2.0598
1.60563
1.75218
1.63801
1.37361
1.46783
1.30938
1.5906
1.46419
1.87031
1.67638
1.55841
1.58651
1.36376
1.57999
1.81385
1.56751
1.36387
1.51005
1.57546
1.68463
1.65537
1.62811
1.69088
1.89059
1.44152
1.33454
1.85424
1.63904
1.68495
1.59709
1.5112
1.62322
1.44559
1.55304
1.43408
1.3421
1.62066
1.68497
1.62519
1.54058
1.61333
1.85778
1.61205
2.10248
1.58633
1.42577
1.73752
1.46801
1.54869
1.49282
1.8231
1.72809
1.33716
1.65739
1.54122
1.88004
1.64887
1.6594
1.5668
1.41809
1.77374
2.16663
1.43681
1.60871
1.65578
2.19551
1.56296
1.26158
1.59153
1.95847
1.84336
1.64713
1.34081
1.49845
1.63412
1.6486
1.47098
1.45106
1.77735
1.73359
1.64038
1.55027
1.53071
1.40101
1.78564
1.54462
1.52823
1.51739
1.55473
1.65204
1.66647
1.50736
1.56625
1.9197
2.10508
1.63793
1.60465
1.27716
1.84829
1.76679
1.83795
1.2361
1.62165
1.60645
1.62115
1.73291
1.50045
1.73485
1.80831
1.60131
1.79267
1.80356
1.90343
1.559
1.39479
1.38789
1.64933
1.97036
1.54674
1.38206
1.69137
1.61284
1.4817
1.50381
1.39148
1.5092
1.48046
1.33456
1.72325
1.76482
1.26346
1.48693
1.85493
1.56835
1.55702
1.45299
1.4506
1.98718
1.7747
1.79567
1.49413
1.52738
1.39041
1.73128
1.98091
1.35668
1.43725
1.51618
1.37375
1.51378
2.0975
1.75162
1.44641
1.86871
1.62307
1.59331
1.64871
1.85861
2.22653
1.51703
1.48834
1.69436
1.54949
1.72593
1.77016
1.86622
1.7735
1.55206
1.54138
1.61817
1.50828
1.50305
1.58293
1.50231
1.73127
1.71688
1.59589
1.71232
1.33112
1.8134
1.5074
1.49347
1.34859
1.57312
1.56089
1.99038
1.50481
1.55023
1.49375
1.62119
1.54926
1.90078
1.81654
1.60567
1.78434
1.4747
1.82509
1.51351
1.60856
1.38204
1.55566
1.90146
1.62086
1.43055
1.66086
1.55119
1.46366
1.60742
1.55111
1.53379
1.48956
1.56729
1.42715
1.93418
1.70878
1.50198
1.31767
1.61176
1.51465
1.78769
1.82429
1.55074
1.69964
1.73827
1.57882
1.45579
1.6221
1.43494
1.91043
1.99408
1.51103
1.64196
1.58962
1.76288
1.67309
1.71988
1.46703
1.99069
1.43693
1.78149
1.69603
1.6556
1.63516
1.5504
1.42509
1.41667
1.63634
1.3725
1.32503
1.37227
1.55734
1.52954
1.3472
1.53178
1.55433
1.90489
1.90122
1.52921
1.35401
1.50194
1.70651
1.72442
1.53163
1.29288
1.53626
1.75967
1.75486
1.80093
1.82228
1.46677
1.81128
1.40283
1.16648
1.73161
1.70469
1.581
1.71905
1.58977
1.55303
1.38412
1.77978
1.31257
1.65163
1.48428
1.5573
1.40812
1.5086
1.60457
1.68882
1.601
1.75173
1.6475
1.55216
1.82991
1.45352
1.43543
1.59229
1.50157
1.95605
1.54045
1.83873
1.62807
1.76924
1.58961
1.67223
1.80235
1.45055
1.86515
1.54656
1.90471
1.53689
1.50138
1.45068
1.45714
1.46905
1.61784
1.74084
1.52714
1.74048
1.4947
1.79023
1.66493
1.4441
1.8982
1.4328
1.55043
1.77836
1.47976
2.07284
1.60866
1.53877
1.70118
1.70605
1.54076
1.59601
1.52128
1.58215
1.49732
1.68747
1.88366
1.50735
1.66729
1.72298
1.50241
1.48062
1.59778
1.65077
1.81003
1.86787
1.36075
1.788
1.45407
1.95836
1.32124
1.73113
2.21094
1.50504
1.72116
1.53156
1.73806
1.56564
1.6118
1.8619
1.79441
1.5875
1.49482
1.82779
1.99942
1.61091
1.37661
1.542
1.64744
1.43673
1.37573
1.64139
1.81374
1.3922
1.46121
1.68928
1.69527
1.49948
1.71248
1.68527
1.45707
1.63419
1.32493
1.71006
2.27721
1.86686
1.56804
1.49693
1.63608
1.80477
1.72718
1.72273
1.40463
1.54714
2.76586
1.5889
1.68497
1.63651
1.3847
1.5169
1.78478
1.54461
1.77387
1.59844
1.71367
1.81138
1.84125
1.67749
2.05197
1.61184
1.87554
1.5685
1.83653
1.48627
1.70407
1.46563
1.43241
1.37779
1.69804
1.79378
1.49733
1.49182
1.68005
1.58953
1.35646
1.69881
1.35462
1.89917
1.45839
1.5779
1.26731
1.58509
1.62987
1.7899
1.28104
1.78099
1.69822
1.52762
1.4529
1.47891
1.57018
1.84873
1.76299
1.64896
1.65083
1.60803
1.77667
1.79939
1.68683
1.41676
1.53006
1.71046
1.9408
1.74202
1.70722
1.58302
1.59737
1.52497
2.77982
1.52239
1.52454
1.52971
1.51606
1.60622
1.53102
1.57216
1.86679
1.62201
1.9172
1.43552
1.64813
1.84669
1.74106
1.84236
1.87969
1.78662
1.64989
1.5003
1.89189
1.50856
1.54749
1.60135
1.56849
1.97871
1.43657
1.61107
1.98197
1.62198
1.71408
1.70495
1.93938
1.48666
1.73113
1.85671
1.62406
1.55787
1.65095
1.8234
1.3567
1.39978
1.59718
1.6219
1.70522
1.63167
1.70277
1.51725
1.68747
1.41597
1.72289
1.49144
1.81112
1.42871
1.70923
1.76233
1.52756
2.01441
1.84923
1.53598
1.74895
1.51573
1.75403
1.65648
1.52836
1.51703
1.79237
1.64286
2.35807
1.48438
1.59799
1.70897
1.29429
1.64243
1.44615
1.54765
1.45243
1.79253
1.28924
1.60782
1.69659
1.84144
1.62118
1.66049
1.95609
1.91699
1.65527
1.4066
1.64048
2.04096
1.56273
1.52354
1.3859
1.69748
2.23666
1.66907
1.42368
1.58923
1.58062
1.77055
1.51245
1.54898
1.41204
1.56368
1.52422
1.28852
1.48409
1.58628
1.43463
1.86519
1.66758
1.61894
1.51029
1.37816
1.65204
1.58662
1.61085
1.52676
1.46915
1.30966
1.81991
1.43028
1.48146
1.55616
1.67211
1.40064
1.60771
1.79884
1.46985
1.71038
1.75967
1.48332
1.42941
