0.515184
0.524289
0.538026
0.550956
0.554418
0.566115
0.578566
0.578401
0.591041
0.610436
0.608328
0.611285
0.619787
0.62592
0.642561
0.645552
0.656168
0.656385
0.656386
0.398487
0.399548
0.399548
0.396086
0.408868
0.396083
0.414499
0.415156
0.409126
0.396083
0.402429
0.402429
0.402429
0.396083
0.396083
0.396083
0.396083
0.415074
0.402446
0.396109
0.396088
0.393651
0.39695
0.394533
0.393651
0.394533
0.393655
0.393676
0.493535
0.400221
0.393653
0.409455
0.423062
0.423062
0.423062
0.423062
0.497603
0.469231
0.42395
0.423158
0.423062
0.423062
0.423957
0.423953
0.436367
0.436367
0.436367
0.436367
0.43298
0.43298
0.43298
0.436367
0.433415
0.433026
0.432985
0.43298
0.432983
0.432983
0.758913
0.75665
0.432983
0.432983
0.482941
0.649734
0.281966
0.268378
0.999942
0.962736
0.936758
0.936782
0.319167
0.319167
0.319167
0.260411
0.260411
0.260411
0.260412
0.265485
0.26041
0.26041
0.251455
0.251452
