<<<<<<< HEAD
0.00119922
0.00154198
0.00231659
0.00428719
0.010156
0.0182436
0.0267552
0.0502046
0.00188966
0.00130764
0.0013165
0.000429089
0.000366454
0.00311805
0.0030396
0.00311125
0.00283301
0.00253409
0.00238255
0.00294703
0.0046296
0.0024473
0.00453186
0.0102813
0.00528797
0.012118
0.0049654
0.00223788
0.0015544
0.00234825
0.0022768
0.00275543
0.00857893
=======
0.0044711
0.00335247
0.00302715
0.00309946
0.00346698
0.00383604
0.00445712
0.00475961
0.00543798
0.00578694
0.00626487
0.00630868
0.00683934
0.00771761
0.00780034
0.00727038
0.00777013
0.00817359
>>>>>>> dynamicMatrix
-1
-1
-1
0.0148671
0.0279275
0.0148998
0.0145393
0.0279596
0.0203418
0.0145902
0.0147513
0.0145181
0.0145496
0.0145406
0.0142711
0.0148716
0.0144965
