0.314029
0.186923
0.309919
0.230797
0.342383
0.182634
0.310343
0.165425
0.182462
0.424892
0.228004
0.277815
0.188535
0.279342
0.246217
0.286541
0.199646
0.163393
0.249175
0.246576
0.212774
0.458595
0.176088
0.393215
0.247216
0.244341
0.260238
0.180348
0.360536
0.160651
0.307548
0.264403
0.277147
0.162628
0.184176
0.29216
0.186734
0.185711
0.412577
0.158297
0.305676
0.196435
0.185628
0.197288
0.191833
0.242588
0.275131
0.181894
0.256056
0.191733
0.467008
0.306402
0.211362
0.298906
0.194336
0.214844
0.18901
0.284378
0.245146
0.196932
0.193922
0.185171
0.249427
0.344642
0.206214
0.155015
0.183746
0.223757
0.207082
0.190627
0.15737
0.310655
0.174789
0.370328
0.235959
0.438202
0.251791
0.160014
0.196954
0.294625
0.190239
0.31888
0.285782
0.250323
0.182102
0.399605
0.278738
0.337428
0.227401
0.168482
0.160281
0.287426
0.284144
