1.04197
1.0399
1.00216
1.05954
1.00479
1.01354
1.07756
1.06144
1.03369
1.07982
1.02819
1.01159
1.04836
1.05052
1.03364
1.01879
1.04634
1.0269
1.04339
1.02935
1.06565
1.04823
1.01791
1.00472
1.01588
1.0356
1.04515
1.0318
1.10286
1.08133
1.01336
1.03034
1.02028
1.00424
1.01032
1.01568
1.01088
1.04222
1.0608
1.0662
1.04809
1.00941
1.00375
1.02686
1.02526
1.08182
1.07116
1.03296
1.03651
1.0175
1.04049
1.051
1.01822
1.02525
1.04371
1.03106
1.07603
1.01332
1.00001
1.043
1.05336
1.08293
1.05482
1.07852
1.00621
1.03786
1.06693
1.01308
1.02275
1.05301
1.07195
1.08838
1.00727
1.02214
1.0732
1.09438
1.02426
1.08032
1.06565
1.05476
1.06873
1.01604
1.03741
1.00037
1.06394
1.00241
1.00286
1.04104
1.05252
1.00833
1.10353
1.01654
1.07809
1.02638
1.04509
1.03261
1.00598
1.04052
1.01538
1.02118
1.00804
1.04884
1.03037
1.02434
1.03928
1.0566
1.06794
1.04396
1.00811
1.00299
1.01552
1.00273
1.01669
1.01649
1.02425
1.02871
1.11419
1.07338
1.02748
1.02259
1.08708
1.03099
1.02321
1.01844
1.0278
1.06564
1.01848
1.05561
1.04344
1.0208
1.01907
1.05687
1.06291
1.00583
1.04362
1.01628
1.11072
1.01185
1.06675
1.0321
1.03735
1.03448
1.00726
1.02519
1.01613
1.07101
1.05482
1.01139
1.036
1.00273
1.03596
1.01071
1.01385
1.02461
1.01428
1.01376
1.04627
1.00633
1.03529
1.00259
1.02441
1.00546
1.02437
1.06784
1.0457
1.03337
1.00431
1.07098
1.02481
1.03555
1.05358
1.03537
1.09564
1.01274
1.11579
1.04924
1.0462
1.01614
1.01361
1.03991
1.01097
1.04493
1.05014
1.011
1.03907
1.03421
1.03272
1.01085
1.02243
1.01702
1.02472
1.02087
1.01933
1.08734
1.05052
1.01708
1.02665
1.02593
1.04711
1.00267
1.07791
1.02475
1.01043
1.00393
1.03313
1.04068
1.02819
1.00782
1.08525
1.05033
1.01399
1.01795
1.01765
1.004
1.05411
1.01679
1.05304
1.03082
1.07443
1.0405
1.01596
1.04486
1.05768
1.0113
1.03851
1.03616
1.14802
1.04112
1.01448
1.14228
1.02632
1.04176
1.01232
1.01494
1.03777
1.07125
1.0639
1.00198
1.04537
1.0156
1.027
1.07082
1.04453
1.05591
1.01951
1.04986
1.031
1.02349
1.03134
1.00526
1.01571
1.01699
1.07396
1.03402
1.05549
1.13303
1.03055
1.01697
1.0391
1.01844
1.01552
1.08228
1.0385
1.02519
1.03561
1.03846
1.07806
1.0093
1.00104
1.04341
1.02204
1.02071
1.13452
1.04435
1.01754
1.03179
1.18856
1.00885
1.04207
1.01796
1.02903
1.05376
1.00863
1.04703
1.00645
1.01447
1.02923
1.03704
1.01869
1.03733
1.02161
1.00096
1.01807
1.01257
1.01332
1.07415
1.01248
1.01893
1.00871
1.04017
1.02122
1.08024
1.00218
1.03725
1.00881
1.00255
1.07541
1.03812
1.06056
1.20412
1.01913
1.03896
1.02325
1.03067
1.04116
1.03416
1.03889
1.03962
1.00643
1.00643
1.06756
1.01655
1.00621
1.0001
1.0066
1.03661
1.02424
1.08592
1.04554
1.01337
1.03544
1.09588
1.05575
1.05471
1.02131
1.02122
1.01383
1.06175
1.00004
1.00511
1.00298
1.04618
1.0308
1.03022
1.01002
1.06604
1.02656
1.04482
1.08133
1.01407
1.04368
1.01053
1.00888
1.04186
1.04787
1.06882
1.01023
1.07108
1.01662
1.11948
1.06005
1.03594
1.03516
1.09486
1.0033
1.04684
1.04027
1.06556
1.00076
1.02341
1.00728
1.13083
1.0314
1.0267
1.01565
1.03364
1.00066
1.03759
1.00072
1.11532
1.00736
1.00922
1.0754
1.08489
1.07423
1.03903
1.03935
1.00256
1.03003
1.05818
1.03419
1.05416
1.03602
1.03304
1.02522
1.02021
1.02223
1.02913
1.06549
1.00179
1.05357
1.00677
1.03141
1.02376
1.00741
1.01461
1.0421
1.02409
1.05902
1.00159
1.05317
1.16355
1.02806
1.01412
1.02156
1.01573
1.01502
1.07954
1.02867
1.01946
1.06396
1.03185
1.0896
1.02591
1.00574
1.02235
1.02318
1.03194
1.05982
1.10073
1.03222
1.02307
1.06356
1.02837
1.04345
1.00954
1.02308
1.07749
1.01083
1.00815
1.04012
1.02576
1.02228
1.03039
1.04302
1.0312
1.06172
1.02112
1.05075
1.02818
1.0969
1.0258
1.0349
1.01232
1.10322
1.04001
1.04496
1.05767
1.00233
1.0183
1.00828
1.01445
1.02049
1.00193
1.01576
1.04346
1.0605
1.03666
1.00681
1.01352
1.05429
1.03279
1.02969
1.00952
1.02361
1.05175
1.03688
1.01807
1.00693
1.06534
1.0239
1.00048
1.03331
1.04459
1.04191
1.01368
1.04913
1.03178
1.03906
1.01553
1.04756
1.05729
1.03058
1.05115
1.03389
1.01099
1.03
1.02084
1.11658
1.09137
1.07233
1.03752
1.01383
1.08567
1.03395
1.02023
1.01754
1.07281
1.04876
1.0613
1.04175
1.01139
1.00691
1.0224
1.01448
1.07574
1.02315
1.06048
1.06104
1.06014
1.01764
1.02932
1.06697
1.04588
1.01851
1.02243
1.01995
1.02826
1.03314
1.07541
1.04917
1.0595
1.03265
1.04848
1.1286
1.06554
1.08106
1.056
1.06919
1.04904
1.03398
1.04737
1.10324
1.03193
1.02899
1.04573
1.08145
1.03402
1.00482
1.01552
1.06052
1.11115
1.10216
1.0279
1.05394
1.06594
1.01528
1.01169
1.07951
1.01411
1.02577
1.02436
1.09575
1.07504
1.03744
1.04405
1.04009
1.01351
1.06571
1.03474
1.03205
1.00019
1.02843
1.06794
1.02975
1.0787
1.04369
1.00664
1.06158
1.07995
1.05416
1.08868
1.02676
1.00883
1.00209
1.0791
1.01973
1.01245
1.01962
1.01819
1.05861
1.02597
1.0284
1.02271
1.01392
1.01967
1.04584
1.04287
1.04231
1.07968
1.08024
1.04732
1.00128
1.12492
1.00175
1.03657
1.01083
1.07245
1.04693
1.0342
1.02223
1.01565
1.00635
1.01803
1.05956
1.07772
1.03362
1.06407
1.07236
1.03749
1.07518
1.03423
1.02842
1.02233
1.00812
1.00327
1.04851
1.09308
1.00418
1.01688
1.00165
1.00285
1.04966
1.042
1.00631
1.04159
1.00067
1.21534
1.01665
1.02256
1.02612
1.02474
1.08592
1.00842
1.05691
1.07578
1.07678
1.07335
1.01307
1.02542
1.01114
1.02682
1.06658
1.04723
1.00029
1.02681
1.02016
1.01256
1.04864
1.03747
1.06037
1.01466
1.00605
1.03936
1.07677
1.04674
1.05422
1.00132
1.03241
1.03733
1.05861
1.0183
1.00966
1.06031
1.02587
1.08165
1.00265
1.04458
1.07913
1.02625
1.15166
1.02765
1.05452
1.01683
1.00707
1.01797
1.0819
1.01919
1.0442
1.05195
1.04232
1.14104
1.07238
1.04559
1.0526
1.03269
1.02875
1.00354
1.00367
1.00213
1.05637
1.02094
1.06421
1.04764
1.03238
1.04803
1.04929
1.02943
1.02483
1.01754
1.08754
1.04515
1.01221
1.06632
1.02176
1.06042
1.0401
1.00563
1.01496
1.01912
1.03943
1.05567
1.01418
1.01663
1.00218
1.06524
1.14037
1.00964
1.00142
1.05033
1.06318
1.04629
1.01328
1.03546
1.07687
1.01009
1.00773
1.0374
1.08266
1.0318
1.02407
1.04103
1.04095
1.01311
1.00377
1.00462
1.07295
1.03986
1.01431
1.04006
1.03407
1.03842
1.04419
1.02225
1.06925
1.0775
1.09136
1.01533
1.03665
1.04292
1.10983
1.00267
1.01375
1.02636
1.0503
1.02364
1.02921
1.00408
1.06389
1.01321
1.03551
1.04367
1.02948
1.04791
1.07295
1.00737
1.02267
1.05018
1.03355
1.05933
1.01728
1.00719
1.02169
1.01235
1.11546
1.04075
1.02498
1.02747
1.06291
1.14472
1.06623
1.00766
1.07093
1.0421
1.05498
1.00939
1.0087
1.03591
1.00872
1.04945
1.02849
1.01246
1.03504
1.02604
1.01167
1.06685
1.04586
1.0617
1.06724
1.02982
1.00956
1.05092
1.02299
1.03391
1.07729
1.04175
1.02854
1.05701
1.03529
1.05735
1.04514
1.0764
1.01538
1.04136
1.07981
1.05595
1.05536
1.02997
1.04328
1.00595
1.05448
1.05995
1.00307
1.03822
1.08593
1.01459
1.02503
1.02745
1.00568
1.02702
1.02619
1.00011
1.04029
1.0785
1.0724
1.05811
1.05022
1.03133
1.02722
1.00433
1.03083
1.06577
1.01601
1.06235
1.03402
1.0166
1.05497
1.02998
1.0365
1.02968
1.00025
1.08959
1.02812
1.04787
1.04399
1.00667
1.03357
1.01667
1.00211
1.04641
1.01709
1.02856
1.0057
1.05634
1.06849
1.00481
1.06592
1.02076
1.05614
1.04936
1.03076
1.05772
1.03957
1.03975
1.03044
1.01058
1.04868
1.03533
1.02801
1.05204
1.03166
1.02848
1.02848
1.02432
1.06166
1.0852
1.00343
1.03056
1.00353
1.04559
1.10999
1.00163
1.06452
1.02928
1.00959
1.04526
1.12064
1.0058
1.0016
1.06864
1.05838
1.00534
1.07137
1.08069
1.0493
1.01133
1.00991
1.0141
1.0351
1.06593
1.07828
1.02827
1.10335
1.04415
1.02308
1.00079
1.01472
1.06552
1.07381
1.01826
1.04187
1.06702
1.04098
1.01908
1.05718
1.02824
1.03144
1.0086
1.13776
1.06492
1.05823
1.04983
1.01839
1.10687
1.002
1.03714
1.07199
1.03009
1.06636
1.02141
1.04223
1.03415
1.04775
1.0396
1.02049
1.01711
1.04242
1.00224
1.02821
1.04165
1.00038
1.08944
1.01664
1.00514
1.062
1.0128
1.07841
1.0113
1.03309
1.0358
1.00425
1.00467
1.03346
1.04547
1.06376
1.00148
1.01312
1.0818
1.07145
1.01829
1.07364
1.04983
1.04986
1.03438
1.04053
1.06325
1.06179
1.05566
1.02934
1.00408
1.02178
1.01516
1.07445
1.00635
1.06175
1.01597
1.04778
1.06369
1.00999
1.06079
