1.00344
1.018
1.01025
1.04138
1.00064
1.07629
1.01607
1.04649
1.14443
1.01041
1.02779
1.03474
1.07771
1.05878
1.05404
1.04043
1.03677
1.00206
1.02239
1.01825
1.00173
1.06107
1.08255
1.02373
1.04876
1.04519
1.01988
1.07161
1.02476
1.1173
1.0164
1.06042
1.07297
1.05269
1.01914
1.11338
1.04355
1.00775
1.02432
1.07024
1.05372
1.00871
1.02977
1.04119
1.03195
1.06489
1.06418
1.0435
1.01679
1.05104
1.0736
1.00671
1.02669
1.03619
1.01207
1.00031
1.06245
1.01558
1.02746
1.01416
1.04522
1.07678
1.03587
1.01334
1.06391
1.02739
1.0252
1.0461
1.06932
1.01167
1.00171
1.017
1.0757
1.03926
1.00671
1.08487
1.02733
1.03297
1.05679
1.00247
1.04197
1.00898
1.07643
1.01533
1.0563
1.01614
1.05186
1.15294
1.02554
1.06888
1.02339
1.05419
1.06223
1.01971
1.075
1.01054
1.03721
1.06369
1.0839
1.06163
1.07665
1.02986
1.00622
1.01962
1.09671
1.0288
1.02539
1.05153
1.02346
1.07101
1.00664
1.03978
1.07395
1.08504
1.04346
1.05033
1.0351
1.05751
1.06126
1.02347
1.04239
1.06327
1.05018
1.06154
1.00446
1.00032
1.03964
1.02241
1.01538
1.03754
1.02759
1.05617
1.03321
1.0311
1.04814
1.04122
1.04326
1.10768
1.05743
1.04304
1.0113
1.03982
1.00592
1.00087
1.06992
1.02857
1.0568
1.0905
1.01402
1.11254
1.04077
1.04241
1.03371
1.03741
1.00517
1.04719
1.02633
1.03464
1.08488
1.00463
1.02948
1.01079
1.03261
1.06842
1.04222
1.03426
1.00754
1.02432
1.03916
1.01627
1.03534
1.00796
1.06197
1.01427
1.08585
1.07361
1.03011
1.06657
1.0131
1.02259
1.03252
1.04388
1.02044
1.01973
1.03243
1.00147
1.01652
1.07556
1.07204
1.02241
1.05087
1.00087
1.05116
1.01857
1.06434
1.04715
1.01758
1.019
1.05442
1.06863
1.08078
1.06339
1.00426
1.01868
1.06015
1.04268
1.00408
1.02811
1.10321
1.0198
1.05392
1.06081
1.11456
1.08435
1.05923
1.07341
1.06993
1.02495
1.02531
1.04627
1.03967
1.10661
1.0132
1.07577
1.07684
1.00572
1.04565
1.02139
1.03688
1.06084
1.00745
1.01879
1.08574
1.07869
1.07078
1.02697
1.0303
1.06725
1.01644
1.15799
1.03745
1.0582
1.12682
1.02304
1.00246
1.00928
1.00337
1.02797
1.00317
1.13619
1.01003
1.0369
1.07304
1.03922
1.00382
1.05321
1.0489
1.03352
1.09383
1.03779
1.0667
1.03098
1.00882
1.00976
1.02704
1.07512
1.05434
1.0574
1.04649
1.03224
1.03311
1.00832
1.02151
1.01823
1.0512
1.02669
1.00613
1.01575
1.01702
1.07273
1.07489
1.02773
1.02052
1.03784
1.02668
1.03103
1.06631
1.00488
1.07039
1.06312
1.01773
1.0316
1.0003
1.05487
1.09715
1.00845
1.01042
1.01328
1.07964
1.06076
1.02579
1.02991
1.00948
1.0507
1.02997
1.03377
1.03181
1.0406
1.03784
1.04183
1.03769
1.04586
1.04495
1.06789
1.01476
1.01239
1.03489
1.04617
1.08677
1.04582
1.04024
1.01616
1.10079
1.05662
1.0109
1.05134
1.02122
1.00885
1.07122
1.03627
1.02419
1.05924
1.03071
1.05189
1.02759
1.01026
1.02086
1.03019
1.03101
1.04963
1.02221
1.03676
1.02762
1.08855
1.01138
1.02787
1.06035
1.01379
1.00331
1.02059
1.05313
1.08842
1.04022
1.01954
1.02192
1.06304
1.03639
1.0519
1.05337
1.00733
1.03355
1.00084
1.07136
1.02233
1.08
1.10388
1.04334
1.02394
1.03972
1.03465
1.06471
1.03505
1.03161
1.0611
1.00698
1.04053
1.05927
1.04253
1.05187
1.015
1.0141
1.01743
1.01949
1.06775
1.0652
1.00777
1.00484
1.01142
1.01947
1.01902
1.0378
1.02673
1.06025
1.03321
1.03641
1.03384
1.04706
1.06214
1.05013
1.00292
1.00471
1.0785
1.03852
1.12175
1.06666
1.0295
1.01847
1.04731
1.03688
1.0683
1.04331
1.01312
1.06812
1.00766
1.02828
1.03191
1.03354
1.05736
1.01292
1.06592
1.02414
1.05737
1.05367
1.06156
1.00132
1.02718
1.01371
1.03233
1.03113
1.01998
1.02536
1.06235
1.03756
1.08248
1.03102
1.05751
1.03543
1.01585
1.0049
1.02526
1.01492
1.05579
1.01239
1.01985
1.16424
1.04256
1.00052
1.10234
1.0009
1.03736
1.02664
1.05689
1.02698
1.06902
1.04867
1.02327
1.00211
1.07573
1.06483
1.05529
1.06612
1.01733
1.04328
1.04041
1.18682
1.04451
1.00061
1.05916
1.01055
1.0381
1.02465
1.03603
1.02734
1.00894
1.01495
1.08885
1.0198
1.01819
1.0242
1.02554
1.09303
1.04273
1.01107
1.03738
1.00034
1.03858
1.01681
1.03299
1.06704
1.07895
1.04514
1.02748
1.02421
1.03583
1.05339
1.0006
1.00915
1.06106
1.01536
1.06208
1.02256
1.06705
1.03001
1.04218
1.06845
1.0601
1.02815
1.04586
1.08532
1.00604
1.01458
1.01502
1.06451
1.03565
1.00876
1.16498
1.00196
1.04926
1.03786
1.08222
1.02142
1.02489
1.00083
1.05302
1.02554
1.00131
1.05428
1.01039
1.03036
1.03407
1.00319
1.03441
1.0477
1.03061
1.02822
1.0603
1.10048
1.01011
1.05563
1.01873
1.06682
1.05008
1.1236
1.01791
1.01608
1.09634
1.07333
1.03006
1.04672
1.01394
1.01317
1.00227
1.08621
1.01506
1.04906
1.05303
1.01741
1.00796
1.04929
1.06515
1.05206
1.06609
1.08517
1.05863
1.03725
1.05892
1.02096
1.03781
1.09155
1.01464
1.02901
1.07885
1.03235
1.04728
1.01968
1.01977
1.02165
1.05212
1.06408
1.03782
1.04986
1.06177
1.12563
1.00147
1.04462
1.02779
1.0784
1.0625
1.02731
1.02621
1.00666
1.08387
1.01169
1.01788
1.02921
1.06959
1.00524
1.02628
1.04284
1.00213
1.08076
1.00214
1.07256
1.10986
1.00505
1.08784
1.0164
1.04352
1.04599
1.06901
1.04596
1.01864
1.11705
1.02634
1.04832
1.02346
1.03468
1.04256
1.02614
1.04467
1.07278
1.00184
1.05629
1.00644
1.05506
1.03238
1.06438
1.08128
1.07865
1.05714
1.0495
1.01888
1.03503
1.04256
1.00334
1.03229
1.09814
1.02264
1.00237
1.04253
1.02932
1.04948
1.07482
1.05106
1.07318
1.06022
1.01014
1.02629
1.10043
1.05379
1.05153
1.0684
1.00167
1.13333
1.04877
1.04689
1.06338
1.01925
1.04109
1.00892
1.03211
1.06626
1.02555
1.00114
1.03711
1.05887
1.07737
1.10441
1.00182
1.02389
1.02866
1.05065
1.02756
1.00912
1.03067
1.00163
1.05602
1.03318
1.02556
1.01311
1.08841
1.04497
1.04974
1.06157
1.0183
1.07742
1.058
1.03119
1.00391
1.00885
1.08912
1.00194
1.02227
1.03209
1.02314
1.08569
1.00257
1.09135
1.0142
1.05172
1.07806
1.07471
1.03233
1.00002
1.0497
1.02067
1.06534
1.01348
1.07734
1.08084
1.06196
1.00965
1.02076
1.04371
1.0594
1.0036
1.05204
1.00656
1.03792
1.05813
1.01137
1.06656
1.05344
1.01919
1.00716
1.02143
1.06382
1.02711
1.02182
1.08024
1.06026
1.03321
1.01602
1.01288
1.03785
1.07484
1.04405
1.03801
1.03528
1.07167
1.04147
1.05091
1.0249
1.02214
1.00335
1.05247
1.04318
1.02255
1.02215
1.03025
1.00669
1.01842
1.03834
1.00256
1.05845
1.01781
1.13511
1.03569
1.00224
1.07941
1.06404
1.00452
1.03797
1.08417
1.04061
1.00259
1.07642
1.03491
1.01185
1.0543
1.03726
1.03848
1.11605
1.05252
1.02586
1.01823
1.08747
1.03732
1.00979
1.03027
1.01386
1.03236
1.06685
1.02989
1.03154
1.06213
1.08256
1.02153
1.03787
1.0322
1.05506
1.01126
1.01528
1.00508
1.04121
1.04318
1.02135
1.04919
1.05037
1.06352
1.05284
1.09657
1.03897
1.01695
1.04434
1.03673
1.06143
1.01177
1.03988
1.05761
1.08032
1.01294
1.02602
1.03541
1.04832
1.03708
1.01764
1.02413
1.03758
1.01283
1.07343
1.04955
1.03264
1.15314
1.03213
1.0194
1.04155
1.05866
1.00061
1.03307
1.01037
1.03183
1.05337
1.04822
1.06812
1.04562
1.04732
1.05192
1.02884
1.03979
1.1035
1.01745
1.03
1.01844
1.01785
1.02331
1.03321
1.06093
1.01889
1.05546
1.03433
1.01351
1.02259
1.01689
1.08698
1.06567
1.01023
1.0375
1.06719
1.01831
1.01916
1.03229
1.0097
1.06417
1.00704
1.04475
1.00799
1.06229
1.03231
1.03317
1.03292
1.00603
1.06317
1.09405
1.06946
1.0748
1.03873
1.06297
1.01974
1.00803
1.02883
1.05939
1.03081
1.0374
1.00174
1.03057
1.0135
1.05292
1.08696
1.05522
1.07112
1.0198
1.01976
1.0227
1.04346
1.01539
1.04439
1.01067
1.02967
1.03982
1.00123
1.0719
1.09127
1.04583
1.06238
1.07806
1.05359
1.0806
1.00998
1.07933
1.04383
1.03089
1.02657
1.02759
1.087
1.03556
1.03592
1.01497
1.05242
1.0325
1.01585
1.02243
1.04637
1.07141
1.01176
1.02334
1.04379
1.0164
1.00959
1.01445
1.00502
1.00773
1.05239
1.05395
1.07405
1.01566
1.01451
1.01252
1.02275
1.01926
1.02877
1.02565
1.01585
1.03259
1.03923
1.0994
1.033
1.07455
1.04027
1.04693
1.03274
1.01729
1.03367
1.01261
1.01066
1.06341
1.03103
1.08418
1.04249
1.01891
1.02701
1.01337
1.02061
1.05567
1.02482
1.04481
1.01614
1.01218
1.0572
1.00719
1.00943
1.00302
1.02474
1.02221
1.03899
1.07295
1.00665
1.12917
1.00967
1.02347
1.00062
1.07446
1.06044
1.01817
1.02358
1.04183
1.10568
1.00497
1.05363
1.01689
1.11529
1.05456
1.03558
1.02245
1.0572
1.01725
1.04239
1.01947
1.07224
1.05031
