1.0809
1.02584
1.02111
1.04909
1.08266
1.03404
1.01737
1.02103
1.05656
1.06575
1.0294
1.02481
1.05958
1.01886
1.02987
1.01972
1.00309
1.09065
1.0383
1.05987
1.00851
1.01786
1.03713
1.08498
1.0315
1.0094
1.04754
1.10962
1.01593
1.05458
1.03573
1.05155
1.00829
1.01465
1.10031
1.07813
1.04313
1.04391
1.07129
1.02005
1.0733
1.02153
1.06552
1.05733
1.01564
1.05659
1.0244
1.04587
1.04714
1.01829
1.01442
1.07549
1.01726
1.08493
1.03452
1.00532
1.03015
1.03423
1.01403
1.03802
1.03253
1.01872
1.16322
1.0461
1.07765
1.04557
1.04835
1.03023
1.03106
1.09637
1.01569
1.05593
1.11846
1.09354
1.01451
1.05341
1.02554
1.04177
1.01401
1.03488
1.03874
1.02811
1.06859
1.02811
1.00706
1.02527
1.04921
1.05995
1.03817
1.06496
1.0317
1.055
1.04001
1.07377
1.04491
1.05894
1.06494
1.06123
1.00735
1.02022
1.09385
1.01337
1.02358
1.02816
1.03152
1.01068
1.06892
1.08
1.00058
1.05478
1.04446
1.04101
1.02676
1.06695
1.01568
1.01034
1.0124
1.03336
1.05004
1.03611
1.0063
1.0034
1.0384
1.06402
1.0364
1.05871
1.06537
1.03403
1.00528
1.02393
1.04493
1.05303
1.01035
1.024
1.063
1.02432
1.03708
1.03779
1.02958
1.00828
1.03109
1.01771
1.02736
1.06754
1.046
1.05381
1.05935
1.06457
1.00014
1.04031
1.06114
1.01953
1.16223
1.00146
1.16479
1.03328
1.02746
1.01348
1.03746
1.00692
1.02336
1.05137
1.06703
1.01823
1.02327
1.012
1.03347
1.10272
1.02378
1.04753
1.02993
1.05166
1.00505
1.0356
1.01085
1.03489
1.14325
1.06849
1.00714
1.06667
1.05153
1.00624
1.03114
1.00676
1.05357
1.05313
1.07996
1.01982
1.01081
1.05987
1.06946
1.10178
1.13714
1.00535
1.0367
1.03353
1.02011
1.04242
1.04545
1.0364
1.0607
1.01468
1.03143
1.02164
1.04141
1.02664
1.01286
1.01747
1.04449
1.04051
1.05948
1.01624
1.03266
1.03703
1.00834
1.02204
1.06077
1.0385
1.06052
1.01959
1.03565
1.0303
1.0782
1.04314
1.06113
1.00777
1.01215
1.04682
1.04387
1.02308
1.07424
1.08471
1.04383
1.01138
1.04712
1.02833
1.00146
1.0129
1.0933
1.02344
1.03425
1.03681
1.04243
1.0635
1.0226
1.00195
1.05922
1.0305
1.04204
1.01246
1.11196
1.03159
1.04035
1.01555
1.0477
1.05068
1.04021
1.01051
1.03578
1.02474
1.02579
1.01882
1.02249
1.06512
1.04302
1.04232
1.01917
1.04305
1.08968
1.01418
1.01953
1.01709
1.07856
1.02971
1.02633
1.00997
1.00737
1.06376
1.04745
1.01744
1.051
1.0271
1.04438
1.02426
1.03023
1.0186
1.08673
1.04599
1.01766
1.02218
1.06976
1.00109
1.04645
1.04383
1.09013
1.01365
1.07414
1.09983
1.01392
1.03064
1.03445
1.00684
1.05688
1.0192
1.03306
1.05976
1.06618
1.05714
1.04248
1.06427
1.02699
1.03897
1.0299
1.00349
1.02275
1.12033
1.00898
1.02813
1.01289
1.03069
1.04134
1.06935
1.07795
1.04633
1.1296
1.04881
1.03804
1.00839
1.03367
1.04579
1.02742
1.0594
1.10429
1.06233
1.02745
1.01463
1.03731
1.044
1.02646
1.02049
1.02011
1.00205
1.06017
1.05445
1.02364
1.10208
1.0078
1.06072
1.0019
1.03326
1.01679
1.02132
1.04311
1.06145
1.04879
1.01174
1.05277
1.08449
1.03816
1.03594
1.02344
1.01126
1.05824
1.03819
1.06002
1.02605
1.03923
1.0384
1.01753
1.0211
1.02724
1.06828
1.0655
1.04603
1.04147
1.01386
1.01258
1.06694
1.03762
1.02685
1.09625
1.03636
1.01878
1.0234
1.07186
1.08009
1.02834
1.04429
1.05057
1.02028
1.05282
1.0102
1.05561
1.02844
1.02935
1.09087
1.10269
1.04641
1.01604
1.04933
1.03828
1.06874
1.01688
1.01415
1.01798
1.06551
1.00096
1.01195
1.09203
1.01135
1.02196
1.01772
1.04354
1.05923
0.999796
1.08365
1.00124
1.0349
1.0091
1.02019
1.05355
1.09252
1.03357
1.02971
1.0301
1.02124
1.03441
1.03634
1.04896
1.00107
1.03035
1.0408
1.00953
1.045
1.07644
1.00626
1.01424
1.0101
1.02681
1.02415
1.02098
1.01817
1.01341
1.12865
1.02544
1.01009
1.00852
1.04752
1.01872
1.00115
1.03421
1.0281
1.02898
1.04422
1.04806
1.07958
1.01649
1.06102
1.03003
1.02393
1.05679
1.02396
1.05021
1.01192
1.01203
1.01917
1.07656
1.02139
1.05897
1.068
1.03139
1.0215
1.04471
1.07994
1.0109
1.02149
1.019
1.08033
1.00601
1.10883
1.01055
1.01219
1.04627
1.11027
1.02766
1.04277
1.01763
1.04314
1.01428
1.01012
1.01139
1.01009
1.03584
1.00304
1.00656
1.03516
1.01675
1.0539
1.05867
1.01427
1.06823
1.03749
1.02081
1.04564
1.02894
1.11621
1.09665
1.03422
1.01527
1.02496
1.03237
1.02258
1.03607
1.0213
1.04682
1.00271
1.02
1.02654
1.00105
1.00348
1.03346
1.03547
1.06744
1.04167
1.09165
1.01441
1.06654
1.02452
1.00773
1.15159
1.032
1.01557
1.08534
1.03903
1.01672
1.0444
1.05922
1.0252
1.06604
1.02047
1.07668
1.02474
1.07693
1.05559
1.00233
1.02328
1.0463
1.0421
1.10328
1.01738
1.07947
1.03643
1.04222
1.04211
1.0468
1.01494
1.061
1.08825
1.03058
1.00704
1.00023
1.00903
1.05913
1.04919
1.04802
1.0377
1.02031
1.04007
1.03128
1.01489
1.03227
1.10774
1.00499
1.04239
1.0183
1.05643
1.0272
1.00824
1.08573
1.11339
1.01972
1.01453
1.04933
1.04108
1.04098
1.04211
1.01962
1.07169
1.05299
1.01188
1.03339
1.01191
1.00788
1.03003
1.01438
1.06449
1.00443
1.04913
1.04073
1.04769
1.09095
1.07315
1.04492
1.03517
1.01053
1.06489
1.03305
1.00081
1.0067
1.00829
1.01826
1.06004
1.15894
1.00069
1.01
1.04118
1.01896
1.03944
1.04386
1.01683
1.06582
1.01858
1.03225
1.02151
1.12305
1.00913
1.04365
1.11483
1.03818
1.05787
1.02132
1.03253
1.11912
1.0698
1.0302
1.02539
1.04241
1.03019
1.04397
1.06306
1.03217
1.04355
1.00344
1.09132
1.05436
1.05694
1.01993
1.08588
1.00761
1.00977
1.03427
1.035
1.0551
1.00575
1.02546
1.00242
1.02042
1.03883
1.00211
1.049
1.04172
1.01368
1.00837
1.02679
1.04801
1.02058
1.01688
1.01927
1.0545
1.01844
1.06319
1.02993
1.05203
1.03895
1.04727
1.13205
1.04335
1.01695
1.01981
1.00053
1.02723
1.0374
1.01002
1.02742
1.02974
1.04702
1.05609
1.06722
1.02505
1.01875
1.15113
1.0086
1.18299
1.05017
1.06289
1.02285
1.03432
1.02799
1.15814
1.01178
1.02647
1.09494
1.05104
1.03175
1.00098
1.03941
1.05218
1.03331
1.0113
1.06299
1.05242
1.01707
1.05912
1.0307
1.03588
1.01154
1.08938
1.01911
1.03178
1.03198
1.00963
1.06189
1.01843
1.10495
1.05924
1.07127
1.08611
1.0118
1.09904
1.03086
1.05498
1.00489
1.01736
1.04598
1.06254
1.04342
1.04081
1.03473
1.00779
1.05894
1.02082
1.05336
1.0411
1.11036
1.02466
1.07961
1.07858
1.02806
1.09253
1.00331
1.03608
1.02521
1.03982
1.04226
1.02179
1.02062
1.01443
1.00375
1.06048
1.07618
1.00478
1.03674
1.15519
1.04223
1.17686
1.02569
1.00769
1.03566
1.03877
1.05258
1.05225
1.04334
1.06688
1.05528
1.0338
1.03027
1.03607
1.02007
1.04723
1.08152
1.03891
1.05647
1.1349
1.00537
1.04051
1.09758
1.02135
1.03715
1.01608
1.03235
1.02422
1.05521
1.03374
1.07082
1.02466
1.0595
1.02899
1.00853
1.04077
1.05008
1.08378
1.0262
1.07791
1.16148
1.03269
1.03078
1.0412
1.05588
1.0076
1.05006
1.02689
1.09575
1.08686
1.05072
1.04276
1.04885
1.02446
1.02724
1.10717
1.04504
1.03203
1.06499
1.02626
1.04977
1.05156
1.04021
1.03251
1.04523
1.03085
1.02621
1.02788
1.05049
1.02724
1.11302
1.00608
1.04321
1.01812
1.04453
1.04353
1.04183
1.02401
1.04528
1.04408
1.05525
1.02808
1.04065
1.04552
1.0623
1.01509
1.04182
1.03526
1.03257
1.02108
1.04972
1.02907
1.02208
1.02545
1.03814
1.04892
1.04286
1.01563
1.03987
1.03062
1.08135
1.04592
1.03894
1.013
1.02496
1.04551
1.04099
1.06738
1.06109
1.13458
1.04047
1.02892
1.03673
1.11155
1.00091
1.04692
1.02667
1.02105
1.05938
1.03387
1.04543
1.06813
1.00113
1.0186
1.04751
1.01994
1.10017
1.04762
1.0377
1.09219
1.02418
1.03869
1.04516
1.023
1.06526
1.03667
1.07311
1.05054
1.02881
1.04931
1.07065
1.01443
1.0833
1.02731
1.00555
1.01639
1.03111
1.03274
1.03551
1.00184
1.06504
1.06129
0.999965
1.06537
1.08714
1.00802
1.00798
1.06982
1.03292
1.01764
1.00773
1.05697
1.02492
1.09549
1.15186
1.03825
1.00488
1.05418
1.05415
1.12855
1.09712
1.04795
1.05431
1.0276
1.02005
1.04358
1.04983
1.00276
1.03418
1.02954
1.0008
1.01064
1.02302
1.05591
1.04702
1.0053
1.02831
1.25323
1.00841
1.02699
1.01497
1.04456
1.02757
1.01694
1.0319
1.07797
1.04632
1.05629
1.0681
1.00933
1.10443
1.00441
1.00773
1.06174
1.05786
1.06825
1.07704
1.01537
1.03469
1.00261
1.0403
1.06867
1.01902
1.05354
1.05155
1.00803
1.05125
1.06855
1.11413
1.05091
1.027
1.03264
1.00837
1.03369
1.02212
1.06132
1.01285
1.00742
1.04578
1.04702
1.092
1.08576
1.03705
1.05488
1.05089
1.00268
1.0531
