1.0083
1.02968
1.02573
1.00063
1.07041
1.03608
1.00691
1.05489
1.03928
1.01404
1.04504
1.05156
1.01974
1.07083
1.02968
1.0494
1.04978
1.01962
1.04278
1.01784
1.03753
1.04961
1.01847
1.04117
1.00872
1.04297
1.05761
1.03056
1.08275
1.05477
1.04495
1.00982
1.00661
1.01001
1.02509
1.08079
1.03669
1.07408
1.019
1.03524
1.03341
1.06774
1.05447
1.02078
1.02975
1.03898
1.02915
1.01901
1.07735
1.06779
1.04261
1.08761
1.0757
1.03425
1.02121
1.04476
1.03857
1.02167
1.02456
1.0449
1.01456
1.08508
1.04463
1.03246
1.03947
1.01555
1.0351
1.02737
1.04631
1.04126
1.00615
1.03478
1.00954
1.01888
1.09843
1.00737
1.03501
1.05667
1.0199
1.01802
1.00181
1.02857
1.07544
1.11759
1.02874
1.10788
1.05082
1.01825
1.01604
1.03417
1.02218
1.1245
1.04746
1.00509
1.03091
1.03906
1.03442
1.05249
1.0306
1.02373
1.04547
1.02475
1.06352
1.02505
1.0835
1.09337
1.05657
1.0552
1.04966
1.03514
1.00632
1.01162
1.02267
1.0223
1.02215
1.00357
1.03223
1.03437
1.10087
1.10803
1.03178
1.02189
1.12724
1.0251
1.05512
1.05668
1.03856
1.04447
1.02432
1.01933
1.02022
1.00748
1.00058
1.03816
1.02131
1.04034
1.01711
1.00746
1.04105
1.06006
1.06479
1.06913
1.02944
1.04888
1.02575
1.04451
1.01536
1.04643
1.05994
1.03643
1.01877
1.02679
1.04753
1.0086
1.11961
1.0476
1.02036
1.03855
1.07769
1.01872
1.02006
1.01692
1.062
1.05355
1.03464
1.00455
1.02892
1.0373
1.04933
1.04532
1.05276
1.04773
1.02495
1.03291
1.0784
1.05376
1.0918
1.02277
1.03732
1.05512
1.00863
1.07636
1.07689
1.03203
1.03946
1.03559
1.04087
1.15473
1.03601
1.02629
1.04121
1.03391
1.04841
1.06585
1.04321
1.00831
1.01072
1.02308
1.00626
1.02774
1.03546
1.06996
1.07597
1.00974
1.08352
1.07213
1.03619
1.01992
1.0283
1.03578
1.04796
1.09212
1.02874
1.00753
1.02717
1.09316
1.05684
1.07012
1.02999
1.01791
1.0066
1.04206
1.04035
1.00935
1.0196
1.01034
1.01225
1.02123
1.12092
1.05884
1.03745
1.02138
1.00029
1.03999
1.01281
1.05819
1.03058
1.00419
1.04847
1.01301
1.10019
1.0777
1.0365
1.02423
1.0067
1.02599
1.00206
1.09688
1.04974
1.00767
1.00326
1.05269
1.0239
1.02042
1.0137
1.01882
1.03942
1.04968
1.0291
1.03084
1.07217
1.02742
1.01869
1.04505
1.06976
1.05983
1.12684
1.02092
1.02108
1.05148
1.03224
1.0186
1.03466
1.04818
1.04798
1.03737
1.01204
1.15787
1.04591
1.03899
1.01635
1.02085
1.01339
1.0201
1.04503
1.02707
1.06427
1.03944
1.04848
1.02188
1.11398
1.05932
1.00001
1.03036
1.09459
1.04756
1.00756
1.04132
1.0311
1.04858
1.03876
1.10797
1.03846
1.03388
1.06398
1.0519
1.04789
1.03201
1.0508
1.0503
1.01771
1.00542
1.03904
1.04617
1.01477
1.0894
1.03373
1.04637
1.02064
1.02564
1.05745
1.04138
1.0443
1.06399
1.01486
1.00358
1.01085
1.02491
1.02187
1.02747
1.04032
1.02735
1.02449
1.07915
1.0472
1.04575
1.04681
1.07392
1.02991
1.05011
1.03449
1.03339
1.06744
1.03933
1.06216
1.01186
1.07212
1.0066
1.11939
1.04278
1.04454
1.01719
1.07571
1.0499
1.03553
1.0469
1.05689
1.05481
1.00142
1.10484
1.00252
1.02829
1.03753
1.01852
1.09648
1.03582
1.08457
1.02255
1.01007
1.04006
1.08368
1.0575
1.02845
1.08894
1.00411
1.07434
1.00001
1.02388
1.00394
1.01782
1.06839
1.04258
1.01731
1.01513
1.04222
1.00593
1.02182
1.06921
1.00052
1.00389
1.01741
1.02852
1.11492
1.01854
1.02739
1.03916
1.00666
1.02638
1.03312
1.05126
1.12248
1.02173
1.03868
1.04851
1.00076
1.04764
1.01743
1.02856
1.0153
1.00265
1.09289
1.04872
1.01427
1.05711
1.0171
1.02731
1.04625
1.0383
1.02464
1.04908
1.06933
1.01607
1.04361
1.02791
1.07276
1.05186
1.02546
1.07364
1.01394
1.06615
1.06901
1.04433
1.01023
1.00702
1.0508
1.05116
1.01338
1.02094
1.04576
1.03073
1.0459
1.02533
1.02698
1.0389
1.07027
1.03421
1.07883
1.01791
1.02193
1.04943
1.03832
1.01117
1.02799
1.0241
1.04664
1.05607
1.01349
1.09407
1.0298
1.01473
1.03807
1.08603
1.05652
1.07718
1.01894
1.04896
1.03562
1.01975
1.00827
1.01466
1.01942
1.00664
1.02524
1.03495
1.03062
1.03393
1.06228
1.04103
1.06224
1.02563
1.02483
1.03805
1.02476
1.05447
1.01184
1.0354
1.01503
1.01364
1.01059
1.03959
1.00219
1.00905
1.04497
1.00508
1.00382
1.02073
1.08564
1.17443
1.0888
1.01283
1.05501
1.01346
1.07284
1.02107
1.04656
1.06579
1.06939
1.00866
1.02082
1.08479
1.10808
1.08161
1.03724
1.02117
1.03844
1.04497
1.02087
1.0304
1.04764
1.15207
1.06851
1.03287
1.00995
1.0503
1.04547
1.00773
1.00671
1.03943
1.01897
1.07094
1.01282
1.02008
1.01027
1.06887
1.00745
1.04748
1.05426
1.04239
1.03758
1.01502
1.08922
1.05353
1.17487
1.05705
1.09961
1.04882
1.04753
1.07718
1.00895
0.998735
1.04915
1.08751
1.03865
1.03902
1.00427
1.04194
1.00499
1.01663
1.08734
1.02012
1.04272
1.0589
1.03943
1.00034
1.08457
1.03061
1.02844
1.02195
1.02335
1.12791
1.05086
1.02095
1.00788
1.02029
1.03941
1.04915
1.05529
1.02147
1.02666
1.10444
1.02596
1.00011
1.05997
1.04434
1.0584
1.02829
1.05282
1.01663
1.01967
1.02103
1.03546
1.04046
1.00727
1.01845
1.01965
1.02814
1.10034
1.02345
1.05656
1.01779
1.03242
1.03689
1.03107
1.0047
1.04785
1.0222
1.05411
1.08733
1.01497
1.03958
1.03874
1.06131
1.01308
1.00611
1.03982
1.01067
1.06853
1.01498
1.00285
1.02789
1.0504
1.02473
1.01302
1.04116
1.05464
1.03439
1.06417
1.03995
1.04057
1.03596
1.05708
1.06287
1.05743
1.04744
1.0037
1.06543
1.06301
1.03223
1.04359
1.06098
1.04127
1.05175
1.03071
1.00051
1.02278
1.06916
1.01857
1.01911
1.00829
1.01816
1.02425
1.06444
1.04034
1.01521
1.03464
1.02754
1.01106
1.02478
1.09138
1.02845
1.02408
1.02053
1.03558
1.02583
1.07307
1.02911
1.01822
1.01713
1.01516
1.14619
1.01771
1.06244
1.0171
1.11497
1.07754
1.0661
1.04275
1.03448
1.04882
1.04943
1.04726
1.00042
1.0688
1.02525
1.03553
1.0403
1.08719
1.06114
1.01213
1.03405
1.08223
1.16415
1.02421
1.02824
1.08986
1.06687
1.07771
1.00863
1.04609
1.04529
1.08493
1.00028
1.02796
1.03518
1.01083
1.0235
1.02909
1.03114
1.03332
1.02421
1.01786
1.0474
1.01003
1.04323
1.05469
1.00461
1.03383
1.05398
1.04407
1.03427
1.0051
1.01807
1.02222
1.04308
1.12247
1.09348
1.07062
1.02881
1.06447
1.07676
1.02671
1.01215
1.07074
1.03689
1.10975
1.02258
1.04646
1.03425
1.12426
1.08041
1.01885
1.05108
1.01106
1.05271
1.06985
1.12592
1.09635
1.0169
1.00657
1.02024
1.00621
1.05604
1.02237
1.03162
1.03458
1.03201
1.10431
1.08222
1.00071
1.08796
1.03096
1.04081
1.00246
1.01724
1.05741
1.02877
1.0546
1.02114
1.01345
1.01448
1.1001
1.03042
1.02884
1.08072
1.06022
1.02238
1.10122
1.111
1.00413
1.02356
1.15233
1.08917
1.03396
1.06333
1.06208
1.04627
1.02987
1.00901
1.01278
1.05587
1.01648
1.03661
1.07864
1.02475
1.03748
1.11119
1.00323
1.05439
1.01586
1.0466
1.01202
1.06008
1.00237
1.05445
1.07198
1.02926
1.02828
1.01482
1.09407
1.0782
1.04553
1.0599
1.04531
1.02175
1.04301
1.05921
1.07877
1.03635
1.05773
1.09719
1.05227
1.02388
1.02638
1.0336
1.02727
1.01165
1.0663
1.07871
1.023
1.01344
1.04995
1.04036
1.00883
1.04723
1.04967
1.01793
1.01897
1.07049
1.0412
1.0446
1.02455
1.07719
1.00892
1.08928
1.02369
1.03935
1.03528
1.07933
1.03959
1.00399
1.06752
1.03969
1.07026
1.04542
1.06684
1.04343
1.08015
1.01535
1.029
1.01855
1.07505
1.02649
1.10148
1.04538
1.05695
1.06015
1.03142
1.05892
1.06043
1.05034
1.00403
1.0424
1.05744
1.00175
1.01759
1.05931
1.04527
1.09158
1.03522
1.05803
1.00804
1.04529
1.05536
1.02654
1.00911
1.02654
1.05556
1.04449
1.01829
1.04472
1.07719
1.02351
1.0479
1.06503
1.0252
1.05227
1.04352
1.00854
1.0277
1.02059
1.00612
1.00391
1.02609
1.0896
1.15677
1.01286
1.05976
1.03351
1.00729
1.03183
1.05723
1.02906
1.03192
1.04437
1.04044
1.01585
1.07485
1.0068
1.09369
1.06317
1.02026
1.05821
1.0728
1.01634
1.03174
1.03228
1.01064
1.0614
1.05589
1.00284
1.04384
1.04989
1.03328
1.04501
1.00182
1.03581
1.02937
1.02658
1.05322
1.02563
1.08328
1.08721
1.03427
1.01389
1.03112
1.02966
1.01791
1.02006
1.01705
1.04186
1.01068
1.0442
1.04
1.03449
1.03197
1.03157
1.02827
1.05876
1.00314
1.04496
1.02059
1.06113
1.09344
1.0346
1.03343
1.05356
1.03578
1.08393
1.04737
1.02451
1.05103
1.01016
1.06381
1.05367
1.01385
1.02092
1.01909
1.04932
1.0391
1.01362
1.00824
1.00743
1.00433
1.03327
1.02017
1.03674
1.02363
1.02704
1.04384
1.01953
1.00834
1.03014
1.03803
1.02293
1.03974
1.01348
1.08623
1.0161
1.01376
1.08793
