1.05863
1.04322
1.0917
1.06107
1.05039
1.023
1.03724
1.005
1.00502
1.1018
1.08106
1.06568
1.05022
1.02057
1.06281
1.04574
1.05412
1.01996
1.01945
1.08218
1.02217
1.06273
1.00771
1.00393
1.02777
1.05114
1.00221
1.02389
1.03985
1.02904
1.01069
1.06734
1.07383
1.01525
1.08671
1.04918
1.00756
1.00101
1.05732
1.02222
1.11861
1.03858
1.07198
1.04172
1.04198
1.01199
1.01487
1.0282
1.02659
1.02377
1.04512
1.01178
1.03553
1.03806
1.04116
0.999512
1.0426
1.01644
1.06147
1.02051
1.06398
1.0654
1.01162
1.03976
1.06868
1.03728
1.07243
1.06836
1.01083
1.02245
1.03624
1.03295
1.01336
1.05055
1.05247
1.00385
1.03074
1.0293
1.03125
1.01606
1.06176
1.04104
1.0041
1.00411
1.04672
1.01065
1.01348
1.04934
1.02134
1.00853
1.0258
1.04626
1.05184
1.06364
1.03528
1.05275
1.05191
1.05489
1.02536
1.01671
1.05146
1.05354
1.03439
1.04257
1.08107
1.06191
1.06999
1.05277
1.00113
1.06793
1.00243
1.05704
1.0014
1.03772
1.04203
1.02032
1.09304
1.02436
1.06338
1.0572
1.08362
1.04846
1.02023
1.06931
1.04529
1.07808
1.03872
1.02848
1.03088
1.0618
1.06487
1.0771
1.00224
1.05901
1.04377
1.11997
1.06534
1.09269
1.04696
1.07239
1.03807
1.11699
1.03345
1.01656
1.00932
1.01453
1.02041
1.03558
1.04162
1.00649
1.02474
1.07741
1.02274
1.00825
1.01901
1.06217
1.0378
1.03447
1.02106
1.00269
1.00664
1.02816
1.12733
1.03647
1.07909
1.01509
1.09314
1.05349
1.16948
1.026
1.01008
1.03289
1.1033
1.06128
1.033
1.01141
1.00642
1.06978
1.03226
1.01596
1.08629
1.00299
1.03143
1.00318
1.03491
1.10667
1.01597
1.01618
1.03934
1.06723
1.06116
1.05003
1.01873
1.06448
1.07745
1.03876
1.0395
1.05947
1.05592
1.0167
1.08012
1.07251
1.01803
1.03078
1.014
1.01775
1.02442
1.05592
1.07802
1.00781
1.05464
1.00338
1.02119
1.05912
1.02254
1.10879
1.00595
1.02117
1.03882
1.04409
1.02048
1.04818
1.04684
1.02923
1.01509
1.07435
1.03987
1.05261
1.02826
1.00774
1.00596
1.0074
1.07466
1.04438
1.00985
1.03814
1.02818
1.06831
1.01479
1.03568
1.07749
1.05569
1.02498
1.16011
1.00907
1.04148
1.05171
1.03684
1.05453
1.0101
1.03268
1.00008
1.02977
1.05606
1.04411
1.03809
1.07295
1.06911
1.0341
1.0669
1.0679
1.04534
1.05316
1.03207
1.09954
1.05721
1.10481
1.00708
1.06743
1.04937
1.00542
1.03026
1.04917
1.0178
1.03395
1.02367
1.02961
1.05894
1.01989
1.05965
1.02519
1.00802
1.02123
1.033
1.02636
1.05722
1.05106
1.07694
1.02104
1.09857
1.01475
1.00777
1.0431
1.04325
1.03752
1.04668
1.01944
1.02838
1.00574
1.01757
1.02387
1.07898
1.01185
1.03545
1.01451
1.02381
1.05664
1.01813
1.04998
1.08271
1.06008
1.04591
1.07842
1.02155
1.01917
1.02369
1.04912
1.0029
1.08296
1.0282
1.00725
1.0508
1.01797
1.1872
1.00477
1.00037
1.08393
1.06754
1.02751
1.0095
1.0318
1.03799
1.04724
1.01335
1.01704
1.02179
1.04374
1.00219
1.02921
1.01809
1.01517
1.01673
1.01943
1.0748
1.16953
1.04692
1.04891
1.01341
1.02925
1.05421
1.0879
1.04089
1.0199
1.0324
1.01509
1.06049
1.11241
1.05401
1.04261
1.0122
1.03109
1.02019
1.00503
1.048
1.08466
1.11525
1.03601
1.05277
1.0468
1.01817
1.06718
1.06243
1.07131
1.03806
1.07565
1.02148
1.08763
1.01605
1.02075
1.0079
1.03669
1.07497
1.01118
1.03461
1.01831
1.01624
1.03068
1.04383
1.04556
1.0144
1.05133
1.01949
1.02411
1.05579
1.01418
1.02886
1.03281
1.02067
1.08957
1.01491
1.0607
1.01988
1.07663
1.04532
1.02849
1.04993
1.07205
1.04067
1.01308
1.06071
1.01012
1.02328
1.06236
1.04421
1.04185
1.00711
1.03125
1.02291
1.01625
1.01174
1.04461
1.0335
1.09525
1.02519
1.04244
1.03828
1.03277
1.02116
1.0943
1.0543
1.05797
1.03067
1.0159
1.01044
1.03022
1.04029
1.01836
1.01105
1.02399
1.01824
1.01207
1.00982
1.02456
1.03703
1.04912
1.0703
1.04475
1.03526
1.01808
1.01586
1.05194
1.04022
1.05507
1.03789
1.03019
1.0653
1.03449
1.03418
1.04059
1.04424
1.044
1.10573
1.0267
1.0289
1.0649
1.00461
1.0568
1.00779
1.04063
1.01985
1.03487
1.00045
1.00178
1.06498
1.06608
1.07251
1.08504
1.01277
1.02747
1.06185
1.03388
1.04801
1.03062
1.00863
1.01145
1.03161
1.05121
1.04652
1.0386
1.04003
1.04201
1.06232
1.01901
1.04669
1.02498
1.04268
1.06038
1.02977
1.00164
1.0499
1.06415
1.02207
1.01314
1.02356
1.06257
1.03746
1.02002
1.06678
1.00208
1.03036
1.13194
1.10935
1.0877
1.04994
1.03925
1.02868
1.05655
1.05787
1.02224
1.04528
1.0077
1.03806
1.00338
1.02922
1.05341
1.09469
1.04256
1.08838
1.01603
1.02347
1.02298
1.02629
1.05332
1.0733
1.04951
1.01883
1.04118
1.07817
1.08305
1.04386
1.02639
1.07567
1.03134
1.02528
1.0079
1.0754
1.03381
1.02517
1.06915
1.01852
1.0886
1.07002
1.03079
1.03967
1.03178
1.04571
1.03067
1.03243
1.08482
1.03093
1.01673
1.01756
1.01216
1.09575
1.0423
1.0245
1.02761
1.02523
1.02156
1.08864
1.03705
1.06381
1.00452
1.00566
1.03667
1.02338
1.04129
1.00556
1.06885
1.01352
1.01252
1.0708
1.06808
1.03219
1.02777
1.03201
1.03796
1.01451
1.03209
1.01272
1.0542
1.04964
1.02439
1.05439
1.01752
1.00508
1.01107
1.02958
1.06365
1.07195
1.02669
1.06567
1.0099
1.00665
1.01748
1.05774
1.05166
1.02191
1.02792
1.04586
1.03906
1.11196
1.02704
1.06162
1.01775
1.0091
1.08814
1.03306
1.15589
1.0339
1.05535
1.05063
1.03626
1.02418
1.1106
1.02427
1.00005
1.03081
1.0146
1.03358
1.01487
1.01433
1.00624
1.00302
1.01545
1.12466
1.03152
1.01579
1.04944
1.04525
1.06664
1.02101
1.05579
1.05733
1.0399
1.08985
1.07915
1.06306
1.03101
1.07375
1.01955
1.01596
1.02671
1.01619
1.01588
1.07648
1.04645
1.06613
1.0505
1.01429
1.02053
1.02451
1.07898
1.05519
1.02942
1.02982
1.0247
1.0269
1.04079
1
1.05516
1.06074
1.02122
1.02299
1.03466
1.01356
1.03565
1.05844
1.05658
1.00711
1.02663
1.05052
1.01959
1.07548
1.05452
1.03324
1.01207
1.04339
1.05991
1.00541
1.03457
1.0159
1.00066
1.02449
1.0362
1.08968
1.02072
1.04323
1.03247
1.06616
1.03623
1.00825
1.04531
1.08174
1.04533
1.07439
1.02784
1.01081
1.02605
1.01607
1.04388
1.0647
1.02359
1.01575
1.02688
1.0023
1.0958
1.02122
1.00129
1.00839
1.03815
1.05114
1.05436
1.01882
1.027
1.01654
1.01251
1.05953
1.04265
1.03743
1.01667
1.03204
1.03715
1.041
1.07208
1.02581
1.0193
1.00028
1.07091
1.04718
1.0357
1.0368
1.03785
1.05224
1.03306
1.04291
1.06225
1.02063
1.0275
1.02425
1.04201
1.07753
1.02628
1.0318
1.02414
1.02863
1.03115
1.05292
1.0438
1.02876
1.02953
1.01675
1.02902
1.00783
1.02297
1.06765
1.00042
1.07536
1.0019
1.07499
1.22993
1.0579
1.02661
1.05566
1.02204
1.07575
1.0409
1.06277
1.0263
1.04356
1.01569
1.08216
1.01526
1.05189
1.01148
1.0742
1.02706
1.01847
1.015
1.04159
1.03043
1.03888
1.04106
1.02507
1.05635
1.05734
1.05094
1.03794
1.00827
1.00677
1.02209
1.01218
1.07007
1.02492
1.00434
1.09594
1.08399
1.03583
1.01385
1.01449
1.03906
1.01508
1.02363
1.0549
1.05806
1.05194
1.03651
1.07511
1.08829
1.03936
1.03799
1.0401
1.09621
1.04377
1.01798
1.07947
1.01709
1.06926
1.01014
1.06621
1.07471
1.05208
1.03665
1.01638
1.03411
1.03747
1.05089
1.0218
1.05763
1.10267
1.02546
1.17395
1.05247
1.05462
1.02276
1.06273
1.01942
1.15512
1.10898
1.0662
1.0243
1.05176
1.00105
1.04563
1.03377
1.05255
1.0028
1.00873
1.02779
1.02134
1.01651
1.01847
1.07067
1.01685
1.03821
1.06364
1.04755
1.04639
1.07569
1.01249
1.00535
1.05647
1.02118
1.06047
1.00957
1.07728
1.06669
1.01479
1.02239
1.01945
1.00621
1.02463
1.06696
1.02239
1.0829
1.1083
1.05354
1.07259
1.04744
1.06715
1.07681
1.01815
1.00159
1.0208
1.02816
1.04002
1.03539
1.04995
1.07213
1.01871
1.03069
1.05338
1.01762
1.07801
1.0421
1.00691
1.07074
1.02079
1.10356
1.05105
1.05236
1.01191
1.06569
1.02958
1.01984
1.02865
1.01291
1.0137
1.03608
1.07367
1.04165
1.0373
1.04501
1.01668
1.01449
1.05562
1.00002
1.02233
1.03748
1.02265
1.00077
1.0395
1.02578
1.04116
1.08553
1.0492
1.01128
1.01748
1.0038
1.06657
1.02855
1.08201
1.01796
1.02133
1.05842
1.04184
1.05719
1.0198
1.05429
1.0181
1.02312
1.04131
1.02551
1.0467
1.03797
1.0405
1.02502
1.13847
1.06514
1.02801
1.02337
1.01938
1.06574
1.03333
1.0524
1.00922
1.03225
1.04596
1.02843
1.04203
1.03327
1.04334
1.07221
1.02909
1.01265
1.03554
1.02525
1.03556
1.00759
1.0586
1.02391
1.02868
1.06363
1.03843
1.00958
1.05838
1.103
1.01902
1.03863
1.03837
1.04629
1.00574
1.04275
1.0357
1.05571
1.01205
1.07315
1.06493
1.06261
1.02782
