1.01736
1.01426
1.00033
1.0695
1.01603
1.07567
1.07704
1.04355
1.03607
1.0311
1.0135
1.015
1.03021
1.04934
1.01814
1.01037
1.04219
1.03903
1.06005
1.10505
1.01483
1.05972
1.03287
1.05727
1.05962
1.04818
1.06348
1.0486
1.03448
1.03946
1.02837
1.04518
1.03394
1.0519
1.02531
1.03593
1.04257
1.01703
1.0535
1.01305
1.01943
1.08521
1.03765
1.02249
1.03791
1.04099
1.03019
1.04512
1.03262
1.01037
1.05058
1.05062
1.00018
1.03769
1.02939
1.0112
1.02146
1.01829
1.01868
1.01165
1.03575
1.02368
1.06685
1.07177
1.04424
1.03436
1.03447
1.04127
1.0372
1.04923
1.10928
1.01152
1.02892
1.05089
1.00912
1.05021
1.03026
1.0104
1.04289
1.03738
1.02936
1.01889
1.07215
1.0047
1.0514
1.05988
1.06417
1.04123
1.02988
1.04042
1.043
1.05063
1.0318
1.0201
1.01168
1.03886
1.07335
1.06632
1.075
1.02431
1.01824
1.07141
1.01654
1.02639
1.07307
1.05075
1.06142
1.02549
1.02483
1.01147
1.07453
1.03069
1.00762
1.05638
1.0342
1.06943
1.05524
1.03606
1.04126
1.01936
1.00639
1.05039
1.07184
1.01881
1.08559
1.00991
1.10573
1.01826
1.06518
1.0117
1.00975
1.01061
1.02867
1.01168
1.0611
1.04189
1.01693
1.04559
1.01315
1.05486
1.04196
1.03851
1.06982
1.02652
1.02953
1.08365
1.03575
1.06829
1.0532
1.12947
1.03683
1.01631
1.07287
1.03067
1.03754
1.02916
1.03031
1.00042
1.01292
1.02237
1.02751
1.05056
1.02131
1.01585
1.0378
1.00663
1.02283
1.07069
1.00638
1.0451
1.02647
1.01149
1.03967
1.02819
1.06815
1.04121
1.08144
1.05361
1.02115
1.02959
1.06492
1.04102
1.02503
1.06728
1.02788
1.06503
1.04696
1.0153
1.01665
1.05739
1.02081
1.08886
1.05604
1.00653
1.06154
1.079
1.0744
1.07667
1.04611
1.23174
1.02715
1.10818
1.05016
1.06057
1.00875
1.0577
1.04588
1.08615
1.03506
1.02645
1.01827
1.06897
1.07116
1.00837
1.07573
1.01214
1.017
1.12727
1.02172
1.02526
1.02963
1.02814
1.01335
1.02479
1.03414
1.04706
1.08857
1.07108
1.04092
1.08377
1.09968
1.03091
1.00461
1.02649
1.02696
1.03381
1.00697
1.06855
1.06438
1.04032
1.06581
1.00703
1.07082
1.02572
1.03587
1.03591
1.00345
1.03946
1.06752
1.04722
1.00095
1.07101
1.04264
1.02966
1.06122
1.02556
1.07088
1.03043
1.00323
1.02365
1.04956
1.01703
1.02901
1.02493
1.03515
1.06333
1.07704
1.02411
1.06977
1.08167
1.02813
1.07946
1.07622
1.10735
1.01365
1.07641
1.02048
1.07472
1.03707
1.07299
1.07549
1.06918
1.06858
1.06733
1.02456
1.04251
1.03675
1.02127
1.02972
1.02036
1.06501
1.0111
1.03991
1.07323
1.03124
1.02187
1.05122
1.01803
1.01402
1.04441
1.03612
1.04469
1.04834
1.1062
1.05499
1.01225
1.01522
1.03127
1.0554
1.00275
1.03387
1.01884
1.03806
1.04144
1.05636
1.0285
1.02937
1.03913
1.06667
1.02469
1.01854
1.06689
1.0134
1.02825
1.00625
1.09437
1.02389
1.0091
1.01708
1.00739
1.04766
1.01353
1.0238
1.10145
1.01229
1.03395
1.06819
1.00041
1.08745
1.03662
1.02546
1.02656
1.00183
1.09038
1.02867
1.04021
1.01078
1.02709
1.04674
1.03763
1.07724
1.09675
1.15174
1.0237
1.08199
1.01994
1.08302
1.0508
1.03881
1.0269
1.02097
1.05823
1.02034
1.02591
1.0354
1.0225
1.00326
1.0275
1.03286
1.0896
1.04387
1.01118
1.01195
1.07224
1.03904
1.04901
1.03101
1.02712
1.11604
1.08135
1.03791
1.03594
1.00322
1.0607
1.06525
1.05936
1.06042
1.03338
1.03903
1.00916
1.06209
1.07165
1.03162
1.05024
1.06109
1.06042
1.00517
1.0803
1.03785
1.05492
1.0137
1.00924
1.02479
1.03724
1.02485
1.03322
1.00301
1.06038
1.09717
1.03143
1.01937
1.04896
1.03213
1.0341
1.0222
1.0289
1.01662
1.03012
1.05206
1.12299
1.02067
1.02964
1.03621
1.03088
1.03163
1.03609
1.01945
1.01127
1.01616
1.04173
1.06538
1.04432
1.03951
1.01466
1.01933
1.04136
1.03036
1.03059
1.04519
1.0513
1.01473
1.02468
1.01286
1.04575
1.08839
1.0619
1.02611
1.00639
1.06415
1.03725
1.07196
1.0175
1.06228
1.02955
1.09151
1.0402
1.03925
1.02851
1.02449
1.00207
1.00798
1.02842
1.01857
1.06111
1.03221
1.08413
1.03645
1.052
1.10231
1.08464
1.0113
1.01508
1.04923
1.06082
1.03777
1.02639
1.00952
1.04544
1.0285
1.00772
1.00367
1.02745
1.02805
1.06732
1.03067
1.00407
1.01285
1.05192
1.02279
1.00913
1.04566
1.05618
1.04886
1.00456
1.02593
1.03526
1.03245
1.04437
1.01385
1.08657
1.01318
1.17729
1.01486
1.03053
1.0158
1.05466
1.01362
1.1137
1.02651
1.00236
1.04233
1.05797
1.00818
1.02257
1.02115
1.01963
1.05262
1.01059
1.10514
1.08349
1.01306
1.05113
1.01502
1.17244
1.02318
1.08404
1.09868
1.01076
1.03988
1.03766
1.0835
1.09653
1.07375
1.01419
1.03944
1.12356
1.01573
1.03974
1.03965
1.04005
1.0002
1.00377
1.02377
1.10199
1.03367
1.03256
1.03323
1.01817
1.07015
1.0719
1.0201
1.0247
1.14475
1.04517
1.05142
1.00851
1.01504
1.02153
1.04714
1.04248
1.00906
1.02575
1.0484
1.01612
1.03546
1.01276
1.04055
1.05545
1.02994
1.00227
1.00314
1.01609
1.04308
1.02028
1.02742
1.04322
1.0183
1.04332
1.00869
1.03691
1.0145
1.11447
1.10087
1.05964
1.04351
1.00634
1
1.02283
1.053
1.02077
1.02422
1.01159
1.16596
1.06129
1.03207
1.05428
1.07184
1.03251
1.05972
1.0217
1.02379
1.03594
1.01787
1.15542
1.07732
1.06996
1.04143
1.00712
1.08184
1.06615
1.06715
1.02317
1.06046
1.00219
1.08761
1.01419
1.03799
1.05426
1.06828
1.02489
1.11662
1.01951
1.01599
1.02
1.0681
1.06594
1.05867
1.02117
1.01476
1.01575
1.03099
1.02743
1.01209
1.0093
1.06599
1.0182
1.04695
1.01137
1.00542
1.09934
1.03012
1.09087
1.08252
1.02845
1.03047
1.06731
1.02833
1.01841
1.01729
1.04526
1.08657
1.03216
1.0015
1.04944
1.01374
1.03824
1.01823
1.05262
1.13985
1.02505
1.02279
1.03416
1.06671
1.06237
1.0216
1.0221
1.05353
1.02049
1.01166
1.0893
1.02737
1.01789
1.09179
1.01827
1.01825
1.0449
1.0013
1.0699
1.04196
1.02257
1.02501
1.09764
1.04011
1.02156
1.06492
1.03289
1.04343
1.00203
1.06285
1.04049
1.04532
1.0643
1.10486
1.01328
1.1062
1.0271
1.06299
1.05517
1.0174
1.06157
1.05198
1.04061
1.06143
1.00078
1.00231
1.02996
1.021
1.03121
1.00287
1.00835
1.00285
1.01613
1.14611
1.00105
1.12641
1.03848
1.01371
1.10379
1.16558
1.0625
1.03009
1.02232
1.00954
1.01413
1.01538
1.02255
1.06
1.04235
1.04058
1.04848
1.03168
1.04635
1.05919
1.03808
1.06587
1.04816
1.05144
1.06935
1.03722
1.04836
1.01405
1.03197
1.05001
1.01455
1.01096
1.04522
1.0739
1.02141
1.10116
1.01284
1.05158
1.04713
1.03312
1.04472
1.07563
1.06785
1.04003
1.05085
1.00701
1.01978
1.03504
1.05138
1.04165
1.00185
1.07038
1.01407
1.01902
1.02096
1.04021
1.09885
1.01319
1.03138
1.0453
1.02272
1.00243
1.01112
1.06173
1.06937
1.01562
1.10463
1.03798
1.04642
1.04818
1.05102
1.02876
1.21318
1.07357
1.00824
1.01561
1.03346
1.04213
1.01611
1.01202
1.01111
1.02295
1.03864
1.03495
1.03858
1.05374
1.01088
1.08059
1.05095
1.01334
1.05893
1.11403
1.02231
1.02586
1.01778
1.03895
1.02375
1.02436
1.06821
1.04177
1.13404
1.01386
1.05692
1.07329
1.03905
1.0386
1.03277
1.01049
1.04618
1.03114
1.05769
1.1491
1.00954
1.04738
1.01265
1.01726
1.0217
1.04822
1.03081
1.01429
1.03276
1.03763
1.01747
1.05002
1.04433
1.03525
1.05736
1.00937
1.1266
1.09364
1.10198
1.0184
1.0478
1.10553
1.03233
1.00543
1.00424
1.07693
1.04004
1.02464
1.00114
1.13683
1.13233
1.07277
1.03326
1.05765
1.00161
1.03251
1.0529
1.04531
1.04966
1.01776
1.04984
1.00474
1.06941
1.0293
1.02838
1.00793
1.05612
1.01228
1.0485
1.03301
1.09446
1.06327
1.00744
1.01687
1.02903
1.06264
1.0481
1.10742
1.0209
1.08783
1.02569
1.03555
1.02154
1.01903
1.00934
1.03765
1.05582
1.02027
1.02659
1.03426
1.03949
1.01171
1.05571
1.16144
1.04392
1.04844
1.01258
1.01043
1.04849
1.04735
1.06983
1.00476
1.07822
1.00117
1.00944
1.02906
1.00573
1.05065
1.02321
1.02095
1.07614
1.0089
1.03766
1.03121
1.01033
1.07736
1.02012
1.02749
1.03777
1.03579
1.06741
1.0972
1.02982
1.07102
1.03015
1.01777
1.04797
1.04802
1.07637
1.02799
1.0023
1.03886
1.0861
1.03877
1.06247
1.08216
1.05536
1.01686
1.08427
1.05482
1.03662
1.03906
1.00928
1.0311
1.05406
1.01919
1.0538
1.07986
1.01699
1.0514
1.02165
1.02414
1.02729
1.02212
1.00614
1.00684
1.07849
1.06767
1.03091
1.04811
1.08632
1.02425
1.02571
1.0118
1.00383
1.05319
1.03408
1.01614
1.02623
1.03744
1.02618
1.01813
1.00335
1.0352
1.0444
1.12683
1.03483
1.03821
1.05706
1.03941
1.06359
1.00806
1.07657
1.12149
1.05987
1.04781
1.01421
1.08256
1.02533
1.04234
1.03457
1.03126
1.01989
1.04391
1.04074
