1.09323
1.07297
1.07598
1.04811
1.03793
1.00137
1.02752
1.0522
1.09128
1.05497
1.09174
1.03743
1.04099
1.09188
1.01441
1.01116
1.02965
1.06031
1.0972
1.05942
1.02009
1.03704
1.03759
1.03488
1.17566
1.03766
1.03548
1.03652
1.03293
1.06367
1.04976
1.10194
1.00315
1.04083
1.03659
1.00821
1.03792
1.00772
1.01838
1.0556
1.0299
1.0312
1.01875
1.1389
1.00779
1.02706
1.04015
1.0678
1.01279
1.081
1.05604
1.00054
1.05916
1.00666
1.04452
1.05264
1.03969
1.01717
1.034
1.01889
1.06792
1.06763
1.13654
1.08691
1.05484
1.03741
1.02908
1.01841
1.05823
1.04989
1.02383
1.00487
1.02809
1.04815
1.0238
1.02331
1.10698
1.0361
1.00458
1.08291
1.05724
1.05177
1.02582
1.02587
1.00759
1.02094
1.02428
1.01629
1.00213
1.16541
1.04095
1.0683
1.01241
1.01007
1.02368
1.01811
1.01631
1.01828
1.05623
1.01246
1.0353
1.04828
1.05738
1.17314
1.06203
1.0544
1.03398
1.00586
1.06163
1.03356
1.00876
1.07394
1.06083
1.03897
1.03572
1.06997
1.03794
1.02264
1.08939
1.01257
1.02757
1.01153
1.04913
1.04557
1.02185
1.05921
1.06106
1.02775
1.03547
1.00519
1.05102
1.04416
1.04005
1.04549
1.02196
1.03687
1.04728
1.01278
1.11001
1.0402
1.03204
1.06795
1.02572
1.08495
1.03734
1.04552
1.02066
1.02086
1.05124
1.02334
1.02958
1.02894
1.04509
1.04496
1.04617
1.05236
1.00764
1.03632
1.01753
1.0254
1.02723
1.04617
1.0261
1.02202
1.06174
1.0705
1.00296
1.02921
1.02364
1.08389
1.10056
1.0204
1.02737
1.05462
1.00035
1.05703
1.05022
1.031
1.05165
1.04618
1.0147
1.0528
1.02757
1.05393
1.04362
1.02755
1.03344
1.02835
1.0915
1.04066
1.03144
1.0357
1.06522
1.05518
1.03214
1.03143
1.03817
1.05296
1.02779
1.03818
1.06509
1.00931
1.01347
1.06657
1.01427
1.03521
1.0209
1.00899
1.01547
1.02584
1.09075
1.06745
1.02397
1.03212
1.03893
1.00593
1.01464
1.0195
1.01659
1.00022
1.0333
1.00206
1.04259
1.14117
1.02627
1.07728
1.01519
1.03727
1.06738
1.02123
1.02282
1.01487
1.00025
1.02202
1.0244
1.06704
1.01038
1.05575
1.04711
1.0154
1.08258
1.05644
1.05127
1.05374
1.00061
1.02377
1.05882
1.00692
1.00094
1.04628
1.03095
1.06902
1.03003
1.06701
1.09047
1.05179
1.00097
1.01063
1.05637
1.00763
1.0453
1.03162
1.03851
1.11348
1.03554
1.01164
1.01956
1.08241
1.07577
1.01586
1.01508
1.01988
1.12547
1.01633
1.03139
1.02059
1.02896
1.06922
1.08938
1.04934
1.02621
1.03146
1.09437
1.06778
1.05354
1.01574
1.01787
1.08339
1.05982
1.00148
1.01985
1.01549
1.00579
1.01976
1.02212
1.02818
1.04957
1.04194
1.03777
1.09815
1.00085
1.03335
1.03728
1.02089
1.01116
1.04378
1.08986
1.01498
1.01969
1.03502
1.0042
1.03227
1.00319
1.03895
1.05503
1.05808
1.03675
1.06149
1.05646
1.01022
1.08227
1.05453
1.05295
1.05562
1.04045
1.07963
1.00219
1.03648
1.0368
1.04949
1.02185
1.07039
1.17591
1.03864
1.0491
1.02504
1.02371
1.02102
1.01983
1.03488
1.04143
1.06189
1.03024
1.03149
1.03372
1.12055
1.07438
1.07226
1.02538
1.01369
1.07958
1.00878
1.02342
1.02688
1.07505
1.04956
1.05859
1.00397
1.07083
1.04479
1.15451
1.00112
1.06892
1.06165
1.00428
1.02968
1.04762
1.02778
1.04042
1.09178
1.00917
1.02478
1.00964
1.03826
1.0428
1.02886
1.05114
1.01601
1.06527
1.0606
1.06945
1.05118
1.01907
1.02506
1.07852
1.03843
1.04073
1.00364
1.03801
1.005
1.04816
1.08163
1.04404
1.03059
1.01629
1.03413
1.03553
1.05633
1.02152
1.02257
1.06733
1.05977
1.05327
1.06596
1.08453
1.02704
1.04516
1.07966
1.01821
1.131
1.05575
1.04541
1.06212
1.02169
1.00088
1.04584
1.06958
1.01216
1.05212
1.01848
1.00809
1.0193
1.01235
1.00033
1.0581
1.03761
1.04259
1.01469
1.06616
1.03678
1.11785
1.01573
1.03333
1.02797
1.01117
1.04107
1.02644
1.07584
1.08396
1.10614
1.03198
1.02713
1.00612
1.02314
1.02575
1.02153
1.04904
1.01635
1.03425
1.03226
1.02381
1.05994
1.11513
1.01801
1.04661
1.00586
1.11414
1.08751
1.07412
1.03601
1.12301
1.05616
1.04842
1.08567
1.06234
1.00455
1.09647
1.01348
1.04943
1.00637
1.03335
1.02527
1.01611
1.05044
1.0305
1.03189
1.0047
1.01394
1.04568
1.03514
1.02414
1.00516
1.01137
1.04789
1.01304
1.0557
1.02498
1.03589
1.00054
1.0485
1.03979
1.0222
1.21107
1.05412
1.00305
1.02911
1.02744
1.03121
1.01237
1.09054
1.02243
1.04085
1.08998
1.06383
1.02195
1.0722
1.06146
1.0262
1.03636
1.02255
1.06779
1.04237
1.00208
1.0602
1.00278
1.03254
1.02251
1.03981
1.01572
1.05943
1.06622
1.10097
1.00079
1.04737
1.04296
1.00373
1.0247
1.06112
1.04163
1.02774
1.00311
1.05275
1.04224
1.06636
1.1942
1.0646
1.03556
1.06164
1.03007
1.07106
1.04343
1.08383
1.00001
1.04604
1.08132
1.01369
1.02656
1.03883
1.07769
1.03136
1.05388
1.02126
1.02898
1.00753
1.06857
1.00804
1.05797
1.00592
1.00234
1
1.01872
1.04392
1.12403
1.01862
1.05949
1.05936
1.05246
1.03995
1.07177
1.00285
1.04724
1.10126
1.07226
1.0246
1.0521
1.11613
1.00699
1.06968
1.01349
1.03134
1.01858
1.01683
1.03136
1.06657
1.05324
1.01625
1.02104
1.02788
1.06603
1.02916
1.04411
1.02479
1.01287
1.01855
1.05449
1.03946
1.02012
1.0193
1.0064
1.06363
1.02361
1.00825
1.00419
1.00652
1.1011
1.04523
1.02627
1.06116
1.03347
1.02525
1.0258
1.05095
1.0803
1.0099
1.03045
1.07209
1.01812
1.0459
1.07108
1.04706
1.02871
1.0893
1.03649
1.04662
1.02158
1.03806
1.01315
1.03311
1.10853
1.02716
1.03055
1.02174
1.07439
1.00932
1.04946
1.06192
1.03183
1.03456
1.0374
1.08355
1.01416
1.04815
1.02839
1.00755
1.02689
1.00778
1.03602
1.07103
1.04112
1.03695
1.08737
1.05325
1.06035
1.09664
1.01949
1.04309
1.01184
1.02037
1.02961
1.02403
1.0033
1.02112
1.0218
1.03669
1.05927
1.07666
1.04121
1.02361
1.044
1.0334
1.00711
1.06255
1.01088
1.03886
1.02758
1.0276
1.02545
1.0697
1.00658
1.05296
1.04664
1.02566
1.02898
1.09568
1.02107
1.00777
1.06078
1.03678
1.04336
1.02488
1.02202
1.03176
1.0192
1.07036
1.00409
1.03832
1.02202
1.05758
1.0451
1.03301
1.00066
1.05865
1.07393
1.01683
1.04424
1.07055
1.15289
1.03012
1.03208
1.02044
1.05374
1.02792
1.1179
1.00489
1.01527
1.0384
1.05093
1.04709
1.04321
1.05817
1.02007
1.0848
1.07034
1.05551
1.00317
1.0453
1.03326
1.01706
1.01919
1.06077
1.01419
1.08668
1.04549
1.00173
1.04873
1.00462
1.06031
1.01608
1.0158
1.01782
1.05257
1.03936
1.0498
1.11104
1.06539
1.04276
1.0602
1.01564
1.02859
1.05055
1.02
1.03567
1.02943
1.03258
1.10816
1.0247
1.03979
1.04302
1.03405
1.02594
1.01204
1.03798
1.01946
1.02853
1.03146
1.03862
1.00044
1.02944
1.06292
1.0276
1.04535
1.00603
1.02462
1.00681
1.07443
1.01469
1.04472
1.00302
1.08016
1.03558
1.02541
1.02356
1.03307
1.07645
1.02644
1.00284
1.07561
1.05283
1.00139
1.04684
1.07856
1.00415
1.06376
1.1088
1.01117
1.04284
1.02243
1.05163
1.02765
1.00659
1.00967
1.03501
1.00172
1.08539
1.02782
1.08994
1.01123
1.01025
1.10581
1.04015
1.06071
1.04295
1.02637
1.01941
1.01668
1.03803
1.12451
1.03803
1.02441
1.00665
1.01733
1.02718
1.00836
1.0512
1.02149
1.06286
1.02171
1.10606
1.01056
1.02394
1.02028
1.00919
1.02258
1.00574
1.02893
1.07102
1.10535
1.01532
1.04269
1.05432
1.00632
1.07379
1.09963
1.04507
1.01061
1.01243
1.07462
1.02393
1.02455
1.01966
1.04389
1.00653
1.02255
1.0352
1.01734
1.04296
1.01526
1.04062
1.05087
1.06846
1.15273
1.06316
1.07262
1.05478
1.05991
1.04053
1.02817
1.04762
1.0149
1.02144
1.07513
1.02062
1.05686
1.06769
1.02299
1.01152
1.06632
1.04649
1.0129
1.06332
1.08387
1.02176
1.05499
1.04268
1.00567
1.02912
1.02289
1.00437
1.02034
1.01718
1.0264
1.06473
0.999181
1.03659
1.00475
1.02216
1.02567
1.0323
1.04735
1.0275
1.00725
1.05364
1.02956
1.04101
1.02598
1.02777
1.0656
1.01157
1.02877
1.0149
1.13141
1.0277
1.02567
1.05319
1.04562
1.10674
1.0653
1.06039
1.047
1.08225
1.00689
1.121
1.03921
1.03815
1.05541
1.02743
1.02838
1.12706
1.02667
1.03187
1.05437
1.05911
1.02638
1.07064
1.02331
1.05982
1.02348
1.01558
1.05976
1.02367
1.03526
1.01357
1.02897
1.04209
1.04144
1.03752
1.03022
1.05652
1.09262
1.02731
1.08624
1.0443
1.02635
1.06579
1.05195
1.03565
1.02924
1.07025
1.03595
1.07828
1.04286
1.05381
1.07527
1.00792
1.07215
1.04045
1.04202
1.02799
1.00103
1.0088
1.03716
1.05832
1.05548
1.01247
1.0486
1.09457
1.0384
1.03428
1.01098
1.06848
1.07027
1.04842
1.03968
1.02378
1.07428
1.04065
1.02602
1.03545
1.0724
1.01121
1.02468
1.02336
1.02133
1.01468
1.04686
1.07301
1.03696
1.08298
1.01428
1.0286
