1.02766
1.02334
1.03272
1.03147
1.05809
1.0354
1.11693
1.04215
1.07772
1.0668
1.05425
1.03438
1.00849
1.032
1.09253
1.00462
1.0291
1.07305
1.05731
1.00128
1.06881
1.07243
1.15717
1.04874
1.04699
1.03246
1.03813
1.01828
1.02441
1.05095
1.02177
1.01475
1.03104
1.02975
1.05453
1.00527
1.07661
1.10782
1.03975
1.05185
1.02246
1.02951
1.04466
1.00534
1.04008
1.0714
1.03604
1.06309
1.01912
1.04734
1.05115
1.02301
1.0398
1.08879
1.05677
1.01108
1.08276
1.02265
1.01706
1.03016
1.0143
1.01548
1.07612
1.04271
1.02361
1.01907
1.01617
1.00582
1.02787
1.07649
1.0012
1.18114
1.0546
1.00564
1.00245
1.07202
1.05189
1.08178
1.07433
1.0033
1.04673
1.02391
1.02977
1.07778
1.01138
1.06366
1.03865
1.07605
1.06265
1.04183
1.00775
1.00567
1.04134
1.01237
1.07299
1.03961
1.01122
1.01111
1.04467
1.02672
1.05957
1.0021
1.07091
1.01252
1.00976
1.01688
1.04291
1.02324
1.05959
1.00434
1.07103
1.02666
1.01487
1.02537
1.05468
1.07745
1.02312
1.08028
1.02139
1.04969
1.01536
1.01946
1.00757
1.00537
1.00418
1.06165
1.0631
1.06229
1.02252
1.06828
1.0339
1.04622
1.01048
1.14201
1.04938
1.03402
1.07397
1.06507
1.03495
1.04127
1.03109
1.06912
1.00609
1.04139
1.05146
1.02109
1.00099
1.0446
1.04948
1.03061
1.02089
1.00749
1.03028
1.0042
1.08984
1.04323
1.0475
1.01405
1.02978
1.01926
1.04697
1.03348
1.07554
1.0254
1.02298
1.03391
1.04894
1.07594
1.05918
1.03046
1.01979
1.05639
1.01977
1.01493
1.003
1.0581
1.02537
1.01549
1.00643
1.05581
1.02895
1.08953
1.0018
1.04259
1.02569
1.04669
1.04691
1.00435
1.02265
1.02416
1.00966
1.11294
1.08818
1.02767
1.05979
1.02399
1.06969
1.06623
1.0232
1.02713
1.03649
1.02602
1.04597
1.04393
1.01354
1.00656
1.06977
1.0012
1.01774
1.04524
1.02703
1.05985
1.01007
1.04161
1.0665
1.05321
1.01755
1.0378
1.04075
1.05067
1.02528
1.03186
1.01264
1.04836
1.03225
1.00646
1.06072
1.06248
1.03862
1.0422
1.04621
1.04208
1.06967
1.02521
1.03173
1.06248
1.05948
1.0988
1.00635
1.03095
1.01007
1.06853
1.03922
1.05107
1.0758
1.02004
1.0317
1.01199
1.0356
1.01881
1.0193
1.06815
1.02332
1.00215
1.02834
1.1015
1.08037
1.07907
1.03645
1.07284
1.02083
1.05625
1.03018
1.08051
1.04043
1.0256
1.05793
1.01518
1.01772
1.03484
1.03607
1.02103
1.05428
1.02185
1.04511
1.05928
1.03909
1.01982
1.03105
1.04202
1.07945
1.02819
1.05686
1.02602
1.03198
1.0228
1.05423
1.04647
1.03079
1.08784
1.04994
1.04608
1.01985
1.01856
1.03299
1.00849
1.05767
1.0546
1.05078
1.04958
1.03887
1.0597
1.00786
1.11453
1.04753
1.01497
1.05147
1.0477
1.03102
1.01715
1.01646
1.01311
1.01334
1.00167
1.07439
1.02056
1.01315
1.06837
1.07361
1.00705
1.02796
1.0481
1.03882
1.0642
1.00534
1.00617
1.05274
1.05514
1.04889
1.00369
1.02775
1.01276
1.09966
1.04768
1.00549
1.02748
1.06683
1.03815
1.01642
1.05349
1.00975
1.03989
1.03689
1.04314
1.04589
1.04192
1.04018
1.07661
1.05705
1.15399
1.18285
1.02194
1.0122
1.06954
1.02021
1.03465
1.04869
1.06376
1.03178
1.05316
1.0432
1.03469
1.04567
1.01536
1.0623
1.02694
1.06262
1.04408
1.01328
1.0558
1.06076
1.02902
1.06998
1.0164
1.06833
1.04773
1.06837
1.06607
1.0324
1.05788
1.05955
1.04769
1.08707
1.0869
1.01456
1.04095
1.01019
1.00272
1.05858
1.06898
1.04987
1.00995
1.05357
1.05982
1.00857
1.02276
1.00083
1.03422
1.04718
1.01672
1.04136
1.04467
1.10165
1.04502
1.06627
1.02363
1.03715
1.03312
1.06573
1.10238
1.03977
1.01537
1.03469
1.03262
1.02035
1.04913
1.06772
1.02212
1.04389
1.05637
1.00007
1.00074
1.037
1.04033
1.00284
1.02475
1.01568
1.01017
1.0309
1.00697
1.01239
1.04902
1.00831
1.06232
1.03397
1.02292
1.04431
1.0031
1.01886
1.03748
1.02619
1.02572
1.04332
1.06283
1.06859
1.04331
1.03025
1.01948
1.04357
1.02896
1.03482
1.02003
1.04168
1.05571
1.03706
1.05767
1.06265
1.02491
1.02328
1.03255
1.0325
1.02832
1.04811
1.06882
1.08465
1.04523
1.02778
1.11862
1.02783
1.07643
1.04025
1.05424
1.01981
1.02407
1.01637
1.03038
1.0262
1.04538
1.02016
1.05954
1.03376
1.05623
1.06603
1.05947
1.03514
1.06739
1.03581
1.00698
1.00911
1.02267
1.03285
1.02471
1.03623
1.0169
1.00653
1.02696
1.06168
1.01575
1.05292
1.05415
1.01632
1.04496
1.03749
1.00128
1.04377
1.05188
1.0396
1.01392
1.04673
1.04388
1.10333
1.02519
1.01294
1.07249
1.04168
1.02905
1.02279
1.06418
1.04412
1.09173
1.05042
1.03195
1.03778
1.05931
1.01616
1.03899
1.03116
1.10149
1.03855
1.09178
1.01926
1.02273
1.03285
1.02366
1.01639
1.00706
1.0347
1.04056
1.00528
1.03419
1.01984
1.03655
1.04457
1.03315
1.04752
1.04632
1.07388
1.04337
1.0424
1.02709
1.06112
1.03597
1.01904
1.02173
1.06281
1.05631
1.02588
1.08373
1.01754
1.07245
1.01001
1.07558
1.04206
1.03379
1.01055
1.00564
1.04951
1.0257
1.08608
1.03904
1.01308
1.01678
1.03616
1.03402
1.07895
1.12633
1.0117
1.04458
1.00569
1.0246
1.02169
1.02042
1.01021
1.0105
1.04988
1.04902
1.02891
1.02398
1.03127
1.05628
1.04534
1.0332
1.00223
1.12859
1.05143
1.11302
1.04919
1.02293
1.03625
1.00583
1.03076
1.04916
1.0824
1.01141
1.00533
1.03967
1.00321
1.04365
1.03061
1.05024
1.08124
1.01573
1.03681
1.02813
1.03939
1.03121
1.00298
1.01275
1.13474
1.02507
1.04009
1.06011
1.06409
1.04984
1.00378
1.03059
1.01693
1.06579
1.04313
1.08321
1.01683
1.09829
1.06151
1.03991
1.05383
1.0318
1.09043
1.03258
1.05713
1.09467
1.04057
1.03903
1.0342
1.04257
1.0189
1.02106
1.05746
1.08595
1.05979
1.07782
1.04274
1.02239
1.02108
1.0731
1.07571
1.00222
1.06426
1.00634
1.07889
1.05926
1.08911
1.04379
1.00708
1.0194
1.06535
1.05345
1.04771
1.00891
1.0314
1.05584
1.0758
1.02339
1.01308
1.04943
1.02995
1.08039
1.03407
1.04408
1.05948
1.03888
1.04023
1.0495
1.10872
1.00244
1.00246
1.02629
1.03599
1.04244
1.03725
1.06485
1.0174
1.04649
1.05487
1.07648
1.02045
1.06935
1.03791
1.0417
1.06194
1.0473
1.02374
1.02388
1.02898
1.03512
1.01683
1.00588
1.05159
1.02232
1.00991
1.07264
1.00741
1.02546
1.03196
1.04514
1.06076
1.05168
1.08325
1.04493
1.02854
1.00971
1.02802
1.0704
1.03627
1.02239
1.05908
1.04012
1.05841
1.0809
1.14932
1.01301
1.04474
1.03911
1.05276
1.02798
1.01721
1.01497
1.04692
1.05043
1.04798
1.01861
1.04141
1.04145
1.03759
1.01583
1.02575
1.01048
1.12084
1.0481
1.00333
1.02851
1.11089
1.02198
1.0111
1.05938
1.02241
1.04656
1.01864
1.02754
1.02922
1.02575
1.06334
1.13424
1.03943
1.00658
1.02479
1.07532
1.03496
1.04244
1.04245
1.10107
1.02463
1.03875
1.04054
1.03545
1.02737
1.14138
1.02044
1.01172
1.0538
1.0429
1.04483
1.0546
1.04113
1.0945
1.03887
1.1145
1.01795
1.01891
1.02916
1.00363
1.01719
1.04817
1.05532
1.01081
1.04102
1.01415
1.08891
1.04835
1.04351
1.04056
1.0365
1.01775
1.05301
1.00126
1.06479
1.00289
1.14056
1.0142
1.02691
1.03379
1.00683
1.07284
1.05943
1.01603
1.0514
1.04155
1.05228
1.09551
1.04134
1.01905
1.01891
1.01096
1.04611
1.00022
1.05157
1.04111
1.00538
1.07029
1.05608
1.05195
1.06293
1.00146
1.07351
1.04624
1.06105
1.03851
1.0051
1.05352
1.08431
1.04861
1.02352
1.01932
1.00405
1.02812
1.03485
1.04979
1.03406
1.03871
1.08879
1.03112
1.13667
1.217
1.07069
1.14859
1.0211
1.05962
1.04264
1.00849
1.02009
1.09781
1.0502
1.06087
1.01747
1.0145
1.00102
1.03933
1.05002
1.00211
1.07963
1.05137
1.04958
1.03534
1.09273
1.00547
1.02825
1.05578
1.10714
1.06813
1.02261
1.00234
1.04781
1.05254
1.01075
1.03778
1.04084
1.06946
1.0789
1.05107
1.01754
1.03319
1.01425
1.01304
1.04999
1.07341
1.00937
1.02811
1.00433
1.04934
1.1284
1.02032
1.05178
1.00094
1.0287
1.00273
1.05094
1.04067
1.01633
1.03991
1.04211
1.0568
1.01994
1.01572
1.05656
1.02048
1.02551
1.02863
1.05741
1.00811
1.02494
1.03209
1.04062
1.0186
1.065
1.0161
1.0727
1.03345
1.00522
1.02972
1.01719
1.01653
1.03798
1.03691
1.05711
1.02132
1.04467
1.03301
1.10299
1.05348
1.05786
1.06518
1.03632
1.06051
1.06935
1.04548
1.04065
1.03849
1.03395
1.00961
1.003
1.02976
1.01762
1.03373
1.02573
1.05831
1.03144
1.02848
1.0698
1.07931
1.03787
1.01653
1.01467
1.00228
1.04878
1.07334
1.02246
1.05012
1.01681
1.05565
1.01938
1.09733
1.03126
1.11495
1.03322
1.09161
1.05673
1.05569
1.07077
1.02638
1.0168
1.02827
1.05305
1.01454
1.04038
1.06133
1.08015
1.0692
1.05971
1.02409
1.07919
1.03377
1.03555
1.00929
1.01984
1.0311
1.03382
1.06878
1.02245
1.05484
1.04767
1.06448
