1.06707
1.08203
1.01987
1.08382
1.04676
1.04848
1.9058
1.24537
1.04359
1.03267
1.04782
1.04006
1.02905
1.03987
1.15377
1.17536
1.26002
1.14928
1.0852
1.05227
1.04086
1.01701
1.03379
1.14246
1.04098
1.09078
1.05325
1.13939
1.10617
1.00975
1.00953
1.03151
1.02098
1.06571
1.08737
1.02894
1.08513
1.13415
1.07122
1.05422
1.00013
1.69508
1.03778
1.02524
0.992082
1.19957
1.00759
1.09336
1.03158
1.10553
1.01396
1.06411
1.01131
1.07496
1.30975
1.03934
1.12701
1.55848
1.13082
1.0443
1.02678
1.02181
1.06818
1.00715
1.01786
1.04015
1.0755
1.19806
1.00867
1.08091
1.2015
1.06009
1.0748
1.05788
1.70298
1.05686
1.08016
1.07299
1.26705
1.03434
1.01603
1.22602
1.04201
1.02147
1.0322
1.09877
1.20731
1.01224
1.0116
1.03899
1.24464
1.06163
1.04851
1.96559
1.04017
1.11378
1.0324
1.01547
1.05417
1.03648
1.05575
1.03413
1.0303
1.10439
1.03598
1.022
1.04074
1.04285
1.06797
1.08713
1.08755
1.24461
1.08025
1.09441
1.13186
1.1313
1.32886
1.1897
1.04902
1.03962
1.04468
1.04414
1.02461
1.03195
1.02989
1.03613
1.07422
1.06326
1.00905
1.05463
1.08553
1.04202
1.02647
1.20644
1.02138
1.0487
1.01887
1.06939
1.04664
1.05839
1.48289
1.36423
1.11231
1.16683
1.31273
1.07594
1.05295
1.14942
1.22062
1.59391
1.26425
1.03658
1.03231
1.52153
1.05174
1.0553
1.0653
1.01696
1.098
1.07855
1.0215
1.10431
1.28209
1.33489
1.17627
1.2658
1.16324
1.00106
1.06294
1.64426
1.04527
1.08081
1.08696
1.05932
1.02732
1.05805
1.15092
1.15659
1.14535
1.16069
1.67929
1.27029
1.44755
1.0412
2.16501
1.03598
1.01921
1.05241
1.12561
1.24497
1.1541
1.17823
1.25074
1.08228
1.27966
1.01576
1.0411
1.03875
1.03814
1.02957
1.13183
1.06973
1.31806
1.31117
1.02065
1.03794
1.03326
1.06802
1.10145
1.01502
1.06212
1.12267
1.01092
1.0506
1.17157
1.08509
1.03379
1.02165
1.14346
1.11834
1.038
1.07737
1.55622
1.09449
1.09735
1.05138
1.13095
1.04026
1.02561
1.04832
1.06749
1.06801
1.39412
1.02134
1.09671
1.37458
1.00864
1.02015
1.09535
1.18939
1.01191
1.23956
1.01309
1.07047
1.002
1.02808
1.0458
1.23565
1.01394
1.00436
1.24674
1.05194
1.02431
1.00888
1.01984
1.03862
1.05407
1.03797
1.2951
1.12716
1.34033
1.0303
1.18158
1.02655
1.03675
1.03663
1.08185
1.31302
1.03055
1.03016
1.12493
1.03214
1.03424
1.01906
1.02946
1.15018
1.18185
1.08137
1.0999
1.02775
1.0353
1.35122
1.02054
1.0423
1.04292
1.42658
1.00758
1.04394
1.03644
1.05805
1.00539
1.00363
1.01456
1.01579
1.12749
1.06763
1.51506
1.0498
1.1252
1.04274
1.39997
1.06962
1.06441
1.03503
1.18086
1.11654
1.04004
1.16115
1.07247
1.00934
1.08821
1.04304
1.43127
1.05845
1.04526
1.00804
1.04103
1.25097
1.14485
1.01498
1.02622
1.03929
1.03731
1.03584
1.03003
1.10607
1.09961
1.02548
1.07725
1.02653
1.05045
1.03426
1.27793
1.17871
1.22546
1.00601
1.10335
1.17791
1.21521
1.03079
1.01449
1.00513
1.08452
1.23873
1.09595
1.04975
1.18645
1.00688
1.07657
1.06194
1.08676
1.01993
1.04118
1.04205
1.06181
1.0519
1.06461
1.07704
1.10099
1.0241
1.13875
1.0583
1.04995
1.04224
1.36606
1.03241
1.10991
1.05522
1.9191
1.04367
1.18664
1.04563
1.02758
1.02243
1.02425
1.05224
1.06775
1.04748
1.04954
1.03351
1.18457
1.17793
1.13971
1.1049
1.46798
1.11494
1.07381
1.02256
1.06997
1.10969
1.09359
1.04427
1.48299
1.00297
1.08615
1.00065
1.01357
1.01834
1.04313
1.07737
1.076
1.05286
1.97871
1.05841
1.08166
1.30871
1.07583
1.05917
1.00703
1.01809
1.0471
1.43664
1.01729
1.03335
1.06206
1.32716
1.25584
1.08293
1.16697
1.16453
1.06631
1.06267
1.02243
1.05926
1.00624
1.04982
1.00732
1.59695
1.08924
1.09158
1.04614
1.27617
1.34563
1.03759
1.03032
1.06574
1.053
1.07459
1.05572
1.03296
1.24773
1.13838
1.03681
1.06881
1.51773
1.03675
1.16475
1.13659
1.15052
1.06279
1.28089
1.1066
1.20483
1.12894
1.04694
1.17153
1.85396
1.06094
1.12444
1.10311
1.02552
1.08313
1.18535
1.26824
1.08341
1.08738
1.04116
1.07205
1.15029
1.03872
1.12525
1.09163
1.06614
1.01082
1.21462
1.045
1.03289
1.05491
1.04387
1.03335
1.00741
1.04379
1.33547
1.01708
1.02342
1.2463
1.46345
1.03988
1.09046
1.02142
1.06865
1.042
1.01157
1.15741
1.00229
1.0552
1.03208
1.09394
1.18958
1.05842
1.46218
1.00849
1.01987
1.06739
1.08299
1.09342
1.03526
1.06875
1.0428
1.12
1.11779
1.33872
1.01456
1.01717
1.02492
1.05147
1.08646
1.06264
1.04695
1.06472
1.04927
1.04425
1.12593
1.01875
1.0985
1.1646
1.05814
1.09939
1.01273
1.05446
1.29304
1.03916
1.09628
1.0284
1.03207
1.04547
1.02023
1.1132
1.05989
1.04354
1.07526
1.05418
1.1233
1.03522
1.07203
1.02609
1.06508
1.14903
1.11488
1.31152
1.0151
1.03691
1.01573
1.0224
1.00476
1.02991
1.05067
1.29166
1.00666
1.01045
1.04773
1.6171
1.03485
1.12571
1.12552
1.41417
1.29642
1.02429
1.01024
1.12368
1.04578
1.00795
1.04874
1.03667
1.03267
1.00366
1.16344
1.02894
1.01314
1.05659
1.01996
1.04098
1.0066
1.72251
1.0147
1.01793
1.08725
1.44291
1.09664
1.03512
1.1386
1.02038
1.03054
1.11263
1.09246
1.00211
1.11565
1.06207
1.20343
1.05541
1.03305
1.06764
1.06736
1.05698
1.08009
1.1626
1.08016
1.06653
1.10508
1.03456
1.13398
1.02384
1.01778
1.04386
1.02041
1.08073
1.0918
1.00333
1.03442
1.05001
1.072
1.00213
1.09092
1.02983
1.03855
1.10449
1.04814
1.05577
1.0222
1.10339
1.00347
1.16973
1.13924
1.22708
1.03407
1.04285
1.14525
1.06236
1.03855
1.0154
1.07427
1.13048
1.05439
1.12453
1.05497
1.0485
1.02519
1.06561
1.03833
1.10967
1.36319
1.05328
1.25265
1.12087
1.02391
1.06879
1.0554
1.13486
1.07988
1.10128
1.06848
1.0559
1.08181
1.00745
1.03814
1.08246
1.89104
1.05946
1.02243
1.07426
1.07561
1.04733
1.02942
1.06332
1.01155
1.09538
1.02434
1.11641
1.04726
1.18619
1.03063
1.03759
1.01869
1.06029
1.06326
1.01107
1.03776
1.6432
1.05124
1.05907
1.01377
1.02991
1.10903
1.03258
1.05739
1.02332
1.12813
1.37029
1.47828
1.18639
1.05117
1.39899
1.27157
1.06718
1.09331
1.07435
1.24721
1.63391
1.05475
1.03599
1.01746
1.02369
1.0306
1.04099
1.28052
1.0456
1.04993
1.05898
1.04238
1.66043
1.03953
1.26505
1.05035
1.14664
1.09935
1.18031
1.02702
1.23593
1.20638
1.06414
1.03889
1.03548
1.03263
1.08076
1.24225
1.01252
1.03675
1.04982
1.05366
1.03181
1.01444
1.03008
1.02234
1.02111
1.0553
1.13588
1.03655
1.07448
1.00125
1.11251
1.50458
1.07369
1.08458
1.06544
1.08547
1.00194
1.07611
1.0449
1.02727
1.01877
1.04807
1.0224
1.05387
1.38677
1.05369
1.16184
1.03026
1.01767
1.03749
1.05355
1.05191
1.02294
1.10822
1.07502
1.07039
1.05122
1.17115
1.02663
1.15678
1.31509
1.01227
1.1778
1.00749
1.02624
1.03805
1.03148
1.06315
1.21219
1.53028
1.42043
1.03423
1.02092
1.06744
1.04277
1.14327
1.06992
1.01757
1.2896
1.00297
1.03995
1.07193
1.13299
1.01991
1.04012
1.39795
1.02652
1.03334
1.02459
1.01749
1.0248
1.0209
1.01559
1.40405
1.01811
1.0567
1.0347
1.08942
1.15731
1.05053
1.34989
1.19167
1.03085
1.4149
1.04798
1.04521
1.06501
1.13172
1.397
1.04189
1.0169
1.01737
1.03238
1.01956
1.0467
1.04755
1.04498
1.05595
1.06157
1.20706
1.48026
1.02584
1.04348
1.10792
1.05547
1.05863
1.02816
1.16949
1.07024
1.03921
1.1408
1.03385
1.04676
1.03634
1.06503
1.06577
1.13795
1.32053
1.00625
1.07321
1.0492
1.03753
1.01943
1.07488
1.04105
0.990157
1.00757
1.07675
1.06441
1.13608
1.45783
1.03514
