0.260566
0.196338
0.156102
0.176493
0.492242
0.228904
0.176637
0.327411
0.165975
0.273856
0.178975
0.195726
0.243091
0.232931
0.175554
0.243706
0.23639
0.258002
0.208229
0.19376
0.165027
0.24844
0.158103
0.238764
0.322428
0.186956
0.20324
0.446674
0.322896
0.360029
0.191399
0.416638
0.453735
0.24649
0.186471
0.25505
0.342395
0.208552
0.176369
0.205157
0.175165
0.46746
0.239558
0.198832
0.242295
0.169676
0.228646
0.168459
0.183561
0.278536
0.208722
0.235888
0.164955
0.16855
0.343918
0.158887
0.270706
0.184781
0.391957
0.201077
0.150177
0.158012
0.155187
0.195829
0.149843
0.173151
0.334914
0.346444
0.176258
0.18833
0.146768
0.290487
0.190819
0.334739
0.27304
0.224234
0.286259
0.164839
0.202006
0.221016
0.465196
0.360779
0.376627
0.26972
0.315333
0.170499
0.31109
0.383055
0.371052
0.186858
0.284553
0.193465
