0.352396
0.201633
0.477396
0.246816
0.177122
0.315525
0.18077
0.166479
0.303102
0.194517
0.175504
0.198483
0.218559
0.198089
0.319868
0.204678
0.195092
0.284303
0.251914
0.386659
0.375528
0.181705
0.170899
0.244923
0.381519
0.15588
0.196124
0.225834
0.280818
0.235731
0.252944
0.328894
0.254864
0.241129
0.215154
0.375396
0.182164
0.195266
0.210587
0.223769
0.242345
0.195948
0.296109
0.383249
0.285929
0.17782
0.262965
0.320287
0.213242
0.369592
0.19637
0.338769
0.149738
0.283586
0.210572
0.23993
0.407657
0.182686
0.168522
0.382436
0.236342
0.287165
0.16553
0.330746
0.272201
0.302831
0.294619
0.239621
0.228755
0.181107
0.433766
0.153806
0.192378
0.192206
0.159387
0.136209
0.307679
0.274991
0.278965
0.18509
0.169621
0.170086
0.458457
0.304609
0.203622
0.187354
0.188957
0.148371
0.225136
0.339659
0.210303
0.287235
0.309553
0.293993
0.342445
