0.30674
0.219603
0.188199
0.264516
0.264811
0.290592
0.304093
0.338462
0.268528
0.187207
0.285361
0.231093
0.173839
0.269367
0.300277
0.173804
0.331359
0.182921
0.181079
0.180258
0.186767
0.175931
0.216951
0.369849
0.292089
0.433528
0.278344
0.248897
0.246887
0.282558
0.219807
0.193344
0.173799
0.168556
0.301054
0.186231
0.176976
0.255639
0.209199
0.181969
0.275324
0.255641
0.248146
0.187259
0.158459
0.266676
0.247592
0.370696
0.347452
0.271359
0.270063
0.302969
0.236914
0.174245
0.262151
0.247151
0.195831
0.244796
0.185914
0.24775
0.153808
0.478856
0.207155
0.296728
0.175548
0.396388
0.271865
0.160552
0.424166
0.170754
0.346956
0.149774
0.183939
0.322038
0.172969
0.24269
0.18052
0.318566
0.297249
0.311191
0.160804
0.292205
0.162067
0.266848
0.182734
0.184026
0.243317
0.253041
0.217012
0.166394
0.248775
0.234152
0.359946
0.160484
