0.340666
0.336915
0.357089
0.35033
0.218522
0.259706
0.236948
0.168235
0.297449
0.359906
0.165017
0.180626
0.2486
0.161261
0.294895
0.210874
0.296701
0.238808
0.195409
0.32127
0.231972
0.162571
0.183286
0.257831
0.168762
0.300401
0.18805
0.350967
0.454387
0.156774
0.219806
0.191235
0.407364
0.170151
0.324138
0.189332
0.170924
0.171911
0.333794
0.16609
0.228591
0.27814
0.345238
0.186958
0.212506
0.266715
0.43578
0.329252
0.282357
0.288894
0.284428
0.213277
0.238768
0.240919
0.325475
0.419884
0.201257
0.247348
0.308416
0.403262
0.317621
0.149539
0.203856
0.181339
0.290557
0.163823
0.284938
0.189497
0.192672
0.452191
0.184088
0.342422
0.436705
0.186988
0.297622
0.174271
0.271876
0.149315
0.200857
0.209577
0.318806
0.190036
0.276957
0.252253
0.471366
0.22579
0.333412
0.448558
0.21356
0.181629
0.350536
0.233701
0.224345
0.195802
