0.35986
0.39876
0.168952
0.366925
0.216926
0.286606
0.290688
0.388406
0.160767
0.204635
0.151319
0.226064
0.288429
0.237302
0.227805
0.203243
0.232863
0.325634
0.271677
0.339985
0.274465
0.172928
0.203422
0.313474
0.350264
0.388735
0.174876
0.233729
0.239112
0.16363
0.16672
0.168249
0.223631
0.278089
0.341214
0.271863
0.22249
0.243753
0.31921
0.186251
0.16278
0.186752
0.164823
0.22889
0.229945
0.174255
0.170964
0.168353
0.490742
0.376418
0.347116
0.181709
0.314041
0.303726
0.280013
0.175621
0.365245
0.164194
0.347923
0.161253
0.194874
0.194427
0.261455
0.200106
0.234409
0.203446
0.291091
0.1944
0.171242
0.228764
0.213957
0.257225
0.209758
0.222665
0.305504
0.215354
0.314753
0.307428
0.176272
0.215673
0.275909
0.240572
0.173617
0.242604
0.246628
0.168088
0.300492
0.236547
0.187983
0.245918
