0.55314
0.553002
0.60983
0.403542
0.555024
1.23274
1.23126
1.82934
1.28433
2.0164
2.13972
0.878145
1.57008
0.721218
0.476674
1.71582
0.967432
0.66715
1.79363
0.432183
2.00957
1.44207
1.06288
0.501809
0.916253
1.44545
0.477418
0.806859
2.22477
0.486908
0.610827
1.5459
1.91017
0.534112
1.30942
0.913894
0.580975
0.760368
1.24477
1.33534
1.14978
1.31979
0.823458
1.57011
0.47717
1.17092
0.620344
0.532709
0.586599
0.816068
0.36022
0.964152
1.09538
0.360362
0.752737
1.11393
1.94043
1.40606
0.827948
1.38819
1.80386
0.499805
0.757041
1.44177
0.915296
0.591456
1.60171
0.465617
1.1964
1.1283
1.05732
2.01818
0.363058
1.0764
0.510217
0.745233
0.542136
2.13227
0.837849
0.562191
0.396206
0.744289
0.458745
0.789172
1.13796
0.56376
1.46174
0.723555
0.445804
0.499673
1.09596
0.770797
0.452572
0.45095
0.573034
0.549694
0.414965
1.27529
1.36549
0.602448
0.69724
0.428953
0.621012
1.77854
0.376877
0.691935
0.563951
0.720232
0.746068
0.909766
1.42773
0.866871
1.05398
1.20393
2.14452
0.409627
0.421046
0.921072
0.550991
0.84171
1.27322
0.409431
1.43029
1.43595
1.73724
0.47301
0.764089
1.35796
1.60727
0.435747
0.457094
1.73074
0.600999
0.658846
0.661786
1.41035
0.581809
0.543485
0.739634
1.67644
0.508379
0.57144
1.23604
0.557368
1.96066
2.0586
0.869456
1.28288
1.8455
0.468313
0.481479
0.930643
0.839291
1.17964
1.66208
1.58434
0.955647
0.77195
0.507237
0.557108
1.32864
0.594032
2.02894
0.401645
0.420303
0.680772
0.528502
0.986943
0.81234
0.60983
0.403542
0.555024
1.23274
1.23126
1.82934
1.28433
2.0164
2.13972
0.878145
1.57008
0.721218
0.476674
1.71582
0.967432
0.66715
1.79363
0.432183
2.00957
1.44207
1.06288
0.501809
0.916253
1.44545
0.477418
0.806859
2.22477
0.486908
0.610827
1.5459
1.91017
0.534112
1.30942
0.913894
0.580975
0.760368
1.24477
1.33534
1.14978
1.31979
0.823458
1.57011
0.47717
1.17092
0.620344
0.532709
0.586599
0.816068
0.36022
0.964152
1.09538
0.360362
0.752737
1.11393
1.94043
1.40606
0.827948
1.38819
1.80386
0.499805
0.757041
1.44177
0.915296
0.591456
1.60171
0.465617
1.1964
1.1283
1.05732
2.01818
0.363058
1.0764
0.510217
0.745233
0.542136
2.13227
0.837849
0.562191
0.396206
0.744289
0.458745
0.789172
1.13796
0.56376
1.46174
0.723555
0.445804
0.499673
1.09596
0.770797
0.452572
0.45095
0.573034
0.549694
0.414965
1.27529
1.36549
0.602448
0.69724
0.428953
0.621012
1.77854
0.376877
0.691935
0.563951
0.720232
0.746068
0.909766
1.42773
0.866871
1.05398
1.20393
2.14452
0.409627
0.421046
0.921072
0.550991
0.84171
1.27322
0.409431
1.43029
1.43595
1.73724
0.47301
0.764089
1.35796
1.60727
0.435747
0.457094
1.73074
0.600999
0.658846
0.661786
1.41035
0.581809
0.543485
0.739634
1.67644
0.508379
0.57144
1.23604
0.557368
1.96066
2.0586
0.869456
1.28288
1.8455
0.468313
0.481479
0.930643
0.839291
1.17964
1.66208
1.58434
0.955647
0.77195
0.507237
0.557108
1.32864
0.594032
2.02894
0.401645
0.420303
0.680772
0.528502
0.986943
0.81234
0.486689
0.387545
0.876011
0.408694
0.87192
0.432255
0.378584
0.521576
1.78683
1.73813
0.586401
1.83791
0.471225
1.42574
0.939234
0.899662
2.05747
1.21112
0.676634
0.894194
0.866433
0.485306
1.38271
0.55691
1.70117
0.476911
0.397179
0.665861
1.26151
1.51872
0.763538
1.64301
0.536953
1.66031
0.985642
0.590547
0.665281
2.09749
0.723393
0.910668
0.488667
0.841139
1.24643
0.628656
1.66258
0.401049
0.802042
0.417735
0.505198
1.94271
0.401868
0.753497
0.435969
0.337493
1.48029
0.338726
0.545311
0.592789
0.523279
0.447098
0.51356
1.50326
0.453806
1.24499
1.9
1.71755
0.404174
2.07407
1.59223
0.46796
0.570559
1.59856
0.662637
0.567047
0.404325
0.603796
0.695058
1.86714
1.58925
0.69592
1.26468
0.452401
0.543367
0.62339
1.40272
0.468966
0.462612
0.409365
0.560153
1.48997
1.79134
1.26666
0.744562
1.23459
0.477304
0.564223
1.07923
0.524047
1.43364
0.612252
1.44185
0.812981
0.962228
1.84143
0.34548
0.817724
0.701727
0.917674
1.8733
1.04508
0.617002
0.754421
0.519818
1.04316
0.458966
0.469077
1.31167
0.457232
0.434189
0.583934
1.55644
0.429441
0.664275
1.89818
0.45617
0.752225
1.84158
0.521764
0.933098
0.448783
0.441454
0.999562
1.30146
0.76972
0.624298
0.503671
1.35563
2.0139
0.769092
0.519798
0.636748
1.33229
0.687825
1.43119
0.649525
1.38451
0.345525
1.64929
1.3858
0.460592
0.590005
1.02368
1.67808
0.770096
0.38051
0.87497
0.55651
0.854816
2.22266
0.541295
1.57584
0.632084
0.744546
0.509548
0.692036
0.626353
1.74888
0.544913
0.423053
0.99222
1.01123
0.454929
0.593526
0.483439
0.428307
0.466655
0.428349
0.686132
1.43758
1.49222
0.807473
0.425489
0.442359
0.701804
0.673789
1.80263
0.360338
0.499678
0.729088
1.15182
0.351525
0.450226
0.925318
0.480303
0.858256
1.88152
0.807993
1.25876
0.663604
0.523328
0.727934
0.449297
0.445236
1.23654
0.37837
0.770016
0.917768
0.59886
0.366688
0.509523
0.754121
1.32948
0.602588
1.24647
0.63597
0.592843
0.626135
0.409855
0.411561
0.432752
1.21685
1.92153
0.612113
0.637859
0.813353
1.4393
0.628426
0.526492
0.59776
0.620308
1.08263
1.00918
0.657122
0.840488
1.73619
0.534358
1.22351
0.623635
1.17098
0.466816
0.381552
0.422192
0.372528
0.555299
1.56425
1.90995
1.05689
1.97197
0.49935
1.57298
1.25708
0.539218
1.90876
0.456578
0.673653
0.617543
0.473654
0.865526
0.505236
1.35518
0.874812
0.688299
1.46561
1.75204
0.429312
1.77981
1.53373
0.488084
0.537156
0.830277
0.530388
1.60485
0.835373
2.00209
0.941609
0.447351
1.26703
0.479237
1.06707
0.512664
1.12477
1.29524
0.472231
0.632835
1.01105
0.397415
0.706236
0.456245
0.865783
0.56927
0.555024
1.23274
1.24729
1.98604
1.2931
2.0994
2.17426
1.48502
1.66621
0.740749
0.664842
1.9002
1.76398
0.658959
1.79631
0.687361
2.00956
1.76004
1.61718
0.526948
0.914762
2.03719
0.709543
0.779044
2.22477
0.846037
0.623668
1.68731
2.12129
0.582952
1.4125
1.12884
0.624362
0.747094
1.93128
2.13437
1.17607
1.80917
0.960002
1.76944
0.778046
1.16872
0.623137
0.637766
0.663219
0.951361
0.37109
1.85401
1.09574
0.585769
0.842399
1.235
1.94091
2.08469
0.828416
1.62914
1.9094
0.534289
1.1516
1.49098
0.927959
0.598842
1.60171
0.614903
1.1964
1.42819
1.49316
2.0336
0.466503
1.13601
0.511647
0.755851
0.63242
2.18123
0.817238
0.535798
0.451633
0.740711
0.521872
1.40411
1.15149
0.790676
1.62138
0.723031
0.453681
0.499673
2.13874
0.817012
0.497916
0.559275
0.572963
0.773698
0.69207
1.53871
1.81284
0.591371
0.866385
0.430518
0.669534
1.78571
0.376877
0.6916
0.749677
0.732285
0.746068
0.90803
2.21547
0.869752
2.15548
1.20393
2.14452
0.559738
0.621771
1.20393
0.689061
1.21773
1.56621
0.563759
1.52499
1.4738
1.76651
0.797302
0.821472
1.43693
1.66883
0.909046
0.458657
1.73074
0.708779
0.658846
0.930467
1.8316
0.583592
0.625936
0.693446
1.67644
0.726005
0.640971
1.41389
0.761739
1.96362
2.0586
0.869456
2.06796
1.84535
0.484463
0.728033
0.921604
0.859883
1.42013
1.75446
1.71776
0.954783
0.765865
0.507237
0.573498
1.99132
0.857971
2.02894
0.401417
0.617975
0.6808
0.527507
1.01998
0.81234
0.557048
0.430645
1.87624
0.408694
1.06948
0.485533
0.545899
0.585951
2.04891
2.07863
0.656654
1.83828
0.741565
1.54573
0.939108
0.899662
2.05322
1.87124
0.708256
0.901126
0.878263
0.778363
1.48968
0.69569
1.75733
0.476123
0.503491
0.85835
1.26307
1.97942
0.795618
1.66268
0.880374
1.61881
1.29184
0.590547
0.795949
2.09766
0.753761
1.06755
0.488667
1.43656
1.24983
0.776188
2.21603
0.592055
0.802434
0.465413
0.599417
1.93064
0.452637
0.788377
0.435969
0.337493
1.83579
0.377031
0.548093
0.592789
0.628844
0.631552
0.519377
1.53179
0.71577
1.45171
1.90334
1.7709
0.708623
2.07407
1.70933
0.491594
0.591894
1.94951
1.17093
0.600762
0.435668
0.684554
0.731428
1.97659
1.78312
0.695988
1.31606
0.618532
0.543258
0.653775
1.78709
0.517774
0.518972
0.606616
0.55937
1.50673
1.8
1.23441
0.850961
1.57865
0.487889
0.80503
1.38962
0.739248
1.48157
0.65353
2.12881
0.840439
1.17364
2.01238
0.348142
0.821967
0.81267
0.91498
1.97349
1.14012
0.723571
0.76487
0.524493
1.12189
0.721093
0.528119
1.70861
0.509685
0.64212
0.651788
1.5565
0.432312
0.734697
1.89822
0.593288
0.76441
1.84158
0.537481
0.933098
0.646924
0.475584
0.999562
1.47595
0.845414
0.716038
0.540016
1.71138
2.0139
0.768908
0.579522
0.730016
1.55934
0.716599
1.80486
0.719739
1.51265
0.65067
1.66286
1.5783
0.460088
0.990063
1.33086
1.68245
0.768474
0.415827
0.875145
0.521053
0.868071
2.22295
0.555191
1.57584
0.873596
0.744546
0.572899
0.697426
0.793003
1.97271
0.574027
0.426703
0.99222
1.98036
0.584239
0.899828
0.48348
0.513572
0.925701
0.620805
0.684342
1.45046
1.48816
0.977136
0.541755
0.484002
0.81448
0.756641
1.80494
0.462101
0.566317
0.728973
1.38784
0.75959
0.609234
0.865783
0.56927
0.555024
1.23274
1.24729
1.98604
1.2931
2.0994
2.17426
1.48502
1.66621
0.740749
0.664842
1.9002
1.76398
0.658959
1.79631
0.687361
2.00956
1.76004
1.61718
0.526948
0.914762
2.03719
0.709543
0.779044
2.22477
0.846037
0.623668
1.68731
2.12129
0.582952
1.4125
1.12884
0.624362
0.747094
1.93128
2.13437
1.17607
1.80917
0.960002
1.76944
0.778046
1.16872
0.623137
0.637766
0.663219
0.951361
0.37109
1.85401
1.09574
0.585769
0.842399
1.235
1.94091
2.08469
0.828416
1.62914
1.9094
0.534289
1.1516
1.49098
0.927959
0.598842
1.60171
0.614903
1.1964
1.42819
1.49316
2.0336
0.466503
1.13601
0.511647
0.755851
0.63242
2.18123
0.817238
0.535798
0.451633
0.740711
0.521872
1.40411
1.15149
0.790676
1.62138
0.723031
0.453681
0.499673
2.13874
0.817012
0.497916
0.559275
0.572963
0.773698
0.69207
1.53871
1.81284
0.591371
0.866385
0.430518
0.669534
1.78571
0.376877
0.6916
0.749677
0.732285
0.746068
0.90803
2.21547
0.869752
2.15548
1.20393
2.14452
0.559738
0.621771
1.20393
0.689061
1.21773
1.56621
0.563759
1.52499
1.4738
1.76651
0.797302
0.821472
1.43693
1.66883
0.909046
0.458657
1.73074
0.708779
0.658846
0.930467
1.8316
0.583592
0.625936
0.693446
1.67644
0.726005
0.640971
1.41389
0.761739
1.96362
2.0586
0.869456
2.06796
1.84535
0.484463
0.728033
0.921604
0.859883
1.42013
1.75446
1.71776
0.954783
0.765865
0.507237
0.573498
1.99132
0.857971
2.02894
0.401417
0.617975
0.6808
0.527507
1.01998
0.81234
0.557048
0.430645
1.87624
0.408694
1.06948
0.485533
0.545899
0.585951
2.04891
2.07863
0.656654
1.83828
0.741565
1.54573
0.939108
0.899662
2.05322
1.87124
0.708256
0.901126
0.878263
0.778363
1.48968
0.69569
1.75733
0.476123
0.503491
0.85835
1.26307
1.97942
0.795618
1.66268
0.880374
1.61881
1.29184
0.590547
0.795949
2.09766
0.753761
1.06755
0.488667
1.43656
1.24983
0.776188
2.21603
0.592055
0.802434
0.465413
0.599417
1.93064
0.452637
0.788377
0.435969
0.337493
1.83579
0.377031
0.548093
0.592789
0.628844
0.631552
0.519377
1.53179
0.71577
1.45171
1.90334
1.7709
0.708623
2.07407
1.70933
0.491594
0.591894
1.94951
1.17093
0.600762
0.435668
0.684554
0.731428
1.97659
1.78312
0.695988
1.31606
0.618532
0.543258
0.653775
1.78709
0.517774
0.518972
0.606616
0.55937
1.50673
1.8
1.23441
0.850961
1.57865
0.487889
0.80503
1.38962
0.739248
1.48157
0.65353
2.12881
0.840439
1.17364
2.01238
0.348142
0.821967
0.81267
0.91498
1.97349
1.14012
0.723571
0.76487
0.524493
1.12189
0.721093
0.528119
1.70861
0.509685
0.64212
0.651788
1.5565
0.432312
0.734697
1.89822
0.593288
0.76441
1.84158
0.537481
0.933098
0.646924
0.475584
0.999562
1.47595
0.845414
0.716038
0.540016
1.71138
2.0139
0.768908
0.579522
0.730016
1.55934
0.716599
1.80486
0.719739
1.51265
0.65067
1.66286
1.5783
0.460088
0.990063
1.33086
1.68245
0.768474
0.415827
0.875145
0.521053
0.868071
2.22295
0.555191
1.57584
0.873596
0.744546
0.572899
0.697426
0.793003
1.97271
0.574027
0.426703
0.99222
1.98036
0.584239
0.899828
0.48348
0.513572
0.925701
0.620805
0.684342
1.45046
1.48816
0.977136
0.541755
0.484002
0.81448
0.756641
1.80494
0.462101
0.566317
0.728973
1.38784
0.75959
0.609234
0.925665
0.680175
0.876668
2.13339
0.801993
1.7032
0.774245
0.592448
0.728013
0.794042
0.444066
1.28039
0.626521
0.770016
0.920038
0.591419
0.38646
0.574517
0.759896
1.31938
0.98382
1.24647
0.817871
0.838744
0.658873
0.412466
0.411561
0.458866
1.48846
1.93831
0.911176
0.662643
1.88
1.43973
0.872136
0.528893
0.59776
0.628278
1.86454
1.32224
0.673144
0.840111
1.73792
0.796401
1.79801
0.611325
1.36539
0.635181
0.577133
0.56152
0.816944
0.659633
1.6284
1.97084
1.63154
1.97159
0.49935
1.57324
1.75235
0.717559
2.03941
0.466199
0.724524
0.618414
0.535123
0.92024
0.507539
1.57038
0.874812
0.758575
1.46561
1.75275
0.47841
1.96489
1.85268
0.568248
0.537156
0.878085
0.530388
2.00563
0.835351
2.00209
0.939615
0.749808
1.32123
0.695136
1.17732
0.659574
1.23012
1.26769
0.546522
0.633514
1.11067
0.630199
0.706236
0.544261
1.70126
0.417453
1.6158
1.9836
1.30811
1.77456
1.2047
1.02206
0.700005
0.663311
0.790276
0.788061
0.561835
0.476928
0.683129
0.864687
2.21537
2.06853
1.72737
0.834138
1.42073
0.522515
1.64224
0.936119
1.47958
0.894207
0.699951
1.86698
0.849262
1.77683
1.77602
0.843156
0.568166
0.914286
1.90139
0.557508
1.62202
0.74112
0.369932
1.45545
0.587237
0.870015
1.91283
2.1764
1.28633
1.42864
0.823554
1.68222
1.80273
1.78988
1.80721
0.971049
0.507831
0.565496
0.702608
0.654545
0.647524
1.50627
1.35508
1.68457
0.718803
1.60905
1.48195
1.3253
1.57556
1.92357
0.513409
1.79299
0.723285
0.590429
1.53716
0.786123
1.8938
0.515466
0.515329
1.97954
1.89727
1.47771
0.571203
1.51539
0.919675
1.76713
1.45232
1.6829
0.764168
0.432518
0.520773
1.92946
0.475178
1.93784
1.81266
0.639656
1.7656
0.685527
0.845024
0.615481
1.53724
1.56709
0.565178
2.0553
0.748755
0.683189
0.540024
0.714294
1.18088
2.06344
1.67608
0.857382
0.634408
1.55134
0.786623
1.84174
1.16892
1.93606
0.610822
0.508392
1.58327
0.944993
1.91042
0.409826
1.59842
0.841284
0.33203
0.744503
1.49921
1.90603
0.748095
0.690948
0.406032
2.01493
1.58693
0.700424
0.798159
0.738246
1.94418
0.920028
0.849276
1.1678
0.733159
0.670183
2.08358
1.99796
0.819275
1.55268
1.51514
1.49289
0.383353
1.98197
0.856471
0.819445
0.692661
0.787634
0.714606
0.755919
0.557381
1.63877
1.69929
1.48282
1.60008
0.902682
0.642248
1.49051
0.614166
0.654808
1.13719
0.759005
0.758237
1.85566
0.595018
0.701547
0.512804
0.933419
0.638139
0.858031
2.00298
0.581733
0.44591
1.96569
2.04903
0.919574
1.51739
1.71311
0.489859
1.02433
1.51218
0.75144
1.14776
1.78483
0.772985
1.37889
0.597412
0.529561
0.515818
0.717163
0.404117
0.473401
0.912279
0.727145
0.667509
0.920042
0.740715
0.450529
0.613141
0.868849
1.8955
1.32501
1.65027
1.21016
0.759781
0.808833
0.877494
0.443847
0.738338
1.50579
2.21037
0.798904
0.7
0.860212
1.24571
2.03578
2.07437
0.705164
0.708646
1.12083
2.16885
0.69659
0.905254
0.600017
1.35293
0.551915
0.841926
0.909405
0.398309
1.34329
0.95208
0.686112
1.97774
2.21372
1.74216
1.47691
0.504331
0.526517
0.650333
0.643311
0.874319
0.576595
0.488406
0.509114
1.76439
1.33063
0.899225
2.06301
0.604495
1.94499
1.41362
1.31678
0.831003
2.02383
1.95701
0.984227
0.869369
0.636351
1.8797
2.23101
0.764197
0.623166
0.628529
1.72172
1.45563
0.56861
0.893904
0.40029
1.52725
0.662869
0.877739
1.32527
2.01769
0.564449
1.88883
0.741032
1.89658
1.23554
0.751844
1.3285
1.07127
0.456247
1.71047
2.00906
1.72558
8.34262
4.90976
5.40758
5.47884
5.5435
8.82683
5.74711
8.34262
4.90976
5.40758
5.47884
5.5435
8.82683
5.74711
9.33067
9.66336
6.60007
7.40538
7.35417
5.72653
8.44534
7.8399
6.42227
7.98361
6.24729
8.93138
7.82241
7.18746
3.95112
4.06561
9.05419
6.57518
7.28137
9.88786
8.14173
6.0396
7.49914
9.42794
5.55651
6.27777
5.01707
6.09947
7.29873
8.58348
9.4861
5.227
8.04077
4.26667
7.86417
6.33837
5.19433
5.19547
5.95879
6.45938
9.0569
3.34691
8.24004
4.86997
4.99519
8.22943
5.4889
8.62628
9.26528
7.55121
7.24062
8.48623
4.6127
5.11823
6.62659
8.47609
5.7964
7.1187
5.87413
5.31734
6.34751
6.63626
9.03824
4.41974
5.04893
5.00862
6.81426
6.02698
9.69434
7.44873
5.1762
4.2994
7.34298
4.47145
6.2405
5.11775
7.70059
7.20611
6.18264
4.00672
4.91953
9.50551
7.90613
4.73085
4.69492
5.54134
7.02499
6.17724
6.8387
8.05707
5.70351
8.42533
4.11739
5.68339
7.93649
3.43125
6.88336
5.43367
7.16997
7.32915
7.58804
9.84654
8.2467
9.57991
5.35082
9.53119
3.93264
5.40884
5.35081
6.39008
5.41213
6.96094
5.54354
6.77772
6.55021
7.85113
6.66804
7.9363
6.38634
7.41702
7.53914
3.72522
7.69219
6.74695
6.16701
8.63696
8.14045
5.54591
5.89479
5.40628
7.45086
5.75849
6.07574
6.28394
7.09364
8.72719
9.14935
8.56822
9.19093
8.20156
4.27023
6.95196
9.15098
7.33611
6.31168
7.79761
7.63449
9.30908
7.31912
4.59374
3.93675
8.85031
8.55682
9.0175
3.88716
5.60435
6.77412
4.72585
4.53324
7.15453
5.01409
3.79253
8.33884
3.98714
4.75325
4.27409
5.37584
5.74431
9.10626
9.23836
6.19
8.17012
6.08589
6.86992
9.28933
8.24098
9.12543
8.31663
6.32293
8.77083
8.75229
7.7013
6.62081
6.78401
7.81037
3.69135
4.91552
7.74719
5.61364
8.79742
7.1557
7.38968
7.59921
7.19472
5.74152
3.78913
6.12878
9.32294
7.40926
4.74468
4.72032
6.3847
5.55479
7.44751
9.84902
5.46104
7.94233
4.52176
5.53621
8.58063
4.11
7.85062
3.55045
3.26635
8.15907
3.58351
4.78101
5.18081
6.18064
6.10314
5.08336
6.80796
6.28078
6.45205
8.45929
7.87067
6.62242
9.21807
7.59703
4.18146
5.60528
8.66448
5.20412
5.27931
3.92352
4.81337
6.37453
8.78483
7.92499
6.6062
5.84917
6.06811
4.04469
6.3375
7.94261
5.15024
5.186
5.73157
5.5442
6.69656
8
5.48629
7.95395
7.01621
4.41224
7.27781
6.1761
7.10375
6.58475
5.43327
9.46139
7.33767
5.21619
8.94393
3.30873
8.0552
3.61187
8.26379
8.77106
5.06721
7.19311
6.90341
4.77646
4.98619
6.05435
4.03932
7.59383
4.30084
6.20206
6.47723
6.91778
3.70674
7.04254
8.43655
5.35702
7.6158
8.18481
5.20735
8.5265
6.29016
4.39334
9.7219
6.55978
7.8937
6.2566
3.84806
7.60613
8.95068
7.23104
5.00258
6.81622
6.93038
6.71543
8.02161
5.78501
6.72288
6.43654
7.3905
7.01465
3.35557
9.74477
5.91495
7.47754
7.42195
3.97241
8.41139
5.01524
8.10381
9.87978
5.2598
7.00371
8.14858
6.37603
5.55064
5.21574
7.75083
8.7676
5.32504
3.5608
9.16664
8.80162
4.94376
8.85596
4.61371
4.83099
8.47019
5.20678
6.10883
6.44649
6.61406
4.34283
4.91288
4.77609
7.7808
6.7751
8.02197
4.43939
5.54543
7.22222
6.16819
7.39386
5.13679
9.1712
6.67463
8.74107
9.48173
7.09171
7.56978
6.68358
5.39098
6.3231
4.91378
3.06206
5.69064
5.7673
7.34968
8.66642
5.66003
3.63031
3.55583
3.37732
5.8639
9.03498
5.53985
7.98763
8.16799
6.32102
3.94324
4.05674
4.14575
6.61539
8.61472
9.00077
6.29919
8.35554
6.39878
8.23871
5.17485
5.11227
6.12775
8.28682
5.87662
4.83789
6.39763
7.72408
7.22527
7.99114
6.07904
8.34262
4.90976
5.40758
5.47884
5.5435
8.82683
5.74711
9.33067
9.66336
6.60007
7.40538
7.35417
5.72653
8.44534
7.8399
6.42227
7.98361
6.24729
8.93138
7.82241
7.18746
3.95112
4.06561
9.05419
6.57518
7.28137
9.88786
8.14173
6.0396
7.49914
9.42794
5.55651
6.27777
5.01707
6.09947
7.29873
8.58348
9.4861
5.227
8.04077
4.26667
7.86417
6.33837
5.19433
5.19547
5.95879
6.45938
9.0569
3.34691
8.24004
4.86997
4.99519
8.22943
5.4889
8.62628
9.26528
7.55121
7.24062
8.48623
4.6127
5.11823
6.62659
8.47609
5.7964
7.1187
5.87413
5.31734
6.34751
6.63626
9.03824
4.41974
5.04893
5.00862
6.81426
6.02698
9.69434
7.44873
5.1762
4.2994
7.34298
4.47145
6.2405
5.11775
7.70059
7.20611
6.18264
4.00672
4.91953
9.50551
7.90613
4.73085
4.69492
5.54134
7.02499
6.17724
6.8387
8.05707
5.70351
8.42533
4.11739
5.68339
7.93649
3.43125
6.88336
5.43367
7.16997
7.32915
7.58804
9.84654
8.2467
9.57991
5.35082
9.53119
3.93264
5.40884
5.35081
6.39008
5.41213
6.96094
5.54354
6.77772
6.55021
7.85113
6.66804
7.9363
6.38634
7.41702
7.53914
3.72522
7.69219
6.74695
6.16701
8.63696
8.14045
5.54591
5.89479
5.40628
7.45086
5.75849
6.07574
6.28394
7.09364
8.72719
9.14935
8.56822
9.19093
8.20156
4.27023
6.95196
9.15098
7.33611
6.31168
7.79761
7.63449
9.30908
7.31912
4.59374
3.93675
8.85031
8.55682
9.0175
3.88716
5.60435
6.77412
4.72585
4.53324
7.15453
5.01409
3.79253
8.33884
3.98714
4.75325
4.27409
5.37584
5.74431
9.10626
9.23836
6.19
8.17012
6.08589
6.86992
9.28933
8.24098
9.12543
8.31663
6.32293
8.77083
8.75229
7.7013
6.62081
6.78401
7.81037
3.69135
4.91552
7.74719
5.61364
8.79742
7.1557
7.38968
7.59921
7.19472
5.74152
3.78913
6.12878
9.32294
7.40926
4.74468
4.72032
6.3847
5.55479
7.44751
9.84902
5.46104
7.94233
4.52176
5.53621
8.58063
4.11
7.85062
3.55045
3.26635
8.15907
3.58351
4.78101
5.18081
6.18064
6.10314
5.08336
6.80796
6.28078
6.45205
8.45929
7.87067
6.62242
9.21807
7.59703
4.18146
5.60528
8.66448
5.20412
5.27931
3.92352
4.81337
6.37453
8.78483
7.92499
6.6062
5.84917
6.06811
4.04469
6.3375
7.94261
5.15024
5.186
5.73157
5.5442
6.69656
8
5.48629
7.95395
7.01621
4.41224
7.27781
6.1761
7.10375
6.58475
5.43327
9.46139
7.33767
5.21619
8.94393
3.30873
8.0552
3.61187
8.26379
8.77106
5.06721
7.19311
6.90341
4.77646
4.98619
6.05435
4.03932
7.59383
4.30084
6.20206
6.47723
6.91778
3.70674
7.04254
8.43655
5.35702
7.6158
8.18481
5.20735
8.5265
6.29016
4.39334
9.7219
6.55978
7.8937
6.2566
3.84806
7.60613
8.95068
7.23104
5.00258
6.81622
6.93038
6.71543
8.02161
5.78501
6.72288
6.43654
7.3905
7.01465
3.35557
9.74477
5.91495
7.47754
7.42195
3.97241
8.41139
5.01524
8.10381
9.87978
5.2598
7.00371
8.14858
6.37603
5.55064
5.21574
7.75083
8.7676
5.32504
3.5608
9.16664
8.80162
4.94376
8.85596
4.61371
4.83099
8.47019
5.20678
6.10883
6.44649
6.61406
4.34283
4.91288
4.77609
7.7808
6.7751
8.02197
4.43939
5.54543
7.22222
6.16819
7.39386
5.13679
9.1712
6.67463
8.74107
9.48173
7.09171
7.56978
6.68358
5.39098
6.3231
4.91378
3.06206
5.69064
5.7673
7.34968
8.66642
5.66003
3.63031
3.55583
3.37732
5.8639
9.03498
5.53985
7.98763
8.16799
6.32102
3.94324
4.05674
4.14575
6.61539
8.61472
9.00077
6.29919
8.35554
6.39878
8.23871
5.17485
5.11227
6.12775
8.28682
5.87662
4.83789
6.39763
7.72408
7.22527
7.99114
6.07904
6.06841
5.88351
5.11091
5.5325
7.79154
5.55884
7.23733
8.75927
7.2513
8.7626
4.93547
6.99218
7.78821
6.51844
9.06404
3.99302
7.08841
5.7078
4.33126
4.08995
3.83473
6.97946
3.88805
6.66605
6.51384
7.78998
4.29879
8.73282
8.23414
5.61375
5.10218
8.19798
4.77703
8.9139
7.08804
8.89816
4.17607
7.03336
5.87215
6.33965
5.23251
6.46685
5.46721
5.63419
5.09982
5.62956
4.9363
5.64756
6.92744
5.02574
7.56118
3.3743
7.18135
8.816
5.8138
7.88692
5.35422
4.54248
6.21955
5.83739
6.54885
6.1297
4.78867
4.06918
6.39529
7.69276
9.84608
9.19345
7.67721
8.29558
6.31434
4.51778
7.29883
7.40386
6.57592
8.92682
6.69154
8.29769
7.94371
7.89701
7.89344
8.38363
5.33257
4.06349
8.4506
5.29347
7.209
6.85067
3.17424
6.46869
5.1985
7.76001
8.50147
9.67288
5.717
6.34952
7.7893
7.47655
8.01212
7.95503
8.03202
4.31577
4.95061
5.3349
6.47109
5.54544
6.18029
6.69454
6.02259
7.487
6.14161
7.15133
6.58643
5.89023
7.00248
8.54922
4.20494
7.96887
5.13373
5.89596
6.83181
7.07552
8.4169
5.09281
5.14357
8.79795
8.4323
6.56761
5.26568
6.73506
9.16439
7.8539
6.45477
7.47954
7.41345
4.05157
4.95754
8.57537
4.24001
8.61262
8.05628
5.79932
7.84712
6.61466
8.14024
5.86147
6.83219
6.96485
5.08205
9.13467
7.13357
6.64653
4.75216
6.18695
5.24836
9.17085
7.44924
8.21043
6.15469
6.89485
6.73076
8.18549
5.19519
8.6047
5.97183
4.24363
7.03675
8.56798
8.49077
3.65835
7.10409
8.22435
3.06093
7.23782
6.66314
8.47126
7.31091
6.50198
3.92941
8.95524
7.05304
6.99616
7.23248
6.70534
8.64081
7.47786
8.36777
5.19024
7.13124
5.69876
9.26034
8.87984
7.04157
6.9008
6.73395
6.63505
3.07352
8.80877
7.58726
7.73233
5.99321
6.02156
6.35207
7.35145
5.50332
7.28341
7.55241
6.59031
7.11148
6.91436
6.10173
6.62449
5.61105
5.78812
5.05417
7.26669
7.42494
8.24738
5.1348
7.01469
4.29027
8.53003
6.14422
8.52855
8.90213
4.38801
4.18241
8.73639
9.10679
9.0382
6.74396
7.61384
3.919
4.55258
6.72081
7.11961
5.10117
7.93259
7.3367
6.12839
5.69854
4.33285
4.51805
6.41317
3.78027
3.73626
8.82693
7.26266
5.97749
8.56624
6.77142
4.37059
5.8391
8.44689
8.42443
5.88894
7.33454
5.37847
6.54425
7.7911
8.11715
4.17124
7.37313
6.69241
9.82387
6.11642
6.63898
8.44179
5.53648
9.0479
9.21942
6.95867
6.6404
4.98145
9.63933
6.90136
7.72519
5.0976
6.01302
5.31297
7.58813
4.0418
3.89461
5.97019
9.3882
5.54522
8.78998
9.83878
7.74292
6.56404
4.75855
5.23971
6.34668
5.48009
8.5591
4.781
4.18819
4.46994
7.84175
5.91392
8.02092
9.16892
4.32071
8.64442
6.28277
5.85235
7.4709
8.9948
8.69782
4.37434
8.49683
5.70454
8.35422
9.91558
5.82299
5.25087
5.09309
7.65207
6.46949
4.67144
8.85292
3.95082
6.78776
5.40155
3.90106
5.89008
8.96751
5.4155
8.39481
7.07472
8.42923
5.49128
7.25447
5.90445
4.7612
3.64987
7.60207
8.92915
7.66925
4.84801
5.76069
7.09218
6.54286
6.51364
7.45248
6.76713
5.17576
6.78967
4.65661
5.59875
4.07081
8.10608
7.91508
6.19896
7.83578
5.23846
5.32318
7.11181
8.09018
5.75334
7.02062
9.64491
7.69462
9.49258
5.78324
4.14354
8.07737
6.57775
7.17364
9.09635
4.63241
6.86053
8.39627
7.88905
4.63295
4.98581
7.19072
6.38138
7.35333
8.8145
7.27668
7.74585
4.17375
9.09139
6.42351
6.63606
4.87032
5.51235
8.06403
5.92653
3.88764
6.94485
8.03869
6.04273
9.23252
8.0604
7.41736
5.51638
5.53441
5.0524
4.90793
5.8111
7.44462
9.21414
4.70633
6.24864
7.58299
5.44494
6.93589
5.72736
4.66903
8.45488
5.56826
4.33886
7.00296
5.06343
4.66804
6.62413
4.93302
9.34303
6.21405
9.00269
7.54951
5.89287
6.82192
6.88514
8.18903
6.88538
4.13878
8.76494
5.88018
5.19639
8.89047
5.02572
5.86262
5.91925
6.1017
5.89316
6.28404
4.51527
7.41298
7.68094
5.74235
6.14356
6.19141
8.38925
5.42387
9.87349
3.42442
6.96917
6.69532
9.49582
9.58701
7.92651
7.15168
4.05539
6.29906
4.77238
3.49505
5.75391
6.60545
8.00313
8.39427
7.05562
5.57503
9.35886
5.31624
4.84016
6.59317
9.34171
5.19374
7.91489
8.50873
8.79195
6.7935
4.49957
6.37507
6.54684
6.5745
7.89485
5.89898
6.70889
5.33103
3.14812
6.62839
6.05363
4.01959
8.57286
8.53873
5.55314
5.08276
7.55552
7.32273
7.46304
3.80131
6.80095
6.70961
7.88368
3.45015
6.27887
9.47515
8.48142
8.27493
7.50776
5.65789
3.24745
7.97716
4.55299
7.93032
4.87992
5.40742
7.5268
8.70762
8.22644
7.11717
7.96954
8.34497
7.03629
8.14827
5.42208
6.73682
8.63152
4.91897
8.13357
6.45111
9.68886
5.02782
7.05945
8.50218
6.95469
7.84917
3.73217
7.80103
9.41524
6.67831
9.06612
7.1092
6.44057
6.97821
6.31184
6.30873
7.68919
4.96872
8.5058
8.49484
8.90901
5.00459
3.9641
7.75344
8.65841
8.61462
7.12489
5.67588
5.53609
8.29719
8.6291
7.40587
6.88165
3.57919
7.29086
9.30919
3.20462
5.50137
8.25598
7.2636
3.81808
5.59133
5.82894
4.76035
6.8425
8.05139
3.9364
3.62228
9.35973
6.56313
4.00908
8.32101
7.46026
8.77919
9.39587
4.68402
6.65421
5.8939
5.10222
5.53099
8.52239
9.76947
7.62433
3.49993
5.82035
7.83395
8.28345
6.62431
3.23896
7.36979
8.34262
4.90976
8.44534
6.57518
7.29873
6.45938
7.24062
6.63626
7.34298
4.73085
9.53119
4.78101
5.32504
5.23251
6.64653
7.37313
9.91558
8.34262e+08
4.90976e+08
8.44534e+08
6.57518e+08
7.29873e+08
6.45938e+08
7.24062e+08
6.63626e+08
7.34298e+08
4.73085e+08
9.53119e+08
4.78101e+08
5.32504e+08
5.23251e+08
6.64653e+08
7.37313e+08
9.91558e+08
8.34262e+08
4.90976e+08
8.44534e+08
6.57518e+08
7.29873e+08
6.45938e+08
7.24062e+08
6.63626e+08
7.34298e+08
4.73085e+08
9.53119e+08
4.78101e+08
5.32504e+08
5.23251e+08
6.64653e+08
7.37313e+08
9.91558e+08
0.834262
0.490976
0.844534
0.657518
0.729873
0.645938
0.724062
0.663626
0.734298
0.473085
0.953119
0.478101
0.532504
0.523251
0.664653
0.737313
0.991558
