1.01376
1.00184
1.00005
1.00001
1.01283
1.00001
1.01611
1.00001
1.00543
1.00001
1.00637
1
1.00748
1.001
1.00001
1.00001
1.00001
1.01479
1.00843
1.02224
1.00001
1.05987
1
1.01294
1.00001
1.0942
1
1.00003
1.01218
1.00001
1
1.00003
1.03984
1.00001
1.0047
1.00286
1
1.00221
1.00679
1.00017
1.00001
1
1.02068
1.02444
1
1.00066
1.0072
1
1
1
1.00665
1.07238
1.00317
1.00001
1.00002
1.00298
1.00088
1.02122
1.03107
1.00001
1.00001
1.12753
1.00001
1.00158
1.00637
1.0177
1.03188
1.00124
1.00004
1.00675
1.07727
1.00001
1.00581
1
1.00065
1.00212
1.00001
1
1.00001
1.00125
1.02234
1.01332
1.01266
1.01337
1.00628
1.04028
1.0084
1.00088
1.00001
1.04608
1.00303
1
1
1.00417
1.00001
1
1.00001
1.01581
1.00759
1
1
1.00041
1.00003
1.00517
1.0113
1.00001
1.00395
1
1
1.0022
1
1.02816
1.00155
1.00001
1.02732
1.02963
1.14244
1.00828
1.01419
1.01225
1
1.0097
1.00002
1.03545
1.00001
1.00155
1
1.0104
1.02091
1.02025
1.00001
1.03505
1.00002
1
1.00078
1.00009
1.00226
1
1.00004
1.00205
1
1.03184
1
1.00174
1.00001
1.02122
1.00442
1.00001
1.00001
1.00001
1.00003
1.00324
1
1.00343
1.00001
1.00527
1.00001
1.00484
1.08156
1.00439
1.00004
1.00005
1.00439
1.00103
1.01009
1.02702
1.00009
1
1.00002
1.00024
1.00001
1.00089
1
1.00785
1.00964
1
1.0111
1.00523
1.00001
1.00203
1.00634
1.00023
1.01609
1.00003
1.01411
1
1.00015
1.00003
1.00001
1.00003
1.0062
1
0.999999
1.02989
1
1.02959
1
1.00001
1.00002
1.00003
1.00001
1.00001
1.00953
1.00001
1.00521
1.02724
1.00808
1
1
1.00002
1.00001
1.00001
1.06286
1.00169
1.00001
1
1.00235
1.00084
1.00005
1
1.00002
1.00001
1.01931
1
1
1
1.00001
1.04128
1.00276
1.00001
1.00221
1
1
1
1.00845
1.00005
1
1.02465
1.00002
1.00786
1.00095
1.0146
1.00002
1.00001
1.00001
1.00001
1.00323
1.07339
1.02645
1.00001
1.0098
1
1.00938
1.00152
1
1.00014
1.00052
1.03535
1.00001
1
1.02019
1.00003
1.00961
1.01517
1.00004
1.00001
1.00001
1.00851
1.11553
1.00001
1.00001
1.00164
1.11834
1.03037
1.00472
1.07043
1.03253
1.00657
1.00001
1.02404
1
1
1.01854
1.00001
1.01313
1
1
1.00092
1.05651
1.01249
1.03281
1
1.00144
1.00001
1
1
1.00001
1
1.00885
1.00004
1.05492
1.00402
1.00749
1.00001
1.00001
1.06613
1.01659
1.00001
1.0013
1.00003
1.00001
0.999999
1.00939
1.00007
1.00136
1.02884
1.0149
1.00002
1.00001
1
1.00001
1.00002
1.01335
1.00916
1.00001
1.00001
1.14288
1.00696
1.00221
1.02869
1.01301
1.00006
1
1.00001
1.00002
1.00005
1
1.113
1.01171
1
1
1.00005
1.03044
1.02949
1.00001
1.005
1.03602
1.01208
1.02228
1
1
1.00386
1
1.00001
1.00001
1.01055
1
1.00112
1.00415
1
1.00306
1
1.00489
1
1.00125
1.00004
1.00231
1.00001
1.00406
1
1.00001
1.02335
1.01209
1.00001
1
1.00231
1.00209
1.00001
1
1.00378
1.00387
1.00948
1.03076
1.00002
1.01777
1
1.00001
1.00001
1.05134
1
1
1
1.09732
1.00055
1.00002
1.01848
1.00001
1.00897
1
1.00001
1.00251
1.00521
1.00001
1.00001
1.00109
1.00748
1
1.00001
1.00002
1.00001
1.12368
1.00096
1.00058
1.00109
1
1.00144
1.00804
1
1.03855
1
1.00319
1.00002
1
1
1.00323
1.05686
1.04641
1.00001
1.01378
1.00001
1.00942
1
1
1.04135
1
1.00092
1.01023
1.03472
1.00001
1.00215
1.00199
1.00227
1
1.0055
1.00001
1.00001
1
1
1.00338
1.00002
1.00396
1.00839
1
1.00875
1.00768
1.00153
1.00002
1.00004
1
1.00001
1
1
1.00004
1
1.00503
1.0069
1.00001
1.02708
1
1.00287
1.03982
1.03904
1.00002
1
1.00001
1
1.01605
1.00002
1.00001
1.00001
1.00004
1.01813
1.00207
1.00006
1.05541
1.00375
1.00279
1
1.00001
1.03937
1.01439
1.00421
1.01025
1.00624
1.09813
1
1
1.00001
1.00279
1.00001
1.00001
1.01162
1.00001
1.00001
1.00001
1.00002
1.01061
1.00001
1.03513
1
1.02018
1
1.00001
1.00001
1.008
1.00286
1.00372
1.00441
1.00001
1.0043
1.00001
1.01106
1
1.00004
1.00288
1.00001
1.00231
1.0126
1.01102
1.02592
1.00001
1.00277
1.00163
1.02476
1.00365
1.00001
1.00659
1
1.00307
1.00001
1.01381
1
1.00001
1.02201
1.00001
1.00517
1.00555
1.00175
1.01006
1.00001
1.03802
1.00885
1.00648
1
1.00895
1.00876
1.00178
1.00576
1.00001
1.06087
1.00003
1.01045
1.00003
1
1.01268
1.00001
1.00002
1.00001
1.00001
1.00782
1
1.00347
1.00219
1.00001
1.00001
1.00434
1.00425
1.00001
1.00002
1.02205
1
1.01257
1.00137
1
1.00002
1.02476
1.01768
1.00001
1
1.00001
1.15272
1
1.00004
1.00001
1.00124
1.00597
1.00594
1
1.00722
1.00001
1.01319
1.00002
1.00667
1.00001
1.00004
1
1.00002
1.00003
1
1.00004
1.06647
1.02625
1.00341
1.01087
1.00333
1.0179
1.00002
1.005
1.00493
1.00239
1.00003
1.00001
1.00001
1.00001
1.00001
1.02333
1
1
1.00001
1.00565
1.00802
1.01983
1.00005
1
1.00001
1.00001
1
1.00001
1.00086
1.01671
1.00001
1.00224
1.00001
1.0053
1.00328
1.00006
1.03694
1.02553
1.00495
1.00084
1
1
1
1.0313
1.00598
1
1.00144
1.00808
1.00001
1
1.00844
1.00002
1.04102
1.00001
1.00396
1
1
1.00001
1.00506
1.00003
1.00125
1
1.00001
1.00001
1.01627
1.00001
1.0843
1.00002
1.00049
1.02496
1.01605
1
1
1.00024
1.03118
1.00001
1.00005
1
1.00001
1.00001
1.00139
1.00063
1.00076
1.00549
1.0009
1
1
1.00001
1.00518
1.09146
1.00047
1.00237
1.00329
1.00001
1.00001
1.00235
1.00001
1.00919
1
1.00405
1
1.06413
1
1.00018
1
1
1.0061
1.00001
1
1.02058
1.01638
1.00001
1.00002
1.00001
1.00243
1.00001
1.00001
1
1.00865
1.00001
1.22151
1.02268
1.00416
1
1.00001
1.02454
1
1
1.00249
1
1.00001
1
1.17296
1.00247
1.00004
1
1.00015
1.00048
1.01816
1.03332
1.03268
1
1.01058
1.00001
1.00002
1.03395
1.01499
1
1.02716
1.00001
1.00124
1.00058
1
1.00976
1.1147
1.00001
1.00001
1.00002
1.00003
1.04366
1.04667
1
1.00143
1.00799
1.00002
1.04036
1.00011
1.00984
1.00001
1
1.00002
1.00006
1.00001
1.00153
1.0496
1.00001
1.00002
1.00002
1.01284
1.02216
1.00017
1.00001
1.00001
1.00001
1.00226
1.00001
1
1.08327
1
1.00277
1.00624
1
1.00001
1.09378
1.00612
1.00663
1
1.00001
1.00303
1.0006
1.00001
1
1
1
1.01614
1.00442
1.00155
1.00299
1.00127
1.00296
1.00001
1
1.04966
1.00001
1.00521
1.02924
1.00001
1.00003
1
1.00944
1.00768
1.01189
1.01832
1.01021
1.00001
1.00002
1.01806
1.00002
1.00302
1
1.00002
1.02216
1.00001
1.00492
1.00064
1.00001
1.01609
1.00001
1.01853
0.999998
1.00001
1.00113
1.05103
1.00002
1.00005
1.00194
1.00333
1.00492
1.00001
1.00063
1.00001
1.00621
1
1.02463
1.00706
1
1
1
1.00164
1.00492
1.00524
1.00052
1.0037
1.02243
1.00002
1.00001
1
1
1.00001
1.00006
1.00005
1
1.00001
1
1
1.00001
1.01884
1.02737
1.00001
1
1.05199
1.00561
1.00786
1.00036
1
1.01119
1.01114
1.00001
1
1.0051
1.00002
1.00229
1.00001
1.02413
1
1.00067
1.00001
1.00191
1.00001
1
1.00001
1.00002
1.00005
1.00566
1.00002
1.00103
1.00001
1.00467
1.0386
1.00001
1.00389
1.01875
1.00486
1.06372
1.01009
1.00014
1
1
1
1.00472
1
1.0093
1.01465
1.00008
1.00002
1
1
1.00001
1.00002
1.00001
1.00343
1
1.01177
1.00004
1.00002
1
1
1.01623
1.00002
1.00626
1.07018
1.00002
1
1.0196
1.00004
1
1.02725
0.999999
1.02217
1.00833
1
1
1.025
1.00807
1.00552
1.00002
1
1.00001
1.00789
1.00401
1.00002
1.01378
1.00001
1.01399
1.00001
1.00861
1.09916
1.00297
1.00001
1.00004
1.00012
1.01568
1.03413
1.00005
1.00006
1.00004
1.00001
1.00698
1.00097
1.00004
1.00994
1.00041
1.00001
1
1.00001
1.00002
1.00001
1.00001
1.01297
1
1.5548
1.50836
1.59995
1.4098
1.57422
1.48412
1.70584
1.56339
1.45305
1.90125
1.55143
1.5709
1.73723
1.76178
1.65324
1.63518
1.89324
1.58868
1.78806
1.9441
1.67805
1.97609
1.74283
1.65518
1.66469
1.73046
1.84743
1.63716
2.12112
1.47725
1.7327
1.5564
1.754
1.46078
1.53862
1.81258
1.77251
1.4983
1.50194
1.73074
1.68011
1.75669
1.91693
1.6812
1.58574
1.80596
1.7543
1.66383
1.7161
1.46746
1.68969
1.64414
1.53302
1.59076
1.6279
1.56851
1.42579
1.84463
1.59719
1.67843
1.73348
1.59566
1.4334
1.93476
1.68298
1.55669
1.86772
1.49874
1.55674
1.48834
1.38242
1.47785
1.8598
1.71734
1.57968
1.78832
1.72759
1.56102
1.54542
1.57572
1.58873
1.86141
1.79786
1.96124
1.73994
1.74098
1.8252
1.48426
1.41277
1.78191
1.62498
1.85415
1.75026
1.58903
1.62146
1.42135
1.54313
1.57025
1.84055
1.53241
1.67435
1.72588
1.49401
1.73622
1.71831
1.45897
1.53493
1.56093
1.4619
1.54373
1.45332
1.54249
1.50932
1.46552
1.67055
1.64125
1.54238
1.66077
1.48402
1.95434
1.82305
1.70549
1.47007
1.61286
1.75289
1.61631
1.63795
1.77435
1.67214
1.63669
1.58961
1.79831
1.42182
1.66417
1.44447
1.73295
1.72753
1.69652
1.57924
1.64785
1.46427
2.14916
1.59413
1.63165
1.71785
1.65267
1.73594
1.64891
1.78116
1.70607
1.548
1.7541
1.55907
1.63611
1.45606
1.79427
1.64343
2.09839
1.46336
1.83521
1.56973
1.40831
1.6232
1.6662
1.65654
1.66778
1.44193
1.61216
1.53163
1.71223
1.54095
1.82373
1.54071
1.8455
1.57136
1.67753
1.91644
1.84987
1.72509
1.52346
1.48604
1.49761
1.47643
1.43119
1.93026
1.6016
1.57973
1.66126
1.81809
1.41646
1.50872
1.58803
1.95393
1.55369
1.74838
1.79183
1.82302
1.67706
1.6263
1.68748
1.53184
1.57203
1.80241
1.62303
1.59072
1.8215
1.59293
1.78595
1.74907
1.60342
1.79459
1.64651
1.89525
1.65672
1.63223
1.64065
1.34639
1.6158
1.6002
1.59815
1.53626
1.61401
1.61227
1.9276
1.60593
1.69746
1.60832
2.02168
1.60533
1.61506
1.72289
1.68489
1.5812
1.55635
1.66527
1.49068
1.44709
1.87183
1.4846
1.60926
1.6841
1.47615
1.46911
1.66758
1.58128
1.62809
1.71896
1.84696
1.73404
1.67633
2.15554
1.78102
1.80352
1.77663
1.49158
1.53415
1.58081
1.61588
1.52516
1.47804
1.70597
1.36809
1.42731
1.65202
1.45704
1.47416
1.70711
1.78505
1.53625
1.6751
1.53582
1.68727
1.68552
1.65778
1.59519
1.41104
1.8829
1.64404
1.46482
1.65274
1.69057
1.58326
1.69427
1.58804
1.75531
1.57707
1.74668
1.78959
1.70967
1.3538
1.59758
1.71278
1.69909
1.63919
1.55513
1.92429
1.61821
1.78406
1.44744
1.55873
1.76502
1.51563
1.69877
1.53137
1.51881
1.63247
1.67763
1.44473
1.64984
1.55761
1.67538
2.02793
2.16101
1.5375
1.46822
1.79014
1.67443
1.69756
1.45902
1.62449
1.52204
1.4256
1.6713
1.65883
1.35157
1.62133
1.59355
1.81197
1.65899
1.83093
1.66881
1.47155
1.55131
1.63332
1.61351
1.36622
1.44608
1.64324
1.83785
1.62549
1.63761
1.65102
1.50453
1.89533
1.66031
1.60402
1.79516
1.42517
1.56477
1.86365
1.63274
1.59215
1.75597
1.52777
1.55052
2.14391
1.73496
1.73433
1.52573
1.69602
1.74914
1.61186
1.83648
1.57675
1.76692
1.70297
1.51126
1.49616
1.56082
1.55558
1.85846
1.60375
1.77143
1.43127
1.49461
1.45947
1.62704
1.54381
1.53988
1.59061
1.71459
1.7304
1.80959
1.70494
1.75441
1.71392
1.48466
1.55673
1.81559
1.67414
1.78215
1.54089
1.99482
1.67581
1.41679
1.65691
1.7692
1.40423
1.77869
1.58911
1.69019
2.01821
1.67112
1.45183
1.48135
1.86126
1.78673
1.52344
1.53394
1.51368
1.63092
1.58839
1.5866
1.47834
1.78368
1.54053
1.71885
1.59913
1.56832
1.50518
1.43671
1.61661
1.5813
1.62698
1.63879
1.4157
1.47518
1.59597
1.5982
1.51826
1.74689
1.60827
1.62228
1.90459
1.67016
1.47165
1.78247
1.66621
1.89586
1.5605
1.65907
1.67841
1.80325
1.56271
1.48713
1.41474
1.82746
1.70327
1.62468
1.57862
1.54531
2.06437
1.74083
1.72917
1.89735
1.74902
1.50349
1.46296
1.55165
1.86097
1.58682
1.4976
1.43157
1.47628
1.75107
1.73262
1.44282
1.80385
1.75327
1.83345
1.72367
1.89056
1.35138
1.47806
1.47738
1.5548
1.61586
1.50219
1.67013
1.4544
1.74764
1.73816
1.70867
1.49637
1.9364
1.71635
1.48748
1.79767
1.51054
1.91109
1.82931
1.72812
1.95191
1.62023
1.55005
1.70241
1.64027
1.44881
1.56184
1.49003
1.73979
1.87035
1.58189
1.5227
1.33918
1.74787
1.52916
1.57975
1.82784
1.72707
1.67699
1.63471
1.66038
1.61328
1.69871
1.72509
1.61738
1.6504
1.5539
1.67814
1.64575
1.78233
1.77161
1.52268
1.73229
1.50885
1.63048
1.80403
1.72593
1.52853
1.54716
1.74807
1.68048
1.65635
1.8586
1.41677
1.67887
1.75596
1.5966
1.54326
1.49594
1.55231
1.60513
1.52245
1.52865
1.96885
1.5983
1.89789
1.52955
1.59261
1.64166
1.4976
1.63568
1.72793
1.8101
1.31111
1.79135
1.71521
1.68156
1.96919
1.66196
1.7148
1.55634
1.84537
1.56198
1.58181
1.40744
1.60485
1.73108
1.65207
1.55867
1.65466
1.62817
1.81935
1.51208
1.85968
2.01605
1.33983
1.53856
1.80225
1.64017
1.49165
1.60364
1.45087
1.56692
1.61055
1.53987
1.6825
1.56088
1.54831
1.76357
1.78215
1.68161
1.80331
1.53725
1.68104
1.46111
1.54026
1.63265
1.5129
1.79928
1.50396
1.68858
1.46544
1.55214
1.80769
1.6064
1.51068
2.09355
1.60538
1.50361
1.7293
1.70051
1.81797
1.61339
1.56772
1.52516
1.56121
1.83774
1.4178
1.46916
1.75599
1.61432
1.44783
1.5788
1.66923
1.6949
1.59106
1.62709
1.7948
1.80067
1.71117
1.72857
1.70198
1.54538
1.50404
1.55921
1.52465
1.55865
1.63037
1.66009
1.61162
1.82268
1.81547
1.6049
1.45118
2.06305
1.55522
1.60794
1.63863
1.85966
1.55924
1.49203
1.93355
1.6987
1.62853
1.42092
1.63486
1.59981
1.72526
1.70541
1.60096
1.78076
1.82354
1.60543
1.79234
2.1107
1.62575
2.03325
1.71515
1.68451
1.87953
1.53856
1.59373
1.47895
1.48565
1.87768
1.30194
1.50775
1.62539
1.604
1.88487
1.537
1.5833
1.63698
1.46286
1.68604
1.69754
1.47913
1.47314
1.62616
1.63198
1.48774
1.63255
1.73969
1.68135
1.55233
1.64059
1.50277
1.50121
1.76684
1.56528
1.91921
1.47555
1.39659
1.60515
1.37067
1.85567
1.69742
1.62181
1.55372
1.55009
1.55186
1.45873
1.50636
1.76838
1.74866
1.79531
1.52671
1.50331
1.62089
1.89446
1.37405
1.4615
1.55414
1.3785
1.71705
1.55256
1.86879
1.42392
1.76209
1.57165
1.70575
1.75208
1.56068
1.47829
1.57799
1.77441
1.7827
1.87393
1.58176
1.84478
1.87419
1.68203
1.51855
1.77321
1.77715
1.56165
1.57586
1.64791
1.69114
1.83192
1.42939
1.42358
1.59077
1.75849
1.79884
1.8251
1.67568
1.48393
1.32785
1.8334
1.64231
2.00868
1.53815
1.60528
1.53481
1.4429
1.64206
1.63599
1.80643
1.49347
1.61999
1.90143
1.67261
1.9106
1.63693
1.56981
1.36717
1.7053
1.63827
1.46732
1.5142
1.6682
1.32047
1.5662
1.62452
1.66876
1.61654
1.75337
1.70603
1.63077
1.54582
1.44877
1.43679
1.58214
1.68907
1.6313
1.56959
1.84721
1.77539
1.5222
1.57269
1.64555
1.57952
1.77105
1.43671
2.02638
1.83186
1.6424
1.52306
1.73975
1.6307
1.44527
1.66307
1.8181
1.55448
1.60851
1.64599
1.58806
1.87537
1.60257
2.04086
1.40428
1.58293
1.80464
1.48289
1.55975
1.53453
1.87158
1.60033
1.94924
1.5874
1.49118
1.65151
1.73477
1.8402
1.51436
1.95406
1.65663
1.67939
1.52441
1.72933
1.79506
1.57341
1.64157
1.48496
1.63704
1.6962
1.91553
1.57096
1.62325
1.38525
1.72855
1.47663
1.63446
1.56062
1.53947
1.68984
1.74195
1.59336
1.7569
1.57114
1.64778
1.65385
1.554
1.68067
1.54961
1.5195
1.6125
1.70252
1.72309
1.60691
1.82419
1.62101
1.50401
1.73395
1.57671
1.54653
1.50587
1.72101
1.7706
1.56296
1.48658
1.53475
1.60657
1.60131
1.58456
1.60041
1.63927
2.11579
1.79764
1.4269
1.49452
1.73364
1.65823
1.96145
1.64914
1.66927
1.77548
1.6984
1.51845
1.56412
2.13512
1.70301
1.79044
1.39197
1.52189
1.29817
1.56117
1.51271
1.54106
1.48709
1.56506
1.76386
1.60103
1.56113
1.58004
1.90183
1.81967
1.72424
1.7527
1.64057
1.69364
1.58856
1.63815
1.55828
1.61401
1.60332
1.56125
1.78181
1.56491
1.6166
1.70919
1.69043
1.52512
1.65557
1.5011
1.65605
1.63261
1.48183
1.58765
1.67687
1.4441
1.93404
1.66135
2.08295
1.65096
1.4824
1.59304
2.02618
1.54798
1.58565
1.71773
1.632
1.44028
1.65247
1.96446
1.91897
1.99062
1.74856
1.63068
1.56696
1.81943
1.94222
1.53692
2.06867
1.67691
1.5538
1.65622
1.68823
1.52699
1.94692
1.73611
1.59237
1.74623
1.4279
1.57069
1.62084
1.47829
1.67482
1.64576
1.64572
1.41532
1.57589
1.51954
1.49484
1.61021
1.53411
1.47915
1.80111
1.72265
1.60172
1.75224
1.68741
1.5747
1.48501
1.58211
1.7946
1.33676
28575600.0
21716800.0
27608300.0
27007500.0
21884500.0
27980100.0
20846400.0
25419600.0
27692100.0
29801400.0
22847100.0
33272600.0
21344900.0
17672000.0
17059200.0
28542100.0
21553300.0
22347400.0
18236800.0
12263800.0
18039800.0
23714600.0
22896800.0
15979100.0
24483300.0
18596600.0
19098500.0
28726100.0
14463600.0
28345100.0
25361900.0
19020100.0
22155700.0
29479600.0
25453500.0
23819400.0
25072300.0
25883400.0
10292400.0
27779000.0
19146400.0
19008200.0
25672700.0
25575900.0
24091200.0
15341900.0
17186700.0
24417900.0
14466300.0
26997200.0
29746300.0
15870300.0
21893800.0
21275800.0
23679400.0
11189400.0
22582300.0
19631800.0
17307000.0
24707800.0
28098000.0
17389000.0
29235000.0
13964000.0
15684300.0
14324600.0
19687600.0
24922100.0
16433500.0
31836800.0
28493500.0
19207700.0
16797700.0
19149900.0
33757500.0
18319400.0
22781000.0
30375000.0
28008400.0
27240600.0
23256700.0
19655900.0
16395900.0
15517400.0
23606200.0
16214100.0
16993800.0
21797200.0
29253100.0
20924500.0
34087400.0
17023100.0
19496700.0
19318000.0
21883200.0
28165000.0
30026500.0
28643700.0
20490300.0
27015200.0
22245500.0
26004200.0
20101000.0
22974300.0
19492700.0
15847300.0
29682400.0
25540300.0
20531800.0
15270100.0
24792400.0
18870200.0
27254000.0
24926100.0
12792300.0
18189400.0
23240700.0
21971900.0
33345100.0
18190500.0
23627900.0
28481900.0
34764100.0
23203000.0
21574700.0
23430100.0
29517900.0
22971300.0
23991000.0
20828000.0
20251200.0
13909700.0
24200300.0
30119100.0
22634000.0
25940800.0
27426700.0
27596100.0
22423600.0
23370400.0
34832900.0
12803400.0
25757800.0
16894500.0
24818700.0
26133100.0
15128900.0
23912400.0
26331300.0
16248400.0
29307100.0
14950600.0
32030900.0
31449300.0
31475800.0
16105200.0
25441900.0
17483700.0
26270800.0
19529000.0
16228600.0
32499200.0
28310800.0
22768400.0
20419800.0
20569300.0
29712400.0
24361900.0
25746500.0
19859800.0
27656900.0
19663100.0
23247500.0
15642700.0
18244700.0
34178100.0
14633600.0
17162800.0
17667900.0
25388800.0
20183000.0
17567600.0
26890500.0
35124200.0
14938300.0
32331600.0
19595300.0
24353800.0
17152500.0
31578500.0
36659500.0
34794400.0
14777600.0
18251100.0
20072700.0
15758100.0
20653800.0
31857600.0
23744800.0
23597900.0
27533800.0
20961300.0
22605800.0
19246000.0
26793600.0
18440300.0
30315500.0
13501800.0
26823000.0
21255000.0
18722500.0
34473300.0
16328300.0
18323000.0
19531700.0
34141600.0
29650300.0
17683300.0
29877600.0
20749300.0
31717200.0
24462200.0
25092400.0
20922000.0
23633100.0
28873100.0
29746000.0
18329100.0
27576900.0
28853000.0
19612400.0
23677100.0
27769100.0
36697700.0
22367600.0
30452000.0
27836200.0
16264900.0
24053000.0
14513500.0
19158700.0
26661200.0
17974900.0
26511900.0
29770400.0
33880100.0
22345500.0
16093800.0
21008000.0
20600400.0
10815500.0
16833000.0
15248300.0
20022100.0
25507600.0
18405400.0
20468900.0
20654400.0
29986000.0
24752300.0
16194500.0
30681300.0
19856900.0
32526800.0
21866000.0
17346500.0
20915300.0
26529100.0
15196300.0
16223600.0
23027000.0
33738400.0
18850400.0
17331000.0
32468600.0
29747400.0
24004500.0
25558900.0
32350600.0
18171500.0
27531700.0
26094300.0
23186000.0
18074800.0
20726800.0
34177300.0
28487400.0
21474500.0
17643600.0
29370400.0
30262000.0
14690600.0
23603000.0
26616400.0
31561700.0
17027900.0
26686700.0
31708700.0
22697900.0
24093900.0
25390900.0
20593200.0
15987200.0
25723600.0
22483600.0
19714900.0
19859100.0
33521200.0
22178600.0
22488300.0
19587900.0
14905700.0
10621500.0
26148400.0
30658600.0
16400100.0
28972500.0
21370900.0
32646100.0
24424000.0
36321700.0
27977100.0
14824400.0
25927600.0
25163700.0
19941600.0
18665100.0
20015200.0
23655200.0
22020000.0
21223900.0
20694300.0
16973000.0
19895300.0
24479100.0
17665900.0
27551200.0
18650900.0
19429800.0
22357400.0
24418700.0
20173200.0
26192400.0
20932000.0
20106100.0
32430100.0
14720300.0
28712900.0
29380600.0
21272600.0
24410000.0
27394300.0
25354100.0
34320700.0
20945100.0
13618900.0
30562700.0
22529400.0
21601600.0
24857500.0
19007200.0
23786700.0
18534700.0
20042000.0
20385100.0
16694800.0
23369700.0
23283600.0
21292300.0
27144800.0
19188800.0
30120900.0
20611500.0
29233100.0
20182000.0
29416800.0
24773500.0
30407900.0
27415700.0
21540300.0
16813500.0
15684900.0
22124600.0
19177400.0
25909600.0
26786300.0
29557900.0
23545000.0
15073800.0
29323200.0
19374800.0
23086200.0
10167000.0
18229300.0
41009900.0
25931600.0
21892400.0
24584800.0
20823500.0
20604000.0
21908200.0
16052000.0
16821500.0
27277800.0
24390000.0
11236200.0
31023400.0
21565200.0
22740700.0
26212700.0
18141000.0
25781400.0
29690300.0
18362900.0
15464700.0
29032600.0
20918300.0
24118800.0
16398900.0
24439000.0
21518200.0
29652100.0
29578300.0
27118800.0
18425400.0
23951000.0
25609300.0
26206600.0
19870300.0
30039700.0
19940800.0
27633900.0
18942300.0
11512300.0
25393900.0
19522400.0
12691200.0
21939200.0
15708700.0
26069300.0
29428900.0
24876300.0
22976500.0
20328600.0
29770600.0
32560700.0
30571000.0
26313000.0
16582700.0
26221200.0
25399200.0
17992100.0
24038100.0
26295800.0
22262400.0
20788200.0
33082400.0
22075100.0
22608600.0
17148800.0
23175700.0
22842800.0
27360200.0
31569600.0
18360600.0
24004800.0
23630300.0
28426400.0
29347100.0
20736000.0
16555900.0
23547900.0
41217700.0
31602000.0
39361100.0
31551200.0
28049500.0
30228900.0
19487800.0
30269200.0
14884900.0
22180900.0
24762200.0
21428700.0
12369300.0
23580800.0
30426000.0
24769700.0
24342300.0
17715100.0
18206800.0
19040300.0
17559800.0
27207400.0
10909900.0
17089500.0
25651400.0
25693500.0
30107700.0
38370600.0
22949200.0
20570400.0
30590600.0
28523500.0
37728900.0
16787000.0
15286900.0
23896700.0
20754800.0
18248800.0
16962100.0
20890500.0
20144800.0
14494900.0
20180200.0
23147700.0
21604600.0
24525700.0
20383200.0
24153400.0
27199800.0
18248400.0
17978800.0
31041800.0
23256700.0
29601700.0
23643700.0
16278600.0
22620700.0
23002000.0
29669000.0
21761600.0
20289600.0
10187900.0
20552100.0
28073500.0
27124900.0
24648700.0
12590300.0
24173300.0
33304100.0
37569700.0
35307600.0
21543100.0
30630000.0
11310800.0
20404400.0
22594800.0
23271600.0
28473400.0
15097000.0
18307600.0
16123300.0
23326000.0
28038800.0
27208600.0
15194500.0
19207900.0
19575000.0
19481500.0
18439900.0
14014700.0
25989400.0
12364200.0
14698100.0
27613100.0
28588700.0
32595600.0
15583900.0
26911200.0
25176300.0
22755600.0
33117300.0
18800200.0
27250900.0
12156300.0
18311300.0
35591200.0
26525400.0
24063700.0
20193600.0
28906300.0
23929600.0
30268800.0
24723100.0
22500300.0
25129000.0
20819100.0
24874900.0
19356300.0
20589900.0
29227000.0
19754900.0
15674800.0
29474900.0
21831600.0
24341000.0
35928600.0
24363900.0
23504200.0
16207400.0
26763400.0
22619700.0
36116600.0
12793700.0
24543100.0
31570800.0
20833200.0
21575700.0
24698500.0
24332100.0
19171800.0
24657900.0
19896900.0
16768700.0
16286200.0
11872700.0
21961300.0
19996900.0
24549400.0
22595700.0
14742600.0
18598400.0
32731400.0
24220300.0
16445400.0
24745200.0
28767100.0
24710300.0
18757700.0
20589500.0
20205200.0
23291300.0
20857600.0
26838300.0
26149600.0
24581600.0
16225700.0
27522400.0
29347100.0
21200800.0
12000500.0
25730500.0
16941900.0
24206800.0
26547300.0
17777000.0
24689100.0
28106000.0
26987000.0
16961900.0
33556900.0
28963100.0
17442600.0
16852700.0
25546200.0
24711400.0
26570700.0
20582700.0
21313400.0
19407300.0
25702100.0
17293600.0
10727700.0
25210500.0
26708200.0
20996600.0
24337900.0
17986300.0
22184300.0
22917800.0
23717400.0
32522300.0
30659400.0
15107400.0
28389700.0
13658200.0
17685400.0
26866100.0
24713600.0
11986400.0
18474200.0
28730600.0
25064300.0
19067000.0
23776300.0
20223000.0
29386400.0
24189800.0
17494300.0
22868000.0
22411700.0
22723300.0
24564000.0
12935800.0
22804300.0
21245300.0
34520600.0
27595200.0
13065100.0
29487000.0
16935500.0
29309000.0
29873800.0
42691000.0
30220400.0
23856300.0
15520100.0
30415700.0
20185800.0
30748500.0
23946100.0
29953900.0
23305200.0
32047100.0
21210000.0
23000700.0
21801800.0
37099500.0
23878800.0
16710800.0
20038900.0
32929000.0
35705500.0
19658000.0
21791000.0
19917400.0
26759600.0
21391400.0
31550900.0
16447500.0
26855800.0
19443400.0
24399700.0
23080400.0
23959800.0
17846200.0
25402000.0
15447900.0
19614600.0
21687400.0
20230400.0
17820500.0
25214000.0
25653100.0
20777000.0
22389500.0
33670600.0
28804800.0
19292100.0
23487700.0
20414300.0
23167300.0
33863600.0
30382900.0
25953700.0
24406900.0
18383900.0
23943800.0
30044800.0
23102400.0
24957000.0
26051600.0
15208100.0
21048100.0
21966600.0
23127200.0
17451300.0
21782500.0
18936600.0
23991200.0
29658600.0
15310600.0
18827200.0
25084500.0
12331800.0
15930300.0
22005500.0
35276100.0
30735300.0
23382400.0
18951200.0
20350700.0
12222200.0
32101700.0
25344900.0
20560200.0
32153300.0
16871900.0
14508400.0
24354500.0
27455800.0
26552200.0
25225700.0
18914900.0
29745300.0
19979900.0
21683900.0
23080100.0
17216400.0
29184500.0
23513500.0
19970000.0
15195300.0
17968800.0
21484300.0
31692800.0
21052700.0
19090800.0
24094600.0
30446400.0
20741700.0
19859100.0
24760000.0
15435400.0
17986000.0
36156800.0
18465600.0
24783600.0
20772200.0
17151400.0
26295200.0
12379600.0
21210100.0
25807600.0
11349500.0
15800100.0
19855100.0
28308900.0
14682700.0
19520800.0
18173400.0
21265000.0
27501400.0
27833200.0
23078000.0
17381900.0
24750500.0
19041000.0
22080200.0
16317600.0
28977300.0
29014600.0
19196500.0
22684700.0
13926700.0
28820200.0
29786000.0
22001900.0
16260600.0
26903600.0
21402400.0
27432200.0
26532900.0
19267200.0
28201800.0
16310800.0
21237000.0
17173800.0
19133200.0
22536400.0
15928100.0
28230900.0
24270800.0
21243900.0
30385200.0
20376800.0
33253600.0
21717700.0
21015600.0
17543000.0
25117400.0
19511700.0
20632800.0
26180000.0
32170800.0
19379900.0
23285300.0
29308800.0
30549500.0
23550100.0
18963400.0
36094900.0
30332900.0
22699800.0
24902800.0
21450100.0
20251700.0
27926300.0
28086700.0
13585300.0
13929800.0
22342100.0
28941900.0
25820600.0
29882200.0
17923300.0
25014800.0
23306000.0
27429200.0
21383000.0
18163100.0
35878600.0
11854700.0
27519100.0
19277600.0
36039800.0
25008200.0
35712300.0
26367300.0
36490500.0
19255200.0
29109500.0
19526100.0
18602400.0
28789500.0
22921200.0
27966800.0
17900600.0
20960000.0
17666400.0
37502300.0
16648800.0
21548900.0
17356900.0
26886500.0
31908400.0
31304200.0
27260300.0
25983700.0
21828000.0
30102600.0
24402100.0
25187400.0
30412400.0
29153600.0
35962700.0
17055300.0
19663200.0
26514400.0
20442800.0
31997100.0
25148300.0
28542200.0
15575600.0
27975700.0
18036400.0
28022000.0
24505500.0
26955700.0
16341700.0
16349400.0
25791400.0
17633500.0
20518900.0
30463600.0
19928400.0
18707500.0
19792400.0
18645400.0
25867200.0
21320700.0
23190500.0
17633100.0
14042300.0
17266400.0
26208100.0
24710600.0
29804100.0
26236900.0
25222100.0
26524700.0
22325200.0
20542000.0
21276800.0
26774700.0
21723200.0
33007200.0
27431500.0
28925500.0
23611100.0
19800000.0
14958700.0
19761500.0
19427200.0
24544900.0
24342200.0
23979500.0
26147000.0
28162000.0
19245000.0
15125500.0
14735900.0
18658300.0
19833000.0
29542300.0
29957300.0
28821800.0
26995700.0
34391300.0
28575631.055587
21716849.049614
27608286.055214
27007534.051859
21884532.038921
27980051.045171
20846394.044774
25419595.041603
27692059.050417
29801427.059258
22847089.051443
33272553.06099
21344866.043474
17672040.03255
17059195.03233
28542134.053777
21553315.040359
22347355.039481
18236823.058457
12263750.023286
18039826.03316
23714564.052757
22896817.040589
15978662.033819
24483338.051942
18596559.037151
19098508.03399
28726749.050947
14463604.02716
28345120.056373
25361860.055249
19020080.036822
22155660.038045
29479573.050882
25453520.046684
23819354.049174
25072337.046077
25883417.04291
10292073.519305
27779048.065835
19146399.033429
19008200.040803
25672693.063303
25575856.050429
24091151.046648
15341930.034042
17186706.027467
24417885.041774
14466289.029379
26997171.049
29745766.553084
15870261.030047
21893750.039234
21275760.035279
23679425.043049
11189429.022135
22582282.045376
19631838.04822
17307032.039016
24707826.045829
28098004.052784
17389079.033512
29235016.056083
13964019.027091
15684334.027853
14324617.046509
19687631.033463
24922123.051182
16433521.049776
31837646.060797
28493549.055426
19207728.036179
16797733.053713
19149873.03757
33757498.074431
18319447.035565
22780984.0516
30374984.05339
28008449.050923
27240647.051282
23256675.041987
19655869.038747
16395766.026919
15516620.032595
23609508.04083
16214071.03231
16993844.039223
21797204.046476
29253080.058031
20924786.03821
34087442.072293
17023061.035993
19496737.039871
19317988.062296
21883201.037747
28164964.054389
30026485.063998
28643723.053405
20490263.039322
27015239.050368
22245527.071562
26004190.05413
20101043.034023
22974300.041426
19492682.037822
15847305.033249
29682431.054226
25540266.046689
20531760.042625
15270076.028085
24792392.050498
18870229.061242
27256214.545069
24926112.046172
12792263.023188
18189443.039183
23240710.056643
21971912.043578
33345114.059447
18190533.035732
23627915.046643
28481887.059152
34764140.060037
23202950.043407
21574733.050076
23430059.045848
29517934.068919
22970777.709076
23990988.041496
20828016.035115
20251247.035147
14526702.023425
24200309.047845
30119094.056915
22634026.042529
25940850.061188
27426717.051754
27596070.053132
22423562.04971
23370428.044301
34832913.064209
12802756.77682
25757750.051309
16894546.029963
24818730.056338
26133080.044234
15128949.027129
23911888.049764
26331254.056975
16248423.031688
29307095.068043
14950649.028489
32030924.059141
31449315.10062
31475782.104857
16105205.027803
25441938.048509
17483740.032701
26270791.084997
19529045.042065
16228636.0338
32499249.060828
28310757.051915
22768365.070771
20419834.062361
20569349.038165
29712373.054771
24361908.045461
25746500.045145
19859803.039929
27656884.072307
19663084.041265
23247481.041314
15642709.030132
18244725.032378
34178129.074371
14633621.023912
17162841.029493
17667932.038958
25388760.0461
20182981.033656
17567603.034703
26890527.064022
35124174.067939
14938310.024864
32331557.060723
19595341.034056
24353810.043902
17152490.035275
31578479.060814
36659493.066115
34794390.066398
14777568.029388
18251095.058532
20072658.045903
15758120.027931
20653753.039008
31857611.061111
23744769.043588
23597936.057955
27533797.089623
20961338.069005
22605829.054005
19245984.042337
26793560.058234
18440253.040063
30315171.385416
13501804.028397
26822971.07314
21255048.037336
18722519.040321
34473298.104638
16328332.037608
18323000.042612
19531655.037548
34141617.062349
29650314.057795
17683284.03363
29877568.066259
20749271.04664
31717205.058807
24462240.03917
25092431.043676
20921960.040524
23633055.075444
28873056.066063
29746015.061368
18329139.028306
27576500.556793
28853002.05838
19612355.039431
23677077.046626
27769073.092332
36697713.074641
22367644.052723
30451970.056171
27836227.05036
16264916.0295
24053001.040968
14513477.028596
19158109.364781
26661213.058652
17974908.029757
26511929.045488
29770404.067168
33880125.06806
22345525.045637
16093780.033662
21008027.039836
20600446.036386
10815460.023485
16832988.02805
15247862.531318
20022095.037618
25507580.053371
18405378.030385
20468880.035104
20654369.039915
29986016.063739
24752292.045991
16194496.029829
30681304.064089
19856910.034107
32526751.060839
21866015.041888
17346464.033278
20915274.044897
26529069.085141
15196928.027563
16223609.029661
23026982.038075
33738403.067296
18850363.034051
17330969.034449
32468602.055919
29747358.052634
24004490.043546
25558511.55144
32350628.057479
18171486.031942
27531666.057489
26094263.044478
23185957.072318
18074784.031421
20726845.044481
34177315.069246
28487401.051195
21474494.036964
17643601.034321
29370442.048191
30261956.05693
14690592.029687
23603024.04913
26616439.052412
31561721.066883
17027853.027524
26686714.047181
31708667.063248
22697896.042636
24093914.044926
25390870.051926
20593190.035271
15986714.030929
25723556.049624
22483565.038495
19714868.040755
19858727.032383
33521227.068203
22178573.044174
22488307.051261
19587935.03603
14905657.027756
10621475.021417
26148356.057503
30658553.056122
16399941.534952
28972531.057837
21370921.042798
32646083.058541
24424019.040222
36321703.083659
27977119.057799
14824421.024704
25927590.050444
25163692.043317
19941607.040893
18665143.030087
20015169.035382
23655168.043334
22019969.041533
21223903.040813
20694260.04786
16973009.039806
19895293.036783
24479115.056955
17665948.031032
27551153.088745
18650945.03996
19429781.042395
22357360.042048
24418725.043946
20173185.03956
26192380.049602
20932024.039641
20106105.042442
32429723.069085
14720260.030375
28712882.058167
29380628.058303
21272591.038268
24409968.042967
27394322.046925
25354101.053207
34320657.06804
20945144.040068
13619021.031031
30562687.064135
22529432.036322
21601592.047875
24857508.044133
19006260.036413
23786681.043497
18534705.030726
20041975.033211
20382012.039026
16694800.034544
23369710.043588
23283598.041297
21292342.035911
27144777.046156
19188789.038775
30120910.055624
20610999.546151
29233084.062461
20182020.039458
29416766.056643
24773482.049607
30407935.055888
27415663.048435
21540291.047011
16813471.02894
15684908.031865
22124616.043424
19177749.040294
25913305.044385
26786270.056297
29557929.055688
23545002.076681
15073831.029489
29323184.060204
19374800.037444
23086188.044324
10167016.02563
18229325.03018
41009902.074098
25931569.052958
21892417.045021
24585405.045146
20823528.044016
20604022.03323
21908179.039918
16052034.028619
16821488.054455
27277822.051777
24390036.060436
11236163.021557
31023436.056777
21565230.040336
22740710.04968
26212684.056572
18140960.030148
25781385.050031
29690293.047785
18362856.058821
15464708.03199
29032621.051862
20917861.545445
24118760.076898
16398910.026636
24439042.047452
21518163.038592
29652106.056816
29578260.054869
27118762.053067
18425389.034655
23951017.041228
25609330.044679
26206622.064781
19870272.039231
30039729.056859
19940762.037368
27633918.051136
18942323.032902
11512339.026995
25393857.051285
19522383.037285
12690507.02466
21939223.067221
15708730.035841
26069026.551592
29428911.049853
24876269.041208
22976536.044579
20328565.037102
29770640.055389
32560685.055347
30570954.063149
26313002.048321
16582673.032953
26221168.055293
25399216.043759
17991662.039695
24038105.047255
26295757.05593
22262359.042811
20788185.040904
33082392.059667
22075072.037032
22608552.040754
17148798.040933
23175669.045143
22842756.047517
27360186.047649
31569553.058901
18360583.031865
24004837.045406
23630274.044995
28426444.069004
29347131.054613
20735969.046052
16555936.028196
23547865.047118
41217657.068532
31601974.095042
39361112.073072
31551233.061226
28049493.051037
30228946.055535
19487796.038671
30269160.058593
14884940.038968
22180860.051306
24762247.043024
21428705.037069
12369265.037701
23580801.071554
30426050.053484
24769720.050677
24342267.051102
17715105.029263
18206828.033465
19039773.03654
17559826.036279
27207394.056842
10909711.356983
17089493.054688
25651430.052511
25693511.045372
30107727.063526
38370624.073306
22949211.044769
20570038.04379
30590554.054304
28523537.055368
37728937.067699
16787048.035064
15286898.027463
23896695.049439
20754760.0424
18248807.052577
16962143.038164
20890470.038297
20144836.063006
14494867.026061
20180227.041095
23147703.046944
21604583.045529
24525703.056489
20383182.042448
24153431.044341
27199761.054161
18248366.038336
17978765.038419
31041822.059252
23256211.052109
29601733.059325
23643384.542076
16278612.029548
22620690.040658
23001988.039649
29668985.06693
21761589.062927
20289644.035061
10187883.021261
20552092.061189
28073546.051872
27124893.048083
24648686.065191
12590327.023957
24173298.079564
33304614.055617
37569739.074503
35307638.0655
21543076.039671
30629972.06153
11310754.019049
20404362.038324
22594849.050066
23271604.041812
28473437.065359
15096995.026316
18307554.031941
16125073.05039
23325985.04213
28038792.068436
27208632.04704
15194548.031539
19207939.037873
19574953.042562
19481510.038159
18439869.054516
14014748.029928
25989395.08462
12364184.025783
14697723.524776
27613071.051076
28588711.054056
32595627.073762
15583911.033569
26911186.047045
25176328.047528
22755637.043065
33117283.060626
18800232.031474
27250923.050213
12156217.024743
18311301.038257
35591155.05987
26525395.050517
24063747.051516
20193596.060885
28906282.057294
23929552.044322
30268840.074455
24723083.044597
22500294.043547
25128965.047161
20819084.035961
24874933.053057
19356327.037331
20589949.038888
29227005.060537
19754939.039196
15674822.032237
29474873.054077
22990380.064932
24340990.073109
35928566.067133
24363392.556792
23504931.038139
16206859.368378
26763410.043685
22619363.04161
36116583.060909
12793742.020942
24543080.047998
31570759.060784
20833212.044415
21575727.054099
24698487.046286
24332130.045626
19171319.534447
24657853.046336
19896566.534294
16768691.028564
16285746.527724
11872684.023217
21961318.045553
19996932.035349
24549375.041881
22595654.041805
14742616.029989
18598423.038484
32731360.0582
24220272.051372
16445429.02922
24745172.053601
28767093.059971
24710327.040584
18757676.034123
20589472.046152
20205174.03912
23291330.043219
20857631.03486
26838256.054835
26149582.054983
24581621.045578
16225709.031549
27522360.045612
29347075.055307
21200810.04487
12000232.523114
25730532.057833
16941894.03626
24206800.040887
26547325.08289
17777005.039183
24689085.049123
28105807.056676
26987013.066942
16961936.03522
33556920.063551
28963084.090964
17442554.035373
16852742.033142
25546208.073528
24711378.047086
26570672.047785
20582725.045515
21313619.037572
19407036.706153
25702076.045269
17293639.036615
10727739.021022
25210519.048675
26708174.054712
20996620.046116
24337894.043233
17986343.043563
22184713.046983
22917832.053351
23717353.045444
32522278.054208
30659414.059137
15107368.026212
28389688.053644
14470560.525282
17685430.057759
26866102.046312
24713564.049805
11986246.037675
18474160.037055
28730561.054995
25064290.073726
19066989.05759
23776294.045802
20223011.04674
29386436.050288
24189790.042853
17494311.030294
22868038.038907
22411730.044413
22723291.044459
24564036.050312
12935834.024043
22804259.044971
21245340.040693
34520568.064692
27595200.056174
13064589.526503
29487007.066197
16935462.050985
29308360.389991
29873780.05316
42691034.136873
30220359.062749
23856341.043626
15520061.034508
30415706.073412
20185848.035823
30748488.066863
23946107.041199
29953854.053357
23309177.038381
32047073.056738
21210007.044183
23000699.05458
21801751.040293
37099482.064182
23878776.043925
16710837.028533
20038935.049148
32929028.067903
35705489.062128
19657992.042421
21791008.038963
19917361.040249
26759581.048926
21391434.062388
31550869.051336
16447497.027614
26855389.554084
19443359.041585
24399665.054636
23080389.042531
23959799.038536
17846232.054781
25402033.051505
15447936.024615
19614611.050212
21687446.040185
20230374.063792
17820490.033522
25213964.046604
25653102.049311
20776970.04097
22389508.047219
33670643.082864
28804810.059664
19292077.031662
23487703.047569
20414266.039848
23167252.040531
33863554.061712
30382916.057111
25953468.712876
24406893.075018
18383859.034658
23943816.07331
30044819.052604
23102360.066392
24957028.05882
26051596.0564
15208324.364903
21048073.038216
21966606.042928
23127232.045706
17451257.028826
21782497.042507
18936468.388716
23991160.045418
29658564.054158
15310562.026829
18827188.037576
25084546.054028
12331455.523703
15930348.031826
22005494.045175
35276053.067886
30735269.062526
23382426.057846
18951226.035178
20350689.038323
12222227.022229
32101708.061081
25344867.051109
20560177.035594
32153281.065069
16871467.533458
14508427.029309
24354539.042208
27455759.048662
26552191.048781
25225726.048644
18914920.031061
29745348.074307
19979928.038978
21683900.053967
23080091.044858
17216428.034382
29184452.054221
23513503.043431
19970029.037284
15195276.027832
17968828.054065
21484342.043956
31692769.057767
21052706.052811
19090849.050474
24094636.042816
30446432.068388
20741680.046796
19859089.03732
24759951.045895
15435394.037969
17985583.531346
36156823.075472
18465491.032659
24783643.050965
20772198.063234
17151421.05412
26295169.057378
12379555.02082
21210078.037572
25807552.046857
11349528.033564
15800061.05158
19855121.040383
28308902.054532
14682694.045603
19520791.038714
18173376.040904
21265014.040998
27501388.048315
27833204.048777
23078011.043555
17381934.035501
24750510.049787
19043219.539976
22080211.03887
16317557.03871
28977325.063974
29014641.053518
19196505.061241
22684695.041255
13926745.030274
28820177.063651
29786038.058504
22001868.037412
16260550.033445
26903612.0466
21402426.035312
27432247.082742
26532860.055093
19267225.06118
28201834.046026
16313103.026752
21236983.035627
17173839.031088
19133183.045877
22536390.043962
15927634.028795
28230872.059335
24270756.044177
21243477.04203
30385185.055066
20376811.039723
33253619.060383
21717674.04073
21015551.038446
17543043.034052
25117358.05937
19511730.038642
20632839.042043
26180005.055074
32170821.057803
19379916.047379
23285300.040502
29308843.05869
30549467.066192
23550064.046154
18963425.04011
36094939.067034
30332892.058407
22699776.040057
24902845.056291
21450139.044651
20251364.535645
27926324.053535
28086708.052654
13582703.022901
13929831.026013
22341945.068284
28941930.058203
25820581.051269
29882173.06119
17922777.038939
25014775.053216
23306001.041969
27428789.051108
21382994.048898
18163058.036519
35878646.071829
11854883.023733
27519096.052169
19277614.032629
36039777.115935
25009617.040433
35712318.116314
26367340.084821
36490488.062191
19255169.037345
29109460.055466
19526115.063434
18602399.035345
28789507.069192
22921242.051505
27966830.050089
17900649.030298
20959961.039571
17666427.038287
37502334.069577
16648482.530569
21548945.044934
17356937.03065
26883704.545637
31908356.100957
31304175.054963
27260278.059102
25983726.049745
21827984.047027
30102639.057373
24402051.054891
25187394.05934
30412442.063674
29153550.056526
35962733.082698
17055282.037132
19663219.047894
26514392.047048
20439729.03976
31997070.067438
25148335.04939
28542185.062816
15575628.033975
27975697.046658
18036411.042307
28021955.086552
24505484.060628
26955514.086087
16341670.045856
16349397.040762
25791379.043492
17633452.033186
20518888.044296
30463614.100781
19928403.036956
18707459.042072
19792415.043513
18645050.032601
25867178.058291
21320722.042734
23190537.044848
17632776.369442
14042335.026278
17266410.036035
26208124.050679
24710630.08049
29804084.053938
26236913.04957
25222078.047063
26524733.074068
22325171.04702
20542044.039295
21276815.050049
26771796.058537
21724201.040564
33007230.063111
27431517.047314
28925491.062255
23611083.048818
19800041.034879
14959870.043522
19761516.035814
19427186.03958
24544868.049598
24342233.046779
23979508.045756
26147044.055323
28162020.049541
19245035.036051
15125528.046732
14735888.031213
18658322.046827
19833018.04541
29542319.052885
29957310.057558
28821806.053941
26998313.054724
34391285.059944
