1.00136
1.0017
1.00172
1.00023
1.00472
1.00181
1.00132
1.00076
1.00029
1.00024
1.01585
1.11403
1.0032
1.00026
1.01546
1.00023
1.0503
1.00161
1.03248
1.00337
1.01617
1.02351
1.01674
1.0002
1.00271
1.00029
1.09105
1.00036
1.00238
1.00107
1.00022
1.0319
1.00121
1.00032
1.00022
1.02345
1.00313
1.00856
1.00018
1.00026
1.00029
1.00021
1.00023
1.00309
1.00454
1.00035
1.06942
1.00021
1.02648
1.00254
1.01958
1.00021
1.00027
1.00078
1.00136
1.00028
1.00174
1.00046
1.00658
1.00021
1.0004
1.00021
1.00018
1.01224
1.00023
1.00063
1.00022
1.00232
1.0003
1.00278
1.01405
1.00018
1.03092
1.00031
1.00024
1.0172
1.00045
1.00022
1.01537
1.01586
1.00035
1.00038
1.00031
1.00024
1.00815
1.00019
1.00171
1.00019
1.01136
1.00154
1.01725
1.00022
1.00024
1.00016
1.00402
1.04403
1.00115
1.00039
1.01193
1.01906
1.00025
1.00021
1.00496
1.00021
1.00471
1.00128
1.00051
1.00025
1.00021
1.00279
1.00028
1.03441
1.00025
1.00329
1.00745
1.02841
1.00069
1.00025
1.00021
1.00088
1.01605
1.00029
1.00017
1.01377
1.01969
1.02477
1.00033
1.00019
1.0002
1.06101
1.00208
1.00069
1.00293
1.00021
1.00028
1.00131
1.00025
1.00617
1.00016
1.00028
1.00175
1.0067
1.00025
1.00054
1.03646
1.00153
1.00035
1.01193
1.00092
1.00846
1.00032
1.00035
1.00033
1.00027
1.13533
1.00019
1.00018
1.00019
1.00027
1.00024
1.00029
1.0003
1.00337
1.0002
1.00461
1.00026
1.00305
1.00303
1.0082
1.00692
1.00028
1.00032
1.00027
1.00009
1.00417
1.0006
1.00029
1.01984
1.00023
1.00266
1.04711
1.00074
1.00025
1.00018
1.0218
1.00025
1.03452
1.00655
1.00023
1.00831
1.00033
1.00768
1.00029
1.00022
1.00295
1.0072
1.01435
1.00023
1.00729
1.00038
1.0046
1.03875
1.02124
1.00033
1.01968
1.0002
1.00023
1.00021
1.00528
1.03426
1.00022
1.0002
1.03913
1.02953
1.01365
1.00017
1.00029
1.00028
1.00022
1.00032
1.00032
1.00655
1.00068
1.00037
1.00026
1.00031
1.02779
1.00026
1.0146
1.00024
1.00024
1.00546
1.00531
1.01252
1.00208
1.00022
1.00494
1.00026
1.01089
1.00638
1.00033
1.00027
1.00522
1.00023
1.00022
1.00025
1.00499
1.02745
1.00022
1.13629
1.0029
1.00021
1.00025
1.08839
1.01788
1.01063
1.0038
1.00219
1.02639
1.00106
1.00409
1.00031
1.00903
1.02072
1.00026
1.0003
1.00196
1.00023
1.00015
1.00126
1.00032
1.00022
1.00025
1.00029
1.02041
1.00159
1.03634
1.02838
1.00038
1.00028
1.00246
1.00028
1.0217
1.0002
1.00506
1.00028
1.00019
1.00421
1.02672
1.0003
1.14986
1.00075
1.00359
1.00255
1.00218
1.00377
1.00025
1.0003
1.0002
1.00026
1.00021
1.00029
1.00033
1.00772
1.00018
1.00206
1.00033
1.00085
1.00025
1.00044
1.00103
1.00027
1.00107
1.00715
1.00614
1.02893
1.00025
1.00027
1.02765
1.0002
1.00029
1.02997
1.00366
1.02489
1.02292
1.00029
1.00783
1.00286
1.00026
1.0003
1.02845
1.00022
1.00213
1.00273
1.00219
1.05892
1.00019
1.02588
1.0002
1.00034
1.00109
1.01448
1.00021
1.00179
1.00156
1.00119
1.00031
1.04139
1.00241
1.00421
1.00018
1.00029
1.00016
1.01052
1.00019
1.00026
1.0796
1.00112
1.00045
1.00274
1.03723
1.00042
1.00406
1.0002
1.01367
1.00016
1.02464
1.0002
1.00965
1.04192
1.00469
1.001
1.00024
1.03133
1.00177
1.00167
1.0217
1.00039
1.0002
1.00025
1.01179
1.00022
1.02738
1.00022
1.0004
1.00913
1.00824
1.01246
1.00285
1.00017
1.00038
1.00017
1.00289
1.00089
1.00213
1.00857
1.03263
1.03239
1.01018
1.0319
1.00883
1.00129
1.00023
1.00021
1.00019
1.02753
1.0003
1.04116
1.00025
1.00034
1.00707
1.00023
1.0019
1.00022
1.00029
1.00017
1.04678
1.00469
1.04135
1.03375
1.0039
1.00027
1.00037
1.00028
1.00599
1.00021
1.0003
1.0003
1.00019
1.0089
1.00827
1.00349
1.02223
1.00026
1.00028
1.01643
1.24137
1.0187
1.01872
1.00548
1.00027
1.00797
1.00442
1.02119
1.00126
1.0002
1.00146
1.00023
1.0004
1.00032
1.04073
1.00028
1.00019
1.00035
1.02739
1.00807
1.00022
1.01951
1.02491
1.05424
1.00029
1.00606
1.00032
1.05461
1.0108
1.00023
1.00024
1.00028
1.00025
1.00056
1.03941
1.03055
1.02529
1.04327
1.00257
1.0225
1.00029
1.00027
1.00021
1.00028
1.00026
1.00024
1.0002
1.00023
1.00037
1.02015
1.00143
1.00016
1.00462
1.00026
1.00029
1.0002
1.00383
1.00683
1.00048
1.02033
1.0018
1.04874
1.00019
1.08896
1.00149
1.00028
1.00237
1.00022
1.00025
1.00017
1.00021
1.00018
1.03273
1.0018
1.00541
1.00407
1.00034
1.0017
1.00018
1.00028
1.00677
1.00308
1.00025
1.00142
1.01673
1.00025
1.0005
1.00028
1.00024
1.00698
1.00606
1.00189
1.00036
1.00026
1.00022
1.01988
1.00087
1.00019
1.01052
1.00018
1.01308
1.00021
1.00025
1.00827
1.00043
1.04432
1.00038
1.00029
1.00025
1.03327
1.03133
1.00714
1.00018
1.00774
1.00087
1.00985
1.0003
1.002
1.00017
1.00336
1.0004
1.00024
1.00128
1.00064
1.00031
1.0003
1.00443
1.00028
1.00039
1.00028
1.00026
1.04767
1.00531
1.00024
1.00017
1.00026
1.01968
1.00024
1.00039
1.07582
1.00027
1.01199
1.00027
1.0033
1.04395
1.00272
1.00025
1.03669
1.0003
1.03234
1.00308
1.01216
1.00114
1.00141
1.00542
1.0003
1.00314
1.03508
1.0129
1.00335
1.00016
1.00178
1.01747
1.00034
1.02388
1.00119
1.00022
1.003
1.0002
1.09327
1.01494
1.00023
1.01377
1.00411
1.00022
1.00051
1.00193
1.01764
1.0003
1.00119
1.00113
1.00033
1.02791
1.08484
1.00767
1.00033
1.0655
1.04139
1.00026
1.0003
1.00027
1.00148
1.02245
1.00035
1.00096
1.00021
1.00225
1.02228
1.00028
1.0003
1.00029
1.00022
1.01995
1.00024
1.00087
1.00024
1.00462
1.00027
1.00208
1.00161
1.00065
1.02414
1.00246
1.00015
1.00246
1.00023
1.00216
1.00566
1.00032
1.00034
1.00028
1.01551
1.00022
1.002
1.00235
1.00579
1.00409
1.01401
1.02247
1.00021
1.0006
1.06763
1.02333
1.00603
1.00028
1.04645
1.00021
1.00023
1.02284
1.00499
1.01586
1.02995
1.00053
1.00029
1.00638
1.00265
1.00027
1.0004
1.005
1.00533
1.0011
1.00047
1.00212
1.00023
1.00042
1.0315
1.00042
1.00032
1.0065
1.01953
1.00414
1.04141
1.01675
1.00158
1.00035
1.00524
1.00038
1.00764
1.00023
1.00022
1.00017
1.00126
1.00035
1.00017
1.00033
1.00042
1.00021
1.00021
1.00023
1.00035
1.00029
1.00369
1.0322
1.00026
1.01879
1.04215
1.00499
1.00016
1.02818
1.00021
1.04332
1.00022
1.00022
1.00142
1.1358
1.00029
1.00149
1.00081
1.00021
1.00426
1.00032
1.00024
1.02119
1.11054
1.03956
1.00168
1.01494
1.00021
1.00021
1.00346
1.00024
1.00016
1.01617
1.01425
1.00025
1.0004
1.00048
1.00019
1.00024
1.04209
1.00698
1.00022
1.00254
1.0022
1.00029
1.00206
1.00019
1.00013
1.00025
1.00022
1.04524
1.0273
1.00012
1.00027
1.00028
1.03135
1.00019
1.02126
1.00019
1.00026
1.00258
1.00128
1.00017
1.00021
1.00032
1.00912
1.00556
1.00103
1.00018
1.02083
1.00025
1.00081
1.00023
1.023
1.06702
1.00024
1.00027
1.01329
1.0003
1.00269
1.00027
1.00451
1.00065
1.05456
1.01217
1.00199
1.00098
1.00226
1.00029
1.00032
1.0409
1.00928
1.00754
1.001
1.00484
1.00021
1.00028
1.02439
1.00023
1.00587
1.0379
1.00041
1.02826
1.00905
1.00726
1.00026
1.00018
1.0003
1.02352
1.00544
1.0008
1.002
1.01036
1.00252
1.00602
1.01553
1.01876
1.00021
1.00022
1.00241
1.02549
1.03358
1.00957
1.02027
1.00208
1.03548
1.00023
1.00037
1.00426
1.00058
1.00034
1.00024
1.00165
1.00583
1.00027
1.00018
1.00019
1.00926
1.00235
1.00122
1.00022
1.00029
1.03846
1.00024
1.03968
1.00513
1.00567
1.00452
1.00065
1.04596
1.0013
1.0002
1.00024
1.00442
1.00133
1.0146
1.00025
1.00398
1.0211
1.00021
1.00474
1.00034
1.00023
1.00021
1.00019
1.00021
1.0002
1.00027
1.00292
1.00099
1.0003
1.00023
1.00025
1.05563
1.00046
1.0102
1.01819
1.01833
1.0003
1.00024
1.02159
1.00101
1.01269
1.00023
1.02413
1.00024
1.02115
1.00022
1.00015
1.00024
1.00019
1.0003
1.00031
1.00019
1.00029
1.00041
1.00024
1.01978
1.00019
1.00185
1.00036
1.0028
1.0002
1.01534
1.00079
1.00031
1.07191
1.00534
1.00018
1.03677
1.00022
1.00614
1.00018
1.03604
1.00148
1.00019
1.04639
1.00024
1.00029
1.00449
1.01496
1.01054
1.01207
1.00024
1.00029
1.00025
1.00001
1.00024
1.02139
1.00024
1.01872
1.01917
1.00031
1.00021
1.00164
1.00031
1.00032
1.04509
1.00948
1.00015
1.00033
1.00024
1.00451
1.00026
1.03791
1.00037
1.00037
1.00022
1.01542
1.02704
1.00023
1.00026
1.0003
1.00036
1.03352
1.0027
1.02423
1.0184
1.00044
1.00407
1.00018
1.00314
1.0004
1.00023
1.00022
1.00032
1.00035
1.00481
1.01351
1.00024
1.00025
1.00025
1.00072
1.0027
1.00573
1.02112
1.0002
1.03139
1.01164
1.00025
1.00025
1.00031
1.00229
1.02615
1.00136
1.0017
1.00172
1.00023
1.00472
1.00181
1.00132
1.00076
1.00029
1.00024
1.01585
1.11403
1.0032
1.00026
1.01546
1.00023
1.0503
1.00161
1.03248
1.00337
1.01617
1.02351
1.01674
1.0002
1.00271
1.00029
1.09105
1.00036
1.00238
1.00107
1.00022
1.0319
1.00121
1.00032
1.00022
1.02345
1.00313
1.00856
1.00018
1.00026
1.00029
1.00021
1.00023
1.00309
1.00454
1.00035
1.06942
1.00021
1.02648
1.00254
1.01958
1.00021
1.00027
1.00078
1.00136
1.00028
1.00174
1.00046
1.00658
1.00021
1.0004
1.00021
1.00018
1.01224
1.00023
1.00063
1.00022
1.00232
1.0003
1.00278
1.01405
1.00018
1.03092
1.00031
1.00024
1.0172
1.00045
1.00022
1.01537
1.01586
1.00035
1.00038
1.00031
1.00024
1.00815
1.00019
1.00171
1.00019
1.01136
1.00154
1.01725
1.00022
1.00024
1.00016
1.00402
1.04403
1.00115
1.00039
1.01193
1.01906
1.00025
1.00021
1.00496
1.00021
1.00471
1.00128
1.00051
1.00025
1.00021
1.00279
1.00028
1.03441
1.00025
1.00329
1.00745
1.02841
1.00069
1.00025
1.00021
1.00088
1.01605
1.00029
1.00017
1.01377
1.01969
1.02477
1.00033
1.00019
1.0002
1.06101
1.00208
1.00069
1.00293
1.00021
1.00028
1.00131
1.00025
1.00617
1.00016
1.00028
1.00175
1.0067
1.00025
1.00054
1.03646
1.00153
1.00035
1.01193
1.00092
1.00846
1.00032
1.00035
1.00033
1.00027
1.13533
1.00019
1.00018
1.00019
1.00027
1.00024
1.00029
1.0003
1.00337
1.0002
1.00461
1.00026
1.00305
1.00303
1.0082
1.00692
1.00028
1.00032
1.00027
1.00009
1.00417
1.0006
1.00029
1.01984
1.00023
1.00266
1.04711
1.00074
1.00025
1.00018
1.0218
1.00025
1.03452
1.00655
1.00023
1.00831
1.00033
1.00768
1.00029
1.00022
1.00295
1.0072
1.01435
1.00023
1.00729
1.00038
1.0046
1.03875
1.02124
1.00033
1.01968
1.0002
1.00023
1.00021
1.00528
1.03426
1.00022
1.0002
1.03913
1.02953
1.01365
1.00017
1.00029
1.00028
1.00022
1.00032
1.00032
1.00655
1.00068
1.00037
1.00026
1.00031
1.02779
1.00026
1.0146
1.00024
1.00024
1.00546
1.00531
1.01252
1.00208
1.00022
1.00494
1.00026
1.01089
1.00638
1.00033
1.00027
1.00522
1.00023
1.00022
1.00025
1.00499
1.02745
1.00022
1.13629
1.0029
1.00021
1.00025
1.08839
1.01788
1.01063
1.0038
1.00219
1.02639
1.00106
1.00409
1.00031
1.00903
1.02072
1.00026
1.0003
1.00196
1.00023
1.00015
1.00126
1.00032
1.00022
1.00025
1.00029
1.02041
1.00159
1.03634
1.02838
1.00038
1.00028
1.00246
1.00028
1.0217
1.0002
1.00506
1.00028
1.00019
1.00421
1.02672
1.0003
1.14986
1.00075
1.00359
1.00255
1.00218
1.00377
1.00025
1.0003
1.0002
1.00026
1.00021
1.00029
1.00033
1.00772
1.00018
1.00206
1.00033
1.00085
1.00025
1.00044
1.00103
1.00027
1.00107
1.00715
1.00614
1.02893
1.00025
1.00027
1.02765
1.0002
1.00029
1.02997
1.00366
1.02489
1.02292
1.00029
1.00783
1.00286
1.00026
1.0003
1.02845
1.00022
1.00213
1.00273
1.00219
1.05892
1.00019
1.02588
1.0002
1.00034
1.00109
1.01448
1.00021
1.00179
1.00156
1.00119
1.00031
1.04139
1.00241
1.00421
1.00018
1.00029
1.00016
1.01052
1.00019
1.00026
1.0796
1.00112
1.00045
1.00274
1.03723
1.00042
1.00406
1.0002
1.01367
1.00016
1.02464
1.0002
1.00965
1.04192
1.00469
1.001
1.00024
1.03133
1.00177
1.00167
1.0217
1.00039
1.0002
1.00025
1.01179
1.00022
1.02738
1.00022
1.0004
1.00913
1.00824
1.01246
1.00285
1.00017
1.00038
1.00017
1.00289
1.00089
1.00213
1.00857
1.03263
1.03239
1.01018
1.0319
1.00883
1.00129
1.00023
1.00021
1.00019
1.02753
1.0003
1.04116
1.00025
1.00034
1.00707
1.00023
1.0019
1.00022
1.00029
1.00017
1.04678
1.00469
1.04135
1.03375
1.0039
1.00027
1.00037
1.00028
1.00599
1.00021
1.0003
1.0003
1.00019
1.0089
1.00827
1.00349
1.02223
1.00026
1.00028
1.01643
1.24137
1.0187
1.01872
1.00548
1.00027
1.00797
1.00442
1.02119
1.00126
1.0002
1.00146
1.00023
1.0004
1.00032
1.04073
1.00028
1.00019
1.00035
1.02739
1.00807
1.00022
1.01951
1.02491
1.05424
1.00029
1.00606
1.00032
1.05461
1.0108
1.00023
1.00024
1.00028
1.00025
1.00056
1.03941
1.03055
1.02529
1.04327
1.00257
1.0225
1.00029
1.00027
1.00021
1.00028
1.00026
1.00024
1.0002
1.00023
1.00037
1.02015
1.00143
1.00016
1.00462
1.00026
1.00029
1.0002
1.00383
1.00683
1.00048
1.02033
1.0018
1.04874
1.00019
1.08896
1.00149
1.00028
1.00237
1.00022
1.00025
1.00017
1.00021
1.00018
1.03273
1.0018
1.00541
1.00407
1.00034
1.0017
1.00018
1.00028
1.00677
1.00308
1.00025
1.00142
1.01673
1.00025
1.0005
1.00028
1.00024
1.00698
1.00606
1.00189
1.00036
1.00026
1.00022
1.01988
1.00087
1.00019
1.01052
1.00018
1.01308
1.00021
1.00025
1.00827
1.00043
1.04432
1.00038
1.00029
1.00025
1.03327
1.03133
1.00714
1.00018
1.00774
1.00087
1.00985
1.0003
1.002
1.00017
1.00336
1.0004
1.00024
1.00128
1.00064
1.00031
1.0003
1.00443
1.00028
1.00039
1.00028
1.00026
1.04767
1.00531
1.00024
1.00017
1.00026
1.01968
1.00024
1.00039
1.07582
1.00027
1.01199
1.00027
1.0033
1.04395
1.00272
1.00025
1.03669
1.0003
1.03234
1.00308
1.01216
1.00114
1.00141
1.00542
1.0003
1.00314
1.03508
1.0129
1.00335
1.00016
1.00178
1.01747
1.00034
1.02388
1.00119
1.00022
1.003
1.0002
1.09327
1.01494
1.00023
1.01377
1.00411
1.00022
1.00051
1.00193
1.01764
1.0003
1.00119
1.00113
1.00033
1.02791
1.08484
1.00767
1.00033
1.0655
1.04139
1.00026
1.0003
1.00027
1.00148
1.02245
1.00035
1.00096
1.00021
1.00225
1.02228
1.00028
1.0003
1.00029
1.00022
1.01995
1.00024
1.00087
1.00024
1.00462
1.00027
1.00208
1.00161
1.00065
1.02414
1.00246
1.00015
1.00246
1.00023
1.00216
1.00566
1.00032
1.00034
1.00028
1.01551
1.00022
1.002
1.00235
1.00579
1.00409
1.01401
1.02247
1.00021
1.0006
1.06763
1.02333
1.00603
1.00028
1.04645
1.00021
1.00023
1.02284
1.00499
1.01586
1.02995
1.00053
1.00029
1.00638
1.00265
1.00027
1.0004
1.005
1.00533
1.0011
1.00047
1.00212
1.00023
1.00042
1.0315
1.00042
1.00032
1.0065
1.01953
1.00414
1.04141
1.01675
1.00158
1.00035
1.00524
1.00038
1.00764
1.00023
1.00022
1.00017
1.00126
1.00035
1.00017
1.00033
1.00042
1.00021
1.00021
1.00023
1.00035
1.00029
1.00369
1.0322
1.00026
1.01879
1.04215
1.00499
1.00016
1.02818
1.00021
1.04332
1.00022
1.00022
1.00142
1.1358
1.00029
1.00149
1.00081
1.00021
1.00426
1.00032
1.00024
1.02119
1.11054
1.03956
1.00168
1.01494
1.00021
1.00021
1.00346
1.00024
1.00016
1.01617
1.01425
1.00025
1.0004
1.00048
1.00019
1.00024
1.04209
1.00698
1.00022
1.00254
1.0022
1.00029
1.00206
1.00019
1.00013
1.00025
1.00022
1.04524
1.0273
1.00012
1.00027
1.00028
1.03135
1.00019
1.02126
1.00019
1.00026
1.00258
1.00128
1.00017
1.00021
1.00032
1.00912
1.00556
1.00103
1.00018
1.02083
1.00025
1.00081
1.00023
1.023
1.06702
1.00024
1.00027
1.01329
1.0003
1.00269
1.00027
1.00451
1.00065
1.05456
1.01217
1.00199
1.00098
1.00226
1.00029
1.00032
1.0409
1.00928
1.00754
1.001
1.00484
1.00021
1.00028
1.02439
1.00023
1.00587
1.0379
1.00041
1.02826
1.00905
1.00726
1.00026
1.00018
1.0003
1.02352
1.00544
1.0008
1.002
1.01036
1.00252
1.00602
1.01553
1.01876
1.00021
1.00022
1.00241
1.02549
1.03358
1.00957
1.02027
1.00208
1.03548
1.00023
1.00037
1.00426
1.00058
1.00034
1.00024
1.00165
1.00583
1.00027
1.00018
1.00019
1.00926
1.00235
1.00122
1.00022
1.00029
1.03846
1.00024
1.03968
1.00513
1.00567
1.00452
1.00065
1.04596
1.0013
1.0002
1.00024
1.00442
1.00133
1.0146
1.00025
1.00398
1.0211
1.00021
1.00474
1.00034
1.00023
1.00021
1.00019
1.00021
1.0002
1.00027
1.00292
1.00099
1.0003
1.00023
1.00025
1.05563
1.00046
1.0102
1.01819
1.01833
1.0003
1.00024
1.02159
1.00101
1.01269
1.00023
1.02413
1.00024
1.02115
1.00022
1.00015
1.00024
1.00019
1.0003
1.00031
1.00019
1.00029
1.00041
1.00024
1.01978
1.00019
1.00185
1.00036
1.0028
1.0002
1.01534
1.00079
1.00031
1.07191
1.00534
1.00018
1.03677
1.00022
1.00614
1.00018
1.03604
1.00148
1.00019
1.04639
1.00024
1.00029
1.00449
1.01496
1.01054
1.01207
1.00024
1.00029
1.00025
1.00001
1.00024
1.02139
1.00024
1.01872
1.01917
1.00031
1.00021
1.00164
1.00031
1.00032
1.04509
1.00948
1.00015
1.00033
1.00024
1.00451
1.00026
1.03791
1.00037
1.00037
1.00022
1.01542
1.02704
1.00023
1.00026
1.0003
1.00036
1.03352
1.0027
1.02423
1.0184
1.00044
1.00407
1.00018
1.00314
1.0004
1.00023
1.00022
1.00032
1.00035
1.00481
1.01351
1.00024
1.00025
1.00025
1.00072
1.0027
1.00573
1.02112
1.0002
1.03139
1.01164
1.00025
1.00025
1.00031
1.00229
1.02615
1.72634
1.54135
1.65659
1.60626
1.58329
1.74316
1.60478
1.64988
1.62474
1.57575
1.73916
1.58294
1.53846
1.7513
1.73448
1.58562
1.80673
1.53792
1.57875
1.5093
1.4747
1.74382
1.64724
1.49868
1.7072
1.52999
1.46665
1.58304
1.67433
1.6057
1.51258
1.52369
1.71695
1.92213
1.52112
1.69778
1.59829
1.58936
1.54172
1.69691
1.67164
1.63053
1.62109
1.53636
1.43916
1.53596
1.86233
1.64215
1.64812
1.63693
1.61959
1.6178
1.66242
1.69896
1.71442
1.42649
1.54828
1.66863
1.63347
1.57424
1.62976
1.66927
1.60625
1.52959
1.77622
1.65595
1.64091
1.64267
1.96725
1.6669
1.63359
1.47028
2.00652
1.79051
1.58773
1.51948
1.60138
1.529
1.56588
1.67942
1.69129
1.73
1.46792
1.84256
1.89555
1.67438
1.75186
1.54647
1.527
1.47344
1.92522
1.67349
1.7266
1.67535
1.5636
1.67925
1.81199
1.56693
1.6458
1.70764
1.42866
1.58779
1.60914
1.64702
1.67472
1.49205
1.61683
1.59266
1.41285
1.89088
1.54817
1.6587
1.52979
1.55531
1.84104
1.84836
1.49611
1.63277
1.7295
1.50103
1.75866
1.88458
1.50265
1.65386
1.75491
1.64848
1.7504
1.60185
1.59663
1.75589
1.66726
1.67148
1.64027
1.61249
1.67466
1.8037
1.52545
1.59122
1.53218
1.76004
1.85484
1.7498
1.70406
2.01199
1.83213
1.61674
1.79962
1.7341
1.75025
1.99887
1.63138
1.55087
1.47978
1.43907
1.62378
1.54348
1.61293
1.60307
1.7042
1.4941
1.54627
1.63436
1.78323
1.52909
1.888
1.70442
1.48791
1.72945
1.65408
1.46189
1.56559
1.72361
1.67964
1.6793
1.51764
1.6022
1.50139
1.61457
1.57186
1.57378
1.69515
1.66021
1.58459
1.52581
1.51597
1.5543
1.61928
1.99868
1.47247
1.86878
1.62562
1.52611
1.66957
1.54758
1.73383
1.65017
1.67929
1.69906
1.69534
1.62091
1.58878
1.95014
1.51239
1.64978
1.68837
1.61193
1.81145
1.53043
1.64044
1.62253
1.46379
1.50623
1.69781
1.71165
1.55837
1.53981
1.66306
1.73729
1.59447
1.61142
1.7008
1.41432
1.58505
1.73469
1.50857
1.76901
1.46308
1.68825
1.69414
1.57333
1.67038
1.78118
1.63095
1.48368
1.86012
1.59274
1.41717
1.60423
1.78339
1.76157
1.77662
1.78414
1.72132
1.67804
1.72903
1.72817
1.55815
1.56313
1.63513
1.5778
1.70773
1.66813
1.60411
1.65888
1.73872
1.43386
1.64959
1.72736
1.82928
1.88129
1.52561
1.6756
1.78236
1.77336
1.56165
1.76818
1.67993
1.55432
1.51315
1.68036
1.89013
1.46919
1.40128
1.5759
1.55301
1.63668
1.73648
1.59699
1.54714
1.51261
1.57782
1.60366
1.51148
1.52767
1.82254
1.71979
1.6103
1.65711
1.77387
1.44303
1.55219
1.61827
1.74459
1.58022
1.79057
1.91627
1.66094
1.46446
1.68575
1.50467
1.55747
1.64364
1.48011
1.7501
1.54822
1.4613
1.62553
1.54919
1.64562
1.5029
1.94696
1.52191
1.65842
1.90182
1.55887
1.65306
1.66563
1.80569
1.56091
1.62751
1.5396
1.55249
1.57851
1.60644
1.62782
1.41902
1.54813
1.71552
1.48759
1.91777
1.73917
1.62357
1.74633
1.60537
1.62615
2.01456
1.69654
1.65676
1.6399
1.70318
1.54901
1.54079
1.74502
1.75603
1.61671
1.59589
1.56872
1.81085
1.62314
1.73001
1.48161
1.71246
1.43983
2.29256
1.59931
1.59337
1.49738
1.56306
1.52956
1.43854
1.67159
1.63608
1.82787
1.71772
1.66907
1.45589
1.69717
1.60237
1.57707
1.82131
1.66864
1.68952
1.64643
1.74901
1.55852
1.58325
1.66278
1.57331
1.52983
1.41367
1.65336
1.45329
1.57016
1.61581
1.72679
1.75436
1.92727
1.73948
1.7754
1.43764
1.60473
1.65513
1.49785
1.53683
1.64332
1.60547
1.84447
1.85155
1.62111
1.83014
1.69756
1.59875
1.72056
1.62663
1.50051
1.60466
1.68665
1.7712
1.76751
1.41872
1.78929
1.54238
1.71307
1.62609
1.56089
1.50206
2.01367
1.54397
1.72228
1.5561
1.78844
1.78487
1.59622
1.40456
1.57072
1.69473
1.59106
1.58229
1.47049
1.78939
1.60763
1.71256
1.70032
1.624
1.58884
1.68813
1.65827
1.63946
1.66629
1.64255
1.53926
1.61812
1.80683
1.74326
1.68867
1.63942
1.83438
1.51327
1.6338
1.55068
1.84405
1.63845
1.51452
1.7885
1.59607
1.61432
1.45968
1.4462
1.60378
1.55391
1.55302
1.75568
1.70232
1.79053
1.58663
1.71902
1.48762
1.53137
1.51153
1.69265
2.16834
1.69676
1.42766
1.63667
1.43174
1.89722
1.74534
1.6849
1.68153
1.47884
1.39151
1.59146
1.449
1.52987
1.74212
1.7473
1.63098
1.63324
1.78637
1.70801
1.70904
1.54008
1.71543
1.57366
1.74935
1.86734
1.76949
1.86133
1.74582
1.9674
1.76083
1.68498
1.72294
1.48815
1.59479
1.56637
1.6145
1.52373
1.95551
1.62452
1.62361
1.74934
1.58392
1.64795
1.44774
1.81344
1.5729
1.70027
1.5246
1.61673
1.70871
1.76098
1.55524
1.55615
1.57416
1.78946
1.80476
1.64974
1.51622
1.61211
1.55831
1.88648
1.74781
1.58083
1.664
1.60203
1.56444
1.69039
1.68484
1.53608
1.69745
1.69445
1.67746
1.60944
1.59332
1.45983
1.65941
1.63583
1.53695
1.55935
1.66678
1.53016
1.73553
1.60217
1.39779
1.66031
1.72955
1.59844
1.60303
1.68786
1.7637
1.62967
1.53211
1.97378
1.61542
1.75656
1.59168
1.75785
1.87191
1.82363
1.46883
1.59162
1.85738
1.59507
1.77581
1.63794
1.74745
1.8139
1.67002
1.72827
1.74207
1.62231
1.62809
1.70173
1.63763
1.67846
1.81399
1.93354
1.74624
1.791
1.76586
1.92593
1.5332
1.99836
1.54466
1.55571
1.62534
1.51015
1.75989
1.74401
1.52176
1.6053
1.66946
1.70387
1.49684
1.96069
1.73728
1.661
1.6425
1.88346
1.56589
1.63316
1.58005
1.53845
1.79236
1.5915
1.59702
1.85872
1.47132
1.50708
1.64219
1.58203
2.2238
1.56818
1.85329
1.76995
1.45931
1.6406
1.75662
1.59475
1.49895
1.51828
1.53496
1.67343
1.55202
1.64857
1.67134
1.55498
1.68582
1.46765
1.57646
1.63556
1.72173
1.59295
1.78876
1.90577
1.51998
1.64703
1.60669
1.46008
1.59459
1.64476
1.68231
1.80258
1.88922
1.78919
1.64516
1.82781
1.50102
1.6762
1.60012
1.64882
1.71726
1.63324
1.61128
1.52278
1.62488
1.86378
1.59627
1.68331
1.57471
2.12045
1.58094
1.5709
1.56967
1.66841
1.6782
1.69597
1.57033
1.65152
1.49176
1.49207
1.76359
1.55175
1.48028
1.54344
1.55236
1.45256
1.58632
1.48347
1.76213
1.71633
1.54397
1.57071
1.78049
1.48556
1.72934
1.72194
1.61916
1.60194
1.77256
1.6164
1.60083
1.86056
1.41809
1.6409
1.66462
1.39505
1.67686
1.59501
1.71312
1.53176
1.7817
1.63321
1.72048
1.47719
1.37011
1.70929
1.56172
1.5723
1.8852
1.88768
1.81529
1.47465
1.54788
1.77968
1.7751
1.46966
1.71307
1.61861
1.59844
1.71197
1.5271
1.47348
1.63735
1.77193
1.63187
1.54836
1.5712
1.6864
1.78692
1.78386
1.78037
1.57701
1.31712
1.88519
1.56167
1.4702
1.59127
1.79709
1.5256
1.58264
1.45339
1.6778
1.80171
2.00662
1.85238
1.69348
1.65289
1.66866
1.60321
1.71643
1.72009
1.59556
1.62964
1.62224
1.78844
1.66787
1.43639
1.54314
1.56502
1.69244
1.58251
1.80179
1.44533
1.77129
1.6107
1.70852
1.54363
1.53727
1.75948
1.49912
1.51908
1.39787
1.50664
1.94354
1.60908
1.65177
1.63259
1.65027
1.94531
1.72947
1.48328
1.69539
1.85164
1.56695
1.58144
1.73937
1.70544
1.72453
1.50693
1.64643
1.5914
1.88625
1.65286
1.73571
1.62376
1.52211
1.71564
1.59168
1.79428
1.525
1.6827
1.71096
1.69472
1.55151
1.79178
1.53304
1.71292
1.7506
1.86947
1.58976
1.81273
1.90228
1.64842
1.67201
1.54032
1.43406
1.79043
1.59683
1.77422
1.69872
1.7349
1.55407
1.54249
1.67953
1.63362
1.67678
1.65869
1.5978
1.73406
1.61169
1.54775
1.50867
1.73895
1.64817
1.57152
1.91773
1.8674
1.80196
1.62308
1.37083
1.51978
1.80699
1.59732
1.55209
1.5745
1.43959
1.79206
1.52409
1.62238
1.67461
1.71334
1.76794
1.57434
1.67267
1.64884
1.57232
1.7329
1.82627
1.92566
1.77661
1.52252
2.03295
1.49752
1.53317
1.68775
1.67723
1.51721
1.52066
1.56397
1.39779
1.71121
1.71844
1.77297
1.51253
1.49593
1.53232
1.6317
1.80212
1.79647
1.57587
1.69995
1.48454
1.64472
1.80849
1.70373
1.64051
1.58163
1.64293
1.72949
1.72564
1.72138
1.77051
1.42376
1.62872
1.5015
1.58663
1.48706
1.55721
1.90898
1.59017
1.66356
1.61946
1.63263
1.72637
1.58188
1.62256
1.41312
1.61081
1.5523
1.6033
1.98403
1.88657
1.47978
1.67319
1.49612
1.65118
1.45455
1.66854
1.59419
1.56287
1.76476
1.50807
1.57651
1.87889
1.65231
1.8834
1.47937
1.6856
1.78095
1.57869
1.56475
1.42688
1.81308
1.53205
1.78287
1.53656
1.55374
1.67761
1.46359
1.67645
1.56673
1.58185
1.74094
1.55498
1.71957
1.51787
1.60956
1.77235
1.75517
1.61578
1.63179
1.72142
1.67762
1.78631
1.52628
1.63562
1.55541
1.56448
1.86246
1.68209
1.65537
1.57153
1.56639
1.63343
1.56151
1.64164
1.76492
1.73977
1.58298
1.65777
1.52912
1.64864
1.57621
1.71935
1.65823
1.69622
1.37258
1.52188
1.79486
1.63663
1.49458
1.89274
1.66188
1.89809
1.76736
1.5441
1.74982
1.73998
33219500.0
33243600.0
41586100.0
48389000.0
41594000.0
28401400.0
46253700.0
31877800.0
48842900.0
55643200.0
24742400.0
39416600.0
38670900.0
30999500.0
33971700.0
51930000.0
29769100.0
45771200.0
53713600.0
44991700.0
51083000.0
37871900.0
40770600.0
46320700.0
31398600.0
47667100.0
46076300.0
39080600.0
44194200.0
40628200.0
46534200.0
60203400.0
35107100.0
31678200.0
49834500.0
29701800.0
44641800.0
30459400.0
55715100.0
31399100.0
39541300.0
50018400.0
45808600.0
40341800.0
40656800.0
45223900.0
30394800.0
31537700.0
46556600.0
41897100.0
49383300.0
55091100.0
41194700.0
46968200.0
35574200.0
47765000.0
44799400.0
31487000.0
30237500.0
56750700.0
42884300.0
37698500.0
44497200.0
38006800.0
37853900.0
45696400.0
38365600.0
42938200.0
34341000.0
33109700.0
42065100.0
46720600.0
17489700.0
39890400.0
42470100.0
34933700.0
37578700.0
36413600.0
43022100.0
38861300.0
56785500.0
42077300.0
35648100.0
43250200.0
40739400.0
52771500.0
28881900.0
41616300.0
47446700.0
60804200.0
24828100.0
40406800.0
38821500.0
55025500.0
29705600.0
33316300.0
28924300.0
34935700.0
43082000.0
40523500.0
49290600.0
47471600.0
45442200.0
51819200.0
26960700.0
54953500.0
61832800.0
46842100.0
51590800.0
35717900.0
32004400.0
43580400.0
44834300.0
38425300.0
37727700.0
35105900.0
38461400.0
40852000.0
40930800.0
40194100.0
36393900.0
35377800.0
47468100.0
40313600.0
46239500.0
49152100.0
30665600.0
47270100.0
39775400.0
37195200.0
35260600.0
34764800.0
33328800.0
57010700.0
36107300.0
32187600.0
44135700.0
36126700.0
53840500.0
37329900.0
33280000.0
34390600.0
35964600.0
18649000.0
29882200.0
47259600.0
49751200.0
35079500.0
37477600.0
19397400.0
38349000.0
55515700.0
49444300.0
46808000.0
39444400.0
44775500.0
49264800.0
41636200.0
57456400.0
47838300.0
41666400.0
39557700.0
40746400.0
42213400.0
31776000.0
32171100.0
45844900.0
44993300.0
44543200.0
40677300.0
49558900.0
44571600.0
34623500.0
41950100.0
65120900.0
62419100.0
48104600.0
39525600.0
47618000.0
40198000.0
34904800.0
48687800.0
36769300.0
38741400.0
45658700.0
36778300.0
37365500.0
28672200.0
39422800.0
25549400.0
53939100.0
36560900.0
44670500.0
43435500.0
39304600.0
40234100.0
39527400.0
44586600.0
40190500.0
31413300.0
42096300.0
35324700.0
49419200.0
32684200.0
33578400.0
53814600.0
48958100.0
46428000.0
45334200.0
49336700.0
38689700.0
42021500.0
33244300.0
36098900.0
31384900.0
43594000.0
48190500.0
47392000.0
43155900.0
40600400.0
40779500.0
59013600.0
38824100.0
37802800.0
46685600.0
30935600.0
40893600.0
32783500.0
19366100.0
40025300.0
44537600.0
37157000.0
37289700.0
53603800.0
32823500.0
42992500.0
47265800.0
44184600.0
25059900.0
48021300.0
22047300.0
34545000.0
31352400.0
44802800.0
39951000.0
39338800.0
42594900.0
37787800.0
40628100.0
37871900.0
48524300.0
50894500.0
40618500.0
42390700.0
46975300.0
50994900.0
39214600.0
27036300.0
36046600.0
31642800.0
43290400.0
46670100.0
25897600.0
35922400.0
40136900.0
47020400.0
38978600.0
28267100.0
53377600.0
36747500.0
33677000.0
51746800.0
36997900.0
49847300.0
35535800.0
37837000.0
43131300.0
49283200.0
42306500.0
32940400.0
49831200.0
40253700.0
43561200.0
45296100.0
30062600.0
35870900.0
39608500.0
38687500.0
39097800.0
43796300.0
38331000.0
44784400.0
49863900.0
42827900.0
50294500.0
35529100.0
49398300.0
49887400.0
54615400.0
41275300.0
42001500.0
35695100.0
65192100.0
47106700.0
42524200.0
37971000.0
39380000.0
49506200.0
43167700.0
46052000.0
35401500.0
59737300.0
37324900.0
42712400.0
37184200.0
34280300.0
38951600.0
32858200.0
34675000.0
47193400.0
52144000.0
47156600.0
42488100.0
39924500.0
28942200.0
49742600.0
32229800.0
48246400.0
39540200.0
29923900.0
38197400.0
52181700.0
37388000.0
48698700.0
37791300.0
24957900.0
37600300.0
47667900.0
41686400.0
33952600.0
52293200.0
34766800.0
51093900.0
41260300.0
36478500.0
39553200.0
50118300.0
33368600.0
22883700.0
38290500.0
45476300.0
36207300.0
60857800.0
19773000.0
48984300.0
40846400.0
58331400.0
53734200.0
47359100.0
39848700.0
35978200.0
36720100.0
33258900.0
49429700.0
38039900.0
46290300.0
45771700.0
47955300.0
49315400.0
42356600.0
47444900.0
32402500.0
38508200.0
29203800.0
44900800.0
36810000.0
36961300.0
47766900.0
41127500.0
38647900.0
32911400.0
50462000.0
34536600.0
49994900.0
26320600.0
40639300.0
24479100.0
36827900.0
42503400.0
53092500.0
32228100.0
46982200.0
47789100.0
52865200.0
42209600.0
47967300.0
36888800.0
38912200.0
19966900.0
23055900.0
29025400.0
39635600.0
40559000.0
46352200.0
48760800.0
36517900.0
40133600.0
32088900.0
37010900.0
48970000.0
38450700.0
54743000.0
24707800.0
36600500.0
32459100.0
55515300.0
28208600.0
59886600.0
38425900.0
34111000.0
39800600.0
39161200.0
42585300.0
42469100.0
49265700.0
47040200.0
46881400.0
43431400.0
65029900.0
38147900.0
45359300.0
41503700.0
43379800.0
47601700.0
43255700.0
42615900.0
36888400.0
37560900.0
42012200.0
45543100.0
51314800.0
43153100.0
27934300.0
28012700.0
40012100.0
56593100.0
37118900.0
48309000.0
38850200.0
51822700.0
40028800.0
38804000.0
53235400.0
31366100.0
27292300.0
39962200.0
53770200.0
56471800.0
29687900.0
37584300.0
37166900.0
35137500.0
38467300.0
34230100.0
50237700.0
36273200.0
49973500.0
28291200.0
54361800.0
41014400.0
21878400.0
43488200.0
44054600.0
44265300.0
54828500.0
25146100.0
34329100.0
34157200.0
65601500.0
40110300.0
44054600.0
45891700.0
40980900.0
50714200.0
42042600.0
28490800.0
31492000.0
53726500.0
33461800.0
42233800.0
41823100.0
37259800.0
50970800.0
40239500.0
40193000.0
21968800.0
42312500.0
35449700.0
41288700.0
25071300.0
35844800.0
47488900.0
43881300.0
62368500.0
51237500.0
55452500.0
41355100.0
42084600.0
29911500.0
34000100.0
57095300.0
45299800.0
34375900.0
29207100.0
31705000.0
33967400.0
28393400.0
43872300.0
39192100.0
28084000.0
48310700.0
41694100.0
39359000.0
46094000.0
39427300.0
39636200.0
38591000.0
36798400.0
53280600.0
37348100.0
43665200.0
23785100.0
28178400.0
43019000.0
40177200.0
53114300.0
58597600.0
45288100.0
50446100.0
52134800.0
36971600.0
34278500.0
32811300.0
57306000.0
42462100.0
49031700.0
44129400.0
40398900.0
45726600.0
34419500.0
42339500.0
35747900.0
49226500.0
44607900.0
50714000.0
37297400.0
44414300.0
34802400.0
42400200.0
43495700.0
36542700.0
34321300.0
41716200.0
34514200.0
41625600.0
36953200.0
30223500.0
38443500.0
35978500.0
42616700.0
51496400.0
53211900.0
31952600.0
42834000.0
45697100.0
36594600.0
36493100.0
34484500.0
37934800.0
36124000.0
43764200.0
52101400.0
43304000.0
39183800.0
38773100.0
28705300.0
33720500.0
27318700.0
34950200.0
35514800.0
33865400.0
27336100.0
34205400.0
22487000.0
45081000.0
39822800.0
49847800.0
39319800.0
32098300.0
27197400.0
48041000.0
42536400.0
50514200.0
31916200.0
62015600.0
30135400.0
38721100.0
41909300.0
43841800.0
40370100.0
38594000.0
38725300.0
36438500.0
36458100.0
35019600.0
37289800.0
35160000.0
33708300.0
30660100.0
36941900.0
26977500.0
36403500.0
21722700.0
46001300.0
26099100.0
34280100.0
41917600.0
35830300.0
34298300.0
37394100.0
65175500.0
53681400.0
33087900.0
40815700.0
41585100.0
51460800.0
37496800.0
54160500.0
47644100.0
54906300.0
47610100.0
41312800.0
26419500.0
49200500.0
43015300.0
31705500.0
47494700.0
40605800.0
44587000.0
43310700.0
36377000.0
48277600.0
31984600.0
34691600.0
29273100.0
41003500.0
25335300.0
27813700.0
51053500.0
39182000.0
47818800.0
45647700.0
42872500.0
38921400.0
45787600.0
43012500.0
46181400.0
25090600.0
34875300.0
33545400.0
40081200.0
25244100.0
50303800.0
52484800.0
41513300.0
30533200.0
39493500.0
31988000.0
50452200.0
35666000.0
39589100.0
48144800.0
32680100.0
39101700.0
51701300.0
37254400.0
39633200.0
40402700.0
37030900.0
46888400.0
42440300.0
43575200.0
30396000.0
46972300.0
35998400.0
58847700.0
53608600.0
36139700.0
31469700.0
38547500.0
28340100.0
51716200.0
35281900.0
29701900.0
56794600.0
43988500.0
54611900.0
39796100.0
40538600.0
53106300.0
35765300.0
49248800.0
40795800.0
50506900.0
37517000.0
40012600.0
47397900.0
40151100.0
46480900.0
49002500.0
31591300.0
22297100.0
33213800.0
57659700.0
34766300.0
42800100.0
42330100.0
62968700.0
43810000.0
42272700.0
38287900.0
38424800.0
36923400.0
46091500.0
39935400.0
27674900.0
38403300.0
38372100.0
67433500.0
29788500.0
32815200.0
34657500.0
33164000.0
45864900.0
55471100.0
27336100.0
49143500.0
54750600.0
41219000.0
36751400.0
38359100.0
33563000.0
42113300.0
56685600.0
40710500.0
33514100.0
34172200.0
45358700.0
43102300.0
42792300.0
49973000.0
35736100.0
45275900.0
33870500.0
43972500.0
50544600.0
29748800.0
44791600.0
51237400.0
31636300.0
48010300.0
34123900.0
57389700.0
40251500.0
45080600.0
40455500.0
53105100.0
30893800.0
57409600.0
41186900.0
30958500.0
30545000.0
55351800.0
43769400.0
44446100.0
33924100.0
43587100.0
35773300.0
32845300.0
38654900.0
31399200.0
36587100.0
39025100.0
49480500.0
33116800.0
44208800.0
37496700.0
35322200.0
28219900.0
41887000.0
47975400.0
34814500.0
42946900.0
32032400.0
39786600.0
43973900.0
53518300.0
34396800.0
39526000.0
34867600.0
34210600.0
37796800.0
49723800.0
44852800.0
40896100.0
52980300.0
40978000.0
46822200.0
44154500.0
48498600.0
41850200.0
55067100.0
54609900.0
32165300.0
45030300.0
32231900.0
36411500.0
51841800.0
31529400.0
33392000.0
38204200.0
46517200.0
29476500.0
57253900.0
50333200.0
33607600.0
33441400.0
39053700.0
34779900.0
38628700.0
45215700.0
44898500.0
48134900.0
28635600.0
40843300.0
34964700.0
54052900.0
39250600.0
45160200.0
31357300.0
31390600.0
62901600.0
53226800.0
30663900.0
51683700.0
49283400.0
46306500.0
54287500.0
36063300.0
35275600.0
45070700.0
40470000.0
33519800.0
29249400.0
34779000.0
39813100.0
68431400.0
42088700.0
39852700.0
38770000.0
33114000.0
29163600.0
49289700.0
19184600.0
39131400.0
46395200.0
47877000.0
45697600.0
40326000.0
41872700.0
62287800.0
59759700.0
50005700.0
41646700.0
26820600.0
44636400.0
48106800.0
48065900.0
36808400.0
35196800.0
32842300.0
38592900.0
37250800.0
33327900.0
46634400.0
41261500.0
29038800.0
45466900.0
39892700.0
32643800.0
42367500.0
38470500.0
35556400.0
46241900.0
70848000.0
44477500.0
47018800.0
44258200.0
31380500.0
49330400.0
46334300.0
40890800.0
41659000.0
36456200.0
54960600.0
34355500.0
54010700.0
37521600.0
61506800.0
47761500.0
39376800.0
35879100.0
27507100.0
38017500.0
51851700.0
31711200.0
55796500.0
42684600.0
38507600.0
37052800.0
33803100.0
37406800.0
30820700.0
49390100.0
48507700.0
49610900.0
38852200.0
27617900.0
62007900.0
39080300.0
30421100.0
33461500.0
46646800.0
47299400.0
36503200.0
47511300.0
29465400.0
38886800.0
47805300.0
55146200.0
37662200.0
49203300.0
50433200.0
34936700.0
27299300.0
55241200.0
39289700.0
48777600.0
57280100.0
46639200.0
32398900.0
52199500.0
24890500.0
34082800.0
31738000.0
33455400.0
40786600.0
42163600.0
43356300.0
42339900.0
41008000.0
38448500.0
40778900.0
41456300.0
34861900.0
39727500.0
51333700.0
36072500.0
41085700.0
45987300.0
48551700.0
27959400.0
38108700.0
47492400.0
31143300.0
37140700.0
39601700.0
36154000.0
57461300.0
41489000.0
31407200.0
28835300.0
36082900.0
30354000.0
34302700.0
45823500.0
33023600.0
42333600.0
34702500.0
33302100.0
