1.69394
1.38673
0.906364
0.946233
0.79467
1.04132
1.07273
0.961277
0.97073
1.14111
1.04711
0.885858
1.22364
0.971569
1.11026
1.22823
1.20254
1.218
1.08079
0.999193
1.55605
0.789049
1.11978
0.988829
0.962345
0.660085
1.26505
0.816608
1.27391
1.00147
1.14758
1.21842
0.862289
1.11111
0.999916
0.98754
0.852647
1.52944
0.982432
0.825576
0.975193
1.10436
0.731025
1.13453
1.08592
0.753682
1.16014
0.941553
1.09782
1.25758
0.831646
1.17983
0.895058
1.03771
1.13686
1.23827
1.05537
0.909306
1.1615
0.910058
1.04623
1.39789
1.09365
0.799706
0.929165
0.806049
1.2207
0.890742
0.569604
1.22168
0.942135
1.05697
0.651385
0.797659
1.02474
1.33901
0.713694
1.07942
1.23682
1.00506
0.891988
1.03929
1.03196
0.883825
0.764188
0.696094
0.957849
0.861919
0.920584
1.20353
0.79914
1.24524
1.12844
1.19272
1.10064
0.797591
0.961825
1.05274
1.06644
0.944961
1.16445
1.40565
0.876902
1.04209
1.00878
1.04367
1.35067
0.988978
0.867436
0.773654
0.943414
0.986031
1.17138
0.935443
0.87142
1.24421
1.03717
0.698005
0.918646
0.881403
0.970471
1.37476
0.691947
1.12722
1.41659
0.907018
1.12887
0.872419
0.620368
1.02654
0.850356
1.40338
0.712852
0.986527
0.79058
0.902823
0.939999
1.11858
1.09945
0.680481
0.827321
0.87173
1.02607
0.831208
1.13366
0.861168
1.10834
1.20559
0.78611
1.11499
0.907168
1.10846
0.89816
0.97509
1.19086
0.933464
0.897435
1.01615
1.24716
1.16537
1.26412
0.672755
0.932754
0.997271
0.945142
1.0891
0.875534
1.12263
1.31965
0.791786
1.15059
1.07086
0.820547
1.15859
0.820989
0.96213
0.932895
0.754001
1.42119
0.975872
0.760646
1.14174
0.845429
1.04638
0.898221
0.973196
0.882266
0.627565
1.30478
0.959319
1.39162
1.12583
0.904167
1.06341
0.947426
0.930042
0.84293
0.839951
1.08754
0.779643
1.07681
0.78465
0.977065
0.962822
0.82194
1.1475
0.935875
1.09264
0.871931
1.26653
0.966426
1.02844
1.00024
1.17179
1.04568
0.973275
0.955793
1.15152
0.825102
1.05627
0.910407
1.06667
1.32282
1.07685
0.881854
0.818234
0.898808
1.02598
0.888568
1.05456
0.819588
0.928991
1.47069
0.83762
1.06276
1.07104
1.13743
0.710638
0.80083
0.810527
0.89049
0.954903
1.17733
1.02781
1.34776
0.932733
1.03811
0.963521
1.05096
1.10846
0.680559
1.24213
0.694331
1.13405
1.21182
0.835951
1.34667
1.23719
0.654499
1.1346
1.2825
1.12544
0.936161
0.969758
1.09662
0.983651
0.743547
1.10004
0.901439
1.27083
1.13416
0.891551
1.14876
0.808219
1.14582
0.660832
0.9792
1.12461
1.13476
1.34564
1.10421
0.882468
1.00436
1.12115
1.13094
1.16704
1.04256
0.959809
1.0865
0.983465
1.12453
0.883298
1.02558
1.02612
1.03951
1.33787
0.729944
1.05844
0.975336
1.0577
1.22924
1.67224
1.22306
0.885771
0.925164
0.931861
0.99678
1.13097
0.825153
1.19958
0.906522
0.977991
1.26687
1.36636
1.05157
0.902602
0.879208
0.764715
1.17914
1.09635
1.29496
1.49284
0.905251
1.03728
1.12422
0.859343
0.990204
1.1266
1.08831
1.09947
0.96164
0.940103
0.907243
0.897514
1.42424
0.819134
1.11713
0.832209
1.1042
1.00422
0.952507
0.918568
1.1574
1.02729
0.880226
0.748758
1.14347
1.14334
1.11525
1.05693
1.13596
0.874021
1.30919
0.871511
1.01823
0.924614
1.05596
1.07408
1.21573
1.14068
0.836063
0.766212
1.12781
1.26314
0.814237
0.905702
0.994505
1.00229
1.08416
1.4099
1.36489
0.860556
0.826956
1.13445
1.02737
1.01906
0.874397
1.16053
1.10365
0.783447
0.837249
1.05362
1.12141
0.879241
0.863291
1.36549
1.042
0.792728
1.00688
0.876123
1.46127
0.845966
0.932345
0.71495
0.767834
1.55711
0.638555
1.30925
0.754034
1.10574
1.04868
1.25417
0.975528
1.04691
0.994512
1.20903
1.47237
0.710996
0.978702
1.00144
0.915873
0.961132
1.07024
0.747544
0.822674
0.926552
0.990504
1.23255
1.26226
0.794287
0.937609
0.907207
0.85819
1.47854
1.01878
0.92148
1.17122
1.0774
1.30004
0.739282
0.96468
1.13021
0.91795
0.794198
0.648882
0.755553
0.840867
1.05543
1.17767
1.2397
1.02128
1.32098
1.20008
1.13857
1.09228
1.02582
1.01337
1.19503
1.41758
1.0709
0.897691
1.05237
0.788762
0.909508
0.855475
0.917712
0.783145
1.42093
1.10315
1.10021
1.11393
1.23552
1.17149
1.2004
0.887376
1.09825
0.991179
0.931677
0.843974
0.937662
0.972284
0.794045
1.25074
0.850105
1.24922
0.794613
0.632863
1.55785
1.03226
1.01223
1.35878
1.1598
1.13969
1.00008
1.23724
1.08521
0.987129
1.18982
0.922422
1.07151
0.739457
1.46726
0.773152
1.13686
1.07011
0.958522
1.12616
1.56809
0.902509
1.01663
1.07634
0.992998
0.655295
0.813259
1.02402
1.00339
0.956218
0.77549
0.744497
0.966367
0.884466
0.916936
1.03201
1.02186
1.06982
0.847133
0.705777
0.967758
1.77802
1.42923
0.894237
1.14526
0.79746
0.892141
1.02385
1.79605
0.853665
1.12776
0.930408
0.771203
1.06708
1.06359
0.91179
0.71067
1.20527
1.08029
0.919141
0.898656
1.34694
0.854602
1.05703
0.992346
1.16512
0.89557
1.04364
1.03784
0.867752
1.00916
1.08462
1.20502
1.10455
0.933941
1.34216
0.737501
0.748342
0.784337
1.15764
0.777752
0.698087
1.12264
0.820322
1.35889
1.01803
1.13906
1.20433
0.903862
1.1864
0.995053
1.16222
0.984698
0.900007
1.22253
1.08525
1.18883
0.806219
1.0594
0.858081
0.800288
0.949185
0.992192
0.683869
0.909187
1.13504
1.08366
1.05681
1.33577
1.09071
0.933049
0.936034
1.26284
0.957272
0.83759
0.984459
1.56418
0.628007
1.01662
1.2758
0.835342
1.25737
0.894183
0.934732
0.989302
1.3379
0.966741
0.836445
1.11215
1.13414
1.00938
1.21691
0.852279
0.977117
0.840705
1.27007
0.803911
1.19898
0.767107
0.87169
0.954029
0.746188
1.44254
0.845191
1.16279
0.948041
1.04572
0.99332
1.13576
1.17924
0.694409
0.905874
0.924919
1.07055
0.716945
1.1715
1.31308
0.940577
1.2044
0.958599
1.07534
0.923282
1.1095
1.07138
1.25052
0.959692
1.03424
1.21246
1.2073
1.19736
0.94482
1.08543
0.931201
1.0776
0.898741
0.95169
1.22523
1.0734
1.46079
1.0547
0.804661
1.15034
0.998874
0.856045
1.0589
1.0865
1.1187
1.29014
1.13887
0.997854
1.11166
0.945794
1.03475
0.880244
1.02202
0.935053
1.05133
1.19816
1.45913
0.964076
1.40446
1.09848
1.07846
0.99685
0.872416
0.866579
0.882337
1.14025
1.22356
0.903756
0.909878
0.863253
1.28486
0.685648
1.06999
1.16773
1.05665
0.958773
0.847759
0.912762
1.33449
1.46593
1.14228
1.0544
1.19596
0.913061
1.23511
0.886643
0.931165
1.20145
1.18721
1.28288
1.07918
1.07514
1.16556
0.972193
1.00639
1.07833
0.980363
0.907504
0.744832
0.905504
0.858256
1.14098
0.87611
0.916544
1.25975
1.13072
0.839751
0.995338
1.01965
1.01212
0.914975
0.94353
0.969029
1.08839
0.938137
1.1226
1.25859
1.10975
0.873151
1.26683
0.980592
1.27172
0.992579
0.781214
1.00721
1.18898
1.25767
1.59726
0.985938
1.29519
1.36882
0.891332
1.20217
1.09714
1.15634
1.06936
0.83705
0.901352
0.958525
0.832527
0.734034
0.971753
1.20311
1.36686
0.95371
1.2963
1.3051
1.10525
0.897033
1.1484
1.12589
1.09629
1.26834
0.77973
1.04076
1.08836
1.20921
0.836789
0.872645
1.20589
0.738456
1.53518
1.38513
0.802127
0.871193
0.924707
1.25479
1.53147
0.820606
1.09238
1.19638
0.812738
0.703363
1.082
0.870834
1.02622
1.07236
0.842253
0.788104
1.01729
0.880315
0.948394
0.939276
1.01285
1.26697
1.25831
0.964214
0.783383
1.20966
0.969871
0.962345
0.94589
0.834696
0.984067
1.00339
1.22544
1.01967
0.841035
1.06122
1.1361
1.08218
1.17683
1
1.10675
1.02885
0.987006
1.08114
0.831008
0.848483
0.776897
1.13076
1.1897
0.904466
0.812523
1.15999
0.95203
0.971823
0.971565
1.34525
0.970671
1.01224
1.14843
1.0044
1.04497
0.936515
1.02722
0.760915
1.11792
0.984182
0.946852
1.00504
1.02873
0.687675
1.13394
0.728665
0.929199
1.05857
0.81112
1.03
1.16266
1.13874
0.911849
1.04775
1.00474
0.942559
1.28418
0.826332
1.17229
0.962224
1.0106
0.793124
1.31994
0.901809
1.25439
0.917285
1.02275
0.987843
1.60199
1.06771
1.48666
0.942381
0.876529
0.837742
0.700929
1.14469
0.874006
0.816432
0.991091
1.23934
1.11132
0.85
0.966962
0.940303
1.16628
0.979908
0.784442
0.947367
0.72473
0.94955
0.885405
0.961567
1.03309
1.31402
0.916078
0.749008
1.21356
0.966694
0.701688
1.10683
1.07681
0.82877
1.13403
1.112
1.15093
0.852105
0.88108
1.08255
1.30798
1.11678
1.05535
1.07299
1.12638
0.967733
1.06753
0.921087
0.881444
1.08142
0.957673
0.77111
0.821777
1.24189
1.3497
1.08239
0.942311
0.971123
1.04078
1.26972
0.96273
0.986927
1.16403
0.936343
0.82856
0.993279
0.955779
1.19279
1.28884
0.84677
0.915989
1.00439
0.835923
0.965266
1.22575
0.915863
0.898853
1.01554
0.966645
1.05264
1.02198
0.967692
1.34459
0.996366
1.21789
0.959686
1.28181
0.981199
1.19082
1.15867
1.1397
1.15693
1.25474
0.735276
0.938098
1.14935
0.933987
1.32718
0.914194
0.863444
0.922437
1.08249
0.867507
0.888665
1.3863
0.996328
0.915564
1.04672
1.13594
1.06831
1.12354
1.25693
1.22939
0.938962
0.916809
1.04392
1.05313
1.01235
0.772455
1.29345
1.00542
1.09477
1.44913
1.18594
2.35683
2.15748
1.50141
1.4241
1.41397
1.63808
1.67166
1.43074
1.49595
1.64616
1.73098
1.46129
1.80535
1.49341
1.71269
1.9003
1.70878
1.87508
1.68123
1.60905
2.73607
1.254
1.75869
1.5935
1.64795
1.01673
2.10165
1.49123
1.98103
1.47418
1.62964
2.05103
1.28545
1.82788
1.52114
1.68609
1.4102
2.46558
1.62043
1.34351
1.50098
1.70982
1.29941
1.72928
1.74356
1.37494
1.87272
1.61595
1.77454
2.02427
1.51032
1.82163
1.6456
1.58152
1.76584
1.91019
1.54293
1.51501
2.04185
1.48231
1.7058
2.22182
1.71733
1.22634
1.47464
1.41375
2.00331
1.50141
0.992143
1.89647
1.67579
1.6404
1.3139
1.30337
1.62534
2.03122
1.36541
1.80911
1.92079
1.59021
1.55815
1.71921
1.51702
1.48866
1.3171
1.26003
1.45848
1.78007
1.52287
1.91249
1.273
1.88046
1.90307
2.2289
1.65883
1.32204
1.43792
1.57362
1.77849
1.63338
2.08267
2.15622
1.42283
1.68107
1.72297
1.75188
2.35101
1.53209
1.38992
1.19367
1.73426
1.64096
1.88288
1.52202
1.49608
1.87772
1.53603
1.1916
1.57686
1.47494
1.47895
2.20024
1.28483
1.79122
2.36703
1.4017
1.71626
1.52029
1.36527
1.48088
1.41963
2.09243
1.2492
1.86137
1.23988
1.41309
1.59354
1.85475
1.84247
1.08463
1.59729
1.5662
1.76446
1.61373
1.61924
1.58976
1.65235
2.05378
1.51068
1.90418
1.45177
2.0118
1.3955
1.81108
1.86735
1.44542
1.51652
1.79994
1.92248
1.72217
1.78903
1.0648
1.66851
1.54317
1.62266
1.58752
1.40179
1.76046
2.14405
1.23563
1.74174
1.71886
1.43096
1.53043
1.34453
1.56351
1.39969
1.33681
2.05099
1.4999
1.40695
1.83144
1.38337
1.56173
1.43133
1.55244
1.33991
1.21697
1.9079
1.46364
2.2007
1.78182
1.49297
1.75376
1.52468
1.54843
1.38227
1.55767
1.79193
1.38043
1.67028
1.2535
1.6992
1.59202
1.37614
1.97632
1.46469
1.92902
1.56361
1.93734
2.00997
1.73635
1.45699
1.86304
1.88474
1.5443
1.53753
1.83271
1.58524
1.84119
1.4154
1.76604
1.93564
1.71615
1.47013
1.30836
1.38131
1.73142
1.64605
1.55365
1.41546
1.46117
2.03228
1.37258
1.69195
1.70147
1.77444
1.37896
1.4007
1.28447
1.34976
1.63121
1.82553
1.56041
2.07946
1.7522
1.77837
1.6227
1.5881
1.78258
1.22151
1.97204
1.43628
1.90284
1.90592
1.3408
2.11602
1.81991
1.06165
1.80602
1.87524
1.83687
1.46838
1.62878
1.8897
1.48728
1.21789
1.86365
1.52516
2.05692
2.08426
1.43406
2.05173
1.38155
1.81834
1.20961
1.57924
1.68391
1.68308
2.2076
1.80418
1.41629
1.45985
1.6722
1.64051
1.84537
1.48518
1.51613
1.71937
1.58359
1.78707
1.48923
1.74525
1.72585
1.61393
2.10809
1.3046
1.65305
1.47232
1.7542
2.15439
2.6383
1.98278
1.38364
1.53545
1.60118
1.58392
1.73011
1.26252
1.91785
1.8548
1.79955
2.00623
2.25539
1.81373
1.503
1.47837
1.22706
1.66679
1.86745
1.94649
2.21609
1.38469
1.6371
1.73727
1.56754
1.66174
1.7468
1.6871
1.79671
1.71171
1.50319
1.5288
1.56309
2.14809
1.51133
1.75722
1.44232
1.82389
1.74752
1.71336
1.65421
1.9395
1.59935
1.4504
1.29438
1.81094
1.69009
1.70033
1.64018
1.65304
1.45138
2.05051
1.48059
1.80953
1.55402
1.7984
1.60844
1.79969
1.97374
1.45257
1.56898
1.87097
1.98005
1.37433
1.45476
1.63661
1.55984
1.75178
2.12273
2.24419
1.37574
1.4539
1.73923
1.75026
1.55588
1.23807
2.06256
1.78339
1.29442
1.54745
1.84448
1.71756
1.35639
1.44927
1.99613
1.81664
1.24841
1.58393
1.4875
2.20006
1.41483
1.56391
1.28351
1.36246
2.38851
1.19684
1.94324
1.4172
1.78701
1.51471
1.9761
1.8193
1.62257
1.67599
2.01422
2.44868
1.13768
1.59318
1.75018
1.75397
1.55686
1.70045
1.30816
1.48511
1.59864
1.5778
2.09884
1.85883
1.34683
1.53556
1.54344
1.38017
2.14731
1.69604
1.57173
1.9018
1.74295
1.97582
1.4258
1.53793
1.74402
1.60582
1.16392
1.16661
1.2272
1.52643
1.73148
2.00235
1.75526
1.69938
2.30633
1.81548
1.58069
1.75235
1.7625
1.87773
2.12822
1.98004
1.7403
1.45148
1.72818
1.4379
1.424
1.42067
1.72949
1.26668
2.31761
1.84237
1.62059
1.81846
2.14161
1.8762
1.78384
1.45995
1.69968
1.57238
1.6142
1.64915
1.55108
1.74261
1.30111
2.00993
1.50822
1.99722
1.31011
1.14158
2.29154
1.73853
1.50115
2.17657
1.8454
1.54836
1.7012
1.82988
1.69994
1.6016
1.7112
1.54612
1.86083
1.07355
2.15517
1.24303
1.83825
1.67861
1.44642
1.65047
2.39955
1.59135
1.55906
1.93453
1.50845
1.61904
1.38073
1.6322
1.53101
1.558
1.2388
1.39294
1.67425
1.30973
1.34907
1.63131
1.84503
1.71035
1.36162
1.22742
1.52466
2.85009
2.70926
1.49926
1.85244
1.32366
1.50823
1.57174
2.57803
1.52398
1.77803
1.4734
1.23521
1.72881
1.72093
1.3282
1.08934
1.8045
1.67347
1.37766
1.63895
1.98664
1.51627
1.55946
1.46778
1.61032
1.82233
1.71357
1.72042
1.35537
1.59785
1.62054
1.74948
1.74207
1.72982
2.16762
1.20095
1.32148
1.31754
1.69755
1.50978
1.35631
1.8598
1.42353
1.91629
1.68975
1.73535
1.88989
1.23946
1.94278
1.92277
1.8508
1.44731
1.37045
1.98142
1.72293
1.80596
1.52454
1.63238
1.50447
1.2515
1.45591
1.70821
1.42708
1.4064
1.97241
1.77595
1.62394
2.22463
1.59684
1.52964
1.63697
1.9178
1.56248
1.4588
1.74508
2.1583
1.10565
1.52325
1.96861
1.42374
2.03941
1.64292
1.28846
1.6708
2.13109
1.55376
1.46283
1.8096
1.64434
1.6837
1.92985
1.55333
1.4768
1.40212
2.03064
1.35321
1.81627
1.27671
1.45248
1.61019
1.18008
2.22938
1.41756
1.92413
1.57923
1.46582
1.43285
2.00429
1.91906
1.18927
1.77531
1.64741
1.78854
1.27878
1.6823
1.77733
1.41051
1.87267
1.57102
1.81465
1.58995
1.86793
1.76629
2.04332
1.85805
1.64428
1.88031
2.12035
1.70986
1.44493
1.68577
1.528
1.75714
1.3608
1.87062
1.93104
1.64102
2.06406
1.99247
1.39445
1.92407
1.60763
1.46953
1.88197
1.94568
1.50076
2.03502
1.93874
1.57874
1.90858
1.45244
1.55846
1.70214
1.65341
1.55331
1.79561
2.01022
2.17896
1.60004
2.06968
1.6882
1.79202
1.6089
1.39818
1.59636
1.38804
1.73679
1.92442
1.42788
1.45042
1.48798
2.08374
1.18822
1.74184
1.92274
1.63444
1.65974
1.50685
1.48412
2.12372
2.3003
1.89722
1.90823
1.89929
1.47615
1.94889
1.31011
1.44432
1.95195
1.84286
2.00279
1.72857
1.85886
2.03606
1.45217
1.69666
1.78959
1.5255
1.52992
1.13196
1.62419
1.50375
1.68484
1.54766
1.72317
2.10004
1.48909
1.51412
1.63763
1.52603
1.91508
1.39934
1.56367
1.72165
1.75332
1.64259
1.78486
2.03826
1.75393
1.5745
2.12347
1.67941
2.2726
1.76895
1.33809
1.5094
2.05835
1.75376
2.49633
1.58385
1.85479
2.16801
1.58404
1.95073
1.70512
1.79964
1.69579
1.39115
1.59542
1.4937
1.39464
1.31285
1.6035
1.97822
2.35965
1.5808
1.96616
2.10722
1.80591
1.44374
1.74226
1.80423
1.84506
2.38658
1.10766
1.65117
1.86131
1.89779
1.27489
1.31096
1.97941
1.21016
2.46517
2.01953
1.32425
1.54876
1.51254
1.78272
2.54967
1.51781
1.58711
1.86409
1.3039
1.36124
1.7279
1.56651
1.57014
1.91417
1.32137
1.41579
1.58811
1.4359
1.65802
1.53291
1.45811
2.04864
1.86164
1.74203
1.2853
1.95129
1.47248
1.58066
1.61688
1.34592
1.82304
1.79181
2.18545
1.83235
1.39795
1.70896
1.92407
1.83091
1.84175
1.6465
1.8179
1.64331
1.60087
1.74447
1.34467
1.31033
1.43268
1.84683
2.01339
1.44468
1.29993
1.71386
1.74936
1.65983
1.52617
2.02822
1.55201
1.69579
1.96026
1.53527
1.65243
1.61754
1.60857
1.31006
1.55955
1.55128
1.50304
1.61729
1.49551
1.1902
1.92755
1.19391
1.28379
1.75928
1.36782
1.54031
1.80002
1.70532
1.37169
1.67186
1.70178
1.53299
2.10022
1.40897
1.87462
1.62505
1.7309
1.22519
2.10802
1.36251
1.81164
1.72787
1.61163
1.49591
2.39307
1.66566
2.10329
1.45992
1.58009
1.37873
1.41788
1.88232
1.48091
1.31269
1.57837
1.90815
1.59132
1.38133
1.64161
1.48036
1.98389
1.51167
1.26796
1.54144
1.3478
1.57663
1.45134
1.677
1.76763
1.88884
1.59507
1.33681
1.86467
1.47099
1.39987
1.58097
1.87808
1.33797
1.87747
1.6952
1.92522
1.26202
1.35905
1.79979
1.97844
1.71688
1.56561
1.88835
1.83359
1.58446
1.6722
1.52508
1.33154
1.5891
1.28104
1.28066
1.28087
2.26557
1.91231
1.91637
1.54184
1.60673
1.84111
2.18573
1.60932
1.74689
2.02298
1.4738
1.47576
1.47154
1.55068
1.66693
2.03408
1.2972
1.47101
1.53142
1.57362
1.55855
1.75722
1.51539
1.43177
1.65091
1.58411
1.62904
1.57369
1.4833
2.00338
1.76424
1.76994
1.68664
1.89861
1.50364
1.96631
1.73719
1.76784
1.96656
1.89549
1.25785
1.56372
1.96155
1.67957
2.00807
1.37194
1.46333
1.42036
1.6469
1.54285
1.45632
2.23299
1.78439
1.60617
1.59536
1.7723
1.65427
1.67456
1.87054
1.98372
1.56422
1.48953
1.70107
1.89144
1.58537
1.36958
2.09652
1.51585
1.8097
2.09325
1.73496
30890200.0
28212900.0
49708500.0
43342500.0
53091700.0
47805900.0
50085800.0
50293900.0
56456400.0
42327000.0
54974000.0
68046400.0
46097400.0
48789200.0
48060400.0
45186400.0
41613000.0
49879300.0
57335000.0
52208200.0
30542100.0
56363800.0
40287900.0
41471900.0
40388000.0
59684000.0
30483200.0
38499900.0
39463600.0
55291800.0
50198700.0
41023800.0
40425600.0
41114100.0
56558200.0
40819800.0
54057800.0
28434100.0
44271600.0
41091600.0
34986300.0
49851300.0
38589500.0
44754100.0
36944300.0
42862100.0
50433700.0
45467600.0
39493800.0
47112100.0
42527100.0
44439400.0
54523500.0
62621100.0
41844600.0
44989200.0
37784300.0
53983300.0
39924200.0
47968400.0
35526700.0
36091400.0
49387700.0
43577100.0
46411300.0
44660100.0
34354100.0
44553000.0
59800500.0
50232800.0
38676000.0
42028600.0
29508200.0
52899600.0
43976800.0
26163900.0
42359000.0
35744600.0
37711900.0
63528600.0
48298300.0
39744200.0
40037100.0
37793200.0
32012500.0
51957800.0
54688100.0
43029400.0
54072700.0
41138200.0
59511400.0
39707900.0
33097800.0
27526500.0
37906800.0
52601400.0
55070300.0
62224700.0
34867400.0
50724400.0
31896500.0
37457200.0
65057500.0
39833600.0
42029200.0
53725100.0
31719000.0
48673100.0
54768400.0
42713600.0
47632200.0
52673100.0
49774300.0
46279500.0
46836400.0
39319500.0
47558000.0
52790300.0
31263700.0
55411400.0
48720000.0
35711500.0
45872800.0
36047000.0
29348000.0
62216800.0
32229100.0
58100600.0
26610600.0
45059300.0
52300000.0
38891000.0
53819100.0
48859800.0
42631400.0
66153300.0
43089300.0
39440500.0
30680600.0
70871800.0
54307300.0
32631000.0
35360200.0
47123600.0
47902600.0
31989200.0
42299300.0
39521000.0
29236200.0
31598500.0
45916700.0
43948700.0
48112400.0
44213500.0
40975600.0
55379400.0
47244400.0
41518000.0
41022400.0
49922000.0
31425300.0
66510700.0
40557700.0
54298200.0
46692600.0
34189400.0
59066700.0
49371400.0
36172000.0
61827400.0
49123000.0
56824700.0
34126800.0
48846300.0
55272000.0
61385600.0
55731000.0
57312800.0
26757200.0
48044700.0
49715200.0
35118200.0
53922100.0
55198200.0
48100700.0
41964600.0
41774800.0
56874600.0
39944000.0
54360500.0
29020200.0
42358200.0
36811900.0
38297500.0
50784200.0
44468500.0
31660800.0
43548900.0
35832200.0
51230000.0
31854300.0
51285500.0
41250200.0
57550900.0
65987100.0
37636200.0
59771600.0
33155500.0
33461100.0
37416300.0
23767700.0
35323400.0
63324400.0
43397200.0
59101700.0
39788200.0
31172800.0
43836600.0
46342900.0
37485000.0
58945400.0
47180900.0
43719300.0
66886400.0
58302900.0
61980400.0
66062400.0
47863500.0
43222200.0
61486200.0
48987900.0
42649800.0
42327700.0
53329800.0
60089400.0
47584000.0
45472800.0
39761800.0
65016100.0
61625700.0
58749300.0
38360700.0
50814300.0
41920100.0
34470100.0
42142600.0
52902200.0
52410400.0
49236800.0
54548100.0
47580900.0
56352500.0
40142800.0
46491200.0
46544100.0
47310200.0
40540200.0
29783800.0
47253900.0
33633100.0
46345000.0
43290100.0
60567500.0
45500400.0
37644700.0
36776100.0
68464900.0
51471300.0
75420000.0
42378600.0
34298700.0
57287900.0
46082200.0
37404500.0
46138500.0
58267900.0
49928700.0
49496800.0
56901100.0
33028500.0
49996500.0
56519300.0
43875500.0
45087000.0
47999400.0
34748000.0
47237400.0
66962400.0
51519800.0
37592500.0
43532100.0
45371400.0
44261600.0
50951400.0
50997500.0
42355500.0
47720700.0
46913700.0
53223600.0
47255500.0
30873100.0
29979700.0
36420600.0
42291800.0
72621500.0
55231900.0
50805000.0
34743100.0
63246600.0
28220200.0
30288100.0
41417000.0
43155100.0
44585100.0
40739500.0
57082500.0
55172900.0
52944300.0
59424900.0
31486500.0
36591200.0
37157100.0
56169000.0
38568800.0
48270800.0
62156000.0
40060300.0
48622900.0
40526500.0
46832500.0
52782100.0
47968600.0
47572300.0
42100000.0
30070900.0
49139900.0
53808800.0
37976600.0
52321800.0
40564200.0
40342600.0
43594200.0
37688700.0
45022600.0
51532200.0
68282600.0
35034200.0
50843300.0
44807400.0
36800400.0
41489100.0
57108200.0
43130900.0
66627000.0
42465900.0
64324300.0
43227500.0
47336100.0
37026400.0
49379600.0
49968600.0
34258500.0
38970000.0
38404700.0
53252000.0
51384700.0
57194700.0
41652300.0
46758800.0
27620800.0
36590500.0
60694900.0
52826700.0
48010600.0
39391900.0
47672800.0
44524000.0
39632100.0
38579600.0
49285600.0
50025500.0
34659800.0
49731000.0
56788500.0
49062600.0
30766800.0
50030400.0
56236800.0
55416600.0
36826200.0
41803700.0
42736200.0
40404300.0
56724800.0
68914700.0
39584500.0
56631800.0
38828600.0
44602400.0
47175000.0
33203100.0
42334200.0
39504700.0
47131100.0
53064400.0
41423400.0
28977500.0
47680100.0
49047900.0
38787900.0
45519900.0
61540900.0
38621000.0
44488100.0
49239200.0
42456000.0
51097000.0
31640300.0
41167600.0
39061500.0
69321900.0
63061100.0
55248600.0
38841600.0
45336600.0
43915400.0
42793800.0
70490100.0
33214800.0
48009000.0
35732000.0
42905000.0
45996800.0
54934000.0
58052100.0
46786100.0
49198800.0
49444600.0
35350100.0
36643200.0
45683100.0
42677400.0
35773900.0
56375800.0
62205400.0
37989200.0
35270900.0
37822100.0
49118500.0
35637900.0
53181400.0
40095100.0
34118900.0
49558700.0
52244600.0
31222400.0
51747500.0
30417600.0
39321100.0
47654600.0
57583500.0
41088900.0
39770100.0
51271200.0
60115000.0
46294400.0
48723600.0
48853100.0
44188800.0
40838000.0
33025800.0
49412000.0
40945800.0
36994300.0
53033500.0
62011000.0
69800000.0
27480200.0
63801600.0
39100900.0
32488100.0
49288500.0
42930700.0
36435600.0
38852700.0
46629800.0
45380700.0
27587900.0
40431600.0
34690500.0
68041800.0
38676800.0
52728600.0
40490100.0
46192100.0
55704500.0
34376900.0
36564300.0
34015500.0
52301900.0
38143900.0
49138500.0
25727100.0
57173400.0
36803700.0
65431900.0
46701500.0
66775200.0
31891800.0
48567400.0
48186000.0
55533700.0
35721100.0
39209600.0
44409500.0
50226600.0
45600400.0
62842400.0
26157100.0
34055100.0
37244800.0
55330300.0
52687000.0
47531000.0
41313600.0
34458400.0
56093300.0
45233300.0
46247300.0
59920000.0
31215500.0
35351500.0
54225400.0
49765000.0
53965800.0
57131200.0
59693600.0
37773400.0
34250100.0
40298100.0
72688400.0
49165000.0
53531700.0
36674300.0
41320100.0
43101800.0
50817600.0
37993000.0
54239800.0
51345800.0
24757500.0
41501300.0
45592300.0
46217400.0
48501500.0
48189700.0
45978100.0
39785500.0
47149000.0
60854100.0
58969300.0
41685500.0
49909600.0
40083700.0
48454200.0
55992200.0
41888700.0
33576700.0
44698600.0
54335700.0
42422700.0
41609100.0
44219300.0
45524300.0
45991400.0
41115800.0
47257200.0
58513400.0
41433700.0
46834000.0
45077300.0
55030800.0
44760400.0
43463000.0
57053400.0
29227200.0
34255400.0
60355900.0
49828100.0
29532600.0
45864900.0
42660300.0
36789300.0
42197400.0
45371000.0
56249800.0
39220200.0
56420100.0
39634500.0
43436000.0
37150300.0
52018800.0
37034400.0
54821200.0
44388200.0
44649200.0
33758600.0
42303200.0
50868800.0
49563400.0
45294700.0
39862800.0
47947800.0
59967000.0
45268400.0
68093600.0
55934100.0
38252000.0
56971600.0
42976900.0
36342100.0
42658400.0
48902800.0
67729700.0
63928000.0
35906900.0
47474300.0
53923000.0
37856100.0
42135500.0
42372800.0
49686800.0
64808100.0
39903100.0
52922100.0
45868300.0
42913100.0
57859200.0
40715000.0
38220600.0
49929900.0
32494700.0
45647900.0
36190800.0
43279900.0
42077800.0
36186700.0
53546200.0
47144100.0
55715700.0
38694900.0
58350900.0
34853900.0
46326000.0
49086400.0
38710100.0
27180100.0
60183200.0
38341200.0
42287500.0
45656600.0
36810100.0
33805600.0
46660400.0
44518500.0
43373400.0
39506400.0
52271200.0
52514000.0
59752600.0
40523200.0
46002600.0
40591300.0
57201000.0
36543500.0
33804100.0
32655400.0
39576000.0
54132400.0
45416600.0
54717000.0
61021100.0
50007800.0
54324800.0
58673900.0
45162100.0
67101300.0
49888000.0
45361700.0
51075000.0
57265500.0
49932400.0
38343000.0
49638200.0
36194100.0
55950900.0
42991400.0
44412200.0
36297200.0
47906400.0
49224500.0
38766700.0
37510700.0
40261000.0
42092200.0
42126600.0
39341700.0
45301900.0
56737000.0
48410500.0
48482100.0
45223500.0
50702400.0
41138400.0
43000900.0
47930300.0
55348700.0
54749000.0
40925200.0
47461400.0
41311200.0
66331800.0
30092500.0
28042800.0
45789900.0
48902100.0
39225100.0
60100700.0
41519300.0
39858200.0
55485600.0
48075300.0
44724400.0
57078800.0
37066600.0
36455400.0
39143400.0
49563800.0
30626100.0
44379800.0
27714500.0
50474900.0
52466300.0
49248500.0
44116800.0
41343200.0
38097000.0
47550400.0
32414000.0
34465400.0
48745900.0
40898300.0
50562400.0
46701000.0
51902600.0
39394500.0
54544700.0
52716500.0
46526500.0
34295300.0
50371500.0
42744700.0
32038800.0
56710800.0
50971500.0
31123300.0
38145400.0
61808400.0
48648300.0
55557600.0
54593600.0
32594400.0
46528900.0
63122700.0
41697300.0
47335000.0
68447200.0
69578900.0
32745000.0
58364100.0
31547300.0
38166100.0
61721200.0
44693400.0
59699500.0
56536000.0
33938600.0
48955200.0
43473700.0
38121300.0
41844600.0
50498200.0
59823400.0
43015300.0
48664000.0
44558200.0
51446400.0
44566400.0
53315600.0
41814900.0
40088400.0
50373800.0
57565600.0
45035000.0
40358800.0
39008900.0
51775100.0
31068100.0
58052000.0
35961200.0
45653900.0
52133200.0
47167400.0
42507600.0
34524700.0
36754100.0
57629600.0
45456000.0
36197800.0
37819800.0
41902700.0
37043700.0
46946900.0
55276600.0
41043300.0
44415700.0
52593200.0
63329800.0
64430500.0
47356100.0
36409100.0
52574700.0
66802000.0
44354400.0
43948000.0
41889900.0
46747700.0
40292500.0
64663800.0
49396200.0
43467100.0
53164300.0
46320200.0
50268200.0
49328300.0
45255600.0
57781600.0
37242200.0
58281400.0
54252300.0
45606800.0
49473200.0
26249300.0
62952700.0
52617600.0
40162500.0
37261800.0
44518800.0
36787000.0
49937600.0
47061700.0
44579200.0
32291600.0
58741100.0
40076100.0
54318000.0
38952000.0
48413300.0
33482700.0
61745700.0
37053700.0
51763600.0
38207100.0
45295300.0
50128000.0
55408400.0
33981900.0
45362500.0
42353300.0
55719800.0
47093000.0
51199600.0
46200700.0
36105400.0
54883400.0
53739300.0
52259700.0
45153600.0
61214500.0
60430900.0
31536200.0
54194600.0
39354700.0
49593300.0
47463000.0
40142700.0
43932100.0
59349800.0
51992700.0
40743300.0
40490300.0
35951400.0
43462500.0
51648000.0
40609000.0
40887400.0
38318100.0
49389600.0
41039900.0
52770000.0
52200200.0
55091100.0
43622000.0
57217600.0
54748800.0
39554200.0
51213900.0
46986300.0
44151500.0
46523000.0
36476500.0
52458500.0
35885200.0
40736200.0
51478600.0
58934200.0
56540900.0
69038500.0
60296600.0
33994700.0
39672900.0
54511300.0
44827000.0
46951000.0
33346800.0
35224800.0
51298400.0
51800100.0
36649500.0
56176400.0
40563100.0
70229200.0
49572300.0
54368100.0
48781000.0
61412000.0
47471400.0
48931500.0
29397600.0
58316200.0
45185200.0
51421000.0
41742400.0
38636500.0
39474500.0
43962900.0
36126200.0
44829400.0
27971700.0
33135800.0
47682500.0
50084200.0
29528000.0
37968200.0
41959600.0
40422100.0
48458500.0
48026800.0
32172600.0
31914500.0
50851600.0
32268800.0
43210000.0
49453400.0
50044500.0
46106200.0
63488300.0
57208700.0
45309800.0
51424700.0
33572800.0
38708100.0
44981900.0
54640800.0
40265400.0
64408600.0
44771900.0
58048900.0
48852300.0
50065700.0
46566700.0
50134200.0
43533400.0
76404800.0
65008800.0
40607800.0
54071600.0
51475300.0
32188000.0
43413100.0
48069983.123622
38984741.117531
45039910.116132
40881439.097175
42146681.086402
49752256.124647
53696813.142891
48335416.1323
54778999.149184
47076682.145089
57550971.096931
58563953.138075
56250570.169164
47393993.151668
53316170.113876
55489648.140674
50022641.145406
60575972.115102
61852600.129812
52072094.17119
47497877.14659
47596285.641646
43790953.125912
40994139.095143
38631738.41698
38283298.083194
38551957.077514
35412723.087077
50256223.141612
54580455.133134
57568057.0975
49968103.154911
34821932.097599
45599679.111677
56492501.105897
39679723.119439
45012845.14296
42762526.122674
43464438.456327
33823639.058263
33936795.079919
55037784.147048
28171641.062996
50766749.120037
40106315.111139
39756361.101984
58495472.153503
42770283.119668
42669707.107608
59029663.161247
34680793.092493
52060476.145881
48614673.118368
64928252.17511
47557582.115382
55317009.466579
39870218.066622
48926792.132505
45224686.125451
43580156.142521
37097439.070599
49099687.092729
53934101.105767
34315282.067147
42523428.097542
35883440.063273
41882649.115145
39452177.115275
36079159.073963
61354834.198818
36425528.058813
43747115.613283
20460982.550073
41094084.575083
43635671.129712
34890251.110282
29690010.552448
38514238.572289
46229302.091317
63799933.159384
43070092.123852
41164163.119538
41214466.108012
33396211.096891
24413088.043944
35232870.059639
51919173.134196
36905950.101403
48286091.136704
49484702.159882
47452304.620887
47824982.121121
37338719.089184
32744381.061329
41544167.105646
40893522.122825
52158619.147628
65491606.11193
37153485.082375
51431032.633383
38146477.065576
52499957.123446
56945471.096023
41500864.122128
42388045.129874
56060140.115205
42830887.112481
47615095.113334
46809858.124961
33027856.054284
44589449.104271
51927897.14643
58291089.185192
43282425.119556
40803390.06694
48909751.080716
49228107.136897
35943544.093483
28710193.073003
48831082.144115
47236151.135638
49085797.082719
31659975.100881
40619225.096149
41098010.075462
56422965.121834
36377122.098167
50495279.125108
17587685.047688
41309458.087362
44259506.14485
54567532.16089
38353631.10947
47717319.084427
33659618.08827
59715393.184057
39490860.096867
43228462.114145
33684305.099971
53374272.707206
44919020.083588
28070510.07129
38032046.106337
39157955.074227
52455359.130241
27540187.074645
46850090.113179
46489413.146124
22931753.042492
35221838.100259
40616017.109783
47490897.130077
42837054.092428
42934681.07377
47354198.141735
51684318.100785
41656411.10962
42144540.127607
51150621.159078
58137748.191223
39713504.118538
43148552.115434
37821569.064107
53775314.64642
43856880.131703
37223912.090016
51470278.154082
55414695.142585
47711025.090284
48872874.095778
56505015.170301
60836374.161887
27737123.071941
56579139.132837
45355990.111602
57176435.183689
51890868.128524
43202384.126474
38012614.099893
46144343.124587
37780586.075478
40083499.098161
45576378.121391
57745109.181616
43197161.109357
40806159.118563
36746387.097718
35433063.106981
51716805.132407
59680178.155061
40376245.067708
46957900.131702
32964548.098442
40716996.132962
47817945.107015
41345584.123532
26678059.043888
35254720.098275
38218257.120114
39930847.06622
34290636.080659
38918924.102153
40231989.571024
55390969.16769
53851669.093573
43124386.079576
53857636.090628
36201692.09615
29166075.048176
47371744.087706
22959540.063867
36315831.096845
63325536.166623
50832205.085705
61784654.150051
38714501.112064
29421392.061914
50468867.140159
37450698.060717
39582383.066305
50482951.147286
50316467.091973
57789642.16678
71940279.204986
50574069.087395
50702881.157233
59235153.156908
49076464.147601
38228242.094816
64752574.1612
39856131.430471
38738370.065938
62238197.190042
44661426.133787
63741955.112707
50940062.085287
51595542.166514
33069710.090193
61932809.821422
49768012.656066
52197984.089441
36087847.097519
59774254.106007
43077221.108562
46448324.106822
39230154.125227
54903586.147524
50164325.116815
51734620.141519
60452417.192759
31875948.723095
69987368.181423
33178468.579806
58702992.098638
56391485.174357
38794820.10245
54351293.167042
36803661.060584
30115571.091901
38154734.068869
59427309.132173
48710420.087113
56690699.132582
44115345.108422
41209245.068667
36167209.084991
50883858.149345
56609435.124606
67898421.151269
53772278.154325
38885489.066589
51065894.155058
52925896.100748
30221449.084945
52856590.148234
38467657.107872
48874768.133364
55652662.147527
64475782.191031
44219526.115707
55196474.128804
47844783.121665
44058344.109925
49754692.140628
54272818.136802
40423134.588604
44427634.110943
63505116.104348
55966029.16546
36962731.096172
48940783.143217
40066050.073472
44517201.640079
52270528.159198
53002459.143227
56600101.164965
34030505.063028
49645402.123943
50304253.160973
49969157.135391
37888605.114537
49967414.122296
44535477.080696
37451957.071145
66740449.617356
50965716.08976
50631019.126712
38726092.063317
51979065.109341
33776005.100408
27354675.048559
40494599.085667
54659220.168889
59615401.161444
42680283.624187
51085957.163978
48494418.117876
40477175.111713
69404244.198194
34457906.103573
47373975.138576
55458909.156343
50832506.09111
39983515.108612
54255062.165445
53399607.132621
39584256.093805
54761742.137039
46019051.579547
51478308.150521
50739291.137342
45082174.081074
43147180.087876
37775261.065401
42777264.123271
40235190.091102
60102648.173602
31589296.07931
57713480.133172
40726704.069587
38397153.075121
44908660.114743
41389491.099388
46243319.100654
45205962.098257
50849042.155089
40052534.120393
58120449.160384
49931930.08561
38418704.100926
47119177.109137
49065754.149946
56255462.091513
57157711.138767
43102949.073687
58122340.170263
45631895.13467
50825944.155685
43718371.136461
54295968.10201
41763967.076056
25857974.577099
43938722.125794
48500578.155677
43154810.097752
46526693.118999
56862646.104479
41701841.107204
50683442.120284
38928372.079294
49932076.125273
52091021.661599
43596298.112911
54447041.149429
45936929.792752
48432731.142305
35240487.074754
45986021.124084
42462552.102018
38555308.111742
41873690.082507
36508020.090863
55756346.17333
49920989.125028
40581802.115922
41863139.124385
51226325.156494
44571791.119863
55781707.134601
31896338.078811
61073215.182491
36141748.06225
37410530.087689
40024998.076652
52900152.134623
61624663.196068
38231747.073708
50826144.160962
33620865.083177
52148697.15895
33909184.09797
52931752.089426
38527570.107022
49266116.133419
52638159.13129
49947984.105175
42511297.125884
33892059.091471
46980313.14757
44613439.123126
41294054.124423
58834464.172574
41324630.068933
32964920.064312
41806337.107895
39323947.110184
50593446.161165
38986359.09859
51850251.13303
30956633.058814
63798641.172272
57192335.158058
47298594.122114
57332584.100752
46177824.131202
39591559.107718
49629698.126971
75927300.196845
43170668.106875
35415729.095824
34459053.075115
48476161.149973
42211835.093793
43035151.121154
37438919.108296
35285267.090592
41357140.115905
51951319.586018
41514003.107537
36380051.08301
46410971.101964
56362865.165862
42921762.140221
64176274.198463
67933578.190841
37860076.118075
35731493.059645
45188907.147776
69615746.201725
37758443.107683
47643439.08156
42177958.09529
31011521.845243
45065027.087759
44091219.087349
28302320.084441
40125748.10285
42083356.072346
43145552.127134
52410987.155839
63352091.173013
50673147.150702
46337365.144461
61527926.145929
53296835.159611
50832810.133935
48248663.113739
45292059.078285
41475210.110905
37699247.113775
32100531.088355
38722287.110276
51198993.153376
31437839.080959
66239294.175322
49253292.148027
50521518.498743
42802635.073981
64614969.157768
39570990.121661
43487744.071864
57021494.153565
48915621.128842
35948915.112528
47819449.115475
50589059.157174
44700065.130938
30461533.062609
36397063.093144
36549857.075235
49546185.109455
56732933.171197
39706162.093149
44584920.124691
49018377.113436
53383937.113731
38706162.106805
57326904.143796
30560628.590145
53045305.141765
39725663.12765
48561524.140979
17830473.043411
46487247.126663
37668928.081074
63275321.182684
42812908.12458
51773802.111253
23638984.043739
46918085.104703
42608618.124938
49824740.152583
36131721.067087
40053206.066173
47022141.135641
42440967.093565
34112827.609357
60801940.171044
46497415.116248
48658289.154453
33296900.09648
63351620.109652
41384321.081343
42217230.106766
42284923.092574
61635429.143681
47874776.145448
50989794.619044
43013912.072376
45689347.121816
33298764.099663
37589259.070109
49402356.124783
32134408.586459
64540091.11735
61709279.164116
60480556.666191
32861564.077829
45503014.105244
33516126.056951
76821216.229696
48781951.11186
61520965.162852
41282280.620559
48338133.129088
43643078.135429
44086337.073432
38233239.105736
58818692.14801
61858856.151547
27012786.07847
38326685.103073
61179863.171376
34076639.084557
36281577.082234
40530811.089932
53216909.124026
34213901.745838
32710614.064665
68304798.208571
48105566.142839
56630680.151663
50793691.125501
45648004.075388
58242085.181241
50028974.129691
48469579.082374
33175866.075908
51141719.095783
53487342.134536
38169203.064083
50854077.145341
47972514.124247
54080708.11405
43052165.577899
43472408.09711
40536051.106387
46818794.13996
38667563.099768
46436175.123985
29705769.592591
50023970.089725
50666402.146691
47085077.118415
60279511.163216
38842738.110419
36254600.086621
55366264.094255
46378710.11876
37135750.07274
45815549.147368
35652974.086347
40397814.601228
65993814.172922
31416854.3341
57173283.114031
50024942.157924
53504911.129378
49605915.143892
38827979.069713
32526476.08627
51451403.162136
49474534.11729
52373480.093616
37022722.111301
49581917.145658
38275016.063791
42688816.122393
60232919.18056
42230688.117438
44245170.073956
33501159.095277
60886329.200355
48196267.134067
54261563.176425
51973137.129852
48746884.153783
36435855.060578
41748012.07418
61978653.18366
30632953.080845
49409523.147247
46204365.123858
70785443.143315
63489325.201951
39273811.068289
55968926.161318
36583100.093314
34283517.06577
38548228.086977
45067721.132282
35613507.099911
75047662.172645
52388981.122106
49635988.160978
55232731.107972
39597744.10942
62203289.169366
37488935.101454
42345465.076005
57321589.637721
40625966.114703
43795707.111964
35655191.057429
52464588.126423
50782127.150026
43315615.075851
50107511.122251
50264172.090001
51410703.163297
41686927.113857
52361842.640868
41009043.383609
56436774.172591
52678624.146916
54665920.148148
28359652.089024
48413900.119344
44095511.12727
40437803.089804
38655269.581018
38960991.065595
35511662.105213
50727178.086474
57424144.153164
49259759.139481
39127113.074714
58095082.174835
49451880.102282
61816705.13398
35230139.095958
46967892.076895
37945150.078172
59920449.645637
43774711.13656
49219056.094484
30670051.089335
55570740.179732
59446269.164424
48934577.154645
54534064.145821
51793219.102406
43261719.115654
47924838.12563
66657685.186416
55247526.175994
60545261.649676
45382758.11877
46320521.46345
64472991.190521
37851946.114497
53412535.141526
44763740.144705
52425925.087053
40371664.124466
47405621.111794
36220406.101665
59250404.140803
53119794.591025
54704338.137056
51747521.153688
46347532.146983
33837460.099207
49659771.152966
35854984.109743
39066878.085515
47258105.1076
53772715.158826
72692252.19573
50291684.132394
51813005.133524
52691422.113015
49233548.095215
41345920.111173
46352921.078057
46972606.105613
49966822.117803
40622925.111521
36256607.059111
40724574.117848
47124039.134294
58102237.175302
27569907.071098
35317081.11051
48993114.11597
40510576.112903
39028669.102309
61272751.172226
42011280.115586
34432889.099823
52284930.148557
45929575.137105
48664047.12937
53527025.096257
41062175.113278
45872238.080687
42510545.082792
42643476.121953
38766493.064265
43505275.132602
35234710.059097
49789031.644268
40798018.091685
49263753.085007
50452380.149907
50868076.097549
60381758.168189
46870955.119678
41973845.113137
45928277.136043
41077140.068636
49152586.153195
55233307.105087
53993577.142694
55490530.17815
32424541.082596
59528647.132636
50517441.112516
38724545.06762
28409974.580679
48935325.150684
51344332.161339
43783579.085126
54075108.159778
65974559.193477
39844646.122466
42151769.110686
55428427.138128
55841872.103171
62540699.181883
59662026.155425
41250874.084779
32046314.064988
65676217.199887
45260282.144077
57221994.187625
57265747.124165
60706284.178938
44239187.121486
42702578.095345
48380608.13325
52592626.484722
48643632.113272
37936405.093257
53534134.149744
70930201.21722
51962329.113515
40023478.616035
47481063.133482
45595940.137491
33284334.068985
34041469.066679
64717691.193941
36276831.117339
49927347.153785
47645095.0872
43098276.105878
32077225.095882
54221126.130303
36799690.108156
37899900.092353
46541693.138673
58294513.145032
56668055.151398
50775026.093942
37574998.07588
39861934.100369
36807842.110517
56148103.148791
34355557.075761
42924034.07231
43393249.118688
46405241.083277
42636396.09962
41949214.740898
36220211.068303
48460621.080642
48211937.134319
51543584.111258
40897645.123893
49298571.126532
36394524.107731
51908671.093147
56860314.159175
40500762.076046
48009074.120528
42776630.078158
62797556.152838
49281990.07875
53536374.142722
41889809.092911
47541412.137508
53902884.086831
51164640.149931
41629443.117891
40697886.107349
45348649.117271
54193133.088944
62756066.188393
54657448.16432
49903700.104981
53204488.118559
48392498.138172
48840335.145192
49106340.126643
36480672.085183
64582376.147896
36562074.074074
54984204.115801
54515651.127249
46902824.104796
34010858.0785
29659861.085553
45862386.099035
48873418.09863
41504518.113168
35940283.60811
45845090.073984
42694619.581334
56854892.106549
42872568.09663
46616483.140716
32284579.086465
54624156.098716
51454666.08671
44869244.12454
45650517.128418
46573071.12823
33151310.081794
48950471.12338
48898288.106479
46670981.11784
47915786.106574
41119447.116262
51086130.142328
54722974.15424
54418749.13964
48295217.131547
62881507.110138
52489002.121644
38678819.105072
46495068.623705
39678784.09831
41316339.083129
47959360.088484
42604078.095582
51303046.134573
55209123.142459
67773891.187538
50199983.139732
30410403.088982
50721623.147077
45230026.13537
48585889.138264
36169520.106729
37883126.098839
31722330.569561
56345004.163522
45851360.124165
39081026.118013
41690581.624895
47224152.083179
39701804.119723
37951756.062047
49270795.108077
39507968.082677
28066612.422369
53306385.141581
44183984.072653
43722850.131936
57878169.156608
59802495.128829
50191501.132833
48748129.109453
47453372.638042
41767279.102855
66971832.181519
51735171.097299
46560220.116428
49878477.145653
41067150.109406
50754502.108041
38182214.086674
37508464.107388
45365925.138864
63609597.164986
54131863.148172
53225568.11687
49375328.162548
42187855.068944
53529967.153233
58990780.175033
42231808.101555
45582701.129745
34441783.087371
44711916.125192
49323578.140754
51044962.100038
42646975.073797
52591126.140548
33573366.396041
69742701.20762
47245156.102053
64828075.130096
62857603.205343
51987146.148588
43470611.079243
49134657.13966
26841913.07142
56220762.140714
55362346.098154
46609196.085086
37509918.068339
47778618.776235
38145089.099359
46262797.139184
36915533.096567
42004088.122771
37605958.089033
31894229.097513
58060925.104726
47322934.08208
37811848.073248
37240204.093088
49814770.132397
46788417.141739
55208805.130694
54407114.102432
39506916.064686
23453617.068692
47691110.113551
36056406.097797
40218220.095399
65620032.197065
45738568.126281
37551429.108439
58552113.18726
61918942.151361
39070240.063286
45686380.130597
46530190.105086
38556920.072213
40050569.105678
56103883.127782
45682864.124875
68794706.174067
50287291.160249
72941840.208492
60044667.18795
46998450.132172
42021538.135662
52326417.149487
45042984.07371
77174483.14015
50205331.127538
52513351.132264
54354172.119385
56101107.647236
46624632.079144
51469100.12429
