0.969749
1.16213
1.02737
0.810518
1.12351
1.17339
0.887448
1.17407
0.711574
0.877251
1.09631
1.23835
1.3202
0.634959
1.19191
0.891345
0.927357
0.897985
1.38077
1.06116
0.827442
1.07456
1.03006
0.759079
1.15301
1.04144
1.06317
1.18273
0.898095
0.960964
0.74972
1.15864
1.09168
0.954673
1.18641
0.737292
0.824604
0.846291
1.07723
0.931815
0.762912
1.06096
0.864344
0.896457
1.21703
0.930993
1.27302
0.953869
1.1839
0.852349
0.924616
1.38484
0.892844
1.17006
0.934387
1.01528
1.26092
0.791004
1.01329
1.35806
1.02346
1.0554
1.17084
0.841384
1.16894
1.05154
1.28773
1.29445
1.29042
0.941745
1.14968
0.952798
1.03396
0.903422
0.843925
1.13767
1.06793
1.27938
1.12474
1.11094
1.33877
1.12229
0.985219
1.04025
0.950172
0.86427
1.2928
0.640688
1.15791
0.859564
1.05983
1.12895
0.751984
1.10218
1.16911
0.754014
1.36215
0.822162
0.883516
0.890327
1.12242
0.962703
1.09364
0.98705
1.16001
1.12668
0.977468
1.08634
1.38999
1.29584
1.08979
0.910115
1.12992
0.98065
1.02365
0.683958
0.982519
1.05028
1.07495
0.946145
0.936147
0.843932
1.45497
0.84471
1.32322
0.875003
0.944529
1.20645
0.776464
0.895434
1.20466
1.00289
0.767265
0.870778
0.784885
0.981198
0.991499
1.4012
1.06805
1.26477
0.974566
1.05098
0.815745
0.904648
0.958221
1.05555
1.20465
0.848461
0.775618
1.30201
1.34095
1.14059
0.961505
1.34258
0.99231
0.920796
1.16183
1.04769
1.1718
1.19414
1.22505
1.13353
1.05318
1.1215
1.20872
1.45225
1.10198
0.705485
1.28902
0.952738
0.924274
1.28191
1.06866
0.90395
1.10345
0.817421
0.873519
0.821831
1.17223
0.811243
0.798513
1.37452
1.27893
0.968697
1.34082
1.16309
1.09703
1.04833
0.935821
1.07392
0.99905
0.946038
0.904696
0.939491
0.836808
1.17094
0.950089
0.813896
0.777977
0.767066
0.806864
0.852277
0.878184
1.1587
1.05431
1.18223
1.34279
0.880189
1.15603
0.922169
0.691223
0.991464
0.674904
0.765855
0.923836
0.78792
0.856852
0.900505
1.529
0.933108
0.86606
1.13788
1.1441
1.33382
0.79553
0.924395
1.22
1.0384
1.0806
1.06483
0.986924
1.24523
0.954691
1.06467
1.10729
0.907937
1.17993
0.82676
1.38071
1.22733
0.944527
0.780767
0.911775
0.893066
1.08343
0.989371
1.09447
1.2389
1.20593
1.21231
0.760733
0.977185
0.909979
0.817913
1.04856
1.21046
1.0064
1.28342
1.01024
0.879364
1.12524
0.852745
0.95436
0.916476
0.998737
1.12988
1.03704
0.834064
0.904677
0.902529
1.1714
0.787632
0.7002
0.879179
1.31908
0.750013
0.930053
0.985086
0.873727
0.874599
0.865598
0.810863
1.2429
0.766501
1.05338
0.863634
1.11263
1.2621
1.00386
0.944491
1.29296
1.02187
1.09995
0.969935
0.908344
1.21584
0.818436
1.1735
1.49687
1.01041
0.856621
0.837775
0.97175
0.946991
0.932307
1.03926
0.818169
1.30289
0.877942
1.37223
0.995601
0.880762
1.4187
0.956899
0.606204
0.976345
0.975343
0.972024
0.931085
1.36017
1.07263
0.940978
1.10604
1.33177
0.956043
1.22234
1.05548
0.774148
1.14527
1.13036
1.35845
0.773483
1.13233
1.04899
0.869652
0.974521
0.704241
0.835803
1.08151
0.806639
1.10117
1.10106
1.10136
1.18111
1.35847
0.973642
0.7581
1.27601
0.990362
1.00943
0.92008
0.852939
0.982761
0.949624
1.13942
1.30486
0.94519
1.04105
0.843042
0.805888
0.779374
1.00801
1.17293
1.31
1.2666
0.852005
1.12435
0.858054
1.10606
1.13655
0.92105
0.84599
1.04022
0.818492
0.921101
0.908144
1.12443
0.943449
0.974185
0.846323
0.769358
1.02207
1.03746
1.16416
0.904875
0.923686
1.07177
0.932013
1.06641
0.999053
1.33343
1.15839
0.969597
1.29207
1.02608
1.59372
0.979521
0.912367
0.949836
0.835947
0.939166
1.14807
1.21866
1.05644
1.05053
1.08951
1.12816
1.39146
1.11633
0.918684
1.13452
0.98656
1.02244
1.23457
1.24047
1.20582
0.916174
1.14092
0.909826
1.05137
0.911179
1.09061
1.0591
0.962551
0.783791
0.825049
1.00021
0.893577
1.10949
0.895678
0.854581
0.889077
1.27278
1.04624
0.910097
1.04912
1.08889
1.04937
0.880671
1.38035
0.784461
1.12912
1.18116
1.18212
1.04367
1.04129
1.23038
1.1823
0.965553
1.0528
0.81149
1.04193
1.0764
0.945767
1.11383
0.825524
0.822806
0.669095
0.809268
0.778113
1.16911
1.1632
1.18517
1.20342
1.4852
1.05288
1.00443
1.67519
0.763095
0.75864
1.05922
0.917588
0.9543
1.3041
1.01565
0.782624
1.31552
0.808257
0.776515
1.11726
0.951622
1.0535
1.1513
0.87975
0.734036
1.04921
1.09192
0.90823
0.911698
1.10615
0.976652
1.08438
1.06775
0.932043
1.46698
1.00685
1.294
0.684802
1.13466
0.923303
1.1198
0.977589
1.62318
1.38215
1.1921
1.00079
0.801475
0.977322
0.963407
0.918076
1.21061
1.0209
0.951242
0.740739
1.1167
0.999951
1.10363
1.1029
0.707051
0.809787
0.89829
1.02719
1.03626
0.948954
0.900066
1.04752
1.1259
0.927944
1.07522
1.34572
1.05138
0.963806
0.931735
1.08793
0.883191
0.918381
0.69533
0.879047
1.16862
1.11435
1.08075
1.13185
1.17838
0.782111
1.11194
1.00283
1.25976
1.21665
1.11766
1.0176
0.941254
0.824579
1.07937
0.906634
0.977888
1.26581
0.98891
0.792078
0.8008
1.23964
1.16231
0.874412
1.09817
1.11642
1.06465
1.37441
0.877215
1.17933
1.20026
1.06818
1.14978
0.687226
0.959024
0.881138
1.0953
1.13177
0.914089
0.987024
1.05862
1.46433
0.737318
1.20234
1.23188
1.1939
1.18057
1.33841
1.35937
1.20495
1.60806
1.20747
0.939492
0.809342
0.949552
0.950125
1.31934
1.08639
0.922074
1.20189
1.05283
0.940197
1.30983
1.10791
1.14992
1.09084
0.934894
0.897157
0.946688
1.519
1.36634
0.944529
1.12748
1.10339
0.886697
0.981603
1.34289
1.31197
0.9763
1.01987
0.721209
1.21344
1.16432
1.15278
1.28999
0.934857
1.26055
0.881915
1.02482
1.12342
0.934972
0.983018
0.952129
0.842638
1.08147
0.723164
0.815157
0.842591
1.0642
0.922341
0.783692
1.16491
0.765893
0.929141
0.922238
1.15466
0.965983
0.976698
1.34235
1.05718
0.959135
0.892355
0.77958
1.01553
0.983563
0.942946
0.812792
1.15025
1.02141
0.877318
0.90949
1.34918
0.80211
0.979677
1.12245
0.726897
0.966679
1.06164
0.74081
1.00814
1.03911
0.953593
0.990716
0.912745
0.810757
0.835405
1.20314
1.06284
1.3639
0.755013
1.05001
0.734597
0.816441
1.05685
1.04272
0.888428
0.890061
1.08254
1.03138
0.909194
1.12707
1.02494
1.31259
0.801243
1.19916
1.04074
0.802381
1.62391
0.585918
1.05601
1.17108
1.01272
1.07293
0.917352
1.11536
1.22883
1.02205
1.08295
1.11143
0.982729
0.941109
0.992655
1.07378
0.844927
1.23335
0.80256
1.24792
1.09975
1.10362
0.905863
1.36192
1.3833
1.20483
0.993368
0.826184
0.824118
0.966168
0.967587
0.95865
1.12938
0.9784
1.30301
0.692052
0.871133
1.1673
1.01652
1.19969
0.962521
0.64525
1.24277
1.22866
1.05531
1.03099
1.12616
0.912426
1.30157
0.736524
1.22676
0.90428
1.18049
0.998794
1.00279
1.38045
0.863219
1.25917
1.36826
1.04502
1.12179
1.14216
1.02906
0.912872
1.07058
0.992871
1.27188
0.913676
0.828506
1.23701
1.07063
0.961793
0.804907
0.870586
0.952875
1.50941
0.862707
0.708667
1.1192
0.98463
1.36288
1.00533
1.4419
0.706252
0.800083
0.938587
0.981478
1.14728
0.960903
0.836787
0.977963
0.950037
0.984651
1.0151
0.590956
1.13695
0.961702
1.05227
0.842976
0.999746
1.2075
0.891345
1.01907
0.96962
0.927908
1.00802
0.958631
1.03907
0.782739
0.811175
1.25459
0.913911
1.28971
1.0303
1.09244
1.07912
0.809124
1.03434
0.836562
1.00798
1.14278
1.16979
0.899985
1.01185
0.853182
1.24893
0.941383
0.965185
0.964663
0.997804
1.03013
0.757028
0.713166
0.964187
1.06204
0.976509
0.941177
1.15264
1.00017
1.00596
1.22633
1.0329
0.944201
1.01479
1.07736
1.04746
0.927951
0.943474
1.10129
1.03169
1.00406
0.921039
1.02151
0.920971
1.11759
0.915053
0.88605
1.32464
0.794124
1.02048
0.954481
1.2472
0.881441
1.02058
0.835399
0.998659
0.890945
1.05338
1.00243
0.94189
1.13587
0.891611
1.28162
0.968862
1.05247
1.29192
0.734474
1.29077
0.606413
0.90445
0.951266
0.820346
1.23143
1.3221
1.31312
1.1588
1.32955
1.0512
0.955878
1.04242
0.853783
1.06706
1.1802
0.863571
1.14722
1.40431
1.5597
1.09572
0.897156
1.27808
0.870817
0.71644
1.0065
0.985046
1.05375
1.08006
1.02635
1.02291
1.1502
0.828996
1.09223
0.84846
1.12919
0.848419
0.942417
1.0758
0.838948
0.957098
1.13873
1.01299
1.10891
0.810418
1.12924
0.974711
1.37868
0.69289
0.827515
1.0898
0.978502
1.38152
1.09178
0.890652
0.977545
0.908132
1.44852
1.21986
0.985547
0.949371
1.27329
0.834447
1.23463
1.06565
1.06094
0.989313
1.3738
0.828394
0.94042
1.26562
1.05802
1.23524
1.20024
0.689956
1.02872
0.825498
0.77145
1.07137
1.09913
1.13775
1.03502
0.840552
0.757285
1.04705
0.965327
1.22867
0.915601
0.969996
1.22375
1.17972
0.811672
1.19491
1.10989
0.928581
1.09955
1.26199
0.950417
0.902949
1.36802
0.775183
1.03525
1.15239
0.816184
0.848926
1.08116
0.950028
1.28317
1.06626
0.883316
1.04416
1.19727
1.17932
1.0116
0.820344
1.24508
0.822099
0.807525
1.51398
1.48064
1.04567
0.978757
1.18003
1.12573
1.43041
0.807806
1.0897
0.990223
0.969749
1.16213
1.02737
0.810518
1.12351
1.17339
0.887448
1.17407
0.711574
0.877251
1.09631
1.23835
1.3202
0.634959
1.19191
0.891345
0.927357
0.897985
1.38077
1.06116
0.827442
1.07456
1.03006
0.759079
1.15301
1.04144
1.06317
1.18273
0.898095
0.960964
0.74972
1.15864
1.09168
0.954673
1.18641
0.737292
0.824604
0.846291
1.07723
0.931815
0.762912
1.06096
0.864344
0.896457
1.21703
0.930993
1.27302
0.953869
1.1839
0.852349
0.924616
1.38484
0.892844
1.17006
0.934387
1.01528
1.26092
0.791004
1.01329
1.35806
1.02346
1.0554
1.17084
0.841384
1.16894
1.05154
1.28773
1.29445
1.29042
0.941745
1.14968
0.952798
1.03396
0.903422
0.843925
1.13767
1.06793
1.27938
1.12474
1.11094
1.33877
1.12229
0.985219
1.04025
0.950172
0.86427
1.2928
0.640688
1.15791
0.859564
1.05983
1.12895
0.751984
1.10218
1.16911
0.754014
1.36215
0.822162
0.883516
0.890327
1.12242
0.962703
1.09364
0.98705
1.16001
1.12668
0.977468
1.08634
1.38999
1.29584
1.08979
0.910115
1.12992
0.98065
1.02365
0.683958
0.982519
1.05028
1.07495
0.946145
0.936147
0.843932
1.45497
0.84471
1.32322
0.875003
0.944529
1.20645
0.776464
0.895434
1.20466
1.00289
0.767265
0.870778
0.784885
0.981198
0.991499
1.4012
1.06805
1.26477
0.974566
1.05098
0.815745
0.904648
0.958221
1.05555
1.20465
0.848461
0.775618
1.30201
1.34095
1.14059
0.961505
1.34258
0.99231
0.920796
1.16183
1.04769
1.1718
1.19414
1.22505
1.13353
1.05318
1.1215
1.20872
1.45225
1.10198
0.705485
1.28902
0.952738
0.924274
1.28191
1.06866
0.90395
1.10345
0.817421
0.873519
0.821831
1.17223
0.811243
0.798513
1.37452
1.27893
0.968697
1.34082
1.16309
1.09703
1.04833
0.935821
1.07392
0.99905
0.946038
0.904696
0.939491
0.836808
1.17094
0.950089
0.813896
0.777977
0.767066
0.806864
0.852277
0.878184
1.1587
1.05431
1.18223
1.34279
0.880189
1.15603
0.922169
0.691223
0.991464
0.674904
0.765855
0.923836
0.78792
0.856852
0.900505
1.529
0.933108
0.86606
1.13788
1.1441
1.33382
0.79553
0.924395
1.22
1.0384
1.0806
1.06483
0.986924
1.24523
0.954691
1.06467
1.10729
0.907937
1.17993
0.82676
1.38071
1.22733
0.944527
0.780767
0.911775
0.893066
1.08343
0.989371
1.09447
1.2389
1.20593
1.21231
0.760733
0.977185
0.909979
0.817913
1.04856
1.21046
1.0064
1.28342
1.01024
0.879364
1.12524
0.852745
0.95436
0.916476
0.998737
1.12988
1.03704
0.834064
0.904677
0.902529
1.1714
0.787632
0.7002
0.879179
1.31908
0.750013
0.930053
0.985086
0.873727
0.874599
0.865598
0.810863
1.2429
0.766501
1.05338
0.863634
1.11263
1.2621
1.00386
0.944491
1.29296
1.02187
1.09995
0.969935
0.908344
1.21584
0.818436
1.1735
1.49687
1.01041
0.856621
0.837775
0.97175
0.946991
0.932307
1.03926
0.818169
1.30289
0.877942
1.37223
0.995601
0.880762
1.4187
0.956899
0.606204
0.976345
0.975343
0.972024
0.931085
1.36017
1.07263
0.940978
1.10604
1.33177
0.956043
1.22234
1.05548
0.774148
1.14527
1.13036
1.35845
0.773483
1.13233
1.04899
0.869652
0.974521
0.704241
0.835803
1.08151
0.806639
1.10117
1.10106
1.10136
1.18111
1.35847
0.973642
0.7581
1.27601
0.990362
1.00943
0.92008
0.852939
0.982761
0.949624
1.13942
1.30486
0.94519
1.04105
0.843042
0.805888
0.779374
1.00801
1.17293
1.31
1.2666
0.852005
1.12435
0.858054
1.10606
1.13655
0.92105
0.84599
1.04022
0.818492
0.921101
0.908144
1.12443
0.943449
0.974185
0.846323
0.769358
1.02207
1.03746
1.16416
0.904875
0.923686
1.07177
0.932013
1.06641
0.999053
1.33343
1.15839
0.969597
1.29207
1.02608
1.59372
0.979521
0.912367
0.949836
0.835947
0.939166
1.14807
1.21866
1.05644
1.05053
1.08951
1.12816
1.39146
1.11633
0.918684
1.13452
0.98656
1.02244
1.23457
1.24047
1.20582
0.916174
1.14092
0.909826
1.05137
0.911179
1.09061
1.0591
0.962551
0.783791
0.825049
1.00021
0.893577
1.10949
0.895678
0.854581
0.889077
1.27278
1.04624
0.910097
1.04912
1.08889
1.04937
0.880671
1.38035
0.784461
1.12912
1.18116
1.18212
1.04367
1.04129
1.23038
1.1823
0.965553
1.0528
0.81149
1.04193
1.0764
0.945767
1.11383
0.825524
0.822806
0.669095
0.809268
0.778113
1.16911
1.1632
1.18517
1.20342
1.4852
1.05288
1.00443
1.67519
0.763095
0.75864
1.05922
0.917588
0.9543
1.3041
1.01565
0.782624
1.31552
0.808257
0.776515
1.11726
0.951622
1.0535
1.1513
0.87975
0.734036
1.04921
1.09192
0.90823
0.911698
1.10615
0.976652
1.08438
1.06775
0.932043
1.46698
1.00685
1.294
0.684802
1.13466
0.923303
1.1198
0.977589
1.62318
1.38215
1.1921
1.00079
0.801475
0.977322
0.963407
0.918076
1.21061
1.0209
0.951242
0.740739
1.1167
0.999951
1.10363
1.1029
0.707051
0.809787
0.89829
1.02719
1.03626
0.948954
0.900066
1.04752
1.1259
0.927944
1.07522
1.34572
1.05138
0.963806
0.931735
1.08793
0.883191
0.918381
0.69533
0.879047
1.16862
1.11435
1.08075
1.13185
1.17838
0.782111
1.11194
1.00283
1.25976
1.21665
1.11766
1.0176
0.941254
0.824579
1.07937
0.906634
0.977888
1.26581
0.98891
0.792078
0.8008
1.23964
1.16231
0.874412
1.09817
1.11642
1.06465
1.37441
0.877215
1.17933
1.20026
1.06818
1.14978
0.687226
0.959024
0.881138
1.0953
1.13177
0.914089
0.987024
1.05862
1.46433
0.737318
1.20234
1.23188
1.1939
1.18057
1.33841
1.35937
1.20495
1.60806
1.20747
0.939492
0.809342
0.949552
0.950125
1.31934
1.08639
0.922074
1.20189
1.05283
0.940197
1.30983
1.10791
1.14992
1.09084
0.934894
0.897157
0.946688
1.519
1.36634
0.944529
1.12748
1.10339
0.886697
0.981603
1.34289
1.31197
0.9763
1.01987
0.721209
1.21344
1.16432
1.15278
1.28999
0.934857
1.26055
0.881915
1.02482
1.12342
0.934972
0.983018
0.952129
0.842638
1.08147
0.723164
0.815157
0.842591
1.0642
0.922341
0.783692
1.16491
0.765893
0.929141
0.922238
1.15466
0.965983
0.976698
1.34235
1.05718
0.959135
0.892355
0.77958
1.01553
0.983563
0.942946
0.812792
1.15025
1.02141
0.877318
0.90949
1.34918
0.80211
0.979677
1.12245
0.726897
0.966679
1.06164
0.74081
1.00814
1.03911
0.953593
0.990716
0.912745
0.810757
0.835405
1.20314
1.06284
1.3639
0.755013
1.05001
0.734597
0.816441
1.05685
1.04272
0.888428
0.890061
1.08254
1.03138
0.909194
1.12707
1.02494
1.31259
0.801243
1.19916
1.04074
0.802381
1.62391
0.585918
1.05601
1.17108
1.01272
1.07293
0.917352
1.11536
1.22883
1.02205
1.08295
1.11143
0.982729
0.941109
0.992655
1.07378
0.844927
1.23335
0.80256
1.24792
1.09975
1.10362
0.905863
1.36192
1.3833
1.20483
0.993368
0.826184
0.824118
0.966168
0.967587
0.95865
1.12938
0.9784
1.30301
0.692052
0.871133
1.1673
1.01652
1.19969
0.962521
0.64525
1.24277
1.22866
1.05531
1.03099
1.12616
0.912426
1.30157
0.736524
1.22676
0.90428
1.18049
0.998794
1.00279
1.38045
0.863219
1.25917
1.36826
1.04502
1.12179
1.14216
1.02906
0.912872
1.07058
0.992871
1.27188
0.913676
0.828506
1.23701
1.07063
0.961793
0.804907
0.870586
0.952875
1.50941
0.862707
0.708667
1.1192
0.98463
1.36288
1.00533
1.4419
0.706252
0.800083
0.938587
0.981478
1.14728
0.960903
0.836787
0.977963
0.950037
0.984651
1.0151
0.590956
1.13695
0.961702
1.05227
0.842976
0.999746
1.2075
0.891345
1.01907
0.96962
0.927908
1.00802
0.958631
1.03907
0.782739
0.811175
1.25459
0.913911
1.28971
1.0303
1.09244
1.07912
0.809124
1.03434
0.836562
1.00798
1.14278
1.16979
0.899985
1.01185
0.853182
1.24893
0.941383
0.965185
0.964663
0.997804
1.03013
0.757028
0.713166
0.964187
1.06204
0.976509
0.941177
1.15264
1.00017
1.00596
1.22633
1.0329
0.944201
1.01479
1.07736
1.04746
0.927951
0.943474
1.10129
1.03169
1.00406
0.921039
1.02151
0.920971
1.11759
0.915053
0.88605
1.32464
0.794124
1.02048
0.954481
1.2472
0.881441
1.02058
0.835399
0.998659
0.890945
1.05338
1.00243
0.94189
1.13587
0.891611
1.28162
0.968862
1.05247
1.29192
0.734474
1.29077
0.606413
0.90445
0.951266
0.820346
1.23143
1.3221
1.31312
1.1588
1.32955
1.0512
0.955878
1.04242
0.853783
1.06706
1.1802
0.863571
1.14722
1.40431
1.5597
1.09572
0.897156
1.27808
0.870817
0.71644
1.0065
0.985046
1.05375
1.08006
1.02635
1.02291
1.1502
0.828996
1.09223
0.84846
1.12919
0.848419
0.942417
1.0758
0.838948
0.957098
1.13873
1.01299
1.10891
0.810418
1.12924
0.974711
1.37868
0.69289
0.827515
1.0898
0.978502
1.38152
1.09178
0.890652
0.977545
0.908132
1.44852
1.21986
0.985547
0.949371
1.27329
0.834447
1.23463
1.06565
1.06094
0.989313
1.3738
0.828394
0.94042
1.26562
1.05802
1.23524
1.20024
0.689956
1.02872
0.825498
0.77145
1.07137
1.09913
1.13775
1.03502
0.840552
0.757285
1.04705
0.965327
1.22867
0.915601
0.969996
1.22375
1.17972
0.811672
1.19491
1.10989
0.928581
1.09955
1.26199
0.950417
0.902949
1.36802
0.775183
1.03525
1.15239
0.816184
0.848926
1.08116
0.950028
1.28317
1.06626
0.883316
1.04416
1.19727
1.17932
1.0116
0.820344
1.24508
0.822099
0.807525
1.51398
1.48064
1.04567
0.978757
1.18003
1.12573
1.43041
0.807806
1.0897
0.990223
1.80456
1.63521
1.82274
1.373
1.94927
1.80235
1.35852
1.86185
1.26441
1.51422
1.85497
1.84768
2.05784
1.10627
1.63022
1.4961
1.54829
1.58357
2.34364
1.72906
1.35019
1.72443
1.61077
1.32865
1.95445
1.72398
1.69663
1.86769
1.55093
1.45588
1.18977
1.83617
1.70732
1.61608
1.8705
1.53882
1.41347
1.42384
1.76423
1.49082
1.17824
1.74744
1.56677
1.60728
1.90952
1.5545
1.99226
1.71146
1.74993
1.52505
1.56587
2.1257
1.49868
1.98594
1.52829
1.63221
1.87162
1.47804
1.7937
2.1191
1.95802
1.66803
1.97085
1.32981
1.91182
1.87074
2.22011
2.04623
1.94044
1.66849
1.94464
1.33106
1.60273
1.63029
1.37038
1.60869
1.56029
2.07907
1.8059
1.85865
2.27771
1.64061
1.55209
1.59734
1.80329
1.38296
2.2544
1.13532
1.83137
1.42205
1.5354
1.65632
1.27573
1.82256
1.88372
1.3418
1.97604
1.39333
1.33553
1.41867
1.8749
1.45638
1.71227
1.56955
1.74675
1.74905
1.59024
1.72029
2.05521
2.07216
1.60106
1.48696
1.84978
1.65204
1.69308
1.2882
1.80289
1.57378
1.93114
1.43519
1.55024
1.42227
2.19372
1.49868
2.21488
1.46201
1.48583
1.79872
1.41743
1.48639
2.08613
1.52676
1.29161
1.43453
1.41615
1.71172
1.42596
2.13449
1.70975
1.87198
1.58033
1.69158
1.47927
1.49342
1.56889
1.66513
1.71811
1.47073
1.35101
2.10148
1.92376
1.84844
1.68686
2.03043
1.61115
1.67816
1.82699
1.97078
1.56916
1.92218
1.83369
1.61648
1.6417
1.77065
1.89064
2.12099
1.77043
1.20798
1.98406
1.56758
1.38999
1.92796
1.63811
1.51581
1.59103
1.36939
1.3308
1.4837
1.80384
1.47595
1.20034
2.129
2.14314
1.53672
2.08475
1.83931
1.79471
1.67124
1.49912
1.69037
1.48709
1.45472
1.49805
1.49328
1.45046
1.83456
1.62524
1.36951
1.26069
1.23813
1.46996
1.49551
1.56899
1.82117
1.6188
1.64899
2.19585
1.58092
1.54206
1.82028
1.28852
1.60794
1.28374
1.32165
1.57812
1.43348
1.32679
1.56563
2.18199
1.69956
1.38333
1.77113
1.77495
2.11667
1.54457
1.46849
2.0312
1.65752
1.77784
1.80779
1.66845
2.03314
1.78904
1.82952
1.75992
1.71585
1.84032
1.43708
2.17441
2.04423
1.47025
1.50419
1.5226
1.61019
1.616
1.62741
1.73233
1.97247
1.86014
1.84064
1.23023
1.46041
1.50911
1.37261
1.70945
1.94932
1.5803
1.95668
1.37149
1.4274
1.80375
1.41601
1.58729
1.53749
1.72052
1.62149
1.64829
1.30883
1.44671
1.48666
1.76784
1.55688
1.30866
1.42812
2.05962
1.42064
1.51065
1.62755
1.83947
1.41114
1.4395
1.3774
1.78426
1.29851
1.54329
1.49479
1.87628
2.07289
1.59814
1.60892
2.06803
1.6135
1.81377
1.65168
1.44234
1.9631
1.3251
2.04253
2.45101
1.5327
1.37956
1.34645
1.52439
1.45861
1.69851
1.65367
1.47061
1.91937
1.42418
2.33808
1.56862
1.48821
2.07779
1.67659
1.42403
1.45413
1.57734
1.53306
1.70951
2.23083
1.66713
1.43723
1.85851
2.27616
1.4443
2.01681
1.9388
1.24961
1.69153
1.84521
2.13641
1.28904
1.80522
1.75174
1.76822
1.47017
1.33
1.70228
1.72076
1.39954
1.92169
1.6755
1.84341
2.0977
2.20406
1.50378
1.45452
1.93475
1.80655
1.5373
1.32198
1.29698
1.56621
1.58766
1.74748
1.91793
1.55983
1.69157
1.41598
1.29374
1.35618
1.62239
1.96648
1.82032
2.08693
1.48005
1.91238
1.55111
1.62704
1.87225
1.57399
1.42208
1.79524
1.32359
1.51788
1.68054
1.90204
1.57904
1.47021
1.50373
1.28939
1.67289
1.77513
1.83952
1.58283
1.46089
1.71276
1.51572
1.89028
1.55
2.01588
1.5282
1.52627
1.89857
1.55701
2.52739
1.55222
1.43909
1.47261
1.40322
1.69828
1.75794
1.79489
1.63363
1.64675
1.60963
1.91361
2.17104
1.8586
1.55186
1.6463
1.59857
1.72605
1.94397
2.02106
1.93098
1.45613
1.80141
1.42707
1.66277
1.43045
1.61812
1.74436
1.70557
1.43301
1.40429
1.52413
1.43403
1.86318
1.47377
1.44494
1.4409
1.86684
1.5979
1.55216
1.6847
1.83584
1.73335
1.54059
2.40026
1.39864
1.68761
1.88522
1.9303
1.72417
1.58658
1.93759
1.78308
1.59187
1.83846
1.33359
1.57422
1.83711
1.48591
1.67933
1.64641
1.46085
1.28455
1.51717
1.20922
1.63434
1.78194
1.71042
1.87991
2.4586
1.63365
1.81412
2.63207
1.18971
1.28532
1.67638
1.54804
1.60672
2.47429
1.58055
1.16922
2.18238
1.40458
1.33573
1.6642
1.59139
1.75392
1.81871
1.48763
1.11339
1.93503
1.72226
1.37877
1.36544
1.73943
1.56821
1.71689
1.78567
1.59935
2.13624
1.69958
1.97728
1.19176
1.89883
1.53157
1.85855
1.49317
2.45096
2.18055
1.90162
1.48763
1.28857
1.4915
1.46063
1.59078
2.00572
1.61142
1.58046
1.30338
1.78427
1.50417
1.6725
1.92706
1.28502
1.4559
1.39109
1.72096
1.647
1.51288
1.42111
1.82337
1.68332
1.37762
1.75665
2.44908
1.68516
1.5411
1.52274
1.72544
1.50486
1.55643
1.25446
1.41129
1.62587
1.6884
1.68611
1.98739
1.83381
1.31977
1.71523
1.75288
2.12777
2.00832
1.74749
1.82166
1.67295
1.42582
1.59829
1.71605
1.50439
2.16688
1.6972
1.32035
1.1947
2.20827
1.73886
1.56808
1.67661
1.80599
1.61547
2.18153
1.46658
2.03751
1.91801
1.79806
1.99594
1.19492
1.67971
1.52213
1.73175
1.92546
1.59069
1.6101
1.77687
2.32939
1.18114
2.02811
1.92356
1.87857
2.11457
2.16984
2.17744
2.06808
2.30393
1.83288
1.63578
1.17965
1.56498
1.57172
2.12868
2.01136
1.49341
1.92029
1.78771
1.54316
1.91776
1.72933
1.67125
1.63541
1.3075
1.35686
1.50963
2.38111
1.93119
1.71647
1.74262
1.81677
1.45535
1.55317
2.14218
2.26499
1.54281
1.65847
1.15245
1.95609
1.72286
1.84175
2.06479
1.51581
1.83745
1.37379
1.65913
1.69599
1.58323
1.48754
1.53481
1.40157
1.64209
1.30073
1.22292
1.34581
1.63167
1.53606
1.22351
1.73897
1.38453
1.59997
1.57808
2.06581
1.6265
1.48284
2.08614
1.88287
1.8329
1.60858
1.24641
1.54977
1.56915
1.66182
1.29053
1.99172
1.57785
1.37001
1.64752
2.11368
1.43214
1.57207
1.72783
1.17312
1.83292
1.94921
1.31029
1.73511
1.71808
1.63125
1.56183
1.42964
1.42751
1.56382
1.85844
1.93842
2.34686
1.40835
1.65017
1.26282
1.33157
1.80433
1.64558
1.47725
1.54941
1.71864
1.60539
1.50021
1.78768
1.64698
2.06202
1.333
1.96422
1.65464
1.3474
2.3679
1.11844
1.53568
1.74901
1.49575
1.83356
1.58128
1.7522
1.90914
1.69999
1.58103
1.77481
1.47751
1.65686
1.50579
1.63173
1.43898
1.89775
1.45388
1.77735
1.87504
1.8798
1.44957
2.21004
2.25202
1.80985
1.65192
1.39105
1.3365
1.42652
1.68626
1.62177
1.89145
1.56612
2.05121
1.20277
1.39394
2.01957
1.68278
1.8914
1.78107
1.09738
2.09597
1.98844
1.74454
1.62485
1.6726
1.77283
1.88863
1.24811
2.07006
1.69112
2.02604
1.57153
1.48247
2.02016
1.28284
1.79935
2.09041
1.61557
1.78041
1.88352
1.60866
1.42097
1.69036
1.62112
2.10583
1.41629
1.29249
2.13016
1.69227
1.46808
1.27224
1.43186
1.57126
2.14394
1.3949
1.23784
1.83117
1.50872
2.44197
1.66855
2.26326
1.30954
1.4339
1.52343
1.58047
1.75242
1.64896
1.5515
1.47172
1.33816
1.64276
1.68648
1.00766
1.85244
1.61863
1.75106
1.41211
1.62604
2.0677
1.42142
1.59214
1.70548
1.4695
1.63945
1.51909
1.67334
1.39139
1.48499
2.0421
1.4231
2.1977
1.82405
1.8457
1.75817
1.31419
1.66375
1.62794
1.48037
1.79164
1.8907
1.47152
1.757
1.53174
2.10462
1.65176
1.6754
1.46159
1.65767
1.65391
1.19273
1.10762
1.53905
1.734
1.60211
1.53919
1.68058
1.63873
1.47468
2.03864
1.70849
1.7532
1.54537
1.73092
1.84288
1.43933
1.56112
1.68623
1.69374
1.66741
1.61307
1.58254
1.52891
1.88905
1.32342
1.57217
2.37963
1.25754
1.61903
1.55929
2.01349
1.47143
1.79979
1.69832
1.52767
1.49856
1.55515
1.66675
1.52202
1.74735
1.47039
2.03945
1.51686
1.8004
1.91677
1.27807
1.98752
1.1819
1.51733
1.68899
1.45196
1.90434
2.07122
1.88905
1.69994
2.13892
1.71748
1.3939
1.80124
1.56404
1.77648
1.70421
1.33975
1.84393
2.02922
2.36876
1.71008
1.47028
2.31062
1.4281
1.29271
1.77748
1.68328
2.01282
1.91441
1.57376
1.69568
1.70871
1.49515
1.77115
1.41007
1.78642
1.43658
1.69539
1.9062
1.45111
1.59549
1.96628
1.66869
1.72911
1.44576
1.64653
1.63147
2.35818
1.32365
1.47959
1.68445
1.48526
2.26843
1.88086
1.67818
1.45788
1.51213
2.13778
1.94721
1.7737
1.67243
1.96353
1.45602
2.0245
1.66261
1.57399
1.53836
2.02156
1.35213
1.71518
1.89402
1.78036
1.777
1.68672
1.22314
1.64801
1.40337
1.45607
1.81419
1.53292
1.89389
1.51482
1.45511
1.32537
1.56842
1.48462
2.02993
1.68845
1.55835
1.80859
2.02125
1.33425
2.00485
1.82961
1.57188
1.94867
1.94165
1.59417
1.50551
2.09307
1.41236
1.93902
1.79053
1.32421
1.50191
1.6895
1.74579
1.9452
1.63275
1.54343
1.60376
1.75565
1.7245
1.4688
1.48288
1.90382
1.34351
1.38388
2.04323
2.20392
1.65775
1.46223
1.85449
1.85192
2.34943
1.27499
1.69454
1.51325
48471500.0
54337700.0
53835800.0
77358500.0
41857300.0
50310500.0
51384800.0
40485500.0
59152800.0
51029400.0
38312700.0
50855100.0
37323600.0
48331500.0
40524800.0
43337100.0
43002900.0
65362800.0
33601400.0
30414800.0
54611200.0
54686300.0
49173700.0
41316000.0
42953300.0
62392000.0
48848100.0
45356800.0
48571200.0
66673500.0
62801600.0
62395600.0
44169200.0
56766500.0
41645600.0
43844800.0
58058100.0
39915100.0
36519300.0
49783400.0
60800300.0
50592300.0
48666400.0
58165800.0
36214200.0
60011900.0
55806600.0
45403800.0
40743600.0
42861900.0
39386400.0
56688100.0
51472100.0
50125900.0
72952400.0
45615100.0
41385900.0
48269200.0
52624500.0
35295800.0
41968600.0
64186700.0
44294100.0
49822600.0
58376000.0
41571100.0
40114900.0
44929600.0
52721700.0
52555700.0
55745400.0
64638600.0
68487900.0
47889200.0
54280500.0
42978300.0
54237200.0
51933800.0
37939500.0
50896800.0
40320400.0
48161700.0
64271900.0
59741500.0
29867300.0
47697000.0
37801400.0
45718600.0
48699200.0
46661500.0
68937400.0
47963300.0
52959000.0
41912500.0
64128600.0
59167300.0
43449400.0
56313300.0
58715900.0
68970000.0
56503900.0
83246000.0
58215700.0
69274500.0
49720600.0
49711500.0
55535400.0
68633200.0
43291600.0
44849300.0
69015900.0
73026200.0
58219200.0
41613500.0
44558200.0
69125900.0
42135000.0
61299800.0
45113700.0
53494200.0
43908200.0
51995600.0
40902400.0
56783700.0
39114200.0
51231000.0
39247500.0
47359400.0
45283900.0
60170400.0
34166600.0
46113700.0
63596400.0
67815400.0
57952600.0
64846300.0
77972100.0
36584700.0
48903200.0
47409300.0
75031600.0
54901700.0
40786700.0
47362200.0
62640900.0
49858600.0
46760900.0
49816000.0
48397500.0
37075500.0
31616000.0
54414400.0
44611900.0
42174100.0
31084600.0
48059400.0
55071900.0
43351200.0
51080900.0
51837500.0
49197700.0
39793500.0
55852600.0
59995900.0
46892100.0
37602500.0
56116100.0
50670200.0
38679000.0
56602400.0
53916600.0
38715100.0
79659400.0
51065200.0
63762400.0
58630700.0
58633300.0
55922800.0
51424300.0
54149600.0
65707500.0
33710300.0
36407000.0
39609500.0
44030600.0
51145300.0
51957300.0
53176200.0
38252000.0
46185600.0
50493600.0
53609000.0
50556700.0
47719000.0
68141200.0
50682900.0
41695700.0
62884200.0
46673900.0
65544400.0
48486500.0
59783600.0
51182100.0
49736900.0
67089100.0
61733700.0
48415000.0
44292800.0
50615300.0
59856800.0
73660700.0
46337300.0
56920800.0
53105000.0
48138400.0
64198800.0
70072900.0
44916500.0
42936300.0
46725700.0
64976400.0
54556000.0
51740100.0
45968500.0
38671700.0
56955800.0
53254400.0
61765700.0
68545700.0
47446600.0
51697100.0
54505900.0
48212700.0
51225200.0
48969100.0
39714500.0
55648300.0
55560300.0
48728900.0
47835500.0
40393000.0
45921600.0
60502000.0
57699700.0
49761900.0
55991400.0
53986600.0
38423700.0
45934900.0
37695400.0
53650600.0
63488200.0
56495000.0
45949400.0
52384200.0
41722000.0
53507300.0
56689600.0
37242100.0
53591100.0
68452500.0
45592200.0
56057100.0
45613500.0
51996800.0
51653700.0
50531600.0
59256500.0
47042000.0
43382600.0
51517900.0
45096200.0
39314400.0
65194500.0
43120800.0
67828800.0
56742500.0
52726100.0
42797300.0
40825600.0
46162600.0
57398600.0
41298800.0
68226200.0
52189800.0
55913100.0
58490000.0
33926000.0
64148700.0
43279200.0
43564800.0
56466100.0
64738600.0
62139500.0
60086600.0
45519100.0
73145000.0
42762800.0
32614000.0
54599000.0
58909900.0
54219300.0
35803100.0
66006800.0
37828500.0
44938200.0
41769800.0
55300300.0
57207800.0
39513300.0
56410900.0
65415300.0
47950700.0
55314100.0
52264100.0
56831800.0
52002500.0
78630800.0
51381500.0
33985100.0
39160100.0
56183900.0
49734500.0
35833500.0
64783400.0
51254400.0
48136500.0
54073100.0
57051300.0
48557900.0
60690500.0
71781400.0
61483500.0
57117400.0
29900500.0
57534100.0
63206100.0
56676900.0
47107600.0
50404800.0
56204600.0
53113600.0
44381800.0
57965100.0
35859800.0
52351700.0
48452000.0
46585400.0
31812500.0
72048100.0
68191400.0
80251400.0
43690200.0
41100900.0
49985700.0
46450800.0
58027400.0
54241000.0
58185400.0
49174000.0
68702700.0
53435300.0
56076600.0
34528900.0
41509900.0
43333300.0
40647400.0
43253700.0
48273500.0
50019700.0
53614500.0
54872900.0
42658300.0
52616800.0
47323700.0
57964500.0
52425900.0
66336300.0
51674300.0
59429200.0
65662900.0
51948000.0
43802200.0
53378200.0
50851500.0
67780400.0
51414700.0
52814200.0
43579600.0
54046700.0
44094600.0
58168100.0
67341800.0
51150800.0
47814100.0
33504700.0
70629800.0
47451500.0
63532200.0
44417000.0
48163500.0
63109600.0
53516900.0
66899100.0
54987700.0
72266300.0
57646400.0
41158000.0
51407400.0
40760600.0
48508000.0
53536900.0
53261100.0
34938200.0
31603300.0
60163400.0
56554400.0
45333800.0
59740000.0
41862400.0
54364300.0
48504400.0
50916800.0
47586900.0
57676500.0
59472900.0
51929800.0
65138100.0
40772600.0
51492400.0
53328800.0
56660500.0
54748400.0
68924000.0
44221500.0
64857600.0
43181100.0
40090600.0
53782900.0
46814100.0
51109000.0
50822800.0
56335500.0
52564700.0
57258800.0
44157400.0
42607100.0
53230600.0
63547300.0
49713500.0
52081700.0
63549200.0
61151300.0
49541900.0
64579000.0
52193700.0
54111900.0
58070400.0
46001600.0
66208500.0
71602300.0
49433800.0
60173400.0
46844900.0
30669900.0
52489600.0
43075400.0
32943000.0
45667400.0
63048100.0
52203300.0
51340900.0
38653200.0
30609300.0
55780400.0
62081100.0
49972000.0
38788800.0
47912600.0
57958600.0
58600900.0
64709100.0
44398200.0
52608900.0
52965500.0
44602800.0
51619800.0
60336300.0
56216400.0
33404000.0
67377400.0
47388800.0
39374600.0
56468700.0
38546100.0
46814400.0
50668500.0
71521800.0
46733800.0
58596900.0
40471600.0
46180400.0
38891700.0
36536400.0
42823100.0
51923800.0
58233400.0
42747400.0
84507400.0
70492800.0
37029300.0
51333800.0
49798100.0
62990700.0
58725400.0
60280200.0
45137800.0
42166700.0
96271700.0
62822200.0
59330700.0
51498700.0
49368800.0
47726700.0
58093500.0
51843500.0
49021400.0
48630700.0
34858000.0
29899500.0
55829600.0
53071700.0
42842500.0
45604000.0
61430000.0
69256100.0
51901200.0
73410300.0
55887100.0
53478200.0
50684100.0
44042000.0
48132400.0
63874800.0
59900400.0
38144400.0
34009400.0
44325800.0
56287700.0
49455300.0
77382700.0
52708100.0
46301000.0
45783200.0
40954300.0
41170700.0
42269400.0
49685300.0
68193300.0
44845500.0
45499600.0
53817100.0
51538000.0
55919700.0
44504900.0
30544500.0
47832200.0
40154800.0
44370400.0
46010400.0
36953900.0
57737400.0
55476700.0
53313600.0
60203400.0
48232200.0
74028100.0
57966000.0
54756000.0
48337300.0
63381900.0
61119100.0
34143100.0
51415100.0
35547000.0
41092700.0
43558200.0
27716600.0
33668100.0
34985400.0
56630100.0
49257400.0
54761500.0
54799100.0
57185000.0
46195200.0
47433700.0
61816100.0
41645900.0
61560300.0
49779800.0
43113100.0
59667600.0
43920500.0
74736400.0
60868200.0
45103300.0
36670100.0
53437800.0
39257500.0
47025200.0
59676300.0
52973200.0
43439700.0
40719800.0
35830900.0
62798200.0
52601700.0
69624600.0
54216500.0
52864700.0
46729200.0
42779200.0
53924200.0
36830100.0
63602000.0
60784100.0
49946600.0
46927700.0
45782100.0
47410500.0
46754700.0
61882700.0
70480300.0
53997500.0
69947400.0
54806900.0
55117000.0
60714800.0
54648800.0
48665400.0
41655000.0
42903900.0
37469900.0
50264600.0
61338500.0
42843300.0
29798900.0
43160700.0
65828800.0
58884000.0
57329800.0
57338500.0
47879500.0
61967000.0
40375100.0
84591200.0
60494500.0
54298700.0
37171800.0
42737900.0
38945500.0
43002900.0
61330300.0
51929900.0
56390200.0
52548000.0
62459600.0
56318100.0
48576600.0
46253800.0
55810800.0
50445400.0
42249800.0
44448100.0
51101800.0
24248000.0
45404200.0
61009200.0
80468300.0
57903100.0
44424400.0
57732400.0
53261600.0
45879200.0
36439000.0
53166700.0
60405100.0
50772900.0
41925000.0
38364800.0
65627500.0
43258400.0
54568700.0
51686100.0
44983000.0
54075600.0
53162000.0
58362800.0
56421400.0
34994800.0
45567900.0
45298100.0
46210300.0
52177600.0
62909200.0
61837200.0
48192500.0
46912800.0
65380100.0
54652300.0
69933600.0
51893100.0
58165600.0
33279800.0
51760900.0
43265700.0
48464300.0
39743600.0
42799100.0
43725800.0
46681900.0
66386200.0
54500200.0
50909000.0
40882400.0
44625100.0
41324200.0
63291800.0
50300100.0
42656100.0
52081300.0
42689700.0
52151100.0
52199200.0
58094500.0
59461700.0
31947300.0
43220400.0
34423800.0
60362900.0
46220600.0
43536200.0
54917400.0
78270800.0
41356700.0
51012700.0
41985400.0
68098400.0
50949300.0
45857800.0
48550100.0
31659700.0
48782600.0
46959900.0
45901000.0
32941800.0
48375100.0
54707900.0
46877700.0
79355800.0
40059900.0
59835700.0
42325600.0
36762900.0
45018300.0
37079400.0
56965500.0
56694800.0
54001500.0
41742700.0
52975400.0
74659600.0
50462200.0
59450400.0
39778000.0
48720000.0
28973000.0
50525500.0
54019900.0
55955100.0
51762300.0
33303000.0
60348000.0
41662100.0
62679500.0
51574400.0
53138300.0
45603300.0
68649900.0
55180600.0
40116400.0
36641100.0
58425800.0
56164900.0
47987600.0
45537900.0
83940900.0
37695400.0
59312400.0
49383600.0
68559700.0
61847200.0
59888100.0
55114400.0
37907300.0
50431700.0
45356500.0
45414500.0
44371000.0
50775900.0
48189500.0
51169600.0
40402500.0
55923800.0
67258100.0
42881400.0
40372800.0
46650400.0
62783300.0
33025200.0
47947100.0
50730300.0
59853800.0
39230100.0
56439100.0
71745700.0
60814300.0
50466800.0
64037100.0
44334100.0
65694500.0
44875300.0
52266900.0
56363500.0
47529600.0
68325100.0
52223800.0
57175800.0
51320600.0
41958300.0
68079800.0
51986200.0
53773700.0
48569400.0
44309400.0
35154500.0
47170500.0
36299300.0
57203500.0
60363600.0
58227400.0
35940400.0
68163800.0
64238700.0
42178800.0
37636900.0
57842500.0
38607500.0
41739300.0
64064600.0
66859500.0
63908900.0
44556200.0
39472600.0
56003000.0
66508800.0
45640200.0
50611400.0
53583800.0
50680700.0
56150600.0
42197500.0
59819500.0
47998900.0
60108600.0
64431400.0
48018000.0
42522700.0
36640800.0
43521800.0
37350300.0
40914600.0
72509300.0
49209400.0
54935800.0
70598000.0
40590100.0
44621300.0
46636100.0
34796300.0
36217300.0
46941400.0
64553100.0
43579600.0
52643700.0
67317100.0
42378900.0
59200000.0
44152500.0
31127600.0
59758700.0
34047000.0
45016600.0
32695400.0
60699100.0
44234700.0
57169200.0
51871400.0
44054700.0
43579100.0
55594700.0
46324700.0
35317800.0
56491200.0
61340700.0
51169700.0
62281900.0
46857800.0
38362700.0
56701000.0
47107600.0
54556200.0
60092600.0
47934500.0
43126100.0
42710300.0
61276600.0
52586100.0
36827300.0
43097700.0
52498800.0
64541000.0
48315900.0
52835700.0
47061900.0
64973700.0
44859900.0
47849000.0
38529400.0
75092700.0
44800000.0
45531100.0
45068100.0
48268600.0
43171900.0
59604600.0
47384200.0
50809100.0
57822300.0
44473500.0
60489700.0
52657600.0
64154200.0
51916200.0
56266600.0
45948500.0
50417400.0
44330800.0
60422700.0
57936000.0
53336700.0
43854700.0
47288700.0
40710600.0
49366800.0
47252100.0
51653100.0
58383700.0
48324200.0
64581600.0
59103200.0
49321600.0
42458700.0
50294000.0
55356400.0
51281100.0
56938400.0
55831300.0
48191400.0
41474600.0
47209600.0
60901900.0
62347800.0
45103300.0
41836400.0
38791800.0
42035500.0
55723800.0
44612100.0
33708300.0
37416100.0
66198900.0
54295700.0
52225800.0
45084900.0
32863800.0
63521400.0
50148300.0
54928000.0
