1.09295
0.923884
0.89187
1.09914
1.12867
0.90816
0.954548
0.671208
0.763702
1.1927
0.860222
0.966344
1.01466
0.928408
0.945882
0.782872
1.07611
0.873736
0.932303
1.11842
0.714001
1.22034
0.794116
0.996122
0.910655
0.866479
0.96094
0.984932
1.04949
1.51616
0.964525
1.00601
0.803858
1.05502
0.875773
0.851304
1.19357
0.963307
1.14206
1.15578
0.905421
0.73813
1.07308
0.862751
0.867066
0.953042
1.01915
1.14693
0.744271
0.954323
0.926807
1.08715
1.18333
1.07033
1.37028
1.02963
0.822456
1.16738
1.15813
1.21538
1.22603
0.933178
1.20031
1.1715
0.953953
0.841222
0.950256
1.1794
1.13825
1.0362
1.00787
1.0567
1.03488
1.12332
0.974422
0.952116
0.785027
0.879343
1.32315
1.02275
1.31223
1.03525
0.793569
1.2239
0.719029
1.01617
0.945744
1.06907
1.15179
1.21264
0.890829
0.990699
1.38633
0.848205
1.01731
0.912931
1.27531
1.02021
0.909927
0.910007
1.13263
0.837771
1.33429
1.25671
1.01981
1.086
0.988023
1.10016
1.18942
0.95705
0.73159
0.97169
1.24577
1.09779
1.05499
0.990182
1.08567
1.09701
0.998822
0.773111
1.04274
0.759504
0.931256
1.10302
1.13893
0.974155
1.1595
0.938925
0.822217
1.25804
1.2469
0.95385
1.03973
0.973854
1.18825
1.16241
1.08724
0.824719
0.924705
0.790749
0.973805
1.14265
1.11143
0.925488
1.02289
1.08988
0.894224
1.0322
1.20867
1.07864
1.01706
1.14043
0.954543
1.04669
0.990816
0.977335
1.12855
0.950159
1.02219
0.921599
0.989331
1.09926
1.20492
1.13964
1.02895
0.907629
0.896477
1.11857
1.46766
1.5275
0.646923
0.9302
0.86139
1.2313
1.30619
0.960104
1.02972
1.13348
1.40074
0.92862
1.27138
0.944949
1.40926
1.14036
1.0579
1.04684
1.35436
0.883566
1.17093
1.20782
0.902001
0.925092
1.21763
1.23523
0.848703
1.08456
1.24322
0.795322
1.00762
1.04293
1.76518
0.952496
1.02372
0.883276
0.908786
1.0182
1.38099
1.09061
0.903477
1.00301
1.14911
1.05314
0.99278
0.886326
1.0679
1.03425
1.09172
0.99434
0.949233
0.804017
1.06883
1.14411
1.05851
1.02869
1.37544
0.892265
1.05973
0.926052
0.856123
0.731648
1.26227
0.853678
0.791941
0.981261
0.800256
0.827392
1.22423
0.815508
0.929127
1.30802
1.05661
1.32954
0.927907
1.06633
0.941603
1.13378
1.18094
0.734131
0.879878
1.23059
1.76002
1.22865
0.953934
1.021
1.10194
1.12927
0.843657
0.925908
0.890147
1.06588
1.2901
0.855939
1.00957
1.40468
0.84767
0.903004
0.825805
1.1914
1.06054
1.42964
0.639104
1.04442
0.83899
1.15531
1.72019
1.04241
0.806223
0.856012
0.922959
0.855807
0.830202
1.0398
1.10081
0.948449
1.02005
0.855088
1.06947
0.959886
1.09883
1.06154
1.12217
1.07649
1.05091
1.24517
1.11145
0.957271
0.841517
1.20181
0.784838
1.24165
1.11594
1.68691
1.28826
0.889211
0.976579
1.83251
0.905921
0.904113
0.799132
1.02473
1.28233
0.875294
1.11679
0.816946
1.25468
1.00752
1.09537
0.879811
0.97167
0.991159
0.895929
0.765406
1.25684
0.882767
0.993718
0.991415
0.981021
0.92832
0.957918
0.849319
0.772457
0.856752
0.70077
0.840665
1.19615
1.08866
0.86049
0.992009
1.26686
0.906724
1.00931
0.83757
1.32073
1.20158
0.951087
0.971072
0.847225
0.877128
1.12875
1.26893
1.16467
0.813636
1.12062
0.780863
0.926139
0.939906
1.0522
1.02684
0.868894
0.83185
0.931345
0.921215
1.00233
1.5347
0.856751
1.05848
0.940487
1.11771
0.905221
1.12231
0.866081
0.901886
0.820305
0.837724
0.946692
1.34694
0.991201
1.01193
1.29111
0.849619
0.802725
1.06103
0.99313
1.02599
1.22448
1.27531
1.06985
1.05443
0.893955
0.886351
1.00182
0.770172
0.986345
0.91714
0.847388
0.868657
0.68577
0.829501
1.00277
0.783668
1.01048
0.93834
1.36386
0.745543
1.20882
0.873763
1.21233
0.781752
1.01815
1.12143
1.54583
1.08912
0.891902
0.876535
0.888927
0.817995
0.772706
1.0885
0.807749
0.857508
0.86306
1.18851
1.06056
1.21211
1.08143
1.08817
0.829306
0.973657
0.672252
0.859151
1.14285
1.39401
0.919992
1.03749
1.00835
0.86144
1.22258
0.998498
1.13663
0.962337
0.930214
1.17774
1.08379
1.02547
0.921234
1.00524
0.87576
1.0565
1.40144
1.10735
1.01021
1.26781
1.2223
1.21669
0.989602
1.00688
1.05268
1.08057
0.947871
1.11877
0.936551
0.976675
0.882193
0.893342
1.11724
1.32795
0.954771
1.09508
1.17458
1.29623
1.02068
1.09987
1.19397
0.796518
0.779138
0.920917
1.08575
1.07104
1.27696
0.941323
0.896137
1.18092
1.00693
0.744746
1.14742
1.01121
1.13427
1.13284
0.896153
1.1168
1.30121
1.00868
0.952558
1.13014
0.814583
1.01949
0.882782
1.35103
0.947271
0.943288
0.668244
1.13003
1.33858
0.741788
1.12098
0.906212
0.977876
0.899697
1.22242
1.00004
1.05721
0.917152
1.36128
1.14822
1.1145
1.14137
0.843527
0.93096
0.905564
1.01772
1.0057
1.10499
1.0918
1.23439
1.03088
0.87083
0.802578
1.31315
0.817975
0.872663
1.36826
1.05879
1.08927
0.81487
0.934479
1.46839
1.11478
1.00435
0.902008
1.06251
1.15214
1.01375
0.747675
1.03073
0.977263
1.20301
1.14313
0.906848
1.20507
1.08806
0.917095
0.820797
1.13948
1.23059
1.16112
1.14466
0.922719
0.928227
1.04579
0.786314
1.0396
0.993619
1.15421
0.716913
1.02191
0.843761
1.21999
1.22405
1.17913
0.831156
1.2669
0.842272
1.062
1.00259
0.983327
0.889432
1.02383
1.232
0.854722
0.87194
0.775474
1.21863
1.04829
0.871788
1.04549
1.22301
1.11463
1.31171
0.955346
0.874552
1.08067
1.15005
0.972034
1.14016
0.974696
1.1997
1.23572
0.742085
1.11029
1.14948
1.0282
1.12609
0.867647
1.13809
0.832373
1.14598
1.37085
1.05521
0.902858
1.21864
1.15916
0.795245
0.921879
1.16333
1.40661
1.66163
1.4366
0.889775
0.865866
1.12776
1.15851
1.06083
0.782129
0.629876
0.9435
1.27675
1.23745
1.07834
1.10615
1.13325
0.725331
0.907436
0.981501
0.888416
0.921544
0.839758
1.05813
1.16942
1.19123
1.08789
0.979649
0.736892
0.799605
0.900307
1.01876
0.937254
1.15114
1.02632
0.88753
1.00506
1.04789
0.824176
0.907803
0.911236
0.936424
0.780755
1.08199
1.18713
1.1035
1.19203
0.877634
1.38403
1.16693
1.22598
0.787092
0.952485
0.975099
0.930028
0.990872
0.959522
0.979203
1.00948
1.26693
0.848841
0.848759
0.939693
1.53202
1.10944
1.03238
0.85537
0.906494
1.27196
0.855467
1.0384
1.18741
1.11644
1.08418
0.841016
1.01313
0.716034
1.19896
1.2699
0.756104
0.881601
1.05205
0.993605
1.22614
1.08203
1.02488
0.779054
1.0505
1.20398
0.93171
1.20096
1.2935
0.938163
1.33324
1.13925
1.30247
0.905494
0.872401
0.801527
0.988658
0.951283
1.03146
0.809087
1.37087
1.07371
0.962809
0.770598
0.822631
0.863718
0.946706
0.848044
0.832708
0.990978
0.961373
1.1101
0.885239
0.765594
1.18022
0.939158
0.897703
1.32911
1.09901
0.990834
1.26245
0.743206
0.98118
0.921277
1.1196
1.23133
0.883584
1.16401
0.789644
0.931897
1.13584
1.06904
1.03631
0.80824
0.665455
1.06972
1.00892
0.825581
0.993363
1.00349
1.13567
1.26148
1.28981
0.992758
1.00174
0.928055
1.1293
0.988963
0.953318
1.14713
1.11264
1.19353
1.12915
0.818773
0.997659
0.930125
0.958721
1.00496
0.791422
1.13143
1.337
1.00458
0.71621
0.798325
1.17398
0.906441
0.865646
1.00569
0.926599
1.08513
0.888414
0.883106
0.994116
0.878714
0.828237
0.983167
1.16889
1.18001
1.30405
1.02225
0.856817
0.950032
1.57979
0.944513
1.09017
0.866163
1.17696
0.678821
1.03495
0.803489
0.927477
0.913633
1.27129
0.913796
0.775389
1.10725
1.09766
1.03309
1.23232
0.987378
0.918099
1.58448
1.03004
0.969291
1.06936
0.746649
1.30773
0.783981
0.906746
0.730694
0.978589
0.875702
0.83591
1.08721
0.901391
1.02414
1.35334
0.878424
1.37128
1.08251
1.18859
0.918238
1.28252
0.959355
0.822407
0.903404
1.12157
0.754218
0.976792
1.11061
1.28799
0.882553
1.08623
0.946364
1.37616
1.03129
0.826627
0.988557
1.10011
1.01883
1.21325
0.737418
1.13315
0.862769
0.886407
1.28001
1.09283
0.737113
0.963468
1.06705
1.03577
1.46442
1.07841
1.18361
1.01859
1.331
0.813525
1.33564
1.34315
1.2821
0.945316
1.18897
0.700705
0.781931
1.0321
1.00736
1.20524
1.08619
1.06949
0.9282
1.4339
0.861912
1.04396
1.15955
1.23135
0.952794
1.1283
1.17686
0.809608
0.915731
1.44457
0.976067
0.94828
1.1676
1.31496
0.564511
1.16512
1.00857
0.892278
0.900699
1.03584
0.942083
1.33458
0.873742
1.10319
0.862453
0.971942
1.45264
0.955959
0.772044
0.936283
0.972305
0.821717
1.05797
0.871137
0.894916
1.08786
0.913565
1.24226
0.902109
1.02911
0.896404
1.02613
0.901508
0.968808
0.916718
1.16018
1.18559
1.10214
1.28428
1.10119
0.919007
1.00134
0.8538
0.90825
1.0357
0.969895
0.983263
0.834797
1.21785
0.961992
0.723885
0.773244
1.154
1.00784
0.798631
0.661689
0.893834
1.03123
1.38712
0.944769
0.983723
0.995664
1.10376
1.12906
1.04351
1.03786
1.01191
0.944505
0.800722
1.11162
1.07498
0.969532
0.907253
1.02693
1.00513
0.820217
0.825023
1.19412
0.880279
1.06838
0.942878
1.29106
1.10204
1.06605
0.826424
0.965682
1.33087
0.864123
1.14547
1.00183
0.920835
0.870616
1.43112
1.04032
1.26252
0.868774
0.913791
0.920745
1.12512
0.756195
1.25386
1.36729
0.982376
1.09295
0.923884
0.89187
1.09914
1.12867
0.90816
0.954548
0.671208
0.763702
1.1927
0.860222
0.966344
1.01466
0.928408
0.945882
0.782872
1.07611
0.873736
0.932303
1.11842
0.714001
1.22034
0.794116
0.996122
0.910655
0.866479
0.96094
0.984932
1.04949
1.51616
0.964525
1.00601
0.803858
1.05502
0.875773
0.851304
1.19357
0.963307
1.14206
1.15578
0.905421
0.73813
1.07308
0.862751
0.867066
0.953042
1.01915
1.14693
0.744271
0.954323
0.926807
1.08715
1.18333
1.07033
1.37028
1.02963
0.822456
1.16738
1.15813
1.21538
1.22603
0.933178
1.20031
1.1715
0.953953
0.841222
0.950256
1.1794
1.13825
1.0362
1.00787
1.0567
1.03488
1.12332
0.974422
0.952116
0.785027
0.879343
1.32315
1.02275
1.31223
1.03525
0.793569
1.2239
0.719029
1.01617
0.945744
1.06907
1.15179
1.21264
0.890829
0.990699
1.38633
0.848205
1.01731
0.912931
1.27531
1.02021
0.909927
0.910007
1.13263
0.837771
1.33429
1.25671
1.01981
1.086
0.988023
1.10016
1.18942
0.95705
0.73159
0.97169
1.24577
1.09779
1.05499
0.990182
1.08567
1.09701
0.998822
0.773111
1.04274
0.759504
0.931256
1.10302
1.13893
0.974155
1.1595
0.938925
0.822217
1.25804
1.2469
0.95385
1.03973
0.973854
1.18825
1.16241
1.08724
0.824719
0.924705
0.790749
0.973805
1.14265
1.11143
0.925488
1.02289
1.08988
0.894224
1.0322
1.20867
1.07864
1.01706
1.14043
0.954543
1.04669
0.990816
0.977335
1.12855
0.950159
1.02219
0.921599
0.989331
1.09926
1.20492
1.13964
1.02895
0.907629
0.896477
1.11857
1.46766
1.5275
0.646923
0.9302
0.86139
1.2313
1.30619
0.960104
1.02972
1.13348
1.40074
0.92862
1.27138
0.944949
1.40926
1.14036
1.0579
1.04684
1.35436
0.883566
1.17093
1.20782
0.902001
0.925092
1.21763
1.23523
0.848703
1.08456
1.24322
0.795322
1.00762
1.04293
1.76518
0.952496
1.02372
0.883276
0.908786
1.0182
1.38099
1.09061
0.903477
1.00301
1.14911
1.05314
0.99278
0.886326
1.0679
1.03425
1.09172
0.99434
0.949233
0.804017
1.06883
1.14411
1.05851
1.02869
1.37544
0.892265
1.05973
0.926052
0.856123
0.731648
1.26227
0.853678
0.791941
0.981261
0.800256
0.827392
1.22423
0.815508
0.929127
1.30802
1.05661
1.32954
0.927907
1.06633
0.941603
1.13378
1.18094
0.734131
0.879878
1.23059
1.76002
1.22865
0.953934
1.021
1.10194
1.12927
0.843657
0.925908
0.890147
1.06588
1.2901
0.855939
1.00957
1.40468
0.84767
0.903004
0.825805
1.1914
1.06054
1.42964
0.639104
1.04442
0.83899
1.15531
1.72019
1.04241
0.806223
0.856012
0.922959
0.855807
0.830202
1.0398
1.10081
0.948449
1.02005
0.855088
1.06947
0.959886
1.09883
1.06154
1.12217
1.07649
1.05091
1.24517
1.11145
0.957271
0.841517
1.20181
0.784838
1.24165
1.11594
1.68691
1.28826
0.889211
0.976579
1.83251
0.905921
0.904113
0.799132
1.02473
1.28233
0.875294
1.11679
0.816946
1.25468
1.00752
1.09537
0.879811
0.97167
0.991159
0.895929
0.765406
1.25684
0.882767
0.993718
0.991415
0.981021
0.92832
0.957918
0.849319
0.772457
0.856752
0.70077
0.840665
1.19615
1.08866
0.86049
0.992009
1.26686
0.906724
1.00931
0.83757
1.32073
1.20158
0.951087
0.971072
0.847225
0.877128
1.12875
1.26893
1.16467
0.813636
1.12062
0.780863
0.926139
0.939906
1.0522
1.02684
0.868894
0.83185
0.931345
0.921215
1.00233
1.5347
0.856751
1.05848
0.940487
1.11771
0.905221
1.12231
0.866081
0.901886
0.820305
0.837724
0.946692
1.34694
0.991201
1.01193
1.29111
0.849619
0.802725
1.06103
0.99313
1.02599
1.22448
1.27531
1.06985
1.05443
0.893955
0.886351
1.00182
0.770172
0.986345
0.91714
0.847388
0.868657
0.68577
0.829501
1.00277
0.783668
1.01048
0.93834
1.36386
0.745543
1.20882
0.873763
1.21233
0.781752
1.01815
1.12143
1.54583
1.08912
0.891902
0.876535
0.888927
0.817995
0.772706
1.0885
0.807749
0.857508
0.86306
1.18851
1.06056
1.21211
1.08143
1.08817
0.829306
0.973657
0.672252
0.859151
1.14285
1.39401
0.919992
1.03749
1.00835
0.86144
1.22258
0.998498
1.13663
0.962337
0.930214
1.17774
1.08379
1.02547
0.921234
1.00524
0.87576
1.0565
1.40144
1.10735
1.01021
1.26781
1.2223
1.21669
0.989602
1.00688
1.05268
1.08057
0.947871
1.11877
0.936551
0.976675
0.882193
0.893342
1.11724
1.32795
0.954771
1.09508
1.17458
1.29623
1.02068
1.09987
1.19397
0.796518
0.779138
0.920917
1.08575
1.07104
1.27696
0.941323
0.896137
1.18092
1.00693
0.744746
1.14742
1.01121
1.13427
1.13284
0.896153
1.1168
1.30121
1.00868
0.952558
1.13014
0.814583
1.01949
0.882782
1.35103
0.947271
0.943288
0.668244
1.13003
1.33858
0.741788
1.12098
0.906212
0.977876
0.899697
1.22242
1.00004
1.05721
0.917152
1.36128
1.14822
1.1145
1.14137
0.843527
0.93096
0.905564
1.01772
1.0057
1.10499
1.0918
1.23439
1.03088
0.87083
0.802578
1.31315
0.817975
0.872663
1.36826
1.05879
1.08927
0.81487
0.934479
1.46839
1.11478
1.00435
0.902008
1.06251
1.15214
1.01375
0.747675
1.03073
0.977263
1.20301
1.14313
0.906848
1.20507
1.08806
0.917095
0.820797
1.13948
1.23059
1.16112
1.14466
0.922719
0.928227
1.04579
0.786314
1.0396
0.993619
1.15421
0.716913
1.02191
0.843761
1.21999
1.22405
1.17913
0.831156
1.2669
0.842272
1.062
1.00259
0.983327
0.889432
1.02383
1.232
0.854722
0.87194
0.775474
1.21863
1.04829
0.871788
1.04549
1.22301
1.11463
1.31171
0.955346
0.874552
1.08067
1.15005
0.972034
1.14016
0.974696
1.1997
1.23572
0.742085
1.11029
1.14948
1.0282
1.12609
0.867647
1.13809
0.832373
1.14598
1.37085
1.05521
0.902858
1.21864
1.15916
0.795245
0.921879
1.16333
1.40661
1.66163
1.4366
0.889775
0.865866
1.12776
1.15851
1.06083
0.782129
0.629876
0.9435
1.27675
1.23745
1.07834
1.10615
1.13325
0.725331
0.907436
0.981501
0.888416
0.921544
0.839758
1.05813
1.16942
1.19123
1.08789
0.979649
0.736892
0.799605
0.900307
1.01876
0.937254
1.15114
1.02632
0.88753
1.00506
1.04789
0.824176
0.907803
0.911236
0.936424
0.780755
1.08199
1.18713
1.1035
1.19203
0.877634
1.38403
1.16693
1.22598
0.787092
0.952485
0.975099
0.930028
0.990872
0.959522
0.979203
1.00948
1.26693
0.848841
0.848759
0.939693
1.53202
1.10944
1.03238
0.85537
0.906494
1.27196
0.855467
1.0384
1.18741
1.11644
1.08418
0.841016
1.01313
0.716034
1.19896
1.2699
0.756104
0.881601
1.05205
0.993605
1.22614
1.08203
1.02488
0.779054
1.0505
1.20398
0.93171
1.20096
1.2935
0.938163
1.33324
1.13925
1.30247
0.905494
0.872401
0.801527
0.988658
0.951283
1.03146
0.809087
1.37087
1.07371
0.962809
0.770598
0.822631
0.863718
0.946706
0.848044
0.832708
0.990978
0.961373
1.1101
0.885239
0.765594
1.18022
0.939158
0.897703
1.32911
1.09901
0.990834
1.26245
0.743206
0.98118
0.921277
1.1196
1.23133
0.883584
1.16401
0.789644
0.931897
1.13584
1.06904
1.03631
0.80824
0.665455
1.06972
1.00892
0.825581
0.993363
1.00349
1.13567
1.26148
1.28981
0.992758
1.00174
0.928055
1.1293
0.988963
0.953318
1.14713
1.11264
1.19353
1.12915
0.818773
0.997659
0.930125
0.958721
1.00496
0.791422
1.13143
1.337
1.00458
0.71621
0.798325
1.17398
0.906441
0.865646
1.00569
0.926599
1.08513
0.888414
0.883106
0.994116
0.878714
0.828237
0.983167
1.16889
1.18001
1.30405
1.02225
0.856817
0.950032
1.57979
0.944513
1.09017
0.866163
1.17696
0.678821
1.03495
0.803489
0.927477
0.913633
1.27129
0.913796
0.775389
1.10725
1.09766
1.03309
1.23232
0.987378
0.918099
1.58448
1.03004
0.969291
1.06936
0.746649
1.30773
0.783981
0.906746
0.730694
0.978589
0.875702
0.83591
1.08721
0.901391
1.02414
1.35334
0.878424
1.37128
1.08251
1.18859
0.918238
1.28252
0.959355
0.822407
0.903404
1.12157
0.754218
0.976792
1.11061
1.28799
0.882553
1.08623
0.946364
1.37616
1.03129
0.826627
0.988557
1.10011
1.01883
1.21325
0.737418
1.13315
0.862769
0.886407
1.28001
1.09283
0.737113
0.963468
1.06705
1.03577
1.46442
1.07841
1.18361
1.01859
1.331
0.813525
1.33564
1.34315
1.2821
0.945316
1.18897
0.700705
0.781931
1.0321
1.00736
1.20524
1.08619
1.06949
0.9282
1.4339
0.861912
1.04396
1.15955
1.23135
0.952794
1.1283
1.17686
0.809608
0.915731
1.44457
0.976067
0.94828
1.1676
1.31496
0.564511
1.16512
1.00857
0.892278
0.900699
1.03584
0.942083
1.33458
0.873742
1.10319
0.862453
0.971942
1.45264
0.955959
0.772044
0.936283
0.972305
0.821717
1.05797
0.871137
0.894916
1.08786
0.913565
1.24226
0.902109
1.02911
0.896404
1.02613
0.901508
0.968808
0.916718
1.16018
1.18559
1.10214
1.28428
1.10119
0.919007
1.00134
0.8538
0.90825
1.0357
0.969895
0.983263
0.834797
1.21785
0.961992
0.723885
0.773244
1.154
1.00784
0.798631
0.661689
0.893834
1.03123
1.38712
0.944769
0.983723
0.995664
1.10376
1.12906
1.04351
1.03786
1.01191
0.944505
0.800722
1.11162
1.07498
0.969532
0.907253
1.02693
1.00513
0.820217
0.825023
1.19412
0.880279
1.06838
0.942878
1.29106
1.10204
1.06605
0.826424
0.965682
1.33087
0.864123
1.14547
1.00183
0.920835
0.870616
1.43112
1.04032
1.26252
0.868774
0.913791
0.920745
1.12512
0.756195
1.25386
1.36729
0.982376
1.90815
1.51808
1.56663
1.73397
1.90698
1.60405
1.71942
1.2367
1.18767
1.89297
1.4971
1.66342
1.63554
1.57441
1.41947
1.3094
2.00866
1.73756
1.55744
1.47958
1.25537
1.79729
1.25515
1.67283
1.55181
1.4178
1.45842
1.3903
1.79419
2.34677
1.681
1.70459
1.33663
1.71887
1.43251
1.36626
1.91572
1.45234
1.74249
1.84879
1.65092
1.43167
1.74058
1.46698
1.42025
1.37504
1.74513
1.80249
1.23583
1.76232
1.39912
1.97237
1.74386
1.61709
2.13269
1.62675
1.49134
1.95138
1.78608
1.75126
1.83995
1.63256
2.06526
2.11288
1.50612
1.35227
1.53563
1.72257
1.8437
1.56705
1.54943
1.71021
1.68204
1.7849
1.63583
1.48283
1.43842
1.4508
1.94575
1.65696
2.17921
1.72146
1.2656
2.02939
1.26494
1.56715
1.5568
1.70741
1.67625
2.16462
1.35495
1.65354
2.23447
1.323
1.74211
1.63784
1.75621
1.63738
1.43262
1.5901
1.755
1.44793
1.98036
1.79394
1.54796
1.776
1.78216
1.87128
1.90675
1.56957
1.18914
1.57735
1.90496
1.9579
1.7365
1.63683
1.79282
1.84703
1.57098
1.46941
1.46366
1.26953
1.44242
1.76295
1.8554
1.72777
1.69761
1.5605
1.38115
1.99239
2.01813
1.7399
1.57336
1.69358
1.8769
1.70154
1.7396
1.37716
1.31823
1.36657
1.57792
1.69107
1.64387
1.55989
1.67837
1.75423
1.45304
1.69538
1.92723
1.61873
1.89129
1.78924
1.55087
1.60028
1.61147
1.54906
1.92291
1.68931
1.57217
1.52873
1.59002
1.89184
1.84873
1.94366
1.54016
1.54084
1.61498
1.73581
2.21371
2.45295
1.15361
1.60579
1.48832
1.9225
1.95209
1.69321
1.67269
1.80112
2.13108
1.52627
1.86434
1.70037
2.26713
1.78679
1.61056
1.55594
2.12762
1.4356
2.00714
1.89416
1.49651
1.45969
1.87101
1.91517
1.32228
1.83614
2.03738
1.24726
1.56412
1.77157
2.57475
1.70155
1.40047
1.45954
1.399
1.70987
1.9424
1.84825
1.56022
1.42135
1.78422
1.64934
1.61199
1.30151
1.79601
1.60799
1.61969
1.59113
1.50666
1.3435
1.84413
1.73877
1.71001
1.56818
1.95722
1.58921
1.92388
1.38022
1.43178
1.25906
1.94278
1.6216
1.29297
1.59299
1.37134
1.49468
2.01685
1.34664
1.60772
2.05843
1.63583
1.90464
1.5735
1.65408
1.63414
1.89654
2.0446
1.36894
1.50894
1.97613
2.71516
1.99913
1.5369
1.62314
1.78599
1.69875
1.43591
1.55959
1.39877
1.52914
2.02033
1.58875
1.64129
2.10438
1.42305
1.50842
1.41558
2.01182
1.81647
2.41673
1.22017
1.61631
1.33599
1.77494
2.73681
1.68425
1.32632
1.25928
1.50131
1.60719
1.37884
1.64274
1.8089
1.6007
1.60065
1.49154
1.69688
1.63347
1.62535
1.78155
1.64933
1.76043
1.62448
1.98853
1.66322
1.69775
1.41293
1.94933
1.33578
1.92961
1.97934
2.57607
2.13685
1.55454
1.76226
2.72641
1.46937
1.51837
1.49063
1.61824
2.25908
1.22497
1.73313
1.41429
2.054
1.69339
1.724
1.44
1.62936
1.56213
1.63286
1.26116
1.89828
1.43915
1.72621
1.76497
1.46045
1.59542
1.59005
1.54394
1.22125
1.57358
1.52099
1.4696
1.94918
2.12902
1.44212
1.53079
2.4266
1.58131
1.64865
1.38639
1.7954
1.93922
1.68614
1.7438
1.46643
1.46108
1.71643
2.1093
1.85912
1.48586
1.68227
1.41031
1.6917
1.59535
1.73244
1.58059
1.50898
1.42605
1.57775
1.42376
1.70749
2.48736
1.50627
1.66449
1.43028
1.81208
1.48083
1.65095
1.58792
1.59608
1.24828
1.5005
1.69185
2.22519
1.47229
1.74822
2.01029
1.41261
1.56391
1.72227
1.68807
1.82816
1.91707
2.03757
1.78206
1.58152
1.42743
1.38992
1.71787
1.35419
1.49824
1.59401
1.37847
1.44794
1.17166
1.36043
1.66667
1.37696
1.60427
1.59793
2.43936
1.26896
2.04598
1.48873
1.98376
1.33527
1.68068
1.82303
2.44122
1.94545
1.656
1.43776
1.48274
1.30348
1.20637
1.70289
1.30362
1.44326
1.31778
1.71653
1.84754
1.97916
1.69316
1.73776
1.39468
1.54688
1.15198
1.4353
1.99047
2.14054
1.43146
1.72726
1.69107
1.35213
1.94322
1.5553
1.72773
1.65025
1.54788
1.78393
1.75139
1.76931
1.46423
1.64626
1.51993
2.01291
2.0642
1.58983
1.47314
2.08661
1.87596
1.86838
1.69576
1.7257
1.96769
1.77096
1.39447
1.78561
1.60637
1.70346
1.56323
1.50768
1.84235
2.25463
1.72186
1.67763
1.8999
2.17301
1.55949
1.76611
1.88376
1.35408
1.45889
1.54746
1.70586
1.63467
1.98889
1.55686
1.42944
2.14456
1.70641
1.21246
2.02375
1.81232
1.58062
1.92287
1.6233
1.9461
2.15963
1.58847
1.51331
1.71611
1.34869
1.63004
1.43146
2.24344
1.43375
1.44222
1.29814
1.60972
1.97907
1.16252
1.69559
1.37213
1.72748
1.44515
1.87694
1.56171
1.6282
1.56721
2.13246
1.77589
1.74269
1.71501
1.3801
1.4059
1.38327
1.5748
1.70854
1.77813
1.48784
1.89183
1.71654
1.41622
1.41428
2.15573
1.5135
1.50934
2.09255
1.72825
1.74037
1.33833
1.57296
2.28722
1.79231
1.68255
1.5198
1.72145
1.97219
1.49347
1.30778
1.65597
1.90402
2.13351
1.7405
1.45753
1.73351
1.63546
1.48228
1.39247
1.66481
1.91377
1.87874
1.92171
1.68879
1.55155
1.59622
1.31358
1.63561
1.77626
1.8017
1.20415
1.74915
1.73275
2.12281
1.99292
1.72789
1.38778
2.09816
1.36404
1.7855
1.71386
1.59946
1.45052
1.65415
1.98824
1.45239
1.48195
1.27679
1.83182
1.59004
1.56418
1.89451
2.05117
1.89008
2.12499
1.48216
1.48844
1.60259
2.395
1.66153
1.65344
1.34445
2.22643
1.80224
1.45605
1.59065
1.94261
1.57153
1.83389
1.2777
1.76509
1.33112
1.86437
2.07941
1.71287
1.259
1.79936
1.7268
1.29453
1.4298
1.73784
2.05311
2.47822
2.40983
1.58294
1.68862
1.67844
1.88878
1.80329
1.45166
1.13625
1.54368
1.86429
1.89832
1.70593
1.74691
1.92123
1.26339
1.50052
1.58086
1.72999
1.6233
1.58623
1.78048
1.78828
1.68474
1.80566
1.66688
1.30019
1.50353
1.48642
1.5311
1.61733
1.8353
1.52472
1.49629
1.58748
1.87904
1.35284
1.63775
1.46023
1.48778
1.16154
1.8333
1.93053
1.54051
1.97202
1.58406
2.17253
1.72617
1.70052
1.34731
1.52746
1.62753
1.48511
1.59037
1.56062
1.53123
1.52501
1.98934
1.34271
1.32208
1.57209
2.65429
1.74493
1.83554
1.49062
1.443
2.13539
1.42681
1.50933
1.81103
1.9223
1.75236
1.36809
1.74121
1.37102
1.98349
1.93013
1.26056
1.43286
1.63594
1.56352
1.97835
1.70666
1.73898
1.38267
1.62859
1.82003
1.58699
2.14049
1.92566
1.66
2.1022
1.92534
2.00201
1.39909
1.45784
1.29132
1.69925
1.59811
1.57615
1.44689
2.28935
1.49146
1.57101
1.33264
1.32434
1.39133
1.44055
1.32003
1.50157
1.55613
1.7296
1.73826
1.68401
1.26864
1.94911
1.50015
1.38058
2.14711
1.92144
1.63497
2.24089
1.26071
1.55268
1.49325
1.87887
1.96397
1.5701
1.77096
1.26415
1.48409
1.8067
1.91644
1.72811
1.44331
1.11261
1.81619
1.71668
1.36999
1.83263
1.77107
1.81222
1.98599
2.01901
1.64865
1.79887
1.55504
1.94536
1.69408
1.40169
1.81862
1.82421
1.83084
1.71382
1.49638
1.61659
1.53021
1.46144
1.63711
1.3236
1.83101
1.8701
1.71258
1.13292
1.32086
1.98237
1.59269
1.33587
1.57023
1.55897
1.66468
1.52102
1.5414
1.61252
1.61663
1.3604
1.70632
1.89229
1.84528
1.95185
1.6222
1.46124
1.51997
2.42296
1.55893
1.7289
1.71876
1.77903
1.20449
1.81351
1.37868
1.67754
1.53844
2.05048
1.43847
1.24779
1.73937
1.78592
1.73583
1.98981
1.61785
1.5351
2.45567
1.79443
1.59083
1.74934
1.28573
2.2145
1.19141
1.44051
1.19854
1.58853
1.46728
1.47194
1.65866
1.60315
1.7067
2.31384
1.43018
2.20608
1.97989
1.74142
1.43017
1.89935
1.51004
1.33539
1.55069
1.737
1.28053
1.63001
1.89703
2.25397
1.50541
1.6682
1.84234
2.36715
1.78701
1.38999
1.65839
1.60674
1.62029
1.90251
1.27258
1.88245
1.60212
1.40752
1.99026
1.64254
1.26522
1.56046
1.69311
1.73606
2.30693
1.6528
2.17781
1.67728
2.21551
1.53435
2.00937
2.13534
1.83719
1.51019
1.71811
1.21248
1.38334
1.79558
1.61614
2.01543
1.89742
1.61744
1.46784
2.06172
1.40864
1.85195
1.81872
1.93825
1.53869
2.00917
1.94767
1.43867
1.46832
2.21971
1.60292
1.45335
1.76269
1.72004
0.943036
1.67206
1.644
1.36904
1.64042
1.73668
1.62253
2.22554
1.34628
1.66062
1.44456
1.80837
2.27072
1.62665
1.27812
1.67735
1.65623
1.39442
1.89732
1.3621
1.3964
1.62587
1.55958
1.94686
1.47985
1.69313
1.34536
1.59432
1.65382
1.53432
1.32844
1.877
1.75611
1.73978
2.23434
2.00008
1.4058
1.542
1.43848
1.52179
1.66509
1.47333
1.64304
1.49752
1.75984
1.52858
1.28711
1.26011
1.86861
1.70684
1.34576
1.28783
1.58446
1.60737
1.97456
1.6398
1.57971
1.57389
1.90371
1.86325
1.86181
1.58359
1.67071
1.52021
1.33693
1.77857
1.85469
1.69839
1.41514
1.80985
1.56638
1.41936
1.53362
1.95435
1.38334
1.70961
1.59554
1.88469
1.70999
1.84672
1.28676
1.76364
1.86438
1.40167
1.86368
1.52565
1.45994
1.34157
2.55757
1.63498
2.05495
1.50062
1.68569
1.52605
1.75036
1.23891
1.98775
2.16808
1.53006
48131200.0
62547400.0
52452700.0
60699900.0
58828800.0
63257000.0
43063300.0
59389400.0
66541600.0
62407100.0
62947400.0
48648800.0
69308500.0
57344000.0
64329800.0
47146000.0
49388100.0
53289400.0
59096200.0
77374800.0
78747900.0
45139100.0
62441900.0
59052700.0
69253300.0
66238900.0
62718400.0
67027200.0
55211100.0
42324900.0
57918100.0
43670200.0
54617100.0
61026700.0
63866400.0
49965600.0
49559700.0
78299300.0
54998400.0
56829800.0
79171000.0
53288100.0
57527100.0
57891900.0
69338400.0
50141300.0
50718300.0
58133400.0
44993600.0
64001000.0
58819300.0
60582900.0
52805300.0
62348200.0
55018300.0
59045500.0
59069400.0
50158100.0
56312500.0
50800600.0
42711700.0
70706600.0
36792200.0
59523000.0
48087600.0
74246000.0
66992700.0
51487000.0
49134100.0
39843700.0
44727600.0
53510000.0
48006600.0
53312200.0
50075400.0
50716600.0
63004300.0
72981900.0
38536800.0
73687900.0
51460000.0
59813100.0
73501700.0
59769900.0
65926200.0
46834000.0
65849600.0
53743400.0
65306000.0
48321800.0
64558900.0
56243300.0
45106600.0
71655000.0
40293400.0
47396100.0
40965100.0
58929000.0
65654500.0
51546500.0
64598400.0
53519700.0
51619000.0
53696400.0
65239400.0
45044000.0
59416700.0
57362500.0
62119100.0
54097300.0
80248100.0
60085300.0
52660500.0
49750600.0
69814600.0
66271400.0
42985400.0
42770600.0
47754600.0
60419300.0
74950400.0
61706600.0
53791300.0
61967100.0
38688700.0
51739300.0
61640900.0
51866300.0
72937000.0
49625900.0
40989400.0
52030700.0
54737100.0
50713500.0
52737500.0
59735200.0
59779800.0
79949300.0
72421000.0
67368900.0
45131300.0
80546900.0
36428300.0
63429700.0
64948400.0
63622100.0
69113300.0
77755500.0
38113900.0
68169500.0
59064600.0
64562600.0
51168700.0
65474000.0
57743800.0
67849600.0
45016800.0
38646100.0
66496900.0
56824900.0
74033000.0
56752200.0
44863600.0
68543100.0
58113900.0
44738200.0
55427000.0
69382800.0
39630100.0
48845900.0
60565000.0
47668900.0
40993200.0
50528300.0
79911300.0
63163600.0
58056200.0
67749000.0
37594100.0
68208800.0
54567800.0
45755800.0
44789000.0
65786100.0
65299800.0
67103800.0
36813700.0
85508000.0
41877200.0
68451000.0
62734100.0
56379700.0
40367300.0
37365100.0
60746600.0
66210600.0
50630100.0
79975900.0
62483300.0
47711800.0
34590800.0
58355800.0
64623000.0
77204200.0
56929400.0
47830100.0
39682700.0
46661900.0
54359800.0
70819600.0
55882300.0
47040000.0
62778200.0
91560300.0
35666200.0
68692200.0
55926900.0
63154100.0
72144800.0
45135100.0
54590700.0
57001800.0
58952000.0
52335800.0
45300500.0
69355200.0
51493000.0
62024600.0
59105200.0
63058800.0
64667900.0
43263900.0
55418200.0
56444900.0
53897500.0
59105900.0
35833800.0
49676700.0
59756100.0
49198200.0
67515500.0
52346800.0
81436900.0
65090900.0
62643400.0
56730800.0
46171200.0
57004300.0
52327500.0
49930300.0
34602000.0
51854200.0
81933400.0
48766100.0
65886200.0
57705000.0
57431200.0
54884000.0
63750500.0
57587400.0
57107300.0
48342300.0
49713400.0
56280200.0
61963100.0
63628700.0
39472300.0
44201000.0
46377400.0
38949700.0
52549100.0
71890100.0
65586700.0
59458800.0
44049800.0
54480400.0
74242300.0
74525700.0
56339200.0
57836700.0
74671500.0
88559100.0
67706100.0
56351900.0
78148100.0
73514100.0
43916100.0
62427600.0
61900500.0
43106100.0
52730800.0
60736000.0
61336300.0
57491400.0
55101400.0
45256400.0
67032600.0
53062000.0
77942100.0
53083200.0
59116100.0
33425200.0
50722400.0
57827600.0
44350600.0
34923100.0
74143900.0
72055800.0
36072900.0
62421800.0
35217700.0
66000600.0
63183000.0
52771900.0
39700200.0
52103300.0
60276400.0
51736400.0
58994900.0
45737800.0
53154300.0
71897900.0
63634000.0
54707300.0
50841200.0
60979000.0
53856100.0
66641500.0
52073400.0
64814000.0
79171700.0
70479300.0
36466400.0
42056400.0
35134500.0
39852800.0
63448900.0
82349500.0
40942500.0
53074300.0
64530700.0
67547200.0
64275500.0
28990800.0
43617800.0
58984300.0
67258800.0
57547300.0
42859300.0
48802500.0
56710600.0
49655400.0
58971800.0
47372600.0
55627400.0
58616400.0
53668200.0
59174300.0
55342000.0
50037500.0
52954600.0
56703000.0
54091200.0
34456600.0
77215000.0
43820500.0
58523000.0
53432300.0
56434100.0
67230700.0
48993100.0
62941300.0
56449400.0
63351000.0
40689300.0
35519100.0
62067100.0
46510300.0
45646200.0
64553800.0
50661600.0
46262300.0
64068300.0
48962400.0
61592100.0
66367100.0
46748100.0
58996600.0
76151400.0
54490900.0
40495200.0
59252300.0
49066500.0
56760100.0
61791000.0
72302700.0
53550500.0
67505100.0
58475700.0
54603100.0
54343700.0
47057600.0
43262200.0
71136800.0
48527800.0
56416400.0
41494300.0
68809700.0
60545400.0
50360900.0
32532600.0
44383400.0
37835100.0
59489800.0
55156000.0
65099800.0
54265700.0
46217800.0
67807400.0
59659900.0
63349300.0
51533600.0
52879100.0
63800800.0
65587500.0
62035800.0
74564600.0
57878100.0
64464900.0
65528900.0
45165300.0
44166500.0
62178800.0
68748100.0
51110700.0
81306000.0
50808600.0
55410600.0
60249400.0
49645700.0
45188700.0
52488000.0
51633100.0
51429500.0
75209500.0
61585300.0
61333400.0
48515400.0
57332700.0
66019500.0
91004800.0
58869800.0
43057600.0
57063400.0
64153400.0
58509300.0
55550300.0
45954800.0
59423900.0
45415500.0
57359400.0
59832100.0
48005600.0
51984300.0
50559200.0
47171400.0
61473100.0
63954100.0
50331200.0
42291600.0
53385400.0
57269100.0
48710500.0
43994100.0
56916500.0
48172900.0
82683200.0
51043100.0
38667100.0
57528300.0
65917700.0
47731000.0
64130100.0
68714000.0
54228200.0
57047500.0
63327400.0
55807100.0
62676800.0
47179800.0
54237500.0
84324300.0
57479300.0
43557500.0
58595800.0
45278500.0
42625300.0
49790200.0
65366700.0
51612900.0
54569700.0
62623600.0
56283100.0
73389800.0
67650100.0
62344700.0
51680500.0
60050900.0
61872100.0
61486200.0
57127000.0
47006400.0
49173500.0
55475700.0
59250700.0
90546800.0
70817400.0
81161600.0
58295000.0
58986000.0
50490500.0
61250600.0
79988400.0
39714700.0
64591900.0
50125500.0
57134700.0
58430400.0
46991800.0
73024300.0
46200600.0
52621100.0
54961100.0
59330000.0
59178600.0
37791700.0
52692900.0
56377500.0
72181500.0
47419600.0
43889000.0
63953500.0
68930200.0
48886700.0
46047400.0
51446400.0
54463500.0
67217500.0
43611900.0
43161100.0
81655400.0
77934500.0
55911200.0
44386300.0
50961000.0
60012100.0
51997800.0
67028400.0
67195700.0
73824600.0
68915900.0
47716200.0
57525300.0
61429000.0
71145200.0
47962400.0
41360000.0
59749200.0
50083200.0
73905400.0
40333400.0
70675200.0
48652000.0
48194400.0
55810500.0
47035700.0
66516900.0
54365900.0
82147600.0
47693500.0
62589300.0
44732800.0
60582700.0
39901700.0
67626200.0
38001900.0
43212200.0
35668700.0
50047800.0
56063500.0
60587600.0
31737600.0
50106200.0
43894000.0
60394900.0
40363300.0
46942500.0
46879700.0
63449500.0
46929100.0
46716900.0
60647000.0
77299600.0
60106100.0
58416800.0
52814400.0
51914600.0
57431200.0
67961000.0
53374900.0
55014200.0
62177300.0
72459100.0
56419000.0
45104800.0
35799100.0
42472500.0
84341600.0
45939200.0
47399700.0
30076200.0
54315100.0
51069500.0
59188200.0
62794300.0
60863400.0
48048500.0
52164500.0
54719900.0
29673100.0
69078700.0
60170100.0
82036100.0
64392300.0
48887300.0
41679400.0
52269600.0
46732100.0
54694500.0
55369400.0
55630100.0
70286300.0
56335000.0
59569700.0
57412600.0
55402900.0
51610900.0
69489000.0
68482500.0
68960600.0
52336800.0
94056200.0
51872900.0
77575200.0
75817700.0
82517800.0
52261700.0
48874800.0
56257400.0
48355700.0
58307200.0
39744200.0
64688600.0
57076800.0
59747700.0
66930300.0
91395300.0
65644800.0
48880900.0
49295300.0
61139900.0
51410500.0
37425400.0
67165600.0
74638300.0
57601800.0
27461400.0
48182000.0
46376400.0
59039600.0
45427500.0
42856100.0
49330900.0
70239500.0
38377200.0
56173700.0
39368100.0
80240100.0
60812600.0
70466200.0
38883700.0
50100100.0
87675600.0
67700400.0
59184900.0
70739200.0
56635800.0
43992500.0
62023900.0
56640800.0
55596400.0
49769500.0
58898800.0
42176300.0
54361300.0
50190000.0
39900100.0
44304800.0
42020100.0
66660100.0
71083900.0
60179800.0
52757300.0
49795600.0
61105400.0
70458600.0
34328300.0
65504100.0
74654500.0
64034300.0
77133400.0
54324100.0
49633900.0
78263600.0
49392000.0
48396000.0
62269500.0
54834800.0
51970300.0
67473900.0
63200600.0
73146200.0
50436300.0
49232100.0
45977500.0
47887800.0
46396400.0
62813100.0
63343100.0
70077200.0
58521500.0
55917500.0
57525700.0
69103900.0
66663300.0
42826300.0
55999400.0
63129600.0
58195100.0
51163300.0
65928800.0
49488400.0
43686700.0
64635400.0
51407100.0
65349700.0
54307900.0
40428300.0
60343200.0
68092200.0
48576400.0
76940600.0
41593100.0
67047600.0
67159800.0
56165700.0
59733700.0
56963300.0
71938900.0
41645200.0
47918200.0
67803600.0
63504600.0
55500200.0
55627500.0
63981300.0
54393700.0
52628600.0
62640800.0
55020400.0
63231700.0
66645100.0
53145400.0
71548100.0
52494900.0
59823400.0
59189400.0
53677300.0
60730200.0
70372200.0
55275600.0
55395300.0
58288100.0
64530000.0
48401900.0
65567300.0
66693300.0
76925500.0
56947200.0
44941200.0
54639700.0
47150100.0
57382600.0
57269300.0
56788900.0
68868700.0
53796500.0
51611400.0
41435700.0
59892900.0
84058000.0
49803700.0
60485200.0
60755900.0
51099800.0
56682700.0
64047600.0
45759200.0
61679700.0
67953400.0
57661900.0
75731900.0
38249300.0
62483900.0
89493300.0
59220500.0
54729600.0
49796900.0
40918600.0
49768700.0
47127700.0
68709500.0
43116800.0
73701300.0
64344800.0
47225100.0
50966800.0
73134400.0
52703700.0
60813800.0
61384400.0
47373800.0
48219000.0
62369200.0
72167600.0
49608600.0
31109600.0
51556600.0
60037700.0
57382700.0
38723000.0
62982800.0
59062000.0
54059200.0
42303900.0
55243700.0
56752000.0
68490400.0
59246300.0
53760200.0
74290700.0
49548600.0
47978300.0
65506100.0
54851800.0
49002000.0
38358100.0
57063900.0
76861800.0
39737500.0
52102300.0
49705500.0
55062400.0
42521900.0
28647200.0
53117600.0
60929900.0
54287400.0
39162600.0
71470700.0
63869300.0
54244900.0
49599200.0
53317100.0
61113800.0
70850100.0
29877900.0
63761900.0
55635300.0
62077600.0
48797700.0
66731300.0
36986300.0
62556900.0
42606100.0
55369200.0
49040000.0
64336900.0
58516300.0
60444300.0
50017200.0
63307100.0
67066500.0
55338300.0
63790400.0
50967800.0
61488400.0
52708100.0
34698900.0
77255400.0
53628500.0
59444800.0
57287700.0
39072300.0
73073100.0
64742600.0
53904200.0
82896100.0
80628700.0
38801600.0
62950300.0
51888500.0
47378500.0
39025900.0
47912200.0
61446500.0
54069000.0
67778700.0
53129200.0
68268100.0
41203400.0
65103200.0
49783600.0
60366300.0
40564500.0
44230300.0
68335600.0
71950000.0
48110300.0
66540600.0
47793700.0
78781100.0
57822200.0
63558400.0
48747500.0
54151500.0
73520400.0
67195600.0
62057500.0
61865900.0
53639900.0
69944500.0
54351600.0
52852700.0
56887900.0
52687400.0
61063400.0
63780000.0
57120800.0
54052200.0
45884300.0
44473400.0
71746600.0
56861200.0
65742000.0
64158800.0
62918900.0
42394700.0
52379200.0
72195600.0
53291500.0
56829100.0
69822900.0
56462000.0
41898700.0
78044400.0
51868900.0
55986700.0
47141700.0
59458000.0
59836700.0
78568500.0
42587700.0
40120400.0
70793100.0
45424900.0
50754800.0
59567500.0
68128800.0
36860300.0
75978300.0
60536800.0
64609500.0
61872000.0
57349100.0
48826800.0
64414800.0
47148000.0
41079000.0
69595700.0
