0.691876
1.16364
0.775831
1.05139
0.747804
1.07952
1.22064
1.23474
0.905742
1.50334
0.975558
0.740766
1.10817
1.13815
1.22592
1.1287
0.713323
1.07939
1.17796
0.766999
1.25453
1.16206
1.13343
0.951552
0.899423
1.24264
1.20419
0.984779
0.759088
1.02884
1.20764
0.788844
0.917514
1.10378
1.13263
0.951088
1.00255
1.19844
0.810032
0.972893
0.91561
0.936142
0.825893
0.986567
0.751149
1.00335
0.913485
1.00892
0.881208
0.733686
1.02591
1.03027
0.840223
1.18936
1.15133
1.07592
0.853613
1.09333
0.914564
0.818233
1.31261
1.37583
1.19416
1.34646
1.02501
1.00405
0.930635
0.990935
1.00223
0.808812
0.944656
0.917505
0.854168
1.19014
1.0768
0.914794
1.10639
0.804714
1.29359
0.954392
0.763482
0.927944
0.912762
0.97449
1.14581
0.910497
1.06456
1.06025
1.22866
1.10358
0.975505
1.08219
0.921487
1.07041
0.813351
0.71153
0.84534
0.845985
1.13111
1.18155
0.827614
0.945259
0.977833
1.11184
1.03859
0.953843
0.775444
1.02415
0.919984
1.1198
1.12381
0.861694
0.990644
1.21315
1.02466
1.10182
0.923044
1.28921
1.18289
0.993737
1.23147
1.24158
0.962509
1.0312
1.10579
0.610502
1.12718
1.02296
1.18629
0.922656
0.948553
0.966018
1.05509
1.39225
1.1478
0.837294
1.43476
1.00573
0.766771
1.10847
1.1805
0.83622
1.16641
1.31024
0.843922
1.19181
1.20872
0.826833
1.06334
0.939814
1.00428
1.39529
1.11879
0.975137
1.12404
1.81826
1.11593
0.844681
0.877692
1.04793
0.902392
0.844052
0.94463
1.01169
0.922263
1.10479
1.07784
1.01229
0.993203
1.3525
0.935239
1.27458
1.18861
0.937613
1.09028
0.999022
0.902428
1.0376
1.10423
1.12925
1.29812
1.00535
1.13685
1.04607
1.21585
1.3847
1.05255
0.751183
1.28807
0.881156
1.07456
0.91142
1.29955
1.27208
0.863895
1.29055
0.981105
1.31406
1.34185
0.850961
1.01386
1.27247
1.09012
0.976685
1.00518
0.828224
1.193
1.27253
1.34116
0.948333
0.981317
1.04053
1.02575
1.07794
0.793008
0.923852
0.752429
1.34118
1.04463
1.32621
0.82992
1.45377
1.28959
0.837959
1.12702
0.980136
1.22066
1.13767
1.28778
1.31034
1.24933
1.1099
0.948328
0.871149
1.03489
1.16246
1.18724
0.923421
0.963027
1.16775
1.16485
1.06641
0.77462
0.925091
1.13445
0.976354
1.05151
0.936737
1.13293
0.973483
0.722091
1.14514
1.07984
0.71007
1.10723
1.09964
1.11376
1.21039
1.17536
1.11679
0.854352
0.793029
0.975886
1.18411
0.807418
1.16258
0.949435
1.27057
1.04358
1.04569
1.3633
1.02598
0.925017
0.919753
1.18411
0.82306
0.942597
1.19749
1.08004
1.34357
0.686781
1.28905
1.18495
1.24916
1.15956
0.879497
1.06975
0.871411
0.865211
0.875214
0.701406
1.11019
1.20036
1.1268
1.53893
1.02297
0.843592
0.848729
0.948776
0.694434
1.01903
0.684302
0.701659
1.35264
0.853655
1.10657
1.18043
0.835889
1.11165
0.79361
1.08654
1.01036
1.14585
0.88399
1.04125
1.19298
1.00013
1.05485
1.15072
0.95047
0.92592
1.11946
1.02669
1.00211
1.15435
0.938586
1.0364
1.27404
0.920507
0.889041
0.979588
0.904498
1.02177
0.965071
0.9452
0.902151
1.00155
1.15045
1.12159
0.745492
1.05333
1.02273
0.898103
1.07397
0.983324
1.09743
0.933696
0.887212
1.24523
1.05879
0.782463
1.3464
1.09868
1.08983
0.973644
0.862525
0.964209
1.06305
0.945604
1.07162
1.14076
1.12506
0.91213
1.23011
0.731912
0.953399
1.2315
1.42071
0.940056
1.04335
0.83924
1.33775
1.04365
1.2719
0.966274
0.834808
1.03694
0.879938
0.926945
0.711769
0.943232
1.13663
1.39908
0.837007
1.20533
0.923981
0.780155
1.07137
1.0068
1.09223
0.84285
0.879088
1.01846
1.32414
1.05095
0.845639
0.97001
1.10887
1.02138
0.838781
1.17236
1.18506
0.809901
1.08829
1.25773
0.941387
0.884652
1.16083
0.980188
1.07706
0.957652
0.910306
1.06337
0.895738
1.12625
0.875277
1.38208
1.0232
1.06481
1.16709
1.11526
1.17116
1.07337
1.14821
1.15047
1.04758
1.04077
0.993171
0.905695
1.02307
1.02462
0.853296
1.01799
1.05559
0.931967
0.789182
0.946108
1.13036
1.04611
1.0913
0.902736
1.0574
0.919346
0.776426
1.13094
0.869162
0.936129
0.830957
0.862667
1.17932
0.734489
1.06058
1.13341
0.912806
0.823379
1.22875
0.86662
1.07183
0.811469
1.38451
1.11209
0.844884
0.997602
0.738315
1.13482
0.899867
1.06917
1.25383
0.904674
0.982891
0.977697
1.11697
0.919136
0.842037
0.896594
1.15337
0.95646
1.13923
0.916426
0.82768
0.742817
1.10163
1.01682
0.93034
1.16814
0.914294
1.47532
0.710589
0.967691
1.15373
0.887137
0.825137
0.857364
0.841155
0.9706
0.884642
1.1165
0.955205
1.30309
1.00402
1.17212
1.03646
1.16617
1.26571
0.809393
1.02739
0.846355
0.802483
1.14948
1.26788
0.849183
0.926911
0.716786
0.871584
0.864376
0.974614
1.15475
1.24107
0.613222
1.07326
1.44543
0.894928
0.787891
0.807432
0.986996
1.13089
1.12959
1.05518
1.11166
0.860783
1.05229
0.724124
0.958245
1.00456
1.02685
1.00683
1.08652
1.03695
0.894709
1.02352
0.748703
0.971243
0.985251
0.956245
0.948076
1.08576
0.977076
1.50719
1.06059
0.758457
0.908153
1.4338
0.83879
0.916935
1.04027
1.10038
1.1831
0.990844
0.748342
0.913343
1.12717
0.913072
0.73147
0.835283
0.961049
1.08256
0.960719
0.986199
1.03124
0.910769
1.05374
1.14986
1.17063
0.902509
1.0067
1.24752
0.936936
1.26532
1.21921
0.948611
0.982523
1.05102
1.13893
0.853554
1.23287
0.921741
0.726102
1.1693
0.818139
1.08405
0.997608
1.16891
1.22264
0.920989
0.991198
1.15722
1.17854
0.863476
0.79168
1.02711
0.869836
1.02528
0.869727
1.25581
1.26421
0.971466
0.907984
1.17747
0.999967
0.943141
1.30749
1.22673
0.902384
0.787182
0.990993
1.00516
0.819669
1.18953
1.12513
0.769867
0.998012
1.11117
1.01142
1.17643
0.998877
1.18109
1.18161
0.82165
0.997212
0.976011
1.3031
1.18492
1.08265
1.10369
1.02577
0.749431
1.1151
1.06591
1.08812
0.775975
0.970035
0.749913
1.15743
0.94827
0.821476
1.10447
1.30252
1.06498
0.987949
1.11326
0.980606
1.16924
0.95976
1.31609
1.06582
1.32795
1.29262
1.25301
0.985706
0.992175
1.20303
1.0509
1.56873
1.01021
0.976081
0.891105
1.13335
0.997976
1.02109
1.08459
0.945142
0.701034
1.12872
1.42535
0.892624
1.07503
1.06446
0.956523
0.849998
1.17919
0.897983
1.25384
0.590897
1.13623
0.773773
0.833654
1.13568
1.10908
0.691368
0.995919
1.08894
0.970709
0.818487
0.987945
1.01383
0.936012
0.90738
1.0714
0.827628
0.926811
1.09786
1.05623
0.885241
1.15581
0.971956
1.25466
1.05102
1.2405
1.00413
1.03246
1.07055
0.825861
0.859689
0.960128
0.86641
1.12647
1.0142
0.886348
1.47418
0.887732
0.762368
1.02977
0.854187
1.06388
0.989916
0.904504
1.31769
0.983369
1.04063
0.662227
1.17795
0.90654
0.950319
1.02082
0.994224
0.763667
1.0073
0.93976
1.08014
1.30971
0.832275
1.27409
1.25796
0.938503
0.941999
1.013
1.0312
1.02509
0.937603
0.91029
0.855298
0.739171
1.1702
0.996842
0.845114
0.915529
0.934614
0.872219
1.09962
0.979824
1.20817
0.871881
1.16626
1.03102
0.867661
1.00203
0.836402
1.03543
0.9165
1.04425
1.22898
1.28228
1.02642
1.04271
0.938816
1.65723
0.785532
0.978556
0.9275
0.856279
1.18555
1.27276
1.11937
1.25462
1.07705
1.43496
1.25508
1.17064
0.913309
1.10358
0.818107
1.64661
1.15242
0.890879
1.12831
1.16585
0.984927
1.146
1.1108
0.922184
0.848874
0.6973
1.18922
0.980871
0.892771
1.13877
0.929102
0.854912
1.25221
1.05758
1.45822
1.27859
1.17317
1.26997
0.895998
0.816794
1.05866
0.976186
1.04707
1.21337
1.02786
1.24103
1.07647
0.994384
0.929943
1.00905
0.823083
1.30714
0.970837
1.04276
0.957927
0.834208
1.05494
1.01682
1.38211
1.07944
1.27743
0.896371
0.856451
1.10858
1.06846
0.971904
0.980231
1.14881
1.01713
0.868758
1.1398
1.19797
1.13953
0.914187
1.00199
1.06687
0.783856
0.941482
0.892159
0.980734
1.21824
0.863036
0.907769
1.03193
0.886684
0.945833
1.01369
0.93201
1.18857
0.94184
0.800671
1.42444
1.36875
1.15845
0.935931
1.01621
1.20106
1.07812
1.05833
0.791658
1.17542
0.946614
1.00267
0.939753
1.05171
1.06817
1.32243
0.809906
0.785201
1.29968
0.75207
1.22914
0.952734
0.877631
1.0242
1.0353
0.86043
1.00188
1.19706
1.00705
1.04258
0.949927
0.750818
1.0208
1.3349
0.893854
1.07857
1.19485
1.14502
1.01001
0.947271
0.984445
0.983435
1.05257
0.795761
0.93839
0.988974
1.05138
1.10958
1.21215
1.14675
1.12553
0.928894
0.839269
0.850195
1.36099
0.986115
1.51493
1.13158
0.831668
0.781409
0.909963
0.993877
0.648891
1.00196
1.07136
1.02722
0.905097
1.01231
1.24804
0.936607
0.925027
0.966656
1.19425
1.0261
1.07476
0.770523
0.87555
1.30903
1.04376
1.0827
0.917781
1.22503
1.01111
0.921578
1.0839
0.899703
1.01078
1.0721
1.19779
1.08355
1.14194
0.889195
1.12599
1.09734
0.968748
1.03038
0.802596
1.00489
1.04563
0.793867
0.807626
1.12687
1.03429
1.04389
0.845091
0.987167
0.893018
1.10144
1.1183
1.35158
0.787422
1.08426
1.3842
1.09336
1.23423
1.02312
0.918358
0.7784
0.869582
0.75055
0.774638
0.863633
1.20394
1.14412
0.939206
0.980589
1.21348
1.04752
0.789426
1.05898
1.13211
0.925717
0.901056
1.25263
1.63575
1.36905
1.69504
1.28536
1.76182
1.9693
1.77008
1.65643
2.16917
1.65026
1.27481
1.84949
1.82694
2.01376
1.72371
1.27685
2.03925
1.89045
1.3057
1.93517
1.88448
1.82827
1.51321
1.55175
1.9202
1.78964
1.54058
1.41639
1.68003
1.89895
1.52068
1.65874
1.84633
2.02375
1.65341
1.70863
2.10295
1.31822
1.68633
1.52882
1.44071
1.61924
1.81
1.58973
1.68853
1.70043
1.41579
1.42875
1.48344
1.59042
1.69664
1.34325
1.90879
1.77179
1.82799
1.65516
1.7922
1.47308
1.34152
2.16354
2.18757
1.83715
1.9849
1.59951
1.74916
1.57312
1.61582
1.77689
1.23673
1.52443
1.66431
1.51539
1.7992
1.62997
1.4052
1.83313
1.37865
1.90668
1.51655
1.41902
1.51273
1.59113
1.48104
1.70868
1.65557
1.53172
1.90573
1.92191
1.77197
1.6934
1.58895
1.59152
1.88178
1.44641
1.29154
1.61178
1.49176
1.95397
1.54712
1.39204
1.7523
1.59143
1.90876
1.76971
1.49338
1.38777
1.6746
1.48643
1.76715
1.64826
1.33693
1.60431
1.67957
1.59036
1.70515
1.36095
1.97571
1.90397
1.52114
2.21515
1.98386
1.65538
1.82371
1.70266
1.06469
1.72617
1.58439
1.8144
1.43421
1.524
1.58815
1.60934
2.25901
1.91547
1.43739
2.3591
1.58379
1.45917
1.83804
1.99137
1.46153
1.83655
2.07687
1.42644
2.07701
1.88058
1.4802
1.64015
1.78289
1.70084
1.9687
1.72388
1.55538
1.75047
2.92058
1.91869
1.48059
1.62101
1.61088
1.37395
1.39864
1.61529
1.73894
1.48334
1.82905
1.82585
1.66116
1.50714
2.17191
1.54045
2.19419
1.91766
1.54321
1.75672
1.45799
1.47906
1.65764
1.85996
1.73336
2.09928
1.72879
1.95813
1.7313
1.81789
1.89951
1.58623
1.35601
2.3345
1.42731
1.95004
1.53156
2.00149
1.96698
1.69791
2.15071
1.64036
2.14056
1.97052
1.46081
1.60869
1.88574
1.64199
1.59129
1.52345
1.43058
1.85133
1.84306
2.02057
1.57901
1.60971
1.59809
1.72861
1.68888
1.20848
1.40414
1.3517
2.04845
1.6428
2.16605
1.4637
2.11086
2.01003
1.33518
1.8543
1.64898
1.98612
2.04834
1.94692
2.33765
2.02801
1.77908
1.45966
1.58034
1.80158
2.11993
1.68613
1.80546
1.638
1.81274
1.901
1.76727
1.42179
1.67046
1.87681
1.68493
1.69863
1.39866
1.88928
1.38989
1.2195
2.02195
1.87529
1.19683
1.60373
1.74581
1.80519
1.97805
1.7474
1.87108
1.49931
1.28019
1.59573
1.81024
1.52551
1.78679
1.5601
1.71897
1.63713
1.61373
2.08206
1.65348
1.46607
1.56373
1.90264
1.4335
1.63293
1.9051
1.64953
2.09898
1.23324
1.96095
1.96316
1.94034
1.79434
1.3728
1.51986
1.40285
1.43419
1.58875
1.32271
1.8351
1.97194
1.73141
2.20343
1.60181
1.42097
1.51583
1.43247
1.17547
1.71334
1.17319
1.26631
2.00417
1.42284
1.62697
1.86137
1.44251
1.87576
1.46026
1.71004
1.66071
1.80276
1.42903
1.71432
1.85134
1.58181
1.7745
1.65284
1.67688
1.44805
1.79931
1.80535
1.56725
1.90178
1.49836
1.54736
1.97628
1.48414
1.46927
1.7115
1.5655
1.78557
1.81524
1.55769
1.386
1.62166
1.79614
1.77065
1.27477
1.63492
1.71539
1.76763
1.71941
1.72311
1.95573
1.56265
1.49521
2.0009
1.62033
1.39064
2.10388
1.64013
1.97715
1.62746
1.47909
1.59967
1.73176
1.52295
1.69924
1.73411
1.81756
1.54608
1.82763
1.30595
1.45897
2.00944
2.30198
1.3976
1.66271
1.65632
2.14483
1.67417
2.00378
1.66735
1.57231
1.53882
1.44352
1.67058
1.24666
1.73496
1.84708
2.18363
1.51283
1.88718
1.55241
1.50312
1.8961
1.57903
1.60444
1.49193
1.5028
1.73785
2.22827
1.63516
1.42602
1.69696
1.71132
1.64322
1.40957
1.80016
1.87098
1.4239
1.78018
2.00399
1.49423
1.57248
1.9325
1.56201
1.72344
1.76642
1.40134
1.63
1.51359
1.81793
1.41316
2.35967
1.6136
1.70384
1.81872
1.89925
1.8659
1.73069
1.90922
1.54999
1.831
1.76163
1.66209
1.52493
1.9468
1.65689
1.32768
1.74396
1.69204
1.61927
1.47904
1.5157
1.82388
1.76391
1.76537
1.66688
1.87032
1.5022
1.19699
1.74567
1.58967
1.67017
1.34657
1.30776
1.8758
1.23641
1.80102
1.96363
1.49891
1.35172
1.96545
1.65598
1.80708
1.30713
2.13492
1.70369
1.35156
1.5019
1.33656
1.84525
1.39521
1.71778
1.97251
1.41701
1.67873
1.66817
1.90434
1.50492
1.31462
1.47538
1.7969
1.70907
1.94855
1.66484
1.39685
1.45709
1.69146
1.55696
1.55475
1.92298
1.49319
2.5467
1.21885
1.56664
1.88083
1.45733
1.3547
1.44047
1.43428
1.52763
1.5589
1.91549
1.39305
1.88617
1.66985
1.8094
1.43296
1.75765
2.18284
1.25589
1.55915
1.39645
1.3999
1.85644
2.04034
1.55347
1.47011
1.3041
1.48584
1.49898
1.54046
1.94499
1.95583
1.20358
1.94147
2.11031
1.57556
1.5177
1.2973
1.80813
1.70621
1.7779
1.69499
1.69883
1.41647
1.64829
1.24588
1.66499
1.51836
1.68667
1.60612
1.6129
1.55699
1.61509
1.65686
1.26953
1.70375
1.59735
1.62983
1.5552
1.75118
1.50837
2.50779
1.6315
1.36801
1.91039
2.3362
1.31826
1.4807
1.60641
1.90628
2.0314
1.52207
1.22555
1.49013
1.76014
1.52666
1.31814
1.35729
1.7281
1.80173
1.62908
1.54822
1.87372
1.532
1.66495
1.88575
1.97693
1.49172
1.74162
1.97739
1.66904
1.9386
1.82528
1.59025
1.80355
1.7519
1.68771
1.42247
1.98951
1.53256
1.26169
1.91921
1.35432
1.65038
1.61061
1.8508
1.89013
1.42998
1.51602
1.77583
1.68407
1.28244
1.43802
1.69786
1.64402
1.71958
1.40423
1.81145
2.03202
1.80487
1.44655
2.03662
1.48389
1.46304
1.95248
2.00531
1.51473
1.19973
1.64371
1.74273
1.40362
1.69623
1.93877
1.2697
1.62389
1.6608
1.6092
1.75975
1.66183
2.08492
1.83105
1.52649
1.87568
1.57635
2.12793
1.79146
1.83505
1.98819
1.546
1.30966
1.86719
1.72506
1.87799
1.40635
1.7458
1.40542
1.96885
1.45116
1.43264
1.6711
1.84117
1.92261
1.54427
1.6757
1.63247
1.76484
1.48803
2.13918
1.60866
2.1448
1.99096
1.94677
1.81675
1.6293
2.17914
1.55068
2.563
1.52098
1.50793
1.47935
1.72304
1.6871
1.80184
1.98657
1.50782
1.33832
1.85295
2.15282
1.51863
1.56308
1.62682
1.58257
1.61878
1.7755
1.50122
2.3254
1.15157
1.66921
1.42997
1.44343
1.77529
1.71942
1.33618
1.65756
1.67127
1.65353
1.37447
1.59972
1.62707
1.47446
1.39891
1.7817
1.32923
1.42471
1.84307
1.8913
1.46439
1.69448
1.72475
1.87998
1.74643
2.06219
1.53711
1.82459
1.58161
1.46456
1.47846
1.41975
1.27965
1.81554
1.52943
1.59154
2.45034
1.68684
1.34558
1.60936
1.46843
1.78055
1.49185
1.6313
2.01159
1.69524
1.5479
1.31621
1.95644
1.56096
1.43176
1.56687
1.54349
1.25287
1.6378
1.54425
1.67098
1.93858
1.38909
2.16516
2.18301
1.48668
1.30598
1.83797
1.89364
1.81409
1.60419
1.50061
1.43842
1.34962
1.79635
1.60523
1.42554
1.42555
1.69389
1.48716
1.6856
1.69399
1.96429
1.41593
1.97017
1.75549
1.48385
1.70379
1.45632
1.65455
1.44433
1.8485
2.00303
2.04878
1.63315
1.75607
1.56447
2.88411
1.32535
1.47304
1.58637
1.44641
1.76749
2.03522
1.92534
1.98727
1.54289
2.08578
1.89559
1.82283
1.51051
1.69939
1.26066
2.74789
1.88271
1.6201
1.65824
1.90995
1.73859
1.7761
1.77267
1.43314
1.31572
1.33793
2.03969
1.60834
1.42374
2.00154
1.60553
1.37616
1.82277
1.78105
2.2315
2.01214
1.82031
2.04405
1.6127
1.43475
1.62352
1.55019
1.67478
1.71847
1.60118
1.83831
1.62847
1.47551
1.29211
1.53557
1.37179
2.01658
1.48879
1.63322
1.66848
1.21768
1.71012
1.5939
2.14542
1.77491
1.98089
1.33866
1.45718
1.77173
1.75737
1.50497
1.66128
1.92227
1.75921
1.39383
1.85212
1.98767
1.79508
1.56254
2.02234
1.66159
1.34161
1.36532
1.62707
1.61634
1.98745
1.3271
1.2878
1.93404
1.32415
1.59824
1.64929
1.58644
1.94473
1.43222
1.31128
2.12011
2.02513
1.88205
1.43519
1.48939
1.81058
1.85275
1.73934
1.34437
2.03411
1.58992
1.65139
1.44599
1.77016
1.69774
2.08372
1.45571
1.26074
1.91804
1.35348
2.04143
1.46077
1.63827
1.58703
1.81642
1.41802
1.74592
2.07475
1.68726
1.62655
1.47423
1.33696
1.62341
1.86178
1.49849
1.80261
1.85461
1.7317
1.67119
1.5354
1.60571
1.56425
1.77043
1.54307
1.50907
1.59766
1.77895
1.91527
1.67301
1.76919
1.91248
1.49231
1.37078
1.43307
2.13545
1.55088
2.22611
2.04883
1.35005
1.33007
1.65029
1.67675
1.32193
1.68787
1.7869
1.55271
1.5531
1.70958
1.99232
1.5628
1.5799
1.54971
2.06008
1.95363
1.76636
1.43535
1.56588
2.13011
1.70519
1.86103
1.50391
1.95117
1.60644
1.60936
1.73076
1.50147
1.66838
1.66299
1.74577
1.64865
1.72141
1.41662
2.01499
1.65509
1.51336
1.69701
1.36237
1.48049
1.76061
1.4662
1.35518
1.91669
1.68308
1.74916
1.40037
1.66248
1.54561
1.82433
1.83059
1.79913
1.30375
1.643
2.23526
1.68215
1.90687
1.94902
1.42504
1.39931
1.6783
1.51052
1.23939
1.36049
1.77275
1.86954
1.59006
1.6265
1.83555
1.56568
1.32992
1.60142
1.89692
1.56542
1.41788
70877500.0
51863200.0
52003900.0
64633600.0
56879100.0
71107700.0
60688200.0
66486100.0
67989000.0
50473500.0
54063500.0
78376200.0
46436800.0
59154800.0
39968300.0
73498300.0
68690300.0
55584300.0
51660200.0
71055400.0
56518900.0
52543900.0
56798400.0
53622700.0
55010600.0
40228800.0
75334500.0
68124800.0
56480200.0
66774300.0
66951800.0
45965700.0
42067600.0
67576300.0
58004000.0
48705600.0
65410600.0
56392500.0
63612800.0
57195600.0
55784400.0
77509700.0
48329300.0
48420600.0
57028900.0
78930800.0
50751600.0
72152300.0
67827400.0
58101000.0
84881600.0
67992300.0
72560400.0
69056900.0
75015000.0
53703700.0
79741100.0
59514800.0
65328600.0
81302700.0
53480600.0
50049000.0
57765300.0
59965900.0
75532400.0
57601300.0
52304600.0
65764600.0
52701700.0
67522700.0
75417000.0
55892500.0
67549600.0
54230600.0
84343200.0
61300700.0
59569700.0
60694200.0
56838200.0
62374700.0
63671900.0
67907300.0
66564000.0
76483600.0
64093400.0
66296200.0
76879400.0
55535800.0
55231200.0
77271100.0
58855400.0
68985000.0
66440400.0
50631900.0
48527100.0
65662900.0
75719700.0
71544300.0
43487800.0
48747400.0
69526500.0
51698200.0
58253600.0
44833300.0
46602400.0
53126500.0
78139800.0
73855700.0
69562200.0
48675700.0
71206900.0
61213600.0
51366000.0
78708100.0
81241700.0
62499900.0
58751000.0
54650300.0
68834100.0
69168200.0
44964900.0
49806000.0
63797200.0
52404100.0
43162000.0
51925500.0
71937200.0
69118800.0
52618800.0
71041700.0
57552000.0
59652500.0
45537900.0
57657800.0
64994900.0
62607700.0
49974700.0
55423800.0
49986600.0
43147500.0
44454400.0
69956000.0
58265900.0
39584300.0
58307800.0
53130200.0
54129100.0
83746500.0
63526600.0
70537700.0
52439200.0
45583600.0
72572400.0
75090400.0
47294100.0
39972700.0
54947800.0
55533900.0
56824200.0
56574900.0
89336400.0
100229000.0
70044200.0
62730300.0
79607600.0
62721800.0
54493200.0
54449200.0
90570100.0
47979900.0
74905100.0
53390200.0
72895100.0
70725600.0
50306200.0
59073900.0
71823400.0
69543600.0
64848400.0
63042700.0
50167700.0
60959100.0
41979700.0
62347300.0
48128400.0
56659500.0
72933100.0
79857300.0
39684200.0
63610900.0
51029800.0
83235000.0
48167100.0
50312500.0
64387400.0
35588500.0
59929800.0
40308400.0
55955900.0
71834000.0
43085700.0
85212900.0
57429400.0
77466400.0
61518800.0
71489400.0
67022800.0
63500100.0
53720600.0
61765400.0
67566900.0
71075400.0
70836900.0
62298400.0
69877200.0
66933700.0
76094700.0
41547700.0
63232200.0
52707700.0
60676800.0
53979700.0
48257700.0
72547100.0
60951700.0
62854800.0
54111600.0
43894500.0
73769900.0
30798800.0
50433300.0
74297900.0
59724700.0
64083100.0
53683100.0
54349000.0
65675900.0
55871700.0
52116300.0
59942900.0
50247400.0
70128300.0
82679500.0
63736500.0
54223400.0
67816600.0
52546500.0
45085800.0
45964700.0
56362600.0
69855500.0
39897500.0
39442300.0
58543600.0
61320900.0
75945500.0
61886300.0
52687000.0
50388500.0
61427600.0
72093600.0
84259700.0
69408100.0
68534300.0
57755000.0
59184800.0
63481700.0
52546300.0
61148300.0
74127300.0
55717400.0
71901800.0
63855600.0
59190300.0
65607800.0
72002100.0
60964000.0
67637800.0
80532200.0
48970500.0
84506600.0
57686900.0
36998900.0
39452100.0
77330100.0
86152700.0
68663100.0
60979800.0
89516900.0
54680900.0
70544700.0
65082100.0
76854500.0
59467100.0
45533900.0
69327300.0
79677600.0
46865100.0
71063500.0
85394800.0
48441200.0
59464500.0
62228900.0
56384200.0
84197600.0
70158100.0
51801600.0
77123300.0
53394500.0
71389600.0
73159500.0
53727900.0
56441600.0
112315000.0
62898300.0
64347800.0
67856400.0
62121900.0
74322200.0
53811100.0
71895500.0
72544700.0
52887200.0
81659400.0
52379300.0
72590200.0
61619300.0
46121900.0
98827900.0
78099000.0
45657900.0
77857100.0
66017500.0
52224500.0
78788600.0
59707600.0
59182500.0
46569500.0
44775600.0
73612500.0
69866800.0
47953600.0
41892400.0
49876400.0
61184200.0
45407900.0
55371100.0
76107700.0
57793600.0
48725900.0
70930300.0
63748200.0
68112000.0
54603400.0
67670900.0
58702800.0
53794600.0
66728400.0
57935100.0
79012400.0
72161700.0
45787600.0
68663100.0
49231000.0
50448500.0
78553800.0
57920100.0
34866400.0
49217100.0
55288200.0
42673700.0
60311500.0
56163400.0
53946800.0
57191900.0
57266300.0
58043100.0
77660600.0
69122900.0
57400300.0
58582300.0
54731100.0
42967400.0
72296500.0
62922900.0
70232900.0
59670900.0
53768400.0
77805300.0
56526200.0
62769300.0
37813400.0
71667800.0
47446900.0
76775900.0
74189000.0
66394200.0
64699200.0
59762200.0
48302900.0
57037800.0
40350700.0
83946000.0
67693300.0
51766400.0
63894100.0
51807500.0
64437300.0
74745300.0
70085200.0
62149100.0
44449600.0
50723400.0
52574600.0
62190100.0
67491000.0
46712100.0
61873500.0
44535100.0
63442100.0
51337200.0
52896100.0
65335500.0
50744700.0
60490400.0
54226000.0
56901600.0
59007000.0
92168900.0
51899200.0
73507400.0
90143900.0
60338200.0
71042000.0
73269300.0
74761900.0
78874700.0
52334800.0
49061900.0
76332800.0
79077500.0
60094000.0
54952600.0
84881900.0
64172800.0
55912300.0
57902700.0
61386000.0
77271300.0
47948300.0
62580900.0
61107600.0
46147400.0
74742500.0
50923000.0
59484700.0
72317300.0
74559400.0
72079200.0
54325700.0
79350600.0
86882400.0
59401700.0
77344900.0
51967200.0
77307200.0
55777100.0
50832600.0
76621500.0
63455300.0
54035600.0
64640600.0
74341200.0
80563700.0
73139000.0
74122700.0
79629100.0
54344000.0
56713400.0
78035700.0
42981800.0
58480100.0
77765900.0
70191900.0
63422100.0
77167500.0
39408000.0
77856400.0
75689400.0
51958100.0
62799900.0
91946800.0
76185400.0
65093500.0
66077100.0
71509800.0
66871300.0
93987300.0
73029800.0
62453000.0
43884600.0
60360200.0
58650100.0
36350800.0
109513000.0
72378600.0
94959800.0
62215200.0
65022400.0
38848400.0
72560300.0
69681100.0
65628400.0
76069900.0
64171100.0
68064600.0
56300600.0
48214400.0
66749500.0
57786000.0
56882900.0
54359400.0
73101100.0
75384400.0
52318700.0
71102300.0
75002500.0
55301400.0
43544700.0
86652900.0
81398900.0
86345900.0
66621300.0
62907400.0
62892500.0
58086700.0
78466300.0
70364300.0
80896900.0
70282200.0
61469600.0
70914700.0
45661000.0
80792500.0
64067100.0
64781200.0
71016100.0
41390200.0
64563000.0
67423200.0
49144800.0
41520300.0
87882600.0
68405700.0
58841800.0
51772100.0
43264200.0
67712300.0
67445200.0
71174100.0
81403900.0
70707700.0
53349500.0
88929800.0
59851900.0
40192900.0
61627600.0
85873700.0
62482400.0
68573000.0
61276800.0
64704700.0
54989000.0
81698100.0
49916900.0
60465000.0
75323300.0
62066500.0
71239300.0
63578600.0
45551600.0
49316600.0
71720000.0
74921100.0
50589100.0
65858700.0
61669300.0
47075100.0
65371400.0
60917100.0
58624400.0
65050900.0
61544000.0
61476500.0
87071600.0
60365100.0
55563900.0
84613900.0
71420400.0
67609000.0
49872100.0
62989100.0
78926800.0
47284900.0
62112100.0
69657300.0
75122100.0
61944800.0
56308800.0
67419300.0
41903100.0
50768300.0
57605000.0
81896700.0
71198200.0
64525000.0
49617400.0
59396900.0
46042900.0
73389600.0
78027600.0
55648200.0
65944300.0
57778100.0
66680000.0
44697700.0
55064100.0
63932700.0
55387400.0
74553100.0
52763600.0
72823900.0
43628700.0
64281600.0
68207700.0
60014200.0
58335800.0
63619700.0
63228700.0
82935100.0
60092600.0
53600400.0
57814400.0
67464200.0
69719800.0
79978100.0
63703700.0
52031700.0
60608300.0
62755400.0
72528500.0
77376900.0
69428200.0
60624400.0
55560900.0
47291100.0
59539600.0
69436400.0
52425500.0
61175700.0
44684800.0
72965800.0
35432700.0
67664900.0
84975000.0
82035700.0
61597700.0
72051600.0
39607800.0
41364700.0
74140200.0
53920200.0
58934100.0
44176500.0
46944100.0
84076200.0
68597100.0
80097900.0
49451100.0
50239600.0
63057700.0
48056300.0
86914900.0
67619800.0
67506000.0
63692100.0
69147100.0
56847900.0
65701000.0
57653500.0
51775900.0
68510900.0
75781200.0
61984500.0
70500900.0
65588400.0
65777100.0
68749800.0
59066200.0
79282200.0
56149000.0
56645700.0
53497700.0
60823200.0
51518000.0
70314500.0
46264600.0
42399400.0
84410500.0
73077000.0
72786100.0
60087200.0
55004100.0
63631700.0
81308100.0
58281900.0
62095300.0
68078100.0
34975500.0
69677100.0
72828100.0
69053200.0
58331600.0
54616200.0
78481000.0
57639500.0
38065600.0
69807400.0
61879800.0
70255000.0
62126500.0
63017100.0
85473100.0
59206300.0
68558300.0
65295900.0
75435400.0
67355300.0
66746900.0
53028800.0
74259300.0
54729700.0
40763200.0
68039300.0
51949700.0
51688600.0
54253200.0
63575800.0
56436700.0
62849800.0
64261300.0
75250500.0
64705500.0
69371200.0
50935900.0
70717200.0
51332000.0
80231600.0
67270500.0
65160100.0
52959300.0
74683600.0
46958800.0
67910600.0
61623800.0
51268000.0
69355700.0
72167600.0
90443000.0
54194900.0
54935100.0
45275200.0
70067100.0
67641400.0
68315900.0
32281800.0
68283200.0
70879200.0
85143900.0
64891600.0
68860600.0
67024700.0
48168800.0
52144000.0
82888100.0
45292400.0
48854300.0
63215800.0
75884700.0
65258400.0
68425100.0
41284500.0
46769300.0
75729700.0
47053600.0
49948100.0
55266100.0
70836900.0
69345600.0
59270900.0
70521400.0
60469400.0
46685300.0
77035200.0
60216500.0
42771700.0
54296700.0
72275400.0
58643100.0
72344500.0
64656900.0
64094200.0
65560900.0
44303700.0
49545200.0
56101100.0
50679100.0
70805100.0
54011700.0
53325300.0
60458200.0
63537100.0
68017200.0
69358700.0
80549600.0
70039900.0
87244000.0
52601500.0
60124500.0
63414500.0
61082700.0
89647200.0
58069200.0
65924200.0
51244300.0
68391800.0
58846300.0
73964300.0
57211500.0
45710600.0
50854400.0
59521300.0
49063100.0
33289500.0
60792500.0
67631600.0
50121900.0
52745100.0
59656100.0
95812100.0
38947000.0
63366400.0
75653200.0
78035100.0
57065700.0
70920500.0
60148600.0
69152900.0
84610900.0
53058600.0
83826400.0
62481900.0
49772300.0
83677800.0
54591600.0
84453500.0
92176900.0
61082700.0
55830000.0
61430800.0
84530900.0
58733900.0
49554600.0
64802500.0
42879100.0
63616300.0
63819400.0
64161800.0
77757100.0
77918400.0
61641500.0
75000100.0
58167900.0
61802400.0
103562000.0
69623200.0
53559700.0
50906800.0
78272500.0
61347100.0
51064600.0
61681900.0
72545300.0
57313200.0
55559600.0
73706700.0
48206700.0
60937100.0
82443600.0
48726700.0
63996700.0
75505100.0
69027600.0
59937300.0
41080100.0
63013800.0
50874700.0
67759700.0
63215000.0
53875600.0
53155100.0
73259100.0
53209700.0
64479800.0
49960200.0
46686700.0
58279100.0
64967900.0
56280100.0
79034100.0
57717700.0
62363800.0
79430800.0
44765600.0
52907700.0
58707200.0
71974400.0
58609400.0
69905900.0
78268900.0
44501000.0
63659900.0
73174700.0
59626700.0
61714700.0
66337000.0
50246100.0
72183500.0
67424700.0
57809000.0
53028400.0
63539100.0
60337100.0
81094900.0
35892000.0
80591600.0
53207300.0
57933400.0
59326300.0
67208800.0
72973100.0
54801200.0
66499500.0
76835600.0
72342600.0
74946400.0
56421500.0
66702100.0
63252400.0
47164100.0
59056400.0
64391400.0
46744900.0
51649500.0
71173900.0
42002300.0
59510700.0
61016200.0
56607600.0
73762200.0
59751900.0
81232600.0
48816900.0
83345000.0
54665300.0
45894500.0
52815600.0
82054700.0
72299200.0
64955600.0
44242400.0
44309200.0
53271200.0
72509000.0
63080700.0
53621800.0
44895000.0
75486400.0
78293000.0
57506900.0
57011900.0
58965500.0
68400700.0
56244500.0
72881400.0
69188300.0
63195200.0
57418300.0
64323800.0
77173300.0
54382956.123101
59978861.104367
46696612.599377
67941964.118085
42519183.106802
76181012.18454
74050696.186751
91693141.292951
61568422.172115
95879398.724706
51758010.161979
58034280.162659
51377264.14827
67113647.128872
48813148.646723
82936174.232664
47732729.087885
59983066.115006
60840775.183171
54486432.16106
70614654.181665
61046585.114627
63983113.198498
58542207.194191
57724729.112244
49000887.139254
90700297.217929
66802335.654899
41643527.103825
68519512.683222
80836311.153877
36108172.073318
38587989.122702
70936890.160896
63815584.170217
46308774.136815
65353567.186978
79579765.673022
51513795.105962
55569269.174052
51520900.122055
72540234.132151
44748262.092695
47756612.102163
52435054.144068
79181042.21981
46115554.81004
72352598.128725
59754822.145761
54915900.819439
86365825.264626
70026956.115783
60913329.191896
82120936.157741
82321521.250023
57765436.100352
68055681.21054
62846261.186122
59737765.120613
66088154.192364
67355105.150727
68761070.21365
67534190.194431
80582744.220275
76820890.207021
57455421.100438
48653602.607157
65156257.187192
51685349.127052
54384148.092306
71230631.2086
51220822.104823
57605015.170181
64444152.109736
90795558.159457
55938044.141775
65653040.115056
55084641.659539
72333708.163447
59516410.108629
48352936.153249
74345753.709066
60740439.153963
73267461.219434
73424618.172574
60349490.125183
81827662.156173
58839462.128472
67827233.181813
85144182.143435
57400858.150188
74644736.208642
61211318.121573
53258661.160407
39446044.121394
48196647.10566
63725187.188132
59670051.103761
49138430.082867
56396892.092385
56292190.130722
55528104.095478
54913749.164143
49832487.150865
48387447.117525
50298660.131488
67675324.699234
75609108.225774
63883570.109065
54481224.147903
77851768.242201
52734951.105684
50616642.117035
94743605.28006
83231624.23943
68850940.22235
54186077.142365
69863722.195377
81405237.180263
68204704.121885
55174647.112607
61201862.115137
61389996.111539
52352735.096502
53640792.637825
35038748.085258
80882769.249636
70457472.214585
61765100.116225
65481590.171662
54573601.127873
66040830.152433
48033450.150701
80259842.248945
74587390.157735
52403711.141606
71649442.184152
54439054.086399
37932204.091884
47750046.080557
52368666.143973
55763511.1672
67946279.180923
51549917.149643
49186470.15942
63151571.125973
64976043.135787
67201413.186508
67534083.201058
66098526.109848
52398678.658291
63434932.132371
81053767.15694
73202933.23143
53070713.132115
72251025.168252
61305029.123311
46869600.459229
49378821.151756
58941292.098379
80370538.750464
84582250.150712
66150132.219352
63014051.116362
73400060.193289
69266509.787625
58722518.128858
53488861.141294
89394530.771877
64867189.148114
69984569.225278
68037261.217474
86628833.218735
63808768.110419
54836467.119419
58998356.117126
64803705.122057
78138020.70438
71570474.224448
71176507.230347
65111743.166166
61205070.109559
47583144.141629
77378326.176099
58503518.106637
74789093.180435
76755274.199206
59009453.142819
50025031.095232
56038973.117442
54788778.137808
75849546.146674
62581786.202625
62945554.186364
55566151.126947
45871446.144681
58789603.149631
52954712.133485
75006817.128235
61112225.189003
42989962.102305
108407464.252556
62583483.17471
75644129.229962
61616974.12467
58190674.173498
78464159.19317
80781805.142879
71539401.16813
58202590.147815
65971446.203614
73907827.227536
72166937.207254
66738270.123912
55259220.161608
66364591.667611
57114979.172703
55710804.149615
78964786.696451
69634098.169552
51321889.1625
78456760.239796
62221702.13999
60095265.182335
68429329.132075
60556483.182187
66033836.211007
49785201.137301
94908173.210582
40354622.076203
62996189.200858
82447501.212984
63534808.132975
65731067.109015
54485971.143006
63163104.128292
77940161.179344
51586013.125742
50155784.147134
68057466.203243
65422681.181633
75463808.239916
63467458.19594
58949301.167148
61480610.149297
66200278.20848
55241082.136703
43860118.615298
52008235.812848
52174945.086307
49469433.122556
44534088.095564
42577088.126475
39216596.12082
67135858.17544
83498114.205899
68914666.185019
63758582.107502
59145278.14154
68590271.1174
61257931.189245
65959880.129031
67470831.128245
81103261.139126
43171661.082665
68396452.221474
59802423.164141
57213553.185141
63798885.198251
77498315.216539
74089931.203708
81315946.171379
58872131.634642
52639972.140887
77673534.15844
58879498.186563
57452057.176898
80854165.251618
86512414.228902
65744020.119577
57835278.18316
74337903.222277
46461372.09582
49096405.151028
89526776.275404
75680810.161282
73425507.12212
53044297.109868
75460613.148205
47846148.154808
49424749.131276
72238980.164129
92241546.273413
66807843.188452
70037429.172359
70899692.220501
67201790.181516
39690473.104474
67405092.218443
58523249.175865
47301051.137362
48541299.129505
48976750.112435
76191591.134048
71854762.130765
77487041.225361
61133881.122938
72297620.854441
58373382.641841
55308803.147706
79157731.211179
59781369.153058
62444150.102664
113897352.80131
65451923.170297
76747314.233505
66904304.115511
65516801.205291
85462868.187572
49562086.15659
65880415.179999
81100706.729537
54240979.121927
81786033.26309
60441775.10631
67809267.207764
63383490.191993
58733865.133812
90389444.190638
69413551.118146
43343331.131187
69805167.115994
67355807.21262
50381243.124131
74449790.187563
53675493.10604
65963930.19474
53166336.152528
50205689.086706
62998058.191068
72901976.123703
49030546.084601
37375196.591046
53553144.119586
60150045.113978
49816642.095415
51451515.138722
67489764.195313
71794161.703764
50678461.128011
53271770.091435
85738154.248041
74809895.236599
59493549.17701
65129619.165912
50619160.091312
51858781.158406
70921359.119579
54751226.088158
84120975.203806
82303718.232112
51501912.122826
60580007.157169
58348044.183915
36903053.118378
74868801.230905
71206170.184585
47562152.106872
46254206.120234
57674195.182246
35158056.082417
80663211.241654
58562143.656911
68597043.205425
55220798.12272
47532286.64532
59722767.152827
87584762.909828
69759318.6961
40349924.085806
55238554.123349
62189102.17617
60087147.170747
60422518.102836
75820772.164835
64867002.659894
45294104.092011
57592947.173974
78318359.22177
61664402.1089
52798761.147229
33133676.055334
70864649.195642
60851285.137721
80266172.251281
62714555.176426
64324691.112729
71729962.118973
61024791.100046
39385321.068309
64910607.107137
47705083.082081
67170456.135904
85959230.253035
65057495.197722
60062882.122121
44371462.087024
74786109.13068
73246476.23068
74958132.170352
59504556.175531
40109092.102187
53923231.154929
46372198.079918
70025879.195485
57509047.103397
64460338.16944
62474181.200183
47081532.127462
73012640.209292
56953834.159546
60348262.152048
70101345.19378
58257212.112754
69431910.220232
56714356.175381
58885388.113629
70660995.4552
83462883.139065
52268839.155319
75304959.153426
76857615.197379
67823683.192328
74920710.127721
68098531.202858
58850569.116793
72903182.156313
57904409.109596
51227583.095448
83286588.155074
81071821.70855
63015487.18075
48037863.078416
65891348.134627
72447054.211483
55434534.157321
54189555.08797
50997844.1412
75984714.237258
56282982.129408
45945770.135769
64792736.196945
60659837.663208
68034756.175965
48789829.131448
72154031.162526
73694851.163797
79620283.222005
57926260.108747
75188424.143826
88229332.198844
73392169.168613
59096350.135036
57090908.10283
58963302.109092
69541836.114528
67798715.457391
63723433.107587
67286819.135633
60557070.131143
51645189.132676
69853722.198711
68310529.191781
66360656.180524
65173937.164622
85451776.176059
76140313.219312
61749117.115554
50609063.10933
69429633.19622
34422541.589644
63151796.104728
77535633.130655
65036227.185937
77193022.717731
70536599.123122
58088105.105543
63755311.824739
73229716.221855
59928485.187768
55699405.095309
75555742.221649
64174713.105557
54128316.151275
63904029.610777
63175891.617885
85923399.186757
89399657.766923
94907881.239959
62440986.68411
49999556.125258
61204349.160037
68376971.194144
45996639.10888
88614728.25546
74346693.209251
80352842.159326
49638908.65486
74026753.124513
49242701.147429
76199605.699654
64576886.129606
44149563.110333
65964722.1159
55456642.101726
66318369.111474
65001323.186929
59697216.122817
40848963.100883
69010072.17208
81183334.238488
48518967.095977
73550331.944394
64940057.155866
51427119.110172
80394802.15564
84700187.163634
58274460.140649
48373279.126031
74566108.198447
85635302.223651
58969870.097524
63718309.107005
63170691.20042
64503902.200652
56356518.174125
85235363.173629
71963015.194279
72365191.188519
71751349.147956
45996486.098745
68616308.202832
44585277.138597
77241704.240487
60716841.18548
70023442.211635
68470709.178123
62369332.115654
68369075.20757
50767450.090662
44617380.101832
59481297.163557
73700278.132821
62712113.157784
61196799.160757
55557634.098448
51053056.150962
67074934.208824
49650261.0913
64954736.207233
91734151.172757
64546519.150946
44122727.101405
74259051.232027
57508136.158648
43484558.140913
59186067.099436
84116389.260867
62142732.105229
62314634.150482
61251558.190321
71320729.118559
62480180.167011
73703079.132719
50224993.112844
75348010.159577
70559840.178478
78430682.141072
85237883.155145
60202541.470532
44414168.094918
51819928.146789
81669790.226489
82641199.552801
62284617.129944
60693519.187076
50043012.153496
55010610.109244
53467958.135031
65771611.150727
57541884.133551
75201585.195868
75225127.135521
56442888.17684
84586562.199868
69610166.187881
58204327.178613
72568544.205894
56536782.170855
69331335.208219
52082446.645645
75623876.124944
66231449.185976
59179801.108026
78510137.245919
67652363.213198
66714310.136925
72927446.140873
55688420.102765
74791524.721108
54774178.130433
62190310.128397
51471429.139606
62366286.609353
70476369.121891
64836282.194899
40605890.601143
70632865.213531
51561915.090265
55347389.092633
77390094.183798
61829832.165133
66675263.207586
67952673.189675
63912403.144241
51709845.098958
65049035.11236
63475303.108311
55192713.114291
72747333.20654
66870721.163616
86274606.146408
47223993.111742
70929695.12657
69948469.225223
44711779.142089
65045174.111224
80338555.542956
68537124.15958
64342290.176673
57761729.094951
39942579.119966
66904981.110739
63869756.155394
55745728.125955
88228862.254167
82887457.231698
55392299.117528
59856782.167773
69467424.165865
71102408.120012
89901016.254729
64596717.178935
79773452.231909
65996451.195157
61278392.10501
76870764.167741
86664979.206331
49959597.134006
60259922.193058
53652856.595618
76223038.188381
55572368.172043
68344306.20017
82916829.244919
72927995.119938
69643742.173368
71889335.195796
43408779.112253
53762924.168528
68623347.213802
37085068.062875
74833494.186778
62952732.160825
41791683.112285
90197905.285295
72930224.202401
76536092.196943
42665651.12184
59063388.184231
61714651.191672
60224455.147477
51053088.117692
76011308.189826
52205038.120481
63531090.192079
78472284.249516
61297372.166952
45410279.091138
57293905.112411
56268397.108177
64916465.122527
61626555.136317
60919578.154694
71246323.204315
61376080.133759
58785350.139326
73292718.179307
48629285.086046
73457513.124263
61630563.172516
59816845.157998
47338160.130354
70280455.127779
50060328.145323
88206300.198894
47742795.126782
51208802.136115
84695369.195439
75383648.186476
77897173.229029
49610063.112843
51161468.138805
68312993.206791
69191719.206954
65631228.134408
62946837.168559
60317163.164895
50764314.135934
61413354.602526
55507317.152423
71092904.116925
49811259.121937
58069840.171257
76144978.213017
52118902.087175
50022254.132419
82621016.256176
63577790.112982
58843825.123384
73169089.190936
57108714.107569
81196778.220438
60423167.191107
68145979.161819
57182746.304272
75802461.190343
63268170.17969
72084660.219287
69441056.11745
61786930.142768
69186243.114472
51266056.153289
63845145.190503
46359636.4703
52114912.088116
55926467.150458
64730449.155701
61895832.197539
63460355.524519
64626407.999843
55611457.103883
75606187.229938
69009067.216831
43010122.08395
64737185.171901
47963001.119045
69842165.20693
73804203.201761
63604975.108748
63842339.17099
65099943.187364
54742888.159807
69876927.203402
53375966.10306
51326480.109688
57742557.099238
74648618.233445
82876655.150126
54368311.169018
67320810.179793
63497330.179428
71903598.198405
70301646.698341
63547255.133699
53349050.136564
52037641.14929
69332992.170921
78818792.132668
53290062.122509
80654548.260072
85287976.1922
53814027.170599
63615977.10929
89242237.23238
64972957.181591
61291258.104822
87050196.38754
69283984.178605
71927482.126323
65394960.524019
67955491.168074
69526663.819498
67406464.209208
52904990.128173
58218869.170748
63047812.981171
79414993.132949
76269630.165138
54638101.143189
59848205.175252
47874496.553901
59449776.693222
75505560.194796
53721236.0932
48690325.1025
50436572.137683
71741037.36764
74094767.183373
76260223.246603
94268063.245294
81929501.217373
76845580.184274
54424527.609409
44303727.142306
45412655.079479
52291755.089699
69104331.184389
56534236.102085
60133364.140405
62116863.173392
78833131.139451
73204410.226948
68079286.21162
65336860.180384
70650037.202414
71692043.168224
68746498.206432
58360710.107876
66112464.206355
62532109.887211
73580482.19077
60882342.129398
67022471.116893
70689908.127802
73605854.167901
75045016.212913
66284827.135274
47719172.087619
49376981.135355
54288035.089079
57830479.17224
47741555.102794
36786678.074256
82607887.692454
58742949.128844
57048839.181012
61968800.194475
67970206.17678
87572952.255023
39012868.086669
67347169.111274
58369977.163441
71009132.123551
49215401.09117
69349205.172977
73260735.192545
59478723.147645
76793037.127698
61791506.67899
71736357.197478
56632326.137097
50237867.091056
82529066.177095
64819307.115746
79427540.227726
71913204.19251
86859911.278002
76406007.172484
71147343.13451
79097018.238111
58844985.175841
58446714.182466
69696738.194287
45233538.087894
50316329.089673
75000382.160928
60716412.104939
76044840.139666
73203230.12425
63613174.164071
80098878.200838
76901715.216919
49361502.080864
81297482.229786
90390319.180763
40259670.075295
62382596.180594
74553258.185268
53655903.102755
52283325.133896
63844787.11975
61116982.166993
56254837.129135
66492083.176834
74203792.150069
50243003.150251
57123812.100324
61607326.149465
49621803.135679
85410061.226744
67398149.175034
74438328.150436
71600418.15007
46950384.116244
63222479.10915
48176528.10113
64403806.131325
61903370.861073
56686003.09451
42285632.071343
68489985.136785
52602425.140317
67780516.158136
55422787.128775
56393835.137651
66403849.210873
73107582.147266
52259155.16033
66254091.654328
48978106.133415
84858798.172674
78304156.231903
65581313.200981
59857895.101237
58441973.172379
55361241.138496
58436182.178327
69202556.123566
50774689.15143
43063132.071987
74285022.671802
75151370.200371
51448335.09706
62168643.102602
82770948.218708
51801307.160854
66703736.138388
65103756.154636
69021497.210506
72539072.312902
68274401.145272
42294799.111179
70903377.175191
46872579.146149
106903131.265206
57438345.097408
57945455.168682
72625562.191921
67793063.122746
67234546.175162
59375106.133822
58662248.127267
76894572.188573
77431717.221805
89644434.213562
60399520.180152
76156412.141321
56228303.153793
51084009.129752
64473164.111665
60849327.135525
48154001.133442
39808901.085212
70244923.131709
43881184.08332
46556738.088143
49248514.120853
63774947.174585
76279928.183461
62009221.623475
68631946.218597
48097351.443685
74287818.124026
60199068.184751
50228521.092687
71267656.165262
64462485.186723
78376298.168433
89191975.252003
48271989.141781
54354783.170816
51139851.096762
66511113.201109
49086984.121466
46377368.110782
36483684.113582
57508122.159817
67604562.18962
69108628.167821
65034851.203549
54910995.10717
67058695.118749
68239801.112595
76322088.251055
54271918.130412
66074583.167255
64991501.856294
58976091.143185
69470320.170204
