1.02927
0.929014
0.908858
0.755655
0.636202
0.576224
0.6648
0.604224
0.779493
1.02967
0.83902
0.907943
0.79239
0.893275
0.650331
0.800933
0.728128
0.779175
0.90911
0.471029
1.03025
0.933456
0.90595
0.807328
0.696771
0.793102
0.718322
0.785592
0.458873
0.895411
0.939409
0.602051
0.811767
0.912493
0.877503
0.569449
1
0.737725
0.706342
0.634059
0.695703
1.04106
0.886505
0.766509
1
0.613481
1.03632
0.931177
0.943205
0.66632
0.830682
0.910892
1
0.796234
1.00001
0.681056
1.03289
0.791511
0.545611
0.926213
0.856972
0.958181
1.00026
0.564488
0.83451
0.87139
0.709622
0.964394
0.480876
0.531445
0.847994
0.939905
0.987012
0.555318
0.876866
0.993993
0.96481
0.600826
0.826999
0.857714
0.801975
0.642126
0.472386
0.592622
1.00173
0.975128
0.778706
0.903473
0.594547
0.917208
0.573636
0.998091
0.793367
0.758517
0.722209
0.755699
0.411046
0.983821
0.835106
0.838635
0.773999
0.919877
0.860622
0.783512
0.569818
0.830285
0.887209
0.656345
0.778134
0.638731
0.577455
1.01292
0.471275
0.758251
0.828946
0.708286
1.00001
1
0.78199
0.473865
0.737109
0.981272
0.893278
0.955314
0.545926
1.01705
0.748785
0.836332
1.00001
0.862844
0.947178
0.909273
0.715029
0.932165
1.00745
0.935584
0.805784
0.700406
0.606243
0.93064
0.725506
0.832411
0.88556
0.956142
0.909345
0.9421
1
0.845832
0.801869
0.925826
0.928341
0.462727
0.610889
0.897788
0.43171
0.729673
0.96471
0.599245
0.636045
0.747078
1
0.821889
0.532337
1
0.593909
0.933135
0.849017
0.927246
1
0.919577
0.324358
0.840967
1.00001
1
0.817047
0.65941
0.996553
1.01927
1.05844
0.800111
0.931578
0.631913
0.63112
0.922473
0.422634
0.579464
0.905422
0.628272
1.00983
0.947638
0.909277
0.797441
0.670602
0.901442
0.680275
0.847266
0.541006
0.61898
1.0499
0.510936
0.821073
0.749896
0.918093
0.630294
0.768611
0.826292
0.810225
0.688677
1.00975
0.94231
0.584466
0.955369
1
0.984127
0.59257
0.809962
0.535883
0.866817
0.745605
1.06825
0.930258
0.648783
0.98729
0.707433
0.877484
1
0.502068
0.942738
0.940438
0.79142
0.781438
0.748271
0.708666
0.470075
0.843667
0.416734
0.97909
0.896581
0.792642
0.924706
0.648811
1
0.752128
0.834539
0.809055
0.75928
1
0.820935
1.03652
0.808705
0.928431
0.840082
0.379716
0.705195
1.02034
0.597918
0.747088
0.803564
0.561686
0.81704
1.01748
0.855809
1.01063
0.505358
0.753079
0.924545
0.890296
1.05882
0.777503
0.56156
0.601609
0.686896
0.737213
0.878031
0.925038
0.731801
0.893048
0.837415
0.80601
1
0.954082
0.717394
0.968405
0.993612
0.800783
0.902678
0.905748
0.857425
0.7806
0.454687
0.710465
0.746016
0.84303
0.50485
0.692694
0.896234
0.843177
0.86912
0.817818
0.964627
0.914861
0.705822
0.96707
0.996433
0.968332
1
0.922252
0.687094
1.07674
0.948739
0.711665
0.738579
1.01666
0.835882
0.862163
0.78901
0.660127
0.786791
0.670074
0.93102
0.773871
0.831759
0.830726
0.511441
0.832837
1
0.936688
1.00734
0.971373
0.998298
0.734466
0.929938
0.525966
0.865119
0.728968
0.511854
1
0.760238
0.567498
0.674183
0.4547
0.863929
0.853424
0.651653
0.840648
0.939123
0.993006
0.887998
0.813048
0.684469
0.939405
1.00004
0.924081
0.83899
0.877644
0.664916
0.682635
0.743708
0.918469
0.790144
1.00458
0.949889
0.764823
1.01566
0.823089
1.0061
0.918328
0.888859
0.556554
0.760068
0.457099
0.817545
0.875596
0.759921
0.681739
1.02457
0.866762
1
0.99686
0.899942
0.710587
0.787575
0.938914
1.05133
0.607827
0.997642
0.674806
0.83192
0.732257
0.90785
0.608051
0.765502
0.758737
0.572533
1.00001
1.03301
0.9988
0.665588
0.577178
0.798925
1.03364
0.787353
0.782613
0.913345
0.973835
0.667808
0.681772
1.00718
0.819258
0.729681
0.670059
0.533298
1.15802
0.738005
0.861843
0.850157
0.581116
0.540864
0.732541
0.758142
1.01595
0.855657
0.848885
0.850469
0.856201
0.698795
0.92328
0.604977
0.901238
0.851701
0.76578
0.722707
0.824788
0.679032
0.92816
0.859314
0.640874
0.921431
0.56569
0.983819
0.709983
0.831949
0.55839
0.499151
0.742232
0.870014
0.895737
0.991632
0.758913
0.991225
0.455024
0.417887
0.871338
1
0.943048
0.532385
0.706729
0.703073
0.760814
1.01491
0.565614
0.771779
0.86757
0.571923
0.879475
0.976584
0.881746
0.842115
0.827748
0.792113
0.653035
0.671409
0.857155
0.924295
0.743362
0.866545
0.831583
0.535706
0.833997
0.90911
0.853434
0.597837
0.471855
0.768142
0.933339
0.858997
0.997627
0.528164
0.945663
0.838637
0.959772
1.01849
0.833476
1
0.790994
0.785729
0.958903
0.946584
0.933906
0.775921
1.02734
0.759301
0.955475
0.960814
0.819967
0.657877
1
0.678226
0.95904
0.791782
0.922386
0.88489
1.0585
0.439892
0.64764
0.862205
1.0069
0.605903
0.752174
1.03394
0.766203
0.907025
0.725132
0.914414
0.931088
0.87598
0.89018
0.921314
0.992859
0.726741
0.561239
0.754838
1
0.989389
1.01872
0.796079
1
0.692811
0.593695
0.884261
0.863604
1
0.614087
0.904722
0.966536
1.00001
1.02839
0.754447
0.877681
1.00004
0.721508
0.472173
0.756046
1.02173
0.838483
0.978973
0.615173
0.46719
0.641555
0.655392
0.794946
0.533752
1.00001
0.892285
0.875081
0.763398
0.926667
0.939363
0.629495
0.934954
0.907585
0.963064
0.796002
0.983695
1.00001
0.913661
0.970917
0.928104
0.840409
0.89161
0.752905
0.873198
0.74085
0.770985
0.841582
0.976842
0.803118
1.08591
0.868064
0.979015
1.00001
0.866199
0.684688
0.653763
0.734733
1.11507
0.947238
0.927279
1.00233
1.01057
0.865978
1.00001
0.791803
0.863012
0.787542
0.628412
0.6071
0.731368
1
0.828967
0.894205
0.78269
0.859793
0.954094
0.500112
0.922617
0.885353
1
0.997578
0.974727
0.623965
1.00311
0.910095
0.776855
0.77669
0.787462
0.61257
0.796695
0.837559
1
0.836833
1.05536
0.952566
1.00001
1.00813
0.702266
0.997866
0.768264
0.801674
0.840518
0.800596
0.907042
0.791044
0.557546
0.835975
0.85619
0.715763
0.675991
1.00971
0.770407
0.838314
0.925129
0.647137
0.752447
0.953265
0.750196
0.855911
0.610207
0.46904
0.707893
1.03801
0.806783
0.754394
0.828402
0.927079
0.617294
0.820464
0.947364
1.00483
0.785132
1
0.650406
1.02012
0.937611
0.755347
0.757805
0.736865
0.677962
0.761705
0.807039
0.7258
0.919793
0.693775
0.623751
0.93664
0.724507
0.970289
0.824427
0.773712
0.903635
0.974473
0.737317
0.588074
0.927832
0.674266
0.909962
0.945258
1.0166
0.649085
0.746779
0.664642
0.939408
0.82225
0.689101
0.829832
0.613507
0.634083
0.442645
0.459168
1.05847
0.78173
0.731092
0.757511
0.676306
1.0313
0.655165
0.642292
0.558462
0.928563
0.660389
1.00344
0.689881
0.835729
0.953571
0.924063
0.848566
0.7965
0.664796
0.729879
0.695976
1
1.00001
0.67068
0.979936
0.72838
0.68965
1
0.725768
0.731512
1.01406
0.604344
0.848533
0.828616
0.877424
1.06856
0.529265
0.899336
0.722086
0.923297
1.00368
0.687312
0.921638
0.677366
0.621525
0.757762
0.851179
0.651041
0.717296
0.466207
0.435869
0.967647
0.741521
0.646269
0.662167
0.763379
0.883326
1.06065
0.989541
0.670389
0.859176
0.828441
0.834073
1.04495
0.587152
0.753852
0.897868
1.00325
0.40774
0.776746
0.905236
0.977086
0.606224
0.541244
0.583168
0.795897
0.635528
0.795809
0.973511
0.94263
0.532039
0.54707
0.805425
0.959829
0.751028
0.893338
1.01447
0.732411
0.890909
0.560565
0.97476
0.746318
0.734352
0.969784
0.538398
0.858904
0.928723
0.944404
1.13756
0.577242
0.529793
0.953288
0.914297
0.97056
0.930894
0.48433
0.673879
1.06482
0.607538
0.88886
0.858621
0.878613
1
0.692421
0.597718
0.945863
0.837119
0.571376
0.982292
0.602976
0.826803
0.41603
0.995595
1.04885
0.969235
1
0.778245
0.593567
0.539782
0.903059
1
0.679851
0.681409
0.881338
0.905235
0.677675
0.86985
1.00001
0.41579
0.802098
0.818663
0.729868
0.793239
0.671487
0.86888
0.730167
0.650421
0.768944
0.978053
0.713761
0.508569
1
0.59196
0.678644
0.962468
0.975771
0.809184
0.865007
0.699866
0.577747
0.763742
0.69585
0.764643
1.00592
0.832514
0.974029
0.836016
0.777204
0.574806
0.973468
0.682314
0.706333
0.958075
0.757305
0.962505
0.978707
0.966634
1.01507
0.860611
0.73121
0.868331
0.758817
0.911816
0.760811
0.560441
0.582474
1.00057
0.765835
0.679727
0.675581
0.552394
0.379334
1.14129
0.689067
0.679058
0.862224
0.8812
0.394222
0.836692
0.793534
0.939944
0.898624
0.771952
0.65114
1
0.757149
0.598737
0.878609
0.914421
1.00001
0.542194
0.925127
0.772722
1
0.692486
0.725436
0.619367
1
1
0.969649
0.58568
0.728573
0.896179
0.471852
1.04045
1
0.96649
0.967819
1.00011
0.637077
0.489439
0.830974
0.699072
0.628692
0.773133
0.87886
0.985892
0.772516
0.888585
0.536225
0.938911
0.558042
0.557441
0.944225
0.936738
0.809817
0.576809
1
0.918851
0.578469
0.865477
0.858464
0.776729
0.750575
0.544671
0.794537
0.786204
0.948786
0.936759
0.691369
0.691389
0.895185
0.983747
0.541332
0.672091
0.755425
0.985963
0.767747
0.733744
0.575827
0.668273
0.83779
0.736193
0.906843
0.714004
0.905715
0.918191
0.901481
1.00001
0.68621
0.777079
0.890136
0.969109
1.04626
0.983708
0.796348
0.725645
0.772744
1.07651
0.986328
0.702203
1.97252
1.76952
1.58884
1.23192
1.15744
1.45352
1.25177
0.919001
1.30374
1.6276
1.39048
1.49668
1.26629
1.35477
1.11374
1.46924
1.26691
1.33157
1.47543
1.20783
2.04767
1.60377
1.50297
1.74339
1.13369
1.46346
1.29774
1.51883
1.2536
1.45225
1.26445
1.33407
1.33473
1.70296
1.28244
1.23077
1.72316
1.19789
1.36313
1.15025
1.33576
1.81399
1.55638
1.17433
1.57303
1.15776
2.03349
1.31761
1.7608
1.1368
1.64168
1.5476
1.98727
1.36432
1.52414
1.11378
2.25962
1.54257
0.838813
1.40072
1.55728
1.92252
1.70709
0.910222
1.41181
1.42652
1.12202
1.99411
1.0265
1.78539
1.55441
1.18259
1.56161
1.58323
1.30737
1.67793
1.67027
1.05111
1.24756
1.44218
1.20319
1.22998
0.872135
1.19011
1.64961
1.50536
1.79873
1.55485
1.13629
1.5077
1.03135
1.75076
1.34723
1.42602
1.09523
1.18703
0.901077
1.60796
1.53363
1.40598
1.15095
1.45147
1.35159
1.08617
0.93897
1.51749
1.17874
1.13814
1.30267
1.13644
1.13979
1.52657
1.1948
1.49962
1.08529
0.989999
1.79109
1.93533
1.59554
1.59771
1.62232
1.63706
1.63713
1.32407
0.881763
1.87627
1.42807
1.55825
1.45571
1.42849
1.50905
1.60797
1.57205
1.47408
2.17437
1.47772
1.48224
1.18297
1.04623
1.50721
1.40564
1.90889
1.48053
1.91188
1.65939
1.74619
2.00773
1.69197
1.42188
1.52473
1.43769
1.11833
1.14948
1.28871
0.897717
1.23308
1.64687
1.13092
1.05588
1.21145
1.65932
1.23206
1.19333
1.80626
1.11739
1.65116
1.52635
1.50307
1.6052
1.41823
0.570099
1.46344
1.78345
1.59956
1.60973
0.994622
1.59274
1.53029
1.72653
1.1385
1.81433
1.05223
1.13029
1.42871
0.824215
1.38635
1.61882
1.24536
1.81417
1.54393
1.38421
1.2933
1.04938
1.47284
1.31114
1.23318
1.3473
1.03553
2.05523
1.09277
1.41198
1.52659
1.52747
1.09461
1.14733
1.56706
1.67594
1.29383
1.51918
1.5121
1.24145
1.91517
2.13428
1.61078
1.02285
1.70929
1.21433
1.6441
1.45236
1.48826
1.34907
1.24908
1.65824
1.19313
1.05836
1.67891
1.03884
1.66316
1.53741
1.82227
1.42572
1.41235
1.45119
1.4587
1.28988
0.94262
1.52091
1.47914
1.24471
1.60281
1.12577
1.93206
1.62606
1.25838
1.46298
1.33172
2.03298
1.24234
1.6142
1.35698
2.07717
1.33643
1.42205
1.28863
1.68846
1.40876
1.47791
1.29896
1.10325
1.39362
1.51499
1.76149
1.67383
1.09213
1.44035
1.59649
1.4643
1.50399
1.65439
1.19628
1.21731
0.888367
1.1651
1.61521
2.53609
1.26655
1.36245
1.47725
1.37838
1.60765
1.50491
1.11194
1.99332
1.53544
1.09822
1.49622
1.68348
1.18165
1.28454
0.579854
1.14509
1.37567
1.3191
1.27092
1.5117
1.92526
1.37171
1.38928
1.25968
1.36045
1.70131
1.20301
1.68366
1.60678
1.70699
1.59582
1.60561
0.988792
2.11313
2.01924
1.1263
1.08059
1.80191
1.03496
1.72572
1.71402
0.833608
1.57536
1.08984
1.33869
1.07308
1.48146
1.34967
0.852512
1.48615
1.88524
1.65132
1.39047
1.55595
1.57554
1.27106
1.65657
1.12281
1.46366
1.59955
1.08216
1.63083
1.42063
0.807058
1.27556
0.892797
1.34649
1.78015
0.971896
1.31892
1.24139
1.80992
1.60505
1.45816
1.19542
1.34435
1.55674
1.61703
1.42046
1.57983
1.40864
1.33118
1.75314
1.80701
1.27248
1.60158
1.46802
1.22083
2.07684
1.41428
1.9454
1.32383
1.96407
0.974911
1.33101
0.945188
1.39491
1.37262
1.54992
1.24657
1.73518
1.98157
1.81975
1.38674
2.13309
1.04083
1.32277
1.3309
1.44995
0.924629
1.44532
1.09153
1.26491
1.13101
1.58636
1.30687
1.14894
1.4747
1.46267
1.60391
1.54801
1.70824
1.14861
1.01413
1.58747
1.96152
1.06063
2.59514
1.71706
1.53094
1.28583
1.19388
1.63966
1.3482
1.06661
1.64397
1.01818
1.6498
1.32315
1.78867
1.52355
1.1311
1.0587
1.27772
1.43344
1.73023
1.51617
1.37431
2.11246
1.15517
1.0339
1.53049
1.1651
1.79021
1.47635
1.45946
1.32844
1.06572
1.14894
1.31134
1.38962
1.31984
1.61194
0.948675
1.42688
1.27144
1.25403
1.07954
0.998846
1.38277
1.42775
1.41032
1.57173
1.47232
1.51587
1.10461
0.976561
1.45188
1.68127
1.71201
0.994004
1.10069
1.54994
1.18919
1.99522
1.0469
1.44249
1.37074
1.06612
1.09248
1.54833
1.50126
1.56572
1.38018
1.2275
1.00615
1.46342
1.64311
1.84805
1.38053
1.57232
1.63871
1.15435
1.38757
1.57765
1.46435
1.58106
1.0414
1.31765
1.43568
1.45442
2.15058
1.22461
1.71543
1.61278
1.34167
2.41427
1.85277
1.40983
1.29089
1.39459
1.82908
1.73284
1.72248
1.43565
1.86277
1.32694
1.66134
1.7552
1.36685
1.07736
1.7771
1.19876
1.56217
1.65584
1.5577
1.71332
1.67401
1.28416
1.05465
1.45397
1.93927
1.10443
1.21117
1.62265
1.18701
1.61904
1.49599
1.69403
1.55177
1.50164
1.33472
1.48959
1.28556
1.20729
0.980728
1.41527
1.85197
1.85031
1.8405
1.43317
1.65945
1.63882
1.51987
1.46039
1.18833
2.06286
1.15379
1.4334
1.61833
1.64812
1.69907
1.29999
1.35246
1.735
1.13684
0.7651
1.64549
1.73213
1.39904
2.17086
1.02682
0.950045
0.984366
1.15134
1.17275
1.05523
1.70452
1.339
1.31631
1.44479
1.4516
1.6282
1.01835
1.28405
1.39359
1.88887
1.63222
1.44388
1.49243
1.60241
2.00912
1.37806
1.49095
1.86157
1.42455
1.27662
1.16569
1.35773
1.44849
1.44296
1.41929
1.47695
1.60274
1.89542
1.56613
1.5007
1.07929
1.14269
1.3475
1.51842
2.08364
1.47417
2.48107
1.72687
1.31792
1.62808
1.2228
1.4149
2.11464
1.06273
0.817151
1.49424
1.9088
1.33869
1.68974
1.29573
1.43423
1.39265
1.04005
1.44229
1.47544
1.74855
1.6648
1.52343
1.02135
1.74004
1.58689
1.35114
1.44883
1.32437
0.897381
1.28031
1.5915
1.44533
1.78125
2.1014
1.93212
1.54767
1.59572
1.06068
2.15297
1.23391
1.19944
1.28145
1.60858
1.40961
1.30241
0.981908
1.2145
1.61929
1.32293
1.15142
1.85158
1.37289
1.21423
1.51481
1.11242
1.44774
1.47142
1.39512
1.34877
0.950707
0.946257
1.37077
1.83829
1.26325
1.45923
1.42524
1.46948
0.949367
1.39214
1.28642
2.12798
1.62455
1.69894
1.30157
1.59178
1.66073
1.37043
1.3116
1.96724
1.26432
1.29268
1.45538
1.27378
1.62204
1.30672
0.904102
2.37162
1.55723
1.30333
1.17378
1.15615
1.5138
2.29116
1.20202
0.996105
1.88521
1.1981
1.33393
1.46236
1.88729
1.09491
1.22235
1.52112
1.44686
1.588
1.61294
1.73741
0.998218
1.181
0.770279
0.813422
1.52439
1.31012
1.90033
1.46478
1.115
2.04143
1.15843
1.16239
0.959163
1.61496
1.43815
2.45671
1.23938
1.37707
1.82887
1.68951
1.52494
1.43078
1.29181
1.28762
1.37273
1.49747
1.88578
1.33128
1.69495
1.19552
1.5204
1.72132
1.19142
1.27825
1.44696
1.63631
1.45318
1.29646
1.68194
2.13865
0.785559
1.38463
1.45097
1.25501
1.8858
1.65482
1.61869
1.29301
1.02927
1.27071
1.37935
1.03124
1.05019
1.06418
0.959872
1.55709
1.19719
1.11975
1.06523
1.11893
1.60992
2.22916
1.69037
1.23812
1.70661
1.22663
1.17861
1.45908
1.74591
1.25832
1.98262
1.40931
1.14581
1.51763
1.74373
1.34108
1.61941
0.923876
1.00316
1.44815
1.09051
1.7768
1.75077
1.31789
1.10584
1.00938
1.29543
1.7131
1.13028
1.88081
1.9792
1.34953
1.53696
1.14346
1.55821
1.50576
1.52538
1.72658
1.08468
1.75024
1.57527
1.44683
1.9572
0.861802
0.866819
1.59804
1.689
1.60675
1.88687
0.828459
1.08378
1.39178
1.17719
1.62689
1.45549
1.38131
1.3964
1.16632
1.02545
1.55412
1.09506
1.16824
1.41965
1.38665
1.37363
0.849858
1.34992
1.86586
1.38977
1.58091
1.41663
0.941234
0.957411
1.55165
1.74624
1.23283
1.25328
1.25293
2.02003
1.30491
1.50821
1.49244
1.33772
1.27647
1.69023
1.25657
1.36675
1.13369
1.50443
1.08949
1.07806
1.22122
1.51276
1.16116
0.932702
1.98022
0.92211
1.08322
1.87016
1.40542
1.18402
1.87078
1.37195
1.03878
1.18261
1.16426
1.36352
1.64851
1.06946
1.61675
1.08447
1.25005
1.22998
2.06179
1.10998
1.19606
1.7939
1.16584
1.80268
1.79036
1.5425
1.46389
1.49612
1.65301
1.19732
1.3111
1.41654
1.39994
1.18047
0.785849
1.55763
1.16168
1.04445
1.20989
1.18734
1.16496
2.02578
1.24576
1.03651
1.37047
1.34562
0.759461
1.48593
1.45572
1.68141
1.76089
1.31601
1.18513
1.64904
1.06902
1.08032
1.51063
1.90767
1.57238
1.0193
1.35328
1.19826
1.58275
1.02165
1.6127
0.993207
1.47816
1.59745
1.89988
1.20138
1.26924
1.42969
0.757299
1.5532
1.7482
1.53798
1.40596
1.63084
1.01418
0.868521
1.18035
1.03227
0.970888
1.34201
1.49944
1.68209
1.3544
1.29091
1.12893
1.31469
0.797373
0.906318
2.16478
1.41106
1.56877
1.06306
1.756
1.89551
0.99705
1.48488
1.8571
1.55965
1.37028
1.22845
1.21914
1.85237
1.30322
1.62149
1.33088
1.33803
1.95823
1.68636
0.974983
1.06073
1.2237
1.37757
1.41231
1.12397
0.88572
1.18408
1.82018
1.00876
1.81197
1.86754
1.24348
1.42384
1.43251
1.62778
1.32354
1.36457
1.42864
1.33105
1.56308
1.93768
1.388
1.44321
1.28749
3.40256
1.90414
1.1304
5502200.0
5754790.0
5194780.0
10857600.0
3596960.0
3144760.0
5998130.0
6877090.0
5646660.0
5922000.0
8784010.0
7526800.0
9879880.0
12260600.0
5317960.0
4836860.0
6292580.0
6791360.0
2062720.0
7118310.0
4092750.0
6468700.0
9062250.0
2283600.0
7882260.0
5242750.0
6093510.0
3605480.0
4124040.0
6116450.0
6153970.0
5038580.0
6295980.0
6187450.0
3778110.0
7534470.0
2068560.0
6742100.0
4870350.0
3222050.0
7009560.0
4610350.0
9535600.0
8953960.0
7359870.0
6275750.0
3147580.0
7012440.0
3424670.0
4696150.0
4428450.0
5508650.0
6262460.0
6463570.0
8647210.0
9044280.0
2439620.0
3318520.0
5586460.0
4554180.0
7193040.0
3691630.0
3859060.0
8194220.0
4351900.0
4386450.0
4526940.0
4412840.0
5460510.0
2773310.0
4706440.0
5111330.0
8998430.0
4379690.0
10088100.0
7241610.0
6166170.0
5093160.0
8093160.0
8173490.0
7935610.0
5411990.0
7465110.0
8683840.0
5470880.0
3352960.0
3554820.0
2918640.0
5496610.0
5248990.0
9547750.0
7760420.0
8455820.0
5715050.0
6253020.0
4693550.0
7909230.0
9000580.0
5297700.0
4491880.0
5920540.0
5737400.0
11461200.0
5415060.0
9539470.0
7584950.0
5423230.0
7868830.0
6208120.0
5717090.0
6057090.0
7606560.0
2316230.0
6683550.0
8678590.0
5442110.0
4627130.0
4229870.0
4505440.0
2670960.0
6908610.0
4408820.0
5408750.0
8252370.0
7381630.0
2674690.0
6513700.0
5964790.0
7698380.0
6570110.0
6227530.0
5823380.0
5042080.0
5968040.0
3288340.0
2996200.0
4921430.0
7537270.0
4681260.0
8157610.0
1550750.0
3146150.0
6245750.0
3376400.0
6181940.0
3544390.0
4928460.0
7815690.0
4928930.0
4111380.0
4997090.0
6342140.0
6756100.0
8204360.0
4936200.0
8156230.0
5952560.0
5238120.0
4263540.0
9493000.0
7072070.0
7875180.0
6323580.0
2336860.0
3980800.0
7532450.0
7371040.0
5695230.0
8669680.0
8646580.0
4365050.0
8096660.0
5153780.0
5736980.0
6074570.0
7021060.0
6202800.0
7582800.0
4790630.0
5934690.0
8364710.0
3682480.0
6374840.0
7345120.0
5627010.0
4767460.0
8448130.0
5426320.0
3636240.0
6132120.0
4889430.0
4438220.0
10354900.0
4255120.0
7384500.0
6150280.0
3167340.0
9218380.0
4141910.0
4956300.0
2613150.0
5276680.0
5786640.0
2914960.0
7435980.0
5315580.0
5900920.0
3665230.0
4134060.0
4926660.0
7759900.0
7111910.0
4127550.0
4427220.0
10038800.0
5214340.0
5937610.0
5833990.0
6513760.0
9326560.0
12545200.0
3931240.0
2379590.0
2886070.0
7136590.0
6522850.0
5485080.0
3117290.0
2640470.0
2395690.0
5828440.0
6135530.0
3928640.0
4906890.0
8684840.0
5366820.0
6980440.0
5514340.0
9009920.0
7110370.0
8252940.0
3180140.0
2356630.0
8814150.0
4988270.0
4214950.0
5610230.0
4288350.0
6371600.0
6814650.0
4547960.0
5216580.0
2261340.0
9997590.0
2795430.0
4260440.0
3987020.0
6477760.0
4289940.0
6953850.0
4201470.0
5586880.0
2583840.0
2669750.0
7163940.0
8564190.0
3056240.0
4974380.0
5533720.0
4702980.0
5226820.0
6592150.0
9751660.0
6509740.0
1809540.0
5831200.0
6320120.0
4144600.0
4215490.0
6721160.0
7453230.0
5011890.0
5361450.0
4287870.0
4589380.0
5508340.0
9289400.0
8353260.0
6345670.0
5010660.0
7410120.0
11134200.0
3084960.0
2689150.0
5135590.0
2509510.0
8870910.0
6753700.0
5941860.0
5313110.0
8301260.0
5373190.0
7353070.0
9270350.0
3939750.0
4388670.0
3721230.0
7849700.0
2743830.0
5721060.0
6715060.0
7777860.0
4388880.0
8145340.0
7676750.0
4821780.0
7430900.0
4595470.0
5472580.0
10819300.0
7215850.0
5281920.0
4642940.0
4967680.0
6424000.0
4911640.0
6407620.0
6135260.0
7949620.0
6400540.0
7674970.0
4971300.0
3770260.0
4072100.0
5118640.0
3402660.0
8050380.0
7450370.0
8473610.0
6704750.0
8398180.0
4962560.0
7658800.0
7520000.0
5056580.0
6232890.0
6781420.0
7602280.0
8141210.0
5015140.0
6967140.0
8138130.0
3250560.0
3883070.0
5475390.0
6326570.0
6945720.0
3788100.0
6355490.0
7926460.0
5559870.0
7017110.0
9664440.0
3627200.0
7537690.0
4939180.0
7160270.0
3044950.0
6632530.0
4676190.0
6700840.0
9881460.0
7625140.0
5888390.0
5276160.0
5905790.0
3537970.0
4969970.0
4186820.0
3615230.0
9710730.0
7139540.0
10266100.0
3347160.0
15732300.0
8775720.0
6966070.0
6890580.0
10597300.0
3030530.0
5611870.0
8231630.0
5522540.0
4890930.0
7879480.0
4765290.0
9436010.0
7938200.0
7773760.0
6744050.0
4431740.0
7246690.0
3016270.0
2260350.0
11978900.0
5380250.0
12611300.0
4599450.0
5617010.0
7035860.0
3069250.0
6924850.0
4382660.0
8061110.0
6073660.0
6972870.0
5637290.0
7908380.0
7066810.0
4170600.0
4698680.0
7390090.0
11225600.0
3612260.0
12510200.0
11938600.0
5766350.0
6463690.0
4818960.0
6459130.0
4722160.0
6375640.0
6969410.0
7401340.0
9129740.0
6060030.0
6054530.0
2724820.0
6046780.0
9272750.0
4144480.0
7964210.0
4630300.0
7703550.0
5747780.0
5310100.0
8209970.0
10676700.0
7137960.0
5456440.0
2944570.0
3485190.0
7043060.0
9504480.0
6905160.0
5249590.0
5617400.0
4047960.0
4760760.0
4645990.0
5572080.0
8420930.0
5164660.0
8024570.0
10219200.0
5733300.0
6304270.0
4002390.0
5155380.0
4676860.0
10591800.0
4034280.0
3436150.0
4176090.0
5415980.0
3205330.0
3937160.0
5992920.0
5460100.0
4419350.0
7973960.0
4315490.0
3783680.0
11583100.0
4417020.0
5504420.0
2773560.0
7365360.0
4277630.0
6683900.0
9850340.0
2647960.0
2919310.0
8342040.0
4209010.0
9302720.0
6846020.0
3581530.0
10934300.0
3992390.0
4857180.0
6812360.0
6547320.0
6610390.0
5205290.0
5140410.0
7535620.0
5834080.0
4890220.0
3078620.0
5785170.0
3305030.0
5440880.0
3842590.0
4640180.0
7486490.0
2224500.0
5166310.0
8065010.0
4885710.0
9578240.0
9776680.0
7482020.0
5343160.0
6841350.0
4666300.0
8470260.0
5172770.0
6405410.0
6954760.0
5430970.0
6405150.0
5024340.0
4869400.0
4581670.0
6781010.0
4327100.0
2081430.0
3724650.0
5664310.0
7187650.0
4892180.0
5035120.0
4621410.0
5677820.0
5201340.0
5041910.0
8757980.0
4564970.0
6179960.0
5643180.0
8521280.0
3614110.0
6038310.0
3403780.0
4761920.0
5826000.0
3111350.0
7399040.0
8815560.0
5361630.0
5334330.0
2874760.0
5652830.0
11017500.0
8642200.0
5808430.0
6460890.0
5659970.0
10358700.0
4768740.0
4916770.0
5555210.0
4872760.0
4325440.0
7883330.0
6536970.0
3521010.0
7360480.0
3655590.0
4473740.0
7952000.0
8520290.0
6917090.0
5356980.0
6781520.0
8929840.0
6536690.0
9385280.0
3625220.0
5971850.0
4700100.0
7115520.0
5575480.0
7154880.0
4922520.0
1991810.0
5024190.0
4204770.0
3769240.0
10367400.0
7082030.0
7356500.0
8103400.0
544432.0
5048150.0
5717970.0
6145590.0
6210940.0
4211590.0
4896120.0
6118480.0
4155970.0
6523700.0
6940810.0
8060370.0
5994090.0
3688100.0
7749850.0
6903690.0
4225680.0
8415340.0
4290000.0
7856560.0
5059510.0
6300020.0
6854050.0
5885510.0
5627840.0
5527480.0
4481110.0
2572380.0
5098680.0
5836040.0
7191710.0
11125500.0
3348980.0
5515840.0
5788930.0
6782350.0
6403710.0
6356970.0
7313080.0
8753120.0
3540400.0
5520420.0
4432830.0
5470530.0
4835690.0
4276840.0
10793300.0
8577050.0
13371200.0
8025760.0
3803950.0
3120760.0
9206960.0
9230160.0
6518320.0
5730260.0
5215870.0
4959180.0
5934710.0
8117620.0
10376300.0
8071340.0
2441850.0
9282950.0
4650040.0
5442780.0
6348390.0
6881300.0
5548770.0
5776060.0
8402950.0
6672020.0
2164920.0
4885740.0
4633480.0
10048400.0
5517120.0
5307090.0
8487960.0
9087900.0
1729870.0
6959290.0
6822720.0
5798930.0
6766000.0
6725420.0
2436810.0
6034490.0
4283970.0
3108890.0
6199190.0
6868750.0
4780890.0
5807790.0
3831260.0
6668260.0
4965970.0
6856990.0
5640410.0
3095820.0
3608890.0
9030160.0
8805300.0
5993660.0
13003000.0
2436840.0
5820210.0
3724940.0
5345960.0
8646670.0
6682240.0
6334070.0
5465190.0
11764800.0
4750980.0
4069840.0
2546870.0
5643420.0
6218790.0
6083800.0
3663270.0
6199820.0
4925120.0
4581080.0
6817020.0
9513120.0
5120210.0
4397960.0
4435060.0
9595580.0
6365110.0
8008860.0
9681270.0
7277210.0
8474820.0
5779320.0
1749520.0
9136690.0
10142500.0
5736990.0
2981730.0
6027410.0
11001600.0
7108650.0
6028430.0
5288120.0
3250760.0
6581700.0
6407120.0
4527930.0
3349310.0
7261990.0
7314530.0
9937570.0
8229440.0
5061980.0
9890030.0
6377890.0
7113460.0
7152740.0
3121960.0
9904600.0
2413600.0
6213520.0
9353280.0
3162300.0
6611890.0
10528300.0
4872120.0
2423460.0
4606940.0
4397050.0
5517840.0
2034300.0
8466780.0
4083900.0
8092350.0
5352090.0
5108550.0
5832610.0
9743300.0
6105310.0
4344250.0
5664980.0
7440100.0
4580570.0
8025750.0
7832650.0
6863630.0
8581370.0
2456480.0
4229410.0
5571780.0
6347570.0
6544920.0
7057420.0
5945160.0
4345030.0
5241650.0
11108600.0
4719550.0
4491910.0
11678200.0
4298570.0
12125200.0
4678300.0
4707180.0
6986940.0
7015970.0
6309340.0
7917010.0
7585810.0
12047000.0
6796130.0
4060020.0
5681000.0
8069610.0
5582890.0
7089620.0
6089470.0
6557720.0
4307370.0
7449960.0
5657340.0
4331760.0
6729510.0
9453100.0
10451800.0
5668340.0
6127020.0
9946270.0
6667750.0
3924560.0
5982800.0
4045930.0
3911740.0
6690230.0
4348130.0
6202100.0
6421420.0
6780830.0
6953700.0
6338770.0
1462440.0
7673600.0
2823620.0
5623840.0
5900500.0
2672000.0
7314510.0
12048600.0
9750800.0
4650920.0
6997880.0
9146120.0
5887670.0
5845880.0
10656200.0
7359720.0
5035230.0
6607830.0
11392900.0
4664640.0
6065570.0
7421630.0
9531920.0
4582780.0
3918140.0
4090430.0
2885240.0
3854400.0
5816230.0
6862160.0
4060630.0
4003260.0
5969530.0
3261590.0
4236260.0
3757110.0
4898310.0
4867320.0
3826940.0
4222530.0
9245400.0
4185720.0
5851510.0
4862290.0
6321480.0
6209640.0
7609710.0
7479220.0
6270450.0
5400620.0
9142970.0
5652440.0
5247960.0
5750400.0
4512060.0
6823910.0
9982910.0
9398930.0
4630300.0
6227540.0
4913980.0
7722210.0
4650850.0
3658060.0
7684030.0
8740000.0
9537000.0
7770190.0
8234140.0
5827710.0
5831830.0
5159760.0
5278260.0
4862520.0
8641650.0
2592800.0
10955000.0
4574150.0
9364560.0
6852470.0
10186700.0
6343190.0
7043040.0
4300460.0
8464200.0
5571500.0
6257590.0
5234370.0
6067190.0
9424570.0
4915450.0
5731250.0
4610690.0
9486460.0
8577780.0
4724480.0
6107800.0
5949710.0
2372710.0
5470390.0
5076320.0
7129590.0
8834580.0
7527790.0
9878340.0
3456490.0
6567850.0
4109290.0
8958360.0
9412700.0
3551520.0
8103210.0
7480140.0
4491780.0
5579760.0
4619450.0
4138920.0
7057590.0
3948180.0
5910130.0
4854320.0
7061230.0
6433080.0
5201120.0
7040220.0
6406290.0
7076690.0
4682840.0
7529060.0
7891160.0
7833370.0
5537610.0
6762040.0
3075740.0
9448000.0
2933980.0
4336430.0
4211330.0
5133560.0
6953760.0
5497420.0
7024660.0
4560050.0
11156200.0
7960690.0
5586510.0
6093300.0
5660040.0
7622890.0
7115590.0
1417050.0
5328370.0
3523190.0
5502198.009686
5754786.009245
5194782.009077
10857627.020067
3596955.006268
3142983.506085
5998128.010642
6877087.012975
5646660.010138
5921996.010584
8784014.016706
7526805.014014
9879878.017366
12260601.022617
5317961.00952
4836855.008242
6292575.011338
6791355.011871
2062715.003668
7118308.013465
4092467.007593
6468702.020364
9062252.015759
2283599.004327
7882257.014047
5242367.509531
6093514.019987
3605482.007033
4122740.256958
6116452.01077
6153966.010926
5038584.008137
6295985.011569
6187454.010701
3778112.006983
7534471.023378
2068559.003323
6742099.012251
4870349.008155
3222050.005768
7009110.5132
4610353.008006
9535602.030308
8953962.015791
7359871.013325
6275750.021038
3147578.005228
7012440.011874
3424673.005994
4696152.008509
4428447.007367
5508653.010292
6262465.012136
6463566.022192
8647214.016534
9044276.015804
2439624.00428
3318520.010998
5586027.010686
4554177.008235
7193042.013302
3691632.006369
3858791.506914
8194222.028301
4351901.007808
4386450.007886
4526945.008815
4412845.007325
5460507.009954
2773312.005832
4706442.009004
5111332.009859
8998429.016356
4379298.508528
10088079.017681
7241606.012256
6166171.011065
5093163.016855
8093160.014469
8173489.01518
7935609.014565
5411714.510132
7465114.013992
8683835.016054
5470878.009457
3352964.006104
3554820.006402
2918641.004992
5496611.010034
5248991.009268
9547749.032643
7760418.013766
8455825.015623
5715051.018835
6253019.011445
4693553.008751
7909233.013738
9000585.015683
5297701.008644
4491884.007837
5920535.010422
5737398.009744
11461202.021383
5415058.009718
9539473.01722
7584953.013169
5423233.010468
7868834.014465
6208116.019564
5717092.01016
6057089.010962
7606562.013986
2316232.004361
6683551.01227
8678586.016232
5442112.009611
4627131.00804
4229869.007067
4505435.007749
2670959.004967
6908606.012283
4408816.008108
5408750.009422
8252366.015047
7381630.025353
2674691.004479
6513701.011348
5964786.010839
7698381.014727
6570108.011915
6227534.010679
5823382.010658
5042079.008949
5968035.009581
3288341.005825
2996202.004905
4921434.008845
7537272.013531
4681261.007946
8157614.01493
1550751.002714
3146152.010213
6245752.011348
3376395.005987
6181944.011387
3543927.006285
4928465.008549
7815694.014773
4928926.009221
4111383.007522
4997094.008592
6342142.011994
6756103.022314
8204360.027028
4936196.009288
8156231.015119
5952557.009983
5238122.008182
4263539.007597
9492995.017668
7072070.012552
7875181.013859
6323582.012513
2336855.004124
3980801.007579
7532447.013167
7371036.014179
5695230.017523
8669676.015118
8646580.016569
4365048.007859
8096662.014434
5153776.008939
5736975.010014
6074572.010429
7021063.022924
6202804.010519
7582800.013134
4790632.008568
5934689.019355
8364713.015058
3682477.006738
6374836.011445
7345116.025248
5627014.010722
4767459.008919
8448131.014471
5426318.009647
3636240.006002
6132122.020714
4889430.009216
4438220.00819
10354900.03489
4255125.008053
7384496.013211
6150282.01078
3167343.005619
9218378.03132
4141913.007249
4956300.00944
2613153.004665
5276682.008794
5786640.009666
2914959.005301
7435983.01326
5315578.009694
5900922.010002
3665228.012137
4134057.007295
4926656.008774
7759896.025326
7111906.012552
4127546.007189
4427224.007778
10038801.033222
5214337.009534
5937612.01074
5833990.009821
6513758.011675
9326563.015767
12545193.041505
3931244.006606
2379592.004089
2886072.005241
7136593.013066
6522848.011842
5485083.009956
3117291.005449
2640468.004751
2395687.003862
5828444.010143
6135531.01065
3928637.006969
4906888.016357
8684844.015761
5366816.009776
6980442.011968
5514342.009422
9009919.016446
7110369.011876
8252941.026841
3180141.005549
2356249.504203
8814148.029505
4988274.009656
4214951.007691
5610233.009859
4288350.007185
6371602.011087
6814647.022629
4547360.342051
5216576.009559
2261343.004119
9997587.018765
2795429.005298
4260445.008147
3987018.007445
6477760.022046
4289936.00692
6953851.013367
4201471.007376
5586876.010278
2583837.004538
2669754.00458
7163943.01332
8564194.016365
3056236.005127
4974391.008288
5533725.009578
4702980.008879
5226819.009512
6592146.022543
9751659.032258
6509736.021443
1808803.253176
5831203.01068
6320121.011137
4144122.007562
4215490.007527
6721165.022215
7453227.013254
5011890.009082
5361454.009977
4287873.006956
4589381.00828
5508335.009856
9289397.017074
8353263.015517
6345671.011493
5010661.009783
7410120.012855
11134150.01996
3084956.005565
2689147.004867
5135587.009611
2509157.004238
8870912.0158
6753702.012433
5941858.011683
5313106.009101
8301260.013529
5373187.009552
7353069.012997
9270349.016846
3939751.0072
4388670.008326
3721229.005799
7849705.014766
2743826.005213
5721064.009855
6715062.012128
7777859.025852
4388883.007639
8145341.015141
7676746.02538
4821783.015442
7430900.014224
4595472.008548
5472585.010095
10819308.019907
7215850.024425
5281917.009106
4642942.008457
4967685.008996
6423996.011695
4911643.008583
6407619.011909
6135261.010434
7949617.014557
6400543.011623
7674968.012932
4971299.00913
3770260.006565
4071637.507095
5118637.009584
3402656.006091
8050376.014221
7450369.013311
8473609.014151
6704753.01181
8398183.015068
4962555.009093
7658802.013555
7519995.013214
5056584.00909
6232888.011236
6780956.012911
7602276.013578
8141210.027162
5015139.009295
6967138.012318
8138133.015375
3250557.005605
3883072.006539
5475386.009324
6326571.011904
6945722.012769
3787740.507277
6355493.012539
7926462.014633
5559866.00945
7017113.012845
9664441.017245
3627205.006146
7537687.013577
4939180.008202
7160267.013315
3044951.005478
6632534.011202
4676191.008146
6700836.011288
9881461.017999
7625142.013557
5888390.019506
5276161.00946
5905786.010341
3537969.006035
4969970.008612
4186821.008125
3615232.005983
9710731.017108
7139536.012476
10266103.018126
3347155.00626
15732348.05326
8775719.015672
6966074.012808
6890582.012108
10597313.019479
3030533.005369
5611870.010341
8231631.015252
5522544.010205
4890932.008203
7879485.014136
4765294.008472
9436007.016731
7938197.014167
7773764.026484
6744046.012384
4431745.014057
7246694.013713
3016267.0085
2259725.004312
11978905.021619
5380253.009988
12611283.041943
4599945.008175
5617012.018055
7035856.012572
3069252.005606
6924847.012913
4382665.007468
8061113.014109
6073659.010032
6972866.012727
5637290.010073
7908376.013958
7066813.012857
4170596.007425
4698256.009255
7390087.012926
11225623.020454
3612263.006273
12510243.041104
11938622.040371
5766351.01014
6463690.01298
4817499.509022
6459133.010774
4722165.015338
6375644.011148
6969410.022637
7401336.013749
9129736.016963
6060029.010454
6054532.010462
2724816.004631
6046782.01028
9272748.017066
4144442.507866
7964213.014598
4630295.008403
7703552.026175
5747524.010055
5310101.008973
8209968.015722
10676708.018803
7137962.022589
5456435.009873
2944574.005371
3485188.006306
7043056.012158
9504485.015468
6905158.011224
5249588.009582
5617400.010412
4047955.00748
4760761.008958
4645993.009146
5572075.010393
8420927.015217
5164660.009631
8024569.014823
10219184.019018
5733296.009745
6304272.011473
4002386.007128
5155379.009801
4676855.016064
10591815.034433
4034283.007232
3436149.006073
4176093.007826
5415983.009447
3205332.005472
3937160.013072
5992925.010805
5460098.008615
4419346.008264
7973955.01412
4315486.007477
3783685.006631
11583096.020275
4417017.007764
5504425.010534
2773562.004338
7365355.014033
4277628.00774
6683899.011799
9850337.018068
2647963.004598
2919054.339076
8342035.015556
4208818.008105
9302718.030215
6846821.013288
3581527.006189
10934278.019753
3992248.007395
4857184.008638
6812361.01122
6547320.011529
6610389.012078
5205292.008048
5140409.008754
7535624.013621
5834082.01841
4890218.009235
3078617.005529
5785170.01023
3305028.005865
5440875.009195
3842592.006895
4640177.007835
7486492.013728
2224498.003654
5166307.009468
8065013.015493
4885714.015318
9578245.016118
9776682.031971
7482021.013615
5343162.009943
6841348.021609
4666301.007404
8469870.515369
5172774.009191
6405408.011871
6954759.023863
5430974.008825
6405146.010985
5024344.008459
4869404.008518
4581668.007701
6781012.012351
4327097.008093
2081433.006657
3724646.006441
5664311.010487
7187652.013725
4892179.015973
5035120.009588
4621407.008023
5677818.010084
5201337.010029
5041909.009891
8757985.015815
4564967.008947
6179957.011384
5643178.010292
8521281.028962
3614107.006357
6038307.010249
3403782.006002
4761923.008362
5826000.010013
3111347.005838
7399038.013819
8815558.015853
5361626.009604
5334330.009198
2874764.005177
5652833.010306
11017494.020266
8642196.016056
5808430.010881
6460888.011729
5659967.010605
10358714.019539
4768741.008556
4916767.008844
5555210.009767
4872756.008277
4325437.00792
7883330.014781
6536967.01155
3521008.00625
7360476.012809
3655590.006277
4473735.008088
7951998.02726
8520287.015475
6917093.012581
5356977.009869
6781524.0124
8929837.015659
6536689.011448
9385275.017571
3625216.00681
5971848.010818
4700098.007907
7115515.012254
5575481.01073
7154884.013232
4922516.009125
1991813.003539
5024191.008888
4204768.006408
3769245.006167
10367352.019007
7082032.013527
7356503.013562
8103397.014435
544432.00087
5048153.009597
5717973.009436
6145590.011689
6210945.011341
4211592.013235
4896116.008626
6118480.010102
4155967.006651
6523700.021569
6940808.011168
8060370.014587
5994086.010914
3688095.006647
7749852.013552
6903686.023661
4225676.007833
8415339.015183
4289999.007373
7856559.01395
5059513.008686
6300020.011892
6854048.012748
5885511.010606
5627840.010078
5527481.009627
4481106.007737
2572140.337723
5098680.009415
5836038.010925
7191710.012905
11125548.037393
3348980.005641
5515841.01848
5788932.018989
6782351.012335
6403713.01169
6356970.011555
7313083.01287
8753121.016139
3540395.006522
5520422.010262
4432830.008339
5470533.00989
4835692.008303
4276837.007806
10793253.020061
8577047.015663
13371239.044179
8025760.025704
3803952.006667
3120756.005975
9206955.016433
9230157.017487
6518315.012335
5730257.009876
5215866.008507
4959185.007879
5934711.009914
8117615.027149
10376331.01872
8071340.026109
2441846.004007
9282953.016391
4650042.007777
5442777.00982
6348390.010877
6881300.013036
5548769.009894
5776058.010406
8402952.015047
6672016.011547
2164925.004084
4885736.009054
4633475.007602
10048391.018024
5517116.017912
5307088.009872
8487960.015516
9087900.015571
1729088.836531
6959288.012962
6822716.01291
5798933.011213
6765999.02295
6725415.021797
2436814.00394
6034488.009728
4283971.007729
3108887.00583
6199193.011618
6868748.011866
4780893.008731
5807787.010054
3831255.006451
6668260.012047
4965966.009392
6856991.012078
5640409.017911
3095824.005223
3608886.006264
9030160.017419
8805303.01599
5993655.010788
13002999.044082
2436836.004517
5820210.010479
3724532.506762
5345964.010078
8646667.014128
6682239.011081
6334074.011976
5465194.009135
11764802.039328
4750977.008267
4069838.007107
2546872.004217
5643421.010237
6218793.011293
6083804.011304
3663268.006365
6199820.011477
4924870.509138
4581083.008747
6817021.012472
9513118.031862
5120214.009793
4397957.007971
4435063.008093
9595582.017241
6365114.011505
8008858.026282
9681274.017471
7277213.011699
8474824.014856
5779322.010473
1749521.003296
9136686.015888
10142505.017612
5736994.009906
2981727.005338
6027409.010176
11001624.020344
7108647.013157
6028426.011099
5288124.009351
3250758.006115
6581703.011051
6407118.011661
4527728.50819
3349311.005951
7261992.013568
7314528.013474
9937566.032621
8229443.027647
5061980.009889
9890028.018362
6377889.02135
7113461.013462
7152741.01216
3121723.505798
9904604.017999
2413598.004187
6213524.010705
9353277.031632
3162297.005833
6611890.012332
10528319.019366
4872121.008667
2422989.504353
4606936.008332
4397051.008166
5517844.009994
2034299.003753
8466783.015586
4083902.007053
8092351.015071
5352086.01043
5108549.016898
5832609.01028
9743305.032411
6105310.011324
4344250.007816
5664979.009224
7440101.013228
4580571.008043
8025747.014429
7832648.025409
6863628.01228
8581371.015329
2456478.004037
4229413.007886
5571780.009843
6347567.019642
6544921.012213
7057419.012218
5945158.010141
4345031.007322
5241649.009199
11108630.035935
4719550.00847
4491912.008162
11678230.021067
4298569.007501
12125156.039851
4678299.008307
4706814.009049
6986935.012055
7015973.012646
6309337.011891
7917006.014288
7585807.013062
12046976.02189
6796131.011455
4060018.007107
5681003.009858
8069613.014338
5582892.010102
7089615.012592
6089471.010681
6557722.011646
4307370.00755
7449961.024914
5657339.009817
4331756.007835
6729509.013023
9453098.032367
10451759.01848
5668339.010024
6127016.011077
9946268.017033
6667749.011114
3924558.013181
5982800.011808
4045926.0071
3911736.006703
6690230.011757
4348134.008413
6202103.01106
6421416.012033
6780834.011395
6953698.023256
6338767.011922
1462438.002676
7673597.025523
2823615.004843
5623844.010371
5900499.019806
2671997.004839
7314514.012924
12048633.021447
9750802.016892
4650924.008226
6997878.012252
9146123.030467
5887670.010071
5845881.009825
10656200.035935
7359720.02424
5035229.008723
6607833.012061
11392909.020833
4664640.007839
6065574.01089
7421627.024525
9531916.032564
4582780.00827
3918142.007254
4090427.007396
2885243.005154
3854396.007269
5816232.019015
6862155.011339
4060628.00738
4003264.007337
5969533.020235
3261588.006334
4236256.007806
3757109.006344
4898313.008653
4867317.00878
3826942.007021
4222527.007233
9245403.015212
4185724.007164
5851509.010995
4862287.0089
6321481.011388
6209639.019844
7609706.025356
7479223.013692
6270453.011683
5400619.017286
9142970.031164
5652438.01025
5247958.016081
5750404.018768
4512062.007619
6823906.011945
9982906.017961
9398932.016869
4630303.008052
6227535.020668
4913985.008958
7722208.013751
4650847.008989
3657741.507356
7684026.01411
8739998.028581
9536995.016711
7770191.014438
8234140.027329
5827709.010668
5831826.010973
5159756.009255
5278262.017813
4862515.008466
8641647.029464
2592799.004203
10954977.018738
4574150.007534
9364560.017302
6852472.012391
10186700.018446
6343190.010245
7043042.02356
4300456.007881
8464200.027413
5571505.018905
6257591.011836
5234371.01757
6067193.009754
9424571.017563
4915451.009217
5731252.011092
4610690.007832
9486464.017751
8577780.028656
4724480.008995
6107803.020002
5949711.011473
2372708.004266
5470392.010478
5076319.009598
7129590.012684
8834583.015737
7527792.014491
9878336.018448
3456486.006884
6567853.012313
4109293.007122
8958365.028869
9412698.017153
3551518.006256
8103207.026398
7480143.013793
4491783.008109
5579765.00941
4619451.008107
4138919.007566
7057591.01298
3948183.006101
5910126.010728
4854321.008731
7061234.012986
6433080.011828
5201120.008926
7040216.012776
6406291.012008
7076694.013455
4682845.008649
7529058.013582
7891155.013985
7833367.026429
5537607.010059
6762042.022321
3075045.005977
9448004.032551
2933983.005513
4336430.007083
4211326.007924
5133559.00901
6953762.022369
5497419.009392
7024179.513086
4560049.007334
11156173.019884
7960691.01414
5586291.509356
6093296.011406
5660044.009236
7622891.026224
7115586.013631
1416424.402507
5328372.009254
3523189.006422
