519
499
485
674
382
558
433
431
522
405
501
507
422
539
580
353
463
517
490
507
474
370
611
421
426
731
471
428
441
506
428
601
366
425
526
534
401
524
421
805
683
526
456
468
445
397
671
508
427
708
464
487
497
501
375
409
384
444
441
397
430
369
384
386
402
534
547
485
470
701
426
540
465
515
644
638
382
407
420
466
548
438
743
475
579
567
551
429
531
535
538
505
377
418
1062
504
494
322
500
449
388
605
470
588
481
423
430
498
471
567
534
382
453
524
497
493
528
454
472
479
422
602
424
566
410
467
442
526
572
367
622
518
393
554
451
425
515
477
408
531
468
600
508
481
374
535
553
458
446
517
447
482
406
463
517
398
500
564
620
431
437
487
481
590
470
526
485
540
447
430
408
413
375
448
510
547
412
452
488
508
472
436
446
502
375
532
453
450
500
709
460
487
471
421
547
539
470
548
579
419
636
482
605
689
395
524
327
441
430
484
541
558
590
540
586
534
642
423
452
514
447
610
569
413
423
438
668
380
642
603
391
481
476
506
511
515
489
684
517
429
523
461
553
803
501
475
486
442
537
459
397
520
609
554
522
632
389
566
520
499
412
368
426
642
510
563
483
617
583
537
536
536
443
385
484
417
415
512
542
705
489
568
424
709
375
415
452
602
340
523
569
461
552
536
476
859
442
451
499
508
498
668
568
517
464
353
522
462
572
460
537
518
761
498
360
516
468
508
466
713
511
575
359
665
505
680
441
470
442
394
485
494
508
431
603
616
406
406
536
433
518
466
466
513
704
463
565
544
519
574
437
464
465
628
520
545
447
443
499
603
538
686
532
555
582
450
530
550
424
770
409
729
448
478
548
457
519
448
325
416
472
468
499
431
375
579
804
545
409
427
582
415
488
446
459
510
490
470
426
535
497
486
527
606
505
395
630
513
518
484
759
468
438
657
472
441
455
447
595
512
528
587
564
487
587
479
526
426
637
564
494
503
537
408
582
551
341
446
538
358
504
415
471
545
475
475
484
567
406
428
581
445
588
549
455
482
511
485
535
459
498
498
397
414
429
546
502
550
519
440
536
508
635
525
387
546
412
368
514
560
446
378
457
554
688
485
816
520
542
796
398
367
535
524
404
476
546
420
534
509
795
462
525
508
502
498
530
531
525
514
511
398
351
796
404
461
501
561
472
534
539
546
540
583
420
481
459
572
365
438
450
549
574
548
716
400
384
490
354
475
605
458
464
436
433
407
536
559
445
448
581
423
518
385
627
612
929
506
408
494
570
452
431
516
467
487
500
543
407
473
375
425
500
506
532
492
585
386
493
446
641
483
462
401
465
416
551
487
540
455
471
559
488
431
383
442
434
550
493
657
650
645
516
501
440
558
612
366
403
509
412
611
559
526
422
540
508
471
435
446
533
417
563
540
513
653
481
403
537
483
572
504
618
482
475
448
534
503
556
445
484
451
498
729
603
464
409
525
564
469
414
455
461
422
494
410
529
365
476
582
486
545
559
571
492
417
661
483
425
353
425
465
452
540
553
501
480
574
491
527
371
415
431
609
440
620
495
393
497
539
512
440
530
400
604
363
458
456
507
399
781
386
421
483
450
381
487
579
471
402
400
483
473
673
494
569
461
481
448
505
413
435
558
513
427
479
721
662
439
673
483
441
621
899
648
388
477
566
619
829
474
584
506
420
401
558
558
449
483
519
501
529
476
428
462
532
470
512
495
502
545
422
405
555
488
492
579
418
404
470
492
437
503
455
450
528
881
466
535
406
432
486
613
704
509
522
468
493
487
501
449
519
531
571
559
578
480
512
675
511
562
442
552
537
541
389
552
418
498
536
500
409
444
423
472
770
526
387
529
610
508
525
518
409
611
455
463
563
743
473
517
536
422
514
548
623
491
467
537
569
463
509
405
591
401
475
442
456
780
327
346
541
465
590
502
381
432
622
429
512
497
553
468
648
648
394
550
508
476
610
542
449
389
596
473
396
445
376
561
428
392
575
472
423
648
449
439
434
529
448
390
451
565
496
406
407
453
549
465
577
455
577
436
372
489
481
694
544
574
513
497
497
630
765
590
469
582
903
484
450
439
461
451
534
457
705
617
522
604
480
571
569
512
557
753
401
493
443
504
454
591
542
512
525
647
650
516
473
529
435
639
455
418
419
417
433
590
480
415
340
452
506
430
387
588
531
594
441
445
466
539
489
576
411
460
427
512
392
584
685
550
723
523
493
434
513
609
901
523
552
418
492
386
393
442
505
491
591
442
400
2248
1312
1980
2878
2587
1433
1902
1524
1396
2123
1856
1225
2029
2884
2222
2242
1981
2374
2479
3357
1802
2655
1385
2780
2786
2988
996
1825
1764
2477
2455
2024
2727
1328
2492
1670
1925
2778
1312
1864
2523
2633
2490
2672
1980
2280
2359
3145
2075
2737
1563
1368
1808
2610
1625
1947
3087
1857
2442
1753
2082
2365
2402
2619
2383
2305
3049
2725
3021
2933
1463
1542
2147
2411
1683
2745
1418
1750
2086
3143
2766
1353
2732
2493
2736
2083
2295
2164
1083
2398
2515
2825
1902
1352
2446
1194
2257
1398
1286
2543
1668
2099
3013
2684
1689
2833
1934
3064
1898
2681
3410
1741
2570
1543
2050
2464
2337
1163
2425
1888
2665
2097
2059
2164
2794
2711
1439
2027
2544
2375
2679
1751
2096
2687
2287
1865
2327
2637
2019
1945
2268
2331
2134
1570
2058
2583
2428
1735
2905
2672
1189
1183
2677
1822
2206
2290
2332
3160
2801
2736
1931
1956
1750
1986
1904
2152
2423
2378
2951
3013
2274
1585
1436
1393
2312
1508
1201
2880
2912
2806
2469
2521
2703
1129
1724
1827
1904
2368
2646
2784
2917
2300
1991
2278
1883
1691
1911
1828
2149
2415
2666
1838
2203
2548
1940
3169
1431
2695
3072
2215
2323
2383
2118
2192
2808
2007
2955
2039
2853
1343
2011
2450
1743
1406
1661
3101
2868
1796
2927
2092
2099
1819
2264
2804
2540
1068
1191
1974
2084
2201
1943
2597
2682
3083
2100
2882
2654
2453
1565
1381
2643
2097
3059
2881
1377
2804
1876
2990
2413
2513
1791
1894
2494
3215
3018
1331
2018
2589
2673
2929
2195
1936
2530
2517
2322
2583
1457
2132
2202
3407
1346
1916
2614
3036
2860
2850
1259
2084
2205
1633
2351
2974
3169
2926
1071
2565
1583
1394
2736
3171
1732
2948
3091
2615
1971
2338
3248
2661
2041
2345
2801
2807
2308
2194
1400
1817
3213
2843
2878
2624
2368
2840
1946
3260
1134
3133
2978
2479
1310
1793
2103
2336
1940
2023
1812
2336
2622
2484
3018
2438
2461
1885
2863
2737
2770
2601
3114
1719
3440
2581
2685
2449
2102
1332
2862
1719
1147
2909
2689
1844
3290
2667
2509
2369
1768
2637
2433
1719
2192
2457
1617
2287
1877
2333
2569
2442
2179
2665
1867
1102
1619
2096
2265
2008
2344
2667
2414
3224
2288
2508
1794
2522
1546
2399
1663
2681
2727
1825
2533
2647
1222
1607
1466
1526
2057
1928
2359
2804
2281
2232
2931
3662
1290
2422
1634
2477
1608
2279
2879
1959
1875
2271
2803
2533
2734
1960
2284
2583
2380
2698
2226
2563
1344
1699
2757
1513
2320
1974
2325
2353
2141
1763
3054
2532
2476
2589
2133
2029
1576
1611
2946
2790
2048
2826
2866
2107
1920
1315
1469
3284
2031
1570
2145
2459
1562
2508
2947
2854
1224
2638
2821
1764
2884
2630
1317
3057
2581
1519
1972
1976
2846
2746
2726
2143
3329
1556
3007
2382
2452
2701
1963
2384
2972
2195
2878
2257
2264
1879
2895
1488
3294
2533
1736
2857
1972
2297
2647
1405
1322
2158
1513
2385
2862
2127
2142
1845
1099
2935
2207
2044
2379
2185
1386
1609
2031
1162
2433
2617
1934
1356
1639
1752
2763
2580
2356
2841
1692
2360
1762
2281
1797
2720
2443
1720
2111
2142
1931
2260
1925
1431
2134
2191
2232
1591
1696
2484
2960
3508
2884
2463
2408
2362
2274
2200
2365
1537
2682
1911
2269
2542
1697
2545
2599
2410
2366
2743
1979
1606
3329
1322
2251
2818
1966
2923
1119
973
2246
2613
2977
3015
2089
2098
2136
2848
2365
1932
1888
2218
1798
1834
2489
1936
3156
3230
1796
2444
2285
2823
1906
1841
2069
1586
2985
2338
2112
1277
2374
2609
2841
2591
2648
2449
2184
2406
2919
3217
2572
1353
2021
1316
2522
1814
2783
1987
2479
2497
2511
3310
3442
2490
2072
2936
2583
2247
2485
2856
3406
1641
2499
2893
2525
2747
2438
2333
2837
2396
2000
1988
2916
1620
1998
3580
2116
2129
2854
1988
2989
1162
2955
2083
2828
1980
2371
3771
2031
1530
1563
2649
3079
2534
2720
2164
2614
2312
2617
2345
2568
1868
1659
2099
2401
2403
2425
2381
2323
1819
1694
1567
2992
1734
2517
2728
2422
1835
1331
1762
1717
3120
2783
2995
2526
2362
2152
1699
2179
2607
1962
3459
2140
2735
1946
2512
3178
1432
2545
1948
2974
2299
3163
2427
2399
2172
2146
2984
2655
2322
1784
2985
2200
2654
2528
1250
2200
2499
1400
2343
2644
2603
1547
2357
2323
2068
2562
1886
3492
2611
1963
2939
1534
3000
2026
2274
1894
1727
2292
2160
2395
1937
2111
1987
1968
2442
1430
2676
2522
2968
2408
1867
2663
1521
2128
2932
2777
3050
2635
2509
2160
2640
2337
2542
2055
2750
2863
2078
2830
2069
1858
2462
3201
2712
1698
2217
2175
1676
2424
1755
2561
2631
2109
2208
1697
2473
2433
1916
1549
2495
3128
2672
2703
2452
1944
2472
1769
2964
3111
2006
2803
1772
2438
1446
1548
2340
2766
2039
2520
2240
1876
2095
2331
2812
2010
2082
2315
2587
2465
2545
1974
2545
3165
2304
2822
2584
2397
1604
1809
2811
1550
1345
2636
2173
1428
1183
2504
2175
2142
1636
2218
1942
2458
2506
3010
1966
1734
2309
1041
1362
1268
1405
1439
2781
2154
2342
2748
1382
2128
1910
1437
2857
2986
1635
2152
2247
2726
2151
1128
2902
1567
2673
2352
2041
1860
1764
1601
1369
2466
2262
2470
2265
1477
1804
1472
2376
1849
2867
2634
1934
2077
2039
2516
2044
1989
1426
1984
2263
2673
2932
3019
2351
2405
1783
1568
2550
2413
2403
2498
2458
1595
3174
2685
1781
2482
2507
1725
1269
2717
2205
2244
1868
1391
2054
2038
3075
2153
2151
2062
1738
1931
2187
2225
2277
1301
2407
1437
1185
2237
1856
2638
2493
3061
2598
1352
2988
1328
2975
3309
2515
2500
1672
2322
2071
2065
2469
3375
1324
2857
995
2848
2676
1954
2090
2283
2344
2333
2838
1382
1772
3024
1840
1807
3027
286
289
247
290
514
263
291
722
326
268
268
377
270
661
290
291
641
406
312
309
564
353
206
267
344
311
323
311
427
332
289
269
352
384
361
227
352
312
480
289
309
270
311
507
377
536
311
331
581
432
206
506
330
405
398
552
411
267
291
246
310
331
714
352
669
485
270
365
332
311
398
164
518
185
382
311
422
448
440
403
310
593
333
288
311
289
309
248
261
288
309
319
485
345
287
352
336
205
389
415
506
311
289
291
302
312
313
311
317
311
841
477
270
226
401
270
225
344
268
353
372
320
415
312
310
356
359
248
281
294
311
185
639
312
311
426
290
227
343
255
309
312
470
274
309
360
336
331
422
327
227
268
270
206
420
269
319
336
312
638
492
319
344
353
248
269
310
311
312
310
332
462
465
256
396
288
356
291
407
290
293
270
310
443
415
206
543
351
377
331
310
311
290
312
451
248
235
321
314
689
290
231
270
353
248
341
448
311
291
288
312
340
288
290
401
298
332
269
315
205
357
289
268
423
431
332
269
248
298
273
449
290
357
645
315
326
183
356
268
467
331
332
336
312
289
312
332
336
234
255
541
540
336
290
369
353
599
556
295
333
401
309
587
311
311
206
293
315
315
336
273
476
316
207
490
310
334
740
269
333
206
344
357
294
268
332
524
785
637
394
338
311
598
311
185
332
252
207
311
252
358
312
314
314
269
298
315
269
394
330
331
336
331
374
425
607
419
361
289
331
290
291
341
311
305
340
332
301
376
273
561
290
644
330
738
310
553
385
353
494
402
269
310
311
331
411
290
272
356
290
312
311
315
427
351
551
424
452
311
318
411
269
332
531
503
373
291
656
248
289
423
311
248
298
290
290
227
270
492
313
322
364
291
369
247
311
331
515
309
332
288
273
405
290
938
461
290
281
311
269
392
210
185
246
330
290
312
383
415
486
331
311
311
267
496
291
326
407
336
249
510
381
248
227
364
332
206
269
269
249
332
715
272
348
290
209
719
310
290
248
268
323
457
311
332
273
331
289
246
234
330
291
334
290
290
377
227
423
255
390
271
322
227
310
209
468
290
353
225
310
312
268
290
352
310
311
636
322
373
269
270
315
312
298
353
732
357
269
311
333
423
310
311
330
456
332
315
331
311
287
311
270
693
311
311
322
456
228
226
290
416
289
273
310
291
330
252
361
311
311
331
332
294
248
288
415
290
269
772
203
268
348
290
331
310
319
486
507
290
331
477
311
330
246
290
332
287
268
453
658
331
291
586
439
273
310
311
415
311
440
390
420
291
339
486
206
311
256
266
336
752
269
332
289
290
337
256
809
357
350
419
291
311
365
555
406
289
252
406
340
332
231
269
415
247
354
269
269
269
298
226
267
364
421
493
270
251
312
330
206
442
323
310
361
311
231
290
311
289
552
331
288
270
268
311
331
249
235
323
314
331
352
372
594
311
373
361
290
311
291
309
289
269
289
310
268
440
585
269
312
310
269
314
416
336
232
247
270
311
393
288
332
248
269
407
332
311
214
290
692
291
326
333
357
228
268
628
407
312
310
312
383
468
311
361
330
290
461
298
293
332
310
268
469
490
381
402
698
332
314
311
539
352
290
547
325
248
311
558
294
308
371
310
268
310
290
494
333
311
315
292
311
311
298
467
293
333
289
312
311
291
224
381
312
290
369
393
289
413
331
268
164
519
340
296
544
291
290
294
1010
310
311
269
373
337
290
426
290
294
269
340
354
267
371
665
288
311
268
310
329
289
288
290
312
269
311
310
330
336
464
465
569
330
311
290
319
309
333
270
249
268
290
291
333
310
268
398
289
312
289
366
390
310
631
341
308
312
333
356
269
595
291
311
289
252
311
344
248
291
291
270
269
298
331
290
436
470
227
332
522
578
398
332
289
569
290
302
289
227
311
315
490
310
436
267
331
332
490
290
289
318
586
290
206
269
288
543
418
269
310
402
302
465
290
269
246
291
185
309
306
311
359
267
410
445
492
205
719
185
352
811
439
310
520
331
268
268
310
290
267
291
309
332
327
568
290
363
310
312
311
309
439
395
535
268
207
311
294
645
906
327
266
311
407
310
247
514
330
498
269
578
185
268
311
290
333
444
290
289
228
543
270
290
312
310
311
385
331
270
352
310
311
418
185
311
289
356
311
319
273
274
336
288
321
442
319
290
311
331
332
252
294
472
277
290
410
310
356
311
515
477
672
235
595
466
352
312
311
310
332
439
332
432
329
291
247
332
311
269
185
331
690
334
331
207
469
890
225
344
269
