454
495
634
533
673
591
666
559
905
505
530
488
646
887
660
462
573
433
936
519
478
815
627
571
425
618
488
485
450
573
506
575
496
579
550
815
498
603
476
609
573
459
545
460
417
499
577
736
515
416
691
845
622
573
636
602
468
572
606
489
902
666
631
576
536
645
555
412
544
429
481
436
485
592
534
621
522
571
507
479
576
711
607
564
575
551
569
573
457
621
704
627
414
599
517
579
418
388
555
560
568
445
493
645
596
548
543
584
471
536
414
611
568
416
844
399
488
585
467
485
544
603
473
554
589
603
507
594
428
469
609
510
644
595
460
736
503
616
742
595
581
442
486
427
613
543
572
561
563
384
429
612
857
637
645
523
559
465
429
607
540
540
539
483
429
516
498
589
776
611
457
628
896
422
606
577
563
578
480
633
536
402
561
448
506
602
498
498
495
475
514
602
557
562
395
566
472
665
404
494
622
544
468
667
907
613
579
491
426
549
633
523
458
486
443
500
496
538
611
562
466
395
463
533
495
634
519
541
579
565
600
634
680
454
507
1027
574
636
734
545
552
618
879
530
557
459
442
433
591
442
536
681
523
624
488
590
475
528
634
445
446
476
421
439
640
561
419
625
515
432
473
663
539
597
418
456
640
482
528
912
862
592
472
455
357
375
533
595
585
732
684
504
524
596
523
495
450
569
899
462
474
549
641
435
623
500
547
556
607
595
376
677
587
687
685
725
699
521
515
630
456
534
573
515
730
798
545
658
546
548
577
472
469
471
541
553
503
445
542
587
421
487
542
713
404
437
536
454
482
487
461
635
660
626
623
462
556
659
447
673
559
505
632
629
715
491
463
580
473
562
722
544
585
587
538
472
543
574
413
485
410
518
663
666
526
407
565
505
448
386
640
561
496
596
694
475
516
449
452
486
616
573
461
764
495
470
627
430
566
445
618
573
477
475
537
661
455
593
677
596
529
646
503
475
855
691
549
574
499
625
499
467
512
552
497
474
415
530
470
416
682
740
516
537
600
555
542
422
544
689
729
590
481
617
469
646
645
575
534
605
734
432
439
616
993
522
677
597
871
727
501
455
457
921
471
654
509
487
603
514
410
695
535
404
564
497
542
559
900
633
514
542
489
760
799
623
661
506
449
529
570
531
539
605
820
557
473
459
595
422
541
527
406
434
528
434
451
594
928
628
464
567
585
619
574
535
667
504
516
434
540
506
570
526
535
538
516
526
635
744
505
490
549
590
439
653
477
552
482
553
550
506
500
454
552
723
567
498
569
632
524
626
462
480
540
596
520
699
366
555
593
601
519
629
474
504
580
511
531
503
544
594
493
460
415
515
646
428
869
715
607
568
983
527
528
631
496
569
545
615
555
522
535
480
666
436
739
464
672
620
606
473
951
870
555
619
497
718
512
583
818
469
554
559
563
558
574
584
526
550
536
505
544
616
495
578
496
389
597
521
541
492
561
438
643
488
475
619
672
898
547
493
751
594
457
484
627
535
485
686
395
622
405
643
597
446
511
744
511
594
500
539
521
557
562
524
548
449
439
516
459
492
556
510
887
583
541
520
607
398
445
605
497
481
420
531
582
505
458
521
530
546
496
612
706
567
648
478
555
504
513
732
377
522
557
982
543
549
444
573
549
480
1092
460
497
498
603
583
668
486
581
508
510
464
529
530
477
583
613
561
468
453
521
649
564
601
596
547
621
562
527
547
480
495
606
494
505
612
510
616
885
504
482
490
511
500
869
607
616
531
559
741
478
525
545
542
849
497
635
498
507
979
488
467
590
590
488
504
906
576
526
507
564
544
527
605
579
596
493
679
649
618
481
895
661
465
489
534
583
517
539
460
539
509
594
535
632
542
493
537
621
504
581
455
474
498
561
824
653
631
540
642
517
803
733
526
767
477
503
456
539
434
570
479
501
510
547
411
553
500
618
538
450
693
750
556
411
452
505
572
482
889
486
657
501
578
656
556
578
980
549
471
532
531
546
549
520
676
475
861
503
531
610
621
620
628
415
782
722
493
369
537
885
539
501
513
470
443
495
662
449
530
575
611
652
615
585
527
504
537
487
534
451
450
615
615
531
637
607
564
614
779
970
711
553
565
566
646
567
456
580
576
560
885
591
598
734
560
559
511
533
640
549
546
551
604
706
628
537
518
550
586
780
507
523
578
516
512
623
628
480
543
492
374
553
534
698
570
432
592
554
671
448
584
568
517
454
502
613
490
633
573
397
582
564
642
509
539
607
628
475
572
403
938
489
513
556
533
740
498
2157
1804
3317
2646
2490
2769
3131
3526
2956
2754
1943
2807
3255
3248
2496
2627
2838
2128
2553
2801
2210
3038
3269
3536
2670
3348
3372
2885
1788
1612
2404
2265
1940
2923
2530
3069
2736
1711
3039
3145
2994
3108
1712
2209
1826
4153
3393
3591
1801
2260
3024
2984
3012
2609
3636
2796
2234
2961
1721
4120
3713
2347
2742
2576
3434
1985
2018
2146
3730
2163
2770
2676
2579
2807
2973
2032
2469
2944
3159
2544
2861
2177
2262
2009
2866
1684
3112
2464
3049
3431
3405
3131
1882
3604
1070
1674
3402
2244
2176
3224
2591
3208
3208
2378
3311
1951
3241
3027
3577
1694
2782
4331
2697
2351
2230
2157
3011
3360
2459
3274
2156
2821
2701
2674
2811
3146
1694
2304
2995
2039
2056
2412
2884
2264
2253
2357
1782
1903
1628
2679
3685
2237
2813
2745
2248
1840
2546
2724
3318
2217
3522
3291
3614
2361
3559
1760
2597
1727
2241
2911
2767
2765
2161
2052
2494
1773
3710
2639
3022
2299
2511
2752
3463
1587
2194
2597
3118
3300
2312
2531
2613
1576
3490
1906
1735
3041
2209
2654
1824
2939
3040
1942
2097
2698
2630
2155
2029
3320
2702
2713
1697
2933
3452
3163
3016
2918
3101
3046
2316
3009
2921
1807
2467
2845
2748
2756
2778
3145
3186
2217
2980
3038
3064
3032
2418
2293
3033
2037
2786
1743
2818
3149
1722
2217
2519
3496
1541
2754
2899
2529
2635
2229
3326
3448
2411
3110
2314
3347
2577
2092
2914
3023
2789
2412
2339
2357
2902
2087
2453
2929
1889
2448
2486
3131
2752
2030
1102
2876
3212
2344
2951
3354
2770
2926
2051
2899
3008
1925
2774
2773
3155
1705
1852
2471
3802
1839
3075
1508
2614
3575
3108
3035
3475
2325
2731
2882
2582
2325
3718
3042
1645
2607
1682
2708
2673
2528
3080
3135
1636
3164
2906
3160
1895
2668
1689
2572
3862
2448
2883
3857
1590
2417
2450
2589
2801
2260
2194
2462
1542
2851
3259
1678
3053
3079
1942
2570
2660
1988
3723
3545
2691
3029
3943
2760
1574
2492
3281
2452
2653
3052
3610
2679
2797
2976
2220
1953
1621
2753
3443
2361
1969
1701
1900
3643
2278
2104
2483
2818
2757
2566
3385
2424
2721
3497
1553
2983
3138
3350
2364
3057
3026
3787
3314
2361
2730
2494
2819
2669
1958
2076
2704
2258
2559
1077
4074
2565
2638
2214
2132
1107
2503
2979
1943
3180
2482
1590
3436
2181
2781
2709
2062
3301
2052
2468
2438
3135
3626
2303
3333
2528
2870
2670
2701
2134
3583
2120
3335
1752
2955
2357
2174
2469
1784
2755
2991
1896
3251
1760
1280
2887
1833
3232
3298
2924
2451
3459
1717
2476
3143
3121
2288
3048
2436
2294
1698
2133
3256
1329
3538
2723
3350
2861
3833
3463
2685
1384
2594
2182
3075
3319
2807
2536
2860
3254
3162
2643
2170
3649
2529
2697
2919
3475
3011
2355
3940
2192
3137
2998
2745
2003
3211
2539
2000
2816
3133
2238
2928
2392
1662
3043
1290
2254
1703
3839
3735
2970
3710
1789
3190
2546
2395
2784
2138
2881
2601
3259
3180
3078
3829
2124
2446
1844
3531
2080
2851
1487
3173
2193
3081
2681
3154
2437
1887
3131
3259
3494
2501
2784
1974
2023
2944
2465
2224
2224
1738
3769
3323
2897
1899
3069
3085
3120
2709
2352
3344
3384
2459
3167
3704
2784
1351
1997
1242
2305
3117
1806
3142
2724
2359
4083
2660
3803
2609
3748
2230
2320
3107
2663
2807
2105
2538
2514
2746
2445
3511
3887
3480
2337
2288
2875
2752
3099
3210
3185
3043
3449
2757
3225
2941
2222
2345
2992
2003
2993
2595
2523
2671
2666
2924
2447
2589
1940
3215
2585
2082
2530
3007
1991
2492
2079
2974
2299
2557
2833
1395
2768
2576
3234
3048
2642
3338
3936
2925
2666
2964
3149
3058
1894
3662
2119
3627
1837
3322
1434
2619
1802
2797
2884
2712
2649
3210
3655
2769
2689
2744
1278
3307
2869
3482
3241
2888
3547
3099
3175
3416
1676
1728
2719
3083
1985
2675
2564
2437
1664
2282
3698
3698
1919
2217
2241
1906
2157
3733
2817
2549
2542
2363
1915
2953
2777
2336
2766
2915
2438
1692
2517
2260
3525
2562
2066
3292
3509
2781
1119
2439
2338
2307
1436
2927
3350
1725
3228
1670
3000
1904
2707
3875
2540
3046
2176
2880
3084
3823
2612
2209
2677
1851
2092
3205
1179
995
2917
2675
3017
1426
2101
2367
1473
3144
2949
2638
2101
1824
3440
3148
3947
1668
3293
3394
3150
3236
1548
1137
3125
1598
2713
2979
1898
3079
2652
2543
3057
2634
3137
2383
2061
3503
2746
3192
2679
3013
3313
2231
4114
2607
2301
3688
3025
3545
2684
3450
3520
3584
2770
2732
2517
3003
2775
3022
3337
3177
2836
2017
2375
2000
2425
2533
2822
2079
2780
3381
2153
3411
3598
4118
2581
2788
3040
3027
3429
3791
2672
1581
2596
2758
1865
3725
3412
1523
1479
2380
2577
2883
1734
1913
2665
3351
3149
2796
1665
3170
2843
3146
3531
3353
1565
2788
4293
3243
2635
2542
1933
3151
2568
2997
2074
2668
3649
3818
2048
3047
2067
1447
3507
3491
1737
2568
1775
2521
2198
2785
2818
2201
3280
2856
3729
1716
3026
3456
3528
3130
2604
3637
3622
2803
2539
4027
1431
1209
3519
2386
2251
2697
1679
2690
3017
1264
3769
2679
3038
2447
2238
2963
2362
2592
2265
2766
2377
2854
2982
1604
2530
3372
2675
2705
2562
3329
2448
2885
2816
2264
1989
1583
2919
2314
2998
1803
2849
2190
2693
3061
2782
3048
2785
2588
3611
3211
2890
3783
1198
2930
3450
2563
3019
1545
3164
3263
2791
2332
2910
2700
2725
3085
2189
1722
2050
2996
3696
2445
2310
3550
2612
3080
3000
2244
2700
2259
2893
2222
2892
2479
3120
2657
2440
2997
2523
2896
2389
2959
1939
1728
3934
2461
3308
2606
2144
2024
2607
2786
1779
3207
3535
2781
2965
2065
2162
2030
3296
3146
2804
2555
2318
2515
2484
3156
2586
1609
2163
2922
2324
390
582
380
353
377
349
333
352
377
337
257
328
354
378
376
305
303
348
400
377
588
377
308
330
305
329
330
305
303
304
375
304
303
351
398
401
500
615
378
445
460
328
257
337
408
305
353
405
558
305
330
354
505
330
329
282
281
425
695
353
375
424
364
305
377
377
334
482
305
583
304
329
327
377
329
337
327
376
378
303
353
257
832
407
329
440
309
481
374
461
330
353
634
282
391
304
353
326
306
358
232
354
280
337
376
286
305
354
354
360
469
376
332
305
375
413
328
661
385
377
357
353
303
352
424
545
842
481
586
445
258
329
353
304
285
309
341
550
317
328
469
351
329
303
281
261
354
305
354
646
354
282
457
304
692
342
329
682
529
377
437
469
450
411
329
565
377
329
357
337
328
305
353
403
528
413
375
613
429
376
354
449
353
334
598
305
280
233
281
352
352
329
472
305
329
576
328
280
352
328
485
332
330
354
353
357
282
257
354
376
375
351
327
351
330
305
374
385
304
580
329
351
282
353
553
448
281
280
354
558
305
426
233
352
352
353
305
404
381
233
257
613
353
305
352
280
209
448
333
352
303
376
328
284
278
358
669
304
357
305
646
350
628
464
329
312
557
330
376
305
401
377
329
256
279
353
409
257
330
351
377
404
460
613
329
337
328
254
405
353
258
421
329
303
533
663
329
529
378
404
509
384
323
303
721
305
389
400
489
353
257
353
517
327
522
385
353
281
353
376
351
304
329
306
333
382
303
305
574
401
329
279
353
309
487
336
352
552
330
353
445
461
353
329
785
307
409
357
353
354
330
327
353
384
305
356
209
329
350
256
329
351
423
352
257
279
257
356
361
305
401
281
336
306
280
404
352
353
233
353
488
385
377
589
279
501
330
360
385
445
328
333
258
450
377
428
369
352
234
278
333
354
256
353
305
209
465
379
353
351
528
306
305
285
352
384
461
665
352
329
452
401
352
489
377
388
332
308
353
693
586
360
260
408
568
549
356
559
315
564
384
376
377
375
282
305
500
382
354
354
354
405
377
633
581
208
329
421
465
305
400
673
400
328
352
286
209
327
354
305
330
351
281
400
326
505
670
405
326
357
401
377
352
536
353
312
332
376
352
581
329
552
255
378
434
605
554
233
608
305
309
356
365
305
378
329
329
329
409
328
455
381
329
329
374
330
337
364
353
257
351
921
377
352
305
548
354
408
378
693
384
353
234
473
377
377
258
354
393
617
425
326
280
397
696
469
353
352
327
353
552
447
351
281
357
354
401
653
377
376
364
445
809
327
305
304
358
642
330
632
352
353
556
600
440
306
377
381
330
663
305
327
353
281
353
353
376
632
327
376
409
376
379
377
352
353
354
353
286
360
353
377
330
329
409
300
349
354
457
353
280
752
353
353
258
449
329
257
334
397
377
550
478
330
669
328
210
378
353
473
402
329
329
257
429
377
305
602
353
209
501
898
375
452
380
233
304
329
327
354
329
353
404
304
355
422
329
305
375
328
353
329
328
354
306
232
302
457
282
304
400
377
353
349
356
353
381
589
356
585
328
282
354
306
353
369
326
339
330
281
468
396
305
306
794
281
305
330
328
405
441
352
403
590
352
305
284
209
328
329
601
354
255
377
231
352
525
232
377
305
352
352
353
328
308
388
233
329
354
413
361
376
310
377
673
281
328
384
381
312
352
353
232
330
257
576
255
281
305
353
329
693
499
353
538
328
376
385
642
376
352
303
526
329
328
355
405
353
329
668
413
377
254
329
333
257
353
403
377
353
437
378
377
327
378
357
376
209
354
429
304
330
232
333
509
354
425
353
309
376
330
416
351
405
378
305
353
353
352
400
377
352
612
280
521
257
521
329
285
660
454
256
305
303
305
453
357
352
329
380
285
257
416
377
377
255
351
305
328
528
304
378
328
327
400
304
287
352
354
309
329
341
592
352
352
731
336
664
805
665
353
330
281
433
351
329
457
329
358
354
353
353
557
802
377
352
330
365
453
354
304
305
407
813
281
378
343
545
329
351
309
281
377
185
304
337
581
376
357
353
338
305
353
582
388
329
354
304
330
353
231
332
207
376
279
285
536
414
328
375
328
377
377
352
378
328
333
305
329
467
356
470
305
353
529
604
257
381
352
282
353
327
484
439
641
233
329
329
407
329
354
412
305
329
754
306
285
401
281
401
353
281
329
327
306
437
461
353
400
282
255
329
405
377
398
496
331
258
329
420
282
354
305
305
285
258
260
549
466
305
552
332
258
548
377
383
288
234
328
304
