758
919
607
635
629
797
558
519
538
617
508
603
498
574
662
620
742
571
578
519
554
566
615
505
486
777
513
707
640
644
436
686
611
635
698
661
449
667
593
639
696
631
592
608
557
464
679
623
663
523
565
465
613
804
686
682
703
859
615
662
653
585
634
544
668
640
563
764
748
636
452
537
471
500
668
614
535
822
585
673
602
702
413
483
492
564
618
576
715
550
780
684
581
664
943
525
513
565
514
1113
719
651
601
525
572
692
697
628
614
552
657
697
742
777
630
467
584
674
544
507
633
1024
567
618
464
667
550
646
706
527
876
789
576
692
1004
518
576
557
588
568
753
549
586
525
504
590
589
657
522
423
472
410
550
470
438
614
562
1011
723
643
542
576
476
1031
576
880
562
568
769
536
558
927
898
617
620
448
656
704
1155
814
494
679
557
646
629
423
371
787
691
633
525
665
595
562
551
470
859
627
490
648
952
530
848
631
556
574
693
775
658
487
588
581
571
495
552
651
649
542
513
597
622
654
639
600
769
593
571
591
545
600
505
617
579
675
522
511
567
546
723
579
602
712
750
491
1042
562
630
720
507
476
395
578
708
991
685
607
374
436
485
552
692
640
831
481
676
668
582
674
529
1008
596
557
1168
600
582
500
800
642
747
646
744
650
533
521
581
500
614
611
1159
584
692
654
560
544
1025
659
669
475
460
1107
548
650
710
530
651
572
637
467
596
634
596
755
563
597
661
512
605
526
543
698
659
646
521
635
1073
461
752
570
797
690
663
554
538
749
559
590
781
599
637
612
584
629
642
566
509
601
685
916
485
652
602
456
489
694
546
558
509
641
520
622
548
547
722
562
639
562
515
758
529
577
472
620
582
659
652
931
528
731
613
586
606
624
453
658
548
564
450
582
489
896
665
438
603
655
697
484
613
561
539
614
586
727
766
621
678
605
957
571
550
622
550
534
527
538
620
664
600
1147
581
686
742
541
711
671
500
559
579
609
685
683
679
659
561
587
559
538
637
744
524
544
1098
545
651
600
578
642
752
513
614
508
611
599
564
629
658
572
547
636
489
670
544
629
629
498
514
700
493
540
558
504
573
604
466
970
581
591
450
611
659
678
496
645
450
523
566
643
540
789
716
433
486
977
539
759
584
705
633
613
499
749
747
740
630
593
733
668
1005
533
665
584
637
711
677
733
587
811
536
502
1003
491
756
577
893
550
626
617
458
438
566
493
649
679
671
667
587
770
645
446
453
691
458
707
557
785
523
533
754
701
525
720
467
824
483
536
583
582
937
406
441
505
534
580
622
717
619
942
543
499
657
582
639
734
768
522
514
640
466
674
488
581
528
638
498
628
653
665
610
740
544
482
806
526
660
618
627
712
637
528
587
556
711
583
581
684
608
543
561
609
650
617
534
602
545
727
458
509
646
732
641
715
608
762
675
684
548
623
663
444
461
592
759
567
520
695
613
575
612
604
593
624
1135
597
837
555
567
526
648
607
431
681
484
644
521
647
924
584
527
600
919
433
682
651
641
995
660
584
989
514
561
539
699
751
600
634
734
515
744
479
565
613
671
468
644
593
585
503
577
627
706
588
636
621
633
618
1083
528
621
523
568
555
504
644
557
668
568
481
638
469
597
519
496
544
715
637
726
661
754
657
537
676
616
766
738
489
481
711
591
613
619
638
633
571
774
612
604
677
555
560
695
643
610
589
547
726
652
666
606
722
561
626
492
576
636
906
507
565
483
567
537
622
620
612
546
624
973
528
557
648
657
619
628
631
441
531
463
777
553
558
542
1041
636
902
674
747
541
450
513
631
626
418
622
430
646
600
548
545
662
658
596
548
433
627
552
665
552
610
478
591
485
630
641
509
560
580
822
607
601
602
544
524
610
527
730
603
471
639
731
554
611
493
612
533
611
435
510
875
539
585
431
706
644
404
1014
608
509
664
627
528
711
649
560
675
564
737
498
524
456
573
648
460
688
701
1183
658
606
582
700
477
570
624
580
647
626
745
506
676
585
528
583
617
622
649
584
672
597
612
436
548
471
535
528
671
528
511
533
912
508
756
477
705
526
471
768
622
546
780
696
464
538
743
590
771
588
739
1173
580
615
576
618
511
630
579
449
428
561
465
482
663
656
623
551
604
608
481
667
538
845
601
646
725
685
660
617
611
525
446
664
567
562
730
615
530
624
607
650
536
633
670
476
661
500
669
640
602
560
1030
715
633
568
659
585
621
672
588
564
555
869
666
752
423
511
621
479
687
628
608
1073
1020
507
688
517
719
511
530
704
584
599
552
860
492
3045
3532
3066
3605
3267
2917
2726
4554
3579
2582
3397
3797
3415
2916
2680
2877
2844
3781
4211
3773
2701
2304
2903
3143
2633
3026
2736
3643
3655
3738
2853
4522
2194
3118
2844
2193
2672
2977
3720
4855
3466
2225
4296
2765
4272
3804
3933
3617
2038
4024
3659
3568
4336
3702
2038
4086
2840
3286
2587
2790
3845
2889
3559
2281
4126
2867
4181
4450
3511
2564
2662
3007
2941
2601
2768
3112
3203
3273
3950
3442
3227
3882
3978
3026
3580
3340
3949
2529
3781
3343
3597
2620
3587
4313
2885
3458
2172
4166
2203
3743
3250
3530
3676
2490
3673
4022
4179
3257
3225
2603
2762
3893
2626
3279
3472
2045
2525
3605
3142
3303
2914
4173
4830
3607
2951
5477
2686
3888
2013
2792
3231
3524
3121
3310
3499
2360
2633
3379
2032
3685
1634
4113
4504
2081
2636
2504
2636
3380
3289
1038
3726
2708
2571
3188
3014
4224
4839
3551
4056
3139
2544
4437
2340
4271
3096
3513
3458
3386
3039
1987
3056
4210
3150
3605
3375
2276
3500
3824
4402
4344
1850
2876
2457
2747
3053
2410
1452
3194
3722
3109
3383
2270
3146
2261
1911
2813
3506
3644
3150
3097
3296
3053
3614
2089
2674
2693
2915
3669
4087
3201
3712
2813
3241
1973
3207
3642
1554
2262
2326
3734
3486
2569
3837
2084
3102
2302
2382
3493
3963
3848
2939
3119
5155
3781
2506
2468
3438
2712
3598
4099
1687
3300
3377
3634
3695
2397
2360
4202
2462
2891
2707
2799
3510
4185
3740
2415
3485
3386
4139
3981
3066
4395
3354
3025
2876
3555
3348
3129
3189
3879
2999
3377
2685
3557
3413
3879
3869
3873
4234
2961
3142
3185
2231
3963
3255
1629
3056
3443
4003
2533
3142
3062
2478
3195
3866
2074
3175
3648
2408
3040
2780
3943
3418
3610
3408
2996
3608
2530
3165
3683
2525
2314
3897
3413
4119
1630
2775
3106
3915
3535
2855
1874
3734
3461
3209
2471
2378
2943
4131
2167
3672
3149
3923
2709
2225
3696
2948
3045
2972
2024
2605
3367
3513
3749
2211
3574
2805
3326
2342
2128
3034
3368
3370
2767
3139
3279
3455
2201
2815
3189
3430
3455
1978
4059
3135
4408
2914
3566
2123
2847
2504
4388
3393
2164
3040
3078
3015
2481
1777
3693
3386
2665
2503
3689
3642
2952
2977
3651
2973
4317
3055
2118
3440
3531
4169
3113
3656
1479
2843
3329
4345
4074
4192
4786
2268
2537
2976
2831
3643
3402
1766
3917
3868
2512
2769
3167
3085
3582
3976
2557
4075
2544
3278
3627
3543
3009
3260
2899
3436
3266
2226
3188
1960
4075
2626
2354
2609
4195
3165
3574
3934
3060
1578
2981
3362
2181
2769
2533
2101
2679
2519
3078
2875
3991
3323
2704
2324
2714
3180
3639
3365
3122
3854
3755
3575
3304
3401
3650
3632
3372
3142
2978
3413
3858
2619
1496
3471
3076
2924
2705
2940
3645
3271
3295
3731
4098
3477
3197
1817
4035
2789
3069
3066
3390
4326
3015
3023
3849
2934
3046
3670
2780
3189
3242
3283
1900
2770
3722
2815
3045
2332
2094
2226
3025
3069
3298
2408
2741
3824
3791
4057
2806
3373
1888
4205
3515
2656
4466
3349
3468
3582
3298
3028
3704
3919
3927
4213
3352
2225
3903
3376
3467
2422
3983
3445
3406
2725
2670
4318
3333
1739
3828
2841
2955
2780
3301
3593
3204
3506
3611
2241
2996
2672
3658
2625
3540
2978
3259
3804
2964
3870
4097
2962
3144
3138
3198
3173
2652
2810
4461
3239
2336
3868
4350
3198
3013
3244
3989
2873
2294
4178
2485
3351
3360
4332
3407
3171
3374
3374
3273
3285
2697
3178
3233
3550
3517
3558
3278
2711
4590
2187
2122
3444
3877
2611
3017
2734
2631
3345
3087
1932
3157
2651
3102
3094
2976
2814
3028
2730
2601
3743
3557
3316
3724
3828
2892
3361
2944
2478
3106
3777
3038
3921
2948
2798
1994
3193
3332
2017
3247
4113
3267
3559
4665
3481
3795
2190
3685
3207
2395
3842
3166
2033
2698
1866
3023
3257
2930
2301
3555
1988
2947
2942
2556
3552
3809
2769
2920
3967
2963
2945
3196
3366
1934
3570
3574
3406
3655
2702
3015
3871
2547
3033
2674
3275
3328
3657
2066
4436
3356
3472
3341
3375
3267
3480
3321
3741
2825
3073
3237
2854
3000
2639
4140
3334
1787
3823
4498
2426
2574
3830
2784
3641
3140
1952
2430
1714
3159
4278
4194
3614
2667
1660
3374
3168
3308
3779
2925
2279
3688
2127
2685
2764
3540
2116
3278
3630
2931
3772
3725
3336
3955
2380
2762
3568
2296
3097
1975
3435
3008
4109
3609
2945
3700
4034
3254
3504
3359
3785
3283
2595
2004
2894
3186
2563
4123
3039
3238
3079
4217
1565
3533
2370
4001
2553
1260
3556
3760
2687
2990
2203
3200
3616
3471
2065
2059
2725
3349
4231
3050
1492
3450
2389
2018
3038
3466
2994
3457
3279
2597
3172
3546
2409
3163
3504
3924
4502
3894
3843
3965
3342
2052
2799
4178
2538
3471
3345
2269
4070
3416
2256
2916
3863
2102
2985
3238
3395
2747
3265
3938
2128
1782
3188
3056
3566
3692
3453
3311
2733
2330
2344
2832
3204
2420
2183
2915
2780
3170
3033
2480
4546
3041
3410
3356
2573
2254
3988
3560
3889
2355
3756
4055
3751
3011
2567
4037
3827
2746
1690
3726
2386
2941
3739
4100
2919
2769
2316
3478
2290
3008
2940
3170
3274
2624
4261
2596
3039
2124
3940
2095
4199
2165
2642
2361
3538
3169
3488
4644
4218
3159
2484
3193
2165
2175
3088
3377
3718
2611
3368
3340
3155
2162
3198
3095
2151
2583
2785
3784
2609
2035
3563
3660
2818
2642
2986
3356
3902
4135
3136
3107
3627
3546
3228
3815
2673
2174
3057
3450
3036
4281
3108
3391
3827
2807
3505
3373
4653
2834
3251
2691
3362
3168
3716
4843
4120
2645
3330
2287
3182
3650
2942
2450
3709
3932
2193
3815
3242
4106
3727
2306
3444
1769
3023
3065
2256
3224
3219
4023
3615
3739
3817
3418
2359
3144
3121
3164
3825
2049
3367
2640
394
395
366
368
368
368
367
395
422
393
749
421
368
395
285
314
259
423
395
542
260
370
366
518
340
395
348
453
380
368
434
395
344
367
372
341
557
477
341
422
430
369
456
745
392
796
396
341
360
367
395
496
394
450
326
422
823
397
313
457
1674
388
456
958
396
340
395
288
369
314
366
492
1212
287
395
685
395
395
369
395
549
399
368
342
368
394
393
285
427
395
396
233
315
314
422
395
491
369
400
422
399
394
396
446
342
368
395
342
393
286
1310
399
376
396
395
285
339
368
403
396
315
396
395
395
395
683
619
491
338
531
368
368
421
449
394
310
743
396
744
679
902
422
368
403
447
422
341
837
287
432
394
340
314
420
342
500
395
396
395
287
287
484
313
423
367
420
421
394
454
260
339
483
396
288
395
313
484
461
422
395
505
420
641
368
717
299
311
395
395
421
419
373
341
459
375
344
395
368
421
368
449
314
368
593
393
406
395
549
421
342
369
388
369
543
521
396
258
288
593
394
448
494
314
481
430
813
367
339
366
369
474
394
369
341
712
369
425
899
419
461
442
396
422
341
421
341
232
394
529
314
613
396
341
394
479
341
501
422
367
422
345
646
367
372
367
317
393
469
394
395
338
421
421
709
291
394
368
368
585
540
448
775
530
670
341
606
312
553
395
741
392
460
259
395
399
285
394
422
287
396
393
584
314
421
419
394
314
745
398
496
394
396
368
422
422
521
367
396
422
395
437
438
395
395
392
422
290
433
395
447
430
420
367
287
366
368
260
286
426
504
438
553
369
423
318
371
858
395
258
526
260
448
314
563
341
421
313
408
371
315
369
421
312
423
743
396
770
394
508
420
344
342
368
260
393
395
314
376
561
368
395
504
259
540
368
339
337
340
261
396
315
427
288
368
342
393
683
309
287
394
741
447
395
422
495
398
394
447
368
398
758
395
718
393
394
399
366
395
368
395
395
712
395
396
369
514
422
367
425
368
999
494
370
367
233
369
396
341
395
452
423
314
744
419
395
569
393
495
345
437
368
514
341
395
464
407
367
368
314
341
368
368
366
554
420
340
395
367
395
367
641
368
421
395
341
260
365
313
396
1187
678
399
394
395
393
368
260
391
264
652
341
396
395
395
396
366
395
588
537
340
394
340
394
340
367
258
392
399
589
341
628
320
405
395
341
399
507
340
396
368
396
260
483
291
369
312
339
399
344
367
420
368
372
287
449
422
739
395
1001
395
313
368
394
395
368
313
369
558
367
314
685
421
395
344
314
434
421
340
315
369
312
403
421
393
369
447
368
394
421
369
369
395
402
525
366
448
394
286
407
433
345
446
395
367
394
421
396
423
366
312
421
1000
369
449
396
394
369
422
642
369
341
372
394
368
340
368
340
421
701
396
460
259
394
421
400
395
367
399
394
395
497
392
420
339
394
368
394
422
312
376
394
315
349
396
396
395
367
648
367
369
395
421
421
369
590
311
367
484
557
341
369
396
341
541
396
392
393
366
422
394
422
367
286
448
651
368
394
314
285
421
407
466
369
313
545
368
341
339
369
313
396
445
341
260
423
368
369
367
321
367
366
313
423
394
420
420
395
339
341
395
341
395
449
422
368
680
395
369
394
395
712
341
421
423
391
286
395
427
368
399
367
394
448
340
314
407
440
455
340
395
421
234
926
395
348
341
395
522
366
394
313
398
366
315
729
287
425
368
371
287
312
318
395
484
341
366
313
814
396
394
421
422
398
394
394
314
393
340
342
399
339
314
367
287
314
396
430
401
369
340
527
422
314
396
284
526
396
396
368
824
326
366
450
372
367
368
395
394
491
368
347
394
420
233
605
396
420
395
365
497
395
396
347
420
368
550
368
426
368
396
394
774
525
395
396
698
438
380
426
317
368
394
395
388
339
423
367
379
367
449
259
257
447
423
396
550
395
433
366
259
287
368
421
423
432
342
312
394
313
285
422
392
395
395
425
258
369
421
393
233
447
369
481
682
857
395
515
448
285
396
314
313
396
524
320
340
407
420
285
365
287
476
395
435
314
421
368
259
367
495
369
471
260
402
484
368
421
394
420
422
341
394
313
286
396
447
743
340
428
339
437
259
368
314
260
264
678
500
372
312
394
495
559
393
368
315
394
340
465
369
345
314
367
399
317
615
438
314
345
395
290
651
396
368
368
341
423
394
313
369
395
368
393
369
369
394
369
357
366
394
340
313
396
368
334
421
393
422
423
287
393
261
365
368
444
491
422
396
369
421
651
398
704
314
368
393
344
694
422
394
