568
672
758
626
625
744
1101
682
554
570
1006
1062
727
557
546
549
890
777
515
628
557
443
859
603
592
890
705
612
688
583
722
596
721
693
742
612
539
520
1091
659
592
615
738
725
687
580
613
606
713
786
763
584
656
611
719
676
661
638
771
825
668
866
530
1233
550
756
677
600
1146
596
686
684
641
1256
764
740
575
623
680
573
1007
767
1191
612
1085
713
744
707
583
594
787
522
1095
619
773
492
679
822
539
594
737
680
497
686
542
687
627
593
689
661
622
759
716
703
769
637
476
716
678
1231
788
843
694
799
746
744
681
827
557
575
578
680
545
598
560
754
1187
715
495
581
1215
522
520
678
779
723
638
726
664
784
1032
740
810
761
615
670
542
1030
560
482
694
728
593
576
579
863
488
608
800
645
685
555
684
694
730
851
850
941
751
678
616
653
541
650
606
1027
622
683
621
579
498
612
545
622
675
706
646
729
757
685
722
777
569
698
630
686
978
646
615
987
667
554
706
538
718
727
838
620
652
909
668
718
750
682
704
759
657
1085
683
598
667
792
543
681
622
641
852
657
594
709
562
543
683
576
749
708
616
566
651
704
585
646
785
722
650
604
557
794
781
699
759
542
536
659
729
714
588
739
829
587
730
597
708
607
1053
702
1099
826
708
667
648
752
694
814
818
553
775
584
723
768
582
947
663
579
537
854
685
854
842
732
707
725
667
642
754
605
707
653
675
1013
811
609
632
631
643
610
667
597
680
755
599
1070
429
641
766
788
851
580
559
847
484
496
589
720
1034
651
643
639
828
645
624
796
749
800
1096
751
665
701
641
729
702
765
687
910
592
859
833
702
756
785
850
764
690
718
762
646
522
872
689
711
761
1037
548
664
622
747
748
720
684
610
654
1094
915
585
556
572
538
693
555
882
932
761
642
481
567
759
709
610
535
580
669
903
748
750
540
687
497
693
521
529
557
684
823
658
657
714
665
745
652
748
566
571
513
592
678
685
703
566
756
562
617
784
583
542
629
670
698
572
515
713
573
581
608
578
887
611
692
1038
614
543
596
722
537
666
576
644
582
512
574
539
807
637
1030
537
1014
587
561
571
560
723
650
730
825
728
711
772
667
698
653
699
534
613
686
594
710
739
499
659
725
637
596
721
696
607
717
552
808
722
650
632
655
568
564
745
508
652
703
813
583
634
624
536
653
862
825
550
648
602
726
1002
654
563
493
556
540
647
682
663
686
609
676
611
585
714
587
620
683
666
558
910
511
631
693
672
759
1133
741
640
657
729
574
562
676
582
731
633
597
718
627
578
623
747
901
525
686
772
547
657
653
646
829
674
752
767
708
477
655
534
623
699
946
642
561
677
697
585
565
719
581
1258
694
934
628
1200
570
1203
628
669
655
756
672
639
695
721
598
545
770
775
665
729
656
625
519
709
678
514
593
677
534
549
716
718
632
661
635
689
523
682
686
730
685
601
629
684
592
838
652
683
515
616
530
802
776
855
841
568
780
751
648
656
671
494
757
683
681
626
587
704
766
1161
817
707
601
615
622
729
725
695
576
632
601
499
726
642
656
567
564
660
665
560
699
578
631
606
724
672
673
507
624
684
545
652
676
543
1158
688
547
700
559
1077
528
662
647
785
673
489
676
624
664
565
841
478
590
1106
540
721
710
651
985
639
640
639
853
653
735
666
487
608
740
936
765
538
663
688
622
486
1148
451
628
656
465
679
594
803
664
611
761
795
678
858
982
700
584
597
735
649
999
744
668
569
618
662
573
481
755
590
661
762
601
764
683
717
592
554
732
572
553
732
1179
708
1113
1032
629
589
635
605
533
466
619
733
642
682
641
637
630
686
626
1116
612
687
739
543
794
548
506
612
746
803
611
546
502
732
729
592
506
698
696
714
507
628
765
568
831
682
723
770
668
425
772
671
624
606
748
790
741
753
607
707
529
711
681
552
1200
495
560
736
871
597
692
786
645
598
633
605
553
694
551
588
953
513
794
677
788
677
567
561
692
626
649
747
702
668
587
630
630
674
673
824
622
711
576
850
944
533
740
698
717
687
642
746
648
576
642
549
659
713
658
655
727
668
697
543
672
644
674
537
640
670
694
824
865
574
1128
606
734
661
556
804
717
674
596
818
557
534
863
577
983
654
606
745
558
708
669
607
1024
617
737
602
639
606
790
662
638
943
1060
570
594
706
616
616
602
668
635
772
608
510
963
783
598
815
830
437
755
598
551
580
587
909
653
718
781
592
636
650
596
780
728
808
587
600
562
514
649
566
817
652
640
604
665
713
644
463
720
687
613
873
745
750
710
936
3811
3362
4033
4099
2581
2487
3737
3639
4143
3680
3489
4306
3735
3226
3717
3581
4561
4537
3192
4462
3454
2883
3416
3597
3651
5526
4623
3845
4030
3314
2749
3522
4152
3868
3922
3660
5442
4679
4494
3514
2402
2705
3770
3681
3808
2499
3336
3925
3601
4134
3368
2317
4376
3310
4655
4020
4104
3192
2478
4333
4201
2663
4387
4066
4960
4344
2514
3270
3827
3486
4409
3210
4009
3943
2871
5129
2670
3503
4080
3748
3699
3381
4432
2714
4877
3684
4333
3157
3050
2831
4344
3942
4427
3650
2907
3629
4188
4601
4090
3380
4513
2461
3660
3198
3951
3662
4596
3207
2781
2718
3868
3112
4885
1929
2363
5852
2406
3935
3791
4725
3741
4298
3806
3640
3138
3802
4610
3258
3341
2994
3406
4082
3852
3770
3715
4708
3529
3833
3387
3085
4650
3502
4932
4453
2224
3095
5212
3967
3809
5150
3129
4701
4450
4812
3996
4412
2941
4680
4082
3072
3039
2719
4522
3818
2743
3904
3424
4450
4309
4137
4016
3195
4617
3657
3584
3828
4190
4057
3754
3700
2525
4344
3603
3445
4736
3598
4562
4819
3723
4283
3900
3806
2269
3746
3954
3981
4306
4011
4764
4155
2403
3692
4151
3640
3917
3572
4319
3712
4502
3893
3393
3425
3864
3902
3714
4348
3293
3675
3834
3918
4524
2816
2610
2536
2684
3674
3605
2939
3119
4006
4062
3611
3067
3005
3987
4196
4591
4083
4913
3979
2556
1894
3974
4039
4279
3992
3348
3815
3355
3775
2941
3843
2284
5019
3640
3061
3615
3263
4253
3063
4328
5080
3794
3084
3116
5027
2235
2676
4454
2709
4539
3393
3741
4167
4213
3964
4566
4332
2341
3762
3491
3241
3646
4586
2838
2836
3963
3969
4175
4285
2969
3958
2961
1855
2314
2762
4570
5676
3482
4788
3549
3860
4252
3461
1836
4444
4660
3652
3735
3939
4759
3106
3686
3050
2407
1409
3984
3917
3710
3914
4162
4020
3434
4622
4154
4419
3425
3822
3616
2574
2037
4177
4654
5610
5442
3666
3013
3149
4041
3032
3917
3824
2555
1902
4967
2541
1733
1814
4256
4395
3039
3917
3868
4621
3866
4262
2874
2378
4370
3861
4390
3851
2983
4415
3088
2484
3350
3731
3569
3220
3921
4089
4294
2432
4034
3884
3374
4308
3226
3218
2864
4125
4277
3569
3008
3626
4633
3800
4215
3710
3179
4522
3526
3373
3535
3983
4542
3781
2769
2783
2658
4456
1660
4130
3756
3419
2511
4424
3960
1948
3934
2209
4770
2789
3224
3871
3336
4583
3558
4599
3917
3991
3968
4727
4581
3507
4040
2859
3833
2304
3236
4090
3386
4262
2765
3469
2660
4227
3354
4092
2808
2318
3615
5460
3721
3017
3627
3876
2917
3060
2237
4455
3912
4153
2847
2998
3512
4162
3223
3396
4193
3466
4154
3525
4164
4186
3040
4306
3777
3867
4469
4086
4150
3050
3059
4619
3995
3570
2619
3699
2542
3235
3643
2892
3852
3087
3363
4198
4302
3434
2363
3759
3920
3348
4462
3176
3005
2625
2610
3476
2815
2549
3381
3861
2854
3226
3575
4714
3416
4521
3746
3236
3659
2361
4660
4373
3489
3754
4247
3800
3665
3733
3101
3946
3570
4471
3218
2526
4274
4445
4105
3609
4085
2793
3036
2417
3857
3906
4199
3765
3897
4297
1395
3615
3703
3932
4485
4800
3864
3775
3788
3077
4780
4172
4152
2948
2542
4429
4022
3430
2402
2275
4241
2763
2926
4252
3652
4801
3640
3897
4016
5557
2290
4180
3867
4106
3486
2555
3633
3350
3577
2950
3550
1837
4004
4376
2510
3651
4167
3564
4172
3980
3921
3250
3665
4560
2783
3807
4666
3081
4889
4401
2746
3561
3181
4657
3738
3378
3197
3742
4439
3034
3510
3644
3869
3613
3467
4652
1829
3689
3570
3095
2596
3219
4180
4303
3499
2234
3411
3167
3136
3588
3867
2554
5005
3739
3324
4609
2350
5168
3782
4940
4260
2762
3664
1983
3094
3365
2118
3643
4635
3815
3902
3949
3045
2747
1718
3619
3097
5098
3758
3287
3423
2146
5182
4474
1905
4539
3815
3587
3336
3192
2694
4190
2156
3572
4246
3002
3935
3177
3735
4114
4187
3424
3403
3811
3124
4366
3574
3567
4093
3414
2949
3104
4389
3745
2759
3619
3977
3521
2530
4350
4695
3574
2743
3938
3570
3325
2858
3260
3440
4486
4238
3636
4061
4005
4351
4274
2932
3129
3029
4707
2758
4091
3602
3089
3451
3347
3481
4550
4176
3384
4066
3178
3589
3656
4218
3209
4212
3854
2649
4371
2768
3762
3755
3787
4588
4306
4574
3028
4190
4137
3034
3430
4365
3021
3634
4237
4685
4364
2852
3383
3518
2679
3628
3985
3533
3191
4020
3023
3846
5321
4051
3154
4522
3558
4811
4474
4043
4527
4146
3831
4438
3602
3392
2701
4140
3246
3643
2696
4802
3239
3675
3461
3888
4662
3534
3153
5247
4121
3694
3804
3848
3924
3492
3438
3977
2512
3309
3867
3560
4081
3448
3283
2117
3658
2112
3509
2394
3728
4297
3069
4257
3955
2493
3478
4656
4328
4248
3288
3579
3587
4718
2259
2915
4378
2826
3139
3941
4401
3063
4372
3671
4434
2476
3718
4187
3852
2256
3355
3209
3981
2674
2777
3184
4731
2754
3794
3531
2697
2959
5049
3446
4580
3627
3860
3147
3641
4280
3106
3941
3859
2738
4959
5077
1976
5696
3977
4706
1756
2921
3864
3509
4195
3650
3326
4034
4405
3427
4074
3931
4160
4006
4298
4264
3291
4232
3502
4195
3764
3575
2606
3389
4151
3020
3333
2733
3206
3758
5229
3670
4595
4502
3498
3545
4742
4177
2272
4189
3548
3677
3732
3474
3464
4548
2867
4680
1487
3712
3700
2554
4055
3838
4011
3926
4383
3406
3599
4094
3697
4806
4081
3063
2730
3824
2275
4026
4249
3689
2016
4174
4279
4407
3009
4540
4177
3630
4766
3903
3699
2721
3180
3849
3372
2731
3502
2786
3430
3942
3671
4112
3195
4008
3048
3554
3955
3872
3106
3244
4010
3853
2775
3010
2374
4612
4480
4543
2427
3018
4200
3128
3392
2978
4051
2833
3788
3751
4191
3806
4967
406
483
377
439
765
380
466
347
437
615
435
467
436
377
408
480
497
467
286
437
435
581
437
378
408
438
407
407
438
407
479
438
475
467
438
410
438
437
465
437
385
348
437
436
535
375
816
377
317
616
466
376
465
377
470
435
547
406
382
598
438
759
407
438
617
496
346
437
436
437
437
407
407
466
512
744
347
405
347
440
437
258
437
347
468
347
819
436
382
465
437
441
438
435
679
435
410
436
437
434
437
350
406
410
407
347
406
410
285
435
378
447
438
959
448
407
316
437
406
406
501
436
437
466
611
377
406
377
605
376
407
377
346
437
437
378
467
407
377
346
437
479
378
438
478
434
467
684
407
407
465
535
407
439
408
406
436
437
437
407
437
545
408
351
408
467
377
437
441
464
436
406
407
347
465
437
567
436
623
477
517
437
345
512
405
436
1057
407
951
407
408
435
552
405
440
466
467
378
348
546
376
616
437
377
438
377
466
408
467
467
348
404
529
406
437
377
407
377
465
438
437
404
449
682
411
347
408
435
381
437
406
467
316
436
435
407
534
407
468
470
351
343
407
437
381
438
436
437
406
377
434
407
617
437
347
408
407
479
407
499
465
435
350
347
437
437
616
286
467
623
377
467
405
407
437
408
438
437
547
405
495
347
376
437
410
377
348
436
377
438
377
438
317
518
698
542
407
378
437
437
318
346
407
990
449
441
713
436
317
436
437
346
347
465
285
284
468
407
407
471
406
468
437
407
407
438
437
405
435
445
619
436
438
406
438
436
378
437
347
406
348
471
491
347
467
288
349
613
408
408
609
882
380
407
882
436
378
452
437
437
441
436
375
467
505
614
408
346
407
406
535
436
441
349
377
377
407
377
674
643
407
437
467
445
436
408
377
435
921
497
535
470
437
495
407
468
438
1191
569
376
315
497
410
408
318
407
374
467
465
754
407
380
407
375
406
408
377
922
318
437
375
384
436
467
507
376
437
435
407
649
376
547
437
438
453
377
347
438
408
377
287
544
465
407
497
257
317
438
508
404
594
438
406
437
321
407
406
852
677
376
407
375
437
346
438
494
469
438
407
317
814
407
406
407
437
437
468
580
348
542
374
535
406
347
437
405
892
471
438
628
551
479
441
347
438
609
380
288
418
408
631
649
823
407
849
377
437
435
437
437
436
467
438
567
435
436
501
463
435
466
434
377
346
472
347
375
437
405
406
436
573
376
437
508
409
480
407
436
436
467
436
437
452
381
405
408
411
514
466
436
572
345
599
471
347
661
517
573
435
376
389
789
467
345
524
441
291
406
558
442
378
407
457
406
407
373
437
286
440
436
436
457
377
794
407
467
405
410
406
466
407
466
347
467
375
437
619
437
408
407
436
435
580
436
449
408
466
436
771
467
412
410
405
437
407
437
495
468
621
449
436
435
317
376
497
347
346
346
318
257
381
346
408
815
467
407
377
467
388
408
408
406
853
547
1012
482
350
407
358
504
407
346
407
437
405
377
348
317
916
407
347
348
406
345
574
408
692
406
345
435
377
516
315
467
316
410
742
376
347
496
377
436
484
436
377
407
465
404
317
407
437
435
436
406
436
437
655
436
408
497
716
576
542
346
374
406
437
377
287
407
501
377
411
438
437
437
407
436
435
436
406
410
533
407
347
317
376
407
464
435
408
406
618
347
405
816
436
405
437
535
317
467
410
377
437
433
467
406
437
704
288
407
346
503
376
286
496
465
765
436
316
347
407
344
378
615
346
926
466
376
436
437
435
405
435
377
468
466
496
468
466
435
640
321
347
317
406
434
404
550
438
407
408
436
649
408
347
467
438
407
374
465
317
438
346
407
465
560
404
288
435
407
407
377
287
504
315
441
345
496
437
376
437
378
257
405
377
436
526
414
377
436
437
597
385
411
287
377
436
438
376
526
470
378
288
345
501
435
486
581
347
407
375
410
406
441
474
347
466
374
377
1020
375
505
475
411
317
407
472
408
408
407
317
408
466
383
850
437
437
458
720
408
438
680
411
466
441
437
468
378
438
496
472
571
437
351
375
438
466
407
406
415
437
408
347
377
510
599
555
466
468
407
438
437
404
406
408
420
406
407
619
406
654
404
436
406
437
349
408
466
315
378
406
407
466
406
405
316
467
321
721
436
377
408
465
764
407
543
445
576
439
318
467
287
438
915
437
466
378
436
346
684
376
438
576
466
286
466
407
438
508
578
408
378
344
411
535
377
821
435
437
377
316
374
467
347
437
487
407
409
375
375
256
438
406
407
257
351
378
468
