211
172
205
172
267
187
175
85
183
175
197
124
180
167
181
166
158
191
182
155
123
131
151
186
176
114
156
145
175
245
169
161
136
241
178
158
166
177
210
172
174
158
145
166
215
150
184
146
118
282
222
133
120
182
155
181
295
137
158
196
146
165
200
194
228
215
102
158
151
138
196
148
109
142
249
157
185
143
169
171
107
193
195
137
168
223
182
128
165
190
121
88
163
191
114
181
151
203
188
186
87
225
155
134
139
154
200
195
191
181
144
153
152
202
206
121
143
206
143
164
150
154
177
116
171
126
198
185
167
132
194
129
244
232
156
181
148
203
191
151
146
169
194
166
194
212
192
152
171
139
109
177
147
143
182
251
197
131
184
204
138
159
222
159
222
177
152
192
170
182
150
176
83
181
122
153
149
174
208
123
247
144
187
195
148
222
179
171
288
226
136
160
147
170
185
197
150
197
152
141
141
212
163
148
164
98
155
158
161
139
189
181
154
166
182
137
160
180
131
183
218
175
216
167
160
156
166
125
176
154
156
222
179
133
157
160
156
195
153
197
181
154
152
163
177
177
211
123
130
201
213
123
174
124
157
193
157
129
143
158
162
181
175
88
219
224
228
175
174
140
194
224
174
161
116
190
169
139
133
194
171
134
163
175
294
171
141
150
131
127
195
182
164
149
143
134
177
144
168
167
220
222
175
146
184
192
198
179
178
113
169
119
127
192
154
146
181
206
257
187
167
190
209
168
167
174
219
173
192
175
152
111
187
206
147
138
148
224
165
131
162
173
188
181
181
164
162
193
180
156
144
152
148
214
194
193
192
214
176
182
208
154
194
257
180
136
261
85
194
187
156
208
134
235
175
133
189
160
191
150
181
131
224
163
136
187
188
198
210
173
110
150
142
169
113
141
220
189
113
188
181
152
179
193
223
168
178
164
122
132
136
145
154
196
264
192
177
185
150
123
187
178
158
176
208
208
161
145
134
162
161
205
194
114
193
144
154
166
206
225
122
114
251
188
177
173
184
177
206
184
246
212
265
157
294
197
131
150
118
128
137
131
149
146
90
207
107
209
224
159
139
183
256
160
144
204
178
149
234
179
239
166
197
145
189
251
168
198
206
135
164
213
146
150
143
134
125
165
135
150
217
186
210
238
232
145
193
176
178
162
189
102
190
161
136
172
180
170
223
116
120
150
148
164
169
189
143
163
112
135
175
154
230
169
118
226
274
155
118
219
143
193
189
170
182
224
139
216
107
142
196
178
223
165
169
150
198
202
186
204
191
174
160
173
222
280
148
217
186
128
212
200
181
128
187
192
183
160
158
169
128
147
180
168
140
103
183
214
174
180
141
145
138
201
114
237
242
153
136
205
253
142
185
97
207
169
186
204
138
199
153
215
149
128
180
171
153
221
211
135
143
134
202
152
222
177
181
168
205
180
199
149
191
161
180
114
146
135
173
179
221
174
204
214
159
160
144
144
177
218
171
136
133
317
178
196
175
205
235
206
196
145
194
160
164
139
142
147
196
134
103
211
261
176
172
185
166
207
182
125
166
136
215
137
87
129
218
104
193
189
167
136
176
240
157
171
181
118
134
157
152
192
149
163
162
134
188
233
177
152
191
132
191
175
94
143
169
159
204
345
133
174
185
153
144
189
207
180
211
157
154
175
110
120
209
192
202
140
190
159
167
144
145
132
205
147
133
110
158
230
98
193
197
242
182
167
207
139
178
164
141
142
154
290
120
171
150
169
181
192
187
133
197
158
184
190
174
169
167
168
147
145
140
162
311
172
177
143
197
149
155
188
118
254
185
135
166
134
179
154
164
152
185
135
197
207
150
148
212
131
187
185
137
260
182
159
189
124
157
171
145
181
162
103
172
162
199
151
146
210
171
115
145
151
168
129
109
177
96
213
164
188
267
127
133
187
95
262
205
177
163
185
115
191
243
210
184
134
189
145
176
138
152
170
154
210
175
155
146
178
109
176
134
246
130
139
140
157
223
227
131
157
155
136
126
142
196
192
155
178
218
130
164
259
118
179
165
178
182
252
170
168
184
208
197
164
153
144
196
202
175
123
194
154
179
152
191
131
183
188
149
203
142
145
112
146
134
265
229
184
186
211
162
127
272
161
167
134
167
128
237
190
149
130
160
177
146
203
169
192
215
175
218
128
164
242
207
267
137
144
145
125
205
217
206
194
141
192
163
238
141
120
209
185
162
186
128
133
193
201
143
160
200
199
147
157
182
212
189
135
165
138
156
130
178
188
169
221
110
142
470
527
298
415
500
491
318
341
541
501
317
167
295
387
593
357
307
437
158
281
227
351
338
568
371
398
445
309
529
297
738
340
483
570
445
188
580
425
350
200
323
436
255
659
282
334
386
476
313
565
542
607
363
225
257
334
378
224
641
288
463
326
393
334
367
543
286
642
754
542
318
399
323
239
603
455
427
309
319
483
364
522
670
531
311
387
619
300
479
385
600
436
417
448
611
406
207
312
408
381
415
354
225
516
742
465
331
296
582
607
309
706
560
176
489
552
311
407
296
605
400
427
254
493
516
354
473
416
570
396
463
251
557
361
355
372
385
275
359
287
400
402
417
235
452
242
511
366
540
353
613
296
405
407
353
528
780
472
348
278
357
366
603
498
474
371
496
615
461
300
394
671
461
380
312
412
545
271
538
385
314
450
346
543
358
327
192
282
715
371
316
401
381
358
359
413
406
596
670
345
376
650
298
162
509
261
491
264
484
598
554
490
456
227
497
359
332
332
664
320
436
492
522
527
527
525
390
421
551
586
622
404
544
394
413
322
445
439
203
433
362
514
330
370
478
418
560
472
253
446
591
486
552
642
235
262
570
413
403
299
620
290
364
351
566
650
517
383
525
164
245
215
314
400
721
514
461
232
309
534
326
374
672
623
427
441
733
548
520
321
312
927
408
439
352
459
554
435
258
424
436
443
827
302
608
278
377
338
315
420
298
278
354
450
417
382
621
312
369
570
418
290
391
355
451
556
551
408
365
346
571
330
384
261
674
355
494
668
434
307
314
344
449
562
393
307
316
351
486
378
381
332
381
458
496
325
305
397
341
205
347
539
390
423
363
294
343
221
370
434
489
499
333
484
335
651
364
607
286
255
611
334
407
433
350
509
516
356
554
438
330
653
595
655
431
266
341
276
366
585
738
329
560
313
389
237
451
585
283
274
243
411
228
414
307
509
470
448
245
363
540
334
511
401
472
604
587
278
401
389
449
448
437
596
396
458
564
290
481
677
444
355
488
408
447
240
354
451
510
405
621
475
511
316
445
385
393
468
436
354
288
493
536
354
449
266
410
699
426
296
342
366
855
634
412
315
304
363
598
353
574
451
453
447
447
602
389
491
383
683
347
448
320
464
234
537
569
722
359
468
489
624
717
521
442
315
512
359
310
389
608
420
401
358
415
439
423
396
323
409
318
537
428
717
442
437
560
388
380
321
390
668
430
261
293
563
542
298
315
445
573
569
351
449
420
428
396
391
470
304
381
391
639
615
480
297
638
489
393
425
223
293
408
328
501
456
443
405
366
300
405
521
627
465
507
787
405
340
201
610
234
486
474
592
416
512
434
499
199
428
348
606
451
530
246
462
487
337
229
627
594
226
585
457
459
403
512
464
307
485
475
400
357
246
457
572
414
350
352
418
418
316
293
325
332
293
508
485
518
203
394
481
685
342
382
295
325
453
401
592
285
436
393
533
330
379
314
295
337
451
505
479
513
712
478
569
426
299
543
356
267
539
380
388
330
276
519
206
476
389
441
468
584
342
380
272
364
403
334
515
546
458
468
452
252
313
437
597
616
236
602
362
588
475
554
626
408
354
234
423
544
456
544
457
330
561
271
431
368
342
692
202
354
259
386
227
579
311
484
657
424
368
451
404
357
235
366
637
696
385
720
201
321
341
527
313
446
454
546
313
520
337
212
456
412
545
343
268
517
566
403
487
517
557
489
537
331
270
401
176
327
381
291
633
231
612
720
401
547
455
456
389
372
376
423
318
415
327
360
316
377
380
214
473
746
565
344
349
380
482
312
530
384
413
395
249
305
302
418
470
460
497
369
392
473
460
422
577
392
264
357
353
547
517
388
452
373
243
381
318
651
293
355
465
329
584
261
420
381
547
485
227
375
193
404
415
305
633
361
352
615
569
409
245
322
511
399
454
205
561
723
483
343
171
518
334
343
359
309
368
345
432
541
513
504
446
517
340
340
477
783
397
369
486
356
193
175
491
412
487
258
433
379
463
497
364
708
373
316
301
599
405
274
529
280
418
518
417
236
496
301
401
304
320
344
349
321
476
362
434
398
370
551
413
459
505
404
515
458
586
528
403
440
340
548
624
304
561
519
344
327
500
368
592
630
520
510
451
359
288
658
688
394
407
228
488
458
442
550
254
353
377
409
540
420
309
264
356
376
424
448
361
522
685
429
297
403
592
393
580
321
295
662
604
562
589
425
606
570
348
359
310
502
323
453
482
511
524
497
411
429
316
222
372
528
512
268
398
421
333
120
226
131
95
137
95
124
236
185
263
91
81
152
105
232
105
88
195
82
116
117
218
165
114
209
216
194
191
132
100
263
243
155
105
164
61
232
181
140
90
111
318
81
327
132
171
208
118
196
113
181
331
112
100
85
105
202
204
255
137
187
77
136
100
121
264
183
294
299
236
144
123
116
63
181
148
128
170
105
105
195
150
169
136
160
149
110
106
216
115
286
123
105
172
229
127
97
222
130
171
323
90
98
212
286
95
153
87
191
218
143
245
195
54
163
187
185
172
102
213
265
154
87
300
178
155
153
231
200
245
142
179
205
104
127
144
136
91
194
46
199
159
140
170
127
132
216
146
254
132
372
132
243
238
181
119
191
208
132
76
208
235
102
126
95
85
209
249
118
150
101
160
268
174
197
93
126
71
147
204
110
170
194
209
79
231
48
163
209
122
197
136
104
154
176
225
109
176
261
137
125
209
212
76
182
165
221
83
159
259
207
298
219
81
181
141
190
91
267
185
218
140
218
342
167
96
202
201
176
155
218
139
96
155
147
220
271
215
80
158
171
128
134
87
200
101
231
131
166
231
222
123
273
138
77
81
151
238
105
163
233
148
163
214
244
232
185
105
181
86
94
91
180
132
197
200
236
145
193
105
98
207
110
212
137
199
323
158
285
152
144
296
154
185
118
262
249
182
90
105
136
81
359
90
218
158
130
195
127
330
99
109
159
115
179
243
312
103
127
204
163
89
76
190
207
204
172
131
208
180
214
192
136
119
181
255
328
250
162
100
131
185
233
159
167
163
109
113
157
180
131
149
194
190
189
135
204
88
100
81
176
281
105
271
205
234
171
82
170
141
190
208
151
263
242
232
183
92
109
112
282
126
172
217
225
113
177
124
231
150
171
196
109
237
318
172
159
87
154
96
119
122
168
81
189
140
115
191
139
144
105
253
71
172
140
163
203
209
140
140
150
126
168
234
255
211
217
136
226
303
241
232
168
324
217
191
186
117
282
299
157
110
146
235
109
143
101
82
176
104
213
186
140
172
91
179
262
252
287
167
185
166
300
172
141
108
244
290
212
137
167
195
182
214
109
91
186
126
196
158
217
182
115
190
236
188
194
91
170
195
202
226
123
239
82
223
196
255
159
227
86
155
114
150
205
219
212
105
114
139
201
262
234
106
244
92
227
199
149
163
111
224
223
251
115
152
137
231
279
117
108
191
176
149
128
194
173
174
117
190
228
167
181
266
232
176
227
169
160
87
208
154
137
278
186
128
132
144
203
232
96
155
96
166
101
179
239
98
153
131
209
158
259
168
199
344
80
171
125
228
169
139
149
91
140
259
199
210
90
203
234
269
187
208
116
128
259
133
110
208
132
119
199
149
236
194
216
120
176
255
154
171
87
112
108
286
213
132
163
245
234
108
121
126
75
150
167
172
96
120
131
258
262
163
136
145
170
97
176
132
135
187
199
92
206
103
108
105
225
150
181
205
268
259
204
115
222
113
295
131
144
257
100
254
172
92
119
96
182
83
254
110
163
208
187
116
167
260
239
146
92
204
212
260
134
156
96
309
187
91
238
157
273
236
146
250
158
216
172
181
237
253
293
212
117
250
74
270
250
247
177
116
203
82
99
164
132
86
133
151
216
164
123
153
77
56
190
240
119
171
240
128
165
145
200
163
110
200
231
85
282
109
54
159
96
282
153
197
245
141
173
105
225
96
105
105
90
153
223
71
172
202
154
246
153
254
296
87
133
276
248
223
152
225
91
81
235
139
176
76
204
195
128
212
160
209
150
248
105
153
140
153
236
88
167
91
131
72
132
164
302
105
101
283
153
208
234
234
168
162
90
118
191
181
185
92
127
110
207
153
195
108
105
193
164
168
122
285
95
226
128
117
223
125
131
263
188
194
207
86
204
101
155
100
126
114
171
144
87
276
263
181
118
92
163
86
203
156
146
206
154
277
182
174
108
233
141
91
156
284
303
207
109
189
260
60
81
298
72
145
104
131
120
191
280
93
309
191
197
127
262
233
86
119
95
191
132
127
149
246
66
92
76
136
107
104
107
180
147
57
241
234
267
271
102
232
132
276
127
177
209
203
289
236
119
205
154
156
119
185
159
206
179
323
178
145
91
191
76
178
168
305
186
262
138
158
135
123
137
157
98
227
206
191
202
163
113
94
195
160
212
159
287
191
241
162
162
330
189
105
133
171
203
316
151
223
278
247
213
127
164
136
136
204
316
114
199
172
114
208
143
181
126
216
102
185
105
168
210
188
211
172
205
172
267
187
175
85
183
175
197
124
180
167
181
166
158
191
182
155
123
131
151
186
176
114
156
145
175
245
169
161
136
241
178
158
166
177
210
172
174
158
145
166
215
150
184
146
118
282
222
133
120
182
155
181
295
137
158
196
146
165
200
194
228
215
102
158
151
138
196
148
109
142
249
157
185
143
169
171
107
193
195
137
168
223
182
128
165
190
121
88
163
191
114
181
151
203
188
186
87
225
155
134
139
154
200
195
191
181
144
153
152
202
206
121
143
206
143
164
150
154
177
116
171
126
198
185
167
132
194
129
244
232
156
181
148
203
191
151
146
169
194
166
194
212
192
152
171
139
109
177
147
143
182
251
197
131
184
204
138
159
222
159
222
177
152
192
170
182
150
176
83
181
122
153
149
174
208
123
247
144
187
195
148
222
179
171
288
226
136
160
147
170
185
197
150
197
152
141
141
212
163
148
164
98
155
158
161
139
189
181
154
166
182
137
160
180
131
183
218
175
216
167
160
156
166
125
176
154
156
222
179
133
157
160
156
195
153
197
181
154
152
163
177
177
211
123
130
201
213
123
174
124
157
193
157
129
143
158
162
181
175
88
219
224
228
175
174
140
194
224
174
161
116
190
169
139
133
194
171
134
163
175
294
171
141
150
131
127
195
182
164
149
143
134
177
144
168
167
220
222
175
146
184
192
198
179
178
113
169
119
127
192
154
146
181
206
257
187
167
190
209
168
167
174
219
173
192
175
152
111
187
206
147
138
148
224
165
131
162
173
188
181
181
164
162
193
180
156
144
152
148
214
194
193
192
214
176
182
208
154
194
257
180
136
261
85
194
187
156
208
134
235
175
133
189
160
191
150
181
131
224
163
136
187
188
198
210
173
110
150
142
169
113
141
220
189
113
188
181
152
179
193
223
168
178
164
122
132
136
145
154
196
264
192
177
185
150
123
187
178
158
176
208
208
161
145
134
162
161
205
194
114
193
144
154
166
206
225
122
114
251
188
177
173
184
177
206
184
246
212
265
157
294
197
131
150
118
128
137
131
149
146
90
207
107
209
224
159
139
183
256
160
144
204
178
149
234
179
239
166
197
145
189
251
168
198
206
135
164
213
146
150
143
134
125
165
135
150
217
186
210
238
232
145
193
176
178
162
189
102
190
161
136
172
180
170
223
116
120
150
148
164
169
189
143
163
112
135
175
154
230
169
118
226
274
155
118
219
143
193
189
170
182
224
139
216
107
142
196
178
223
165
169
150
198
202
186
204
191
174
160
173
222
280
148
217
186
128
212
200
181
128
187
192
183
160
158
169
128
147
180
168
140
103
183
214
174
180
141
145
138
201
114
237
242
153
136
205
253
142
185
97
207
169
186
204
138
199
153
215
149
128
180
171
153
221
211
135
143
134
202
152
222
177
181
168
205
180
199
149
191
161
180
114
146
135
173
179
221
174
204
214
159
160
144
144
177
218
171
136
133
317
178
196
175
205
235
206
196
145
194
160
164
139
142
147
196
134
103
211
261
176
172
185
166
207
182
125
166
136
215
137
87
129
218
104
193
189
167
136
176
240
157
171
181
118
134
157
152
192
149
163
162
134
188
233
177
152
191
132
191
175
94
143
169
159
204
345
133
174
185
153
144
189
207
180
211
157
154
175
110
120
209
192
202
140
190
159
167
144
145
132
205
147
133
110
158
230
98
193
197
242
182
167
207
139
178
164
141
142
154
290
120
171
150
169
181
192
187
133
197
158
184
190
174
169
167
168
147
145
140
162
311
172
177
143
197
149
155
188
118
254
185
135
166
134
179
154
164
152
185
135
197
207
150
148
212
131
187
185
137
260
182
159
189
124
157
171
145
181
162
103
172
162
199
151
146
210
171
115
145
151
168
129
109
177
96
213
164
188
267
127
133
187
95
262
205
177
163
185
115
191
243
210
184
134
189
145
176
138
152
170
154
210
175
155
146
178
109
176
134
246
130
139
140
157
223
227
131
157
155
136
126
142
196
192
155
178
218
130
164
259
118
179
165
178
182
252
170
168
184
208
197
164
153
144
196
202
175
123
194
154
179
152
191
131
183
188
149
203
142
145
112
146
134
265
229
184
186
211
162
127
272
161
167
134
167
128
237
190
149
130
160
177
146
203
169
192
215
175
218
128
164
242
207
267
137
144
145
125
205
217
206
194
141
192
163
238
141
120
209
185
162
186
128
133
193
201
143
160
200
199
147
157
182
212
189
135
165
138
156
130
178
188
169
221
110
142
470
527
298
415
500
491
318
341
541
501
317
167
295
387
593
357
307
437
158
281
227
351
338
568
371
398
445
309
529
297
738
340
483
570
445
188
580
425
350
200
323
436
255
659
282
334
386
476
313
565
542
607
363
225
257
334
378
224
641
288
463
326
393
334
367
543
286
642
754
542
318
399
323
239
603
455
427
309
319
483
364
522
670
531
311
387
619
300
479
385
600
436
417
448
611
406
207
312
408
381
415
354
225
516
742
465
331
296
582
607
309
706
560
176
489
552
311
407
296
605
400
427
254
493
516
354
473
416
570
396
463
251
557
361
355
372
385
275
359
287
400
402
417
235
452
242
511
366
540
353
613
296
405
407
353
528
780
472
348
278
357
366
603
498
474
371
496
615
461
300
394
671
461
380
312
412
545
271
538
385
314
450
346
543
358
327
192
282
715
371
316
401
381
358
359
413
406
596
670
345
376
650
298
162
509
261
491
264
484
598
554
490
456
227
497
359
332
332
664
320
436
492
522
527
527
525
390
421
551
586
622
404
544
394
413
322
445
439
203
433
362
514
330
370
478
418
560
472
253
446
591
486
552
642
235
262
570
413
403
299
620
290
364
351
566
650
517
383
525
164
245
215
314
400
721
514
461
232
309
534
326
374
672
623
427
441
733
548
520
321
312
927
408
439
352
459
554
435
258
424
436
443
827
302
608
278
377
338
315
420
298
278
354
450
417
382
621
312
369
570
418
290
391
355
451
556
551
408
365
346
571
330
384
261
674
355
494
668
434
307
314
344
449
562
393
307
316
351
486
378
381
332
381
458
496
325
305
397
341
205
347
539
390
423
363
294
343
221
370
434
489
499
333
484
335
651
364
607
286
255
611
334
407
433
350
509
516
356
554
438
330
653
595
655
431
266
341
276
366
585
738
329
560
313
389
237
451
585
283
274
243
411
228
414
307
509
470
448
245
363
540
334
511
401
472
604
587
278
401
389
449
448
437
596
396
458
564
290
481
677
444
355
488
408
447
240
354
451
510
405
621
475
511
316
445
385
393
468
436
354
288
493
536
354
449
266
410
699
426
296
342
366
855
634
412
315
304
363
598
353
574
451
453
447
447
602
389
491
383
683
347
448
320
464
234
537
569
722
359
468
489
624
717
521
442
315
512
359
310
389
608
420
401
358
415
439
423
396
323
409
318
537
428
717
442
437
560
388
380
321
390
668
430
261
293
563
542
298
315
445
573
569
351
449
420
428
396
391
470
304
381
391
639
615
480
297
638
489
393
425
223
293
408
328
501
456
443
405
366
300
405
521
627
465
507
787
405
340
201
610
234
486
474
592
416
512
434
499
199
428
348
606
451
530
246
462
487
337
229
627
594
226
585
457
459
403
512
464
307
485
475
400
357
246
457
572
414
350
352
418
418
316
293
325
332
293
508
485
518
203
394
481
685
342
382
295
325
453
401
592
285
436
393
533
330
379
314
295
337
451
505
479
513
712
478
569
426
299
543
356
267
539
380
388
330
276
519
206
476
389
441
468
584
342
380
272
364
403
334
515
546
458
468
452
252
313
437
597
616
236
602
362
588
475
554
626
408
354
234
423
544
456
544
457
330
561
271
431
368
342
692
202
354
259
386
227
579
311
484
657
424
368
451
404
357
235
366
637
696
385
720
201
321
341
527
313
446
454
546
313
520
337
212
456
412
545
343
268
517
566
403
487
517
557
489
537
331
270
401
176
327
381
291
633
231
612
720
401
547
455
456
389
372
376
423
318
415
327
360
316
377
380
214
473
746
565
344
349
380
482
312
530
384
413
395
249
305
302
418
470
460
497
369
392
473
460
422
577
392
264
357
353
547
517
388
452
373
243
381
318
651
293
355
465
329
584
261
420
381
547
485
227
375
193
404
415
305
633
361
352
615
569
409
245
322
511
399
454
205
561
723
483
343
171
518
334
343
359
309
368
345
432
541
513
504
446
517
340
340
477
783
397
369
486
356
193
175
491
412
487
258
433
379
463
497
364
708
373
316
301
599
405
274
529
280
418
518
417
236
496
301
401
304
320
344
349
321
476
362
434
398
370
551
413
459
505
404
515
458
586
528
403
440
340
548
624
304
561
519
344
327
500
368
592
630
520
510
451
359
288
658
688
394
407
228
488
458
442
550
254
353
377
409
540
420
309
264
356
376
424
448
361
522
685
429
297
403
592
393
580
321
295
662
604
562
589
425
606
570
348
359
310
502
323
453
482
511
524
497
411
429
316
222
372
528
512
268
398
421
333
120
226
131
95
137
95
124
236
185
263
91
81
152
105
232
105
88
195
82
116
117
218
165
114
209
216
194
191
132
100
263
243
155
105
164
61
232
181
140
90
111
318
81
327
132
171
208
118
196
113
181
331
112
100
85
105
202
204
255
137
187
77
136
100
121
264
183
294
299
236
144
123
116
63
181
148
128
170
105
105
195
150
169
136
160
149
110
106
216
115
286
123
105
172
229
127
97
222
130
171
323
90
98
212
286
95
153
87
191
218
143
245
195
54
163
187
185
172
102
213
265
154
87
300
178
155
153
231
200
245
142
179
205
104
127
144
136
91
194
46
199
159
140
170
127
132
216
146
254
132
372
132
243
238
181
119
191
208
132
76
208
235
102
126
95
85
209
249
118
150
101
160
268
174
197
93
126
71
147
204
110
170
194
209
79
231
48
163
209
122
197
136
104
154
176
225
109
176
261
137
125
209
212
76
182
165
221
83
159
259
207
298
219
81
181
141
190
91
267
185
218
140
218
342
167
96
202
201
176
155
218
139
96
155
147
220
271
215
80
158
171
128
134
87
200
101
231
131
166
231
222
123
273
138
77
81
151
238
105
163
233
148
163
214
244
232
185
105
181
86
94
91
180
132
197
200
236
145
193
105
98
207
110
212
137
199
323
158
285
152
144
296
154
185
118
262
249
182
90
105
136
81
359
90
218
158
130
195
127
330
99
109
159
115
179
243
312
103
127
204
163
89
76
190
207
204
172
131
208
180
214
192
136
119
181
255
328
250
162
100
131
185
233
159
167
163
109
113
157
180
131
149
194
190
189
135
204
88
100
81
176
281
105
271
205
234
171
82
170
141
190
208
151
263
242
232
183
92
109
112
282
126
172
217
225
113
177
124
231
150
171
196
109
237
318
172
159
87
154
96
119
122
168
81
189
140
115
191
139
144
105
253
71
172
140
163
203
209
140
140
150
126
168
234
255
211
217
136
226
303
241
232
168
324
217
191
186
117
282
299
157
110
146
235
109
143
101
82
176
104
213
186
140
172
91
179
262
252
287
167
185
166
300
172
141
108
244
290
212
137
167
195
182
214
109
91
186
126
196
158
217
182
115
190
236
188
194
91
170
195
202
226
123
239
82
223
196
255
159
227
86
155
114
150
205
219
212
105
114
139
201
262
234
106
244
92
227
199
149
163
111
224
223
251
115
152
137
231
279
117
108
191
176
149
128
194
173
174
117
190
228
167
181
266
232
176
227
169
160
87
208
154
137
278
186
128
132
144
203
232
96
155
96
166
101
179
239
98
153
131
209
158
259
168
199
344
80
171
125
228
169
139
149
91
140
259
199
210
90
203
234
269
187
208
116
128
259
133
110
208
132
119
199
149
236
194
216
120
176
255
154
171
87
112
108
286
213
132
163
245
234
108
121
126
75
150
167
172
96
120
131
258
262
163
136
145
170
97
176
132
135
187
199
92
206
103
108
105
225
150
181
205
268
259
204
115
222
113
295
131
144
257
100
254
172
92
119
96
182
83
254
110
163
208
187
116
167
260
239
146
92
204
212
260
134
156
96
309
187
91
238
157
273
236
146
250
158
216
172
181
237
253
293
212
117
250
74
270
250
247
177
116
203
82
99
164
132
86
133
151
216
164
123
153
77
56
190
240
119
171
240
128
165
145
200
163
110
200
231
85
282
109
54
159
96
282
153
197
245
141
173
105
225
96
105
105
90
153
223
71
172
202
154
246
153
254
296
87
133
276
248
223
152
225
91
81
235
139
176
76
204
195
128
212
160
209
150
248
105
153
140
153
236
88
167
91
131
72
132
164
302
105
101
283
153
208
234
234
168
162
90
118
191
181
185
92
127
110
207
153
195
108
105
193
164
168
122
285
95
226
128
117
223
125
131
263
188
194
207
86
204
101
155
100
126
114
171
144
87
276
263
181
118
92
163
86
203
156
146
206
154
277
182
174
108
233
141
91
156
284
303
207
109
189
260
60
81
298
72
145
104
131
120
191
280
93
309
191
197
127
262
233
86
119
95
191
132
127
149
246
66
92
76
136
107
104
107
180
147
57
241
234
267
271
102
232
132
276
127
177
209
203
289
236
119
205
154
156
119
185
159
206
179
323
178
145
91
191
76
178
168
305
186
262
138
158
135
123
137
157
98
227
206
191
202
163
113
94
195
160
212
159
287
191
241
162
162
330
189
105
133
171
203
316
151
223
278
247
213
127
164
136
136
204
316
114
199
172
114
208
143
181
126
216
102
185
105
168
210
188
120
226
131
95
137
95
124
236
185
263
91
81
152
105
232
105
88
195
82
116
117
218
165
114
209
216
194
191
132
100
263
243
155
105
164
61
232
181
140
90
111
318
81
327
132
171
208
118
196
113
181
331
112
100
85
105
202
204
255
137
187
77
136
100
121
264
183
294
299
236
144
123
116
63
181
148
128
170
105
105
195
150
169
136
160
149
110
106
216
115
286
123
105
172
229
127
97
222
130
171
323
90
98
212
286
95
153
87
191
218
143
245
195
54
163
187
185
172
102
213
265
154
87
300
178
155
153
231
200
245
142
179
205
104
127
144
136
91
194
46
199
159
140
170
127
132
216
146
254
132
372
132
243
238
181
119
191
208
132
76
208
235
102
126
95
85
209
249
118
150
101
160
268
174
197
93
126
71
147
204
110
170
194
209
79
231
48
163
209
122
197
136
104
154
176
225
109
176
261
137
125
209
212
76
182
165
221
83
159
259
207
298
219
81
181
141
190
91
267
185
218
140
218
342
167
96
202
201
176
155
218
139
96
155
147
220
271
215
80
158
171
128
134
87
200
101
231
131
166
231
222
123
273
138
77
81
151
238
105
163
233
148
163
214
244
232
185
105
181
86
94
91
180
132
197
200
236
145
193
105
98
207
110
212
137
199
323
158
285
152
144
296
154
185
118
262
249
182
90
105
136
81
359
90
218
158
130
195
127
330
99
109
159
115
179
243
312
103
127
204
163
89
76
190
207
204
172
131
208
180
214
192
136
119
181
255
328
250
162
100
131
185
233
159
167
163
109
113
157
180
131
149
194
190
189
135
204
88
100
81
176
281
105
271
205
234
171
82
170
141
190
208
151
263
242
232
183
92
109
112
282
126
172
217
225
113
177
124
231
150
171
196
109
237
318
172
159
87
154
96
119
122
168
81
189
140
115
191
139
144
105
253
71
172
140
163
203
209
140
140
150
126
168
234
255
211
217
136
226
303
241
232
168
324
217
191
186
117
282
299
157
110
146
235
109
143
101
82
176
104
213
186
140
172
91
179
262
252
287
167
185
166
300
172
141
108
244
290
212
137
167
195
182
214
109
91
186
126
196
158
217
182
115
190
236
188
194
91
170
195
202
226
123
239
82
223
196
255
159
227
86
155
114
150
205
219
212
105
114
139
201
262
234
106
244
92
227
199
149
163
111
224
223
251
115
152
137
231
279
117
108
191
176
149
128
194
173
174
117
190
228
167
181
266
232
176
227
169
160
87
208
154
137
278
186
128
132
144
203
232
96
155
96
166
101
179
239
98
153
131
209
158
259
168
199
344
80
171
125
228
169
139
149
91
140
259
199
210
90
203
234
269
187
208
116
128
259
133
110
208
132
119
199
149
236
194
216
120
176
255
154
171
87
112
108
286
213
132
163
245
234
108
121
126
75
150
167
172
96
120
131
258
262
163
136
145
170
97
176
132
135
187
199
92
206
103
108
105
225
150
181
205
268
259
204
115
222
113
295
131
144
257
100
254
172
92
119
96
182
83
254
110
163
208
187
116
167
260
239
146
92
204
212
260
134
156
96
309
187
91
238
157
273
236
146
250
158
216
172
181
237
253
293
212
117
250
74
270
250
247
177
116
203
82
99
164
132
86
133
151
216
164
123
153
77
56
190
240
119
171
240
128
165
145
200
163
110
200
231
85
282
109
54
159
96
282
153
197
245
141
173
105
225
96
105
105
90
153
223
71
172
202
154
246
153
254
296
87
133
276
248
223
152
225
91
81
235
139
176
76
204
195
128
212
160
209
150
248
105
153
140
153
236
88
167
91
131
72
132
164
302
105
101
283
153
208
234
234
168
162
90
118
191
181
185
92
127
110
207
153
195
108
105
193
164
168
122
285
95
226
128
117
223
125
131
263
188
194
207
86
204
101
155
100
126
114
171
144
87
276
263
181
118
92
163
86
203
156
146
206
154
277
182
174
108
233
141
91
156
284
303
207
109
189
260
60
81
298
72
145
104
131
120
191
280
93
309
191
197
127
262
233
86
119
95
191
132
127
149
246
66
92
76
136
107
104
107
180
147
57
241
234
267
271
102
232
132
276
127
177
209
203
289
236
119
205
154
156
119
185
159
206
179
323
178
145
91
191
76
178
168
305
186
262
138
158
135
123
137
157
98
227
206
191
202
163
113
94
195
160
212
159
287
191
241
162
162
330
189
105
133
171
203
316
151
223
278
247
213
127
164
136
136
204
316
114
199
172
114
208
143
181
126
216
102
185
105
168
210
188
120
226
131
95
137
95
124
236
185
263
91
81
152
105
232
105
88
195
82
116
117
218
165
114
209
216
194
191
132
100
263
243
155
105
164
61
232
181
140
90
111
318
81
327
132
171
208
118
196
113
181
331
112
100
85
105
202
204
255
137
187
77
136
100
121
264
183
294
299
236
144
123
116
63
181
148
128
170
105
105
195
150
169
136
160
149
110
106
216
115
286
123
105
172
229
127
97
222
130
171
323
90
98
212
286
95
153
87
191
218
143
245
195
54
163
187
185
172
102
213
265
154
87
300
178
155
153
231
200
245
142
179
205
104
127
144
136
91
194
46
199
159
140
170
127
132
216
146
254
132
372
132
243
238
181
119
191
208
132
76
208
235
102
126
95
85
209
249
118
150
101
160
268
174
197
93
126
71
147
204
110
170
194
209
79
231
48
163
209
122
197
136
104
154
176
225
109
176
261
137
125
209
212
76
182
165
221
83
159
259
207
298
219
81
181
141
190
91
267
185
218
140
218
342
167
96
202
201
176
155
218
139
96
155
147
220
271
215
80
158
171
128
134
87
200
101
231
131
166
231
222
123
273
138
77
81
151
238
105
163
233
148
163
214
244
232
185
105
181
86
94
91
180
132
197
200
236
145
193
105
98
207
110
212
137
199
323
158
285
152
144
296
154
185
118
262
249
182
90
105
136
81
359
90
218
158
130
195
127
330
99
109
159
115
179
243
312
103
127
204
163
89
76
190
207
204
172
131
208
180
214
192
136
119
181
255
328
250
162
100
131
185
233
159
167
163
109
113
157
180
131
149
194
190
189
135
204
88
100
81
176
281
105
271
205
234
171
82
170
141
190
208
151
263
242
232
183
92
109
112
282
126
172
217
225
113
177
124
231
150
171
196
109
237
318
172
159
87
154
96
119
122
168
81
189
140
115
191
139
144
105
253
71
172
140
163
203
209
140
140
150
126
168
234
255
211
217
136
226
303
241
232
168
324
217
191
186
117
282
299
157
110
146
235
109
143
101
82
176
104
213
186
140
172
91
179
262
252
287
167
185
166
300
172
141
108
244
290
212
137
167
195
182
214
109
91
186
126
196
158
217
182
115
190
236
188
194
91
170
195
202
226
123
239
82
223
196
255
159
227
86
155
114
150
205
219
212
105
114
139
201
262
234
106
244
92
227
199
149
163
111
224
223
251
115
152
137
231
279
117
108
191
176
149
128
194
173
174
117
190
228
167
181
266
232
176
227
169
160
87
208
154
137
278
186
128
132
144
203
232
96
155
96
166
101
179
239
98
153
131
209
158
259
168
199
344
80
171
125
228
169
139
149
91
140
259
199
210
90
203
234
269
187
208
116
128
259
133
110
208
132
119
199
149
236
194
216
120
176
255
154
171
87
112
108
286
213
132
163
245
234
108
121
126
75
150
167
172
96
120
131
258
262
163
136
145
170
97
176
132
135
187
199
92
206
103
108
105
225
150
181
205
268
259
204
115
222
113
295
131
144
257
100
254
172
92
119
96
182
83
254
110
163
208
187
116
167
260
239
146
92
204
212
260
134
156
96
309
187
91
238
157
273
236
146
250
158
216
172
181
237
253
293
212
117
250
74
270
250
247
177
116
203
82
99
164
132
86
133
151
216
164
123
153
77
56
190
240
119
171
240
128
165
145
200
163
110
200
231
85
282
109
54
159
96
282
153
197
245
141
173
105
225
96
105
105
90
153
223
71
172
202
154
246
153
254
296
87
133
276
248
223
152
225
91
81
235
139
176
76
204
195
128
212
160
209
150
248
105
153
140
153
236
88
167
91
131
72
132
164
302
105
101
283
153
208
234
234
168
162
90
118
191
181
185
92
127
110
207
153
195
108
105
193
164
168
122
285
95
226
128
117
223
125
131
263
188
194
207
86
204
101
155
100
126
114
171
144
87
276
263
181
118
92
163
86
203
156
146
206
154
277
182
174
108
233
141
91
156
284
303
207
109
189
260
60
81
298
72
145
104
131
120
191
280
93
309
191
197
127
262
233
86
119
95
191
132
127
149
246
66
92
76
136
107
104
107
180
147
57
241
234
267
271
102
232
132
276
127
177
209
203
289
236
119
205
154
156
119
185
159
206
179
323
178
145
91
191
76
178
168
305
186
262
138
158
135
123
137
157
98
227
206
191
202
163
113
94
195
160
212
159
287
191
241
162
162
330
189
105
133
171
203
316
151
223
278
247
213
127
164
136
136
204
316
114
199
172
114
208
143
181
126
216
102
185
105
168
210
188
